4.824780833000000269e-02 5.937229963985858616e-03
8.684605500000000533e-02 1.057906429946571178e-02
1.254443017000000105e-01 1.532884827065439902e-02
1.640425483000000073e-01 1.943093442759008180e-02
1.833416716999999863e-01 2.158992714176675987e-02
2.219399183000000109e-01 2.612381184153777722e-02
2.605381649999999882e-01 3.152129362697946718e-02
2.798372882999999867e-01 3.324848779832080548e-02
2.991364116999999934e-01 3.670287614100348900e-02
3.184355349999999918e-01 3.821417104092716260e-02
3.377346582999999902e-01 4.058906302652150189e-02
3.570337816999999969e-01 4.382755209778652072e-02
3.763329049999999953e-01 4.436730027633068590e-02
3.956320282999999938e-01 4.825348716184870573e-02
4.149311517000000005e-01 5.073632878315188083e-02
4.342302749999999989e-01 5.138402659740488876e-02
4.535293982999999973e-01 5.613381056859356733e-02
4.728285217000000040e-01 5.872460182560557823e-02
4.921276450000000025e-01 6.001999745411158022e-02
5.114267683000000009e-01 6.228693980399709756e-02
5.307258916999999521e-01 6.476978142530026572e-02
5.500250150000000060e-01 6.908776685365362880e-02
5.693241382999999489e-01 7.059906175357728852e-02
5.886232617000000111e-01 7.426934936767765061e-02
6.079223849999999540e-01 7.599654353901898196e-02
6.272215083000000080e-01 8.031452896737233116e-02
6.465206316999999592e-01 8.096222678162534603e-02
6.658197550000000131e-01 8.506431293856102360e-02
6.851188782999999560e-01 8.635970856706703946e-02
7.044180017000000182e-01 9.046179472400271704e-02
7.237171249999999612e-01 9.305258598101473488e-02
7.430162483000000151e-01 9.564337723802673885e-02
7.623153716999999663e-01 9.845006776645641444e-02
7.816144950000000202e-01 1.010408590234684184e-01
8.009136182999999631e-01 1.038475495518981079e-01
8.202127417000000253e-01 1.075178371659984422e-01
8.395118649999999683e-01 1.105404269658457894e-01
8.588109883000000222e-01 1.131312182228578211e-01
8.781101116999999734e-01 1.172333043797934848e-01
8.974092350000000273e-01 1.200399949082231604e-01
9.167083582999999702e-01 1.228466854366528360e-01
9.360074817000000325e-01 1.271646708650062130e-01
9.553066049999999754e-01 1.308349584791065612e-01
9.746057283000000293e-01 1.340734475503715661e-01
9.939048516999999805e-01 1.373119366216365711e-01
1.013203974999999923e+00 1.401186271500662606e-01
1.032503098000000064e+00 1.450843103926726108e-01
1.051802222000000064e+00 1.465956052925962982e-01
1.071101344999999982e+00 1.515612885352026484e-01
1.090400467999999901e+00 1.556633746921383121e-01
1.109699591999999901e+00 1.580382666777326583e-01
1.128998715000000042e+00 1.636516477345920095e-01
1.148297837999999960e+00 1.681855324343630442e-01
1.167596961999999960e+00 1.718558200484633924e-01
1.186896085000000101e+00 1.768215032910697426e-01
1.206195208000000019e+00 1.820030858050937783e-01
1.225494332000000020e+00 1.849177259692322828e-01
1.244793454999999938e+00 1.904231573903827912e-01
1.264092578000000078e+00 1.953888406329891692e-01
1.283391702000000079e+00 1.998147756970513333e-01
1.302690824999999997e+00 2.038089122182781820e-01
1.321989947999999915e+00 2.102858903608082197e-01
1.341289071999999916e+00 2.156833721462499409e-01
1.360588195000000056e+00 2.184900626746796026e-01
1.379887317999999974e+00 2.264783357171333000e-01
1.399186441999999975e+00 2.324155656811191517e-01
1.418485564999999893e+00 2.373812489237255019e-01
1.437784688000000033e+00 2.448297737876350411e-01
1.457083812000000034e+00 2.521703490158357375e-01
1.476382934999999952e+00 2.575678308012774309e-01
1.495682058000000092e+00 2.665276505651106298e-01
1.514981182000000093e+00 2.699820389077933203e-01
1.534280305000000011e+00 2.802372543001325211e-01
1.553579427999999929e+00 2.876857791640420325e-01
1.572878551999999930e+00 2.972932967421282324e-01
1.592177675000000070e+00 3.008556347205197934e-01
1.611476797999999988e+00 3.161844829911741872e-01
1.630775921999999989e+00 3.236330078550836986e-01
1.650075044999999907e+00 3.308656334475755800e-01
1.669374168000000047e+00 3.399334028471175939e-01
1.688673292000000048e+00 3.507283664180009808e-01
1.707972414999999966e+00 3.630346248888080551e-01
1.727271538000000106e+00 3.742613870025267575e-01
1.746570662000000107e+00 3.839768542163217724e-01
1.765869785000000025e+00 3.985500550370143502e-01
1.785168907999999943e+00 4.113960616863656106e-01
1.804468031999999944e+00 4.252136150570962614e-01
1.823767155000000084e+00 4.390311684278270787e-01
1.843066278000000002e+00 4.578144050411641075e-01
1.862365402000000003e+00 4.761658431116658208e-01
1.881664524999999921e+00 4.933298351893704581e-01
1.900963648000000061e+00 5.112494747170367448e-01
1.920262772000000062e+00 5.300327113303738846e-01
1.939561894999999980e+00 5.557247246290762943e-01
1.958861017999999898e+00 5.796895437564374420e-01
1.978160141999999899e+00 6.116426359262522316e-01
1.997459265000000039e+00 6.416526346533080183e-01
2.016758387999999957e+00 6.775998633443496288e-01
2.036057512000000180e+00 7.080416606142407865e-01
2.055356634999999876e+00 7.549997521475835249e-01
2.074655758000000016e+00 8.017419444095085224e-01
2.093954881999999795e+00 8.503192804784838188e-01
2.113254004999999935e+00 9.141175151824044720e-01
2.132553128000000076e+00 9.842847783931464312e-01
2.151852251999999854e+00 1.070104738781669340e+00
2.171151374999999994e+00 1.170497899990884827e+00
2.190450498000000135e+00 1.306622390619724294e+00
2.209749621999999913e+00 1.461530117861900679e+00
2.229048745000000054e+00 1.695025179900108148e+00
2.248347868000000194e+00 2.025135165897721912e+00
2.267646991999999972e+00 2.526885072672381494e+00
2.286946115000000113e+00 3.581553013547687403e+00
2.306245237999999809e+00 7.787810568942395761e+00
