

















18 0 0 18 18 0 1 16 18 0 2 14 18 0 3 13 18 0 4 11 18 0 5 10 18 0 6 9 18 0 7 7 18 0 9 6 18 0 10 5 18 0 11 4 18 0 13 3 18 0 14 2 18 0 16 1 18 0 18 0 18 1 0 20 18 1 1 18 18 1 2 16 18 1 3 15 18 1 4 13 18 1 5 12 18 1 6 11 18 1 7 9 18 1 9 7 18 1 11 6 18 1 12 5 18 1 13 4 18 1 15 3 18 1 16 2 18 1 18 1 18 1 20 0 18 2 0 22 18 2 1 20 18 2 2 18 18 2 3 17 18 2 4 15 18 2 5 14 18 2 6 13 18 2 7 11 18 2 8 10 18 2 9 9 18 2 10 8 18 2 11 7 18 2 13 6 18 2 14 5 18 2 15 4 18 2 17 3 18 2 18 2 18 2 20 1 18 2 22 0 18 3 0 23 18 3 1 21 18 3 2 19 18 3 3 18 18 3 4 16 18 3 5 15 18 3 6 14 18 3 7 12 18 3 8 11 18 3 9 10 18 3 10 9 18 3 11 8 18 3 12 7 18 3 14 6 18 3 15 5 18 3 16 4 18 3 18 3 18 3 19 2 18 3 21 1 18 3 23 0 18 4 0 25 18 4 1 23 18 4 2 21 18 4 3 20 18 4 4 18 18 4 5 17 18 4 6 16 18 4 7 14 18 4 8 13 18 4 9 12 18 4 10 11 18 4 11 10 18 4 12 9 18 4 13 8 18 4 14 7 18 4 16 6 18 4 17 5 18 4 18 4 18 4 20 3 18 4 21 2 18 4 23 1 18 4 25 0 18 5 0 26 18 5 1 24 18 5 2 22 18 5 3 21 18 5 4 19 18 5 5 18 18 5 6 17 18 5 7 15 18 5 8 14 18 5 9 13 18 5 10 12 18 5 11 11 18 5 12 10 18 5 13 9 18 5 14 8 18 5 15 7 18 5 17 6 18 5 18 5 18 5 19 4 18 5 21 3 18 5 22 2 18 5 24 1 18 5 26 0 18 6 0 27 18 6 1 25 18 6 2 23 18 6 3 22 18 6 4 20 18 6 5 19 18 6 6 18 18 6 7 16 18 6 8 15 18 6 9 14 18 6 10 13 18 6 11 12 18 6 12 11 18 6 13 10 18 6 14 9 18 6 15 8 18 6 16 7 18 6 18 6 18 6 19 5 18 6 20 4 18 6 22 3 18 6 23 2 18 6 25 1 18 6 27 0 18 7 1 27 18 7 2 25 18 7 3 24 18 7 4 22 18 7 5 21 18 7 6 20 18 7 7 18 18 7 8 17 18 7 9 16 18 7 10 15 18 7 11 14 18 7 12 13 18 7 13 12 18 7 14 11 18 7 15 10 18 7 16 9 18 7 17 8 18 7 18 7 18 7 20 6 18 7 21 5 18 7 22 4 18 7 24 3 18 7 25 2 18 7 27 1 18 8 1 28 18 8 2 26 18 8 3 25 18 8 4 23 18 8 5 22 18 8 6 21 18 8 7 19 18 8 8 18 18 8 9 17 18 8 10 16 18 8 11 15 18 8 12 14 18 8 13 13 18 8 14 12 18 8 15 11 18 8 16 10 18 8 17 9 18 8 18 8 18 8 19 7 18 8 21 6 18 8 22 5 18 8 23 4 18 8 25 3 18 8 26 2 18 8 28 1 18 9 1 29 18 9 2 27 18 9 3 26 18 9 4 24 18 9 5 23 18 9 6 22 18 9 7 20 18 9 8 19 18 9 9 18 18 9 10 17 18 9 11 16 18 9 12 15 18 9 13 14 18 9 14 13 18 9 15 12 18 9 16 11 18 9 17 10 18 9 18 9 18 9 19 8 18 9 20 7 18 9 22 6 18 9 23 5 18 9 24 4 18 9 26 3 18 9 27 2 18 9 29 1 18 10 1 30 18 10 2 28 18 10 3 27 18 10 4 25 18 10 5 24 18 10 6 23 18 10 7 21 18 10 8 20 18 10 9 19 18 10 10 18 18 10 11 17 18 10 12 16 18 10 13 15 18 10 15 13 18 10 16 12 18 10 17 11 18 10 18 10 18 10 19 9 18 10 20 8 18 10 21 7 18 10 23 6 18 10 24 5 18 10 25 4 18 10 27 3 18 10 28 2 18 10 30 1 18 11 1 31 18 11 2 29 18 11 3 28 18 11 4 26 18 11 5 25 18 11 6 24 18 11 7 22 18 11 8 21 18 11 9 20 18 11 10 19 18 11 11 18 18 11 12 17 18 11 13 16 18 11 14 15 18 11 15 14 18 11 16 13 18 11 17 12 18 11 18 11 18 11 19 10 18 11 20 9 18 11 21 8 18 11 22 7 18 11 24 6 18 11 25 5 18 11 26 4 18 11 28 3 18 11 29 2 18 11 31 1 18 12 2 30 18 12 3 29 18 12 4 27 18 12 5 26 18 12 6 25 18 12 7 23 18 12 8 22 18 12 9 21 18 12 10 20 18 12 11 19 18 12 12 18 18 12 13 17 18 12 14 16 18 12 15 15 18 12 16 14 18 12 17 13 18 12 18 12 18 12 19 11 18 12 20 10 18 12 21 9 18 12 22 8 18 12 23 7 18 12 25 6 18 12 26 5 18 12 27 4 18 12 29 3 18 12 30 2 18 13 2 31 18 13 3 30 18 13 4 28 18 13 5 27 18 13 6 26 18 13 7 24 18 13 8 23 18 13 9 22 18 13 10 21 18 13 11 20 18 13 12 19 18 13 13 18 18 13 14 17 18 13 15 16 18 13 16 15 18 13 17 14 18 13 18 13 18 13 19 12 18 13 20 11 18 13 21 10 18 13 22 9 18 13 23 8 18 13 24 7 18 13 26 6 18 13 27 5 18 13 28 4 18 13 30 3 18 13 31 2 18 14 2 32 18 14 3 31 18 14 4 29 18 14 5 28 18 14 6 27 18 14 7 25 18 14 8 24 18 14 9 23 18 14 10 22 18 14 11 21 18 14 12 20 18 14 13 19 18 14 14 18 18 14 15 17 18 14 16 16 18 14 17 15 18 14 18 14 18 14 19 13 18 14 20 12 18 14 21 11 18 14 22 10 18 14 23 9 18 14 24 8 18 14 25 7 18 14 27 6 18 14 28 5 18 14 29 4 18 14 31 3 18 14 32 2 18 15 3 32 18 15 4 30 18 15 5 29 18 15 6 28 18 15 7 26 18 15 8 25 18 15 9 24 18 15 10 23 18 15 11 22 18 15 12 21 18 15 13 20 18 15 14 19 18 15 15 18 18 15 16 17 18 15 17 16 18 15 18 15 18 15 19 14 18 15 20 13 18 15 21 12 18 15 22 11 18 15 23 10 18 15 24 9 18 15 25 8 18 15 26 7 18 15 28 6 18 15 29 5 18 15 30 4 18 15 32 3 18 16 3 33 18 16 4 31 18 16 5 30 18 16 6 29 18 16 7 27 18 16 8 26 18 16 9 25 18 16 10 24 18 16 11 23 18 16 12 22 18 16 13 21 18 16 14 20 18 16 15 19 18 16 16 18 18 16 17 17 18 16 18 16 18 16 19 15 18 16 20 14 18 16 21 13 18 16 22 12 18 16 23 11 18 16 24 10 18 16 25 9 18 16 26 8 18 16 27 7 18 16 29 6 18 16 30 5 18 16 31 4 18 16 33 3 18 17 4 32 18 17 5 31 18 17 6 30 18 17 7 28 18 17 8 27 18 17 9 26 18 17 10 25 18 17 11 24 18 17 12 23 18 17 13 22 18 17 14 21 18 17 15 20 18 17 16 19 18 17 17 18 18 17 18 17 18 17 19 16 18 17 20 15 18 17 21 14 18 17 22 13 18 17 23 12 18 17 24 11 18 17 25 10 18 17 26 9 18 17 27 8 18 17 28 7 18 17 30 6 18 17 31 5 18 17 32 4 18 18 4 33 18 18 5 32 18 18 6 31 18 18 7 29 18 18 8 28 18 18 9 27 18 18 10 26 18 18 11 25 18 18 12 24 18 18 13 23 18 18 14 22 18 18 15 21 18 18 16 20 18 18 17 19 18 18 18 18 18 18 19 17 18 18 20 16 18 18 21 15 18 18 22 14 18 18 23 13 18 18 24 12 18 18 25 11 18 18 26 10 18 18 27 9 18 18 28 8 18 18 29 7 18 18 31 6 18 18 32 5 18 18 33 4 18 19 5 33 18 19 6 32 18 19 7 30 18 19 8 29 18 19 9 28 18 19 10 27 18 19 11 26 18 19 12 25 18 19 13 24 18 19 14 23 18 19 15 22 18 19 16 21 18 19 17 20 18 19 18 19 18 19 19 18 18 19 20 17 18 19 21 16 18 19 22 15 18 19 23 14 18 19 24 13 18 19 25 12 18 19 26 11 18 19 27 10 18 19 28 9 18 19 29 8 18 19 30 7 18 19 32 6 18 19 33 5 18 20 6 33 18 20 7 31 18 20 8 30 18 20 9 29 18 20 10 28 18 20 11 27 18 20 12 26 18 20 13 25 18 20 14 24 18 20 15 23 18 20 16 22 18 20 17 21 18 20 18 20 18 20 19 19 18 20 20 18 18 20 21 17 18 20 22 16 18 20 23 15 18 20 24 14 18 20 25 13 18 20 26 12 18 20 27 11 18 20 28 10 18 20 29 9 18 20 30 8 18 20 31 7 18 20 33 6 18 21 7 32 18 21 8 31 18 21 9 30 18 21 10 29 18 21 11 28 18 21 12 27 18 21 13 26 18 21 14 25 18 21 15 24 18 21 16 23 18 21 17 22 18 21 18 21 18 21 19 20 18 21 20 19 18 21 21 18 18 21 22 17 18 21 23 16 18 21 24 15 18 21 25 14 18 21 26 13 18 21 27 12 18 21 28 11 18 21 29 10 18 21 30 9 18 21 31 8 18 21 32 7 18 22 7 33 18 22 8 32 18 22 9 31 18 22 10 30 18 22 11 29 18 22 12 28 18 22 13 27 18 22 14 26 18 22 15 25 18 22 16 24 18 22 17 23 18 22 18 22 18 22 19 21 18 22 20 20 18 22 21 19 18 22 22 18 18 22 23 17 18 22 24 16 18 22 25 15 18 22 26 14 18 22 27 13 18 22 28 12 18 22 29 11 18 22 30 10 18 22 31 9 18 22 32 8 18 22 33 7 18 23 8 33 18 23 9 32 18 23 10 31 18 23 11 30 18 23 12 29 18 23 13 28 18 23 14 27 18 23 15 26 18 23 16 25 18 23 17 24 18 23 18 23 18 23 19 22 18 23 20 21 18 23 21 20 18 23 22 19 18 23 23 18 18 23 24 17 18 23 25 16 18 23 26 15 18 23 27 14 18 23 28 13 18 23 29 12 18 23 30 11 18 23 31 10 18 23 32 9 18 23 33 8 18 24 9 33 18 24 10 32 18 24 11 31 18 24 12 30 18 24 13 29 18 24 14 28 18 24 15 27 18 24 16 26 18 24 17 25 18 24 18 24 18 24 19 23 18 24 20 22 18 24 21 21 18 24 22 20 18 24 23 19 18 24 24 18 18 24 25 17 18 24 26 16 18 24 27 15 18 24 28 14 18 24 29 13 18 24 30 12 18 24 31 11 18 24 32 10 18 24 33 9 18 25 10 33 18 25 11 32 18 25 12 31 18 25 13 30 18 25 14 29 18 25 15 28 18 25 16 27 18 25 17 26 18 25 18 25 18 25 19 24 18 25 20 23 18 25 21 22 18 25 22 21 18 25 23 20 18 25 24 19 18 25 25 18 18 25 26 17 18 25 27 16 18 25 28 15 18 25 29 14 18 25 30 13 18 25 31 12 18 25 32 11 18 25 33 10 18 26 11 33 18 26 12 32 18 26 13 31 18 26 14 30 18 26 15 29 18 26 16 28 18 26 17 27 18 26 18 26 18 26 19 25 18 26 20 24 18 26 21 23 18 26 22 22 18 26 23 21 18 26 24 20 18 26 25 19 18 26 26 18 18 26 27 17 18 26 28 16 18 26 29 15 18 26 30 14 18 26 31 13 18 26 32 12 18 26 33 11 18 27 12 33 18 27 13 32 18 27 14 31 18 27 15 30 18 27 16 29 18 27 17 28 18 27 18 27 18 27 19 26 18 27 20 25 18 27 21 24 18 27 22 23 18 27 23 22 18 27 24 21 18 27 25 20 18 27 26 19 18 27 27 18 18 27 28 17 18 27 29 16 18 27 30 15 18 27 31 14 18 27 32 13 18 27 33 12 18 28 13 33 18 28 14 32 18 28 15 31 18 28 16 30 18 28 17 29 18 28 18 28 18 28 19 27 18 28 20 26 18 28 21 25 18 28 22 24 18 28 23 23 18 28 24 22 18 28 25 21 18 28 26 20 18 28 27 19 18 28 28 18 18 28 29 17 18 28 30 16 18 28 31 15 18 28 32 14 18 28 33 13 18 29 14 33 18 29 15 32 18 29 16 31 18 29 17 30 18 29 18 29 18 29 19 28 18 29 20 27 18 29 21 26 18 29 22 25 18 29 23 24 18 29 24 23 18 29 25 22 18 29 26 21 18 29 27 20 18 29 28 19 18 29 29 18 18 29 30 17 18 29 31 16 18 29 32 15 18 29 33 14 18 30 15 33 18 30 16 32 18 30 17 31 18 30 18 30 18 30 19 29 18 30 20 28 18 30 21 27 18 30 22 26 18 30 23 25 18 30 24 24 18 30 25 23 18 30 26 22 18 30 27 21 18 30 28 20 18 30 29 19 18 30 30 18 18 30 31 17 18 30 32 16 18 30 33 15 18 31 16 33 18 31 17 32 18 31 18 31 18 31 19 30 18 31 20 29 18 31 21 28 18 31 22 27 18 31 23 26 18 31 24 25 18 31 25 24 18 31 26 23 18 31 27 22 18 31 28 21 18 31 29 20 18 31 30 19 18 31 31 18 18 31 32 17 18 31 33 16 18 32 17 33 18 32 18 32 18 32 19 31 18 32 20 30 18 32 21 29 18 32 22 28 18 32 23 27 18 32 24 26 18 32 25 25 18 32 26 24 18 32 27 23 18 32 28 22 18 32 29 21 18 32 30 20 18 32 31 19 18 32 32 18 18 32 33 17 18 33 18 33 18 33 19 32 18 33 20 31 18 33 21 30 18 33 22 29 18 33 23 28 18 33 24 27 18 33 25 26 18 33 26 25 18 33 27 24 18 33 28 23 18 33 29 22 18 33 30 21 18 33 31 20 18 33 32 19 18 33 33 18 















