




























29 0 0 29 29 0 1 27 29 0 2 25 29 0 3 24 29 0 4 22 29 0 5 20 29 0 6 18 29 0 7 17 29 0 8 16 29 0 9 15 29 0 10 14 29 0 11 13 29 0 13 11 29 0 14 10 29 0 15 9 29 0 16 8 29 0 17 7 29 0 18 6 29 0 20 5 29 0 22 4 29 0 24 3 29 0 25 2 29 0 27 1 29 0 29 0 29 1 0 31 29 1 1 29 29 1 2 27 29 1 3 26 29 1 4 24 29 1 5 22 29 1 6 20 29 1 7 19 29 1 10 16 29 1 11 15 29 1 13 13 29 1 15 11 29 1 16 10 29 1 19 7 29 1 20 6 29 1 22 5 29 1 24 4 29 1 26 3 29 1 27 2 29 1 29 1 29 1 31 0 29 2 0 33 29 2 1 31 29 2 2 29 29 2 3 28 29 2 5 24 29 2 6 22 29 2 7 21 29 2 8 20 29 2 9 19 29 2 10 18 29 2 11 17 29 2 12 16 29 2 13 15 29 2 15 13 29 2 16 12 29 2 17 11 29 2 18 10 29 2 19 9 29 2 20 8 29 2 21 7 29 2 22 6 29 2 24 5 29 2 28 3 29 2 29 2 29 2 31 1 29 2 33 0 29 3 0 34 29 3 1 32 29 3 2 30 29 3 3 29 29 3 4 27 29 3 5 25 29 3 6 23 29 3 7 22 29 3 8 21 29 3 9 20 29 3 10 19 29 3 11 18 29 3 12 17 29 3 13 16 29 3 14 15 29 3 15 14 29 3 16 13 29 3 17 12 29 3 18 11 29 3 19 10 29 3 20 9 29 3 21 8 29 3 22 7 29 3 23 6 29 3 25 5 29 3 27 4 29 3 29 3 29 3 30 2 29 3 32 1 29 3 34 0 29 4 0 36 29 4 1 34 29 4 2 32 29 4 3 31 29 4 4 29 29 4 5 27 29 4 6 25 29 4 7 24 29 4 8 23 29 4 9 22 29 4 10 21 29 4 11 20 29 4 12 19 29 4 13 18 29 4 14 17 29 4 15 16 29 4 16 15 29 4 17 14 29 4 18 13 29 4 19 12 29 4 20 11 29 4 21 10 29 4 22 9 29 4 23 8 29 4 24 7 29 4 25 6 29 4 27 5 29 4 29 4 29 4 31 3 29 4 32 2 29 4 34 1 29 4 36 0 29 5 0 38 29 5 1 36 29 5 2 34 29 5 3 33 29 5 4 31 29 5 5 29 29 5 6 27 29 5 7 26 29 5 8 25 29 5 9 24 29 5 10 23 29 5 11 22 29 5 12 21 29 5 13 20 29 5 14 19 29 5 15 18 29 5 16 17 29 5 17 16 29 5 18 15 29 5 19 14 29 5 20 13 29 5 21 12 29 5 22 11 29 5 23 10 29 5 24 9 29 5 25 8 29 5 26 7 29 5 27 6 29 5 29 5 29 5 31 4 29 5 33 3 29 5 34 2 29 5 36 1 29 5 38 0 29 6 0 40 29 6 1 38 29 6 2 36 29 6 3 35 29 6 4 33 29 6 5 31 29 6 6 29 29 6 7 28 29 6 8 27 29 6 9 26 29 6 10 25 29 6 11 24 29 6 12 23 29 6 13 22 29 6 14 21 29 6 15 20 29 6 16 19 29 6 17 18 29 6 18 17 29 6 19 16 29 6 20 15 29 6 21 14 29 6 22 13 29 6 23 12 29 6 24 11 29 6 25 10 29 6 26 9 29 6 27 8 29 6 28 7 29 6 29 6 29 6 31 5 29 6 33 4 29 6 35 3 29 6 36 2 29 6 38 1 29 6 40 0 29 7 0 41 29 7 1 39 29 7 2 37 29 7 3 36 29 7 4 34 29 7 5 32 29 7 6 30 29 7 7 29 29 7 8 28 29 7 9 27 29 7 10 26 29 7 11 25 29 7 12 24 29 7 13 23 29 7 14 22 29 7 15 21 29 7 16 20 29 7 17 19 29 7 18 18 29 7 19 17 29 7 20 16 29 7 21 15 29 7 22 14 29 7 23 13 29 7 24 12 29 7 25 11 29 7 26 10 29 7 27 9 29 7 28 8 29 7 29 7 29 7 30 6 29 7 32 5 29 7 34 4 29 7 36 3 29 7 37 2 29 7 39 1 29 7 41 0 29 8 0 42 29 8 1 40 29 8 2 38 29 8 3 37 29 8 4 35 29 8 5 33 29 8 6 31 29 8 7 30 29 8 8 29 29 8 9 28 29 8 10 27 29 8 11 26 29 8 12 25 29 8 13 24 29 8 14 23 29 8 15 22 29 8 16 21 29 8 17 20 29 8 18 19 29 8 19 18 29 8 20 17 29 8 21 16 29 8 22 15 29 8 23 14 29 8 24 13 29 8 25 12 29 8 26 11 29 8 27 10 29 8 28 9 29 8 29 8 29 8 30 7 29 8 31 6 29 8 33 5 29 8 35 4 29 8 37 3 29 8 38 2 29 8 40 1 29 8 42 0 29 9 0 43 29 9 1 41 29 9 3 38 29 9 4 36 29 9 5 34 29 9 6 32 29 9 7 31 29 9 8 30 29 9 9 29 29 9 10 28 29 9 11 27 29 9 13 25 29 9 14 24 29 9 15 23 29 9 16 22 29 9 17 21 29 9 18 20 29 9 19 19 29 9 20 18 29 9 21 17 29 9 22 16 29 9 23 15 29 9 24 14 29 9 25 13 29 9 27 11 29 9 28 10 29 9 29 9 29 9 30 8 29 9 31 7 29 9 32 6 29 9 34 5 29 9 36 4 29 9 38 3 29 9 41 1 29 9 43 0 29 10 0 44 29 10 1 42 29 10 2 40 29 10 3 39 29 10 4 37 29 10 5 35 29 10 6 33 29 10 7 32 29 10 8 31 29 10 9 30 29 10 10 29 29 10 11 28 29 10 12 27 29 10 13 26 29 10 14 25 29 10 15 24 29 10 16 23 29 10 17 22 29 10 18 21 29 10 19 20 29 10 20 19 29 10 21 18 29 10 22 17 29 10 23 16 29 10 24 15 29 10 25 14 29 10 26 13 29 10 27 12 29 10 28 11 29 10 29 10 29 10 30 9 29 10 31 8 29 10 32 7 29 10 33 6 29 10 35 5 29 10 37 4 29 10 39 3 29 10 40 2 29 10 42 1 29 10 44 0 29 11 0 45 29 11 1 43 29 11 2 41 29 11 3 40 29 11 4 38 29 11 5 36 29 11 6 34 29 11 7 33 29 11 8 32 29 11 9 31 29 11 10 30 29 11 11 29 29 11 13 27 29 11 14 26 29 11 15 25 29 11 16 24 29 11 17 23 29 11 18 22 29 11 19 21 29 11 20 20 29 11 21 19 29 11 22 18 29 11 23 17 29 11 24 16 29 11 25 15 29 11 26 14 29 11 27 13 29 11 29 11 29 11 30 10 29 11 31 9 29 11 32 8 29 11 33 7 29 11 34 6 29 11 36 5 29 11 38 4 29 11 40 3 29 11 41 2 29 11 43 1 29 11 45 0 29 12 1 44 29 12 2 42 29 12 5 37 29 12 6 35 29 12 7 34 29 12 9 32 29 12 10 31 29 12 11 30 29 12 12 29 29 12 13 28 29 12 14 27 29 12 15 26 29 12 16 25 29 12 17 24 29 12 18 23 29 12 19 22 29 12 20 21 29 12 21 20 29 12 22 19 29 12 23 18 29 12 24 17 29 12 25 16 29 12 26 15 29 12 27 14 29 12 28 13 29 12 29 12 29 12 30 11 29 12 31 10 29 12 32 9 29 12 34 7 29 12 35 6 29 12 37 5 29 12 42 2 29 12 44 1 29 13 1 45 29 13 2 43 29 13 3 42 29 13 4 40 29 13 5 38 29 13 6 36 29 13 7 35 29 13 8 34 29 13 9 33 29 13 10 32 29 13 11 31 29 13 12 30 29 13 13 29 29 13 14 28 29 13 15 27 29 13 16 26 29 13 17 25 29 13 18 24 29 13 19 23 29 13 20 22 29 13 21 21 29 13 22 20 29 13 23 19 29 13 24 18 29 13 25 17 29 13 26 16 29 13 27 15 29 13 28 14 29 13 29 13 29 13 30 12 29 13 31 11 29 13 32 10 29 13 33 9 29 13 34 8 29 13 35 7 29 13 36 6 29 13 38 5 29 13 40 4 29 13 42 3 29 13 43 2 29 13 45 1 29 14 1 46 29 14 2 44 29 14 3 43 29 14 4 41 29 14 5 39 29 14 6 37 29 14 7 36 29 14 8 35 29 14 9 34 29 14 10 33 29 14 11 32 29 14 12 31 29 14 13 30 29 14 14 29 29 14 15 28 29 14 16 27 29 14 17 26 29 14 18 25 29 14 19 24 29 14 20 23 29 14 21 22 29 14 22 21 29 14 23 20 29 14 24 19 29 14 25 18 29 14 26 17 29 14 27 16 29 14 28 15 29 14 29 14 29 14 30 13 29 14 31 12 29 14 32 11 29 14 33 10 29 14 34 9 29 14 35 8 29 14 36 7 29 14 37 6 29 14 39 5 29 14 41 4 29 14 43 3 29 14 44 2 29 14 46 1 29 15 1 47 29 15 2 45 29 15 3 44 29 15 4 42 29 15 5 40 29 15 6 38 29 15 7 37 29 15 8 36 29 15 9 35 29 15 10 34 29 15 11 33 29 15 12 32 29 15 13 31 29 15 14 30 29 15 15 29 29 15 16 28 29 15 17 27 29 15 18 26 29 15 19 25 29 15 20 24 29 15 21 23 29 15 22 22 29 15 23 21 29 15 24 20 29 15 25 19 29 15 26 18 29 15 27 17 29 15 28 16 29 15 29 15 29 15 30 14 29 15 31 13 29 15 32 12 29 15 33 11 29 15 34 10 29 15 35 9 29 15 36 8 29 15 37 7 29 15 38 6 29 15 40 5 29 15 42 4 29 15 44 3 29 15 45 2 29 15 47 1 29 16 1 48 29 16 2 46 29 16 3 45 29 16 4 43 29 16 5 41 29 16 6 39 29 16 7 38 29 16 8 37 29 16 9 36 29 16 10 35 29 16 11 34 29 16 12 33 29 16 13 32 29 16 14 31 29 16 15 30 29 16 16 29 29 16 17 28 29 16 18 27 29 16 19 26 29 16 20 25 29 16 21 24 29 16 22 23 29 16 23 22 29 16 24 21 29 16 25 20 29 16 26 19 29 16 27 18 29 16 28 17 29 16 29 16 29 16 30 15 29 16 31 14 29 16 32 13 29 16 33 12 29 16 34 11 29 16 35 10 29 16 36 9 29 16 37 8 29 16 38 7 29 16 39 6 29 16 41 5 29 16 43 4 29 16 45 3 29 16 46 2 29 16 48 1 29 17 1 49 29 17 2 47 29 17 3 46 29 17 4 44 29 17 5 42 29 17 6 40 29 17 7 39 29 17 8 38 29 17 9 37 29 17 10 36 29 17 11 35 29 17 12 34 29 17 13 33 29 17 14 32 29 17 15 31 29 17 16 30 29 17 17 29 29 17 18 28 29 17 19 27 29 17 20 26 29 17 21 25 29 17 22 24 29 17 23 23 29 17 24 22 29 17 25 21 29 17 26 20 29 17 27 19 29 17 28 18 29 17 29 17 29 17 30 16 29 17 31 15 29 17 32 14 29 17 33 13 29 17 34 12 29 17 35 11 29 17 36 10 29 17 37 9 29 17 38 8 29 17 39 7 29 17 40 6 29 17 42 5 29 17 44 4 29 17 46 3 29 17 47 2 29 17 49 1 29 18 1 50 29 18 2 48 29 18 3 47 29 18 4 45 29 18 5 43 29 18 6 41 29 18 7 40 29 18 8 39 29 18 9 38 29 18 10 37 29 18 11 36 29 18 12 35 29 18 13 34 29 18 14 33 29 18 15 32 29 18 16 31 29 18 17 30 29 18 18 29 29 18 19 28 29 18 20 27 29 18 21 26 29 18 22 25 29 18 23 24 29 18 24 23 29 18 25 22 29 18 26 21 29 18 27 20 29 18 28 19 29 18 29 18 29 18 30 17 29 18 31 16 29 18 32 15 29 18 33 14 29 18 34 13 29 18 35 12 29 18 36 11 29 18 37 10 29 18 38 9 29 18 39 8 29 18 40 7 29 18 41 6 29 18 43 5 29 18 45 4 29 18 47 3 29 18 48 2 29 18 50 1 29 19 1 51 29 19 2 49 29 19 3 48 29 19 4 46 29 19 5 44 29 19 6 42 29 19 7 41 29 19 8 40 29 19 9 39 29 19 10 38 29 19 11 37 29 19 12 36 29 19 13 35 29 19 14 34 29 19 15 33 29 19 16 32 29 19 17 31 29 19 18 30 29 19 19 29 29 19 20 28 29 19 21 27 29 19 22 26 29 19 23 25 29 19 24 24 29 19 25 23 29 19 26 22 29 19 27 21 29 19 28 20 29 19 29 19 29 19 30 18 29 19 31 17 29 19 32 16 29 19 33 15 29 19 34 14 29 19 35 13 29 19 36 12 29 19 37 11 29 19 38 10 29 19 39 9 29 19 40 8 29 19 41 7 29 19 42 6 29 19 44 5 29 19 46 4 29 19 48 3 29 19 49 2 29 19 51 1 29 20 1 52 29 20 2 50 29 20 3 49 29 20 4 47 29 20 5 45 29 20 6 43 29 20 7 42 29 20 8 41 29 20 9 40 29 20 10 39 29 20 11 38 29 20 12 37 29 20 13 36 29 20 14 35 29 20 15 34 29 20 16 33 29 20 17 32 29 20 18 31 29 20 19 30 29 20 20 29 29 20 21 28 29 20 22 27 29 20 23 26 29 20 24 25 29 20 25 24 29 20 26 23 29 20 27 22 29 20 28 21 29 20 29 20 29 20 30 19 29 20 31 18 29 20 32 17 29 20 33 16 29 20 34 15 29 20 35 14 29 20 36 13 29 20 37 12 29 20 38 11 29 20 39 10 29 20 40 9 29 20 41 8 29 20 42 7 29 20 43 6 29 20 45 5 29 20 47 4 29 20 49 3 29 20 50 2 29 20 52 1 29 21 2 51 29 21 3 50 29 21 4 48 29 21 5 46 29 21 6 44 29 21 7 43 29 21 8 42 29 21 9 41 29 21 10 40 29 21 11 39 29 21 12 38 29 21 13 37 29 21 14 36 29 21 15 35 29 21 16 34 29 21 17 33 29 21 18 32 29 21 19 31 29 21 20 30 29 21 21 29 29 21 22 28 29 21 23 27 29 21 24 26 29 21 25 25 29 21 26 24 29 21 27 23 29 21 28 22 29 21 29 21 29 21 30 20 29 21 31 19 29 21 32 18 29 21 33 17 29 21 34 16 29 21 35 15 29 21 36 14 29 21 37 13 29 21 38 12 29 21 39 11 29 21 40 10 29 21 41 9 29 21 42 8 29 21 43 7 29 21 44 6 29 21 46 5 29 21 48 4 29 21 50 3 29 21 51 2 29 22 2 52 29 22 3 51 29 22 4 49 29 22 5 47 29 22 6 45 29 22 7 44 29 22 8 43 29 22 9 42 29 22 10 41 29 22 11 40 29 22 12 39 29 22 13 38 29 22 14 37 29 22 15 36 29 22 16 35 29 22 17 34 29 22 18 33 29 22 19 32 29 22 20 31 29 22 21 30 29 22 22 29 29 22 23 28 29 22 24 27 29 22 25 26 29 22 26 25 29 22 27 24 29 22 28 23 29 22 29 22 29 22 30 21 29 22 31 20 29 22 32 19 29 22 33 18 29 22 34 17 29 22 35 16 29 22 36 15 29 22 37 14 29 22 38 13 29 22 39 12 29 22 40 11 29 22 41 10 29 22 42 9 29 22 43 8 29 22 44 7 29 22 45 6 29 22 47 5 29 22 49 4 29 22 51 3 29 22 52 2 29 23 2 53 29 23 3 52 29 23 4 50 29 23 5 48 29 23 6 46 29 23 7 45 29 23 8 44 29 23 9 43 29 23 10 42 29 23 11 41 29 23 12 40 29 23 13 39 29 23 14 38 29 23 15 37 29 23 16 36 29 23 17 35 29 23 18 34 29 23 19 33 29 23 20 32 29 23 21 31 29 23 22 30 29 23 23 29 29 23 24 28 29 23 25 27 29 23 27 25 29 23 28 24 29 23 29 23 29 23 30 22 29 23 31 21 29 23 32 20 29 23 33 19 29 23 34 18 29 23 35 17 29 23 36 16 29 23 37 15 29 23 38 14 29 23 39 13 29 23 40 12 29 23 41 11 29 23 42 10 29 23 43 9 29 23 44 8 29 23 45 7 29 23 46 6 29 23 48 5 29 23 50 4 29 23 52 3 29 23 53 2 29 24 2 54 29 24 3 53 29 24 4 51 29 24 5 49 29 24 6 47 29 24 7 46 29 24 8 45 29 24 9 44 29 24 10 43 29 24 11 42 29 24 12 41 29 24 13 40 29 24 14 39 29 24 15 38 29 24 16 37 29 24 17 36 29 24 18 35 29 24 19 34 29 24 20 33 29 24 21 32 29 24 22 31 29 24 23 30 29 24 24 29 29 24 25 28 29 24 26 27 29 24 27 26 29 24 28 25 29 24 29 24 29 24 30 23 29 24 31 22 29 24 32 21 29 24 33 20 29 24 34 19 29 24 35 18 29 24 36 17 29 24 37 16 29 24 38 15 29 24 39 14 29 24 40 13 29 24 41 12 29 24 42 11 29 24 43 10 29 24 44 9 29 24 45 8 29 24 46 7 29 24 47 6 29 24 49 5 29 24 51 4 29 24 53 3 29 24 54 2 29 25 2 55 29 25 3 54 29 25 4 52 29 25 5 50 29 25 6 48 29 25 7 47 29 25 8 46 29 25 9 45 29 25 10 44 29 25 11 43 29 25 12 42 29 25 13 41 29 25 14 40 29 25 15 39 29 25 16 38 29 25 17 37 29 25 18 36 29 25 19 35 29 25 20 34 29 25 21 33 29 25 22 32 29 25 23 31 29 25 24 30 29 25 25 29 29 25 26 28 29 25 27 27 29 25 28 26 29 25 29 25 29 25 30 24 29 25 31 23 29 25 32 22 29 25 33 21 29 25 34 20 29 25 35 19 29 25 36 18 29 25 37 17 29 25 38 16 29 25 39 15 29 25 40 14 29 25 41 13 29 25 42 12 29 25 43 11 29 25 44 10 29 25 45 9 29 25 46 8 29 25 47 7 29 25 48 6 29 25 50 5 29 25 52 4 29 25 54 3 29 25 55 2 29 26 3 55 29 26 4 53 29 26 5 51 29 26 6 49 29 26 7 48 29 26 9 46 29 26 10 45 29 26 11 44 29 26 12 43 29 26 13 42 29 26 14 41 29 26 15 40 29 26 16 39 29 26 17 38 29 26 18 37 29 26 19 36 29 26 20 35 29 26 21 34 29 26 22 33 29 26 23 32 29 26 24 31 29 26 25 30 29 26 26 29 29 26 27 28 29 26 28 27 29 26 29 26 29 26 30 25 29 26 31 24 29 26 32 23 29 26 33 22 29 26 34 21 29 26 35 20 29 26 36 19 29 26 37 18 29 26 38 17 29 26 39 16 29 26 40 15 29 26 41 14 29 26 42 13 29 26 43 12 29 26 44 11 29 26 45 10 29 26 46 9 29 26 48 7 29 26 49 6 29 26 51 5 29 26 53 4 29 26 55 3 29 27 3 56 29 27 4 54 29 27 5 52 29 27 6 50 29 27 7 49 29 27 8 48 29 27 9 47 29 27 10 46 29 27 11 45 29 27 12 44 29 27 13 43 29 27 14 42 29 27 15 41 29 27 16 40 29 27 17 39 29 27 18 38 29 27 19 37 29 27 20 36 29 27 21 35 29 27 22 34 29 27 23 33 29 27 24 32 29 27 25 31 29 27 26 30 29 27 27 29 29 27 28 28 29 27 29 27 29 27 30 26 29 27 31 25 29 27 32 24 29 27 33 23 29 27 34 22 29 27 35 21 29 27 36 20 29 27 37 19 29 27 38 18 29 27 39 17 29 27 40 16 29 27 41 15 29 27 42 14 29 27 43 13 29 27 44 12 29 27 45 11 29 27 46 10 29 27 47 9 29 27 48 8 29 27 49 7 29 27 50 6 29 27 52 5 29 27 54 4 29 27 56 3 29 28 3 57 29 28 4 55 29 28 5 53 29 28 6 51 29 28 7 50 29 28 8 49 29 28 9 48 29 28 10 47 29 28 11 46 29 28 12 45 29 28 13 44 29 28 14 43 29 28 15 42 29 28 16 41 29 28 17 40 29 28 18 39 29 28 19 38 29 28 20 37 29 28 21 36 29 28 22 35 29 28 23 34 29 28 24 33 29 28 25 32 29 28 26 31 29 28 27 30 29 28 28 29 29 28 29 28 29 28 30 27 29 28 31 26 29 28 32 25 29 28 33 24 29 28 34 23 29 28 35 22 29 28 36 21 29 28 37 20 29 28 38 19 29 28 39 18 29 28 40 17 29 28 41 16 29 28 42 15 29 28 43 14 29 28 44 13 29 28 45 12 29 28 46 11 29 28 47 10 29 28 48 9 29 28 49 8 29 28 50 7 29 28 51 6 29 28 53 5 29 28 55 4 29 28 57 3 29 29 4 56 29 29 5 54 29 29 6 52 29 29 7 51 29 29 8 50 29 29 9 49 29 29 10 48 29 29 11 47 29 29 12 46 29 29 13 45 29 29 14 44 29 29 15 43 29 29 16 42 29 29 17 41 29 29 18 40 29 29 19 39 29 29 20 38 29 29 21 37 29 29 22 36 29 29 23 35 29 29 24 34 29 29 25 33 29 29 26 32 29 29 27 31 29 29 28 30 29 29 29 29 29 29 30 28 29 29 31 27 29 29 32 26 29 29 33 25 29 29 34 24 29 29 35 23 29 29 36 22 29 29 37 21 29 29 38 20 29 29 39 19 29 29 40 18 29 29 41 17 29 29 42 16 29 29 43 15 29 29 44 14 29 29 45 13 29 29 46 12 29 29 47 11 29 29 48 10 29 29 49 9 29 29 50 8 29 29 51 7 29 29 52 6 29 29 54 5 29 29 56 4 29 30 4 57 29 30 5 55 29 30 6 53 29 30 7 52 29 30 8 51 29 30 9 50 29 30 10 49 29 30 11 48 29 30 12 47 29 30 13 46 29 30 14 45 29 30 15 44 29 30 16 43 29 30 17 42 29 30 18 41 29 30 19 40 29 30 20 39 29 30 21 38 29 30 22 37 29 30 23 36 29 30 24 35 29 30 25 34 29 30 26 33 29 30 27 32 29 30 28 31 29 30 29 30 29 30 30 29 29 30 31 28 29 30 32 27 29 30 33 26 29 30 34 25 29 30 35 24 29 30 36 23 29 30 37 22 29 30 38 21 29 30 39 20 29 30 40 19 29 30 41 18 29 30 42 17 29 30 43 16 29 30 44 15 29 30 45 14 29 30 46 13 29 30 47 12 29 30 48 11 29 30 49 10 29 30 50 9 29 30 51 8 29 30 52 7 29 30 53 6 29 30 55 5 29 30 57 4 29 31 4 58 29 31 5 56 29 31 6 54 29 31 7 53 29 31 8 52 29 31 9 51 29 31 10 50 29 31 11 49 29 31 12 48 29 31 13 47 29 31 14 46 29 31 15 45 29 31 16 44 29 31 17 43 29 31 18 42 29 31 19 41 29 31 20 40 29 31 21 39 29 31 22 38 29 31 23 37 29 31 24 36 29 31 25 35 29 31 26 34 29 31 27 33 29 31 28 32 29 31 29 31 29 31 30 30 29 31 31 29 29 31 32 28 29 31 33 27 29 31 34 26 29 31 35 25 29 31 36 24 29 31 37 23 29 31 38 22 29 31 39 21 29 31 40 20 29 31 41 19 29 31 42 18 29 31 43 17 29 31 44 16 29 31 45 15 29 31 46 14 29 31 47 13 29 31 48 12 29 31 49 11 29 31 50 10 29 31 51 9 29 31 52 8 29 31 53 7 29 31 54 6 29 31 56 5 29 31 58 4 29 32 4 59 29 32 5 57 29 32 6 55 29 32 7 54 29 32 8 53 29 32 9 52 29 32 10 51 29 32 11 50 29 32 12 49 29 32 13 48 29 32 14 47 29 32 15 46 29 32 16 45 29 32 17 44 29 32 18 43 29 32 19 42 29 32 20 41 29 32 21 40 29 32 22 39 29 32 23 38 29 32 24 37 29 32 25 36 29 32 26 35 29 32 27 34 29 32 28 33 29 32 29 32 29 32 30 31 29 32 31 30 29 32 32 29 29 32 33 28 29 32 34 27 29 32 35 26 29 32 36 25 29 32 37 24 29 32 38 23 29 32 39 22 29 32 40 21 29 32 41 20 29 32 42 19 29 32 43 18 29 32 44 17 29 32 45 16 29 32 46 15 29 32 47 14 29 32 48 13 29 32 49 12 29 32 50 11 29 32 51 10 29 32 52 9 29 32 53 8 29 32 54 7 29 32 55 6 29 32 57 5 29 32 59 4 29 33 5 58 29 33 6 56 29 33 7 55 29 33 8 54 29 33 9 53 29 33 10 52 29 33 11 51 29 33 12 50 29 33 13 49 29 33 14 48 29 33 15 47 29 33 16 46 29 33 17 45 29 33 18 44 29 33 19 43 29 33 20 42 29 33 21 41 29 33 22 40 29 33 23 39 29 33 24 38 29 33 25 37 29 33 26 36 29 33 27 35 29 33 28 34 29 33 29 33 29 33 30 32 29 33 31 31 29 33 32 30 29 33 33 29 29 33 34 28 29 33 35 27 29 33 36 26 29 33 37 25 29 33 38 24 29 33 39 23 29 33 40 22 29 33 41 21 29 33 42 20 29 33 43 19 29 33 44 18 29 33 45 17 29 33 46 16 29 33 47 15 29 33 48 14 29 33 49 13 29 33 50 12 29 33 51 11 29 33 52 10 29 33 53 9 29 33 54 8 29 33 55 7 29 33 56 6 29 33 58 5 29 34 5 59 29 34 6 57 29 34 7 56 29 34 8 55 29 34 9 54 29 34 10 53 29 34 11 52 29 34 12 51 29 34 13 50 29 34 14 49 29 34 15 48 29 34 16 47 29 34 17 46 29 34 18 45 29 34 19 44 29 34 20 43 29 34 21 42 29 34 22 41 29 34 23 40 29 34 24 39 29 34 25 38 29 34 26 37 29 34 27 36 29 34 28 35 29 34 29 34 29 34 30 33 29 34 31 32 29 34 32 31 29 34 33 30 29 34 34 29 29 34 35 28 29 34 36 27 29 34 37 26 29 34 38 25 29 34 39 24 29 34 40 23 29 34 41 22 29 34 42 21 29 34 43 20 29 34 44 19 29 34 45 18 29 34 46 17 29 34 47 16 29 34 48 15 29 34 49 14 29 34 50 13 29 34 51 12 29 34 52 11 29 34 53 10 29 34 54 9 29 34 55 8 29 34 56 7 29 34 57 6 29 34 59 5 29 35 5 60 29 35 6 58 29 35 7 57 29 35 8 56 29 35 9 55 29 35 10 54 29 35 11 53 29 35 12 52 29 35 13 51 29 35 14 50 29 35 15 49 29 35 16 48 29 35 17 47 29 35 18 46 29 35 19 45 29 35 20 44 29 35 21 43 29 35 22 42 29 35 23 41 29 35 24 40 29 35 25 39 29 35 26 38 29 35 27 37 29 35 28 36 29 35 29 35 29 35 30 34 29 35 31 33 29 35 32 32 29 35 33 31 29 35 34 30 29 35 35 29 29 35 36 28 29 35 37 27 29 35 38 26 29 35 39 25 29 35 40 24 29 35 41 23 29 35 42 22 29 35 43 21 29 35 44 20 29 35 45 19 29 35 46 18 29 35 47 17 29 35 48 16 29 35 49 15 29 35 50 14 29 35 51 13 29 35 52 12 29 35 53 11 29 35 54 10 29 35 55 9 29 35 56 8 29 35 57 7 29 35 58 6 29 35 60 5 29 36 5 61 29 36 6 59 29 36 7 58 29 36 8 57 29 36 9 56 29 36 10 55 29 36 11 54 29 36 12 53 29 36 13 52 29 36 14 51 29 36 15 50 29 36 16 49 29 36 17 48 29 36 18 47 29 36 19 46 29 36 20 45 29 36 21 44 29 36 22 43 29 36 23 42 29 36 24 41 29 36 25 40 29 36 26 39 29 36 27 38 29 36 28 37 29 36 29 36 29 36 30 35 29 36 31 34 29 36 32 33 29 36 33 32 29 36 34 31 29 36 35 30 29 36 36 29 29 36 37 28 29 36 38 27 29 36 39 26 29 36 40 25 29 36 41 24 29 36 42 23 29 36 43 22 29 36 44 21 29 36 45 20 29 36 46 19 29 36 47 18 29 36 48 17 29 36 49 16 29 36 50 15 29 36 51 14 29 36 52 13 29 36 53 12 29 36 54 11 29 36 55 10 29 36 56 9 29 36 57 8 29 36 58 7 29 36 59 6 29 36 61 5 29 37 6 60 29 37 7 59 29 37 8 58 29 37 9 57 29 37 10 56 29 37 11 55 29 37 12 54 29 37 13 53 29 37 14 52 29 37 15 51 29 37 16 50 29 37 17 49 29 37 18 48 29 37 19 47 29 37 20 46 29 37 21 45 29 37 22 44 29 37 23 43 29 37 24 42 29 37 25 41 29 37 26 40 29 37 27 39 29 37 28 38 29 37 29 37 29 37 30 36 29 37 31 35 29 37 32 34 29 37 33 33 29 37 34 32 29 37 35 31 29 37 36 30 29 37 37 29 29 37 38 28 29 37 39 27 29 37 40 26 29 37 41 25 29 37 42 24 29 37 43 23 29 37 44 22 29 37 45 21 29 37 46 20 29 37 47 19 29 37 48 18 29 37 49 17 29 37 50 16 29 37 51 15 29 37 52 14 29 37 53 13 29 37 54 12 29 37 55 11 29 37 56 10 29 37 57 9 29 37 58 8 29 37 59 7 29 37 60 6 29 38 6 61 29 38 7 60 29 38 8 59 29 38 9 58 29 38 10 57 29 38 11 56 29 38 12 55 29 38 13 54 29 38 14 53 29 38 15 52 29 38 16 51 29 38 17 50 29 38 18 49 29 38 19 48 29 38 20 47 29 38 21 46 29 38 22 45 29 38 23 44 29 38 24 43 29 38 25 42 29 38 26 41 29 38 27 40 29 38 28 39 29 38 29 38 29 38 30 37 29 38 31 36 29 38 32 35 29 38 33 34 29 38 34 33 29 38 35 32 29 38 36 31 29 38 37 30 29 38 38 29 29 38 39 28 29 38 40 27 29 38 41 26 29 38 42 25 29 38 43 24 29 38 44 23 29 38 45 22 29 38 46 21 29 38 47 20 29 38 48 19 29 38 49 18 29 38 50 17 29 38 51 16 29 38 52 15 29 38 53 14 29 38 54 13 29 38 55 12 29 38 56 11 29 38 57 10 29 38 58 9 29 38 59 8 29 38 60 7 29 38 61 6 29 39 7 61 29 39 8 60 29 39 9 59 29 39 10 58 29 39 11 57 29 39 12 56 29 39 13 55 29 39 14 54 29 39 15 53 29 39 16 52 29 39 17 51 29 39 18 50 29 39 19 49 29 39 20 48 29 39 21 47 29 39 22 46 29 39 23 45 29 39 24 44 29 39 25 43 29 39 26 42 29 39 27 41 29 39 28 40 29 39 29 39 29 39 30 38 29 39 31 37 29 39 32 36 29 39 33 35 29 39 34 34 29 39 35 33 29 39 36 32 29 39 37 31 29 39 38 30 29 39 39 29 29 39 40 28 29 39 41 27 29 39 42 26 29 39 43 25 29 39 44 24 29 39 45 23 29 39 46 22 29 39 47 21 29 39 48 20 29 39 49 19 29 39 50 18 29 39 51 17 29 39 52 16 29 39 53 15 29 39 54 14 29 39 55 13 29 39 56 12 29 39 57 11 29 39 58 10 29 39 59 9 29 39 60 8 29 39 61 7 29 40 7 62 29 40 8 61 29 40 9 60 29 40 10 59 29 40 11 58 29 40 12 57 29 40 13 56 29 40 14 55 29 40 15 54 29 40 16 53 29 40 17 52 29 40 18 51 29 40 19 50 29 40 20 49 29 40 21 48 29 40 22 47 29 40 23 46 29 40 24 45 29 40 25 44 29 40 26 43 29 40 27 42 29 40 28 41 29 40 29 40 29 40 30 39 29 40 31 38 29 40 32 37 29 40 33 36 29 40 34 35 29 40 35 34 29 40 36 33 29 40 37 32 29 40 38 31 29 40 39 30 29 40 40 29 29 40 41 28 29 40 42 27 29 40 43 26 29 40 44 25 29 40 45 24 29 40 46 23 29 40 47 22 29 40 48 21 29 40 49 20 29 40 50 19 29 40 51 18 29 40 52 17 29 40 53 16 29 40 54 15 29 40 55 14 29 40 56 13 29 40 57 12 29 40 58 11 29 40 59 10 29 40 60 9 29 40 61 8 29 40 62 7 29 41 8 62 29 41 9 61 29 41 10 60 29 41 11 59 29 41 12 58 29 41 13 57 29 41 14 56 29 41 15 55 29 41 16 54 29 41 17 53 29 41 18 52 29 41 19 51 29 41 20 50 29 41 21 49 29 41 22 48 29 41 23 47 29 41 24 46 29 41 25 45 29 41 26 44 29 41 27 43 29 41 28 42 29 41 29 41 29 41 30 40 29 41 31 39 29 41 32 38 29 41 33 37 29 41 34 36 29 41 35 35 29 41 36 34 29 41 37 33 29 41 38 32 29 41 39 31 29 41 40 30 29 41 41 29 29 41 42 28 29 41 43 27 29 41 44 26 29 41 45 25 29 41 46 24 29 41 47 23 29 41 48 22 29 41 49 21 29 41 50 20 29 41 51 19 29 41 52 18 29 41 53 17 29 41 54 16 29 41 55 15 29 41 56 14 29 41 57 13 29 41 58 12 29 41 59 11 29 41 60 10 29 41 61 9 29 41 62 8 29 42 9 62 29 42 10 61 29 42 11 60 29 42 12 59 29 42 13 58 29 42 14 57 29 42 15 56 29 42 16 55 29 42 17 54 29 42 18 53 29 42 19 52 29 42 20 51 29 42 21 50 29 42 22 49 29 42 23 48 29 42 24 47 29 42 25 46 29 42 26 45 29 42 27 44 29 42 28 43 29 42 29 42 29 42 30 41 29 42 31 40 29 42 32 39 29 42 33 38 29 42 34 37 29 42 35 36 29 42 36 35 29 42 37 34 29 42 38 33 29 42 39 32 29 42 40 31 29 42 41 30 29 42 42 29 29 42 43 28 29 42 44 27 29 42 45 26 29 42 46 25 29 42 47 24 29 42 48 23 29 42 49 22 29 42 50 21 29 42 51 20 29 42 52 19 29 42 53 18 29 42 54 17 29 42 55 16 29 42 56 15 29 42 57 14 29 42 58 13 29 42 59 12 29 42 60 11 29 42 61 10 29 42 62 9 29 43 10 62 29 43 11 61 29 43 12 60 29 43 13 59 29 43 14 58 29 43 15 57 29 43 16 56 29 43 17 55 29 43 18 54 29 43 19 53 29 43 20 52 29 43 21 51 29 43 22 50 29 43 23 49 29 43 24 48 29 43 25 47 29 43 26 46 29 43 27 45 29 43 28 44 29 43 29 43 29 43 30 42 29 43 31 41 29 43 32 40 29 43 33 39 29 43 34 38 29 43 35 37 29 43 36 36 29 43 37 35 29 43 38 34 29 43 39 33 29 43 40 32 29 43 41 31 29 43 42 30 29 43 43 29 29 43 44 28 29 43 45 27 29 43 46 26 29 43 47 25 29 43 48 24 29 43 49 23 29 43 50 22 29 43 51 21 29 43 52 20 29 43 53 19 29 43 54 18 29 43 55 17 29 43 56 16 29 43 57 15 29 43 58 14 29 43 59 13 29 43 60 12 29 43 61 11 29 43 62 10 29 44 11 62 29 44 12 61 29 44 13 60 29 44 14 59 29 44 15 58 29 44 16 57 29 44 17 56 29 44 18 55 29 44 19 54 29 44 20 53 29 44 21 52 29 44 22 51 29 44 23 50 29 44 24 49 29 44 25 48 29 44 26 47 29 44 27 46 29 44 28 45 29 44 29 44 29 44 30 43 29 44 31 42 29 44 32 41 29 44 33 40 29 44 34 39 29 44 35 38 29 44 36 37 29 44 37 36 29 44 38 35 29 44 39 34 29 44 40 33 29 44 41 32 29 44 42 31 29 44 43 30 29 44 44 29 29 44 45 28 29 44 46 27 29 44 47 26 29 44 48 25 29 44 49 24 29 44 50 23 29 44 51 22 29 44 52 21 29 44 53 20 29 44 54 19 29 44 55 18 29 44 56 17 29 44 57 16 29 44 58 15 29 44 59 14 29 44 60 13 29 44 61 12 29 44 62 11 29 45 12 62 29 45 13 61 29 45 14 60 29 45 15 59 29 45 16 58 29 45 17 57 29 45 18 56 29 45 19 55 29 45 20 54 29 45 21 53 29 45 22 52 29 45 23 51 29 45 24 50 29 45 25 49 29 45 26 48 29 45 27 47 29 45 28 46 29 45 29 45 29 45 30 44 29 45 31 43 29 45 32 42 29 45 33 41 29 45 34 40 29 45 35 39 29 45 36 38 29 45 37 37 29 45 38 36 29 45 39 35 29 45 40 34 29 45 41 33 29 45 42 32 29 45 43 31 29 45 44 30 29 45 45 29 29 45 46 28 29 45 47 27 29 45 48 26 29 45 49 25 29 45 50 24 29 45 51 23 29 45 52 22 29 45 53 21 29 45 54 20 29 45 55 19 29 45 56 18 29 45 57 17 29 45 58 16 29 45 59 15 29 45 60 14 29 45 61 13 29 45 62 12 29 46 13 62 29 46 14 61 29 46 15 60 29 46 16 59 29 46 17 58 29 46 18 57 29 46 19 56 29 46 20 55 29 46 21 54 29 46 22 53 29 46 23 52 29 46 24 51 29 46 25 50 29 46 26 49 29 46 27 48 29 46 28 47 29 46 29 46 29 46 30 45 29 46 31 44 29 46 32 43 29 46 33 42 29 46 34 41 29 46 35 40 29 46 36 39 29 46 37 38 29 46 38 37 29 46 39 36 29 46 40 35 29 46 41 34 29 46 42 33 29 46 43 32 29 46 44 31 29 46 45 30 29 46 46 29 29 46 47 28 29 46 48 27 29 46 49 26 29 46 50 25 29 46 51 24 29 46 52 23 29 46 53 22 29 46 54 21 29 46 55 20 29 46 56 19 29 46 57 18 29 46 58 17 29 46 59 16 29 46 60 15 29 46 61 14 29 46 62 13 29 47 14 62 29 47 15 61 29 47 16 60 29 47 17 59 29 47 18 58 29 47 19 57 29 47 20 56 29 47 21 55 29 47 22 54 29 47 23 53 29 47 24 52 29 47 25 51 29 47 26 50 29 47 27 49 29 47 28 48 29 47 29 47 29 47 30 46 29 47 31 45 29 47 32 44 29 47 33 43 29 47 34 42 29 47 35 41 29 47 36 40 29 47 37 39 29 47 38 38 29 47 39 37 29 47 40 36 29 47 41 35 29 47 42 34 29 47 43 33 29 47 44 32 29 47 45 31 29 47 46 30 29 47 47 29 29 47 48 28 29 47 49 27 29 47 50 26 29 47 51 25 29 47 52 24 29 47 53 23 29 47 54 22 29 47 55 21 29 47 56 20 29 47 57 19 29 47 58 18 29 47 59 17 29 47 60 16 29 47 61 15 29 47 62 14 29 48 15 62 29 48 16 61 29 48 17 60 29 48 18 59 29 48 19 58 29 48 20 57 29 48 21 56 29 48 22 55 29 48 23 54 29 48 24 53 29 48 25 52 29 48 26 51 29 48 27 50 29 48 28 49 29 48 29 48 29 48 30 47 29 48 31 46 29 48 32 45 29 48 33 44 29 48 34 43 29 48 35 42 29 48 36 41 29 48 37 40 29 48 38 39 29 48 39 38 29 48 40 37 29 48 41 36 29 48 42 35 29 48 43 34 29 48 44 33 29 48 45 32 29 48 46 31 29 48 47 30 29 48 48 29 29 48 49 28 29 48 50 27 29 48 51 26 29 48 52 25 29 48 53 24 29 48 54 23 29 48 55 22 29 48 56 21 29 48 57 20 29 48 58 19 29 48 59 18 29 48 60 17 29 48 61 16 29 48 62 15 29 49 16 62 29 49 17 61 29 49 18 60 29 49 19 59 29 49 20 58 29 49 21 57 29 49 22 56 29 49 23 55 29 49 24 54 29 49 25 53 29 49 26 52 29 49 27 51 29 49 28 50 29 49 29 49 29 49 30 48 29 49 31 47 29 49 32 46 29 49 33 45 29 49 34 44 29 49 35 43 29 49 36 42 29 49 37 41 29 49 38 40 29 49 39 39 29 49 40 38 29 49 41 37 29 49 42 36 29 49 43 35 29 49 44 34 29 49 45 33 29 49 46 32 29 49 47 31 29 49 48 30 29 49 49 29 29 49 50 28 29 49 51 27 29 49 52 26 29 49 53 25 29 49 54 24 29 49 55 23 29 49 56 22 29 49 57 21 29 49 58 20 29 49 59 19 29 49 60 18 29 49 61 17 29 49 62 16 29 50 17 62 29 50 18 61 29 50 19 60 29 50 20 59 29 50 21 58 29 50 22 57 29 50 23 56 29 50 24 55 29 50 25 54 29 50 26 53 29 50 27 52 29 50 28 51 29 50 29 50 29 50 30 49 29 50 31 48 29 50 32 47 29 50 33 46 29 50 34 45 29 50 35 44 29 50 36 43 29 50 37 42 29 50 38 41 29 50 39 40 29 50 40 39 29 50 41 38 29 50 42 37 29 50 43 36 29 50 44 35 29 50 45 34 29 50 46 33 29 50 47 32 29 50 48 31 29 50 49 30 29 50 50 29 29 50 51 28 29 50 52 27 29 50 53 26 29 50 54 25 29 50 55 24 29 50 56 23 29 50 57 22 29 50 58 21 29 50 59 20 29 50 60 19 29 50 61 18 29 50 62 17 29 51 18 62 29 51 19 61 29 51 20 60 29 51 21 59 29 51 22 58 29 51 23 57 29 51 24 56 29 51 25 55 29 51 26 54 29 51 27 53 29 51 28 52 29 51 29 51 29 51 30 50 29 51 31 49 29 51 32 48 29 51 33 47 29 51 34 46 29 51 35 45 29 51 36 44 29 51 37 43 29 51 38 42 29 51 39 41 29 51 40 40 29 51 41 39 29 51 42 38 29 51 43 37 29 51 44 36 29 51 45 35 29 51 46 34 29 51 47 33 29 51 48 32 29 51 49 31 29 51 50 30 29 51 51 29 29 51 52 28 29 51 53 27 29 51 54 26 29 51 55 25 29 51 56 24 29 51 57 23 29 51 58 22 29 51 59 21 29 51 60 20 29 51 61 19 29 51 62 18 29 52 19 62 29 52 20 61 29 52 21 60 29 52 22 59 29 52 23 58 29 52 24 57 29 52 25 56 29 52 26 55 29 52 27 54 29 52 28 53 29 52 29 52 29 52 30 51 29 52 31 50 29 52 32 49 29 52 33 48 29 52 34 47 29 52 35 46 29 52 36 45 29 52 37 44 29 52 38 43 29 52 39 42 29 52 40 41 29 52 41 40 29 52 42 39 29 52 43 38 29 52 44 37 29 52 45 36 29 52 46 35 29 52 47 34 29 52 48 33 29 52 49 32 29 52 50 31 29 52 51 30 29 52 52 29 29 52 53 28 29 52 54 27 29 52 55 26 29 52 56 25 29 52 57 24 29 52 58 23 29 52 59 22 29 52 60 21 29 52 61 20 29 52 62 19 29 53 20 62 29 53 21 61 29 53 22 60 29 53 23 59 29 53 24 58 29 53 25 57 29 53 26 56 29 53 27 55 29 53 28 54 29 53 29 53 29 53 30 52 29 53 31 51 29 53 32 50 29 53 33 49 29 53 34 48 29 53 35 47 29 53 36 46 29 53 37 45 29 53 38 44 29 53 39 43 29 53 40 42 29 53 41 41 29 53 42 40 29 53 43 39 29 53 44 38 29 53 45 37 29 53 46 36 29 53 47 35 29 53 48 34 29 53 49 33 29 53 50 32 29 53 51 31 29 53 52 30 29 53 53 29 29 53 54 28 29 53 55 27 29 53 56 26 29 53 57 25 29 53 58 24 29 53 59 23 29 53 60 22 29 53 61 21 29 53 62 20 29 54 21 62 29 54 22 61 29 54 23 60 29 54 24 59 29 54 25 58 29 54 26 57 29 54 27 56 29 54 28 55 29 54 29 54 29 54 30 53 29 54 31 52 29 54 32 51 29 54 33 50 29 54 34 49 29 54 35 48 29 54 36 47 29 54 37 46 29 54 38 45 29 54 39 44 29 54 40 43 29 54 41 42 29 54 42 41 29 54 43 40 29 54 44 39 29 54 45 38 29 54 46 37 29 54 47 36 29 54 48 35 29 54 49 34 29 54 50 33 29 54 51 32 29 54 52 31 29 54 53 30 29 54 54 29 29 54 55 28 29 54 56 27 29 54 57 26 29 54 58 25 29 54 59 24 29 54 60 23 29 54 61 22 29 54 62 21 29 55 22 62 29 55 23 61 29 55 24 60 29 55 25 59 29 55 26 58 29 55 27 57 29 55 28 56 29 55 29 55 29 55 30 54 29 55 31 53 29 55 32 52 29 55 33 51 29 55 34 50 29 55 35 49 29 55 36 48 29 55 37 47 29 55 38 46 29 55 39 45 29 55 40 44 29 55 41 43 29 55 42 42 29 55 43 41 29 55 44 40 29 55 45 39 29 55 46 38 29 55 47 37 29 55 48 36 29 55 49 35 29 55 50 34 29 55 51 33 29 55 52 32 29 55 53 31 29 55 54 30 29 55 55 29 29 55 56 28 29 55 57 27 29 55 58 26 29 55 59 25 29 55 60 24 29 55 61 23 29 55 62 22 29 56 23 62 29 56 24 61 29 56 25 60 29 56 26 59 29 56 27 58 29 56 28 57 29 56 29 56 29 56 30 55 29 56 31 54 29 56 32 53 29 56 33 52 29 56 34 51 29 56 35 50 29 56 36 49 29 56 37 48 29 56 38 47 29 56 39 46 29 56 40 45 29 56 41 44 29 56 42 43 29 56 43 42 29 56 44 41 29 56 45 40 29 56 46 39 29 56 47 38 29 56 48 37 29 56 49 36 29 56 50 35 29 56 51 34 29 56 52 33 29 56 53 32 29 56 54 31 29 56 55 30 29 56 56 29 29 56 57 28 29 56 58 27 29 56 59 26 29 56 60 25 29 56 61 24 29 56 62 23 29 57 24 62 29 57 25 61 29 57 26 60 29 57 27 59 29 57 28 58 29 57 29 57 29 57 30 56 29 57 31 55 29 57 32 54 29 57 33 53 29 57 34 52 29 57 35 51 29 57 36 50 29 57 37 49 29 57 38 48 29 57 39 47 29 57 40 46 29 57 41 45 29 57 42 44 29 57 43 43 29 57 44 42 29 57 45 41 29 57 46 40 29 57 47 39 29 57 48 38 29 57 49 37 29 57 50 36 29 57 51 35 29 57 52 34 29 57 53 33 29 57 54 32 29 57 55 31 29 57 56 30 29 57 57 29 29 57 58 28 29 57 59 27 29 57 60 26 29 57 61 25 29 57 62 24 29 58 25 62 29 58 26 61 29 58 27 60 29 58 28 59 29 58 29 58 29 58 30 57 29 58 31 56 29 58 32 55 29 58 33 54 29 58 34 53 29 58 35 52 29 58 36 51 29 58 37 50 29 58 38 49 29 58 39 48 29 58 40 47 29 58 41 46 29 58 42 45 29 58 43 44 29 58 44 43 29 58 45 42 29 58 46 41 29 58 47 40 29 58 48 39 29 58 49 38 29 58 50 37 29 58 51 36 29 58 52 35 29 58 53 34 29 58 54 33 29 58 55 32 29 58 56 31 29 58 57 30 29 58 58 29 29 58 59 28 29 58 60 27 29 58 61 26 29 58 62 25 29 59 26 62 29 59 27 61 29 59 28 60 29 59 29 59 29 59 30 58 29 59 31 57 29 59 32 56 29 59 33 55 29 59 34 54 29 59 35 53 29 59 36 52 29 59 37 51 29 59 38 50 29 59 39 49 29 59 40 48 29 59 41 47 29 59 42 46 29 59 43 45 29 59 44 44 29 59 45 43 29 59 46 42 29 59 47 41 29 59 48 40 29 59 49 39 29 59 50 38 29 59 51 37 29 59 52 36 29 59 53 35 29 59 54 34 29 59 55 33 29 59 56 32 29 59 57 31 29 59 58 30 29 59 59 29 29 59 60 28 29 59 61 27 29 59 62 26 29 60 27 62 29 60 28 61 29 60 29 60 29 60 30 59 29 60 31 58 29 60 32 57 29 60 33 56 29 60 34 55 29 60 35 54 29 60 36 53 29 60 37 52 29 60 38 51 29 60 39 50 29 60 40 49 29 60 41 48 29 60 42 47 29 60 43 46 29 60 44 45 29 60 45 44 29 60 46 43 29 60 47 42 29 60 48 41 29 60 49 40 29 60 50 39 29 60 51 38 29 60 52 37 29 60 53 36 29 60 54 35 29 60 55 34 29 60 56 33 29 60 57 32 29 60 58 31 29 60 59 30 29 60 60 29 29 60 61 28 29 60 62 27 29 61 28 62 29 61 29 61 29 61 30 60 29 61 31 59 29 61 32 58 29 61 33 57 29 61 34 56 29 61 35 55 29 61 36 54 29 61 37 53 29 61 38 52 29 61 39 51 29 61 40 50 29 61 41 49 29 61 42 48 29 61 43 47 29 61 44 46 29 61 45 45 29 61 46 44 29 61 47 43 29 61 48 42 29 61 49 41 29 61 50 40 29 61 51 39 29 61 52 38 29 61 53 37 29 61 54 36 29 61 55 35 29 61 56 34 29 61 57 33 29 61 58 32 29 61 59 31 29 61 60 30 29 61 61 29 29 61 62 28 29 62 29 62 29 62 30 61 29 62 31 60 29 62 32 59 29 62 33 58 29 62 34 57 29 62 35 56 29 62 36 55 29 62 37 54 29 62 38 53 29 62 39 52 29 62 40 51 29 62 41 50 29 62 42 49 29 62 43 48 29 62 44 47 29 62 45 46 29 62 46 45 29 62 47 44 29 62 48 43 29 62 49 42 29 62 50 41 29 62 51 40 29 62 52 39 29 62 53 38 29 62 54 37 29 62 55 36 29 62 56 35 29 62 57 34 29 62 58 33 29 62 59 32 29 62 60 31 29 62 61 30 29 62 62 29 

































