




































37 0 0 37 37 0 1 35 37 0 2 33 37 0 3 32 37 0 32 3 37 0 33 2 37 0 35 1 37 0 37 0 37 1 0 39 37 1 1 37 37 1 2 35 37 1 3 34 37 1 4 32 37 1 5 31 37 1 6 30 37 1 7 28 37 1 8 27 37 1 9 26 37 1 10 24 37 1 11 23 37 1 12 22 37 1 13 21 37 1 14 20 37 1 15 19 37 1 16 18 37 1 17 17 37 1 18 16 37 1 19 15 37 1 20 14 37 1 21 13 37 1 22 12 37 1 23 11 37 1 24 10 37 1 26 9 37 1 27 8 37 1 28 7 37 1 30 6 37 1 31 5 37 1 32 4 37 1 34 3 37 1 35 2 37 1 37 1 37 1 39 0 37 2 1 39 37 2 2 37 37 2 3 36 37 2 4 34 37 2 5 33 37 2 6 32 37 2 7 30 37 2 8 29 37 2 9 28 37 2 10 26 37 2 11 25 37 2 12 24 37 2 13 23 37 2 14 22 37 2 15 21 37 2 16 20 37 2 17 19 37 2 18 18 37 2 19 17 37 2 20 16 37 2 21 15 37 2 22 14 37 2 23 13 37 2 24 12 37 2 25 11 37 2 26 10 37 2 28 9 37 2 29 8 37 2 30 7 37 2 32 6 37 2 33 5 37 2 34 4 37 2 36 3 37 2 37 2 37 2 39 1 37 3 1 40 37 3 2 38 37 3 3 37 37 3 4 35 37 3 5 34 37 3 6 33 37 3 7 31 37 3 8 30 37 3 9 29 37 3 10 27 37 3 11 26 37 3 12 25 37 3 13 24 37 3 14 23 37 3 15 22 37 3 16 21 37 3 17 20 37 3 18 19 37 3 19 18 37 3 20 17 37 3 21 16 37 3 22 15 37 3 23 14 37 3 24 13 37 3 25 12 37 3 26 11 37 3 27 10 37 3 29 9 37 3 30 8 37 3 31 7 37 3 33 6 37 3 34 5 37 3 35 4 37 3 37 3 37 3 38 2 37 3 40 1 37 4 2 40 37 4 3 39 37 4 4 37 37 4 5 36 37 4 6 35 37 4 7 33 37 4 8 32 37 4 9 31 37 4 10 29 37 4 11 28 37 4 12 27 37 4 13 26 37 4 14 25 37 4 15 24 37 4 16 23 37 4 17 22 37 4 18 21 37 4 19 20 37 4 20 19 37 4 21 18 37 4 22 17 37 4 23 16 37 4 24 15 37 4 25 14 37 4 26 13 37 4 27 12 37 4 28 11 37 4 29 10 37 4 31 9 37 4 32 8 37 4 33 7 37 4 35 6 37 4 36 5 37 4 37 4 37 4 39 3 37 4 40 2 37 5 2 41 37 5 3 40 37 5 4 38 37 5 5 37 37 5 6 36 37 5 7 34 37 5 8 33 37 5 9 32 37 5 10 30 37 5 11 29 37 5 12 28 37 5 13 27 37 5 14 26 37 5 15 25 37 5 16 24 37 5 17 23 37 5 18 22 37 5 19 21 37 5 20 20 37 5 21 19 37 5 22 18 37 5 23 17 37 5 24 16 37 5 25 15 37 5 26 14 37 5 27 13 37 5 28 12 37 5 29 11 37 5 30 10 37 5 32 9 37 5 33 8 37 5 34 7 37 5 36 6 37 5 37 5 37 5 38 4 37 5 40 3 37 5 41 2 37 6 2 42 37 6 3 41 37 6 4 39 37 6 5 38 37 6 6 37 37 6 7 35 37 6 8 34 37 6 9 33 37 6 10 31 37 6 11 30 37 6 12 29 37 6 13 28 37 6 14 27 37 6 15 26 37 6 16 25 37 6 17 24 37 6 18 23 37 6 19 22 37 6 20 21 37 6 21 20 37 6 22 19 37 6 23 18 37 6 24 17 37 6 25 16 37 6 26 15 37 6 27 14 37 6 28 13 37 6 29 12 37 6 30 11 37 6 31 10 37 6 33 9 37 6 34 8 37 6 35 7 37 6 37 6 37 6 38 5 37 6 39 4 37 6 41 3 37 6 42 2 37 7 4 41 37 7 5 40 37 7 6 39 37 7 7 37 37 7 8 36 37 7 9 35 37 7 10 33 37 7 11 32 37 7 12 31 37 7 13 30 37 7 14 29 37 7 15 28 37 7 16 27 37 7 17 26 37 7 18 25 37 7 19 24 37 7 20 23 37 7 21 22 37 7 22 21 37 7 23 20 37 7 24 19 37 7 25 18 37 7 26 17 37 7 27 16 37 7 28 15 37 7 29 14 37 7 30 13 37 7 31 12 37 7 32 11 37 7 33 10 37 7 35 9 37 7 36 8 37 7 37 7 37 7 39 6 37 7 40 5 37 7 41 4 37 8 4 42 37 8 5 41 37 8 6 40 37 8 7 38 37 8 8 37 37 8 9 36 37 8 10 34 37 8 11 33 37 8 12 32 37 8 13 31 37 8 14 30 37 8 15 29 37 8 16 28 37 8 17 27 37 8 18 26 37 8 19 25 37 8 20 24 37 8 21 23 37 8 22 22 37 8 23 21 37 8 24 20 37 8 25 19 37 8 26 18 37 8 27 17 37 8 28 16 37 8 29 15 37 8 30 14 37 8 31 13 37 8 32 12 37 8 33 11 37 8 34 10 37 8 36 9 37 8 37 8 37 8 38 7 37 8 40 6 37 8 41 5 37 8 42 4 37 9 5 42 37 9 6 41 37 9 7 39 37 9 8 38 37 9 9 37 37 9 10 35 37 9 11 34 37 9 12 33 37 9 13 32 37 9 14 31 37 9 15 30 37 9 16 29 37 9 17 28 37 9 18 27 37 9 19 26 37 9 20 25 37 9 21 24 37 9 22 23 37 9 23 22 37 9 24 21 37 9 25 20 37 9 26 19 37 9 27 18 37 9 28 17 37 9 29 16 37 9 30 15 37 9 31 14 37 9 32 13 37 9 33 12 37 9 34 11 37 9 35 10 37 9 37 9 37 9 38 8 37 9 39 7 37 9 41 6 37 9 42 5 37 10 7 41 37 10 8 40 37 10 9 39 37 10 10 37 37 10 11 36 37 10 12 35 37 10 13 34 37 10 14 33 37 10 15 32 37 10 16 31 37 10 17 30 37 10 18 29 37 10 19 28 37 10 20 27 37 10 21 26 37 10 22 25 37 10 23 24 37 10 24 23 37 10 25 22 37 10 26 21 37 10 27 20 37 10 28 19 37 10 29 18 37 10 30 17 37 10 31 16 37 10 32 15 37 10 33 14 37 10 34 13 37 10 35 12 37 10 36 11 37 10 37 10 37 10 39 9 37 10 40 8 37 10 41 7 37 11 7 42 37 11 8 41 37 11 9 40 37 11 10 38 37 11 11 37 37 11 12 36 37 11 13 35 37 11 14 34 37 11 15 33 37 11 16 32 37 11 17 31 37 11 18 30 37 11 19 29 37 11 20 28 37 11 21 27 37 11 22 26 37 11 23 25 37 11 24 24 37 11 25 23 37 11 26 22 37 11 27 21 37 11 28 20 37 11 29 19 37 11 30 18 37 11 31 17 37 11 32 16 37 11 33 15 37 11 34 14 37 11 35 13 37 11 36 12 37 11 37 11 37 11 38 10 37 11 40 9 37 11 41 8 37 11 42 7 37 12 8 42 37 12 9 41 37 12 10 39 37 12 11 38 37 12 12 37 37 12 13 36 37 12 14 35 37 12 15 34 37 12 16 33 37 12 17 32 37 12 18 31 37 12 19 30 37 12 20 29 37 12 21 28 37 12 22 27 37 12 23 26 37 12 24 25 37 12 25 24 37 12 26 23 37 12 27 22 37 12 28 21 37 12 29 20 37 12 30 19 37 12 31 18 37 12 32 17 37 12 33 16 37 12 34 15 37 12 35 14 37 12 36 13 37 12 37 12 37 12 38 11 37 12 39 10 37 12 41 9 37 12 42 8 37 13 9 42 37 13 10 40 37 13 11 39 37 13 12 38 37 13 13 37 37 13 14 36 37 13 15 35 37 13 16 34 37 13 17 33 37 13 18 32 37 13 19 31 37 13 20 30 37 13 21 29 37 13 22 28 37 13 23 27 37 13 24 26 37 13 25 25 37 13 26 24 37 13 27 23 37 13 28 22 37 13 29 21 37 13 30 20 37 13 31 19 37 13 32 18 37 13 33 17 37 13 34 16 37 13 35 15 37 13 36 14 37 13 37 13 37 13 38 12 37 13 39 11 37 13 40 10 37 13 42 9 37 14 10 41 37 14 11 40 37 14 12 39 37 14 13 38 37 14 14 37 37 14 15 36 37 14 16 35 37 14 17 34 37 14 18 33 37 14 19 32 37 14 20 31 37 14 21 30 37 14 22 29 37 14 23 28 37 14 24 27 37 14 25 26 37 14 26 25 37 14 27 24 37 14 28 23 37 14 29 22 37 14 30 21 37 14 31 20 37 14 32 19 37 14 33 18 37 14 34 17 37 14 35 16 37 14 36 15 37 14 37 14 37 14 38 13 37 14 39 12 37 14 40 11 37 14 41 10 37 15 10 42 37 15 11 41 37 15 12 40 37 15 13 39 37 15 14 38 37 15 15 37 37 15 16 36 37 15 17 35 37 15 18 34 37 15 19 33 37 15 20 32 37 15 21 31 37 15 22 30 37 15 23 29 37 15 24 28 37 15 25 27 37 15 26 26 37 15 27 25 37 15 28 24 37 15 29 23 37 15 30 22 37 15 31 21 37 15 32 20 37 15 33 19 37 15 34 18 37 15 35 17 37 15 36 16 37 15 37 15 37 15 38 14 37 15 39 13 37 15 40 12 37 15 41 11 37 15 42 10 37 16 11 42 37 16 12 41 37 16 13 40 37 16 14 39 37 16 15 38 37 16 16 37 37 16 17 36 37 16 18 35 37 16 19 34 37 16 20 33 37 16 21 32 37 16 22 31 37 16 23 30 37 16 24 29 37 16 25 28 37 16 26 27 37 16 27 26 37 16 28 25 37 16 29 24 37 16 30 23 37 16 31 22 37 16 32 21 37 16 33 20 37 16 34 19 37 16 35 18 37 16 36 17 37 16 37 16 37 16 38 15 37 16 39 14 37 16 40 13 37 16 41 12 37 16 42 11 37 17 12 42 37 17 13 41 37 17 14 40 37 17 15 39 37 17 16 38 37 17 17 37 37 17 18 36 37 17 19 35 37 17 20 34 37 17 21 33 37 17 22 32 37 17 23 31 37 17 24 30 37 17 25 29 37 17 26 28 37 17 27 27 37 17 28 26 37 17 29 25 37 17 30 24 37 17 31 23 37 17 32 22 37 17 33 21 37 17 34 20 37 17 35 19 37 17 36 18 37 17 37 17 37 17 38 16 37 17 39 15 37 17 40 14 37 17 41 13 37 17 42 12 37 18 13 42 37 18 14 41 37 18 15 40 37 18 16 39 37 18 17 38 37 18 18 37 37 18 19 36 37 18 20 35 37 18 21 34 37 18 22 33 37 18 23 32 37 18 24 31 37 18 25 30 37 18 26 29 37 18 27 28 37 18 28 27 37 18 29 26 37 18 30 25 37 18 31 24 37 18 32 23 37 18 33 22 37 18 34 21 37 18 35 20 37 18 36 19 37 18 37 18 37 18 38 17 37 18 39 16 37 18 40 15 37 18 41 14 37 18 42 13 37 19 14 42 37 19 15 41 37 19 16 40 37 19 17 39 37 19 18 38 37 19 19 37 37 19 20 36 37 19 21 35 37 19 22 34 37 19 23 33 37 19 24 32 37 19 25 31 37 19 26 30 37 19 27 29 37 19 28 28 37 19 29 27 37 19 30 26 37 19 31 25 37 19 32 24 37 19 33 23 37 19 34 22 37 19 35 21 37 19 36 20 37 19 37 19 37 19 38 18 37 19 39 17 37 19 40 16 37 19 41 15 37 19 42 14 37 20 15 42 37 20 16 41 37 20 17 40 37 20 18 39 37 20 19 38 37 20 20 37 37 20 21 36 37 20 22 35 37 20 23 34 37 20 24 33 37 20 25 32 37 20 26 31 37 20 27 30 37 20 28 29 37 20 29 28 37 20 30 27 37 20 31 26 37 20 32 25 37 20 33 24 37 20 34 23 37 20 35 22 37 20 36 21 37 20 37 20 37 20 38 19 37 20 39 18 37 20 40 17 37 20 41 16 37 20 42 15 37 21 16 42 37 21 17 41 37 21 18 40 37 21 19 39 37 21 20 38 37 21 21 37 37 21 22 36 37 21 23 35 37 21 24 34 37 21 25 33 37 21 26 32 37 21 27 31 37 21 28 30 37 21 29 29 37 21 30 28 37 21 31 27 37 21 32 26 37 21 33 25 37 21 34 24 37 21 35 23 37 21 36 22 37 21 37 21 37 21 38 20 37 21 39 19 37 21 40 18 37 21 41 17 37 21 42 16 37 22 17 42 37 22 18 41 37 22 19 40 37 22 20 39 37 22 21 38 37 22 22 37 37 22 23 36 37 22 24 35 37 22 25 34 37 22 26 33 37 22 27 32 37 22 28 31 37 22 29 30 37 22 30 29 37 22 31 28 37 22 32 27 37 22 33 26 37 22 34 25 37 22 35 24 37 22 36 23 37 22 37 22 37 22 38 21 37 22 39 20 37 22 40 19 37 22 41 18 37 22 42 17 37 23 18 42 37 23 19 41 37 23 20 40 37 23 21 39 37 23 22 38 37 23 23 37 37 23 24 36 37 23 25 35 37 23 26 34 37 23 27 33 37 23 28 32 37 23 29 31 37 23 30 30 37 23 31 29 37 23 32 28 37 23 33 27 37 23 34 26 37 23 35 25 37 23 36 24 37 23 37 23 37 23 38 22 37 23 39 21 37 23 40 20 37 23 41 19 37 23 42 18 37 24 19 42 37 24 20 41 37 24 21 40 37 24 22 39 37 24 23 38 37 24 24 37 37 24 25 36 37 24 26 35 37 24 27 34 37 24 28 33 37 24 29 32 37 24 30 31 37 24 31 30 37 24 32 29 37 24 33 28 37 24 34 27 37 24 35 26 37 24 36 25 37 24 37 24 37 24 38 23 37 24 39 22 37 24 40 21 37 24 41 20 37 24 42 19 37 25 20 42 37 25 21 41 37 25 22 40 37 25 23 39 37 25 24 38 37 25 25 37 37 25 26 36 37 25 27 35 37 25 28 34 37 25 29 33 37 25 30 32 37 25 31 31 37 25 32 30 37 25 33 29 37 25 34 28 37 25 35 27 37 25 36 26 37 25 37 25 37 25 38 24 37 25 39 23 37 25 40 22 37 25 41 21 37 25 42 20 37 26 21 42 37 26 22 41 37 26 23 40 37 26 24 39 37 26 25 38 37 26 26 37 37 26 27 36 37 26 28 35 37 26 29 34 37 26 30 33 37 26 31 32 37 26 32 31 37 26 33 30 37 26 34 29 37 26 35 28 37 26 36 27 37 26 37 26 37 26 38 25 37 26 39 24 37 26 40 23 37 26 41 22 37 26 42 21 37 27 22 42 37 27 23 41 37 27 24 40 37 27 25 39 37 27 26 38 37 27 27 37 37 27 28 36 37 27 29 35 37 27 30 34 37 27 31 33 37 27 32 32 37 27 33 31 37 27 34 30 37 27 35 29 37 27 36 28 37 27 37 27 37 27 38 26 37 27 39 25 37 27 40 24 37 27 41 23 37 27 42 22 37 28 23 42 37 28 24 41 37 28 25 40 37 28 26 39 37 28 27 38 37 28 28 37 37 28 29 36 37 28 30 35 37 28 31 34 37 28 32 33 37 28 33 32 37 28 34 31 37 28 35 30 37 28 36 29 37 28 37 28 37 28 38 27 37 28 39 26 37 28 40 25 37 28 41 24 37 28 42 23 37 29 24 42 37 29 25 41 37 29 26 40 37 29 27 39 37 29 28 38 37 29 29 37 37 29 30 36 37 29 31 35 37 29 32 34 37 29 33 33 37 29 34 32 37 29 35 31 37 29 36 30 37 29 37 29 37 29 38 28 37 29 39 27 37 29 40 26 37 29 41 25 37 29 42 24 37 30 25 42 37 30 26 41 37 30 27 40 37 30 28 39 37 30 29 38 37 30 30 37 37 30 31 36 37 30 32 35 37 30 33 34 37 30 34 33 37 30 35 32 37 30 36 31 37 30 37 30 37 30 38 29 37 30 39 28 37 30 40 27 37 30 41 26 37 30 42 25 37 31 26 42 37 31 27 41 37 31 28 40 37 31 29 39 37 31 30 38 37 31 31 37 37 31 32 36 37 31 33 35 37 31 34 34 37 31 35 33 37 31 36 32 37 31 37 31 37 31 38 30 37 31 39 29 37 31 40 28 37 31 41 27 37 31 42 26 37 32 27 42 37 32 28 41 37 32 29 40 37 32 30 39 37 32 31 38 37 32 32 37 37 32 33 36 37 32 34 35 37 32 35 34 37 32 36 33 37 32 37 32 37 32 38 31 37 32 39 30 37 32 40 29 37 32 41 28 37 32 42 27 37 33 28 42 37 33 29 41 37 33 30 40 37 33 31 39 37 33 32 38 37 33 33 37 37 33 34 36 37 33 35 35 37 33 36 34 37 33 37 33 37 33 38 32 37 33 39 31 37 33 40 30 37 33 41 29 37 33 42 28 37 34 29 42 37 34 30 41 37 34 31 40 37 34 32 39 37 34 33 38 37 34 34 37 37 34 35 36 37 34 36 35 37 34 37 34 37 34 38 33 37 34 39 32 37 34 40 31 37 34 41 30 37 34 42 29 37 35 30 42 37 35 31 41 37 35 32 40 37 35 33 39 37 35 34 38 37 35 35 37 37 35 36 36 37 35 37 35 37 35 38 34 37 35 39 33 37 35 40 32 37 35 41 31 37 35 42 30 37 36 31 42 37 36 32 41 37 36 33 40 37 36 34 39 37 36 35 38 37 36 36 37 37 36 37 36 37 36 38 35 37 36 39 34 37 36 40 33 37 36 41 32 37 36 42 31 37 37 32 42 37 37 33 41 37 37 34 40 37 37 35 39 37 37 36 38 37 37 37 37 37 37 38 36 37 37 39 35 37 37 40 34 37 37 41 33 37 37 42 32 37 38 33 42 37 38 34 41 37 38 35 40 37 38 36 39 37 38 37 38 37 38 38 37 37 38 39 36 37 38 40 35 37 38 41 34 37 38 42 33 37 39 34 42 37 39 35 41 37 39 36 40 37 39 37 39 37 39 38 38 37 39 39 37 37 39 40 36 37 39 41 35 37 39 42 34 37 40 35 42 37 40 36 41 37 40 37 40 37 40 38 39 37 40 39 38 37 40 40 37 37 40 41 36 37 40 42 35 37 41 36 42 37 41 37 41 37 41 38 40 37 41 39 39 37 41 40 38 37 41 41 37 37 41 42 36 37 42 37 42 37 42 38 41 37 42 39 40 37 42 40 39 37 42 41 38 37 42 42 37 





