
























25 0 0 25 25 0 1 23 25 0 2 21 25 0 3 20 25 0 4 18 25 0 5 17 25 0 6 16 25 0 7 14 25 0 9 12 25 0 10 10 25 0 12 9 25 0 14 7 25 0 16 6 25 0 17 5 25 0 18 4 25 0 20 3 25 0 21 2 25 0 23 1 25 0 25 0 25 1 0 27 25 1 1 25 25 1 2 23 25 1 3 22 25 1 4 20 25 1 5 19 25 1 6 18 25 1 7 16 25 1 8 15 25 1 9 14 25 1 10 12 25 1 12 10 25 1 14 9 25 1 15 8 25 1 16 7 25 1 18 6 25 1 19 5 25 1 20 4 25 1 22 3 25 1 23 2 25 1 25 1 25 1 27 0 25 2 0 29 25 2 1 27 25 2 2 25 25 2 3 24 25 2 4 22 25 2 5 21 25 2 6 20 25 2 7 18 25 2 8 17 25 2 9 16 25 2 10 14 25 2 11 13 25 2 12 12 25 2 13 11 25 2 14 10 25 2 16 9 25 2 17 8 25 2 18 7 25 2 20 6 25 2 21 5 25 2 22 4 25 2 24 3 25 2 25 2 25 2 27 1 25 2 29 0 25 3 0 30 25 3 1 28 25 3 2 26 25 3 3 25 25 3 4 23 25 3 5 22 25 3 6 21 25 3 7 19 25 3 8 18 25 3 9 17 25 3 10 15 25 3 11 14 25 3 12 13 25 3 13 12 25 3 14 11 25 3 15 10 25 3 17 9 25 3 18 8 25 3 19 7 25 3 21 6 25 3 22 5 25 3 23 4 25 3 25 3 25 3 26 2 25 3 28 1 25 3 30 0 25 4 0 32 25 4 1 30 25 4 2 28 25 4 3 27 25 4 4 25 25 4 5 24 25 4 6 23 25 4 7 21 25 4 8 20 25 4 9 19 25 4 10 17 25 4 11 16 25 4 12 15 25 4 13 14 25 4 14 13 25 4 15 12 25 4 16 11 25 4 17 10 25 4 19 9 25 4 20 8 25 4 21 7 25 4 23 6 25 4 24 5 25 4 25 4 25 4 27 3 25 4 28 2 25 4 30 1 25 4 32 0 25 5 0 33 25 5 1 31 25 5 2 29 25 5 3 28 25 5 4 26 25 5 5 25 25 5 6 24 25 5 8 21 25 5 10 18 25 5 12 16 25 5 13 15 25 5 14 14 25 5 15 13 25 5 16 12 25 5 18 10 25 5 21 8 25 5 24 6 25 5 25 5 25 5 26 4 25 5 28 3 25 5 29 2 25 5 31 1 25 5 33 0 25 6 0 34 25 6 1 32 25 6 2 30 25 6 3 29 25 6 4 27 25 6 5 26 25 6 6 25 25 6 7 23 25 6 8 22 25 6 9 21 25 6 10 19 25 6 11 18 25 6 12 17 25 6 13 16 25 6 14 15 25 6 15 14 25 6 16 13 25 6 17 12 25 6 18 11 25 6 19 10 25 6 21 9 25 6 22 8 25 6 23 7 25 6 25 6 25 6 26 5 25 6 27 4 25 6 29 3 25 6 30 2 25 6 32 1 25 6 34 0 25 7 1 34 25 7 2 32 25 7 3 31 25 7 4 29 25 7 5 28 25 7 6 27 25 7 7 25 25 7 8 24 25 7 9 23 25 7 10 21 25 7 11 20 25 7 12 19 25 7 13 18 25 7 14 17 25 7 15 16 25 7 16 15 25 7 17 14 25 7 18 13 25 7 19 12 25 7 20 11 25 7 21 10 25 7 23 9 25 7 24 8 25 7 25 7 25 7 27 6 25 7 28 5 25 7 29 4 25 7 31 3 25 7 32 2 25 7 34 1 25 8 1 35 25 8 2 33 25 8 3 32 25 8 4 30 25 8 5 29 25 8 6 28 25 8 7 26 25 8 8 25 25 8 9 24 25 8 10 22 25 8 11 21 25 8 12 20 25 8 13 19 25 8 14 18 25 8 15 17 25 8 16 16 25 8 17 15 25 8 18 14 25 8 19 13 25 8 20 12 25 8 21 11 25 8 22 10 25 8 24 9 25 8 25 8 25 8 26 7 25 8 28 6 25 8 29 5 25 8 30 4 25 8 32 3 25 8 33 2 25 8 35 1 25 9 1 36 25 9 2 34 25 9 3 33 25 9 4 31 25 9 5 30 25 9 6 29 25 9 7 27 25 9 8 26 25 9 9 25 25 9 10 23 25 9 11 22 25 9 12 21 25 9 13 20 25 9 14 19 25 9 15 18 25 9 16 17 25 9 17 16 25 9 18 15 25 9 19 14 25 9 20 13 25 9 21 12 25 9 22 11 25 9 23 10 25 9 25 9 25 9 26 8 25 9 27 7 25 9 29 6 25 9 30 5 25 9 31 4 25 9 33 3 25 9 34 2 25 9 36 1 25 10 1 38 25 10 2 36 25 10 3 35 25 10 4 33 25 10 5 32 25 10 6 31 25 10 7 29 25 10 8 28 25 10 9 27 25 10 10 25 25 10 11 24 25 10 12 23 25 10 13 22 25 10 14 21 25 10 15 20 25 10 16 19 25 10 17 18 25 10 18 17 25 10 19 16 25 10 20 15 25 10 21 14 25 10 22 13 25 10 23 12 25 10 24 11 25 10 25 10 25 10 27 9 25 10 28 8 25 10 29 7 25 10 31 6 25 10 32 5 25 10 33 4 25 10 35 3 25 10 36 2 25 10 38 1 25 11 2 37 25 11 3 36 25 11 4 34 25 11 5 33 25 11 6 32 25 11 7 30 25 11 8 29 25 11 9 28 25 11 10 26 25 11 11 25 25 11 12 24 25 11 13 23 25 11 14 22 25 11 15 21 25 11 16 20 25 11 17 19 25 11 18 18 25 11 19 17 25 11 20 16 25 11 21 15 25 11 22 14 25 11 23 13 25 11 24 12 25 11 25 11 25 11 26 10 25 11 28 9 25 11 29 8 25 11 30 7 25 11 32 6 25 11 33 5 25 11 34 4 25 11 36 3 25 11 37 2 25 12 2 38 25 12 3 37 25 12 4 35 25 12 5 34 25 12 6 33 25 12 7 31 25 12 8 30 25 12 9 29 25 12 10 27 25 12 11 26 25 12 12 25 25 12 13 24 25 12 14 23 25 12 15 22 25 12 16 21 25 12 17 20 25 12 18 19 25 12 19 18 25 12 20 17 25 12 21 16 25 12 22 15 25 12 23 14 25 12 24 13 25 12 25 12 25 12 26 11 25 12 27 10 25 12 29 9 25 12 30 8 25 12 31 7 25 12 33 6 25 12 34 5 25 12 35 4 25 12 37 3 25 12 38 2 25 13 2 39 25 13 3 38 25 13 4 36 25 13 5 35 25 13 6 34 25 13 7 32 25 13 8 31 25 13 9 30 25 13 10 28 25 13 11 27 25 13 12 26 25 13 13 25 25 13 14 24 25 13 15 23 25 13 16 22 25 13 17 21 25 13 18 20 25 13 19 19 25 13 20 18 25 13 21 17 25 13 22 16 25 13 23 15 25 13 24 14 25 13 25 13 25 13 26 12 25 13 27 11 25 13 28 10 25 13 30 9 25 13 31 8 25 13 32 7 25 13 34 6 25 13 35 5 25 13 36 4 25 13 38 3 25 13 39 2 25 14 3 39 25 14 4 37 25 14 5 36 25 14 6 35 25 14 7 33 25 14 8 32 25 14 9 31 25 14 10 29 25 14 11 28 25 14 12 27 25 14 13 26 25 14 14 25 25 14 15 24 25 14 16 23 25 14 17 22 25 14 18 21 25 14 19 20 25 14 20 19 25 14 21 18 25 14 22 17 25 14 23 16 25 14 24 15 25 14 25 14 25 14 26 13 25 14 27 12 25 14 28 11 25 14 29 10 25 14 31 9 25 14 32 8 25 14 33 7 25 14 35 6 25 14 36 5 25 14 37 4 25 14 39 3 25 15 3 40 25 15 4 38 25 15 5 37 25 15 6 36 25 15 7 34 25 15 8 33 25 15 9 32 25 15 10 30 25 15 11 29 25 15 12 28 25 15 13 27 25 15 14 26 25 15 15 25 25 15 16 24 25 15 17 23 25 15 18 22 25 15 19 21 25 15 20 20 25 15 21 19 25 15 22 18 25 15 23 17 25 15 24 16 25 15 25 15 25 15 26 14 25 15 27 13 25 15 28 12 25 15 29 11 25 15 30 10 25 15 32 9 25 15 33 8 25 15 34 7 25 15 36 6 25 15 37 5 25 15 38 4 25 15 40 3 25 16 3 41 25 16 4 39 25 16 5 38 25 16 6 37 25 16 7 35 25 16 8 34 25 16 9 33 25 16 10 31 25 16 11 30 25 16 12 29 25 16 13 28 25 16 14 27 25 16 15 26 25 16 16 25 25 16 17 24 25 16 18 23 25 16 19 22 25 16 20 21 25 16 21 20 25 16 22 19 25 16 23 18 25 16 24 17 25 16 25 16 25 16 26 15 25 16 27 14 25 16 28 13 25 16 29 12 25 16 30 11 25 16 31 10 25 16 33 9 25 16 34 8 25 16 35 7 25 16 37 6 25 16 38 5 25 16 39 4 25 16 41 3 25 17 4 40 25 17 5 39 25 17 6 38 25 17 7 36 25 17 8 35 25 17 9 34 25 17 10 32 25 17 11 31 25 17 12 30 25 17 13 29 25 17 14 28 25 17 15 27 25 17 16 26 25 17 17 25 25 17 18 24 25 17 19 23 25 17 20 22 25 17 21 21 25 17 22 20 25 17 23 19 25 17 24 18 25 17 25 17 25 17 26 16 25 17 27 15 25 17 28 14 25 17 29 13 25 17 30 12 25 17 31 11 25 17 32 10 25 17 34 9 25 17 35 8 25 17 36 7 25 17 38 6 25 17 39 5 25 17 40 4 25 18 4 41 25 18 5 40 25 18 6 39 25 18 7 37 25 18 8 36 25 18 9 35 25 18 10 33 25 18 11 32 25 18 12 31 25 18 13 30 25 18 14 29 25 18 15 28 25 18 16 27 25 18 17 26 25 18 18 25 25 18 19 24 25 18 20 23 25 18 21 22 25 18 22 21 25 18 23 20 25 18 24 19 25 18 25 18 25 18 26 17 25 18 27 16 25 18 28 15 25 18 29 14 25 18 30 13 25 18 31 12 25 18 32 11 25 18 33 10 25 18 35 9 25 18 36 8 25 18 37 7 25 18 39 6 25 18 40 5 25 18 41 4 25 19 4 42 25 19 5 41 25 19 6 40 25 19 7 38 25 19 8 37 25 19 9 36 25 19 10 34 25 19 11 33 25 19 12 32 25 19 13 31 25 19 14 30 25 19 15 29 25 19 16 28 25 19 17 27 25 19 18 26 25 19 19 25 25 19 20 24 25 19 21 23 25 19 22 22 25 19 23 21 25 19 24 20 25 19 25 19 25 19 26 18 25 19 27 17 25 19 28 16 25 19 29 15 25 19 30 14 25 19 31 13 25 19 32 12 25 19 33 11 25 19 34 10 25 19 36 9 25 19 37 8 25 19 38 7 25 19 40 6 25 19 41 5 25 19 42 4 25 20 5 42 25 20 6 41 25 20 7 39 25 20 8 38 25 20 9 37 25 20 10 35 25 20 11 34 25 20 12 33 25 20 13 32 25 20 14 31 25 20 15 30 25 20 16 29 25 20 17 28 25 20 18 27 25 20 19 26 25 20 20 25 25 20 21 24 25 20 22 23 25 20 23 22 25 20 24 21 25 20 25 20 25 20 26 19 25 20 27 18 25 20 28 17 25 20 29 16 25 20 30 15 25 20 31 14 25 20 32 13 25 20 33 12 25 20 34 11 25 20 35 10 25 20 37 9 25 20 38 8 25 20 39 7 25 20 41 6 25 20 42 5 25 21 6 42 25 21 7 40 25 21 8 39 25 21 9 38 25 21 10 36 25 21 11 35 25 21 12 34 25 21 13 33 25 21 14 32 25 21 15 31 25 21 16 30 25 21 17 29 25 21 18 28 25 21 19 27 25 21 20 26 25 21 21 25 25 21 22 24 25 21 23 23 25 21 24 22 25 21 25 21 25 21 26 20 25 21 27 19 25 21 28 18 25 21 29 17 25 21 30 16 25 21 31 15 25 21 32 14 25 21 33 13 25 21 34 12 25 21 35 11 25 21 36 10 25 21 38 9 25 21 39 8 25 21 40 7 25 21 42 6 25 22 7 41 25 22 8 40 25 22 9 39 25 22 10 37 25 22 11 36 25 22 12 35 25 22 13 34 25 22 14 33 25 22 15 32 25 22 16 31 25 22 17 30 25 22 18 29 25 22 19 28 25 22 20 27 25 22 21 26 25 22 22 25 25 22 23 24 25 22 24 23 25 22 25 22 25 22 26 21 25 22 27 20 25 22 28 19 25 22 29 18 25 22 30 17 25 22 31 16 25 22 32 15 25 22 33 14 25 22 34 13 25 22 35 12 25 22 36 11 25 22 37 10 25 22 39 9 25 22 40 8 25 22 41 7 25 23 7 42 25 23 8 41 25 23 9 40 25 23 10 38 25 23 11 37 25 23 12 36 25 23 13 35 25 23 14 34 25 23 15 33 25 23 16 32 25 23 17 31 25 23 18 30 25 23 19 29 25 23 20 28 25 23 21 27 25 23 22 26 25 23 23 25 25 23 24 24 25 23 25 23 25 23 26 22 25 23 27 21 25 23 28 20 25 23 29 19 25 23 30 18 25 23 31 17 25 23 32 16 25 23 33 15 25 23 34 14 25 23 35 13 25 23 36 12 25 23 37 11 25 23 38 10 25 23 40 9 25 23 41 8 25 23 42 7 25 24 8 42 25 24 9 41 25 24 10 39 25 24 11 38 25 24 12 37 25 24 13 36 25 24 14 35 25 24 15 34 25 24 16 33 25 24 17 32 25 24 18 31 25 24 19 30 25 24 20 29 25 24 21 28 25 24 22 27 25 24 23 26 25 24 24 25 25 24 25 24 25 24 26 23 25 24 27 22 25 24 28 21 25 24 29 20 25 24 30 19 25 24 31 18 25 24 32 17 25 24 33 16 25 24 34 15 25 24 35 14 25 24 36 13 25 24 37 12 25 24 38 11 25 24 39 10 25 24 41 9 25 24 42 8 25 25 9 42 25 25 10 40 25 25 11 39 25 25 12 38 25 25 13 37 25 25 14 36 25 25 15 35 25 25 16 34 25 25 17 33 25 25 18 32 25 25 19 31 25 25 20 30 25 25 21 29 25 25 22 28 25 25 23 27 25 25 24 26 25 25 25 25 25 25 26 24 25 25 27 23 25 25 28 22 25 25 29 21 25 25 30 20 25 25 31 19 25 25 32 18 25 25 33 17 25 25 34 16 25 25 35 15 25 25 36 14 25 25 37 13 25 25 38 12 25 25 39 11 25 25 40 10 25 25 42 9 25 26 10 41 25 26 11 40 25 26 12 39 25 26 13 38 25 26 14 37 25 26 15 36 25 26 16 35 25 26 17 34 25 26 18 33 25 26 19 32 25 26 20 31 25 26 21 30 25 26 22 29 25 26 23 28 25 26 24 27 25 26 25 26 25 26 26 25 25 26 27 24 25 26 28 23 25 26 29 22 25 26 30 21 25 26 31 20 25 26 32 19 25 26 33 18 25 26 34 17 25 26 35 16 25 26 36 15 25 26 37 14 25 26 38 13 25 26 39 12 25 26 40 11 25 26 41 10 25 27 10 42 25 27 11 41 25 27 12 40 25 27 13 39 25 27 14 38 25 27 15 37 25 27 16 36 25 27 17 35 25 27 18 34 25 27 19 33 25 27 20 32 25 27 21 31 25 27 22 30 25 27 23 29 25 27 24 28 25 27 25 27 25 27 26 26 25 27 27 25 25 27 28 24 25 27 29 23 25 27 30 22 25 27 31 21 25 27 32 20 25 27 33 19 25 27 34 18 25 27 35 17 25 27 36 16 25 27 37 15 25 27 38 14 25 27 39 13 25 27 40 12 25 27 41 11 25 27 42 10 25 28 11 42 25 28 12 41 25 28 13 40 25 28 14 39 25 28 15 38 25 28 16 37 25 28 17 36 25 28 18 35 25 28 19 34 25 28 20 33 25 28 21 32 25 28 22 31 25 28 23 30 25 28 24 29 25 28 25 28 25 28 26 27 25 28 27 26 25 28 28 25 25 28 29 24 25 28 30 23 25 28 31 22 25 28 32 21 25 28 33 20 25 28 34 19 25 28 35 18 25 28 36 17 25 28 37 16 25 28 38 15 25 28 39 14 25 28 40 13 25 28 41 12 25 28 42 11 25 29 12 42 25 29 13 41 25 29 14 40 25 29 15 39 25 29 16 38 25 29 17 37 25 29 18 36 25 29 19 35 25 29 20 34 25 29 21 33 25 29 22 32 25 29 23 31 25 29 24 30 25 29 25 29 25 29 26 28 25 29 27 27 25 29 28 26 25 29 29 25 25 29 30 24 25 29 31 23 25 29 32 22 25 29 33 21 25 29 34 20 25 29 35 19 25 29 36 18 25 29 37 17 25 29 38 16 25 29 39 15 25 29 40 14 25 29 41 13 25 29 42 12 25 30 13 42 25 30 14 41 25 30 15 40 25 30 16 39 25 30 17 38 25 30 18 37 25 30 19 36 25 30 20 35 25 30 21 34 25 30 22 33 25 30 23 32 25 30 24 31 25 30 25 30 25 30 26 29 25 30 27 28 25 30 28 27 25 30 29 26 25 30 30 25 25 30 31 24 25 30 32 23 25 30 33 22 25 30 34 21 25 30 35 20 25 30 36 19 25 30 37 18 25 30 38 17 25 30 39 16 25 30 40 15 25 30 41 14 25 30 42 13 25 31 14 42 25 31 15 41 25 31 16 40 25 31 17 39 25 31 18 38 25 31 19 37 25 31 20 36 25 31 21 35 25 31 22 34 25 31 23 33 25 31 24 32 25 31 25 31 25 31 26 30 25 31 27 29 25 31 28 28 25 31 29 27 25 31 30 26 25 31 31 25 25 31 32 24 25 31 33 23 25 31 34 22 25 31 35 21 25 31 36 20 25 31 37 19 25 31 38 18 25 31 39 17 25 31 40 16 25 31 41 15 25 31 42 14 25 32 15 42 25 32 16 41 25 32 17 40 25 32 18 39 25 32 19 38 25 32 20 37 25 32 21 36 25 32 22 35 25 32 23 34 25 32 24 33 25 32 25 32 25 32 26 31 25 32 27 30 25 32 28 29 25 32 29 28 25 32 30 27 25 32 31 26 25 32 32 25 25 32 33 24 25 32 34 23 25 32 35 22 25 32 36 21 25 32 37 20 25 32 38 19 25 32 39 18 25 32 40 17 25 32 41 16 25 32 42 15 25 33 16 42 25 33 17 41 25 33 18 40 25 33 19 39 25 33 20 38 25 33 21 37 25 33 22 36 25 33 23 35 25 33 24 34 25 33 25 33 25 33 26 32 25 33 27 31 25 33 28 30 25 33 29 29 25 33 30 28 25 33 31 27 25 33 32 26 25 33 33 25 25 33 34 24 25 33 35 23 25 33 36 22 25 33 37 21 25 33 38 20 25 33 39 19 25 33 40 18 25 33 41 17 25 33 42 16 25 34 17 42 25 34 18 41 25 34 19 40 25 34 20 39 25 34 21 38 25 34 22 37 25 34 23 36 25 34 24 35 25 34 25 34 25 34 26 33 25 34 27 32 25 34 28 31 25 34 29 30 25 34 30 29 25 34 31 28 25 34 32 27 25 34 33 26 25 34 34 25 25 34 35 24 25 34 36 23 25 34 37 22 25 34 38 21 25 34 39 20 25 34 40 19 25 34 41 18 25 34 42 17 25 35 18 42 25 35 19 41 25 35 20 40 25 35 21 39 25 35 22 38 25 35 23 37 25 35 24 36 25 35 25 35 25 35 26 34 25 35 27 33 25 35 28 32 25 35 29 31 25 35 30 30 25 35 31 29 25 35 32 28 25 35 33 27 25 35 34 26 25 35 35 25 25 35 36 24 25 35 37 23 25 35 38 22 25 35 39 21 25 35 40 20 25 35 41 19 25 35 42 18 25 36 19 42 25 36 20 41 25 36 21 40 25 36 22 39 25 36 23 38 25 36 24 37 25 36 25 36 25 36 26 35 25 36 27 34 25 36 28 33 25 36 29 32 25 36 30 31 25 36 31 30 25 36 32 29 25 36 33 28 25 36 34 27 25 36 35 26 25 36 36 25 25 36 37 24 25 36 38 23 25 36 39 22 25 36 40 21 25 36 41 20 25 36 42 19 25 37 20 42 25 37 21 41 25 37 22 40 25 37 23 39 25 37 24 38 25 37 25 37 25 37 26 36 25 37 27 35 25 37 28 34 25 37 29 33 25 37 30 32 25 37 31 31 25 37 32 30 25 37 33 29 25 37 34 28 25 37 35 27 25 37 36 26 25 37 37 25 25 37 38 24 25 37 39 23 25 37 40 22 25 37 41 21 25 37 42 20 25 38 21 42 25 38 22 41 25 38 23 40 25 38 24 39 25 38 25 38 25 38 26 37 25 38 27 36 25 38 28 35 25 38 29 34 25 38 30 33 25 38 31 32 25 38 32 31 25 38 33 30 25 38 34 29 25 38 35 28 25 38 36 27 25 38 37 26 25 38 38 25 25 38 39 24 25 38 40 23 25 38 41 22 25 38 42 21 25 39 22 42 25 39 23 41 25 39 24 40 25 39 25 39 25 39 26 38 25 39 27 37 25 39 28 36 25 39 29 35 25 39 30 34 25 39 31 33 25 39 32 32 25 39 33 31 25 39 34 30 25 39 35 29 25 39 36 28 25 39 37 27 25 39 38 26 25 39 39 25 25 39 40 24 25 39 41 23 25 39 42 22 25 40 23 42 25 40 24 41 25 40 25 40 25 40 26 39 25 40 27 38 25 40 28 37 25 40 29 36 25 40 30 35 25 40 31 34 25 40 32 33 25 40 33 32 25 40 34 31 25 40 35 30 25 40 36 29 25 40 37 28 25 40 38 27 25 40 39 26 25 40 40 25 25 40 41 24 25 40 42 23 25 41 24 42 25 41 25 41 25 41 26 40 25 41 27 39 25 41 28 38 25 41 29 37 25 41 30 36 25 41 31 35 25 41 32 34 25 41 33 33 25 41 34 32 25 41 35 31 25 41 36 30 25 41 37 29 25 41 38 28 25 41 39 27 25 41 40 26 25 41 41 25 25 41 42 24 25 42 25 42 25 42 26 41 25 42 27 40 25 42 28 39 25 42 29 38 25 42 30 37 25 42 31 36 25 42 32 35 25 42 33 34 25 42 34 33 25 42 35 32 25 42 36 31 25 42 37 30 25 42 38 29 25 42 39 28 25 42 40 27 25 42 41 26 25 42 42 25 

















