
















17 0 0 17 17 0 1 15 17 0 2 13 17 0 3 12 17 0 4 11 17 0 5 9 17 0 7 7 17 0 9 5 17 0 11 4 17 0 12 3 17 0 13 2 17 0 15 1 17 0 17 0 17 1 0 19 17 1 1 17 17 1 2 15 17 1 3 14 17 1 4 13 17 1 5 11 17 1 6 10 17 1 7 9 17 1 8 8 17 1 9 7 17 1 10 6 17 1 11 5 17 1 13 4 17 1 14 3 17 1 15 2 17 1 17 1 17 1 19 0 17 2 0 21 17 2 1 19 17 2 2 17 17 2 3 16 17 2 4 15 17 2 5 13 17 2 7 11 17 2 8 10 17 2 10 8 17 2 11 7 17 2 13 5 17 2 15 4 17 2 16 3 17 2 17 2 17 2 19 1 17 2 21 0 17 3 0 22 17 3 1 20 17 3 2 18 17 3 3 17 17 3 4 16 17 3 5 14 17 3 6 13 17 3 7 12 17 3 8 11 17 3 9 10 17 3 10 9 17 3 11 8 17 3 12 7 17 3 13 6 17 3 14 5 17 3 16 4 17 3 17 3 17 3 18 2 17 3 20 1 17 3 22 0 17 4 1 21 17 4 2 19 17 4 3 18 17 4 4 17 17 4 5 15 17 4 6 14 17 4 7 13 17 4 8 12 17 4 9 11 17 4 11 9 17 4 12 8 17 4 13 7 17 4 14 6 17 4 15 5 17 4 17 4 17 4 18 3 17 4 19 2 17 4 21 1 17 5 1 23 17 5 2 21 17 5 3 20 17 5 4 19 17 5 5 17 17 5 6 16 17 5 7 15 17 5 8 14 17 5 9 13 17 5 10 12 17 5 11 11 17 5 12 10 17 5 13 9 17 5 14 8 17 5 15 7 17 5 16 6 17 5 17 5 17 5 19 4 17 5 20 3 17 5 21 2 17 5 23 1 17 6 1 24 17 6 2 22 17 6 3 21 17 6 4 20 17 6 5 18 17 6 6 17 17 6 7 16 17 6 8 15 17 6 9 14 17 6 10 13 17 6 11 12 17 6 12 11 17 6 13 10 17 6 14 9 17 6 15 8 17 6 16 7 17 6 17 6 17 6 18 5 17 6 20 4 17 6 21 3 17 6 22 2 17 6 24 1 17 7 2 23 17 7 3 22 17 7 4 21 17 7 5 19 17 7 6 18 17 7 7 17 17 7 8 16 17 7 9 15 17 7 10 14 17 7 11 13 17 7 12 12 17 7 13 11 17 7 14 10 17 7 15 9 17 7 16 8 17 7 17 7 17 7 18 6 17 7 19 5 17 7 21 4 17 7 22 3 17 7 23 2 17 8 2 24 17 8 3 23 17 8 4 22 17 8 5 20 17 8 6 19 17 8 7 18 17 8 8 17 17 8 9 16 17 8 10 15 17 8 11 14 17 8 12 13 17 8 13 12 17 8 14 11 17 8 15 10 17 8 16 9 17 8 17 8 17 8 18 7 17 8 19 6 17 8 20 5 17 8 22 4 17 8 23 3 17 8 24 2 17 9 3 24 17 9 4 23 17 9 5 21 17 9 6 20 17 9 7 19 17 9 8 18 17 9 9 17 17 9 10 16 17 9 11 15 17 9 12 14 17 9 13 13 17 9 14 12 17 9 15 11 17 9 16 10 17 9 17 9 17 9 18 8 17 9 19 7 17 9 20 6 17 9 21 5 17 9 23 4 17 9 24 3 17 10 4 24 17 10 5 22 17 10 6 21 17 10 7 20 17 10 8 19 17 10 9 18 17 10 10 17 17 10 11 16 17 10 12 15 17 10 13 14 17 10 14 13 17 10 15 12 17 10 16 11 17 10 17 10 17 10 18 9 17 10 19 8 17 10 20 7 17 10 21 6 17 10 22 5 17 10 24 4 17 11 5 23 17 11 6 22 17 11 7 21 17 11 8 20 17 11 9 19 17 11 10 18 17 11 11 17 17 11 12 16 17 11 13 15 17 11 14 14 17 11 15 13 17 11 16 12 17 11 17 11 17 11 18 10 17 11 19 9 17 11 20 8 17 11 21 7 17 11 22 6 17 11 23 5 17 12 5 24 17 12 6 23 17 12 7 22 17 12 8 21 17 12 9 20 17 12 10 19 17 12 11 18 17 12 12 17 17 12 13 16 17 12 14 15 17 12 15 14 17 12 16 13 17 12 17 12 17 12 18 11 17 12 19 10 17 12 20 9 17 12 21 8 17 12 22 7 17 12 23 6 17 12 24 5 17 13 6 24 17 13 7 23 17 13 8 22 17 13 9 21 17 13 10 20 17 13 11 19 17 13 12 18 17 13 13 17 17 13 14 16 17 13 15 15 17 13 16 14 17 13 17 13 17 13 18 12 17 13 19 11 17 13 20 10 17 13 21 9 17 13 22 8 17 13 23 7 17 13 24 6 17 14 7 24 17 14 8 23 17 14 9 22 17 14 10 21 17 14 11 20 17 14 12 19 17 14 13 18 17 14 14 17 17 14 15 16 17 14 16 15 17 14 17 14 17 14 18 13 17 14 19 12 17 14 20 11 17 14 21 10 17 14 22 9 17 14 23 8 17 14 24 7 17 15 8 24 17 15 9 23 17 15 10 22 17 15 11 21 17 15 12 20 17 15 13 19 17 15 14 18 17 15 15 17 17 15 16 16 17 15 17 15 17 15 18 14 17 15 19 13 17 15 20 12 17 15 21 11 17 15 22 10 17 15 23 9 17 15 24 8 17 16 9 24 17 16 10 23 17 16 11 22 17 16 12 21 17 16 13 20 17 16 14 19 17 16 15 18 17 16 16 17 17 16 17 16 17 16 18 15 17 16 19 14 17 16 20 13 17 16 21 12 17 16 22 11 17 16 23 10 17 16 24 9 17 17 10 24 17 17 11 23 17 17 12 22 17 17 13 21 17 17 14 20 17 17 15 19 17 17 16 18 17 17 17 17 17 17 18 16 17 17 19 15 17 17 20 14 17 17 21 13 17 17 22 12 17 17 23 11 17 17 24 10 17 18 11 24 17 18 12 23 17 18 13 22 17 18 14 21 17 18 15 20 17 18 16 19 17 18 17 18 17 18 18 17 17 18 19 16 17 18 20 15 17 18 21 14 17 18 22 13 17 18 23 12 17 18 24 11 17 19 12 24 17 19 13 23 17 19 14 22 17 19 15 21 17 19 16 20 17 19 17 19 17 19 18 18 17 19 19 17 17 19 20 16 17 19 21 15 17 19 22 14 17 19 23 13 17 19 24 12 17 20 13 24 17 20 14 23 17 20 15 22 17 20 16 21 17 20 17 20 17 20 18 19 17 20 19 18 17 20 20 17 17 20 21 16 17 20 22 15 17 20 23 14 17 20 24 13 17 21 14 24 17 21 15 23 17 21 16 22 17 21 17 21 17 21 18 20 17 21 19 19 17 21 20 18 17 21 21 17 17 21 22 16 17 21 23 15 17 21 24 14 17 22 15 24 17 22 16 23 17 22 17 22 17 22 18 21 17 22 19 20 17 22 20 19 17 22 21 18 17 22 22 17 17 22 23 16 17 22 24 15 17 23 16 24 17 23 17 23 17 23 18 22 17 23 19 21 17 23 20 20 17 23 21 19 17 23 22 18 17 23 23 17 17 23 24 16 17 24 17 24 17 24 18 23 17 24 19 22 17 24 20 21 17 24 21 20 17 24 22 19 17 24 23 18 17 24 24 17 







