














































47 0 0 47 47 0 1 45 47 0 2 43 47 0 3 42 47 0 4 40 47 0 5 38 47 0 6 36 47 0 7 35 47 0 8 34 47 0 9 33 47 0 10 32 47 0 11 31 47 0 13 29 47 0 14 28 47 0 15 27 47 0 16 26 47 0 17 25 47 0 18 24 47 0 19 23 47 0 20 22 47 0 22 20 47 0 23 19 47 0 24 18 47 0 25 17 47 0 26 16 47 0 27 15 47 0 28 14 47 0 29 13 47 0 31 11 47 0 32 10 47 0 33 9 47 0 34 8 47 0 35 7 47 0 36 6 47 0 38 5 47 0 40 4 47 0 42 3 47 0 43 2 47 0 45 1 47 0 47 0 47 1 0 49 47 1 1 47 47 1 2 45 47 1 3 44 47 1 4 42 47 1 5 40 47 1 6 38 47 1 7 37 47 1 8 36 47 1 9 35 47 1 10 34 47 1 11 33 47 1 12 32 47 1 13 31 47 1 14 30 47 1 15 29 47 1 16 28 47 1 17 27 47 1 18 26 47 1 19 25 47 1 20 24 47 1 21 23 47 1 22 22 47 1 23 21 47 1 24 20 47 1 25 19 47 1 26 18 47 1 27 17 47 1 28 16 47 1 29 15 47 1 30 14 47 1 31 13 47 1 32 12 47 1 33 11 47 1 34 10 47 1 35 9 47 1 36 8 47 1 37 7 47 1 38 6 47 1 40 5 47 1 42 4 47 1 44 3 47 1 45 2 47 1 47 1 47 1 49 0 47 2 0 51 47 2 1 49 47 2 2 47 47 2 3 46 47 2 4 44 47 2 5 42 47 2 6 40 47 2 7 39 47 2 8 38 47 2 9 37 47 2 10 36 47 2 11 35 47 2 13 33 47 2 14 32 47 2 15 31 47 2 16 30 47 2 17 29 47 2 18 28 47 2 19 27 47 2 20 26 47 2 21 25 47 2 22 24 47 2 23 23 47 2 24 22 47 2 25 21 47 2 26 20 47 2 27 19 47 2 28 18 47 2 29 17 47 2 30 16 47 2 31 15 47 2 32 14 47 2 33 13 47 2 35 11 47 2 36 10 47 2 37 9 47 2 38 8 47 2 39 7 47 2 40 6 47 2 42 5 47 2 44 4 47 2 46 3 47 2 47 2 47 2 49 1 47 2 51 0 47 3 0 52 47 3 1 50 47 3 2 48 47 3 3 47 47 3 4 45 47 3 5 43 47 3 6 41 47 3 7 40 47 3 8 39 47 3 9 38 47 3 10 37 47 3 11 36 47 3 12 35 47 3 13 34 47 3 14 33 47 3 15 32 47 3 16 31 47 3 17 30 47 3 18 29 47 3 19 28 47 3 20 27 47 3 21 26 47 3 22 25 47 3 23 24 47 3 24 23 47 3 25 22 47 3 26 21 47 3 27 20 47 3 28 19 47 3 29 18 47 3 30 17 47 3 31 16 47 3 32 15 47 3 33 14 47 3 34 13 47 3 35 12 47 3 36 11 47 3 37 10 47 3 38 9 47 3 39 8 47 3 40 7 47 3 41 6 47 3 43 5 47 3 45 4 47 3 47 3 47 3 48 2 47 3 50 1 47 3 52 0 47 4 0 54 47 4 1 52 47 4 2 50 47 4 3 49 47 4 4 47 47 4 5 45 47 4 6 43 47 4 7 42 47 4 8 41 47 4 9 40 47 4 10 39 47 4 11 38 47 4 12 37 47 4 13 36 47 4 14 35 47 4 15 34 47 4 16 33 47 4 17 32 47 4 18 31 47 4 19 30 47 4 20 29 47 4 21 28 47 4 22 27 47 4 23 26 47 4 24 25 47 4 25 24 47 4 26 23 47 4 27 22 47 4 28 21 47 4 29 20 47 4 30 19 47 4 31 18 47 4 32 17 47 4 33 16 47 4 34 15 47 4 35 14 47 4 36 13 47 4 37 12 47 4 38 11 47 4 39 10 47 4 40 9 47 4 41 8 47 4 42 7 47 4 43 6 47 4 45 5 47 4 47 4 47 4 49 3 47 4 50 2 47 4 52 1 47 4 54 0 47 5 0 56 47 5 1 54 47 5 2 52 47 5 3 51 47 5 4 49 47 5 5 47 47 5 6 45 47 5 7 44 47 5 8 43 47 5 9 42 47 5 10 41 47 5 11 40 47 5 12 39 47 5 13 38 47 5 14 37 47 5 15 36 47 5 16 35 47 5 17 34 47 5 18 33 47 5 19 32 47 5 20 31 47 5 21 30 47 5 22 29 47 5 23 28 47 5 24 27 47 5 25 26 47 5 26 25 47 5 27 24 47 5 28 23 47 5 29 22 47 5 30 21 47 5 31 20 47 5 32 19 47 5 33 18 47 5 34 17 47 5 35 16 47 5 36 15 47 5 37 14 47 5 38 13 47 5 39 12 47 5 40 11 47 5 41 10 47 5 42 9 47 5 43 8 47 5 44 7 47 5 45 6 47 5 47 5 47 5 49 4 47 5 51 3 47 5 52 2 47 5 54 1 47 5 56 0 47 6 1 56 47 6 2 54 47 6 3 53 47 6 4 51 47 6 5 49 47 6 6 47 47 6 7 46 47 6 8 45 47 6 9 44 47 6 10 43 47 6 11 42 47 6 12 41 47 6 13 40 47 6 14 39 47 6 15 38 47 6 16 37 47 6 17 36 47 6 18 35 47 6 19 34 47 6 20 33 47 6 21 32 47 6 22 31 47 6 23 30 47 6 24 29 47 6 25 28 47 6 26 27 47 6 27 26 47 6 28 25 47 6 29 24 47 6 30 23 47 6 31 22 47 6 32 21 47 6 33 20 47 6 34 19 47 6 35 18 47 6 36 17 47 6 37 16 47 6 38 15 47 6 39 14 47 6 40 13 47 6 41 12 47 6 42 11 47 6 43 10 47 6 44 9 47 6 45 8 47 6 46 7 47 6 47 6 47 6 49 5 47 6 51 4 47 6 53 3 47 6 54 2 47 6 56 1 47 7 1 57 47 7 2 55 47 7 3 54 47 7 4 52 47 7 5 50 47 7 6 48 47 7 7 47 47 7 8 46 47 7 9 45 47 7 10 44 47 7 11 43 47 7 12 42 47 7 13 41 47 7 14 40 47 7 15 39 47 7 16 38 47 7 17 37 47 7 18 36 47 7 19 35 47 7 20 34 47 7 21 33 47 7 22 32 47 7 23 31 47 7 24 30 47 7 25 29 47 7 26 28 47 7 27 27 47 7 28 26 47 7 29 25 47 7 30 24 47 7 31 23 47 7 32 22 47 7 33 21 47 7 34 20 47 7 35 19 47 7 36 18 47 7 37 17 47 7 38 16 47 7 39 15 47 7 40 14 47 7 41 13 47 7 42 12 47 7 43 11 47 7 44 10 47 7 45 9 47 7 46 8 47 7 47 7 47 7 48 6 47 7 50 5 47 7 52 4 47 7 54 3 47 7 55 2 47 7 57 1 47 8 1 58 47 8 2 56 47 8 3 55 47 8 4 53 47 8 5 51 47 8 6 49 47 8 7 48 47 8 8 47 47 8 9 46 47 8 10 45 47 8 11 44 47 8 13 42 47 8 14 41 47 8 15 40 47 8 16 39 47 8 17 38 47 8 18 37 47 8 19 36 47 8 20 35 47 8 21 34 47 8 22 33 47 8 23 32 47 8 24 31 47 8 25 30 47 8 26 29 47 8 27 28 47 8 28 27 47 8 29 26 47 8 30 25 47 8 31 24 47 8 32 23 47 8 33 22 47 8 34 21 47 8 35 20 47 8 36 19 47 8 37 18 47 8 38 17 47 8 39 16 47 8 40 15 47 8 41 14 47 8 42 13 47 8 44 11 47 8 45 10 47 8 46 9 47 8 47 8 47 8 48 7 47 8 49 6 47 8 51 5 47 8 53 4 47 8 55 3 47 8 56 2 47 8 58 1 47 9 1 59 47 9 2 57 47 9 3 56 47 9 4 54 47 9 5 52 47 9 6 50 47 9 7 49 47 9 8 48 47 9 9 47 47 9 10 46 47 9 11 45 47 9 12 44 47 9 13 43 47 9 14 42 47 9 15 41 47 9 16 40 47 9 17 39 47 9 18 38 47 9 19 37 47 9 20 36 47 9 21 35 47 9 22 34 47 9 23 33 47 9 24 32 47 9 25 31 47 9 26 30 47 9 27 29 47 9 28 28 47 9 29 27 47 9 30 26 47 9 31 25 47 9 32 24 47 9 33 23 47 9 34 22 47 9 35 21 47 9 36 20 47 9 37 19 47 9 38 18 47 9 39 17 47 9 40 16 47 9 41 15 47 9 42 14 47 9 43 13 47 9 44 12 47 9 45 11 47 9 46 10 47 9 47 9 47 9 48 8 47 9 49 7 47 9 50 6 47 9 52 5 47 9 54 4 47 9 56 3 47 9 57 2 47 9 59 1 47 10 1 60 47 10 2 58 47 10 3 57 47 10 4 55 47 10 5 53 47 10 6 51 47 10 7 50 47 10 8 49 47 10 9 48 47 10 10 47 47 10 11 46 47 10 12 45 47 10 13 44 47 10 14 43 47 10 15 42 47 10 16 41 47 10 17 40 47 10 18 39 47 10 19 38 47 10 20 37 47 10 21 36 47 10 22 35 47 10 23 34 47 10 24 33 47 10 25 32 47 10 26 31 47 10 27 30 47 10 28 29 47 10 29 28 47 10 30 27 47 10 31 26 47 10 32 25 47 10 33 24 47 10 34 23 47 10 35 22 47 10 36 21 47 10 37 20 47 10 38 19 47 10 39 18 47 10 40 17 47 10 41 16 47 10 42 15 47 10 43 14 47 10 44 13 47 10 45 12 47 10 46 11 47 10 47 10 47 10 48 9 47 10 49 8 47 10 50 7 47 10 51 6 47 10 53 5 47 10 55 4 47 10 57 3 47 10 58 2 47 10 60 1 47 11 1 61 47 11 2 59 47 11 3 58 47 11 4 56 47 11 5 54 47 11 6 52 47 11 7 51 47 11 8 50 47 11 9 49 47 11 10 48 47 11 11 47 47 11 12 46 47 11 13 45 47 11 14 44 47 11 15 43 47 11 16 42 47 11 17 41 47 11 18 40 47 11 19 39 47 11 20 38 47 11 21 37 47 11 22 36 47 11 23 35 47 11 24 34 47 11 25 33 47 11 26 32 47 11 27 31 47 11 28 30 47 11 29 29 47 11 30 28 47 11 31 27 47 11 32 26 47 11 33 25 47 11 34 24 47 11 35 23 47 11 36 22 47 11 37 21 47 11 38 20 47 11 39 19 47 11 40 18 47 11 41 17 47 11 42 16 47 11 43 15 47 11 44 14 47 11 45 13 47 11 46 12 47 11 47 11 47 11 48 10 47 11 49 9 47 11 50 8 47 11 51 7 47 11 52 6 47 11 54 5 47 11 56 4 47 11 58 3 47 11 59 2 47 11 61 1 47 12 2 60 47 12 3 59 47 12 4 57 47 12 5 55 47 12 6 53 47 12 7 52 47 12 8 51 47 12 9 50 47 12 10 49 47 12 11 48 47 12 12 47 47 12 13 46 47 12 14 45 47 12 15 44 47 12 16 43 47 12 17 42 47 12 18 41 47 12 19 40 47 12 20 39 47 12 21 38 47 12 22 37 47 12 23 36 47 12 24 35 47 12 25 34 47 12 26 33 47 12 27 32 47 12 28 31 47 12 29 30 47 12 30 29 47 12 31 28 47 12 32 27 47 12 33 26 47 12 34 25 47 12 35 24 47 12 36 23 47 12 37 22 47 12 38 21 47 12 39 20 47 12 40 19 47 12 41 18 47 12 42 17 47 12 43 16 47 12 44 15 47 12 45 14 47 12 46 13 47 12 47 12 47 12 48 11 47 12 49 10 47 12 50 9 47 12 51 8 47 12 52 7 47 12 53 6 47 12 55 5 47 12 57 4 47 12 59 3 47 12 60 2 47 13 1 63 47 13 2 61 47 13 3 60 47 13 4 58 47 13 5 56 47 13 6 54 47 13 7 53 47 13 8 52 47 13 9 51 47 13 10 50 47 13 11 49 47 13 12 48 47 13 13 47 47 13 14 46 47 13 15 45 47 13 16 44 47 13 17 43 47 13 18 42 47 13 19 41 47 13 20 40 47 13 21 39 47 13 22 38 47 13 23 37 47 13 24 36 47 13 25 35 47 13 26 34 47 13 27 33 47 13 28 32 47 13 29 31 47 13 30 30 47 13 31 29 47 13 32 28 47 13 33 27 47 13 34 26 47 13 35 25 47 13 36 24 47 13 37 23 47 13 38 22 47 13 39 21 47 13 40 20 47 13 41 19 47 13 42 18 47 13 43 17 47 13 44 16 47 13 45 15 47 13 46 14 47 13 47 13 47 13 48 12 47 13 49 11 47 13 50 10 47 13 51 9 47 13 52 8 47 13 53 7 47 13 54 6 47 13 56 5 47 13 58 4 47 13 60 3 47 13 61 2 47 13 63 1 47 14 2 62 47 14 3 61 47 14 4 59 47 14 5 57 47 14 6 55 47 14 7 54 47 14 8 53 47 14 9 52 47 14 10 51 47 14 11 50 47 14 12 49 47 14 13 48 47 14 14 47 47 14 15 46 47 14 16 45 47 14 17 44 47 14 18 43 47 14 19 42 47 14 20 41 47 14 21 40 47 14 22 39 47 14 23 38 47 14 24 37 47 14 25 36 47 14 26 35 47 14 27 34 47 14 28 33 47 14 29 32 47 14 30 31 47 14 31 30 47 14 32 29 47 14 33 28 47 14 34 27 47 14 35 26 47 14 36 25 47 14 37 24 47 14 38 23 47 14 39 22 47 14 40 21 47 14 41 20 47 14 42 19 47 14 43 18 47 14 44 17 47 14 45 16 47 14 46 15 47 14 47 14 47 14 48 13 47 14 49 12 47 14 50 11 47 14 51 10 47 14 52 9 47 14 53 8 47 14 54 7 47 14 55 6 47 14 57 5 47 14 59 4 47 14 61 3 47 14 62 2 47 15 2 63 47 15 3 62 47 15 4 60 47 15 5 58 47 15 6 56 47 15 7 55 47 15 8 54 47 15 9 53 47 15 10 52 47 15 11 51 47 15 12 50 47 15 13 49 47 15 14 48 47 15 15 47 47 15 16 46 47 15 17 45 47 15 18 44 47 15 19 43 47 15 20 42 47 15 21 41 47 15 22 40 47 15 23 39 47 15 24 38 47 15 25 37 47 15 26 36 47 15 27 35 47 15 28 34 47 15 29 33 47 15 30 32 47 15 31 31 47 15 32 30 47 15 33 29 47 15 34 28 47 15 35 27 47 15 36 26 47 15 37 25 47 15 38 24 47 15 39 23 47 15 40 22 47 15 41 21 47 15 42 20 47 15 43 19 47 15 44 18 47 15 45 17 47 15 46 16 47 15 47 15 47 15 48 14 47 15 49 13 47 15 50 12 47 15 51 11 47 15 52 10 47 15 53 9 47 15 54 8 47 15 55 7 47 15 56 6 47 15 58 5 47 15 60 4 47 15 62 3 47 15 63 2 47 16 2 64 47 16 3 63 47 16 4 61 47 16 5 59 47 16 6 57 47 16 7 56 47 16 8 55 47 16 9 54 47 16 10 53 47 16 11 52 47 16 12 51 47 16 13 50 47 16 14 49 47 16 15 48 47 16 16 47 47 16 17 46 47 16 18 45 47 16 19 44 47 16 20 43 47 16 21 42 47 16 22 41 47 16 23 40 47 16 24 39 47 16 25 38 47 16 26 37 47 16 27 36 47 16 28 35 47 16 29 34 47 16 30 33 47 16 31 32 47 16 32 31 47 16 33 30 47 16 34 29 47 16 35 28 47 16 36 27 47 16 37 26 47 16 38 25 47 16 39 24 47 16 40 23 47 16 41 22 47 16 42 21 47 16 43 20 47 16 44 19 47 16 45 18 47 16 46 17 47 16 47 16 47 16 48 15 47 16 49 14 47 16 50 13 47 16 51 12 47 16 52 11 47 16 53 10 47 16 54 9 47 16 55 8 47 16 56 7 47 16 57 6 47 16 59 5 47 16 61 4 47 16 63 3 47 16 64 2 47 17 3 64 47 17 4 62 47 17 5 60 47 17 6 58 47 17 7 57 47 17 8 56 47 17 9 55 47 17 10 54 47 17 11 53 47 17 12 52 47 17 13 51 47 17 14 50 47 17 15 49 47 17 16 48 47 17 17 47 47 17 18 46 47 17 19 45 47 17 20 44 47 17 21 43 47 17 22 42 47 17 23 41 47 17 24 40 47 17 25 39 47 17 26 38 47 17 27 37 47 17 28 36 47 17 29 35 47 17 30 34 47 17 31 33 47 17 32 32 47 17 33 31 47 17 34 30 47 17 35 29 47 17 36 28 47 17 37 27 47 17 38 26 47 17 39 25 47 17 40 24 47 17 41 23 47 17 42 22 47 17 43 21 47 17 44 20 47 17 45 19 47 17 46 18 47 17 47 17 47 17 48 16 47 17 49 15 47 17 50 14 47 17 51 13 47 17 52 12 47 17 53 11 47 17 54 10 47 17 55 9 47 17 56 8 47 17 57 7 47 17 58 6 47 17 60 5 47 17 62 4 47 17 64 3 47 18 3 65 47 18 4 63 47 18 5 61 47 18 6 59 47 18 7 58 47 18 8 57 47 18 9 56 47 18 10 55 47 18 11 54 47 18 12 53 47 18 13 52 47 18 14 51 47 18 15 50 47 18 16 49 47 18 17 48 47 18 18 47 47 18 19 46 47 18 20 45 47 18 21 44 47 18 22 43 47 18 23 42 47 18 24 41 47 18 25 40 47 18 26 39 47 18 27 38 47 18 28 37 47 18 29 36 47 18 30 35 47 18 31 34 47 18 32 33 47 18 33 32 47 18 34 31 47 18 35 30 47 18 36 29 47 18 37 28 47 18 38 27 47 18 39 26 47 18 40 25 47 18 41 24 47 18 42 23 47 18 43 22 47 18 44 21 47 18 45 20 47 18 46 19 47 18 47 18 47 18 48 17 47 18 49 16 47 18 50 15 47 18 51 14 47 18 52 13 47 18 53 12 47 18 54 11 47 18 55 10 47 18 56 9 47 18 57 8 47 18 58 7 47 18 59 6 47 18 61 5 47 18 63 4 47 18 65 3 47 19 3 66 47 19 4 64 47 19 5 62 47 19 6 60 47 19 7 59 47 19 8 58 47 19 9 57 47 19 10 56 47 19 11 55 47 19 12 54 47 19 13 53 47 19 14 52 47 19 15 51 47 19 16 50 47 19 17 49 47 19 18 48 47 19 19 47 47 19 20 46 47 19 21 45 47 19 22 44 47 19 23 43 47 19 24 42 47 19 25 41 47 19 26 40 47 19 27 39 47 19 28 38 47 19 29 37 47 19 30 36 47 19 31 35 47 19 32 34 47 19 33 33 47 19 34 32 47 19 35 31 47 19 36 30 47 19 37 29 47 19 38 28 47 19 39 27 47 19 40 26 47 19 41 25 47 19 42 24 47 19 43 23 47 19 44 22 47 19 45 21 47 19 46 20 47 19 47 19 47 19 48 18 47 19 49 17 47 19 50 16 47 19 51 15 47 19 52 14 47 19 53 13 47 19 54 12 47 19 55 11 47 19 56 10 47 19 57 9 47 19 58 8 47 19 59 7 47 19 60 6 47 19 62 5 47 19 64 4 47 19 66 3 47 20 3 67 47 20 4 65 47 20 5 63 47 20 6 61 47 20 7 60 47 20 8 59 47 20 9 58 47 20 10 57 47 20 11 56 47 20 12 55 47 20 13 54 47 20 14 53 47 20 15 52 47 20 16 51 47 20 17 50 47 20 18 49 47 20 19 48 47 20 20 47 47 20 21 46 47 20 22 45 47 20 23 44 47 20 24 43 47 20 25 42 47 20 26 41 47 20 27 40 47 20 28 39 47 20 29 38 47 20 30 37 47 20 31 36 47 20 32 35 47 20 33 34 47 20 34 33 47 20 35 32 47 20 36 31 47 20 37 30 47 20 38 29 47 20 39 28 47 20 40 27 47 20 41 26 47 20 42 25 47 20 43 24 47 20 44 23 47 20 45 22 47 20 46 21 47 20 47 20 47 20 48 19 47 20 49 18 47 20 50 17 47 20 51 16 47 20 52 15 47 20 53 14 47 20 54 13 47 20 55 12 47 20 56 11 47 20 57 10 47 20 58 9 47 20 59 8 47 20 60 7 47 20 61 6 47 20 63 5 47 20 65 4 47 20 67 3 47 21 4 66 47 21 5 64 47 21 6 62 47 21 7 61 47 21 8 60 47 21 9 59 47 21 10 58 47 21 11 57 47 21 12 56 47 21 13 55 47 21 14 54 47 21 15 53 47 21 16 52 47 21 17 51 47 21 18 50 47 21 19 49 47 21 20 48 47 21 21 47 47 21 22 46 47 21 23 45 47 21 24 44 47 21 25 43 47 21 26 42 47 21 27 41 47 21 28 40 47 21 29 39 47 21 30 38 47 21 31 37 47 21 32 36 47 21 33 35 47 21 34 34 47 21 35 33 47 21 36 32 47 21 37 31 47 21 38 30 47 21 39 29 47 21 40 28 47 21 41 27 47 21 42 26 47 21 43 25 47 21 44 24 47 21 45 23 47 21 46 22 47 21 47 21 47 21 48 20 47 21 49 19 47 21 50 18 47 21 51 17 47 21 52 16 47 21 53 15 47 21 54 14 47 21 55 13 47 21 56 12 47 21 57 11 47 21 58 10 47 21 59 9 47 21 60 8 47 21 61 7 47 21 62 6 47 21 64 5 47 21 66 4 47 22 4 67 47 22 5 65 47 22 6 63 47 22 7 62 47 22 8 61 47 22 9 60 47 22 10 59 47 22 11 58 47 22 12 57 47 22 13 56 47 22 14 55 47 22 15 54 47 22 16 53 47 22 17 52 47 22 18 51 47 22 19 50 47 22 20 49 47 22 21 48 47 22 22 47 47 22 23 46 47 22 24 45 47 22 25 44 47 22 26 43 47 22 27 42 47 22 28 41 47 22 29 40 47 22 30 39 47 22 31 38 47 22 32 37 47 22 33 36 47 22 34 35 47 22 35 34 47 22 36 33 47 22 37 32 47 22 38 31 47 22 39 30 47 22 40 29 47 22 41 28 47 22 42 27 47 22 43 26 47 22 44 25 47 22 45 24 47 22 46 23 47 22 47 22 47 22 48 21 47 22 49 20 47 22 50 19 47 22 51 18 47 22 52 17 47 22 53 16 47 22 54 15 47 22 55 14 47 22 56 13 47 22 57 12 47 22 58 11 47 22 59 10 47 22 60 9 47 22 61 8 47 22 62 7 47 22 63 6 47 22 65 5 47 22 67 4 47 23 4 68 47 23 5 66 47 23 6 64 47 23 7 63 47 23 8 62 47 23 9 61 47 23 10 60 47 23 11 59 47 23 12 58 47 23 13 57 47 23 14 56 47 23 15 55 47 23 16 54 47 23 17 53 47 23 18 52 47 23 19 51 47 23 20 50 47 23 21 49 47 23 22 48 47 23 23 47 47 23 24 46 47 23 25 45 47 23 26 44 47 23 27 43 47 23 28 42 47 23 29 41 47 23 30 40 47 23 31 39 47 23 32 38 47 23 33 37 47 23 34 36 47 23 35 35 47 23 36 34 47 23 37 33 47 23 38 32 47 23 39 31 47 23 40 30 47 23 41 29 47 23 42 28 47 23 43 27 47 23 44 26 47 23 45 25 47 23 46 24 47 23 47 23 47 23 48 22 47 23 49 21 47 23 50 20 47 23 51 19 47 23 52 18 47 23 53 17 47 23 54 16 47 23 55 15 47 23 56 14 47 23 57 13 47 23 58 12 47 23 59 11 47 23 60 10 47 23 61 9 47 23 62 8 47 23 63 7 47 23 64 6 47 23 66 5 47 23 68 4 47 24 5 67 47 24 6 65 47 24 7 64 47 24 8 63 47 24 9 62 47 24 10 61 47 24 11 60 47 24 12 59 47 24 13 58 47 24 14 57 47 24 15 56 47 24 16 55 47 24 17 54 47 24 18 53 47 24 19 52 47 24 20 51 47 24 21 50 47 24 22 49 47 24 23 48 47 24 24 47 47 24 25 46 47 24 26 45 47 24 27 44 47 24 28 43 47 24 29 42 47 24 30 41 47 24 31 40 47 24 32 39 47 24 33 38 47 24 34 37 47 24 35 36 47 24 36 35 47 24 37 34 47 24 38 33 47 24 39 32 47 24 40 31 47 24 41 30 47 24 42 29 47 24 43 28 47 24 44 27 47 24 45 26 47 24 46 25 47 24 47 24 47 24 48 23 47 24 49 22 47 24 50 21 47 24 51 20 47 24 52 19 47 24 53 18 47 24 54 17 47 24 55 16 47 24 56 15 47 24 57 14 47 24 58 13 47 24 59 12 47 24 60 11 47 24 61 10 47 24 62 9 47 24 63 8 47 24 64 7 47 24 65 6 47 24 67 5 47 25 5 68 47 25 6 66 47 25 7 65 47 25 8 64 47 25 9 63 47 25 10 62 47 25 11 61 47 25 12 60 47 25 13 59 47 25 14 58 47 25 15 57 47 25 16 56 47 25 17 55 47 25 18 54 47 25 19 53 47 25 20 52 47 25 21 51 47 25 22 50 47 25 23 49 47 25 24 48 47 25 25 47 47 25 26 46 47 25 27 45 47 25 28 44 47 25 29 43 47 25 30 42 47 25 31 41 47 25 32 40 47 25 33 39 47 25 34 38 47 25 35 37 47 25 36 36 47 25 37 35 47 25 38 34 47 25 39 33 47 25 40 32 47 25 41 31 47 25 42 30 47 25 43 29 47 25 44 28 47 25 45 27 47 25 46 26 47 25 47 25 47 25 48 24 47 25 49 23 47 25 50 22 47 25 51 21 47 25 52 20 47 25 53 19 47 25 54 18 47 25 55 17 47 25 56 16 47 25 57 15 47 25 58 14 47 25 59 13 47 25 60 12 47 25 61 11 47 25 62 10 47 25 63 9 47 25 64 8 47 25 65 7 47 25 66 6 47 25 68 5 47 26 5 69 47 26 6 67 47 26 7 66 47 26 8 65 47 26 9 64 47 26 10 63 47 26 11 62 47 26 12 61 47 26 13 60 47 26 14 59 47 26 15 58 47 26 16 57 47 26 17 56 47 26 18 55 47 26 19 54 47 26 20 53 47 26 21 52 47 26 22 51 47 26 23 50 47 26 24 49 47 26 25 48 47 26 26 47 47 26 27 46 47 26 28 45 47 26 29 44 47 26 30 43 47 26 31 42 47 26 32 41 47 26 33 40 47 26 34 39 47 26 35 38 47 26 36 37 47 26 37 36 47 26 38 35 47 26 39 34 47 26 40 33 47 26 41 32 47 26 42 31 47 26 43 30 47 26 44 29 47 26 45 28 47 26 46 27 47 26 47 26 47 26 48 25 47 26 49 24 47 26 50 23 47 26 51 22 47 26 52 21 47 26 53 20 47 26 54 19 47 26 55 18 47 26 56 17 47 26 57 16 47 26 58 15 47 26 59 14 47 26 60 13 47 26 61 12 47 26 62 11 47 26 63 10 47 26 64 9 47 26 65 8 47 26 66 7 47 26 67 6 47 26 69 5 47 27 5 70 47 27 6 68 47 27 7 67 47 27 8 66 47 27 9 65 47 27 10 64 47 27 11 63 47 27 12 62 47 27 13 61 47 27 14 60 47 27 15 59 47 27 16 58 47 27 17 57 47 27 18 56 47 27 19 55 47 27 20 54 47 27 21 53 47 27 22 52 47 27 23 51 47 27 24 50 47 27 25 49 47 27 26 48 47 27 27 47 47 27 28 46 47 27 29 45 47 27 30 44 47 27 31 43 47 27 32 42 47 27 33 41 47 27 34 40 47 27 35 39 47 27 36 38 47 27 37 37 47 27 38 36 47 27 39 35 47 27 40 34 47 27 41 33 47 27 42 32 47 27 43 31 47 27 44 30 47 27 45 29 47 27 46 28 47 27 47 27 47 27 48 26 47 27 49 25 47 27 50 24 47 27 51 23 47 27 52 22 47 27 53 21 47 27 54 20 47 27 55 19 47 27 56 18 47 27 57 17 47 27 58 16 47 27 59 15 47 27 60 14 47 27 61 13 47 27 62 12 47 27 63 11 47 27 64 10 47 27 65 9 47 27 66 8 47 27 67 7 47 27 68 6 47 27 70 5 47 28 6 69 47 28 7 68 47 28 8 67 47 28 9 66 47 28 10 65 47 28 11 64 47 28 12 63 47 28 13 62 47 28 14 61 47 28 15 60 47 28 16 59 47 28 17 58 47 28 18 57 47 28 19 56 47 28 20 55 47 28 21 54 47 28 22 53 47 28 23 52 47 28 24 51 47 28 25 50 47 28 26 49 47 28 27 48 47 28 28 47 47 28 29 46 47 28 30 45 47 28 31 44 47 28 32 43 47 28 33 42 47 28 34 41 47 28 35 40 47 28 36 39 47 28 37 38 47 28 38 37 47 28 39 36 47 28 40 35 47 28 41 34 47 28 42 33 47 28 43 32 47 28 44 31 47 28 45 30 47 28 46 29 47 28 47 28 47 28 48 27 47 28 49 26 47 28 50 25 47 28 51 24 47 28 52 23 47 28 53 22 47 28 54 21 47 28 55 20 47 28 56 19 47 28 57 18 47 28 58 17 47 28 59 16 47 28 60 15 47 28 61 14 47 28 62 13 47 28 63 12 47 28 64 11 47 28 65 10 47 28 66 9 47 28 67 8 47 28 68 7 47 28 69 6 47 29 6 70 47 29 7 69 47 29 8 68 47 29 9 67 47 29 10 66 47 29 11 65 47 29 12 64 47 29 13 63 47 29 14 62 47 29 15 61 47 29 16 60 47 29 17 59 47 29 18 58 47 29 19 57 47 29 20 56 47 29 21 55 47 29 22 54 47 29 23 53 47 29 24 52 47 29 25 51 47 29 26 50 47 29 27 49 47 29 28 48 47 29 29 47 47 29 30 46 47 29 31 45 47 29 32 44 47 29 33 43 47 29 34 42 47 29 35 41 47 29 36 40 47 29 37 39 47 29 38 38 47 29 39 37 47 29 40 36 47 29 41 35 47 29 42 34 47 29 43 33 47 29 44 32 47 29 45 31 47 29 46 30 47 29 47 29 47 29 48 28 47 29 49 27 47 29 50 26 47 29 51 25 47 29 52 24 47 29 53 23 47 29 54 22 47 29 55 21 47 29 56 20 47 29 57 19 47 29 58 18 47 29 59 17 47 29 60 16 47 29 61 15 47 29 62 14 47 29 63 13 47 29 64 12 47 29 65 11 47 29 66 10 47 29 67 9 47 29 68 8 47 29 69 7 47 29 70 6 47 30 6 71 47 30 7 70 47 30 8 69 47 30 9 68 47 30 10 67 47 30 11 66 47 30 12 65 47 30 13 64 47 30 14 63 47 30 15 62 47 30 16 61 47 30 17 60 47 30 18 59 47 30 19 58 47 30 20 57 47 30 21 56 47 30 22 55 47 30 23 54 47 30 24 53 47 30 25 52 47 30 26 51 47 30 27 50 47 30 28 49 47 30 29 48 47 30 30 47 47 30 31 46 47 30 32 45 47 30 33 44 47 30 34 43 47 30 35 42 47 30 36 41 47 30 37 40 47 30 38 39 47 30 39 38 47 30 40 37 47 30 41 36 47 30 42 35 47 30 43 34 47 30 44 33 47 30 45 32 47 30 46 31 47 30 47 30 47 30 48 29 47 30 49 28 47 30 50 27 47 30 51 26 47 30 52 25 47 30 53 24 47 30 54 23 47 30 55 22 47 30 56 21 47 30 57 20 47 30 58 19 47 30 59 18 47 30 60 17 47 30 61 16 47 30 62 15 47 30 63 14 47 30 64 13 47 30 65 12 47 30 66 11 47 30 67 10 47 30 68 9 47 30 69 8 47 30 70 7 47 30 71 6 47 31 7 71 47 31 8 70 47 31 9 69 47 31 10 68 47 31 11 67 47 31 12 66 47 31 13 65 47 31 14 64 47 31 15 63 47 31 16 62 47 31 17 61 47 31 18 60 47 31 19 59 47 31 20 58 47 31 21 57 47 31 22 56 47 31 23 55 47 31 24 54 47 31 25 53 47 31 26 52 47 31 27 51 47 31 28 50 47 31 29 49 47 31 30 48 47 31 31 47 47 31 32 46 47 31 33 45 47 31 34 44 47 31 35 43 47 31 36 42 47 31 37 41 47 31 38 40 47 31 39 39 47 31 40 38 47 31 41 37 47 31 42 36 47 31 43 35 47 31 44 34 47 31 45 33 47 31 46 32 47 31 47 31 47 31 48 30 47 31 49 29 47 31 50 28 47 31 51 27 47 31 52 26 47 31 53 25 47 31 54 24 47 31 55 23 47 31 56 22 47 31 57 21 47 31 58 20 47 31 59 19 47 31 60 18 47 31 61 17 47 31 62 16 47 31 63 15 47 31 64 14 47 31 65 13 47 31 66 12 47 31 67 11 47 31 68 10 47 31 69 9 47 31 70 8 47 31 71 7 47 32 8 71 47 32 9 70 47 32 10 69 47 32 11 68 47 32 12 67 47 32 13 66 47 32 14 65 47 32 15 64 47 32 16 63 47 32 17 62 47 32 18 61 47 32 19 60 47 32 20 59 47 32 21 58 47 32 22 57 47 32 23 56 47 32 24 55 47 32 25 54 47 32 26 53 47 32 27 52 47 32 28 51 47 32 29 50 47 32 30 49 47 32 31 48 47 32 32 47 47 32 33 46 47 32 34 45 47 32 35 44 47 32 36 43 47 32 37 42 47 32 38 41 47 32 39 40 47 32 40 39 47 32 41 38 47 32 42 37 47 32 43 36 47 32 44 35 47 32 45 34 47 32 46 33 47 32 47 32 47 32 48 31 47 32 49 30 47 32 50 29 47 32 51 28 47 32 52 27 47 32 53 26 47 32 54 25 47 32 55 24 47 32 56 23 47 32 57 22 47 32 58 21 47 32 59 20 47 32 60 19 47 32 61 18 47 32 62 17 47 32 63 16 47 32 64 15 47 32 65 14 47 32 66 13 47 32 67 12 47 32 68 11 47 32 69 10 47 32 70 9 47 32 71 8 47 33 9 71 47 33 10 70 47 33 11 69 47 33 12 68 47 33 13 67 47 33 14 66 47 33 15 65 47 33 16 64 47 33 17 63 47 33 18 62 47 33 19 61 47 33 20 60 47 33 21 59 47 33 22 58 47 33 23 57 47 33 24 56 47 33 25 55 47 33 26 54 47 33 27 53 47 33 28 52 47 33 29 51 47 33 30 50 47 33 31 49 47 33 32 48 47 33 33 47 47 33 34 46 47 33 35 45 47 33 36 44 47 33 37 43 47 33 38 42 47 33 39 41 47 33 40 40 47 33 41 39 47 33 42 38 47 33 43 37 47 33 44 36 47 33 45 35 47 33 46 34 47 33 47 33 47 33 48 32 47 33 49 31 47 33 50 30 47 33 51 29 47 33 52 28 47 33 53 27 47 33 54 26 47 33 55 25 47 33 56 24 47 33 57 23 47 33 58 22 47 33 59 21 47 33 60 20 47 33 61 19 47 33 62 18 47 33 63 17 47 33 64 16 47 33 65 15 47 33 66 14 47 33 67 13 47 33 68 12 47 33 69 11 47 33 70 10 47 33 71 9 47 34 9 72 47 34 10 71 47 34 11 70 47 34 12 69 47 34 13 68 47 34 14 67 47 34 15 66 47 34 16 65 47 34 17 64 47 34 18 63 47 34 19 62 47 34 20 61 47 34 21 60 47 34 22 59 47 34 23 58 47 34 24 57 47 34 25 56 47 34 26 55 47 34 27 54 47 34 28 53 47 34 29 52 47 34 30 51 47 34 31 50 47 34 32 49 47 34 33 48 47 34 34 47 47 34 35 46 47 34 36 45 47 34 37 44 47 34 38 43 47 34 39 42 47 34 40 41 47 34 41 40 47 34 42 39 47 34 43 38 47 34 44 37 47 34 45 36 47 34 46 35 47 34 47 34 47 34 48 33 47 34 49 32 47 34 50 31 47 34 51 30 47 34 52 29 47 34 53 28 47 34 54 27 47 34 55 26 47 34 56 25 47 34 57 24 47 34 58 23 47 34 59 22 47 34 60 21 47 34 61 20 47 34 62 19 47 34 63 18 47 34 64 17 47 34 65 16 47 34 66 15 47 34 67 14 47 34 68 13 47 34 69 12 47 34 70 11 47 34 71 10 47 34 72 9 47 35 10 72 47 35 11 71 47 35 12 70 47 35 13 69 47 35 14 68 47 35 15 67 47 35 16 66 47 35 17 65 47 35 18 64 47 35 19 63 47 35 20 62 47 35 21 61 47 35 22 60 47 35 23 59 47 35 24 58 47 35 25 57 47 35 26 56 47 35 27 55 47 35 28 54 47 35 29 53 47 35 30 52 47 35 31 51 47 35 32 50 47 35 33 49 47 35 34 48 47 35 35 47 47 35 36 46 47 35 37 45 47 35 38 44 47 35 39 43 47 35 40 42 47 35 41 41 47 35 42 40 47 35 43 39 47 35 44 38 47 35 45 37 47 35 46 36 47 35 47 35 47 35 48 34 47 35 49 33 47 35 50 32 47 35 51 31 47 35 52 30 47 35 53 29 47 35 54 28 47 35 55 27 47 35 56 26 47 35 57 25 47 35 58 24 47 35 59 23 47 35 60 22 47 35 61 21 47 35 62 20 47 35 63 19 47 35 64 18 47 35 65 17 47 35 66 16 47 35 67 15 47 35 68 14 47 35 69 13 47 35 70 12 47 35 71 11 47 35 72 10 47 36 11 72 47 36 12 71 47 36 13 70 47 36 14 69 47 36 15 68 47 36 16 67 47 36 17 66 47 36 18 65 47 36 19 64 47 36 20 63 47 36 21 62 47 36 22 61 47 36 23 60 47 36 24 59 47 36 25 58 47 36 26 57 47 36 27 56 47 36 28 55 47 36 29 54 47 36 30 53 47 36 31 52 47 36 32 51 47 36 33 50 47 36 34 49 47 36 35 48 47 36 36 47 47 36 37 46 47 36 38 45 47 36 39 44 47 36 40 43 47 36 41 42 47 36 42 41 47 36 43 40 47 36 44 39 47 36 45 38 47 36 46 37 47 36 47 36 47 36 48 35 47 36 49 34 47 36 50 33 47 36 51 32 47 36 52 31 47 36 53 30 47 36 54 29 47 36 55 28 47 36 56 27 47 36 57 26 47 36 58 25 47 36 59 24 47 36 60 23 47 36 61 22 47 36 62 21 47 36 63 20 47 36 64 19 47 36 65 18 47 36 66 17 47 36 67 16 47 36 68 15 47 36 69 14 47 36 70 13 47 36 71 12 47 36 72 11 47 37 12 72 47 37 13 71 47 37 14 70 47 37 15 69 47 37 16 68 47 37 17 67 47 37 18 66 47 37 19 65 47 37 20 64 47 37 21 63 47 37 22 62 47 37 23 61 47 37 24 60 47 37 25 59 47 37 26 58 47 37 27 57 47 37 28 56 47 37 29 55 47 37 30 54 47 37 31 53 47 37 32 52 47 37 33 51 47 37 34 50 47 37 35 49 47 37 36 48 47 37 37 47 47 37 38 46 47 37 39 45 47 37 40 44 47 37 41 43 47 37 42 42 47 37 43 41 47 37 44 40 47 37 45 39 47 37 46 38 47 37 47 37 47 37 48 36 47 37 49 35 47 37 50 34 47 37 51 33 47 37 52 32 47 37 53 31 47 37 54 30 47 37 55 29 47 37 56 28 47 37 57 27 47 37 58 26 47 37 59 25 47 37 60 24 47 37 61 23 47 37 62 22 47 37 63 21 47 37 64 20 47 37 65 19 47 37 66 18 47 37 67 17 47 37 68 16 47 37 69 15 47 37 70 14 47 37 71 13 47 37 72 12 47 38 13 72 47 38 14 71 47 38 15 70 47 38 16 69 47 38 17 68 47 38 18 67 47 38 19 66 47 38 20 65 47 38 21 64 47 38 22 63 47 38 23 62 47 38 24 61 47 38 25 60 47 38 26 59 47 38 27 58 47 38 28 57 47 38 29 56 47 38 30 55 47 38 31 54 47 38 32 53 47 38 33 52 47 38 34 51 47 38 35 50 47 38 36 49 47 38 37 48 47 38 38 47 47 38 39 46 47 38 40 45 47 38 41 44 47 38 42 43 47 38 43 42 47 38 44 41 47 38 45 40 47 38 46 39 47 38 47 38 47 38 48 37 47 38 49 36 47 38 50 35 47 38 51 34 47 38 52 33 47 38 53 32 47 38 54 31 47 38 55 30 47 38 56 29 47 38 57 28 47 38 58 27 47 38 59 26 47 38 60 25 47 38 61 24 47 38 62 23 47 38 63 22 47 38 64 21 47 38 65 20 47 38 66 19 47 38 67 18 47 38 68 17 47 38 69 16 47 38 70 15 47 38 71 14 47 38 72 13 47 39 14 72 47 39 15 71 47 39 16 70 47 39 17 69 47 39 18 68 47 39 19 67 47 39 20 66 47 39 21 65 47 39 22 64 47 39 23 63 47 39 24 62 47 39 25 61 47 39 26 60 47 39 27 59 47 39 28 58 47 39 29 57 47 39 30 56 47 39 31 55 47 39 32 54 47 39 33 53 47 39 34 52 47 39 35 51 47 39 36 50 47 39 37 49 47 39 38 48 47 39 39 47 47 39 40 46 47 39 41 45 47 39 42 44 47 39 43 43 47 39 44 42 47 39 45 41 47 39 46 40 47 39 47 39 47 39 48 38 47 39 49 37 47 39 50 36 47 39 51 35 47 39 52 34 47 39 53 33 47 39 54 32 47 39 55 31 47 39 56 30 47 39 57 29 47 39 58 28 47 39 59 27 47 39 60 26 47 39 61 25 47 39 62 24 47 39 63 23 47 39 64 22 47 39 65 21 47 39 66 20 47 39 67 19 47 39 68 18 47 39 69 17 47 39 70 16 47 39 71 15 47 39 72 14 47 40 15 72 47 40 16 71 47 40 17 70 47 40 18 69 47 40 19 68 47 40 20 67 47 40 21 66 47 40 22 65 47 40 23 64 47 40 24 63 47 40 25 62 47 40 26 61 47 40 27 60 47 40 28 59 47 40 29 58 47 40 30 57 47 40 31 56 47 40 32 55 47 40 33 54 47 40 34 53 47 40 35 52 47 40 36 51 47 40 37 50 47 40 38 49 47 40 39 48 47 40 40 47 47 40 41 46 47 40 42 45 47 40 43 44 47 40 44 43 47 40 45 42 47 40 46 41 47 40 47 40 47 40 48 39 47 40 49 38 47 40 50 37 47 40 51 36 47 40 52 35 47 40 53 34 47 40 54 33 47 40 55 32 47 40 56 31 47 40 57 30 47 40 58 29 47 40 59 28 47 40 60 27 47 40 61 26 47 40 62 25 47 40 63 24 47 40 64 23 47 40 65 22 47 40 66 21 47 40 67 20 47 40 68 19 47 40 69 18 47 40 70 17 47 40 71 16 47 40 72 15 47 41 16 72 47 41 17 71 47 41 18 70 47 41 19 69 47 41 20 68 47 41 21 67 47 41 22 66 47 41 23 65 47 41 24 64 47 41 25 63 47 41 26 62 47 41 27 61 47 41 28 60 47 41 29 59 47 41 30 58 47 41 31 57 47 41 32 56 47 41 33 55 47 41 34 54 47 41 35 53 47 41 36 52 47 41 37 51 47 41 38 50 47 41 39 49 47 41 40 48 47 41 41 47 47 41 42 46 47 41 43 45 47 41 44 44 47 41 45 43 47 41 46 42 47 41 47 41 47 41 48 40 47 41 49 39 47 41 50 38 47 41 51 37 47 41 52 36 47 41 53 35 47 41 54 34 47 41 55 33 47 41 56 32 47 41 57 31 47 41 58 30 47 41 59 29 47 41 60 28 47 41 61 27 47 41 62 26 47 41 63 25 47 41 64 24 47 41 65 23 47 41 66 22 47 41 67 21 47 41 68 20 47 41 69 19 47 41 70 18 47 41 71 17 47 41 72 16 47 42 17 72 47 42 18 71 47 42 19 70 47 42 20 69 47 42 21 68 47 42 22 67 47 42 23 66 47 42 24 65 47 42 25 64 47 42 26 63 47 42 27 62 47 42 28 61 47 42 29 60 47 42 30 59 47 42 31 58 47 42 32 57 47 42 33 56 47 42 34 55 47 42 35 54 47 42 36 53 47 42 37 52 47 42 38 51 47 42 39 50 47 42 40 49 47 42 41 48 47 42 42 47 47 42 43 46 47 42 44 45 47 42 45 44 47 42 46 43 47 42 47 42 47 42 48 41 47 42 49 40 47 42 50 39 47 42 51 38 47 42 52 37 47 42 53 36 47 42 54 35 47 42 55 34 47 42 56 33 47 42 57 32 47 42 58 31 47 42 59 30 47 42 60 29 47 42 61 28 47 42 62 27 47 42 63 26 47 42 64 25 47 42 65 24 47 42 66 23 47 42 67 22 47 42 68 21 47 42 69 20 47 42 70 19 47 42 71 18 47 42 72 17 47 43 18 72 47 43 19 71 47 43 20 70 47 43 21 69 47 43 22 68 47 43 23 67 47 43 24 66 47 43 25 65 47 43 26 64 47 43 27 63 47 43 28 62 47 43 29 61 47 43 30 60 47 43 31 59 47 43 32 58 47 43 33 57 47 43 34 56 47 43 35 55 47 43 36 54 47 43 37 53 47 43 38 52 47 43 39 51 47 43 40 50 47 43 41 49 47 43 42 48 47 43 43 47 47 43 44 46 47 43 45 45 47 43 46 44 47 43 47 43 47 43 48 42 47 43 49 41 47 43 50 40 47 43 51 39 47 43 52 38 47 43 53 37 47 43 54 36 47 43 55 35 47 43 56 34 47 43 57 33 47 43 58 32 47 43 59 31 47 43 60 30 47 43 61 29 47 43 62 28 47 43 63 27 47 43 64 26 47 43 65 25 47 43 66 24 47 43 67 23 47 43 68 22 47 43 69 21 47 43 70 20 47 43 71 19 47 43 72 18 47 44 19 72 47 44 20 71 47 44 21 70 47 44 22 69 47 44 23 68 47 44 24 67 47 44 25 66 47 44 26 65 47 44 27 64 47 44 28 63 47 44 29 62 47 44 30 61 47 44 31 60 47 44 32 59 47 44 33 58 47 44 34 57 47 44 35 56 47 44 36 55 47 44 37 54 47 44 38 53 47 44 39 52 47 44 40 51 47 44 41 50 47 44 42 49 47 44 43 48 47 44 44 47 47 44 45 46 47 44 46 45 47 44 47 44 47 44 48 43 47 44 49 42 47 44 50 41 47 44 51 40 47 44 52 39 47 44 53 38 47 44 54 37 47 44 55 36 47 44 56 35 47 44 57 34 47 44 58 33 47 44 59 32 47 44 60 31 47 44 61 30 47 44 62 29 47 44 63 28 47 44 64 27 47 44 65 26 47 44 66 25 47 44 67 24 47 44 68 23 47 44 69 22 47 44 70 21 47 44 71 20 47 44 72 19 47 45 20 72 47 45 21 71 47 45 22 70 47 45 23 69 47 45 24 68 47 45 25 67 47 45 26 66 47 45 27 65 47 45 28 64 47 45 29 63 47 45 30 62 47 45 31 61 47 45 32 60 47 45 33 59 47 45 34 58 47 45 35 57 47 45 36 56 47 45 37 55 47 45 38 54 47 45 39 53 47 45 40 52 47 45 41 51 47 45 42 50 47 45 43 49 47 45 44 48 47 45 45 47 47 45 46 46 47 45 47 45 47 45 48 44 47 45 49 43 47 45 50 42 47 45 51 41 47 45 52 40 47 45 53 39 47 45 54 38 47 45 55 37 47 45 56 36 47 45 57 35 47 45 58 34 47 45 59 33 47 45 60 32 47 45 61 31 47 45 62 30 47 45 63 29 47 45 64 28 47 45 65 27 47 45 66 26 47 45 67 25 47 45 68 24 47 45 69 23 47 45 70 22 47 45 71 21 47 45 72 20 47 46 21 72 47 46 22 71 47 46 23 70 47 46 24 69 47 46 25 68 47 46 26 67 47 46 27 66 47 46 28 65 47 46 29 64 47 46 30 63 47 46 31 62 47 46 32 61 47 46 33 60 47 46 34 59 47 46 35 58 47 46 36 57 47 46 37 56 47 46 38 55 47 46 39 54 47 46 40 53 47 46 41 52 47 46 42 51 47 46 43 50 47 46 44 49 47 46 45 48 47 46 46 47 47 46 47 46 47 46 48 45 47 46 49 44 47 46 50 43 47 46 51 42 47 46 52 41 47 46 53 40 47 46 54 39 47 46 55 38 47 46 56 37 47 46 57 36 47 46 58 35 47 46 59 34 47 46 60 33 47 46 61 32 47 46 62 31 47 46 63 30 47 46 64 29 47 46 65 28 47 46 66 27 47 46 67 26 47 46 68 25 47 46 69 24 47 46 70 23 47 46 71 22 47 46 72 21 47 47 22 72 47 47 23 71 47 47 24 70 47 47 25 69 47 47 26 68 47 47 27 67 47 47 28 66 47 47 29 65 47 47 30 64 47 47 31 63 47 47 32 62 47 47 33 61 47 47 34 60 47 47 35 59 47 47 36 58 47 47 37 57 47 47 38 56 47 47 39 55 47 47 40 54 47 47 41 53 47 47 42 52 47 47 43 51 47 47 44 50 47 47 45 49 47 47 46 48 47 47 47 47 47 47 48 46 47 47 49 45 47 47 50 44 47 47 51 43 47 47 52 42 47 47 53 41 47 47 54 40 47 47 55 39 47 47 56 38 47 47 57 37 47 47 58 36 47 47 59 35 47 47 60 34 47 47 61 33 47 47 62 32 47 47 63 31 47 47 64 30 47 47 65 29 47 47 66 28 47 47 67 27 47 47 68 26 47 47 69 25 47 47 70 24 47 47 71 23 47 47 72 22 47 48 23 72 47 48 24 71 47 48 25 70 47 48 26 69 47 48 27 68 47 48 28 67 47 48 29 66 47 48 30 65 47 48 31 64 47 48 32 63 47 48 33 62 47 48 34 61 47 48 35 60 47 48 36 59 47 48 37 58 47 48 38 57 47 48 39 56 47 48 40 55 47 48 41 54 47 48 42 53 47 48 43 52 47 48 44 51 47 48 45 50 47 48 46 49 47 48 47 48 47 48 48 47 47 48 49 46 47 48 50 45 47 48 51 44 47 48 52 43 47 48 53 42 47 48 54 41 47 48 55 40 47 48 56 39 47 48 57 38 47 48 58 37 47 48 59 36 47 48 60 35 47 48 61 34 47 48 62 33 47 48 63 32 47 48 64 31 47 48 65 30 47 48 66 29 47 48 67 28 47 48 68 27 47 48 69 26 47 48 70 25 47 48 71 24 47 48 72 23 47 49 24 72 47 49 25 71 47 49 26 70 47 49 27 69 47 49 28 68 47 49 29 67 47 49 30 66 47 49 31 65 47 49 32 64 47 49 33 63 47 49 34 62 47 49 35 61 47 49 36 60 47 49 37 59 47 49 38 58 47 49 39 57 47 49 40 56 47 49 41 55 47 49 42 54 47 49 43 53 47 49 44 52 47 49 45 51 47 49 46 50 47 49 47 49 47 49 48 48 47 49 49 47 47 49 50 46 47 49 51 45 47 49 52 44 47 49 53 43 47 49 54 42 47 49 55 41 47 49 56 40 47 49 57 39 47 49 58 38 47 49 59 37 47 49 60 36 47 49 61 35 47 49 62 34 47 49 63 33 47 49 64 32 47 49 65 31 47 49 66 30 47 49 67 29 47 49 68 28 47 49 69 27 47 49 70 26 47 49 71 25 47 49 72 24 47 50 25 72 47 50 26 71 47 50 27 70 47 50 28 69 47 50 29 68 47 50 30 67 47 50 31 66 47 50 32 65 47 50 33 64 47 50 34 63 47 50 35 62 47 50 36 61 47 50 37 60 47 50 38 59 47 50 39 58 47 50 40 57 47 50 41 56 47 50 42 55 47 50 43 54 47 50 44 53 47 50 45 52 47 50 46 51 47 50 47 50 47 50 48 49 47 50 49 48 47 50 50 47 47 50 51 46 47 50 52 45 47 50 53 44 47 50 54 43 47 50 55 42 47 50 56 41 47 50 57 40 47 50 58 39 47 50 59 38 47 50 60 37 47 50 61 36 47 50 62 35 47 50 63 34 47 50 64 33 47 50 65 32 47 50 66 31 47 50 67 30 47 50 68 29 47 50 69 28 47 50 70 27 47 50 71 26 47 50 72 25 47 51 26 72 47 51 27 71 47 51 28 70 47 51 29 69 47 51 30 68 47 51 31 67 47 51 32 66 47 51 33 65 47 51 34 64 47 51 35 63 47 51 36 62 47 51 37 61 47 51 38 60 47 51 39 59 47 51 40 58 47 51 41 57 47 51 42 56 47 51 43 55 47 51 44 54 47 51 45 53 47 51 46 52 47 51 47 51 47 51 48 50 47 51 49 49 47 51 50 48 47 51 51 47 47 51 52 46 47 51 53 45 47 51 54 44 47 51 55 43 47 51 56 42 47 51 57 41 47 51 58 40 47 51 59 39 47 51 60 38 47 51 61 37 47 51 62 36 47 51 63 35 47 51 64 34 47 51 65 33 47 51 66 32 47 51 67 31 47 51 68 30 47 51 69 29 47 51 70 28 47 51 71 27 47 51 72 26 47 52 27 72 47 52 28 71 47 52 29 70 47 52 30 69 47 52 31 68 47 52 32 67 47 52 33 66 47 52 34 65 47 52 35 64 47 52 36 63 47 52 37 62 47 52 38 61 47 52 39 60 47 52 40 59 47 52 41 58 47 52 42 57 47 52 43 56 47 52 44 55 47 52 45 54 47 52 46 53 47 52 47 52 47 52 48 51 47 52 49 50 47 52 50 49 47 52 51 48 47 52 52 47 47 52 53 46 47 52 54 45 47 52 55 44 47 52 56 43 47 52 57 42 47 52 58 41 47 52 59 40 47 52 60 39 47 52 61 38 47 52 62 37 47 52 63 36 47 52 64 35 47 52 65 34 47 52 66 33 47 52 67 32 47 52 68 31 47 52 69 30 47 52 70 29 47 52 71 28 47 52 72 27 47 53 28 72 47 53 29 71 47 53 30 70 47 53 31 69 47 53 32 68 47 53 33 67 47 53 34 66 47 53 35 65 47 53 36 64 47 53 37 63 47 53 38 62 47 53 39 61 47 53 40 60 47 53 41 59 47 53 42 58 47 53 43 57 47 53 44 56 47 53 45 55 47 53 46 54 47 53 47 53 47 53 48 52 47 53 49 51 47 53 50 50 47 53 51 49 47 53 52 48 47 53 53 47 47 53 54 46 47 53 55 45 47 53 56 44 47 53 57 43 47 53 58 42 47 53 59 41 47 53 60 40 47 53 61 39 47 53 62 38 47 53 63 37 47 53 64 36 47 53 65 35 47 53 66 34 47 53 67 33 47 53 68 32 47 53 69 31 47 53 70 30 47 53 71 29 47 53 72 28 47 54 29 72 47 54 30 71 47 54 31 70 47 54 32 69 47 54 33 68 47 54 34 67 47 54 35 66 47 54 36 65 47 54 37 64 47 54 38 63 47 54 39 62 47 54 40 61 47 54 41 60 47 54 42 59 47 54 43 58 47 54 44 57 47 54 45 56 47 54 46 55 47 54 47 54 47 54 48 53 47 54 49 52 47 54 50 51 47 54 51 50 47 54 52 49 47 54 53 48 47 54 54 47 47 54 55 46 47 54 56 45 47 54 57 44 47 54 58 43 47 54 59 42 47 54 60 41 47 54 61 40 47 54 62 39 47 54 63 38 47 54 64 37 47 54 65 36 47 54 66 35 47 54 67 34 47 54 68 33 47 54 69 32 47 54 70 31 47 54 71 30 47 54 72 29 47 55 30 72 47 55 31 71 47 55 32 70 47 55 33 69 47 55 34 68 47 55 35 67 47 55 36 66 47 55 37 65 47 55 38 64 47 55 39 63 47 55 40 62 47 55 41 61 47 55 42 60 47 55 43 59 47 55 44 58 47 55 45 57 47 55 46 56 47 55 47 55 47 55 48 54 47 55 49 53 47 55 50 52 47 55 51 51 47 55 52 50 47 55 53 49 47 55 54 48 47 55 55 47 47 55 56 46 47 55 57 45 47 55 58 44 47 55 59 43 47 55 60 42 47 55 61 41 47 55 62 40 47 55 63 39 47 55 64 38 47 55 65 37 47 55 66 36 47 55 67 35 47 55 68 34 47 55 69 33 47 55 70 32 47 55 71 31 47 55 72 30 47 56 31 72 47 56 32 71 47 56 33 70 47 56 34 69 47 56 35 68 47 56 36 67 47 56 37 66 47 56 38 65 47 56 39 64 47 56 40 63 47 56 41 62 47 56 42 61 47 56 43 60 47 56 44 59 47 56 45 58 47 56 46 57 47 56 47 56 47 56 48 55 47 56 49 54 47 56 50 53 47 56 51 52 47 56 52 51 47 56 53 50 47 56 54 49 47 56 55 48 47 56 56 47 47 56 57 46 47 56 58 45 47 56 59 44 47 56 60 43 47 56 61 42 47 56 62 41 47 56 63 40 47 56 64 39 47 56 65 38 47 56 66 37 47 56 67 36 47 56 68 35 47 56 69 34 47 56 70 33 47 56 71 32 47 56 72 31 47 57 32 72 47 57 33 71 47 57 34 70 47 57 35 69 47 57 36 68 47 57 37 67 47 57 38 66 47 57 39 65 47 57 40 64 47 57 41 63 47 57 42 62 47 57 43 61 47 57 44 60 47 57 45 59 47 57 46 58 47 57 47 57 47 57 48 56 47 57 49 55 47 57 50 54 47 57 51 53 47 57 52 52 47 57 53 51 47 57 54 50 47 57 55 49 47 57 56 48 47 57 57 47 47 57 58 46 47 57 59 45 47 57 60 44 47 57 61 43 47 57 62 42 47 57 63 41 47 57 64 40 47 57 65 39 47 57 66 38 47 57 67 37 47 57 68 36 47 57 69 35 47 57 70 34 47 57 71 33 47 57 72 32 47 58 33 72 47 58 34 71 47 58 35 70 47 58 36 69 47 58 37 68 47 58 38 67 47 58 39 66 47 58 40 65 47 58 41 64 47 58 42 63 47 58 43 62 47 58 44 61 47 58 45 60 47 58 46 59 47 58 47 58 47 58 48 57 47 58 49 56 47 58 50 55 47 58 51 54 47 58 52 53 47 58 53 52 47 58 54 51 47 58 55 50 47 58 56 49 47 58 57 48 47 58 58 47 47 58 59 46 47 58 60 45 47 58 61 44 47 58 62 43 47 58 63 42 47 58 64 41 47 58 65 40 47 58 66 39 47 58 67 38 47 58 68 37 47 58 69 36 47 58 70 35 47 58 71 34 47 58 72 33 47 59 34 72 47 59 35 71 47 59 36 70 47 59 37 69 47 59 38 68 47 59 39 67 47 59 40 66 47 59 41 65 47 59 42 64 47 59 43 63 47 59 44 62 47 59 45 61 47 59 46 60 47 59 47 59 47 59 48 58 47 59 49 57 47 59 50 56 47 59 51 55 47 59 52 54 47 59 53 53 47 59 54 52 47 59 55 51 47 59 56 50 47 59 57 49 47 59 58 48 47 59 59 47 47 59 60 46 47 59 61 45 47 59 62 44 47 59 63 43 47 59 64 42 47 59 65 41 47 59 66 40 47 59 67 39 47 59 68 38 47 59 69 37 47 59 70 36 47 59 71 35 47 59 72 34 47 60 35 72 47 60 36 71 47 60 37 70 47 60 38 69 47 60 39 68 47 60 40 67 47 60 41 66 47 60 42 65 47 60 43 64 47 60 44 63 47 60 45 62 47 60 46 61 47 60 47 60 47 60 48 59 47 60 49 58 47 60 50 57 47 60 51 56 47 60 52 55 47 60 53 54 47 60 54 53 47 60 55 52 47 60 56 51 47 60 57 50 47 60 58 49 47 60 59 48 47 60 60 47 47 60 61 46 47 60 62 45 47 60 63 44 47 60 64 43 47 60 65 42 47 60 66 41 47 60 67 40 47 60 68 39 47 60 69 38 47 60 70 37 47 60 71 36 47 60 72 35 47 61 36 72 47 61 37 71 47 61 38 70 47 61 39 69 47 61 40 68 47 61 41 67 47 61 42 66 47 61 43 65 47 61 44 64 47 61 45 63 47 61 46 62 47 61 47 61 47 61 48 60 47 61 49 59 47 61 50 58 47 61 51 57 47 61 52 56 47 61 53 55 47 61 54 54 47 61 55 53 47 61 56 52 47 61 57 51 47 61 58 50 47 61 59 49 47 61 60 48 47 61 61 47 47 61 62 46 47 61 63 45 47 61 64 44 47 61 65 43 47 61 66 42 47 61 67 41 47 61 68 40 47 61 69 39 47 61 70 38 47 61 71 37 47 61 72 36 47 62 37 72 47 62 38 71 47 62 39 70 47 62 40 69 47 62 41 68 47 62 42 67 47 62 43 66 47 62 44 65 47 62 45 64 47 62 46 63 47 62 47 62 47 62 48 61 47 62 49 60 47 62 50 59 47 62 51 58 47 62 52 57 47 62 53 56 47 62 54 55 47 62 55 54 47 62 56 53 47 62 57 52 47 62 58 51 47 62 59 50 47 62 60 49 47 62 61 48 47 62 62 47 47 62 63 46 47 62 64 45 47 62 65 44 47 62 66 43 47 62 67 42 47 62 68 41 47 62 69 40 47 62 70 39 47 62 71 38 47 62 72 37 47 63 38 72 47 63 39 71 47 63 40 70 47 63 41 69 47 63 42 68 47 63 43 67 47 63 44 66 47 63 45 65 47 63 46 64 47 63 47 63 47 63 48 62 47 63 49 61 47 63 50 60 47 63 51 59 47 63 52 58 47 63 53 57 47 63 54 56 47 63 55 55 47 63 56 54 47 63 57 53 47 63 58 52 47 63 59 51 47 63 60 50 47 63 61 49 47 63 62 48 47 63 63 47 47 63 64 46 47 63 65 45 47 63 66 44 47 63 67 43 47 63 68 42 47 63 69 41 47 63 70 40 47 63 71 39 47 63 72 38 47 64 39 72 47 64 40 71 47 64 41 70 47 64 42 69 47 64 43 68 47 64 44 67 47 64 45 66 47 64 46 65 47 64 47 64 47 64 48 63 47 64 49 62 47 64 50 61 47 64 51 60 47 64 52 59 47 64 53 58 47 64 54 57 47 64 55 56 47 64 56 55 47 64 57 54 47 64 58 53 47 64 59 52 47 64 60 51 47 64 61 50 47 64 62 49 47 64 63 48 47 64 64 47 47 64 65 46 47 64 66 45 47 64 67 44 47 64 68 43 47 64 69 42 47 64 70 41 47 64 71 40 47 64 72 39 47 65 40 72 47 65 41 71 47 65 42 70 47 65 43 69 47 65 44 68 47 65 45 67 47 65 46 66 47 65 47 65 47 65 48 64 47 65 49 63 47 65 50 62 47 65 51 61 47 65 52 60 47 65 53 59 47 65 54 58 47 65 55 57 47 65 56 56 47 65 57 55 47 65 58 54 47 65 59 53 47 65 60 52 47 65 61 51 47 65 62 50 47 65 63 49 47 65 64 48 47 65 65 47 47 65 66 46 47 65 67 45 47 65 68 44 47 65 69 43 47 65 70 42 47 65 71 41 47 65 72 40 47 66 41 72 47 66 42 71 47 66 43 70 47 66 44 69 47 66 45 68 47 66 46 67 47 66 47 66 47 66 48 65 47 66 49 64 47 66 50 63 47 66 51 62 47 66 52 61 47 66 53 60 47 66 54 59 47 66 55 58 47 66 56 57 47 66 57 56 47 66 58 55 47 66 59 54 47 66 60 53 47 66 61 52 47 66 62 51 47 66 63 50 47 66 64 49 47 66 65 48 47 66 66 47 47 66 67 46 47 66 68 45 47 66 69 44 47 66 70 43 47 66 71 42 47 66 72 41 47 67 42 72 47 67 43 71 47 67 44 70 47 67 45 69 47 67 46 68 47 67 47 67 47 67 48 66 47 67 49 65 47 67 50 64 47 67 51 63 47 67 52 62 47 67 53 61 47 67 54 60 47 67 55 59 47 67 56 58 47 67 57 57 47 67 58 56 47 67 59 55 47 67 60 54 47 67 61 53 47 67 62 52 47 67 63 51 47 67 64 50 47 67 65 49 47 67 66 48 47 67 67 47 47 67 68 46 47 67 69 45 47 67 70 44 47 67 71 43 47 67 72 42 47 68 43 72 47 68 44 71 47 68 45 70 47 68 46 69 47 68 47 68 47 68 48 67 47 68 49 66 47 68 50 65 47 68 51 64 47 68 52 63 47 68 53 62 47 68 54 61 47 68 55 60 47 68 56 59 47 68 57 58 47 68 58 57 47 68 59 56 47 68 60 55 47 68 61 54 47 68 62 53 47 68 63 52 47 68 64 51 47 68 65 50 47 68 66 49 47 68 67 48 47 68 68 47 47 68 69 46 47 68 70 45 47 68 71 44 47 68 72 43 47 69 44 72 47 69 45 71 47 69 46 70 47 69 47 69 47 69 48 68 47 69 49 67 47 69 50 66 47 69 51 65 47 69 52 64 47 69 53 63 47 69 54 62 47 69 55 61 47 69 56 60 47 69 57 59 47 69 58 58 47 69 59 57 47 69 60 56 47 69 61 55 47 69 62 54 47 69 63 53 47 69 64 52 47 69 65 51 47 69 66 50 47 69 67 49 47 69 68 48 47 69 69 47 47 69 70 46 47 69 71 45 47 69 72 44 47 70 45 72 47 70 46 71 47 70 47 70 47 70 48 69 47 70 49 68 47 70 50 67 47 70 51 66 47 70 52 65 47 70 53 64 47 70 54 63 47 70 55 62 47 70 56 61 47 70 57 60 47 70 58 59 47 70 59 58 47 70 60 57 47 70 61 56 47 70 62 55 47 70 63 54 47 70 64 53 47 70 65 52 47 70 66 51 47 70 67 50 47 70 68 49 47 70 69 48 47 70 70 47 47 70 71 46 47 70 72 45 47 71 46 72 47 71 47 71 47 71 48 70 47 71 49 69 47 71 50 68 47 71 51 67 47 71 52 66 47 71 53 65 47 71 54 64 47 71 55 63 47 71 56 62 47 71 57 61 47 71 58 60 47 71 59 59 47 71 60 58 47 71 61 57 47 71 62 56 47 71 63 55 47 71 64 54 47 71 65 53 47 71 66 52 47 71 67 51 47 71 68 50 47 71 69 49 47 71 70 48 47 71 71 47 47 71 72 46 47 72 47 72 47 72 48 71 47 72 49 70 47 72 50 69 47 72 51 68 47 72 52 67 47 72 53 66 47 72 54 65 47 72 55 64 47 72 56 63 47 72 57 62 47 72 58 61 47 72 59 60 47 72 60 59 47 72 61 58 47 72 62 57 47 72 63 56 47 72 64 55 47 72 65 54 47 72 66 53 47 72 67 52 47 72 68 51 47 72 69 50 47 72 70 49 47 72 71 48 47 72 72 47 

























