
















































49 0 0 49 49 0 1 47 49 0 2 45 49 0 3 44 49 0 4 42 49 0 5 40 49 0 40 5 49 0 42 4 49 0 44 3 49 0 45 2 49 0 47 1 49 0 49 0 49 1 0 51 49 1 1 49 49 1 2 47 49 1 3 46 49 1 4 44 49 1 5 42 49 1 6 40 49 1 7 39 49 1 8 38 49 1 9 37 49 1 10 36 49 1 11 35 49 1 12 34 49 1 13 33 49 1 14 32 49 1 15 31 49 1 16 30 49 1 17 29 49 1 18 28 49 1 19 27 49 1 20 26 49 1 21 25 49 1 22 24 49 1 23 23 49 1 24 22 49 1 25 21 49 1 26 20 49 1 27 19 49 1 28 18 49 1 29 17 49 1 30 16 49 1 31 15 49 1 32 14 49 1 33 13 49 1 34 12 49 1 35 11 49 1 36 10 49 1 37 9 49 1 38 8 49 1 39 7 49 1 40 6 49 1 42 5 49 1 44 4 49 1 46 3 49 1 47 2 49 1 49 1 49 1 51 0 49 2 0 53 49 2 1 51 49 2 2 49 49 2 3 48 49 2 4 46 49 2 5 44 49 2 6 42 49 2 7 41 49 2 8 40 49 2 9 39 49 2 10 38 49 2 11 37 49 2 12 36 49 2 13 35 49 2 14 34 49 2 15 33 49 2 16 32 49 2 17 31 49 2 18 30 49 2 19 29 49 2 20 28 49 2 21 27 49 2 22 26 49 2 23 25 49 2 24 24 49 2 25 23 49 2 26 22 49 2 27 21 49 2 28 20 49 2 29 19 49 2 30 18 49 2 31 17 49 2 32 16 49 2 33 15 49 2 34 14 49 2 35 13 49 2 36 12 49 2 37 11 49 2 38 10 49 2 39 9 49 2 40 8 49 2 41 7 49 2 42 6 49 2 44 5 49 2 46 4 49 2 48 3 49 2 49 2 49 2 51 1 49 2 53 0 49 3 0 54 49 3 1 52 49 3 2 50 49 3 3 49 49 3 4 47 49 3 5 45 49 3 6 43 49 3 7 42 49 3 8 41 49 3 9 40 49 3 10 39 49 3 11 38 49 3 12 37 49 3 13 36 49 3 14 35 49 3 15 34 49 3 16 33 49 3 17 32 49 3 18 31 49 3 19 30 49 3 20 29 49 3 21 28 49 3 22 27 49 3 23 26 49 3 24 25 49 3 25 24 49 3 26 23 49 3 27 22 49 3 28 21 49 3 29 20 49 3 30 19 49 3 31 18 49 3 32 17 49 3 33 16 49 3 34 15 49 3 35 14 49 3 36 13 49 3 37 12 49 3 38 11 49 3 39 10 49 3 40 9 49 3 41 8 49 3 42 7 49 3 43 6 49 3 45 5 49 3 47 4 49 3 49 3 49 3 50 2 49 3 52 1 49 3 54 0 49 4 1 54 49 4 2 52 49 4 3 51 49 4 4 49 49 4 5 47 49 4 6 45 49 4 7 44 49 4 8 43 49 4 9 42 49 4 10 41 49 4 11 40 49 4 12 39 49 4 13 38 49 4 14 37 49 4 15 36 49 4 16 35 49 4 17 34 49 4 18 33 49 4 19 32 49 4 20 31 49 4 21 30 49 4 22 29 49 4 23 28 49 4 24 27 49 4 25 26 49 4 26 25 49 4 27 24 49 4 28 23 49 4 29 22 49 4 30 21 49 4 31 20 49 4 32 19 49 4 33 18 49 4 34 17 49 4 35 16 49 4 36 15 49 4 37 14 49 4 38 13 49 4 39 12 49 4 40 11 49 4 41 10 49 4 42 9 49 4 43 8 49 4 44 7 49 4 45 6 49 4 47 5 49 4 49 4 49 4 51 3 49 4 52 2 49 4 54 1 49 5 1 56 49 5 2 54 49 5 3 53 49 5 4 51 49 5 5 49 49 5 6 47 49 5 7 46 49 5 8 45 49 5 9 44 49 5 10 43 49 5 11 42 49 5 12 41 49 5 13 40 49 5 14 39 49 5 15 38 49 5 16 37 49 5 17 36 49 5 18 35 49 5 19 34 49 5 20 33 49 5 21 32 49 5 22 31 49 5 23 30 49 5 24 29 49 5 25 28 49 5 26 27 49 5 27 26 49 5 28 25 49 5 29 24 49 5 30 23 49 5 31 22 49 5 32 21 49 5 33 20 49 5 34 19 49 5 35 18 49 5 36 17 49 5 37 16 49 5 38 15 49 5 39 14 49 5 40 13 49 5 41 12 49 5 42 11 49 5 43 10 49 5 44 9 49 5 45 8 49 5 46 7 49 5 47 6 49 5 49 5 49 5 51 4 49 5 53 3 49 5 54 2 49 5 56 1 49 6 2 56 49 6 3 55 49 6 4 53 49 6 5 51 49 6 6 49 49 6 7 48 49 6 8 47 49 6 9 46 49 6 10 45 49 6 11 44 49 6 12 43 49 6 13 42 49 6 14 41 49 6 15 40 49 6 16 39 49 6 17 38 49 6 18 37 49 6 19 36 49 6 20 35 49 6 21 34 49 6 22 33 49 6 23 32 49 6 24 31 49 6 25 30 49 6 26 29 49 6 27 28 49 6 28 27 49 6 29 26 49 6 30 25 49 6 31 24 49 6 32 23 49 6 33 22 49 6 34 21 49 6 35 20 49 6 36 19 49 6 37 18 49 6 38 17 49 6 39 16 49 6 40 15 49 6 41 14 49 6 42 13 49 6 43 12 49 6 44 11 49 6 45 10 49 6 46 9 49 6 47 8 49 6 48 7 49 6 49 6 49 6 51 5 49 6 53 4 49 6 55 3 49 6 56 2 49 7 2 57 49 7 3 56 49 7 4 54 49 7 5 52 49 7 6 50 49 7 7 49 49 7 8 48 49 7 9 47 49 7 10 46 49 7 11 45 49 7 12 44 49 7 13 43 49 7 14 42 49 7 15 41 49 7 16 40 49 7 17 39 49 7 18 38 49 7 19 37 49 7 20 36 49 7 21 35 49 7 22 34 49 7 23 33 49 7 24 32 49 7 25 31 49 7 26 30 49 7 27 29 49 7 28 28 49 7 29 27 49 7 30 26 49 7 31 25 49 7 32 24 49 7 33 23 49 7 34 22 49 7 35 21 49 7 36 20 49 7 37 19 49 7 38 18 49 7 39 17 49 7 40 16 49 7 41 15 49 7 42 14 49 7 43 13 49 7 44 12 49 7 45 11 49 7 46 10 49 7 47 9 49 7 48 8 49 7 49 7 49 7 50 6 49 7 52 5 49 7 54 4 49 7 56 3 49 7 57 2 49 8 2 58 49 8 3 57 49 8 4 55 49 8 5 53 49 8 6 51 49 8 7 50 49 8 8 49 49 8 9 48 49 8 10 47 49 8 11 46 49 8 12 45 49 8 13 44 49 8 14 43 49 8 15 42 49 8 16 41 49 8 17 40 49 8 18 39 49 8 19 38 49 8 20 37 49 8 21 36 49 8 22 35 49 8 23 34 49 8 24 33 49 8 25 32 49 8 26 31 49 8 27 30 49 8 28 29 49 8 29 28 49 8 30 27 49 8 31 26 49 8 32 25 49 8 33 24 49 8 34 23 49 8 35 22 49 8 36 21 49 8 37 20 49 8 38 19 49 8 39 18 49 8 40 17 49 8 41 16 49 8 42 15 49 8 43 14 49 8 44 13 49 8 45 12 49 8 46 11 49 8 47 10 49 8 48 9 49 8 49 8 49 8 50 7 49 8 51 6 49 8 53 5 49 8 55 4 49 8 57 3 49 8 58 2 49 9 3 58 49 9 4 56 49 9 5 54 49 9 6 52 49 9 7 51 49 9 8 50 49 9 9 49 49 9 10 48 49 9 11 47 49 9 12 46 49 9 13 45 49 9 14 44 49 9 15 43 49 9 16 42 49 9 17 41 49 9 18 40 49 9 19 39 49 9 20 38 49 9 21 37 49 9 22 36 49 9 23 35 49 9 24 34 49 9 25 33 49 9 26 32 49 9 27 31 49 9 28 30 49 9 29 29 49 9 30 28 49 9 31 27 49 9 32 26 49 9 33 25 49 9 34 24 49 9 35 23 49 9 36 22 49 9 37 21 49 9 38 20 49 9 39 19 49 9 40 18 49 9 41 17 49 9 42 16 49 9 43 15 49 9 44 14 49 9 45 13 49 9 46 12 49 9 47 11 49 9 48 10 49 9 49 9 49 9 50 8 49 9 51 7 49 9 52 6 49 9 54 5 49 9 56 4 49 9 58 3 49 10 3 59 49 10 4 57 49 10 5 55 49 10 6 53 49 10 7 52 49 10 8 51 49 10 9 50 49 10 10 49 49 10 11 48 49 10 12 47 49 10 13 46 49 10 14 45 49 10 15 44 49 10 16 43 49 10 17 42 49 10 18 41 49 10 19 40 49 10 20 39 49 10 21 38 49 10 22 37 49 10 23 36 49 10 24 35 49 10 25 34 49 10 26 33 49 10 27 32 49 10 28 31 49 10 29 30 49 10 30 29 49 10 31 28 49 10 32 27 49 10 33 26 49 10 34 25 49 10 35 24 49 10 36 23 49 10 37 22 49 10 38 21 49 10 39 20 49 10 40 19 49 10 41 18 49 10 42 17 49 10 43 16 49 10 44 15 49 10 45 14 49 10 46 13 49 10 47 12 49 10 48 11 49 10 49 10 49 10 50 9 49 10 51 8 49 10 52 7 49 10 53 6 49 10 55 5 49 10 57 4 49 10 59 3 49 11 3 60 49 11 4 58 49 11 5 56 49 11 6 54 49 11 7 53 49 11 8 52 49 11 9 51 49 11 10 50 49 11 11 49 49 11 12 48 49 11 13 47 49 11 14 46 49 11 15 45 49 11 16 44 49 11 17 43 49 11 18 42 49 11 19 41 49 11 20 40 49 11 21 39 49 11 22 38 49 11 23 37 49 11 24 36 49 11 25 35 49 11 26 34 49 11 27 33 49 11 28 32 49 11 29 31 49 11 30 30 49 11 31 29 49 11 32 28 49 11 33 27 49 11 34 26 49 11 35 25 49 11 36 24 49 11 37 23 49 11 38 22 49 11 39 21 49 11 40 20 49 11 41 19 49 11 42 18 49 11 43 17 49 11 44 16 49 11 45 15 49 11 46 14 49 11 47 13 49 11 48 12 49 11 49 11 49 11 50 10 49 11 51 9 49 11 52 8 49 11 53 7 49 11 54 6 49 11 56 5 49 11 58 4 49 11 60 3 49 12 4 59 49 12 5 57 49 12 6 55 49 12 7 54 49 12 8 53 49 12 9 52 49 12 10 51 49 12 11 50 49 12 12 49 49 12 13 48 49 12 14 47 49 12 15 46 49 12 16 45 49 12 17 44 49 12 18 43 49 12 19 42 49 12 20 41 49 12 21 40 49 12 22 39 49 12 23 38 49 12 24 37 49 12 25 36 49 12 26 35 49 12 27 34 49 12 28 33 49 12 29 32 49 12 30 31 49 12 31 30 49 12 32 29 49 12 33 28 49 12 34 27 49 12 35 26 49 12 36 25 49 12 37 24 49 12 38 23 49 12 39 22 49 12 40 21 49 12 41 20 49 12 42 19 49 12 43 18 49 12 44 17 49 12 45 16 49 12 46 15 49 12 47 14 49 12 48 13 49 12 49 12 49 12 50 11 49 12 51 10 49 12 52 9 49 12 53 8 49 12 54 7 49 12 55 6 49 12 57 5 49 12 59 4 49 13 4 60 49 13 5 58 49 13 6 56 49 13 7 55 49 13 8 54 49 13 9 53 49 13 10 52 49 13 11 51 49 13 12 50 49 13 13 49 49 13 14 48 49 13 15 47 49 13 16 46 49 13 17 45 49 13 18 44 49 13 19 43 49 13 20 42 49 13 21 41 49 13 22 40 49 13 23 39 49 13 24 38 49 13 25 37 49 13 26 36 49 13 27 35 49 13 28 34 49 13 29 33 49 13 30 32 49 13 31 31 49 13 32 30 49 13 33 29 49 13 34 28 49 13 35 27 49 13 36 26 49 13 37 25 49 13 38 24 49 13 39 23 49 13 40 22 49 13 41 21 49 13 42 20 49 13 43 19 49 13 44 18 49 13 45 17 49 13 46 16 49 13 47 15 49 13 48 14 49 13 49 13 49 13 50 12 49 13 51 11 49 13 52 10 49 13 53 9 49 13 54 8 49 13 55 7 49 13 56 6 49 13 58 5 49 13 60 4 49 14 4 61 49 14 5 59 49 14 6 57 49 14 7 56 49 14 8 55 49 14 9 54 49 14 10 53 49 14 11 52 49 14 12 51 49 14 13 50 49 14 14 49 49 14 15 48 49 14 16 47 49 14 17 46 49 14 18 45 49 14 19 44 49 14 20 43 49 14 21 42 49 14 22 41 49 14 23 40 49 14 24 39 49 14 25 38 49 14 26 37 49 14 27 36 49 14 28 35 49 14 29 34 49 14 30 33 49 14 31 32 49 14 32 31 49 14 33 30 49 14 34 29 49 14 35 28 49 14 36 27 49 14 37 26 49 14 38 25 49 14 39 24 49 14 40 23 49 14 41 22 49 14 42 21 49 14 43 20 49 14 44 19 49 14 45 18 49 14 46 17 49 14 47 16 49 14 48 15 49 14 49 14 49 14 50 13 49 14 51 12 49 14 52 11 49 14 53 10 49 14 54 9 49 14 55 8 49 14 56 7 49 14 57 6 49 14 59 5 49 14 61 4 49 15 5 60 49 15 6 58 49 15 7 57 49 15 8 56 49 15 9 55 49 15 10 54 49 15 11 53 49 15 12 52 49 15 13 51 49 15 14 50 49 15 15 49 49 15 16 48 49 15 17 47 49 15 18 46 49 15 19 45 49 15 20 44 49 15 21 43 49 15 22 42 49 15 23 41 49 15 24 40 49 15 25 39 49 15 26 38 49 15 27 37 49 15 28 36 49 15 29 35 49 15 30 34 49 15 31 33 49 15 32 32 49 15 33 31 49 15 34 30 49 15 35 29 49 15 36 28 49 15 37 27 49 15 38 26 49 15 39 25 49 15 40 24 49 15 41 23 49 15 42 22 49 15 43 21 49 15 44 20 49 15 45 19 49 15 46 18 49 15 47 17 49 15 48 16 49 15 49 15 49 15 50 14 49 15 51 13 49 15 52 12 49 15 53 11 49 15 54 10 49 15 55 9 49 15 56 8 49 15 57 7 49 15 58 6 49 15 60 5 49 16 5 61 49 16 6 59 49 16 7 58 49 16 8 57 49 16 9 56 49 16 10 55 49 16 11 54 49 16 12 53 49 16 13 52 49 16 14 51 49 16 15 50 49 16 16 49 49 16 17 48 49 16 18 47 49 16 19 46 49 16 20 45 49 16 21 44 49 16 22 43 49 16 23 42 49 16 24 41 49 16 25 40 49 16 26 39 49 16 27 38 49 16 28 37 49 16 29 36 49 16 30 35 49 16 31 34 49 16 32 33 49 16 33 32 49 16 34 31 49 16 35 30 49 16 36 29 49 16 37 28 49 16 38 27 49 16 39 26 49 16 40 25 49 16 41 24 49 16 42 23 49 16 43 22 49 16 44 21 49 16 45 20 49 16 46 19 49 16 47 18 49 16 48 17 49 16 49 16 49 16 50 15 49 16 51 14 49 16 52 13 49 16 53 12 49 16 54 11 49 16 55 10 49 16 56 9 49 16 57 8 49 16 58 7 49 16 59 6 49 16 61 5 49 17 5 62 49 17 6 60 49 17 7 59 49 17 8 58 49 17 9 57 49 17 10 56 49 17 11 55 49 17 12 54 49 17 13 53 49 17 14 52 49 17 15 51 49 17 16 50 49 17 17 49 49 17 18 48 49 17 19 47 49 17 20 46 49 17 21 45 49 17 22 44 49 17 23 43 49 17 24 42 49 17 25 41 49 17 26 40 49 17 27 39 49 17 28 38 49 17 29 37 49 17 30 36 49 17 31 35 49 17 32 34 49 17 33 33 49 17 34 32 49 17 35 31 49 17 36 30 49 17 37 29 49 17 38 28 49 17 39 27 49 17 40 26 49 17 41 25 49 17 42 24 49 17 43 23 49 17 44 22 49 17 45 21 49 17 46 20 49 17 47 19 49 17 48 18 49 17 49 17 49 17 50 16 49 17 51 15 49 17 52 14 49 17 53 13 49 17 54 12 49 17 55 11 49 17 56 10 49 17 57 9 49 17 58 8 49 17 59 7 49 17 60 6 49 17 62 5 49 18 6 61 49 18 7 60 49 18 8 59 49 18 9 58 49 18 10 57 49 18 11 56 49 18 12 55 49 18 13 54 49 18 14 53 49 18 15 52 49 18 16 51 49 18 17 50 49 18 18 49 49 18 19 48 49 18 20 47 49 18 21 46 49 18 22 45 49 18 23 44 49 18 24 43 49 18 25 42 49 18 26 41 49 18 27 40 49 18 28 39 49 18 29 38 49 18 30 37 49 18 31 36 49 18 32 35 49 18 33 34 49 18 34 33 49 18 35 32 49 18 36 31 49 18 37 30 49 18 38 29 49 18 39 28 49 18 40 27 49 18 41 26 49 18 42 25 49 18 43 24 49 18 44 23 49 18 45 22 49 18 46 21 49 18 47 20 49 18 48 19 49 18 49 18 49 18 50 17 49 18 51 16 49 18 52 15 49 18 53 14 49 18 54 13 49 18 55 12 49 18 56 11 49 18 57 10 49 18 58 9 49 18 59 8 49 18 60 7 49 18 61 6 49 19 6 62 49 19 7 61 49 19 8 60 49 19 9 59 49 19 10 58 49 19 11 57 49 19 12 56 49 19 13 55 49 19 14 54 49 19 15 53 49 19 16 52 49 19 17 51 49 19 18 50 49 19 19 49 49 19 20 48 49 19 21 47 49 19 22 46 49 19 23 45 49 19 24 44 49 19 25 43 49 19 26 42 49 19 27 41 49 19 28 40 49 19 29 39 49 19 30 38 49 19 31 37 49 19 32 36 49 19 33 35 49 19 34 34 49 19 35 33 49 19 36 32 49 19 37 31 49 19 38 30 49 19 39 29 49 19 40 28 49 19 41 27 49 19 42 26 49 19 43 25 49 19 44 24 49 19 45 23 49 19 46 22 49 19 47 21 49 19 48 20 49 19 49 19 49 19 50 18 49 19 51 17 49 19 52 16 49 19 53 15 49 19 54 14 49 19 55 13 49 19 56 12 49 19 57 11 49 19 58 10 49 19 59 9 49 19 60 8 49 19 61 7 49 19 62 6 49 20 7 62 49 20 8 61 49 20 9 60 49 20 10 59 49 20 11 58 49 20 12 57 49 20 13 56 49 20 14 55 49 20 15 54 49 20 16 53 49 20 17 52 49 20 18 51 49 20 19 50 49 20 20 49 49 20 21 48 49 20 22 47 49 20 23 46 49 20 24 45 49 20 25 44 49 20 26 43 49 20 27 42 49 20 28 41 49 20 29 40 49 20 30 39 49 20 31 38 49 20 32 37 49 20 33 36 49 20 34 35 49 20 35 34 49 20 36 33 49 20 37 32 49 20 38 31 49 20 39 30 49 20 40 29 49 20 41 28 49 20 42 27 49 20 43 26 49 20 44 25 49 20 45 24 49 20 46 23 49 20 47 22 49 20 48 21 49 20 49 20 49 20 50 19 49 20 51 18 49 20 52 17 49 20 53 16 49 20 54 15 49 20 55 14 49 20 56 13 49 20 57 12 49 20 58 11 49 20 59 10 49 20 60 9 49 20 61 8 49 20 62 7 49 21 8 62 49 21 9 61 49 21 10 60 49 21 11 59 49 21 12 58 49 21 13 57 49 21 14 56 49 21 15 55 49 21 16 54 49 21 17 53 49 21 18 52 49 21 19 51 49 21 20 50 49 21 21 49 49 21 22 48 49 21 23 47 49 21 24 46 49 21 25 45 49 21 26 44 49 21 27 43 49 21 28 42 49 21 29 41 49 21 30 40 49 21 31 39 49 21 32 38 49 21 33 37 49 21 34 36 49 21 35 35 49 21 36 34 49 21 37 33 49 21 38 32 49 21 39 31 49 21 40 30 49 21 41 29 49 21 42 28 49 21 43 27 49 21 44 26 49 21 45 25 49 21 46 24 49 21 47 23 49 21 48 22 49 21 49 21 49 21 50 20 49 21 51 19 49 21 52 18 49 21 53 17 49 21 54 16 49 21 55 15 49 21 56 14 49 21 57 13 49 21 58 12 49 21 59 11 49 21 60 10 49 21 61 9 49 21 62 8 49 22 9 62 49 22 10 61 49 22 11 60 49 22 12 59 49 22 13 58 49 22 14 57 49 22 15 56 49 22 16 55 49 22 17 54 49 22 18 53 49 22 19 52 49 22 20 51 49 22 21 50 49 22 22 49 49 22 23 48 49 22 24 47 49 22 25 46 49 22 26 45 49 22 27 44 49 22 28 43 49 22 29 42 49 22 30 41 49 22 31 40 49 22 32 39 49 22 33 38 49 22 34 37 49 22 35 36 49 22 36 35 49 22 37 34 49 22 38 33 49 22 39 32 49 22 40 31 49 22 41 30 49 22 42 29 49 22 43 28 49 22 44 27 49 22 45 26 49 22 46 25 49 22 47 24 49 22 48 23 49 22 49 22 49 22 50 21 49 22 51 20 49 22 52 19 49 22 53 18 49 22 54 17 49 22 55 16 49 22 56 15 49 22 57 14 49 22 58 13 49 22 59 12 49 22 60 11 49 22 61 10 49 22 62 9 49 23 10 62 49 23 11 61 49 23 12 60 49 23 13 59 49 23 14 58 49 23 15 57 49 23 16 56 49 23 17 55 49 23 18 54 49 23 19 53 49 23 20 52 49 23 21 51 49 23 22 50 49 23 23 49 49 23 24 48 49 23 25 47 49 23 26 46 49 23 27 45 49 23 28 44 49 23 29 43 49 23 30 42 49 23 31 41 49 23 32 40 49 23 33 39 49 23 34 38 49 23 35 37 49 23 36 36 49 23 37 35 49 23 38 34 49 23 39 33 49 23 40 32 49 23 41 31 49 23 42 30 49 23 43 29 49 23 44 28 49 23 45 27 49 23 46 26 49 23 47 25 49 23 48 24 49 23 49 23 49 23 50 22 49 23 51 21 49 23 52 20 49 23 53 19 49 23 54 18 49 23 55 17 49 23 56 16 49 23 57 15 49 23 58 14 49 23 59 13 49 23 60 12 49 23 61 11 49 23 62 10 49 24 11 62 49 24 12 61 49 24 13 60 49 24 14 59 49 24 15 58 49 24 16 57 49 24 17 56 49 24 18 55 49 24 19 54 49 24 20 53 49 24 21 52 49 24 22 51 49 24 23 50 49 24 24 49 49 24 25 48 49 24 26 47 49 24 27 46 49 24 28 45 49 24 29 44 49 24 30 43 49 24 31 42 49 24 32 41 49 24 33 40 49 24 34 39 49 24 35 38 49 24 36 37 49 24 37 36 49 24 38 35 49 24 39 34 49 24 40 33 49 24 41 32 49 24 42 31 49 24 43 30 49 24 44 29 49 24 45 28 49 24 46 27 49 24 47 26 49 24 48 25 49 24 49 24 49 24 50 23 49 24 51 22 49 24 52 21 49 24 53 20 49 24 54 19 49 24 55 18 49 24 56 17 49 24 57 16 49 24 58 15 49 24 59 14 49 24 60 13 49 24 61 12 49 24 62 11 49 25 12 62 49 25 13 61 49 25 14 60 49 25 15 59 49 25 16 58 49 25 17 57 49 25 18 56 49 25 19 55 49 25 20 54 49 25 21 53 49 25 22 52 49 25 23 51 49 25 24 50 49 25 25 49 49 25 26 48 49 25 27 47 49 25 28 46 49 25 29 45 49 25 30 44 49 25 31 43 49 25 32 42 49 25 33 41 49 25 34 40 49 25 35 39 49 25 36 38 49 25 37 37 49 25 38 36 49 25 39 35 49 25 40 34 49 25 41 33 49 25 42 32 49 25 43 31 49 25 44 30 49 25 45 29 49 25 46 28 49 25 47 27 49 25 48 26 49 25 49 25 49 25 50 24 49 25 51 23 49 25 52 22 49 25 53 21 49 25 54 20 49 25 55 19 49 25 56 18 49 25 57 17 49 25 58 16 49 25 59 15 49 25 60 14 49 25 61 13 49 25 62 12 49 26 13 62 49 26 14 61 49 26 15 60 49 26 16 59 49 26 17 58 49 26 18 57 49 26 19 56 49 26 20 55 49 26 21 54 49 26 22 53 49 26 23 52 49 26 24 51 49 26 25 50 49 26 26 49 49 26 27 48 49 26 28 47 49 26 29 46 49 26 30 45 49 26 31 44 49 26 32 43 49 26 33 42 49 26 34 41 49 26 35 40 49 26 36 39 49 26 37 38 49 26 38 37 49 26 39 36 49 26 40 35 49 26 41 34 49 26 42 33 49 26 43 32 49 26 44 31 49 26 45 30 49 26 46 29 49 26 47 28 49 26 48 27 49 26 49 26 49 26 50 25 49 26 51 24 49 26 52 23 49 26 53 22 49 26 54 21 49 26 55 20 49 26 56 19 49 26 57 18 49 26 58 17 49 26 59 16 49 26 60 15 49 26 61 14 49 26 62 13 49 27 14 62 49 27 15 61 49 27 16 60 49 27 17 59 49 27 18 58 49 27 19 57 49 27 20 56 49 27 21 55 49 27 22 54 49 27 23 53 49 27 24 52 49 27 25 51 49 27 26 50 49 27 27 49 49 27 28 48 49 27 29 47 49 27 30 46 49 27 31 45 49 27 32 44 49 27 33 43 49 27 34 42 49 27 35 41 49 27 36 40 49 27 37 39 49 27 38 38 49 27 39 37 49 27 40 36 49 27 41 35 49 27 42 34 49 27 43 33 49 27 44 32 49 27 45 31 49 27 46 30 49 27 47 29 49 27 48 28 49 27 49 27 49 27 50 26 49 27 51 25 49 27 52 24 49 27 53 23 49 27 54 22 49 27 55 21 49 27 56 20 49 27 57 19 49 27 58 18 49 27 59 17 49 27 60 16 49 27 61 15 49 27 62 14 49 28 15 62 49 28 16 61 49 28 17 60 49 28 18 59 49 28 19 58 49 28 20 57 49 28 21 56 49 28 22 55 49 28 23 54 49 28 24 53 49 28 25 52 49 28 26 51 49 28 27 50 49 28 28 49 49 28 29 48 49 28 30 47 49 28 31 46 49 28 32 45 49 28 33 44 49 28 34 43 49 28 35 42 49 28 36 41 49 28 37 40 49 28 38 39 49 28 39 38 49 28 40 37 49 28 41 36 49 28 42 35 49 28 43 34 49 28 44 33 49 28 45 32 49 28 46 31 49 28 47 30 49 28 48 29 49 28 49 28 49 28 50 27 49 28 51 26 49 28 52 25 49 28 53 24 49 28 54 23 49 28 55 22 49 28 56 21 49 28 57 20 49 28 58 19 49 28 59 18 49 28 60 17 49 28 61 16 49 28 62 15 49 29 16 62 49 29 17 61 49 29 18 60 49 29 19 59 49 29 20 58 49 29 21 57 49 29 22 56 49 29 23 55 49 29 24 54 49 29 25 53 49 29 26 52 49 29 27 51 49 29 28 50 49 29 29 49 49 29 30 48 49 29 31 47 49 29 32 46 49 29 33 45 49 29 34 44 49 29 35 43 49 29 36 42 49 29 37 41 49 29 38 40 49 29 39 39 49 29 40 38 49 29 41 37 49 29 42 36 49 29 43 35 49 29 44 34 49 29 45 33 49 29 46 32 49 29 47 31 49 29 48 30 49 29 49 29 49 29 50 28 49 29 51 27 49 29 52 26 49 29 53 25 49 29 54 24 49 29 55 23 49 29 56 22 49 29 57 21 49 29 58 20 49 29 59 19 49 29 60 18 49 29 61 17 49 29 62 16 49 30 17 62 49 30 18 61 49 30 19 60 49 30 20 59 49 30 21 58 49 30 22 57 49 30 23 56 49 30 24 55 49 30 25 54 49 30 26 53 49 30 27 52 49 30 28 51 49 30 29 50 49 30 30 49 49 30 31 48 49 30 32 47 49 30 33 46 49 30 34 45 49 30 35 44 49 30 36 43 49 30 37 42 49 30 38 41 49 30 39 40 49 30 40 39 49 30 41 38 49 30 42 37 49 30 43 36 49 30 44 35 49 30 45 34 49 30 46 33 49 30 47 32 49 30 48 31 49 30 49 30 49 30 50 29 49 30 51 28 49 30 52 27 49 30 53 26 49 30 54 25 49 30 55 24 49 30 56 23 49 30 57 22 49 30 58 21 49 30 59 20 49 30 60 19 49 30 61 18 49 30 62 17 49 31 18 62 49 31 19 61 49 31 20 60 49 31 21 59 49 31 22 58 49 31 23 57 49 31 24 56 49 31 25 55 49 31 26 54 49 31 27 53 49 31 28 52 49 31 29 51 49 31 30 50 49 31 31 49 49 31 32 48 49 31 33 47 49 31 34 46 49 31 35 45 49 31 36 44 49 31 37 43 49 31 38 42 49 31 39 41 49 31 40 40 49 31 41 39 49 31 42 38 49 31 43 37 49 31 44 36 49 31 45 35 49 31 46 34 49 31 47 33 49 31 48 32 49 31 49 31 49 31 50 30 49 31 51 29 49 31 52 28 49 31 53 27 49 31 54 26 49 31 55 25 49 31 56 24 49 31 57 23 49 31 58 22 49 31 59 21 49 31 60 20 49 31 61 19 49 31 62 18 49 32 19 62 49 32 20 61 49 32 21 60 49 32 22 59 49 32 23 58 49 32 24 57 49 32 25 56 49 32 26 55 49 32 27 54 49 32 28 53 49 32 29 52 49 32 30 51 49 32 31 50 49 32 32 49 49 32 33 48 49 32 34 47 49 32 35 46 49 32 36 45 49 32 37 44 49 32 38 43 49 32 39 42 49 32 40 41 49 32 41 40 49 32 42 39 49 32 43 38 49 32 44 37 49 32 45 36 49 32 46 35 49 32 47 34 49 32 48 33 49 32 49 32 49 32 50 31 49 32 51 30 49 32 52 29 49 32 53 28 49 32 54 27 49 32 55 26 49 32 56 25 49 32 57 24 49 32 58 23 49 32 59 22 49 32 60 21 49 32 61 20 49 32 62 19 49 33 20 62 49 33 21 61 49 33 22 60 49 33 23 59 49 33 24 58 49 33 25 57 49 33 26 56 49 33 27 55 49 33 28 54 49 33 29 53 49 33 30 52 49 33 31 51 49 33 32 50 49 33 33 49 49 33 34 48 49 33 35 47 49 33 36 46 49 33 37 45 49 33 38 44 49 33 39 43 49 33 40 42 49 33 41 41 49 33 42 40 49 33 43 39 49 33 44 38 49 33 45 37 49 33 46 36 49 33 47 35 49 33 48 34 49 33 49 33 49 33 50 32 49 33 51 31 49 33 52 30 49 33 53 29 49 33 54 28 49 33 55 27 49 33 56 26 49 33 57 25 49 33 58 24 49 33 59 23 49 33 60 22 49 33 61 21 49 33 62 20 49 34 21 62 49 34 22 61 49 34 23 60 49 34 24 59 49 34 25 58 49 34 26 57 49 34 27 56 49 34 28 55 49 34 29 54 49 34 30 53 49 34 31 52 49 34 32 51 49 34 33 50 49 34 34 49 49 34 35 48 49 34 36 47 49 34 37 46 49 34 38 45 49 34 39 44 49 34 40 43 49 34 41 42 49 34 42 41 49 34 43 40 49 34 44 39 49 34 45 38 49 34 46 37 49 34 47 36 49 34 48 35 49 34 49 34 49 34 50 33 49 34 51 32 49 34 52 31 49 34 53 30 49 34 54 29 49 34 55 28 49 34 56 27 49 34 57 26 49 34 58 25 49 34 59 24 49 34 60 23 49 34 61 22 49 34 62 21 49 35 22 62 49 35 23 61 49 35 24 60 49 35 25 59 49 35 26 58 49 35 27 57 49 35 28 56 49 35 29 55 49 35 30 54 49 35 31 53 49 35 32 52 49 35 33 51 49 35 34 50 49 35 35 49 49 35 36 48 49 35 37 47 49 35 38 46 49 35 39 45 49 35 40 44 49 35 41 43 49 35 42 42 49 35 43 41 49 35 44 40 49 35 45 39 49 35 46 38 49 35 47 37 49 35 48 36 49 35 49 35 49 35 50 34 49 35 51 33 49 35 52 32 49 35 53 31 49 35 54 30 49 35 55 29 49 35 56 28 49 35 57 27 49 35 58 26 49 35 59 25 49 35 60 24 49 35 61 23 49 35 62 22 49 36 23 62 49 36 24 61 49 36 25 60 49 36 26 59 49 36 27 58 49 36 28 57 49 36 29 56 49 36 30 55 49 36 31 54 49 36 32 53 49 36 33 52 49 36 34 51 49 36 35 50 49 36 36 49 49 36 37 48 49 36 38 47 49 36 39 46 49 36 40 45 49 36 41 44 49 36 42 43 49 36 43 42 49 36 44 41 49 36 45 40 49 36 46 39 49 36 47 38 49 36 48 37 49 36 49 36 49 36 50 35 49 36 51 34 49 36 52 33 49 36 53 32 49 36 54 31 49 36 55 30 49 36 56 29 49 36 57 28 49 36 58 27 49 36 59 26 49 36 60 25 49 36 61 24 49 36 62 23 49 37 24 62 49 37 25 61 49 37 26 60 49 37 27 59 49 37 28 58 49 37 29 57 49 37 30 56 49 37 31 55 49 37 32 54 49 37 33 53 49 37 34 52 49 37 35 51 49 37 36 50 49 37 37 49 49 37 38 48 49 37 39 47 49 37 40 46 49 37 41 45 49 37 42 44 49 37 43 43 49 37 44 42 49 37 45 41 49 37 46 40 49 37 47 39 49 37 48 38 49 37 49 37 49 37 50 36 49 37 51 35 49 37 52 34 49 37 53 33 49 37 54 32 49 37 55 31 49 37 56 30 49 37 57 29 49 37 58 28 49 37 59 27 49 37 60 26 49 37 61 25 49 37 62 24 49 38 25 62 49 38 26 61 49 38 27 60 49 38 28 59 49 38 29 58 49 38 30 57 49 38 31 56 49 38 32 55 49 38 33 54 49 38 34 53 49 38 35 52 49 38 36 51 49 38 37 50 49 38 38 49 49 38 39 48 49 38 40 47 49 38 41 46 49 38 42 45 49 38 43 44 49 38 44 43 49 38 45 42 49 38 46 41 49 38 47 40 49 38 48 39 49 38 49 38 49 38 50 37 49 38 51 36 49 38 52 35 49 38 53 34 49 38 54 33 49 38 55 32 49 38 56 31 49 38 57 30 49 38 58 29 49 38 59 28 49 38 60 27 49 38 61 26 49 38 62 25 49 39 26 62 49 39 27 61 49 39 28 60 49 39 29 59 49 39 30 58 49 39 31 57 49 39 32 56 49 39 33 55 49 39 34 54 49 39 35 53 49 39 36 52 49 39 37 51 49 39 38 50 49 39 39 49 49 39 40 48 49 39 41 47 49 39 42 46 49 39 43 45 49 39 44 44 49 39 45 43 49 39 46 42 49 39 47 41 49 39 48 40 49 39 49 39 49 39 50 38 49 39 51 37 49 39 52 36 49 39 53 35 49 39 54 34 49 39 55 33 49 39 56 32 49 39 57 31 49 39 58 30 49 39 59 29 49 39 60 28 49 39 61 27 49 39 62 26 49 40 27 62 49 40 28 61 49 40 29 60 49 40 30 59 49 40 31 58 49 40 32 57 49 40 33 56 49 40 34 55 49 40 35 54 49 40 36 53 49 40 37 52 49 40 38 51 49 40 39 50 49 40 40 49 49 40 41 48 49 40 42 47 49 40 43 46 49 40 44 45 49 40 45 44 49 40 46 43 49 40 47 42 49 40 48 41 49 40 49 40 49 40 50 39 49 40 51 38 49 40 52 37 49 40 53 36 49 40 54 35 49 40 55 34 49 40 56 33 49 40 57 32 49 40 58 31 49 40 59 30 49 40 60 29 49 40 61 28 49 40 62 27 49 41 28 62 49 41 29 61 49 41 30 60 49 41 31 59 49 41 32 58 49 41 33 57 49 41 34 56 49 41 35 55 49 41 36 54 49 41 37 53 49 41 38 52 49 41 39 51 49 41 40 50 49 41 41 49 49 41 42 48 49 41 43 47 49 41 44 46 49 41 45 45 49 41 46 44 49 41 47 43 49 41 48 42 49 41 49 41 49 41 50 40 49 41 51 39 49 41 52 38 49 41 53 37 49 41 54 36 49 41 55 35 49 41 56 34 49 41 57 33 49 41 58 32 49 41 59 31 49 41 60 30 49 41 61 29 49 41 62 28 49 42 29 62 49 42 30 61 49 42 31 60 49 42 32 59 49 42 33 58 49 42 34 57 49 42 35 56 49 42 36 55 49 42 37 54 49 42 38 53 49 42 39 52 49 42 40 51 49 42 41 50 49 42 42 49 49 42 43 48 49 42 44 47 49 42 45 46 49 42 46 45 49 42 47 44 49 42 48 43 49 42 49 42 49 42 50 41 49 42 51 40 49 42 52 39 49 42 53 38 49 42 54 37 49 42 55 36 49 42 56 35 49 42 57 34 49 42 58 33 49 42 59 32 49 42 60 31 49 42 61 30 49 42 62 29 49 43 30 62 49 43 31 61 49 43 32 60 49 43 33 59 49 43 34 58 49 43 35 57 49 43 36 56 49 43 37 55 49 43 38 54 49 43 39 53 49 43 40 52 49 43 41 51 49 43 42 50 49 43 43 49 49 43 44 48 49 43 45 47 49 43 46 46 49 43 47 45 49 43 48 44 49 43 49 43 49 43 50 42 49 43 51 41 49 43 52 40 49 43 53 39 49 43 54 38 49 43 55 37 49 43 56 36 49 43 57 35 49 43 58 34 49 43 59 33 49 43 60 32 49 43 61 31 49 43 62 30 49 44 31 62 49 44 32 61 49 44 33 60 49 44 34 59 49 44 35 58 49 44 36 57 49 44 37 56 49 44 38 55 49 44 39 54 49 44 40 53 49 44 41 52 49 44 42 51 49 44 43 50 49 44 44 49 49 44 45 48 49 44 46 47 49 44 47 46 49 44 48 45 49 44 49 44 49 44 50 43 49 44 51 42 49 44 52 41 49 44 53 40 49 44 54 39 49 44 55 38 49 44 56 37 49 44 57 36 49 44 58 35 49 44 59 34 49 44 60 33 49 44 61 32 49 44 62 31 49 45 32 62 49 45 33 61 49 45 34 60 49 45 35 59 49 45 36 58 49 45 37 57 49 45 38 56 49 45 39 55 49 45 40 54 49 45 41 53 49 45 42 52 49 45 43 51 49 45 44 50 49 45 45 49 49 45 46 48 49 45 47 47 49 45 48 46 49 45 49 45 49 45 50 44 49 45 51 43 49 45 52 42 49 45 53 41 49 45 54 40 49 45 55 39 49 45 56 38 49 45 57 37 49 45 58 36 49 45 59 35 49 45 60 34 49 45 61 33 49 45 62 32 49 46 33 62 49 46 34 61 49 46 35 60 49 46 36 59 49 46 37 58 49 46 38 57 49 46 39 56 49 46 40 55 49 46 41 54 49 46 42 53 49 46 43 52 49 46 44 51 49 46 45 50 49 46 46 49 49 46 47 48 49 46 48 47 49 46 49 46 49 46 50 45 49 46 51 44 49 46 52 43 49 46 53 42 49 46 54 41 49 46 55 40 49 46 56 39 49 46 57 38 49 46 58 37 49 46 59 36 49 46 60 35 49 46 61 34 49 46 62 33 49 47 34 62 49 47 35 61 49 47 36 60 49 47 37 59 49 47 38 58 49 47 39 57 49 47 40 56 49 47 41 55 49 47 42 54 49 47 43 53 49 47 44 52 49 47 45 51 49 47 46 50 49 47 47 49 49 47 48 48 49 47 49 47 49 47 50 46 49 47 51 45 49 47 52 44 49 47 53 43 49 47 54 42 49 47 55 41 49 47 56 40 49 47 57 39 49 47 58 38 49 47 59 37 49 47 60 36 49 47 61 35 49 47 62 34 49 48 35 62 49 48 36 61 49 48 37 60 49 48 38 59 49 48 39 58 49 48 40 57 49 48 41 56 49 48 42 55 49 48 43 54 49 48 44 53 49 48 45 52 49 48 46 51 49 48 47 50 49 48 48 49 49 48 49 48 49 48 50 47 49 48 51 46 49 48 52 45 49 48 53 44 49 48 54 43 49 48 55 42 49 48 56 41 49 48 57 40 49 48 58 39 49 48 59 38 49 48 60 37 49 48 61 36 49 48 62 35 49 49 36 62 49 49 37 61 49 49 38 60 49 49 39 59 49 49 40 58 49 49 41 57 49 49 42 56 49 49 43 55 49 49 44 54 49 49 45 53 49 49 46 52 49 49 47 51 49 49 48 50 49 49 49 49 49 49 50 48 49 49 51 47 49 49 52 46 49 49 53 45 49 49 54 44 49 49 55 43 49 49 56 42 49 49 57 41 49 49 58 40 49 49 59 39 49 49 60 38 49 49 61 37 49 49 62 36 49 50 37 62 49 50 38 61 49 50 39 60 49 50 40 59 49 50 41 58 49 50 42 57 49 50 43 56 49 50 44 55 49 50 45 54 49 50 46 53 49 50 47 52 49 50 48 51 49 50 49 50 49 50 50 49 49 50 51 48 49 50 52 47 49 50 53 46 49 50 54 45 49 50 55 44 49 50 56 43 49 50 57 42 49 50 58 41 49 50 59 40 49 50 60 39 49 50 61 38 49 50 62 37 49 51 38 62 49 51 39 61 49 51 40 60 49 51 41 59 49 51 42 58 49 51 43 57 49 51 44 56 49 51 45 55 49 51 46 54 49 51 47 53 49 51 48 52 49 51 49 51 49 51 50 50 49 51 51 49 49 51 52 48 49 51 53 47 49 51 54 46 49 51 55 45 49 51 56 44 49 51 57 43 49 51 58 42 49 51 59 41 49 51 60 40 49 51 61 39 49 51 62 38 49 52 39 62 49 52 40 61 49 52 41 60 49 52 42 59 49 52 43 58 49 52 44 57 49 52 45 56 49 52 46 55 49 52 47 54 49 52 48 53 49 52 49 52 49 52 50 51 49 52 51 50 49 52 52 49 49 52 53 48 49 52 54 47 49 52 55 46 49 52 56 45 49 52 57 44 49 52 58 43 49 52 59 42 49 52 60 41 49 52 61 40 49 52 62 39 49 53 40 62 49 53 41 61 49 53 42 60 49 53 43 59 49 53 44 58 49 53 45 57 49 53 46 56 49 53 47 55 49 53 48 54 49 53 49 53 49 53 50 52 49 53 51 51 49 53 52 50 49 53 53 49 49 53 54 48 49 53 55 47 49 53 56 46 49 53 57 45 49 53 58 44 49 53 59 43 49 53 60 42 49 53 61 41 49 53 62 40 49 54 41 62 49 54 42 61 49 54 43 60 49 54 44 59 49 54 45 58 49 54 46 57 49 54 47 56 49 54 48 55 49 54 49 54 49 54 50 53 49 54 51 52 49 54 52 51 49 54 53 50 49 54 54 49 49 54 55 48 49 54 56 47 49 54 57 46 49 54 58 45 49 54 59 44 49 54 60 43 49 54 61 42 49 54 62 41 49 55 42 62 49 55 43 61 49 55 44 60 49 55 45 59 49 55 46 58 49 55 47 57 49 55 48 56 49 55 49 55 49 55 50 54 49 55 51 53 49 55 52 52 49 55 53 51 49 55 54 50 49 55 55 49 49 55 56 48 49 55 57 47 49 55 58 46 49 55 59 45 49 55 60 44 49 55 61 43 49 55 62 42 49 56 43 62 49 56 44 61 49 56 45 60 49 56 46 59 49 56 47 58 49 56 48 57 49 56 49 56 49 56 50 55 49 56 51 54 49 56 52 53 49 56 53 52 49 56 54 51 49 56 55 50 49 56 56 49 49 56 57 48 49 56 58 47 49 56 59 46 49 56 60 45 49 56 61 44 49 56 62 43 49 57 44 62 49 57 45 61 49 57 46 60 49 57 47 59 49 57 48 58 49 57 49 57 49 57 50 56 49 57 51 55 49 57 52 54 49 57 53 53 49 57 54 52 49 57 55 51 49 57 56 50 49 57 57 49 49 57 58 48 49 57 59 47 49 57 60 46 49 57 61 45 49 57 62 44 49 58 45 62 49 58 46 61 49 58 47 60 49 58 48 59 49 58 49 58 49 58 50 57 49 58 51 56 49 58 52 55 49 58 53 54 49 58 54 53 49 58 55 52 49 58 56 51 49 58 57 50 49 58 58 49 49 58 59 48 49 58 60 47 49 58 61 46 49 58 62 45 49 59 46 62 49 59 47 61 49 59 48 60 49 59 49 59 49 59 50 58 49 59 51 57 49 59 52 56 49 59 53 55 49 59 54 54 49 59 55 53 49 59 56 52 49 59 57 51 49 59 58 50 49 59 59 49 49 59 60 48 49 59 61 47 49 59 62 46 49 60 47 62 49 60 48 61 49 60 49 60 49 60 50 59 49 60 51 58 49 60 52 57 49 60 53 56 49 60 54 55 49 60 55 54 49 60 56 53 49 60 57 52 49 60 58 51 49 60 59 50 49 60 60 49 49 60 61 48 49 60 62 47 49 61 48 62 49 61 49 61 49 61 50 60 49 61 51 59 49 61 52 58 49 61 53 57 49 61 54 56 49 61 55 55 49 61 56 54 49 61 57 53 49 61 58 52 49 61 59 51 49 61 60 50 49 61 61 49 49 61 62 48 49 62 49 62 49 62 50 61 49 62 51 60 49 62 52 59 49 62 53 58 49 62 54 57 49 62 55 56 49 62 56 55 49 62 57 54 49 62 58 53 49 62 59 52 49 62 60 51 49 62 61 50 49 62 62 49 













