








































41 0 0 41 41 0 1 39 41 0 2 37 41 0 3 36 41 0 4 34 41 0 5 32 41 0 6 30 41 0 7 29 41 0 8 28 41 0 9 27 41 0 10 26 41 0 11 25 41 0 12 24 41 0 13 23 41 0 14 22 41 0 15 21 41 0 16 20 41 0 17 19 41 0 18 18 41 0 19 17 41 0 20 16 41 0 21 15 41 0 22 14 41 0 23 13 41 0 24 12 41 0 25 11 41 0 26 10 41 0 27 9 41 0 28 8 41 0 29 7 41 0 30 6 41 0 32 5 41 0 34 4 41 0 36 3 41 0 37 2 41 0 39 1 41 0 41 0 41 1 0 43 41 1 1 41 41 1 2 39 41 1 3 38 41 1 4 36 41 1 5 34 41 1 6 32 41 1 7 31 41 1 8 30 41 1 9 29 41 1 10 28 41 1 11 27 41 1 12 26 41 1 13 25 41 1 14 24 41 1 15 23 41 1 16 22 41 1 17 21 41 1 18 20 41 1 19 19 41 1 20 18 41 1 21 17 41 1 22 16 41 1 23 15 41 1 24 14 41 1 25 13 41 1 26 12 41 1 27 11 41 1 28 10 41 1 29 9 41 1 30 8 41 1 31 7 41 1 32 6 41 1 34 5 41 1 36 4 41 1 38 3 41 1 39 2 41 1 41 1 41 1 43 0 41 2 0 45 41 2 1 43 41 2 2 41 41 2 3 40 41 2 4 38 41 2 5 36 41 2 6 34 41 2 7 33 41 2 8 32 41 2 9 31 41 2 10 30 41 2 11 29 41 2 12 28 41 2 13 27 41 2 14 26 41 2 15 25 41 2 16 24 41 2 17 23 41 2 18 22 41 2 19 21 41 2 20 20 41 2 21 19 41 2 22 18 41 2 23 17 41 2 24 16 41 2 25 15 41 2 26 14 41 2 27 13 41 2 28 12 41 2 29 11 41 2 30 10 41 2 31 9 41 2 32 8 41 2 33 7 41 2 34 6 41 2 36 5 41 2 38 4 41 2 40 3 41 2 41 2 41 2 43 1 41 2 45 0 41 3 0 46 41 3 1 44 41 3 2 42 41 3 3 41 41 3 4 39 41 3 5 37 41 3 6 35 41 3 7 34 41 3 8 33 41 3 9 32 41 3 10 31 41 3 11 30 41 3 12 29 41 3 13 28 41 3 14 27 41 3 15 26 41 3 16 25 41 3 17 24 41 3 18 23 41 3 19 22 41 3 20 21 41 3 21 20 41 3 22 19 41 3 23 18 41 3 24 17 41 3 25 16 41 3 26 15 41 3 27 14 41 3 28 13 41 3 29 12 41 3 30 11 41 3 31 10 41 3 32 9 41 3 33 8 41 3 34 7 41 3 35 6 41 3 37 5 41 3 39 4 41 3 41 3 41 3 42 2 41 3 44 1 41 3 46 0 41 4 0 48 41 4 1 46 41 4 2 44 41 4 3 43 41 4 4 41 41 4 5 39 41 4 6 37 41 4 7 36 41 4 8 35 41 4 9 34 41 4 10 33 41 4 11 32 41 4 12 31 41 4 13 30 41 4 14 29 41 4 15 28 41 4 16 27 41 4 17 26 41 4 18 25 41 4 19 24 41 4 20 23 41 4 21 22 41 4 22 21 41 4 23 20 41 4 24 19 41 4 25 18 41 4 26 17 41 4 27 16 41 4 28 15 41 4 29 14 41 4 30 13 41 4 31 12 41 4 32 11 41 4 33 10 41 4 34 9 41 4 35 8 41 4 36 7 41 4 37 6 41 4 39 5 41 4 41 4 41 4 43 3 41 4 44 2 41 4 46 1 41 4 48 0 41 5 0 50 41 5 1 48 41 5 2 46 41 5 3 45 41 5 4 43 41 5 5 41 41 5 6 39 41 5 7 38 41 5 8 37 41 5 9 36 41 5 10 35 41 5 11 34 41 5 12 33 41 5 13 32 41 5 14 31 41 5 15 30 41 5 16 29 41 5 17 28 41 5 18 27 41 5 19 26 41 5 20 25 41 5 21 24 41 5 22 23 41 5 23 22 41 5 24 21 41 5 25 20 41 5 26 19 41 5 27 18 41 5 28 17 41 5 29 16 41 5 30 15 41 5 31 14 41 5 32 13 41 5 33 12 41 5 34 11 41 5 35 10 41 5 36 9 41 5 37 8 41 5 38 7 41 5 39 6 41 5 41 5 41 5 43 4 41 5 45 3 41 5 46 2 41 5 48 1 41 5 50 0 41 6 0 52 41 6 1 50 41 6 2 48 41 6 3 47 41 6 4 45 41 6 5 43 41 6 6 41 41 6 7 40 41 6 8 39 41 6 9 38 41 6 10 37 41 6 11 36 41 6 12 35 41 6 13 34 41 6 14 33 41 6 15 32 41 6 16 31 41 6 17 30 41 6 18 29 41 6 19 28 41 6 20 27 41 6 21 26 41 6 22 25 41 6 23 24 41 6 24 23 41 6 25 22 41 6 26 21 41 6 27 20 41 6 28 19 41 6 29 18 41 6 30 17 41 6 31 16 41 6 32 15 41 6 33 14 41 6 34 13 41 6 35 12 41 6 36 11 41 6 37 10 41 6 38 9 41 6 39 8 41 6 40 7 41 6 41 6 41 6 43 5 41 6 45 4 41 6 47 3 41 6 48 2 41 6 50 1 41 6 52 0 41 7 0 53 41 7 1 51 41 7 2 49 41 7 3 48 41 7 4 46 41 7 5 44 41 7 6 42 41 7 7 41 41 7 8 40 41 7 9 39 41 7 10 38 41 7 11 37 41 7 12 36 41 7 13 35 41 7 14 34 41 7 15 33 41 7 16 32 41 7 17 31 41 7 18 30 41 7 19 29 41 7 20 28 41 7 21 27 41 7 22 26 41 7 23 25 41 7 24 24 41 7 25 23 41 7 26 22 41 7 27 21 41 7 28 20 41 7 29 19 41 7 30 18 41 7 31 17 41 7 32 16 41 7 33 15 41 7 34 14 41 7 35 13 41 7 36 12 41 7 37 11 41 7 38 10 41 7 39 9 41 7 40 8 41 7 41 7 41 7 42 6 41 7 44 5 41 7 46 4 41 7 48 3 41 7 49 2 41 7 51 1 41 7 53 0 41 8 1 52 41 8 2 50 41 8 3 49 41 8 4 47 41 8 5 45 41 8 6 43 41 8 7 42 41 8 8 41 41 8 9 40 41 8 10 39 41 8 11 38 41 8 13 36 41 8 14 35 41 8 15 34 41 8 16 33 41 8 17 32 41 8 18 31 41 8 19 30 41 8 20 29 41 8 21 28 41 8 22 27 41 8 23 26 41 8 24 25 41 8 25 24 41 8 26 23 41 8 27 22 41 8 28 21 41 8 29 20 41 8 30 19 41 8 31 18 41 8 32 17 41 8 33 16 41 8 34 15 41 8 35 14 41 8 36 13 41 8 38 11 41 8 39 10 41 8 40 9 41 8 41 8 41 8 42 7 41 8 43 6 41 8 45 5 41 8 47 4 41 8 49 3 41 8 50 2 41 8 52 1 41 9 1 53 41 9 2 51 41 9 3 50 41 9 4 48 41 9 5 46 41 9 6 44 41 9 7 43 41 9 8 42 41 9 9 41 41 9 10 40 41 9 11 39 41 9 12 38 41 9 13 37 41 9 14 36 41 9 15 35 41 9 16 34 41 9 17 33 41 9 18 32 41 9 19 31 41 9 20 30 41 9 21 29 41 9 22 28 41 9 23 27 41 9 24 26 41 9 25 25 41 9 26 24 41 9 27 23 41 9 28 22 41 9 29 21 41 9 30 20 41 9 31 19 41 9 32 18 41 9 33 17 41 9 34 16 41 9 35 15 41 9 36 14 41 9 37 13 41 9 38 12 41 9 39 11 41 9 40 10 41 9 41 9 41 9 42 8 41 9 43 7 41 9 44 6 41 9 46 5 41 9 48 4 41 9 50 3 41 9 51 2 41 9 53 1 41 10 1 54 41 10 2 52 41 10 3 51 41 10 4 49 41 10 5 47 41 10 6 45 41 10 7 44 41 10 8 43 41 10 9 42 41 10 10 41 41 10 11 40 41 10 12 39 41 10 13 38 41 10 14 37 41 10 15 36 41 10 16 35 41 10 17 34 41 10 18 33 41 10 19 32 41 10 20 31 41 10 21 30 41 10 22 29 41 10 23 28 41 10 24 27 41 10 25 26 41 10 26 25 41 10 27 24 41 10 28 23 41 10 29 22 41 10 30 21 41 10 31 20 41 10 32 19 41 10 33 18 41 10 34 17 41 10 35 16 41 10 36 15 41 10 37 14 41 10 38 13 41 10 39 12 41 10 40 11 41 10 41 10 41 10 42 9 41 10 43 8 41 10 44 7 41 10 45 6 41 10 47 5 41 10 49 4 41 10 51 3 41 10 52 2 41 10 54 1 41 11 1 55 41 11 2 53 41 11 3 52 41 11 4 50 41 11 5 48 41 11 6 46 41 11 7 45 41 11 8 44 41 11 9 43 41 11 10 42 41 11 11 41 41 11 12 40 41 11 13 39 41 11 14 38 41 11 15 37 41 11 16 36 41 11 17 35 41 11 18 34 41 11 19 33 41 11 20 32 41 11 21 31 41 11 22 30 41 11 23 29 41 11 24 28 41 11 25 27 41 11 26 26 41 11 27 25 41 11 28 24 41 11 29 23 41 11 30 22 41 11 31 21 41 11 32 20 41 11 33 19 41 11 34 18 41 11 35 17 41 11 36 16 41 11 37 15 41 11 38 14 41 11 39 13 41 11 40 12 41 11 41 11 41 11 42 10 41 11 43 9 41 11 44 8 41 11 45 7 41 11 46 6 41 11 48 5 41 11 50 4 41 11 52 3 41 11 53 2 41 11 55 1 41 12 1 56 41 12 2 54 41 12 3 53 41 12 4 51 41 12 5 49 41 12 6 47 41 12 7 46 41 12 8 45 41 12 9 44 41 12 10 43 41 12 11 42 41 12 12 41 41 12 13 40 41 12 14 39 41 12 15 38 41 12 16 37 41 12 17 36 41 12 18 35 41 12 19 34 41 12 20 33 41 12 21 32 41 12 22 31 41 12 23 30 41 12 25 28 41 12 26 27 41 12 27 26 41 12 28 25 41 12 30 23 41 12 31 22 41 12 32 21 41 12 33 20 41 12 34 19 41 12 35 18 41 12 36 17 41 12 37 16 41 12 38 15 41 12 39 14 41 12 40 13 41 12 41 12 41 12 42 11 41 12 43 10 41 12 44 9 41 12 45 8 41 12 46 7 41 12 47 6 41 12 49 5 41 12 51 4 41 12 53 3 41 12 54 2 41 12 56 1 41 13 1 57 41 13 2 55 41 13 3 54 41 13 4 52 41 13 5 50 41 13 6 48 41 13 7 47 41 13 8 46 41 13 9 45 41 13 10 44 41 13 11 43 41 13 12 42 41 13 13 41 41 13 14 40 41 13 15 39 41 13 16 38 41 13 17 37 41 13 18 36 41 13 19 35 41 13 20 34 41 13 21 33 41 13 22 32 41 13 23 31 41 13 24 30 41 13 25 29 41 13 26 28 41 13 27 27 41 13 28 26 41 13 29 25 41 13 30 24 41 13 31 23 41 13 32 22 41 13 33 21 41 13 34 20 41 13 35 19 41 13 36 18 41 13 37 17 41 13 38 16 41 13 39 15 41 13 40 14 41 13 41 13 41 13 42 12 41 13 43 11 41 13 44 10 41 13 45 9 41 13 46 8 41 13 47 7 41 13 48 6 41 13 50 5 41 13 52 4 41 13 54 3 41 13 55 2 41 13 57 1 41 14 1 58 41 14 2 56 41 14 3 55 41 14 4 53 41 14 5 51 41 14 6 49 41 14 7 48 41 14 8 47 41 14 9 46 41 14 10 45 41 14 11 44 41 14 12 43 41 14 13 42 41 14 14 41 41 14 15 40 41 14 16 39 41 14 17 38 41 14 18 37 41 14 19 36 41 14 20 35 41 14 21 34 41 14 22 33 41 14 23 32 41 14 24 31 41 14 25 30 41 14 26 29 41 14 27 28 41 14 28 27 41 14 29 26 41 14 30 25 41 14 31 24 41 14 32 23 41 14 33 22 41 14 34 21 41 14 35 20 41 14 36 19 41 14 37 18 41 14 38 17 41 14 39 16 41 14 40 15 41 14 41 14 41 14 42 13 41 14 43 12 41 14 44 11 41 14 45 10 41 14 46 9 41 14 47 8 41 14 48 7 41 14 49 6 41 14 51 5 41 14 53 4 41 14 55 3 41 14 56 2 41 14 58 1 41 15 1 59 41 15 2 57 41 15 3 56 41 15 4 54 41 15 5 52 41 15 6 50 41 15 7 49 41 15 8 48 41 15 9 47 41 15 10 46 41 15 11 45 41 15 12 44 41 15 13 43 41 15 14 42 41 15 15 41 41 15 16 40 41 15 17 39 41 15 18 38 41 15 19 37 41 15 20 36 41 15 21 35 41 15 22 34 41 15 23 33 41 15 24 32 41 15 25 31 41 15 26 30 41 15 27 29 41 15 28 28 41 15 29 27 41 15 30 26 41 15 31 25 41 15 32 24 41 15 33 23 41 15 34 22 41 15 35 21 41 15 36 20 41 15 37 19 41 15 38 18 41 15 39 17 41 15 40 16 41 15 41 15 41 15 42 14 41 15 43 13 41 15 44 12 41 15 45 11 41 15 46 10 41 15 47 9 41 15 48 8 41 15 49 7 41 15 50 6 41 15 52 5 41 15 54 4 41 15 56 3 41 15 57 2 41 15 59 1 41 16 1 60 41 16 2 58 41 16 3 57 41 16 4 55 41 16 5 53 41 16 6 51 41 16 7 50 41 16 8 49 41 16 9 48 41 16 10 47 41 16 11 46 41 16 12 45 41 16 13 44 41 16 14 43 41 16 15 42 41 16 16 41 41 16 17 40 41 16 18 39 41 16 19 38 41 16 20 37 41 16 21 36 41 16 22 35 41 16 23 34 41 16 24 33 41 16 25 32 41 16 26 31 41 16 27 30 41 16 28 29 41 16 29 28 41 16 30 27 41 16 31 26 41 16 32 25 41 16 33 24 41 16 34 23 41 16 35 22 41 16 36 21 41 16 37 20 41 16 38 19 41 16 39 18 41 16 40 17 41 16 41 16 41 16 42 15 41 16 43 14 41 16 44 13 41 16 45 12 41 16 46 11 41 16 47 10 41 16 48 9 41 16 49 8 41 16 50 7 41 16 51 6 41 16 53 5 41 16 55 4 41 16 57 3 41 16 58 2 41 16 60 1 41 17 1 61 41 17 2 59 41 17 3 58 41 17 4 56 41 17 5 54 41 17 6 52 41 17 7 51 41 17 8 50 41 17 9 49 41 17 10 48 41 17 11 47 41 17 12 46 41 17 13 45 41 17 14 44 41 17 15 43 41 17 16 42 41 17 17 41 41 17 18 40 41 17 19 39 41 17 20 38 41 17 21 37 41 17 22 36 41 17 23 35 41 17 24 34 41 17 25 33 41 17 26 32 41 17 27 31 41 17 28 30 41 17 29 29 41 17 30 28 41 17 31 27 41 17 32 26 41 17 33 25 41 17 34 24 41 17 35 23 41 17 36 22 41 17 37 21 41 17 38 20 41 17 39 19 41 17 40 18 41 17 41 17 41 17 42 16 41 17 43 15 41 17 44 14 41 17 45 13 41 17 46 12 41 17 47 11 41 17 48 10 41 17 49 9 41 17 50 8 41 17 51 7 41 17 52 6 41 17 54 5 41 17 56 4 41 17 58 3 41 17 59 2 41 17 61 1 41 18 2 60 41 18 3 59 41 18 4 57 41 18 5 55 41 18 6 53 41 18 7 52 41 18 8 51 41 18 9 50 41 18 10 49 41 18 11 48 41 18 12 47 41 18 13 46 41 18 14 45 41 18 15 44 41 18 16 43 41 18 17 42 41 18 18 41 41 18 19 40 41 18 20 39 41 18 21 38 41 18 22 37 41 18 23 36 41 18 24 35 41 18 25 34 41 18 26 33 41 18 27 32 41 18 28 31 41 18 29 30 41 18 30 29 41 18 31 28 41 18 32 27 41 18 33 26 41 18 34 25 41 18 35 24 41 18 36 23 41 18 37 22 41 18 38 21 41 18 39 20 41 18 40 19 41 18 41 18 41 18 42 17 41 18 43 16 41 18 44 15 41 18 45 14 41 18 46 13 41 18 47 12 41 18 48 11 41 18 49 10 41 18 50 9 41 18 51 8 41 18 52 7 41 18 53 6 41 18 55 5 41 18 57 4 41 18 59 3 41 18 60 2 41 19 2 61 41 19 3 60 41 19 4 58 41 19 5 56 41 19 6 54 41 19 7 53 41 19 8 52 41 19 9 51 41 19 10 50 41 19 11 49 41 19 12 48 41 19 13 47 41 19 14 46 41 19 15 45 41 19 16 44 41 19 17 43 41 19 18 42 41 19 19 41 41 19 20 40 41 19 21 39 41 19 22 38 41 19 23 37 41 19 24 36 41 19 25 35 41 19 26 34 41 19 27 33 41 19 28 32 41 19 29 31 41 19 30 30 41 19 31 29 41 19 32 28 41 19 33 27 41 19 34 26 41 19 35 25 41 19 36 24 41 19 37 23 41 19 38 22 41 19 39 21 41 19 40 20 41 19 41 19 41 19 42 18 41 19 43 17 41 19 44 16 41 19 45 15 41 19 46 14 41 19 47 13 41 19 48 12 41 19 49 11 41 19 50 10 41 19 51 9 41 19 52 8 41 19 53 7 41 19 54 6 41 19 56 5 41 19 58 4 41 19 60 3 41 19 61 2 41 20 2 62 41 20 3 61 41 20 4 59 41 20 5 57 41 20 6 55 41 20 7 54 41 20 8 53 41 20 9 52 41 20 10 51 41 20 11 50 41 20 12 49 41 20 13 48 41 20 14 47 41 20 15 46 41 20 16 45 41 20 17 44 41 20 18 43 41 20 19 42 41 20 20 41 41 20 21 40 41 20 22 39 41 20 23 38 41 20 24 37 41 20 25 36 41 20 26 35 41 20 27 34 41 20 28 33 41 20 29 32 41 20 30 31 41 20 31 30 41 20 32 29 41 20 33 28 41 20 34 27 41 20 35 26 41 20 36 25 41 20 37 24 41 20 38 23 41 20 39 22 41 20 40 21 41 20 41 20 41 20 42 19 41 20 43 18 41 20 44 17 41 20 45 16 41 20 46 15 41 20 47 14 41 20 48 13 41 20 49 12 41 20 50 11 41 20 51 10 41 20 52 9 41 20 53 8 41 20 54 7 41 20 55 6 41 20 57 5 41 20 59 4 41 20 61 3 41 20 62 2 41 21 2 63 41 21 3 62 41 21 4 60 41 21 5 58 41 21 6 56 41 21 7 55 41 21 8 54 41 21 9 53 41 21 10 52 41 21 11 51 41 21 12 50 41 21 13 49 41 21 14 48 41 21 15 47 41 21 16 46 41 21 17 45 41 21 18 44 41 21 19 43 41 21 20 42 41 21 21 41 41 21 22 40 41 21 23 39 41 21 24 38 41 21 25 37 41 21 26 36 41 21 27 35 41 21 28 34 41 21 29 33 41 21 30 32 41 21 31 31 41 21 32 30 41 21 33 29 41 21 34 28 41 21 35 27 41 21 36 26 41 21 37 25 41 21 38 24 41 21 39 23 41 21 40 22 41 21 41 21 41 21 42 20 41 21 43 19 41 21 44 18 41 21 45 17 41 21 46 16 41 21 47 15 41 21 48 14 41 21 49 13 41 21 50 12 41 21 51 11 41 21 52 10 41 21 53 9 41 21 54 8 41 21 55 7 41 21 56 6 41 21 58 5 41 21 60 4 41 21 62 3 41 21 63 2 41 22 2 64 41 22 3 63 41 22 4 61 41 22 5 59 41 22 6 57 41 22 7 56 41 22 8 55 41 22 9 54 41 22 10 53 41 22 11 52 41 22 12 51 41 22 13 50 41 22 14 49 41 22 15 48 41 22 16 47 41 22 17 46 41 22 18 45 41 22 19 44 41 22 20 43 41 22 21 42 41 22 22 41 41 22 23 40 41 22 24 39 41 22 25 38 41 22 26 37 41 22 27 36 41 22 28 35 41 22 29 34 41 22 30 33 41 22 31 32 41 22 32 31 41 22 33 30 41 22 34 29 41 22 35 28 41 22 36 27 41 22 37 26 41 22 38 25 41 22 39 24 41 22 40 23 41 22 41 22 41 22 42 21 41 22 43 20 41 22 44 19 41 22 45 18 41 22 46 17 41 22 47 16 41 22 48 15 41 22 49 14 41 22 50 13 41 22 51 12 41 22 52 11 41 22 53 10 41 22 54 9 41 22 55 8 41 22 56 7 41 22 57 6 41 22 59 5 41 22 61 4 41 22 63 3 41 22 64 2 41 23 3 64 41 23 4 62 41 23 5 60 41 23 6 58 41 23 7 57 41 23 8 56 41 23 9 55 41 23 10 54 41 23 11 53 41 23 12 52 41 23 13 51 41 23 14 50 41 23 15 49 41 23 16 48 41 23 17 47 41 23 18 46 41 23 19 45 41 23 20 44 41 23 21 43 41 23 22 42 41 23 23 41 41 23 24 40 41 23 25 39 41 23 26 38 41 23 27 37 41 23 28 36 41 23 29 35 41 23 30 34 41 23 31 33 41 23 32 32 41 23 33 31 41 23 34 30 41 23 35 29 41 23 36 28 41 23 37 27 41 23 38 26 41 23 39 25 41 23 40 24 41 23 41 23 41 23 42 22 41 23 43 21 41 23 44 20 41 23 45 19 41 23 46 18 41 23 47 17 41 23 48 16 41 23 49 15 41 23 50 14 41 23 51 13 41 23 52 12 41 23 53 11 41 23 54 10 41 23 55 9 41 23 56 8 41 23 57 7 41 23 58 6 41 23 60 5 41 23 62 4 41 23 64 3 41 24 3 65 41 24 4 63 41 24 5 61 41 24 6 59 41 24 7 58 41 24 8 57 41 24 9 56 41 24 10 55 41 24 11 54 41 24 12 53 41 24 13 52 41 24 14 51 41 24 15 50 41 24 16 49 41 24 17 48 41 24 18 47 41 24 19 46 41 24 20 45 41 24 21 44 41 24 22 43 41 24 23 42 41 24 24 41 41 24 25 40 41 24 26 39 41 24 27 38 41 24 28 37 41 24 29 36 41 24 30 35 41 24 31 34 41 24 32 33 41 24 33 32 41 24 34 31 41 24 35 30 41 24 36 29 41 24 37 28 41 24 38 27 41 24 39 26 41 24 40 25 41 24 41 24 41 24 42 23 41 24 43 22 41 24 44 21 41 24 45 20 41 24 46 19 41 24 47 18 41 24 48 17 41 24 49 16 41 24 50 15 41 24 51 14 41 24 52 13 41 24 53 12 41 24 54 11 41 24 55 10 41 24 56 9 41 24 57 8 41 24 58 7 41 24 59 6 41 24 61 5 41 24 63 4 41 24 65 3 41 25 3 66 41 25 4 64 41 25 5 62 41 25 6 60 41 25 7 59 41 25 8 58 41 25 9 57 41 25 10 56 41 25 11 55 41 25 12 54 41 25 13 53 41 25 14 52 41 25 15 51 41 25 16 50 41 25 17 49 41 25 18 48 41 25 19 47 41 25 20 46 41 25 21 45 41 25 22 44 41 25 23 43 41 25 24 42 41 25 25 41 41 25 26 40 41 25 27 39 41 25 28 38 41 25 29 37 41 25 30 36 41 25 31 35 41 25 32 34 41 25 33 33 41 25 34 32 41 25 35 31 41 25 36 30 41 25 37 29 41 25 38 28 41 25 39 27 41 25 40 26 41 25 41 25 41 25 42 24 41 25 43 23 41 25 44 22 41 25 45 21 41 25 46 20 41 25 47 19 41 25 48 18 41 25 49 17 41 25 50 16 41 25 51 15 41 25 52 14 41 25 53 13 41 25 54 12 41 25 55 11 41 25 56 10 41 25 57 9 41 25 58 8 41 25 59 7 41 25 60 6 41 25 62 5 41 25 64 4 41 25 66 3 41 26 4 65 41 26 5 63 41 26 6 61 41 26 7 60 41 26 8 59 41 26 9 58 41 26 10 57 41 26 11 56 41 26 12 55 41 26 13 54 41 26 14 53 41 26 15 52 41 26 16 51 41 26 17 50 41 26 18 49 41 26 19 48 41 26 20 47 41 26 21 46 41 26 22 45 41 26 23 44 41 26 24 43 41 26 25 42 41 26 26 41 41 26 27 40 41 26 28 39 41 26 29 38 41 26 30 37 41 26 31 36 41 26 32 35 41 26 33 34 41 26 34 33 41 26 35 32 41 26 36 31 41 26 37 30 41 26 38 29 41 26 39 28 41 26 40 27 41 26 41 26 41 26 42 25 41 26 43 24 41 26 44 23 41 26 45 22 41 26 46 21 41 26 47 20 41 26 48 19 41 26 49 18 41 26 50 17 41 26 51 16 41 26 52 15 41 26 53 14 41 26 54 13 41 26 55 12 41 26 56 11 41 26 57 10 41 26 58 9 41 26 59 8 41 26 60 7 41 26 61 6 41 26 63 5 41 26 65 4 41 27 4 66 41 27 5 64 41 27 6 62 41 27 7 61 41 27 8 60 41 27 9 59 41 27 10 58 41 27 11 57 41 27 12 56 41 27 13 55 41 27 14 54 41 27 15 53 41 27 16 52 41 27 17 51 41 27 18 50 41 27 19 49 41 27 20 48 41 27 21 47 41 27 22 46 41 27 23 45 41 27 24 44 41 27 25 43 41 27 26 42 41 27 27 41 41 27 28 40 41 27 29 39 41 27 30 38 41 27 31 37 41 27 32 36 41 27 33 35 41 27 34 34 41 27 35 33 41 27 36 32 41 27 37 31 41 27 38 30 41 27 39 29 41 27 40 28 41 27 41 27 41 27 42 26 41 27 43 25 41 27 44 24 41 27 45 23 41 27 46 22 41 27 47 21 41 27 48 20 41 27 49 19 41 27 50 18 41 27 51 17 41 27 52 16 41 27 53 15 41 27 54 14 41 27 55 13 41 27 56 12 41 27 57 11 41 27 58 10 41 27 59 9 41 27 60 8 41 27 61 7 41 27 62 6 41 27 64 5 41 27 66 4 41 28 4 67 41 28 5 65 41 28 6 63 41 28 7 62 41 28 8 61 41 28 9 60 41 28 10 59 41 28 11 58 41 28 12 57 41 28 13 56 41 28 14 55 41 28 15 54 41 28 16 53 41 28 17 52 41 28 18 51 41 28 19 50 41 28 20 49 41 28 21 48 41 28 22 47 41 28 23 46 41 28 24 45 41 28 25 44 41 28 26 43 41 28 27 42 41 28 28 41 41 28 29 40 41 28 30 39 41 28 31 38 41 28 32 37 41 28 33 36 41 28 34 35 41 28 35 34 41 28 36 33 41 28 37 32 41 28 38 31 41 28 39 30 41 28 40 29 41 28 41 28 41 28 42 27 41 28 43 26 41 28 44 25 41 28 45 24 41 28 46 23 41 28 47 22 41 28 48 21 41 28 49 20 41 28 50 19 41 28 51 18 41 28 52 17 41 28 53 16 41 28 54 15 41 28 55 14 41 28 56 13 41 28 57 12 41 28 58 11 41 28 59 10 41 28 60 9 41 28 61 8 41 28 62 7 41 28 63 6 41 28 65 5 41 28 67 4 41 29 5 66 41 29 6 64 41 29 7 63 41 29 8 62 41 29 9 61 41 29 10 60 41 29 11 59 41 29 12 58 41 29 13 57 41 29 14 56 41 29 15 55 41 29 16 54 41 29 17 53 41 29 18 52 41 29 19 51 41 29 20 50 41 29 21 49 41 29 22 48 41 29 23 47 41 29 24 46 41 29 25 45 41 29 26 44 41 29 27 43 41 29 28 42 41 29 29 41 41 29 30 40 41 29 31 39 41 29 32 38 41 29 33 37 41 29 34 36 41 29 35 35 41 29 36 34 41 29 37 33 41 29 38 32 41 29 39 31 41 29 40 30 41 29 41 29 41 29 42 28 41 29 43 27 41 29 44 26 41 29 45 25 41 29 46 24 41 29 47 23 41 29 48 22 41 29 49 21 41 29 50 20 41 29 51 19 41 29 52 18 41 29 53 17 41 29 54 16 41 29 55 15 41 29 56 14 41 29 57 13 41 29 58 12 41 29 59 11 41 29 60 10 41 29 61 9 41 29 62 8 41 29 63 7 41 29 64 6 41 29 66 5 41 30 5 67 41 30 6 65 41 30 7 64 41 30 8 63 41 30 9 62 41 30 10 61 41 30 11 60 41 30 12 59 41 30 13 58 41 30 14 57 41 30 15 56 41 30 16 55 41 30 17 54 41 30 18 53 41 30 19 52 41 30 20 51 41 30 21 50 41 30 22 49 41 30 23 48 41 30 24 47 41 30 25 46 41 30 26 45 41 30 27 44 41 30 28 43 41 30 29 42 41 30 30 41 41 30 31 40 41 30 32 39 41 30 33 38 41 30 34 37 41 30 35 36 41 30 36 35 41 30 37 34 41 30 38 33 41 30 39 32 41 30 40 31 41 30 41 30 41 30 42 29 41 30 43 28 41 30 44 27 41 30 45 26 41 30 46 25 41 30 47 24 41 30 48 23 41 30 49 22 41 30 50 21 41 30 51 20 41 30 52 19 41 30 53 18 41 30 54 17 41 30 55 16 41 30 56 15 41 30 57 14 41 30 58 13 41 30 59 12 41 30 60 11 41 30 61 10 41 30 62 9 41 30 63 8 41 30 64 7 41 30 65 6 41 30 67 5 41 31 5 68 41 31 6 66 41 31 7 65 41 31 8 64 41 31 9 63 41 31 10 62 41 31 11 61 41 31 12 60 41 31 13 59 41 31 14 58 41 31 15 57 41 31 16 56 41 31 17 55 41 31 18 54 41 31 19 53 41 31 20 52 41 31 21 51 41 31 22 50 41 31 23 49 41 31 24 48 41 31 25 47 41 31 26 46 41 31 27 45 41 31 28 44 41 31 29 43 41 31 30 42 41 31 31 41 41 31 32 40 41 31 33 39 41 31 34 38 41 31 35 37 41 31 36 36 41 31 37 35 41 31 38 34 41 31 39 33 41 31 40 32 41 31 41 31 41 31 42 30 41 31 43 29 41 31 44 28 41 31 45 27 41 31 46 26 41 31 47 25 41 31 48 24 41 31 49 23 41 31 50 22 41 31 51 21 41 31 52 20 41 31 53 19 41 31 54 18 41 31 55 17 41 31 56 16 41 31 57 15 41 31 58 14 41 31 59 13 41 31 60 12 41 31 61 11 41 31 62 10 41 31 63 9 41 31 64 8 41 31 65 7 41 31 66 6 41 31 68 5 41 32 5 69 41 32 6 67 41 32 7 66 41 32 8 65 41 32 9 64 41 32 10 63 41 32 11 62 41 32 12 61 41 32 13 60 41 32 14 59 41 32 15 58 41 32 16 57 41 32 17 56 41 32 18 55 41 32 19 54 41 32 20 53 41 32 21 52 41 32 22 51 41 32 23 50 41 32 24 49 41 32 25 48 41 32 26 47 41 32 27 46 41 32 28 45 41 32 29 44 41 32 30 43 41 32 31 42 41 32 32 41 41 32 33 40 41 32 34 39 41 32 35 38 41 32 36 37 41 32 37 36 41 32 38 35 41 32 39 34 41 32 40 33 41 32 41 32 41 32 42 31 41 32 43 30 41 32 44 29 41 32 45 28 41 32 46 27 41 32 47 26 41 32 48 25 41 32 49 24 41 32 50 23 41 32 51 22 41 32 52 21 41 32 53 20 41 32 54 19 41 32 55 18 41 32 56 17 41 32 57 16 41 32 58 15 41 32 59 14 41 32 60 13 41 32 61 12 41 32 62 11 41 32 63 10 41 32 64 9 41 32 65 8 41 32 66 7 41 32 67 6 41 32 69 5 41 33 5 70 41 33 6 68 41 33 7 67 41 33 8 66 41 33 9 65 41 33 10 64 41 33 11 63 41 33 12 62 41 33 13 61 41 33 14 60 41 33 15 59 41 33 16 58 41 33 17 57 41 33 18 56 41 33 19 55 41 33 20 54 41 33 21 53 41 33 22 52 41 33 23 51 41 33 24 50 41 33 25 49 41 33 26 48 41 33 27 47 41 33 28 46 41 33 29 45 41 33 30 44 41 33 31 43 41 33 32 42 41 33 33 41 41 33 34 40 41 33 35 39 41 33 36 38 41 33 37 37 41 33 38 36 41 33 39 35 41 33 40 34 41 33 41 33 41 33 42 32 41 33 43 31 41 33 44 30 41 33 45 29 41 33 46 28 41 33 47 27 41 33 48 26 41 33 49 25 41 33 50 24 41 33 51 23 41 33 52 22 41 33 53 21 41 33 54 20 41 33 55 19 41 33 56 18 41 33 57 17 41 33 58 16 41 33 59 15 41 33 60 14 41 33 61 13 41 33 62 12 41 33 63 11 41 33 64 10 41 33 65 9 41 33 66 8 41 33 67 7 41 33 68 6 41 33 70 5 41 34 6 69 41 34 7 68 41 34 8 67 41 34 9 66 41 34 10 65 41 34 11 64 41 34 12 63 41 34 13 62 41 34 14 61 41 34 15 60 41 34 16 59 41 34 17 58 41 34 18 57 41 34 19 56 41 34 20 55 41 34 21 54 41 34 22 53 41 34 23 52 41 34 24 51 41 34 25 50 41 34 26 49 41 34 27 48 41 34 28 47 41 34 29 46 41 34 30 45 41 34 31 44 41 34 32 43 41 34 33 42 41 34 34 41 41 34 35 40 41 34 36 39 41 34 37 38 41 34 38 37 41 34 39 36 41 34 40 35 41 34 41 34 41 34 42 33 41 34 43 32 41 34 44 31 41 34 45 30 41 34 46 29 41 34 47 28 41 34 48 27 41 34 49 26 41 34 50 25 41 34 51 24 41 34 52 23 41 34 53 22 41 34 54 21 41 34 55 20 41 34 56 19 41 34 57 18 41 34 58 17 41 34 59 16 41 34 60 15 41 34 61 14 41 34 62 13 41 34 63 12 41 34 64 11 41 34 65 10 41 34 66 9 41 34 67 8 41 34 68 7 41 34 69 6 41 35 6 70 41 35 7 69 41 35 8 68 41 35 9 67 41 35 10 66 41 35 11 65 41 35 12 64 41 35 13 63 41 35 14 62 41 35 15 61 41 35 16 60 41 35 17 59 41 35 18 58 41 35 19 57 41 35 20 56 41 35 21 55 41 35 22 54 41 35 23 53 41 35 24 52 41 35 25 51 41 35 26 50 41 35 27 49 41 35 28 48 41 35 29 47 41 35 30 46 41 35 31 45 41 35 32 44 41 35 33 43 41 35 34 42 41 35 35 41 41 35 36 40 41 35 37 39 41 35 38 38 41 35 39 37 41 35 40 36 41 35 41 35 41 35 42 34 41 35 43 33 41 35 44 32 41 35 45 31 41 35 46 30 41 35 47 29 41 35 48 28 41 35 49 27 41 35 50 26 41 35 51 25 41 35 52 24 41 35 53 23 41 35 54 22 41 35 55 21 41 35 56 20 41 35 57 19 41 35 58 18 41 35 59 17 41 35 60 16 41 35 61 15 41 35 62 14 41 35 63 13 41 35 64 12 41 35 65 11 41 35 66 10 41 35 67 9 41 35 68 8 41 35 69 7 41 35 70 6 41 36 6 71 41 36 7 70 41 36 8 69 41 36 9 68 41 36 10 67 41 36 11 66 41 36 12 65 41 36 13 64 41 36 14 63 41 36 15 62 41 36 16 61 41 36 17 60 41 36 18 59 41 36 19 58 41 36 20 57 41 36 21 56 41 36 22 55 41 36 23 54 41 36 24 53 41 36 25 52 41 36 26 51 41 36 27 50 41 36 28 49 41 36 29 48 41 36 30 47 41 36 31 46 41 36 32 45 41 36 33 44 41 36 34 43 41 36 35 42 41 36 36 41 41 36 37 40 41 36 38 39 41 36 39 38 41 36 40 37 41 36 41 36 41 36 42 35 41 36 43 34 41 36 44 33 41 36 45 32 41 36 46 31 41 36 47 30 41 36 48 29 41 36 49 28 41 36 50 27 41 36 51 26 41 36 52 25 41 36 53 24 41 36 54 23 41 36 55 22 41 36 56 21 41 36 57 20 41 36 58 19 41 36 59 18 41 36 60 17 41 36 61 16 41 36 62 15 41 36 63 14 41 36 64 13 41 36 65 12 41 36 66 11 41 36 67 10 41 36 68 9 41 36 69 8 41 36 70 7 41 36 71 6 41 37 7 71 41 37 8 70 41 37 9 69 41 37 10 68 41 37 11 67 41 37 12 66 41 37 13 65 41 37 14 64 41 37 15 63 41 37 16 62 41 37 17 61 41 37 18 60 41 37 19 59 41 37 20 58 41 37 21 57 41 37 22 56 41 37 23 55 41 37 24 54 41 37 25 53 41 37 26 52 41 37 27 51 41 37 28 50 41 37 29 49 41 37 30 48 41 37 31 47 41 37 32 46 41 37 33 45 41 37 34 44 41 37 35 43 41 37 36 42 41 37 37 41 41 37 38 40 41 37 39 39 41 37 40 38 41 37 41 37 41 37 42 36 41 37 43 35 41 37 44 34 41 37 45 33 41 37 46 32 41 37 47 31 41 37 48 30 41 37 49 29 41 37 50 28 41 37 51 27 41 37 52 26 41 37 53 25 41 37 54 24 41 37 55 23 41 37 56 22 41 37 57 21 41 37 58 20 41 37 59 19 41 37 60 18 41 37 61 17 41 37 62 16 41 37 63 15 41 37 64 14 41 37 65 13 41 37 66 12 41 37 67 11 41 37 68 10 41 37 69 9 41 37 70 8 41 37 71 7 41 38 7 72 41 38 8 71 41 38 9 70 41 38 10 69 41 38 11 68 41 38 12 67 41 38 13 66 41 38 14 65 41 38 15 64 41 38 16 63 41 38 17 62 41 38 18 61 41 38 19 60 41 38 20 59 41 38 21 58 41 38 22 57 41 38 23 56 41 38 24 55 41 38 25 54 41 38 26 53 41 38 27 52 41 38 28 51 41 38 29 50 41 38 30 49 41 38 31 48 41 38 32 47 41 38 33 46 41 38 34 45 41 38 35 44 41 38 36 43 41 38 37 42 41 38 38 41 41 38 39 40 41 38 40 39 41 38 41 38 41 38 42 37 41 38 43 36 41 38 44 35 41 38 45 34 41 38 46 33 41 38 47 32 41 38 48 31 41 38 49 30 41 38 50 29 41 38 51 28 41 38 52 27 41 38 53 26 41 38 54 25 41 38 55 24 41 38 56 23 41 38 57 22 41 38 58 21 41 38 59 20 41 38 60 19 41 38 61 18 41 38 62 17 41 38 63 16 41 38 64 15 41 38 65 14 41 38 66 13 41 38 67 12 41 38 68 11 41 38 69 10 41 38 70 9 41 38 71 8 41 38 72 7 41 39 9 71 41 39 10 70 41 39 11 69 41 39 12 68 41 39 13 67 41 39 14 66 41 39 15 65 41 39 16 64 41 39 17 63 41 39 18 62 41 39 19 61 41 39 20 60 41 39 21 59 41 39 22 58 41 39 23 57 41 39 24 56 41 39 25 55 41 39 26 54 41 39 27 53 41 39 28 52 41 39 29 51 41 39 30 50 41 39 31 49 41 39 32 48 41 39 33 47 41 39 34 46 41 39 35 45 41 39 36 44 41 39 37 43 41 39 38 42 41 39 39 41 41 39 40 40 41 39 41 39 41 39 42 38 41 39 43 37 41 39 44 36 41 39 45 35 41 39 46 34 41 39 47 33 41 39 48 32 41 39 49 31 41 39 50 30 41 39 51 29 41 39 52 28 41 39 53 27 41 39 54 26 41 39 55 25 41 39 56 24 41 39 57 23 41 39 58 22 41 39 59 21 41 39 60 20 41 39 61 19 41 39 62 18 41 39 63 17 41 39 64 16 41 39 65 15 41 39 66 14 41 39 67 13 41 39 68 12 41 39 69 11 41 39 70 10 41 39 71 9 41 40 9 72 41 40 10 71 41 40 11 70 41 40 12 69 41 40 13 68 41 40 14 67 41 40 15 66 41 40 16 65 41 40 17 64 41 40 18 63 41 40 19 62 41 40 20 61 41 40 21 60 41 40 22 59 41 40 23 58 41 40 24 57 41 40 25 56 41 40 26 55 41 40 27 54 41 40 28 53 41 40 29 52 41 40 30 51 41 40 31 50 41 40 32 49 41 40 33 48 41 40 34 47 41 40 35 46 41 40 36 45 41 40 37 44 41 40 38 43 41 40 39 42 41 40 40 41 41 40 41 40 41 40 42 39 41 40 43 38 41 40 44 37 41 40 45 36 41 40 46 35 41 40 47 34 41 40 48 33 41 40 49 32 41 40 50 31 41 40 51 30 41 40 52 29 41 40 53 28 41 40 54 27 41 40 55 26 41 40 56 25 41 40 57 24 41 40 58 23 41 40 59 22 41 40 60 21 41 40 61 20 41 40 62 19 41 40 63 18 41 40 64 17 41 40 65 16 41 40 66 15 41 40 67 14 41 40 68 13 41 40 69 12 41 40 70 11 41 40 71 10 41 40 72 9 41 41 10 72 41 41 11 71 41 41 12 70 41 41 13 69 41 41 14 68 41 41 15 67 41 41 16 66 41 41 17 65 41 41 18 64 41 41 19 63 41 41 20 62 41 41 21 61 41 41 22 60 41 41 23 59 41 41 24 58 41 41 25 57 41 41 26 56 41 41 27 55 41 41 28 54 41 41 29 53 41 41 30 52 41 41 31 51 41 41 32 50 41 41 33 49 41 41 34 48 41 41 35 47 41 41 36 46 41 41 37 45 41 41 38 44 41 41 39 43 41 41 40 42 41 41 41 41 41 41 42 40 41 41 43 39 41 41 44 38 41 41 45 37 41 41 46 36 41 41 47 35 41 41 48 34 41 41 49 33 41 41 50 32 41 41 51 31 41 41 52 30 41 41 53 29 41 41 54 28 41 41 55 27 41 41 56 26 41 41 57 25 41 41 58 24 41 41 59 23 41 41 60 22 41 41 61 21 41 41 62 20 41 41 63 19 41 41 64 18 41 41 65 17 41 41 66 16 41 41 67 15 41 41 68 14 41 41 69 13 41 41 70 12 41 41 71 11 41 41 72 10 41 42 11 72 41 42 12 71 41 42 13 70 41 42 14 69 41 42 15 68 41 42 16 67 41 42 17 66 41 42 18 65 41 42 19 64 41 42 20 63 41 42 21 62 41 42 22 61 41 42 23 60 41 42 24 59 41 42 25 58 41 42 26 57 41 42 27 56 41 42 28 55 41 42 29 54 41 42 30 53 41 42 31 52 41 42 32 51 41 42 33 50 41 42 34 49 41 42 35 48 41 42 36 47 41 42 37 46 41 42 38 45 41 42 39 44 41 42 40 43 41 42 41 42 41 42 42 41 41 42 43 40 41 42 44 39 41 42 45 38 41 42 46 37 41 42 47 36 41 42 48 35 41 42 49 34 41 42 50 33 41 42 51 32 41 42 52 31 41 42 53 30 41 42 54 29 41 42 55 28 41 42 56 27 41 42 57 26 41 42 58 25 41 42 59 24 41 42 60 23 41 42 61 22 41 42 62 21 41 42 63 20 41 42 64 19 41 42 65 18 41 42 66 17 41 42 67 16 41 42 68 15 41 42 69 14 41 42 70 13 41 42 71 12 41 42 72 11 41 43 12 72 41 43 13 71 41 43 14 70 41 43 15 69 41 43 16 68 41 43 17 67 41 43 18 66 41 43 19 65 41 43 20 64 41 43 21 63 41 43 22 62 41 43 23 61 41 43 24 60 41 43 25 59 41 43 26 58 41 43 27 57 41 43 28 56 41 43 29 55 41 43 30 54 41 43 31 53 41 43 32 52 41 43 33 51 41 43 34 50 41 43 35 49 41 43 36 48 41 43 37 47 41 43 38 46 41 43 39 45 41 43 40 44 41 43 41 43 41 43 42 42 41 43 43 41 41 43 44 40 41 43 45 39 41 43 46 38 41 43 47 37 41 43 48 36 41 43 49 35 41 43 50 34 41 43 51 33 41 43 52 32 41 43 53 31 41 43 54 30 41 43 55 29 41 43 56 28 41 43 57 27 41 43 58 26 41 43 59 25 41 43 60 24 41 43 61 23 41 43 62 22 41 43 63 21 41 43 64 20 41 43 65 19 41 43 66 18 41 43 67 17 41 43 68 16 41 43 69 15 41 43 70 14 41 43 71 13 41 43 72 12 41 44 13 72 41 44 14 71 41 44 15 70 41 44 16 69 41 44 17 68 41 44 18 67 41 44 19 66 41 44 20 65 41 44 21 64 41 44 22 63 41 44 23 62 41 44 24 61 41 44 25 60 41 44 26 59 41 44 27 58 41 44 28 57 41 44 29 56 41 44 30 55 41 44 31 54 41 44 32 53 41 44 33 52 41 44 34 51 41 44 35 50 41 44 36 49 41 44 37 48 41 44 38 47 41 44 39 46 41 44 40 45 41 44 41 44 41 44 42 43 41 44 43 42 41 44 44 41 41 44 45 40 41 44 46 39 41 44 47 38 41 44 48 37 41 44 49 36 41 44 50 35 41 44 51 34 41 44 52 33 41 44 53 32 41 44 54 31 41 44 55 30 41 44 56 29 41 44 57 28 41 44 58 27 41 44 59 26 41 44 60 25 41 44 61 24 41 44 62 23 41 44 63 22 41 44 64 21 41 44 65 20 41 44 66 19 41 44 67 18 41 44 68 17 41 44 69 16 41 44 70 15 41 44 71 14 41 44 72 13 41 45 14 72 41 45 15 71 41 45 16 70 41 45 17 69 41 45 18 68 41 45 19 67 41 45 20 66 41 45 21 65 41 45 22 64 41 45 23 63 41 45 24 62 41 45 25 61 41 45 26 60 41 45 27 59 41 45 28 58 41 45 29 57 41 45 30 56 41 45 31 55 41 45 32 54 41 45 33 53 41 45 34 52 41 45 35 51 41 45 36 50 41 45 37 49 41 45 38 48 41 45 39 47 41 45 40 46 41 45 41 45 41 45 42 44 41 45 43 43 41 45 44 42 41 45 45 41 41 45 46 40 41 45 47 39 41 45 48 38 41 45 49 37 41 45 50 36 41 45 51 35 41 45 52 34 41 45 53 33 41 45 54 32 41 45 55 31 41 45 56 30 41 45 57 29 41 45 58 28 41 45 59 27 41 45 60 26 41 45 61 25 41 45 62 24 41 45 63 23 41 45 64 22 41 45 65 21 41 45 66 20 41 45 67 19 41 45 68 18 41 45 69 17 41 45 70 16 41 45 71 15 41 45 72 14 41 46 15 72 41 46 16 71 41 46 17 70 41 46 18 69 41 46 19 68 41 46 20 67 41 46 21 66 41 46 22 65 41 46 23 64 41 46 24 63 41 46 25 62 41 46 26 61 41 46 27 60 41 46 28 59 41 46 29 58 41 46 30 57 41 46 31 56 41 46 32 55 41 46 33 54 41 46 34 53 41 46 35 52 41 46 36 51 41 46 37 50 41 46 38 49 41 46 39 48 41 46 40 47 41 46 41 46 41 46 42 45 41 46 43 44 41 46 44 43 41 46 45 42 41 46 46 41 41 46 47 40 41 46 48 39 41 46 49 38 41 46 50 37 41 46 51 36 41 46 52 35 41 46 53 34 41 46 54 33 41 46 55 32 41 46 56 31 41 46 57 30 41 46 58 29 41 46 59 28 41 46 60 27 41 46 61 26 41 46 62 25 41 46 63 24 41 46 64 23 41 46 65 22 41 46 66 21 41 46 67 20 41 46 68 19 41 46 69 18 41 46 70 17 41 46 71 16 41 46 72 15 41 47 16 72 41 47 17 71 41 47 18 70 41 47 19 69 41 47 20 68 41 47 21 67 41 47 22 66 41 47 23 65 41 47 24 64 41 47 25 63 41 47 26 62 41 47 27 61 41 47 28 60 41 47 29 59 41 47 30 58 41 47 31 57 41 47 32 56 41 47 33 55 41 47 34 54 41 47 35 53 41 47 36 52 41 47 37 51 41 47 38 50 41 47 39 49 41 47 40 48 41 47 41 47 41 47 42 46 41 47 43 45 41 47 44 44 41 47 45 43 41 47 46 42 41 47 47 41 41 47 48 40 41 47 49 39 41 47 50 38 41 47 51 37 41 47 52 36 41 47 53 35 41 47 54 34 41 47 55 33 41 47 56 32 41 47 57 31 41 47 58 30 41 47 59 29 41 47 60 28 41 47 61 27 41 47 62 26 41 47 63 25 41 47 64 24 41 47 65 23 41 47 66 22 41 47 67 21 41 47 68 20 41 47 69 19 41 47 70 18 41 47 71 17 41 47 72 16 41 48 17 72 41 48 18 71 41 48 19 70 41 48 20 69 41 48 21 68 41 48 22 67 41 48 23 66 41 48 24 65 41 48 25 64 41 48 26 63 41 48 27 62 41 48 28 61 41 48 29 60 41 48 30 59 41 48 31 58 41 48 32 57 41 48 33 56 41 48 34 55 41 48 35 54 41 48 36 53 41 48 37 52 41 48 38 51 41 48 39 50 41 48 40 49 41 48 41 48 41 48 42 47 41 48 43 46 41 48 44 45 41 48 45 44 41 48 46 43 41 48 47 42 41 48 48 41 41 48 49 40 41 48 50 39 41 48 51 38 41 48 52 37 41 48 53 36 41 48 54 35 41 48 55 34 41 48 56 33 41 48 57 32 41 48 58 31 41 48 59 30 41 48 60 29 41 48 61 28 41 48 62 27 41 48 63 26 41 48 64 25 41 48 65 24 41 48 66 23 41 48 67 22 41 48 68 21 41 48 69 20 41 48 70 19 41 48 71 18 41 48 72 17 41 49 18 72 41 49 19 71 41 49 20 70 41 49 21 69 41 49 22 68 41 49 23 67 41 49 24 66 41 49 25 65 41 49 26 64 41 49 27 63 41 49 28 62 41 49 29 61 41 49 30 60 41 49 31 59 41 49 32 58 41 49 33 57 41 49 34 56 41 49 35 55 41 49 36 54 41 49 37 53 41 49 38 52 41 49 39 51 41 49 40 50 41 49 41 49 41 49 42 48 41 49 43 47 41 49 44 46 41 49 45 45 41 49 46 44 41 49 47 43 41 49 48 42 41 49 49 41 41 49 50 40 41 49 51 39 41 49 52 38 41 49 53 37 41 49 54 36 41 49 55 35 41 49 56 34 41 49 57 33 41 49 58 32 41 49 59 31 41 49 60 30 41 49 61 29 41 49 62 28 41 49 63 27 41 49 64 26 41 49 65 25 41 49 66 24 41 49 67 23 41 49 68 22 41 49 69 21 41 49 70 20 41 49 71 19 41 49 72 18 41 50 19 72 41 50 20 71 41 50 21 70 41 50 22 69 41 50 23 68 41 50 24 67 41 50 25 66 41 50 26 65 41 50 27 64 41 50 28 63 41 50 29 62 41 50 30 61 41 50 31 60 41 50 32 59 41 50 33 58 41 50 34 57 41 50 35 56 41 50 36 55 41 50 37 54 41 50 38 53 41 50 39 52 41 50 40 51 41 50 41 50 41 50 42 49 41 50 43 48 41 50 44 47 41 50 45 46 41 50 46 45 41 50 47 44 41 50 48 43 41 50 49 42 41 50 50 41 41 50 51 40 41 50 52 39 41 50 53 38 41 50 54 37 41 50 55 36 41 50 56 35 41 50 57 34 41 50 58 33 41 50 59 32 41 50 60 31 41 50 61 30 41 50 62 29 41 50 63 28 41 50 64 27 41 50 65 26 41 50 66 25 41 50 67 24 41 50 68 23 41 50 69 22 41 50 70 21 41 50 71 20 41 50 72 19 41 51 20 72 41 51 21 71 41 51 22 70 41 51 23 69 41 51 24 68 41 51 25 67 41 51 26 66 41 51 27 65 41 51 28 64 41 51 29 63 41 51 30 62 41 51 31 61 41 51 32 60 41 51 33 59 41 51 34 58 41 51 35 57 41 51 36 56 41 51 37 55 41 51 38 54 41 51 39 53 41 51 40 52 41 51 41 51 41 51 42 50 41 51 43 49 41 51 44 48 41 51 45 47 41 51 46 46 41 51 47 45 41 51 48 44 41 51 49 43 41 51 50 42 41 51 51 41 41 51 52 40 41 51 53 39 41 51 54 38 41 51 55 37 41 51 56 36 41 51 57 35 41 51 58 34 41 51 59 33 41 51 60 32 41 51 61 31 41 51 62 30 41 51 63 29 41 51 64 28 41 51 65 27 41 51 66 26 41 51 67 25 41 51 68 24 41 51 69 23 41 51 70 22 41 51 71 21 41 51 72 20 41 52 21 72 41 52 22 71 41 52 23 70 41 52 24 69 41 52 25 68 41 52 26 67 41 52 27 66 41 52 28 65 41 52 29 64 41 52 30 63 41 52 31 62 41 52 32 61 41 52 33 60 41 52 34 59 41 52 35 58 41 52 36 57 41 52 37 56 41 52 38 55 41 52 39 54 41 52 40 53 41 52 41 52 41 52 42 51 41 52 43 50 41 52 44 49 41 52 45 48 41 52 46 47 41 52 47 46 41 52 48 45 41 52 49 44 41 52 50 43 41 52 51 42 41 52 52 41 41 52 53 40 41 52 54 39 41 52 55 38 41 52 56 37 41 52 57 36 41 52 58 35 41 52 59 34 41 52 60 33 41 52 61 32 41 52 62 31 41 52 63 30 41 52 64 29 41 52 65 28 41 52 66 27 41 52 67 26 41 52 68 25 41 52 69 24 41 52 70 23 41 52 71 22 41 52 72 21 41 53 22 72 41 53 23 71 41 53 24 70 41 53 25 69 41 53 26 68 41 53 27 67 41 53 28 66 41 53 29 65 41 53 30 64 41 53 31 63 41 53 32 62 41 53 33 61 41 53 34 60 41 53 35 59 41 53 36 58 41 53 37 57 41 53 38 56 41 53 39 55 41 53 40 54 41 53 41 53 41 53 42 52 41 53 43 51 41 53 44 50 41 53 45 49 41 53 46 48 41 53 47 47 41 53 48 46 41 53 49 45 41 53 50 44 41 53 51 43 41 53 52 42 41 53 53 41 41 53 54 40 41 53 55 39 41 53 56 38 41 53 57 37 41 53 58 36 41 53 59 35 41 53 60 34 41 53 61 33 41 53 62 32 41 53 63 31 41 53 64 30 41 53 65 29 41 53 66 28 41 53 67 27 41 53 68 26 41 53 69 25 41 53 70 24 41 53 71 23 41 53 72 22 41 54 23 72 41 54 24 71 41 54 25 70 41 54 26 69 41 54 27 68 41 54 28 67 41 54 29 66 41 54 30 65 41 54 31 64 41 54 32 63 41 54 33 62 41 54 34 61 41 54 35 60 41 54 36 59 41 54 37 58 41 54 38 57 41 54 39 56 41 54 40 55 41 54 41 54 41 54 42 53 41 54 43 52 41 54 44 51 41 54 45 50 41 54 46 49 41 54 47 48 41 54 48 47 41 54 49 46 41 54 50 45 41 54 51 44 41 54 52 43 41 54 53 42 41 54 54 41 41 54 55 40 41 54 56 39 41 54 57 38 41 54 58 37 41 54 59 36 41 54 60 35 41 54 61 34 41 54 62 33 41 54 63 32 41 54 64 31 41 54 65 30 41 54 66 29 41 54 67 28 41 54 68 27 41 54 69 26 41 54 70 25 41 54 71 24 41 54 72 23 41 55 24 72 41 55 25 71 41 55 26 70 41 55 27 69 41 55 28 68 41 55 29 67 41 55 30 66 41 55 31 65 41 55 32 64 41 55 33 63 41 55 34 62 41 55 35 61 41 55 36 60 41 55 37 59 41 55 38 58 41 55 39 57 41 55 40 56 41 55 41 55 41 55 42 54 41 55 43 53 41 55 44 52 41 55 45 51 41 55 46 50 41 55 47 49 41 55 48 48 41 55 49 47 41 55 50 46 41 55 51 45 41 55 52 44 41 55 53 43 41 55 54 42 41 55 55 41 41 55 56 40 41 55 57 39 41 55 58 38 41 55 59 37 41 55 60 36 41 55 61 35 41 55 62 34 41 55 63 33 41 55 64 32 41 55 65 31 41 55 66 30 41 55 67 29 41 55 68 28 41 55 69 27 41 55 70 26 41 55 71 25 41 55 72 24 41 56 25 72 41 56 26 71 41 56 27 70 41 56 28 69 41 56 29 68 41 56 30 67 41 56 31 66 41 56 32 65 41 56 33 64 41 56 34 63 41 56 35 62 41 56 36 61 41 56 37 60 41 56 38 59 41 56 39 58 41 56 40 57 41 56 41 56 41 56 42 55 41 56 43 54 41 56 44 53 41 56 45 52 41 56 46 51 41 56 47 50 41 56 48 49 41 56 49 48 41 56 50 47 41 56 51 46 41 56 52 45 41 56 53 44 41 56 54 43 41 56 55 42 41 56 56 41 41 56 57 40 41 56 58 39 41 56 59 38 41 56 60 37 41 56 61 36 41 56 62 35 41 56 63 34 41 56 64 33 41 56 65 32 41 56 66 31 41 56 67 30 41 56 68 29 41 56 69 28 41 56 70 27 41 56 71 26 41 56 72 25 41 57 26 72 41 57 27 71 41 57 28 70 41 57 29 69 41 57 30 68 41 57 31 67 41 57 32 66 41 57 33 65 41 57 34 64 41 57 35 63 41 57 36 62 41 57 37 61 41 57 38 60 41 57 39 59 41 57 40 58 41 57 41 57 41 57 42 56 41 57 43 55 41 57 44 54 41 57 45 53 41 57 46 52 41 57 47 51 41 57 48 50 41 57 49 49 41 57 50 48 41 57 51 47 41 57 52 46 41 57 53 45 41 57 54 44 41 57 55 43 41 57 56 42 41 57 57 41 41 57 58 40 41 57 59 39 41 57 60 38 41 57 61 37 41 57 62 36 41 57 63 35 41 57 64 34 41 57 65 33 41 57 66 32 41 57 67 31 41 57 68 30 41 57 69 29 41 57 70 28 41 57 71 27 41 57 72 26 41 58 27 72 41 58 28 71 41 58 29 70 41 58 30 69 41 58 31 68 41 58 32 67 41 58 33 66 41 58 34 65 41 58 35 64 41 58 36 63 41 58 37 62 41 58 38 61 41 58 39 60 41 58 40 59 41 58 41 58 41 58 42 57 41 58 43 56 41 58 44 55 41 58 45 54 41 58 46 53 41 58 47 52 41 58 48 51 41 58 49 50 41 58 50 49 41 58 51 48 41 58 52 47 41 58 53 46 41 58 54 45 41 58 55 44 41 58 56 43 41 58 57 42 41 58 58 41 41 58 59 40 41 58 60 39 41 58 61 38 41 58 62 37 41 58 63 36 41 58 64 35 41 58 65 34 41 58 66 33 41 58 67 32 41 58 68 31 41 58 69 30 41 58 70 29 41 58 71 28 41 58 72 27 41 59 28 72 41 59 29 71 41 59 30 70 41 59 31 69 41 59 32 68 41 59 33 67 41 59 34 66 41 59 35 65 41 59 36 64 41 59 37 63 41 59 38 62 41 59 39 61 41 59 40 60 41 59 41 59 41 59 42 58 41 59 43 57 41 59 44 56 41 59 45 55 41 59 46 54 41 59 47 53 41 59 48 52 41 59 49 51 41 59 50 50 41 59 51 49 41 59 52 48 41 59 53 47 41 59 54 46 41 59 55 45 41 59 56 44 41 59 57 43 41 59 58 42 41 59 59 41 41 59 60 40 41 59 61 39 41 59 62 38 41 59 63 37 41 59 64 36 41 59 65 35 41 59 66 34 41 59 67 33 41 59 68 32 41 59 69 31 41 59 70 30 41 59 71 29 41 59 72 28 41 60 29 72 41 60 30 71 41 60 31 70 41 60 32 69 41 60 33 68 41 60 34 67 41 60 35 66 41 60 36 65 41 60 37 64 41 60 38 63 41 60 39 62 41 60 40 61 41 60 41 60 41 60 42 59 41 60 43 58 41 60 44 57 41 60 45 56 41 60 46 55 41 60 47 54 41 60 48 53 41 60 49 52 41 60 50 51 41 60 51 50 41 60 52 49 41 60 53 48 41 60 54 47 41 60 55 46 41 60 56 45 41 60 57 44 41 60 58 43 41 60 59 42 41 60 60 41 41 60 61 40 41 60 62 39 41 60 63 38 41 60 64 37 41 60 65 36 41 60 66 35 41 60 67 34 41 60 68 33 41 60 69 32 41 60 70 31 41 60 71 30 41 60 72 29 41 61 30 72 41 61 31 71 41 61 32 70 41 61 33 69 41 61 34 68 41 61 35 67 41 61 36 66 41 61 37 65 41 61 38 64 41 61 39 63 41 61 40 62 41 61 41 61 41 61 42 60 41 61 43 59 41 61 44 58 41 61 45 57 41 61 46 56 41 61 47 55 41 61 48 54 41 61 49 53 41 61 50 52 41 61 51 51 41 61 52 50 41 61 53 49 41 61 54 48 41 61 55 47 41 61 56 46 41 61 57 45 41 61 58 44 41 61 59 43 41 61 60 42 41 61 61 41 41 61 62 40 41 61 63 39 41 61 64 38 41 61 65 37 41 61 66 36 41 61 67 35 41 61 68 34 41 61 69 33 41 61 70 32 41 61 71 31 41 61 72 30 41 62 31 72 41 62 32 71 41 62 33 70 41 62 34 69 41 62 35 68 41 62 36 67 41 62 37 66 41 62 38 65 41 62 39 64 41 62 40 63 41 62 41 62 41 62 42 61 41 62 43 60 41 62 44 59 41 62 45 58 41 62 46 57 41 62 47 56 41 62 48 55 41 62 49 54 41 62 50 53 41 62 51 52 41 62 52 51 41 62 53 50 41 62 54 49 41 62 55 48 41 62 56 47 41 62 57 46 41 62 58 45 41 62 59 44 41 62 60 43 41 62 61 42 41 62 62 41 41 62 63 40 41 62 64 39 41 62 65 38 41 62 66 37 41 62 67 36 41 62 68 35 41 62 69 34 41 62 70 33 41 62 71 32 41 62 72 31 41 63 32 72 41 63 33 71 41 63 34 70 41 63 35 69 41 63 36 68 41 63 37 67 41 63 38 66 41 63 39 65 41 63 40 64 41 63 41 63 41 63 42 62 41 63 43 61 41 63 44 60 41 63 45 59 41 63 46 58 41 63 47 57 41 63 48 56 41 63 49 55 41 63 50 54 41 63 51 53 41 63 52 52 41 63 53 51 41 63 54 50 41 63 55 49 41 63 56 48 41 63 57 47 41 63 58 46 41 63 59 45 41 63 60 44 41 63 61 43 41 63 62 42 41 63 63 41 41 63 64 40 41 63 65 39 41 63 66 38 41 63 67 37 41 63 68 36 41 63 69 35 41 63 70 34 41 63 71 33 41 63 72 32 41 64 33 72 41 64 34 71 41 64 35 70 41 64 36 69 41 64 37 68 41 64 38 67 41 64 39 66 41 64 40 65 41 64 41 64 41 64 42 63 41 64 43 62 41 64 44 61 41 64 45 60 41 64 46 59 41 64 47 58 41 64 48 57 41 64 49 56 41 64 50 55 41 64 51 54 41 64 52 53 41 64 53 52 41 64 54 51 41 64 55 50 41 64 56 49 41 64 57 48 41 64 58 47 41 64 59 46 41 64 60 45 41 64 61 44 41 64 62 43 41 64 63 42 41 64 64 41 41 64 65 40 41 64 66 39 41 64 67 38 41 64 68 37 41 64 69 36 41 64 70 35 41 64 71 34 41 64 72 33 41 65 34 72 41 65 35 71 41 65 36 70 41 65 37 69 41 65 38 68 41 65 39 67 41 65 40 66 41 65 41 65 41 65 42 64 41 65 43 63 41 65 44 62 41 65 45 61 41 65 46 60 41 65 47 59 41 65 48 58 41 65 49 57 41 65 50 56 41 65 51 55 41 65 52 54 41 65 53 53 41 65 54 52 41 65 55 51 41 65 56 50 41 65 57 49 41 65 58 48 41 65 59 47 41 65 60 46 41 65 61 45 41 65 62 44 41 65 63 43 41 65 64 42 41 65 65 41 41 65 66 40 41 65 67 39 41 65 68 38 41 65 69 37 41 65 70 36 41 65 71 35 41 65 72 34 41 66 35 72 41 66 36 71 41 66 37 70 41 66 38 69 41 66 39 68 41 66 40 67 41 66 41 66 41 66 42 65 41 66 43 64 41 66 44 63 41 66 45 62 41 66 46 61 41 66 47 60 41 66 48 59 41 66 49 58 41 66 50 57 41 66 51 56 41 66 52 55 41 66 53 54 41 66 54 53 41 66 55 52 41 66 56 51 41 66 57 50 41 66 58 49 41 66 59 48 41 66 60 47 41 66 61 46 41 66 62 45 41 66 63 44 41 66 64 43 41 66 65 42 41 66 66 41 41 66 67 40 41 66 68 39 41 66 69 38 41 66 70 37 41 66 71 36 41 66 72 35 41 67 36 72 41 67 37 71 41 67 38 70 41 67 39 69 41 67 40 68 41 67 41 67 41 67 42 66 41 67 43 65 41 67 44 64 41 67 45 63 41 67 46 62 41 67 47 61 41 67 48 60 41 67 49 59 41 67 50 58 41 67 51 57 41 67 52 56 41 67 53 55 41 67 54 54 41 67 55 53 41 67 56 52 41 67 57 51 41 67 58 50 41 67 59 49 41 67 60 48 41 67 61 47 41 67 62 46 41 67 63 45 41 67 64 44 41 67 65 43 41 67 66 42 41 67 67 41 41 67 68 40 41 67 69 39 41 67 70 38 41 67 71 37 41 67 72 36 41 68 37 72 41 68 38 71 41 68 39 70 41 68 40 69 41 68 41 68 41 68 42 67 41 68 43 66 41 68 44 65 41 68 45 64 41 68 46 63 41 68 47 62 41 68 48 61 41 68 49 60 41 68 50 59 41 68 51 58 41 68 52 57 41 68 53 56 41 68 54 55 41 68 55 54 41 68 56 53 41 68 57 52 41 68 58 51 41 68 59 50 41 68 60 49 41 68 61 48 41 68 62 47 41 68 63 46 41 68 64 45 41 68 65 44 41 68 66 43 41 68 67 42 41 68 68 41 41 68 69 40 41 68 70 39 41 68 71 38 41 68 72 37 41 69 38 72 41 69 39 71 41 69 40 70 41 69 41 69 41 69 42 68 41 69 43 67 41 69 44 66 41 69 45 65 41 69 46 64 41 69 47 63 41 69 48 62 41 69 49 61 41 69 50 60 41 69 51 59 41 69 52 58 41 69 53 57 41 69 54 56 41 69 55 55 41 69 56 54 41 69 57 53 41 69 58 52 41 69 59 51 41 69 60 50 41 69 61 49 41 69 62 48 41 69 63 47 41 69 64 46 41 69 65 45 41 69 66 44 41 69 67 43 41 69 68 42 41 69 69 41 41 69 70 40 41 69 71 39 41 69 72 38 41 70 39 72 41 70 40 71 41 70 41 70 41 70 42 69 41 70 43 68 41 70 44 67 41 70 45 66 41 70 46 65 41 70 47 64 41 70 48 63 41 70 49 62 41 70 50 61 41 70 51 60 41 70 52 59 41 70 53 58 41 70 54 57 41 70 55 56 41 70 56 55 41 70 57 54 41 70 58 53 41 70 59 52 41 70 60 51 41 70 61 50 41 70 62 49 41 70 63 48 41 70 64 47 41 70 65 46 41 70 66 45 41 70 67 44 41 70 68 43 41 70 69 42 41 70 70 41 41 70 71 40 41 70 72 39 41 71 40 72 41 71 41 71 41 71 42 70 41 71 43 69 41 71 44 68 41 71 45 67 41 71 46 66 41 71 47 65 41 71 48 64 41 71 49 63 41 71 50 62 41 71 51 61 41 71 52 60 41 71 53 59 41 71 54 58 41 71 55 57 41 71 56 56 41 71 57 55 41 71 58 54 41 71 59 53 41 71 60 52 41 71 61 51 41 71 62 50 41 71 63 49 41 71 64 48 41 71 65 47 41 71 66 46 41 71 67 45 41 71 68 44 41 71 69 43 41 71 70 42 41 71 71 41 41 71 72 40 41 72 41 72 41 72 42 71 41 72 43 70 41 72 44 69 41 72 45 68 41 72 46 67 41 72 47 66 41 72 48 65 41 72 49 64 41 72 50 63 41 72 51 62 41 72 52 61 41 72 53 60 41 72 54 59 41 72 55 58 41 72 56 57 41 72 57 56 41 72 58 55 41 72 59 54 41 72 60 53 41 72 61 52 41 72 62 51 41 72 63 50 41 72 64 49 41 72 65 48 41 72 66 47 41 72 67 46 41 72 68 45 41 72 69 44 41 72 70 43 41 72 71 42 41 72 72 41 































