



















20 0 0 20 20 0 1 18 20 0 2 16 20 0 3 15 20 0 4 13 20 0 5 11 20 0 7 8 20 0 8 7 20 0 11 5 20 0 13 4 20 0 15 3 20 0 16 2 20 0 18 1 20 0 20 0 20 1 0 22 20 1 1 20 20 1 3 17 20 1 4 15 20 1 5 13 20 1 6 11 20 1 7 10 20 1 8 9 20 1 9 8 20 1 10 7 20 1 11 6 20 1 13 5 20 1 15 4 20 1 17 3 20 1 20 1 20 1 22 0 20 2 0 24 20 2 1 22 20 2 2 20 20 2 3 19 20 2 4 17 20 2 5 15 20 2 6 13 20 2 9 10 20 2 10 9 20 2 13 6 20 2 15 5 20 2 17 4 20 2 19 3 20 2 20 2 20 2 22 1 20 2 24 0 20 3 0 25 20 3 1 23 20 3 2 21 20 3 3 20 20 3 5 16 20 3 7 13 20 3 10 10 20 3 13 7 20 3 16 5 20 3 20 3 20 3 21 2 20 3 23 1 20 3 25 0 20 4 0 27 20 4 1 25 20 4 2 23 20 4 3 22 20 4 4 20 20 4 5 18 20 4 6 16 20 4 7 15 20 4 9 13 20 4 10 12 20 4 12 10 20 4 13 9 20 4 15 7 20 4 16 6 20 4 18 5 20 4 20 4 20 4 22 3 20 4 23 2 20 4 25 1 20 4 27 0 20 5 0 29 20 5 1 27 20 5 2 25 20 5 3 24 20 5 4 22 20 5 5 20 20 5 7 17 20 5 8 16 20 5 9 15 20 5 10 14 20 5 11 13 20 5 13 11 20 5 14 10 20 5 15 9 20 5 16 8 20 5 17 7 20 5 20 5 20 5 22 4 20 5 24 3 20 5 25 2 20 5 27 1 20 5 29 0 20 6 0 31 20 6 1 29 20 6 3 26 20 6 4 24 20 6 5 22 20 6 6 20 20 6 7 19 20 6 9 17 20 6 10 16 20 6 11 15 20 6 13 13 20 6 15 11 20 6 16 10 20 6 17 9 20 6 19 7 20 6 20 6 20 6 22 5 20 6 24 4 20 6 26 3 20 6 29 1 20 6 31 0 20 7 0 32 20 7 1 30 20 7 2 28 20 7 3 27 20 7 4 25 20 7 5 23 20 7 6 21 20 7 7 20 20 7 8 19 20 7 10 17 20 7 11 16 20 7 12 15 20 7 13 14 20 7 14 13 20 7 15 12 20 7 16 11 20 7 17 10 20 7 19 8 20 7 20 7 20 7 21 6 20 7 23 5 20 7 25 4 20 7 27 3 20 7 28 2 20 7 30 1 20 7 32 0 20 8 1 31 20 8 3 28 20 8 4 26 20 8 5 24 20 8 7 21 20 8 8 20 20 8 9 19 20 8 12 16 20 8 13 15 20 8 15 13 20 8 16 12 20 8 19 9 20 8 20 8 20 8 21 7 20 8 24 5 20 8 26 4 20 8 28 3 20 8 31 1 20 9 0 34 20 9 1 32 20 9 3 29 20 9 5 25 20 9 6 23 20 9 7 22 20 9 8 21 20 9 9 20 20 9 10 19 20 9 11 18 20 9 13 16 20 9 16 13 20 9 18 11 20 9 19 10 20 9 20 9 20 9 21 8 20 9 22 7 20 9 23 6 20 9 25 5 20 9 29 3 20 9 32 1 20 9 34 0 20 10 0 35 20 10 1 33 20 10 2 31 20 10 3 30 20 10 4 28 20 10 5 26 20 10 6 24 20 10 7 23 20 10 8 22 20 10 9 21 20 10 10 20 20 10 11 19 20 10 12 18 20 10 13 17 20 10 14 16 20 10 15 15 20 10 16 14 20 10 17 13 20 10 18 12 20 10 19 11 20 10 20 10 20 10 21 9 20 10 22 8 20 10 23 7 20 10 24 6 20 10 26 5 20 10 28 4 20 10 30 3 20 10 31 2 20 10 33 1 20 10 35 0 20 11 0 36 20 11 1 34 20 11 2 32 20 11 3 31 20 11 4 29 20 11 5 27 20 11 6 25 20 11 7 24 20 11 8 23 20 11 9 22 20 11 10 21 20 11 11 20 20 11 12 19 20 11 13 18 20 11 14 17 20 11 15 16 20 11 16 15 20 11 17 14 20 11 18 13 20 11 19 12 20 11 20 11 20 11 21 10 20 11 22 9 20 11 23 8 20 11 24 7 20 11 25 6 20 11 27 5 20 11 29 4 20 11 31 3 20 11 32 2 20 11 34 1 20 11 36 0 20 12 0 37 20 12 1 35 20 12 4 30 20 12 5 28 20 12 6 26 20 12 7 25 20 12 8 24 20 12 10 22 20 12 12 20 20 12 13 19 20 12 15 17 20 12 17 15 20 12 19 13 20 12 20 12 20 12 22 10 20 12 24 8 20 12 25 7 20 12 26 6 20 12 28 5 20 12 30 4 20 12 35 1 20 12 37 0 20 13 0 38 20 13 1 36 20 13 2 34 20 13 3 33 20 13 4 31 20 13 5 29 20 13 6 27 20 13 7 26 20 13 8 25 20 13 9 24 20 13 10 23 20 13 11 22 20 13 12 21 20 13 13 20 20 13 14 19 20 13 15 18 20 13 16 17 20 13 17 16 20 13 18 15 20 13 19 14 20 13 20 13 20 13 21 12 20 13 22 11 20 13 23 10 20 13 24 9 20 13 25 8 20 13 26 7 20 13 27 6 20 13 29 5 20 13 31 4 20 13 33 3 20 13 34 2 20 13 36 1 20 13 38 0 20 14 0 39 20 14 1 37 20 14 2 35 20 14 3 34 20 14 4 32 20 14 5 30 20 14 6 28 20 14 7 27 20 14 8 26 20 14 9 25 20 14 10 24 20 14 11 23 20 14 13 21 20 14 14 20 20 14 15 19 20 14 16 18 20 14 17 17 20 14 18 16 20 14 19 15 20 14 20 14 20 14 21 13 20 14 23 11 20 14 24 10 20 14 25 9 20 14 26 8 20 14 27 7 20 14 28 6 20 14 30 5 20 14 32 4 20 14 34 3 20 14 35 2 20 14 37 1 20 14 39 0 20 15 0 40 20 15 1 38 20 15 2 36 20 15 3 35 20 15 4 33 20 15 5 31 20 15 6 29 20 15 7 28 20 15 8 27 20 15 9 26 20 15 10 25 20 15 11 24 20 15 12 23 20 15 13 22 20 15 14 21 20 15 15 20 20 15 16 19 20 15 17 18 20 15 18 17 20 15 19 16 20 15 20 15 20 15 21 14 20 15 22 13 20 15 23 12 20 15 24 11 20 15 25 10 20 15 26 9 20 15 27 8 20 15 28 7 20 15 29 6 20 15 31 5 20 15 33 4 20 15 35 3 20 15 36 2 20 15 38 1 20 15 40 0 20 16 1 39 20 16 2 37 20 16 3 36 20 16 4 34 20 16 5 32 20 16 6 30 20 16 7 29 20 16 8 28 20 16 9 27 20 16 10 26 20 16 11 25 20 16 12 24 20 16 13 23 20 16 14 22 20 16 15 21 20 16 16 20 20 16 17 19 20 16 19 17 20 16 20 16 20 16 21 15 20 16 22 14 20 16 23 13 20 16 24 12 20 16 25 11 20 16 26 10 20 16 27 9 20 16 28 8 20 16 29 7 20 16 30 6 20 16 32 5 20 16 34 4 20 16 36 3 20 16 37 2 20 16 39 1 20 17 0 42 20 17 1 40 20 17 3 37 20 17 4 35 20 17 5 33 20 17 6 31 20 17 7 30 20 17 8 29 20 17 9 28 20 17 10 27 20 17 11 26 20 17 12 25 20 17 13 24 20 17 14 23 20 17 15 22 20 17 16 21 20 17 17 20 20 17 18 19 20 17 19 18 20 17 20 17 20 17 21 16 20 17 22 15 20 17 23 14 20 17 24 13 20 17 25 12 20 17 26 11 20 17 27 10 20 17 28 9 20 17 29 8 20 17 30 7 20 17 31 6 20 17 33 5 20 17 35 4 20 17 37 3 20 17 40 1 20 17 42 0 20 18 1 41 20 18 2 39 20 18 3 38 20 18 4 36 20 18 5 34 20 18 6 32 20 18 7 31 20 18 9 29 20 18 10 28 20 18 12 26 20 18 13 25 20 18 14 24 20 18 15 23 20 18 16 22 20 18 17 21 20 18 18 20 20 18 19 19 20 18 20 18 20 18 21 17 20 18 22 16 20 18 23 15 20 18 24 14 20 18 25 13 20 18 26 12 20 18 28 10 20 18 29 9 20 18 31 7 20 18 32 6 20 18 34 5 20 18 36 4 20 18 38 3 20 18 39 2 20 18 41 1 20 19 0 44 20 19 1 42 20 19 2 40 20 19 3 39 20 19 4 37 20 19 5 35 20 19 6 33 20 19 7 32 20 19 8 31 20 19 9 30 20 19 10 29 20 19 11 28 20 19 12 27 20 19 13 26 20 19 14 25 20 19 15 24 20 19 16 23 20 19 17 22 20 19 18 21 20 19 19 20 20 19 20 19 20 19 21 18 20 19 22 17 20 19 23 16 20 19 24 15 20 19 25 14 20 19 26 13 20 19 27 12 20 19 28 11 20 19 29 10 20 19 30 9 20 19 31 8 20 19 32 7 20 19 33 6 20 19 35 5 20 19 37 4 20 19 39 3 20 19 40 2 20 19 42 1 20 19 44 0 20 20 0 45 20 20 4 38 20 20 5 36 20 20 6 34 20 20 7 33 20 20 9 31 20 20 10 30 20 20 11 29 20 20 13 27 20 20 14 26 20 20 15 25 20 20 16 24 20 20 17 23 20 20 18 22 20 20 19 21 20 20 20 20 20 20 21 19 20 20 22 18 20 20 23 17 20 20 24 16 20 20 25 15 20 20 26 14 20 20 27 13 20 20 29 11 20 20 30 10 20 20 31 9 20 20 33 7 20 20 34 6 20 20 36 5 20 20 38 4 20 20 45 0 20 21 0 46 20 21 1 44 20 21 2 42 20 21 3 41 20 21 4 39 20 21 5 37 20 21 6 35 20 21 7 34 20 21 8 33 20 21 9 32 20 21 10 31 20 21 11 30 20 21 12 29 20 21 13 28 20 21 14 27 20 21 15 26 20 21 16 25 20 21 17 24 20 21 18 23 20 21 19 22 20 21 20 21 20 21 21 20 20 21 22 19 20 21 23 18 20 21 24 17 20 21 25 16 20 21 26 15 20 21 27 14 20 21 28 13 20 21 29 12 20 21 30 11 20 21 31 10 20 21 32 9 20 21 33 8 20 21 34 7 20 21 35 6 20 21 37 5 20 21 39 4 20 21 41 3 20 21 42 2 20 21 44 1 20 21 46 0 20 22 0 47 20 22 1 45 20 22 2 43 20 22 3 42 20 22 4 40 20 22 5 38 20 22 6 36 20 22 7 35 20 22 8 34 20 22 9 33 20 22 10 32 20 22 11 31 20 22 12 30 20 22 13 29 20 22 14 28 20 22 15 27 20 22 16 26 20 22 17 25 20 22 18 24 20 22 19 23 20 22 20 22 20 22 21 21 20 22 22 20 20 22 23 19 20 22 24 18 20 22 25 17 20 22 26 16 20 22 27 15 20 22 28 14 20 22 29 13 20 22 30 12 20 22 31 11 20 22 32 10 20 22 33 9 20 22 34 8 20 22 35 7 20 22 36 6 20 22 38 5 20 22 40 4 20 22 42 3 20 22 43 2 20 22 45 1 20 22 47 0 20 23 0 48 20 23 1 46 20 23 2 44 20 23 3 43 20 23 4 41 20 23 5 39 20 23 6 37 20 23 7 36 20 23 8 35 20 23 9 34 20 23 10 33 20 23 11 32 20 23 12 31 20 23 13 30 20 23 14 29 20 23 15 28 20 23 16 27 20 23 17 26 20 23 18 25 20 23 19 24 20 23 20 23 20 23 21 22 20 23 22 21 20 23 23 20 20 23 24 19 20 23 25 18 20 23 26 17 20 23 27 16 20 23 28 15 20 23 29 14 20 23 30 13 20 23 31 12 20 23 32 11 20 23 33 10 20 23 34 9 20 23 35 8 20 23 36 7 20 23 37 6 20 23 39 5 20 23 41 4 20 23 43 3 20 23 44 2 20 23 46 1 20 23 48 0 20 24 0 49 20 24 1 47 20 24 2 45 20 24 3 44 20 24 4 42 20 24 5 40 20 24 6 38 20 24 7 37 20 24 8 36 20 24 9 35 20 24 10 34 20 24 12 32 20 24 13 31 20 24 14 30 20 24 15 29 20 24 16 28 20 24 17 27 20 24 18 26 20 24 19 25 20 24 20 24 20 24 21 23 20 24 22 22 20 24 23 21 20 24 24 20 20 24 25 19 20 24 26 18 20 24 27 17 20 24 28 16 20 24 29 15 20 24 30 14 20 24 31 13 20 24 32 12 20 24 34 10 20 24 35 9 20 24 36 8 20 24 37 7 20 24 38 6 20 24 40 5 20 24 42 4 20 24 44 3 20 24 45 2 20 24 47 1 20 24 49 0 20 25 0 50 20 25 1 48 20 25 2 46 20 25 3 45 20 25 4 43 20 25 5 41 20 25 6 39 20 25 7 38 20 25 8 37 20 25 9 36 20 25 10 35 20 25 11 34 20 25 12 33 20 25 13 32 20 25 14 31 20 25 15 30 20 25 16 29 20 25 17 28 20 25 18 27 20 25 19 26 20 25 20 25 20 25 21 24 20 25 22 23 20 25 23 22 20 25 24 21 20 25 25 20 20 25 26 19 20 25 27 18 20 25 28 17 20 25 29 16 20 25 30 15 20 25 31 14 20 25 32 13 20 25 33 12 20 25 34 11 20 25 35 10 20 25 36 9 20 25 37 8 20 25 38 7 20 25 39 6 20 25 41 5 20 25 43 4 20 25 45 3 20 25 46 2 20 25 48 1 20 25 50 0 20 26 0 51 20 26 1 49 20 26 2 47 20 26 3 46 20 26 4 44 20 26 5 42 20 26 6 40 20 26 7 39 20 26 8 38 20 26 9 37 20 26 10 36 20 26 11 35 20 26 12 34 20 26 13 33 20 26 14 32 20 26 15 31 20 26 16 30 20 26 17 29 20 26 18 28 20 26 19 27 20 26 20 26 20 26 21 25 20 26 22 24 20 26 23 23 20 26 24 22 20 26 25 21 20 26 26 20 20 26 27 19 20 26 28 18 20 26 29 17 20 26 30 16 20 26 31 15 20 26 32 14 20 26 33 13 20 26 34 12 20 26 35 11 20 26 36 10 20 26 37 9 20 26 38 8 20 26 39 7 20 26 40 6 20 26 42 5 20 26 44 4 20 26 46 3 20 26 47 2 20 26 49 1 20 26 51 0 20 27 0 52 20 27 1 50 20 27 2 48 20 27 3 47 20 27 4 45 20 27 5 43 20 27 6 41 20 27 7 40 20 27 8 39 20 27 9 38 20 27 10 37 20 27 11 36 20 27 12 35 20 27 13 34 20 27 14 33 20 27 15 32 20 27 16 31 20 27 17 30 20 27 18 29 20 27 19 28 20 27 20 27 20 27 21 26 20 27 22 25 20 27 23 24 20 27 24 23 20 27 25 22 20 27 26 21 20 27 27 20 20 27 28 19 20 27 29 18 20 27 30 17 20 27 31 16 20 27 32 15 20 27 33 14 20 27 34 13 20 27 35 12 20 27 36 11 20 27 37 10 20 27 38 9 20 27 39 8 20 27 40 7 20 27 41 6 20 27 43 5 20 27 45 4 20 27 47 3 20 27 48 2 20 27 50 1 20 27 52 0 20 28 0 53 20 28 1 51 20 28 2 49 20 28 3 48 20 28 4 46 20 28 5 44 20 28 6 42 20 28 7 41 20 28 8 40 20 28 9 39 20 28 10 38 20 28 11 37 20 28 12 36 20 28 13 35 20 28 14 34 20 28 15 33 20 28 16 32 20 28 17 31 20 28 18 30 20 28 19 29 20 28 20 28 20 28 21 27 20 28 22 26 20 28 23 25 20 28 24 24 20 28 25 23 20 28 26 22 20 28 27 21 20 28 28 20 20 28 29 19 20 28 30 18 20 28 31 17 20 28 32 16 20 28 33 15 20 28 34 14 20 28 35 13 20 28 36 12 20 28 37 11 20 28 38 10 20 28 39 9 20 28 40 8 20 28 41 7 20 28 42 6 20 28 44 5 20 28 46 4 20 28 48 3 20 28 49 2 20 28 51 1 20 28 53 0 20 29 1 52 20 29 2 50 20 29 3 49 20 29 4 47 20 29 5 45 20 29 6 43 20 29 7 42 20 29 8 41 20 29 9 40 20 29 10 39 20 29 11 38 20 29 12 37 20 29 13 36 20 29 14 35 20 29 15 34 20 29 16 33 20 29 17 32 20 29 18 31 20 29 19 30 20 29 20 29 20 29 21 28 20 29 22 27 20 29 23 26 20 29 24 25 20 29 25 24 20 29 26 23 20 29 27 22 20 29 28 21 20 29 29 20 20 29 30 19 20 29 31 18 20 29 32 17 20 29 33 16 20 29 34 15 20 29 35 14 20 29 36 13 20 29 37 12 20 29 38 11 20 29 39 10 20 29 40 9 20 29 41 8 20 29 42 7 20 29 43 6 20 29 45 5 20 29 47 4 20 29 49 3 20 29 50 2 20 29 52 1 20 30 1 53 20 30 2 51 20 30 3 50 20 30 4 48 20 30 5 46 20 30 6 44 20 30 7 43 20 30 8 42 20 30 10 40 20 30 12 38 20 30 13 37 20 30 14 36 20 30 15 35 20 30 16 34 20 30 17 33 20 30 18 32 20 30 19 31 20 30 20 30 20 30 21 29 20 30 22 28 20 30 23 27 20 30 24 26 20 30 25 25 20 30 26 24 20 30 27 23 20 30 28 22 20 30 29 21 20 30 30 20 20 30 31 19 20 30 32 18 20 30 33 17 20 30 34 16 20 30 35 15 20 30 36 14 20 30 37 13 20 30 38 12 20 30 40 10 20 30 42 8 20 30 43 7 20 30 44 6 20 30 46 5 20 30 48 4 20 30 50 3 20 30 51 2 20 30 53 1 20 31 1 54 20 31 2 52 20 31 3 51 20 31 4 49 20 31 5 47 20 31 6 45 20 31 7 44 20 31 8 43 20 31 9 42 20 31 10 41 20 31 11 40 20 31 12 39 20 31 13 38 20 31 14 37 20 31 15 36 20 31 16 35 20 31 17 34 20 31 18 33 20 31 19 32 20 31 20 31 20 31 21 30 20 31 22 29 20 31 23 28 20 31 24 27 20 31 25 26 20 31 26 25 20 31 27 24 20 31 28 23 20 31 29 22 20 31 30 21 20 31 31 20 20 31 32 19 20 31 33 18 20 31 34 17 20 31 35 16 20 31 36 15 20 31 37 14 20 31 38 13 20 31 39 12 20 31 40 11 20 31 41 10 20 31 42 9 20 31 43 8 20 31 44 7 20 31 45 6 20 31 47 5 20 31 49 4 20 31 51 3 20 31 52 2 20 31 54 1 20 32 1 55 20 32 3 52 20 32 4 50 20 32 5 48 20 32 6 46 20 32 7 45 20 32 8 44 20 32 9 43 20 32 10 42 20 32 12 40 20 32 13 39 20 32 15 37 20 32 16 36 20 32 17 35 20 32 18 34 20 32 19 33 20 32 20 32 20 32 21 31 20 32 22 30 20 32 23 29 20 32 24 28 20 32 25 27 20 32 26 26 20 32 27 25 20 32 28 24 20 32 29 23 20 32 30 22 20 32 31 21 20 32 32 20 20 32 33 19 20 32 34 18 20 32 35 17 20 32 36 16 20 32 37 15 20 32 39 13 20 32 40 12 20 32 42 10 20 32 43 9 20 32 44 8 20 32 45 7 20 32 46 6 20 32 48 5 20 32 50 4 20 32 52 3 20 32 55 1 20 33 1 56 20 33 2 54 20 33 3 53 20 33 4 51 20 33 5 49 20 33 6 47 20 33 7 46 20 33 8 45 20 33 9 44 20 33 10 43 20 33 11 42 20 33 13 40 20 33 14 39 20 33 15 38 20 33 16 37 20 33 17 36 20 33 18 35 20 33 19 34 20 33 20 33 20 33 21 32 20 33 22 31 20 33 23 30 20 33 24 29 20 33 25 28 20 33 26 27 20 33 27 26 20 33 28 25 20 33 29 24 20 33 30 23 20 33 31 22 20 33 32 21 20 33 33 20 20 33 34 19 20 33 35 18 20 33 36 17 20 33 37 16 20 33 38 15 20 33 39 14 20 33 40 13 20 33 42 11 20 33 43 10 20 33 44 9 20 33 45 8 20 33 46 7 20 33 47 6 20 33 49 5 20 33 51 4 20 33 53 3 20 33 54 2 20 33 56 1 20 34 1 57 20 34 2 55 20 34 3 54 20 34 4 52 20 34 5 50 20 34 6 48 20 34 7 47 20 34 8 46 20 34 9 45 20 34 10 44 20 34 11 43 20 34 12 42 20 34 13 41 20 34 14 40 20 34 15 39 20 34 16 38 20 34 17 37 20 34 18 36 20 34 19 35 20 34 20 34 20 34 21 33 20 34 22 32 20 34 23 31 20 34 24 30 20 34 25 29 20 34 26 28 20 34 27 27 20 34 28 26 20 34 29 25 20 34 30 24 20 34 31 23 20 34 32 22 20 34 33 21 20 34 34 20 20 34 35 19 20 34 36 18 20 34 37 17 20 34 38 16 20 34 39 15 20 34 40 14 20 34 41 13 20 34 42 12 20 34 43 11 20 34 44 10 20 34 45 9 20 34 46 8 20 34 47 7 20 34 48 6 20 34 50 5 20 34 52 4 20 34 54 3 20 34 55 2 20 34 57 1 20 35 1 58 20 35 2 56 20 35 3 55 20 35 4 53 20 35 5 51 20 35 6 49 20 35 7 48 20 35 8 47 20 35 9 46 20 35 10 45 20 35 11 44 20 35 12 43 20 35 13 42 20 35 14 41 20 35 15 40 20 35 16 39 20 35 17 38 20 35 18 37 20 35 19 36 20 35 20 35 20 35 21 34 20 35 22 33 20 35 23 32 20 35 24 31 20 35 25 30 20 35 26 29 20 35 27 28 20 35 28 27 20 35 29 26 20 35 30 25 20 35 31 24 20 35 32 23 20 35 33 22 20 35 34 21 20 35 35 20 20 35 36 19 20 35 37 18 20 35 38 17 20 35 39 16 20 35 40 15 20 35 41 14 20 35 42 13 20 35 43 12 20 35 44 11 20 35 45 10 20 35 46 9 20 35 47 8 20 35 48 7 20 35 49 6 20 35 51 5 20 35 53 4 20 35 55 3 20 35 56 2 20 35 58 1 20 36 1 59 20 36 2 57 20 36 3 56 20 36 4 54 20 36 5 52 20 36 6 50 20 36 7 49 20 36 8 48 20 36 9 47 20 36 10 46 20 36 11 45 20 36 12 44 20 36 13 43 20 36 14 42 20 36 15 41 20 36 16 40 20 36 17 39 20 36 18 38 20 36 19 37 20 36 20 36 20 36 21 35 20 36 22 34 20 36 23 33 20 36 24 32 20 36 25 31 20 36 26 30 20 36 27 29 20 36 28 28 20 36 29 27 20 36 30 26 20 36 31 25 20 36 32 24 20 36 33 23 20 36 34 22 20 36 35 21 20 36 36 20 20 36 37 19 20 36 38 18 20 36 39 17 20 36 40 16 20 36 41 15 20 36 42 14 20 36 43 13 20 36 44 12 20 36 45 11 20 36 46 10 20 36 47 9 20 36 48 8 20 36 49 7 20 36 50 6 20 36 52 5 20 36 54 4 20 36 56 3 20 36 57 2 20 36 59 1 20 37 1 60 20 37 2 58 20 37 3 57 20 37 4 55 20 37 5 53 20 37 6 51 20 37 7 50 20 37 8 49 20 37 9 48 20 37 10 47 20 37 11 46 20 37 12 45 20 37 13 44 20 37 14 43 20 37 15 42 20 37 16 41 20 37 17 40 20 37 18 39 20 37 19 38 20 37 20 37 20 37 21 36 20 37 22 35 20 37 23 34 20 37 24 33 20 37 25 32 20 37 26 31 20 37 27 30 20 37 28 29 20 37 29 28 20 37 30 27 20 37 31 26 20 37 32 25 20 37 33 24 20 37 34 23 20 37 35 22 20 37 36 21 20 37 37 20 20 37 38 19 20 37 39 18 20 37 40 17 20 37 41 16 20 37 42 15 20 37 43 14 20 37 44 13 20 37 45 12 20 37 46 11 20 37 47 10 20 37 48 9 20 37 49 8 20 37 50 7 20 37 51 6 20 37 53 5 20 37 55 4 20 37 57 3 20 37 58 2 20 37 60 1 20 38 1 61 20 38 2 59 20 38 3 58 20 38 5 54 20 38 6 52 20 38 7 51 20 38 8 50 20 38 9 49 20 38 10 48 20 38 11 47 20 38 12 46 20 38 13 45 20 38 14 44 20 38 15 43 20 38 16 42 20 38 17 41 20 38 18 40 20 38 19 39 20 38 20 38 20 38 21 37 20 38 22 36 20 38 23 35 20 38 24 34 20 38 25 33 20 38 26 32 20 38 27 31 20 38 28 30 20 38 29 29 20 38 30 28 20 38 31 27 20 38 32 26 20 38 33 25 20 38 34 24 20 38 35 23 20 38 36 22 20 38 37 21 20 38 38 20 20 38 39 19 20 38 40 18 20 38 41 17 20 38 42 16 20 38 43 15 20 38 44 14 20 38 45 13 20 38 46 12 20 38 47 11 20 38 48 10 20 38 49 9 20 38 50 8 20 38 51 7 20 38 52 6 20 38 54 5 20 38 58 3 20 38 59 2 20 38 61 1 20 39 1 62 20 39 2 60 20 39 3 59 20 39 4 57 20 39 5 55 20 39 6 53 20 39 7 52 20 39 8 51 20 39 9 50 20 39 10 49 20 39 11 48 20 39 12 47 20 39 13 46 20 39 14 45 20 39 15 44 20 39 16 43 20 39 17 42 20 39 18 41 20 39 19 40 20 39 20 39 20 39 21 38 20 39 22 37 20 39 23 36 20 39 24 35 20 39 25 34 20 39 26 33 20 39 27 32 20 39 28 31 20 39 29 30 20 39 30 29 20 39 31 28 20 39 32 27 20 39 33 26 20 39 34 25 20 39 35 24 20 39 36 23 20 39 37 22 20 39 38 21 20 39 39 20 20 39 40 19 20 39 41 18 20 39 42 17 20 39 43 16 20 39 44 15 20 39 45 14 20 39 46 13 20 39 47 12 20 39 48 11 20 39 49 10 20 39 50 9 20 39 51 8 20 39 52 7 20 39 53 6 20 39 55 5 20 39 57 4 20 39 59 3 20 39 60 2 20 39 62 1 20 40 1 63 20 40 2 61 20 40 3 60 20 40 4 58 20 40 5 56 20 40 6 54 20 40 7 53 20 40 8 52 20 40 9 51 20 40 10 50 20 40 11 49 20 40 12 48 20 40 13 47 20 40 14 46 20 40 15 45 20 40 16 44 20 40 17 43 20 40 18 42 20 40 19 41 20 40 20 40 20 40 21 39 20 40 22 38 20 40 23 37 20 40 24 36 20 40 25 35 20 40 26 34 20 40 27 33 20 40 28 32 20 40 29 31 20 40 30 30 20 40 31 29 20 40 32 28 20 40 33 27 20 40 34 26 20 40 35 25 20 40 36 24 20 40 37 23 20 40 38 22 20 40 39 21 20 40 40 20 20 40 41 19 20 40 42 18 20 40 43 17 20 40 44 16 20 40 45 15 20 40 46 14 20 40 47 13 20 40 48 12 20 40 49 11 20 40 50 10 20 40 51 9 20 40 52 8 20 40 53 7 20 40 54 6 20 40 56 5 20 40 58 4 20 40 60 3 20 40 61 2 20 40 63 1 20 41 1 64 20 41 2 62 20 41 3 61 20 41 4 59 20 41 5 57 20 41 6 55 20 41 7 54 20 41 8 53 20 41 9 52 20 41 10 51 20 41 11 50 20 41 12 49 20 41 13 48 20 41 14 47 20 41 15 46 20 41 16 45 20 41 17 44 20 41 18 43 20 41 19 42 20 41 20 41 20 41 21 40 20 41 22 39 20 41 23 38 20 41 24 37 20 41 25 36 20 41 26 35 20 41 27 34 20 41 28 33 20 41 29 32 20 41 30 31 20 41 31 30 20 41 32 29 20 41 33 28 20 41 34 27 20 41 35 26 20 41 36 25 20 41 37 24 20 41 38 23 20 41 39 22 20 41 40 21 20 41 41 20 20 41 42 19 20 41 43 18 20 41 44 17 20 41 45 16 20 41 46 15 20 41 47 14 20 41 48 13 20 41 49 12 20 41 50 11 20 41 51 10 20 41 52 9 20 41 53 8 20 41 54 7 20 41 55 6 20 41 57 5 20 41 59 4 20 41 61 3 20 41 62 2 20 41 64 1 20 42 1 65 20 42 2 63 20 42 3 62 20 42 4 60 20 42 5 58 20 42 6 56 20 42 7 55 20 42 8 54 20 42 9 53 20 42 10 52 20 42 11 51 20 42 12 50 20 42 13 49 20 42 14 48 20 42 15 47 20 42 16 46 20 42 17 45 20 42 18 44 20 42 19 43 20 42 20 42 20 42 21 41 20 42 22 40 20 42 23 39 20 42 24 38 20 42 25 37 20 42 26 36 20 42 27 35 20 42 28 34 20 42 29 33 20 42 30 32 20 42 31 31 20 42 32 30 20 42 33 29 20 42 34 28 20 42 35 27 20 42 36 26 20 42 37 25 20 42 38 24 20 42 39 23 20 42 40 22 20 42 41 21 20 42 42 20 20 42 43 19 20 42 44 18 20 42 45 17 20 42 46 16 20 42 47 15 20 42 48 14 20 42 49 13 20 42 50 12 20 42 51 11 20 42 52 10 20 42 53 9 20 42 54 8 20 42 55 7 20 42 56 6 20 42 58 5 20 42 60 4 20 42 62 3 20 42 63 2 20 42 65 1 20 43 1 66 20 43 2 64 20 43 3 63 20 43 4 61 20 43 5 59 20 43 6 57 20 43 7 56 20 43 8 55 20 43 9 54 20 43 10 53 20 43 11 52 20 43 12 51 20 43 13 50 20 43 14 49 20 43 15 48 20 43 16 47 20 43 17 46 20 43 18 45 20 43 19 44 20 43 20 43 20 43 21 42 20 43 22 41 20 43 23 40 20 43 24 39 20 43 25 38 20 43 26 37 20 43 27 36 20 43 28 35 20 43 29 34 20 43 30 33 20 43 31 32 20 43 32 31 20 43 33 30 20 43 34 29 20 43 35 28 20 43 36 27 20 43 37 26 20 43 38 25 20 43 39 24 20 43 40 23 20 43 41 22 20 43 42 21 20 43 43 20 20 43 44 19 20 43 45 18 20 43 46 17 20 43 47 16 20 43 48 15 20 43 49 14 20 43 50 13 20 43 51 12 20 43 52 11 20 43 53 10 20 43 54 9 20 43 55 8 20 43 56 7 20 43 57 6 20 43 59 5 20 43 61 4 20 43 63 3 20 43 64 2 20 43 66 1 20 44 1 67 20 44 2 65 20 44 3 64 20 44 4 62 20 44 5 60 20 44 6 58 20 44 7 57 20 44 8 56 20 44 9 55 20 44 10 54 20 44 11 53 20 44 12 52 20 44 13 51 20 44 14 50 20 44 15 49 20 44 16 48 20 44 17 47 20 44 18 46 20 44 19 45 20 44 20 44 20 44 21 43 20 44 22 42 20 44 23 41 20 44 24 40 20 44 25 39 20 44 26 38 20 44 27 37 20 44 28 36 20 44 29 35 20 44 30 34 20 44 31 33 20 44 32 32 20 44 33 31 20 44 34 30 20 44 35 29 20 44 36 28 20 44 37 27 20 44 38 26 20 44 39 25 20 44 40 24 20 44 41 23 20 44 42 22 20 44 43 21 20 44 44 20 20 44 45 19 20 44 46 18 20 44 47 17 20 44 48 16 20 44 49 15 20 44 50 14 20 44 51 13 20 44 52 12 20 44 53 11 20 44 54 10 20 44 55 9 20 44 56 8 20 44 57 7 20 44 58 6 20 44 60 5 20 44 62 4 20 44 64 3 20 44 65 2 20 44 67 1 20 45 2 66 20 45 3 65 20 45 4 63 20 45 5 61 20 45 6 59 20 45 7 58 20 45 8 57 20 45 9 56 20 45 10 55 20 45 11 54 20 45 12 53 20 45 13 52 20 45 14 51 20 45 15 50 20 45 16 49 20 45 17 48 20 45 18 47 20 45 19 46 20 45 20 45 20 45 21 44 20 45 22 43 20 45 23 42 20 45 24 41 20 45 25 40 20 45 26 39 20 45 27 38 20 45 28 37 20 45 29 36 20 45 30 35 20 45 31 34 20 45 32 33 20 45 33 32 20 45 34 31 20 45 35 30 20 45 36 29 20 45 37 28 20 45 38 27 20 45 39 26 20 45 40 25 20 45 41 24 20 45 42 23 20 45 43 22 20 45 44 21 20 45 45 20 20 45 46 19 20 45 47 18 20 45 48 17 20 45 49 16 20 45 50 15 20 45 51 14 20 45 52 13 20 45 53 12 20 45 54 11 20 45 55 10 20 45 56 9 20 45 57 8 20 45 58 7 20 45 59 6 20 45 61 5 20 45 63 4 20 45 65 3 20 45 66 2 20 46 2 67 20 46 3 66 20 46 4 64 20 46 5 62 20 46 6 60 20 46 7 59 20 46 8 58 20 46 9 57 20 46 10 56 20 46 11 55 20 46 12 54 20 46 13 53 20 46 14 52 20 46 15 51 20 46 16 50 20 46 17 49 20 46 18 48 20 46 19 47 20 46 20 46 20 46 21 45 20 46 22 44 20 46 23 43 20 46 24 42 20 46 25 41 20 46 26 40 20 46 27 39 20 46 28 38 20 46 29 37 20 46 30 36 20 46 31 35 20 46 32 34 20 46 33 33 20 46 34 32 20 46 35 31 20 46 36 30 20 46 37 29 20 46 38 28 20 46 39 27 20 46 40 26 20 46 41 25 20 46 42 24 20 46 43 23 20 46 44 22 20 46 45 21 20 46 46 20 20 46 47 19 20 46 48 18 20 46 49 17 20 46 50 16 20 46 51 15 20 46 52 14 20 46 53 13 20 46 54 12 20 46 55 11 20 46 56 10 20 46 57 9 20 46 58 8 20 46 59 7 20 46 60 6 20 46 62 5 20 46 64 4 20 46 66 3 20 46 67 2 20 47 2 68 20 47 3 67 20 47 4 65 20 47 5 63 20 47 6 61 20 47 7 60 20 47 8 59 20 47 9 58 20 47 10 57 20 47 11 56 20 47 12 55 20 47 13 54 20 47 14 53 20 47 15 52 20 47 16 51 20 47 17 50 20 47 18 49 20 47 19 48 20 47 20 47 20 47 21 46 20 47 22 45 20 47 23 44 20 47 24 43 20 47 25 42 20 47 26 41 20 47 27 40 20 47 28 39 20 47 29 38 20 47 30 37 20 47 31 36 20 47 32 35 20 47 33 34 20 47 34 33 20 47 35 32 20 47 36 31 20 47 37 30 20 47 38 29 20 47 39 28 20 47 40 27 20 47 41 26 20 47 42 25 20 47 43 24 20 47 44 23 20 47 45 22 20 47 46 21 20 47 47 20 20 47 48 19 20 47 49 18 20 47 50 17 20 47 51 16 20 47 52 15 20 47 53 14 20 47 54 13 20 47 55 12 20 47 56 11 20 47 57 10 20 47 58 9 20 47 59 8 20 47 60 7 20 47 61 6 20 47 63 5 20 47 65 4 20 47 67 3 20 47 68 2 20 48 2 69 20 48 3 68 20 48 4 66 20 48 5 64 20 48 6 62 20 48 7 61 20 48 8 60 20 48 9 59 20 48 10 58 20 48 11 57 20 48 12 56 20 48 13 55 20 48 14 54 20 48 15 53 20 48 16 52 20 48 17 51 20 48 18 50 20 48 19 49 20 48 20 48 20 48 21 47 20 48 22 46 20 48 23 45 20 48 24 44 20 48 25 43 20 48 26 42 20 48 27 41 20 48 28 40 20 48 29 39 20 48 30 38 20 48 31 37 20 48 32 36 20 48 33 35 20 48 34 34 20 48 35 33 20 48 36 32 20 48 37 31 20 48 38 30 20 48 39 29 20 48 40 28 20 48 41 27 20 48 42 26 20 48 43 25 20 48 44 24 20 48 45 23 20 48 46 22 20 48 47 21 20 48 48 20 20 48 49 19 20 48 50 18 20 48 51 17 20 48 52 16 20 48 53 15 20 48 54 14 20 48 55 13 20 48 56 12 20 48 57 11 20 48 58 10 20 48 59 9 20 48 60 8 20 48 61 7 20 48 62 6 20 48 64 5 20 48 66 4 20 48 68 3 20 48 69 2 20 49 2 70 20 49 3 69 20 49 4 67 20 49 5 65 20 49 6 63 20 49 7 62 20 49 8 61 20 49 9 60 20 49 10 59 20 49 11 58 20 49 12 57 20 49 13 56 20 49 14 55 20 49 15 54 20 49 16 53 20 49 17 52 20 49 18 51 20 49 19 50 20 49 20 49 20 49 21 48 20 49 22 47 20 49 23 46 20 49 24 45 20 49 25 44 20 49 26 43 20 49 27 42 20 49 28 41 20 49 29 40 20 49 30 39 20 49 31 38 20 49 32 37 20 49 33 36 20 49 34 35 20 49 35 34 20 49 36 33 20 49 37 32 20 49 38 31 20 49 39 30 20 49 40 29 20 49 41 28 20 49 42 27 20 49 43 26 20 49 44 25 20 49 45 24 20 49 46 23 20 49 47 22 20 49 48 21 20 49 49 20 20 49 50 19 20 49 51 18 20 49 52 17 20 49 53 16 20 49 54 15 20 49 55 14 20 49 56 13 20 49 57 12 20 49 58 11 20 49 59 10 20 49 60 9 20 49 61 8 20 49 62 7 20 49 63 6 20 49 65 5 20 49 67 4 20 49 69 3 20 49 70 2 20 50 2 71 20 50 3 70 20 50 4 68 20 50 5 66 20 50 6 64 20 50 7 63 20 50 8 62 20 50 9 61 20 50 10 60 20 50 11 59 20 50 12 58 20 50 13 57 20 50 14 56 20 50 15 55 20 50 16 54 20 50 17 53 20 50 18 52 20 50 19 51 20 50 20 50 20 50 21 49 20 50 22 48 20 50 23 47 20 50 24 46 20 50 25 45 20 50 26 44 20 50 27 43 20 50 28 42 20 50 29 41 20 50 30 40 20 50 31 39 20 50 32 38 20 50 33 37 20 50 34 36 20 50 35 35 20 50 36 34 20 50 37 33 20 50 38 32 20 50 39 31 20 50 40 30 20 50 41 29 20 50 42 28 20 50 43 27 20 50 44 26 20 50 45 25 20 50 46 24 20 50 47 23 20 50 48 22 20 50 49 21 20 50 50 20 20 50 51 19 20 50 52 18 20 50 53 17 20 50 54 16 20 50 55 15 20 50 56 14 20 50 57 13 20 50 58 12 20 50 59 11 20 50 60 10 20 50 61 9 20 50 62 8 20 50 63 7 20 50 64 6 20 50 66 5 20 50 68 4 20 50 70 3 20 50 71 2 20 51 3 71 20 51 4 69 20 51 5 67 20 51 6 65 20 51 7 64 20 51 8 63 20 51 9 62 20 51 10 61 20 51 11 60 20 51 12 59 20 51 13 58 20 51 14 57 20 51 15 56 20 51 16 55 20 51 17 54 20 51 18 53 20 51 19 52 20 51 20 51 20 51 21 50 20 51 22 49 20 51 23 48 20 51 24 47 20 51 25 46 20 51 26 45 20 51 27 44 20 51 28 43 20 51 29 42 20 51 30 41 20 51 31 40 20 51 32 39 20 51 33 38 20 51 34 37 20 51 35 36 20 51 36 35 20 51 37 34 20 51 38 33 20 51 39 32 20 51 40 31 20 51 41 30 20 51 42 29 20 51 43 28 20 51 44 27 20 51 45 26 20 51 46 25 20 51 47 24 20 51 48 23 20 51 49 22 20 51 50 21 20 51 51 20 20 51 52 19 20 51 53 18 20 51 54 17 20 51 55 16 20 51 56 15 20 51 57 14 20 51 58 13 20 51 59 12 20 51 60 11 20 51 61 10 20 51 62 9 20 51 63 8 20 51 64 7 20 51 65 6 20 51 67 5 20 51 69 4 20 51 71 3 20 52 3 72 20 52 4 70 20 52 5 68 20 52 6 66 20 52 7 65 20 52 8 64 20 52 9 63 20 52 10 62 20 52 11 61 20 52 12 60 20 52 13 59 20 52 14 58 20 52 15 57 20 52 16 56 20 52 17 55 20 52 18 54 20 52 19 53 20 52 20 52 20 52 21 51 20 52 22 50 20 52 23 49 20 52 24 48 20 52 25 47 20 52 26 46 20 52 27 45 20 52 28 44 20 52 29 43 20 52 30 42 20 52 31 41 20 52 32 40 20 52 33 39 20 52 34 38 20 52 35 37 20 52 36 36 20 52 37 35 20 52 38 34 20 52 39 33 20 52 40 32 20 52 41 31 20 52 42 30 20 52 43 29 20 52 44 28 20 52 45 27 20 52 46 26 20 52 47 25 20 52 48 24 20 52 49 23 20 52 50 22 20 52 51 21 20 52 52 20 20 52 53 19 20 52 54 18 20 52 55 17 20 52 56 16 20 52 57 15 20 52 58 14 20 52 59 13 20 52 60 12 20 52 61 11 20 52 62 10 20 52 63 9 20 52 64 8 20 52 65 7 20 52 66 6 20 52 68 5 20 52 70 4 20 52 72 3 20 53 3 73 20 53 4 71 20 53 5 69 20 53 6 67 20 53 7 66 20 53 8 65 20 53 9 64 20 53 10 63 20 53 11 62 20 53 12 61 20 53 13 60 20 53 14 59 20 53 15 58 20 53 16 57 20 53 17 56 20 53 18 55 20 53 19 54 20 53 20 53 20 53 21 52 20 53 22 51 20 53 23 50 20 53 24 49 20 53 25 48 20 53 26 47 20 53 27 46 20 53 28 45 20 53 29 44 20 53 30 43 20 53 31 42 20 53 32 41 20 53 33 40 20 53 34 39 20 53 35 38 20 53 36 37 20 53 37 36 20 53 38 35 20 53 39 34 20 53 40 33 20 53 41 32 20 53 42 31 20 53 43 30 20 53 44 29 20 53 45 28 20 53 46 27 20 53 47 26 20 53 48 25 20 53 49 24 20 53 50 23 20 53 51 22 20 53 52 21 20 53 53 20 20 53 54 19 20 53 55 18 20 53 56 17 20 53 57 16 20 53 58 15 20 53 59 14 20 53 60 13 20 53 61 12 20 53 62 11 20 53 63 10 20 53 64 9 20 53 65 8 20 53 66 7 20 53 67 6 20 53 69 5 20 53 71 4 20 53 73 3 20 54 3 74 20 54 4 72 20 54 5 70 20 54 6 68 20 54 7 67 20 54 8 66 20 54 9 65 20 54 10 64 20 54 11 63 20 54 12 62 20 54 13 61 20 54 14 60 20 54 15 59 20 54 16 58 20 54 17 57 20 54 18 56 20 54 19 55 20 54 20 54 20 54 21 53 20 54 22 52 20 54 23 51 20 54 24 50 20 54 25 49 20 54 26 48 20 54 27 47 20 54 28 46 20 54 29 45 20 54 30 44 20 54 31 43 20 54 32 42 20 54 33 41 20 54 34 40 20 54 35 39 20 54 36 38 20 54 37 37 20 54 38 36 20 54 39 35 20 54 40 34 20 54 41 33 20 54 42 32 20 54 43 31 20 54 44 30 20 54 45 29 20 54 46 28 20 54 47 27 20 54 48 26 20 54 49 25 20 54 50 24 20 54 51 23 20 54 52 22 20 54 53 21 20 54 54 20 20 54 55 19 20 54 56 18 20 54 57 17 20 54 58 16 20 54 59 15 20 54 60 14 20 54 61 13 20 54 62 12 20 54 63 11 20 54 64 10 20 54 65 9 20 54 66 8 20 54 67 7 20 54 68 6 20 54 70 5 20 54 72 4 20 54 74 3 20 55 3 75 20 55 4 73 20 55 5 71 20 55 6 69 20 55 7 68 20 55 8 67 20 55 9 66 20 55 10 65 20 55 11 64 20 55 12 63 20 55 13 62 20 55 14 61 20 55 15 60 20 55 16 59 20 55 17 58 20 55 18 57 20 55 19 56 20 55 20 55 20 55 21 54 20 55 22 53 20 55 23 52 20 55 24 51 20 55 25 50 20 55 26 49 20 55 27 48 20 55 28 47 20 55 29 46 20 55 30 45 20 55 31 44 20 55 32 43 20 55 33 42 20 55 34 41 20 55 35 40 20 55 36 39 20 55 37 38 20 55 38 37 20 55 39 36 20 55 40 35 20 55 41 34 20 55 42 33 20 55 43 32 20 55 44 31 20 55 45 30 20 55 46 29 20 55 47 28 20 55 48 27 20 55 49 26 20 55 50 25 20 55 51 24 20 55 52 23 20 55 53 22 20 55 54 21 20 55 55 20 20 55 56 19 20 55 57 18 20 55 58 17 20 55 59 16 20 55 60 15 20 55 61 14 20 55 62 13 20 55 63 12 20 55 64 11 20 55 65 10 20 55 66 9 20 55 67 8 20 55 68 7 20 55 69 6 20 55 71 5 20 55 73 4 20 55 75 3 20 56 3 76 20 56 4 74 20 56 5 72 20 56 6 70 20 56 7 69 20 56 8 68 20 56 9 67 20 56 10 66 20 56 11 65 20 56 12 64 20 56 13 63 20 56 14 62 20 56 15 61 20 56 16 60 20 56 17 59 20 56 18 58 20 56 19 57 20 56 20 56 20 56 21 55 20 56 22 54 20 56 23 53 20 56 24 52 20 56 25 51 20 56 26 50 20 56 27 49 20 56 28 48 20 56 29 47 20 56 30 46 20 56 31 45 20 56 32 44 20 56 33 43 20 56 34 42 20 56 35 41 20 56 36 40 20 56 37 39 20 56 39 37 20 56 40 36 20 56 41 35 20 56 42 34 20 56 43 33 20 56 44 32 20 56 45 31 20 56 46 30 20 56 47 29 20 56 48 28 20 56 49 27 20 56 50 26 20 56 51 25 20 56 52 24 20 56 53 23 20 56 54 22 20 56 55 21 20 56 56 20 20 56 57 19 20 56 58 18 20 56 59 17 20 56 60 16 20 56 61 15 20 56 62 14 20 56 63 13 20 56 64 12 20 56 65 11 20 56 66 10 20 56 67 9 20 56 68 8 20 56 69 7 20 56 70 6 20 56 72 5 20 56 74 4 20 56 76 3 20 57 4 75 20 57 5 73 20 57 6 71 20 57 7 70 20 57 8 69 20 57 9 68 20 57 10 67 20 57 11 66 20 57 12 65 20 57 13 64 20 57 14 63 20 57 15 62 20 57 16 61 20 57 17 60 20 57 18 59 20 57 19 58 20 57 20 57 20 57 21 56 20 57 22 55 20 57 23 54 20 57 24 53 20 57 25 52 20 57 26 51 20 57 27 50 20 57 28 49 20 57 29 48 20 57 30 47 20 57 31 46 20 57 32 45 20 57 33 44 20 57 34 43 20 57 35 42 20 57 36 41 20 57 37 40 20 57 38 39 20 57 39 38 20 57 40 37 20 57 41 36 20 57 42 35 20 57 43 34 20 57 44 33 20 57 45 32 20 57 46 31 20 57 47 30 20 57 48 29 20 57 49 28 20 57 50 27 20 57 51 26 20 57 52 25 20 57 53 24 20 57 54 23 20 57 55 22 20 57 56 21 20 57 57 20 20 57 58 19 20 57 59 18 20 57 60 17 20 57 61 16 20 57 62 15 20 57 63 14 20 57 64 13 20 57 65 12 20 57 66 11 20 57 67 10 20 57 68 9 20 57 69 8 20 57 70 7 20 57 71 6 20 57 73 5 20 57 75 4 20 58 4 76 20 58 5 74 20 58 6 72 20 58 7 71 20 58 8 70 20 58 9 69 20 58 10 68 20 58 11 67 20 58 12 66 20 58 13 65 20 58 14 64 20 58 15 63 20 58 16 62 20 58 17 61 20 58 18 60 20 58 19 59 20 58 20 58 20 58 21 57 20 58 22 56 20 58 23 55 20 58 24 54 20 58 25 53 20 58 26 52 20 58 27 51 20 58 28 50 20 58 29 49 20 58 30 48 20 58 31 47 20 58 32 46 20 58 33 45 20 58 34 44 20 58 35 43 20 58 36 42 20 58 37 41 20 58 38 40 20 58 39 39 20 58 40 38 20 58 41 37 20 58 42 36 20 58 43 35 20 58 44 34 20 58 45 33 20 58 46 32 20 58 47 31 20 58 48 30 20 58 49 29 20 58 50 28 20 58 51 27 20 58 52 26 20 58 53 25 20 58 54 24 20 58 55 23 20 58 56 22 20 58 57 21 20 58 58 20 20 58 59 19 20 58 60 18 20 58 61 17 20 58 62 16 20 58 63 15 20 58 64 14 20 58 65 13 20 58 66 12 20 58 67 11 20 58 68 10 20 58 69 9 20 58 70 8 20 58 71 7 20 58 72 6 20 58 74 5 20 58 76 4 20 59 4 77 20 59 5 75 20 59 6 73 20 59 7 72 20 59 8 71 20 59 9 70 20 59 10 69 20 59 11 68 20 59 12 67 20 59 13 66 20 59 14 65 20 59 15 64 20 59 16 63 20 59 17 62 20 59 18 61 20 59 19 60 20 59 20 59 20 59 21 58 20 59 22 57 20 59 23 56 20 59 24 55 20 59 25 54 20 59 26 53 20 59 27 52 20 59 28 51 20 59 29 50 20 59 30 49 20 59 31 48 20 59 32 47 20 59 33 46 20 59 34 45 20 59 35 44 20 59 36 43 20 59 37 42 20 59 38 41 20 59 39 40 20 59 40 39 20 59 41 38 20 59 42 37 20 59 43 36 20 59 44 35 20 59 45 34 20 59 46 33 20 59 47 32 20 59 48 31 20 59 49 30 20 59 50 29 20 59 51 28 20 59 52 27 20 59 53 26 20 59 54 25 20 59 55 24 20 59 56 23 20 59 57 22 20 59 58 21 20 59 59 20 20 59 60 19 20 59 61 18 20 59 62 17 20 59 63 16 20 59 64 15 20 59 65 14 20 59 66 13 20 59 67 12 20 59 68 11 20 59 69 10 20 59 70 9 20 59 71 8 20 59 72 7 20 59 73 6 20 59 75 5 20 59 77 4 20 60 4 78 20 60 5 76 20 60 6 74 20 60 7 73 20 60 8 72 20 60 9 71 20 60 10 70 20 60 11 69 20 60 12 68 20 60 13 67 20 60 14 66 20 60 15 65 20 60 16 64 20 60 17 63 20 60 18 62 20 60 19 61 20 60 20 60 20 60 21 59 20 60 22 58 20 60 23 57 20 60 24 56 20 60 25 55 20 60 26 54 20 60 27 53 20 60 28 52 20 60 29 51 20 60 30 50 20 60 31 49 20 60 32 48 20 60 33 47 20 60 34 46 20 60 35 45 20 60 36 44 20 60 37 43 20 60 38 42 20 60 39 41 20 60 40 40 20 60 41 39 20 60 42 38 20 60 43 37 20 60 44 36 20 60 45 35 20 60 46 34 20 60 47 33 20 60 48 32 20 60 49 31 20 60 50 30 20 60 51 29 20 60 52 28 20 60 53 27 20 60 54 26 20 60 55 25 20 60 56 24 20 60 57 23 20 60 58 22 20 60 59 21 20 60 60 20 20 60 61 19 20 60 62 18 20 60 63 17 20 60 64 16 20 60 65 15 20 60 66 14 20 60 67 13 20 60 68 12 20 60 69 11 20 60 70 10 20 60 71 9 20 60 72 8 20 60 73 7 20 60 74 6 20 60 76 5 20 60 78 4 20 61 5 77 20 61 6 75 20 61 7 74 20 61 8 73 20 61 9 72 20 61 10 71 20 61 11 70 20 61 12 69 20 61 13 68 20 61 14 67 20 61 15 66 20 61 16 65 20 61 17 64 20 61 18 63 20 61 19 62 20 61 20 61 20 61 21 60 20 61 22 59 20 61 23 58 20 61 24 57 20 61 25 56 20 61 26 55 20 61 27 54 20 61 28 53 20 61 29 52 20 61 30 51 20 61 31 50 20 61 32 49 20 61 33 48 20 61 34 47 20 61 35 46 20 61 36 45 20 61 37 44 20 61 38 43 20 61 39 42 20 61 40 41 20 61 41 40 20 61 42 39 20 61 43 38 20 61 44 37 20 61 45 36 20 61 46 35 20 61 47 34 20 61 48 33 20 61 49 32 20 61 50 31 20 61 51 30 20 61 52 29 20 61 53 28 20 61 54 27 20 61 55 26 20 61 56 25 20 61 57 24 20 61 58 23 20 61 59 22 20 61 60 21 20 61 61 20 20 61 62 19 20 61 63 18 20 61 64 17 20 61 65 16 20 61 66 15 20 61 67 14 20 61 68 13 20 61 69 12 20 61 70 11 20 61 71 10 20 61 72 9 20 61 73 8 20 61 74 7 20 61 75 6 20 61 77 5 20 62 5 78 20 62 6 76 20 62 7 75 20 62 8 74 20 62 9 73 20 62 10 72 20 62 11 71 20 62 12 70 20 62 13 69 20 62 14 68 20 62 15 67 20 62 16 66 20 62 17 65 20 62 18 64 20 62 19 63 20 62 20 62 20 62 21 61 20 62 22 60 20 62 23 59 20 62 24 58 20 62 25 57 20 62 26 56 20 62 27 55 20 62 28 54 20 62 29 53 20 62 30 52 20 62 31 51 20 62 32 50 20 62 33 49 20 62 34 48 20 62 35 47 20 62 36 46 20 62 37 45 20 62 38 44 20 62 39 43 20 62 40 42 20 62 41 41 20 62 42 40 20 62 43 39 20 62 44 38 20 62 45 37 20 62 46 36 20 62 47 35 20 62 48 34 20 62 49 33 20 62 50 32 20 62 51 31 20 62 52 30 20 62 53 29 20 62 54 28 20 62 55 27 20 62 56 26 20 62 57 25 20 62 58 24 20 62 59 23 20 62 60 22 20 62 61 21 20 62 62 20 20 62 63 19 20 62 64 18 20 62 65 17 20 62 66 16 20 62 67 15 20 62 68 14 20 62 69 13 20 62 70 12 20 62 71 11 20 62 72 10 20 62 73 9 20 62 74 8 20 62 75 7 20 62 76 6 20 62 78 5 20 63 5 79 20 63 6 77 20 63 7 76 20 63 8 75 20 63 9 74 20 63 10 73 20 63 11 72 20 63 12 71 20 63 13 70 20 63 14 69 20 63 15 68 20 63 16 67 20 63 17 66 20 63 18 65 20 63 19 64 20 63 20 63 20 63 21 62 20 63 22 61 20 63 23 60 20 63 24 59 20 63 25 58 20 63 26 57 20 63 27 56 20 63 28 55 20 63 29 54 20 63 30 53 20 63 31 52 20 63 32 51 20 63 33 50 20 63 34 49 20 63 35 48 20 63 36 47 20 63 37 46 20 63 38 45 20 63 39 44 20 63 40 43 20 63 41 42 20 63 42 41 20 63 43 40 20 63 44 39 20 63 45 38 20 63 46 37 20 63 47 36 20 63 48 35 20 63 49 34 20 63 50 33 20 63 51 32 20 63 52 31 20 63 53 30 20 63 54 29 20 63 55 28 20 63 56 27 20 63 57 26 20 63 58 25 20 63 59 24 20 63 60 23 20 63 61 22 20 63 62 21 20 63 63 20 20 63 64 19 20 63 65 18 20 63 66 17 20 63 67 16 20 63 68 15 20 63 69 14 20 63 70 13 20 63 71 12 20 63 72 11 20 63 73 10 20 63 74 9 20 63 75 8 20 63 76 7 20 63 77 6 20 63 79 5 20 64 5 80 20 64 6 78 20 64 7 77 20 64 8 76 20 64 9 75 20 64 10 74 20 64 11 73 20 64 12 72 20 64 13 71 20 64 14 70 20 64 15 69 20 64 16 68 20 64 17 67 20 64 18 66 20 64 19 65 20 64 20 64 20 64 21 63 20 64 22 62 20 64 23 61 20 64 24 60 20 64 25 59 20 64 26 58 20 64 27 57 20 64 28 56 20 64 29 55 20 64 30 54 20 64 31 53 20 64 32 52 20 64 33 51 20 64 34 50 20 64 35 49 20 64 36 48 20 64 37 47 20 64 38 46 20 64 39 45 20 64 40 44 20 64 41 43 20 64 42 42 20 64 43 41 20 64 44 40 20 64 45 39 20 64 46 38 20 64 47 37 20 64 48 36 20 64 49 35 20 64 50 34 20 64 51 33 20 64 52 32 20 64 53 31 20 64 54 30 20 64 55 29 20 64 56 28 20 64 57 27 20 64 58 26 20 64 59 25 20 64 60 24 20 64 61 23 20 64 62 22 20 64 63 21 20 64 64 20 20 64 65 19 20 64 66 18 20 64 67 17 20 64 68 16 20 64 69 15 20 64 70 14 20 64 71 13 20 64 72 12 20 64 73 11 20 64 74 10 20 64 75 9 20 64 76 8 20 64 77 7 20 64 78 6 20 64 80 5 20 65 6 79 20 65 7 78 20 65 8 77 20 65 9 76 20 65 10 75 20 65 11 74 20 65 12 73 20 65 13 72 20 65 14 71 20 65 15 70 20 65 16 69 20 65 17 68 20 65 18 67 20 65 19 66 20 65 20 65 20 65 21 64 20 65 22 63 20 65 23 62 20 65 24 61 20 65 25 60 20 65 26 59 20 65 27 58 20 65 28 57 20 65 29 56 20 65 30 55 20 65 31 54 20 65 32 53 20 65 33 52 20 65 34 51 20 65 35 50 20 65 36 49 20 65 37 48 20 65 38 47 20 65 39 46 20 65 40 45 20 65 41 44 20 65 42 43 20 65 43 42 20 65 44 41 20 65 45 40 20 65 46 39 20 65 47 38 20 65 48 37 20 65 49 36 20 65 50 35 20 65 51 34 20 65 52 33 20 65 53 32 20 65 54 31 20 65 55 30 20 65 56 29 20 65 57 28 20 65 58 27 20 65 59 26 20 65 60 25 20 65 61 24 20 65 62 23 20 65 63 22 20 65 64 21 20 65 65 20 20 65 66 19 20 65 67 18 20 65 68 17 20 65 69 16 20 65 70 15 20 65 71 14 20 65 72 13 20 65 73 12 20 65 74 11 20 65 75 10 20 65 76 9 20 65 77 8 20 65 78 7 20 65 79 6 20 66 6 80 20 66 7 79 20 66 8 78 20 66 9 77 20 66 10 76 20 66 11 75 20 66 12 74 20 66 13 73 20 66 14 72 20 66 15 71 20 66 16 70 20 66 17 69 20 66 18 68 20 66 19 67 20 66 20 66 20 66 21 65 20 66 22 64 20 66 23 63 20 66 24 62 20 66 25 61 20 66 26 60 20 66 27 59 20 66 28 58 20 66 29 57 20 66 30 56 20 66 31 55 20 66 32 54 20 66 33 53 20 66 34 52 20 66 35 51 20 66 36 50 20 66 37 49 20 66 38 48 20 66 39 47 20 66 40 46 20 66 41 45 20 66 42 44 20 66 43 43 20 66 44 42 20 66 45 41 20 66 46 40 20 66 47 39 20 66 48 38 20 66 49 37 20 66 50 36 20 66 51 35 20 66 52 34 20 66 53 33 20 66 54 32 20 66 55 31 20 66 56 30 20 66 57 29 20 66 58 28 20 66 59 27 20 66 60 26 20 66 61 25 20 66 62 24 20 66 63 23 20 66 64 22 20 66 65 21 20 66 66 20 20 66 67 19 20 66 68 18 20 66 69 17 20 66 70 16 20 66 71 15 20 66 72 14 20 66 73 13 20 66 74 12 20 66 75 11 20 66 76 10 20 66 77 9 20 66 78 8 20 66 79 7 20 66 80 6 20 67 6 81 20 67 7 80 20 67 8 79 20 67 9 78 20 67 10 77 20 67 11 76 20 67 12 75 20 67 13 74 20 67 14 73 20 67 15 72 20 67 16 71 20 67 17 70 20 67 18 69 20 67 19 68 20 67 20 67 20 67 21 66 20 67 22 65 20 67 23 64 20 67 24 63 20 67 25 62 20 67 26 61 20 67 27 60 20 67 28 59 20 67 29 58 20 67 30 57 20 67 31 56 20 67 32 55 20 67 33 54 20 67 34 53 20 67 35 52 20 67 36 51 20 67 37 50 20 67 38 49 20 67 39 48 20 67 40 47 20 67 41 46 20 67 42 45 20 67 43 44 20 67 44 43 20 67 45 42 20 67 46 41 20 67 47 40 20 67 48 39 20 67 49 38 20 67 50 37 20 67 51 36 20 67 52 35 20 67 53 34 20 67 54 33 20 67 55 32 20 67 56 31 20 67 57 30 20 67 58 29 20 67 59 28 20 67 60 27 20 67 61 26 20 67 62 25 20 67 63 24 20 67 64 23 20 67 65 22 20 67 66 21 20 67 67 20 20 67 68 19 20 67 69 18 20 67 70 17 20 67 71 16 20 67 72 15 20 67 73 14 20 67 74 13 20 67 75 12 20 67 76 11 20 67 77 10 20 67 78 9 20 67 79 8 20 67 80 7 20 67 81 6 20 68 6 82 20 68 7 81 20 68 8 80 20 68 9 79 20 68 10 78 20 68 11 77 20 68 12 76 20 68 13 75 20 68 14 74 20 68 15 73 20 68 16 72 20 68 17 71 20 68 18 70 20 68 19 69 20 68 20 68 20 68 21 67 20 68 22 66 20 68 23 65 20 68 24 64 20 68 25 63 20 68 26 62 20 68 27 61 20 68 28 60 20 68 29 59 20 68 30 58 20 68 31 57 20 68 32 56 20 68 33 55 20 68 34 54 20 68 35 53 20 68 36 52 20 68 37 51 20 68 38 50 20 68 39 49 20 68 40 48 20 68 41 47 20 68 42 46 20 68 43 45 20 68 44 44 20 68 45 43 20 68 46 42 20 68 47 41 20 68 48 40 20 68 49 39 20 68 50 38 20 68 51 37 20 68 52 36 20 68 53 35 20 68 54 34 20 68 55 33 20 68 56 32 20 68 57 31 20 68 58 30 20 68 59 29 20 68 60 28 20 68 61 27 20 68 62 26 20 68 63 25 20 68 64 24 20 68 65 23 20 68 66 22 20 68 67 21 20 68 68 20 20 68 69 19 20 68 70 18 20 68 71 17 20 68 72 16 20 68 73 15 20 68 74 14 20 68 75 13 20 68 76 12 20 68 77 11 20 68 78 10 20 68 79 9 20 68 80 8 20 68 81 7 20 68 82 6 20 69 7 82 20 69 8 81 20 69 9 80 20 69 10 79 20 69 11 78 20 69 12 77 20 69 13 76 20 69 14 75 20 69 15 74 20 69 16 73 20 69 17 72 20 69 18 71 20 69 19 70 20 69 20 69 20 69 21 68 20 69 22 67 20 69 23 66 20 69 24 65 20 69 25 64 20 69 26 63 20 69 27 62 20 69 28 61 20 69 29 60 20 69 30 59 20 69 31 58 20 69 32 57 20 69 33 56 20 69 34 55 20 69 35 54 20 69 36 53 20 69 37 52 20 69 38 51 20 69 39 50 20 69 40 49 20 69 41 48 20 69 42 47 20 69 43 46 20 69 44 45 20 69 45 44 20 69 46 43 20 69 47 42 20 69 48 41 20 69 49 40 20 69 50 39 20 69 51 38 20 69 52 37 20 69 53 36 20 69 54 35 20 69 55 34 20 69 56 33 20 69 57 32 20 69 58 31 20 69 59 30 20 69 60 29 20 69 61 28 20 69 62 27 20 69 63 26 20 69 64 25 20 69 65 24 20 69 66 23 20 69 67 22 20 69 68 21 20 69 69 20 20 69 70 19 20 69 71 18 20 69 72 17 20 69 73 16 20 69 74 15 20 69 75 14 20 69 76 13 20 69 77 12 20 69 78 11 20 69 79 10 20 69 80 9 20 69 81 8 20 69 82 7 20 70 8 82 20 70 9 81 20 70 10 80 20 70 11 79 20 70 12 78 20 70 13 77 20 70 14 76 20 70 15 75 20 70 16 74 20 70 17 73 20 70 18 72 20 70 19 71 20 70 20 70 20 70 21 69 20 70 22 68 20 70 23 67 20 70 24 66 20 70 25 65 20 70 26 64 20 70 27 63 20 70 28 62 20 70 29 61 20 70 30 60 20 70 31 59 20 70 32 58 20 70 33 57 20 70 34 56 20 70 35 55 20 70 36 54 20 70 37 53 20 70 38 52 20 70 39 51 20 70 40 50 20 70 41 49 20 70 42 48 20 70 43 47 20 70 44 46 20 70 45 45 20 70 46 44 20 70 47 43 20 70 48 42 20 70 49 41 20 70 50 40 20 70 51 39 20 70 52 38 20 70 53 37 20 70 54 36 20 70 55 35 20 70 56 34 20 70 57 33 20 70 58 32 20 70 59 31 20 70 60 30 20 70 61 29 20 70 62 28 20 70 63 27 20 70 64 26 20 70 65 25 20 70 66 24 20 70 67 23 20 70 68 22 20 70 69 21 20 70 70 20 20 70 71 19 20 70 72 18 20 70 73 17 20 70 74 16 20 70 75 15 20 70 76 14 20 70 77 13 20 70 78 12 20 70 79 11 20 70 80 10 20 70 81 9 20 70 82 8 20 71 9 82 20 71 10 81 20 71 11 80 20 71 12 79 20 71 13 78 20 71 14 77 20 71 15 76 20 71 16 75 20 71 17 74 20 71 18 73 20 71 19 72 20 71 20 71 20 71 21 70 20 71 22 69 20 71 23 68 20 71 24 67 20 71 25 66 20 71 26 65 20 71 27 64 20 71 28 63 20 71 29 62 20 71 30 61 20 71 31 60 20 71 32 59 20 71 33 58 20 71 34 57 20 71 35 56 20 71 36 55 20 71 37 54 20 71 38 53 20 71 39 52 20 71 40 51 20 71 41 50 20 71 42 49 20 71 43 48 20 71 44 47 20 71 45 46 20 71 46 45 20 71 47 44 20 71 48 43 20 71 49 42 20 71 50 41 20 71 51 40 20 71 52 39 20 71 53 38 20 71 54 37 20 71 55 36 20 71 56 35 20 71 57 34 20 71 58 33 20 71 59 32 20 71 60 31 20 71 61 30 20 71 62 29 20 71 63 28 20 71 64 27 20 71 65 26 20 71 66 25 20 71 67 24 20 71 68 23 20 71 69 22 20 71 70 21 20 71 71 20 20 71 72 19 20 71 73 18 20 71 74 17 20 71 75 16 20 71 76 15 20 71 77 14 20 71 78 13 20 71 79 12 20 71 80 11 20 71 81 10 20 71 82 9 20 72 10 82 20 72 11 81 20 72 12 80 20 72 13 79 20 72 14 78 20 72 15 77 20 72 16 76 20 72 17 75 20 72 18 74 20 72 19 73 20 72 20 72 20 72 21 71 20 72 22 70 20 72 23 69 20 72 24 68 20 72 25 67 20 72 26 66 20 72 27 65 20 72 28 64 20 72 29 63 20 72 30 62 20 72 31 61 20 72 32 60 20 72 33 59 20 72 34 58 20 72 35 57 20 72 36 56 20 72 37 55 20 72 38 54 20 72 39 53 20 72 40 52 20 72 41 51 20 72 42 50 20 72 43 49 20 72 44 48 20 72 45 47 20 72 46 46 20 72 47 45 20 72 48 44 20 72 49 43 20 72 50 42 20 72 51 41 20 72 52 40 20 72 53 39 20 72 54 38 20 72 55 37 20 72 56 36 20 72 57 35 20 72 58 34 20 72 59 33 20 72 60 32 20 72 61 31 20 72 62 30 20 72 63 29 20 72 64 28 20 72 65 27 20 72 66 26 20 72 67 25 20 72 68 24 20 72 69 23 20 72 70 22 20 72 71 21 20 72 72 20 20 72 73 19 20 72 74 18 20 72 75 17 20 72 76 16 20 72 77 15 20 72 78 14 20 72 79 13 20 72 80 12 20 72 81 11 20 72 82 10 20 73 11 82 20 73 12 81 20 73 13 80 20 73 14 79 20 73 15 78 20 73 16 77 20 73 17 76 20 73 18 75 20 73 19 74 20 73 20 73 20 73 21 72 20 73 22 71 20 73 23 70 20 73 24 69 20 73 25 68 20 73 26 67 20 73 27 66 20 73 28 65 20 73 29 64 20 73 30 63 20 73 31 62 20 73 32 61 20 73 33 60 20 73 34 59 20 73 35 58 20 73 36 57 20 73 37 56 20 73 38 55 20 73 39 54 20 73 40 53 20 73 41 52 20 73 42 51 20 73 43 50 20 73 44 49 20 73 45 48 20 73 46 47 20 73 47 46 20 73 48 45 20 73 49 44 20 73 50 43 20 73 51 42 20 73 52 41 20 73 53 40 20 73 54 39 20 73 55 38 20 73 56 37 20 73 57 36 20 73 58 35 20 73 59 34 20 73 60 33 20 73 61 32 20 73 62 31 20 73 63 30 20 73 64 29 20 73 65 28 20 73 66 27 20 73 67 26 20 73 68 25 20 73 69 24 20 73 70 23 20 73 71 22 20 73 72 21 20 73 73 20 20 73 74 19 20 73 75 18 20 73 76 17 20 73 77 16 20 73 78 15 20 73 79 14 20 73 80 13 20 73 81 12 20 73 82 11 20 74 12 82 20 74 13 81 20 74 14 80 20 74 15 79 20 74 16 78 20 74 17 77 20 74 18 76 20 74 19 75 20 74 20 74 20 74 21 73 20 74 22 72 20 74 23 71 20 74 24 70 20 74 25 69 20 74 26 68 20 74 27 67 20 74 28 66 20 74 29 65 20 74 30 64 20 74 31 63 20 74 32 62 20 74 33 61 20 74 34 60 20 74 35 59 20 74 36 58 20 74 37 57 20 74 38 56 20 74 39 55 20 74 40 54 20 74 41 53 20 74 42 52 20 74 43 51 20 74 44 50 20 74 45 49 20 74 46 48 20 74 47 47 20 74 48 46 20 74 49 45 20 74 50 44 20 74 51 43 20 74 52 42 20 74 53 41 20 74 54 40 20 74 55 39 20 74 56 38 20 74 57 37 20 74 58 36 20 74 59 35 20 74 60 34 20 74 61 33 20 74 62 32 20 74 63 31 20 74 64 30 20 74 65 29 20 74 66 28 20 74 67 27 20 74 68 26 20 74 69 25 20 74 70 24 20 74 71 23 20 74 72 22 20 74 73 21 20 74 74 20 20 74 75 19 20 74 76 18 20 74 77 17 20 74 78 16 20 74 79 15 20 74 80 14 20 74 81 13 20 74 82 12 20 75 13 82 20 75 14 81 20 75 15 80 20 75 16 79 20 75 17 78 20 75 18 77 20 75 19 76 20 75 20 75 20 75 21 74 20 75 22 73 20 75 23 72 20 75 24 71 20 75 25 70 20 75 26 69 20 75 27 68 20 75 28 67 20 75 29 66 20 75 30 65 20 75 31 64 20 75 32 63 20 75 33 62 20 75 34 61 20 75 35 60 20 75 36 59 20 75 37 58 20 75 38 57 20 75 39 56 20 75 40 55 20 75 41 54 20 75 42 53 20 75 43 52 20 75 44 51 20 75 45 50 20 75 46 49 20 75 47 48 20 75 48 47 20 75 49 46 20 75 50 45 20 75 51 44 20 75 52 43 20 75 53 42 20 75 54 41 20 75 55 40 20 75 56 39 20 75 57 38 20 75 58 37 20 75 59 36 20 75 60 35 20 75 61 34 20 75 62 33 20 75 63 32 20 75 64 31 20 75 65 30 20 75 66 29 20 75 67 28 20 75 68 27 20 75 69 26 20 75 70 25 20 75 71 24 20 75 72 23 20 75 73 22 20 75 74 21 20 75 75 20 20 75 76 19 20 75 77 18 20 75 78 17 20 75 79 16 20 75 80 15 20 75 81 14 20 75 82 13 20 76 14 82 20 76 15 81 20 76 16 80 20 76 17 79 20 76 18 78 20 76 19 77 20 76 20 76 20 76 21 75 20 76 22 74 20 76 23 73 20 76 24 72 20 76 25 71 20 76 26 70 20 76 27 69 20 76 28 68 20 76 29 67 20 76 30 66 20 76 31 65 20 76 32 64 20 76 33 63 20 76 34 62 20 76 35 61 20 76 36 60 20 76 37 59 20 76 38 58 20 76 39 57 20 76 40 56 20 76 41 55 20 76 42 54 20 76 43 53 20 76 44 52 20 76 45 51 20 76 46 50 20 76 47 49 20 76 48 48 20 76 49 47 20 76 50 46 20 76 51 45 20 76 52 44 20 76 53 43 20 76 54 42 20 76 55 41 20 76 56 40 20 76 57 39 20 76 58 38 20 76 59 37 20 76 60 36 20 76 61 35 20 76 62 34 20 76 63 33 20 76 64 32 20 76 65 31 20 76 66 30 20 76 67 29 20 76 68 28 20 76 69 27 20 76 70 26 20 76 71 25 20 76 72 24 20 76 73 23 20 76 74 22 20 76 75 21 20 76 76 20 20 76 77 19 20 76 78 18 20 76 79 17 20 76 80 16 20 76 81 15 20 76 82 14 20 77 15 82 20 77 16 81 20 77 17 80 20 77 18 79 20 77 19 78 20 77 20 77 20 77 21 76 20 77 22 75 20 77 23 74 20 77 24 73 20 77 25 72 20 77 26 71 20 77 27 70 20 77 28 69 20 77 29 68 20 77 30 67 20 77 31 66 20 77 32 65 20 77 33 64 20 77 34 63 20 77 35 62 20 77 36 61 20 77 37 60 20 77 38 59 20 77 39 58 20 77 40 57 20 77 41 56 20 77 42 55 20 77 43 54 20 77 44 53 20 77 45 52 20 77 46 51 20 77 47 50 20 77 48 49 20 77 49 48 20 77 50 47 20 77 51 46 20 77 52 45 20 77 53 44 20 77 54 43 20 77 55 42 20 77 56 41 20 77 57 40 20 77 58 39 20 77 59 38 20 77 60 37 20 77 61 36 20 77 62 35 20 77 63 34 20 77 64 33 20 77 65 32 20 77 66 31 20 77 67 30 20 77 68 29 20 77 69 28 20 77 70 27 20 77 71 26 20 77 72 25 20 77 73 24 20 77 74 23 20 77 75 22 20 77 76 21 20 77 77 20 20 77 78 19 20 77 79 18 20 77 80 17 20 77 81 16 20 77 82 15 20 78 16 82 20 78 17 81 20 78 18 80 20 78 19 79 20 78 20 78 20 78 21 77 20 78 22 76 20 78 23 75 20 78 24 74 20 78 25 73 20 78 26 72 20 78 27 71 20 78 28 70 20 78 29 69 20 78 30 68 20 78 31 67 20 78 32 66 20 78 33 65 20 78 34 64 20 78 35 63 20 78 36 62 20 78 37 61 20 78 38 60 20 78 39 59 20 78 40 58 20 78 41 57 20 78 42 56 20 78 43 55 20 78 44 54 20 78 45 53 20 78 46 52 20 78 47 51 20 78 48 50 20 78 49 49 20 78 50 48 20 78 51 47 20 78 52 46 20 78 53 45 20 78 54 44 20 78 55 43 20 78 56 42 20 78 57 41 20 78 58 40 20 78 59 39 20 78 60 38 20 78 61 37 20 78 62 36 20 78 63 35 20 78 64 34 20 78 65 33 20 78 66 32 20 78 67 31 20 78 68 30 20 78 69 29 20 78 70 28 20 78 71 27 20 78 72 26 20 78 73 25 20 78 74 24 20 78 75 23 20 78 76 22 20 78 77 21 20 78 78 20 20 78 79 19 20 78 80 18 20 78 81 17 20 78 82 16 20 79 17 82 20 79 18 81 20 79 19 80 20 79 20 79 20 79 21 78 20 79 22 77 20 79 23 76 20 79 24 75 20 79 25 74 20 79 26 73 20 79 27 72 20 79 28 71 20 79 29 70 20 79 30 69 20 79 31 68 20 79 32 67 20 79 33 66 20 79 34 65 20 79 35 64 20 79 36 63 20 79 37 62 20 79 38 61 20 79 39 60 20 79 40 59 20 79 41 58 20 79 42 57 20 79 43 56 20 79 44 55 20 79 45 54 20 79 46 53 20 79 47 52 20 79 48 51 20 79 49 50 20 79 50 49 20 79 51 48 20 79 52 47 20 79 53 46 20 79 54 45 20 79 55 44 20 79 56 43 20 79 57 42 20 79 58 41 20 79 59 40 20 79 60 39 20 79 61 38 20 79 62 37 20 79 63 36 20 79 64 35 20 79 65 34 20 79 66 33 20 79 67 32 20 79 68 31 20 79 69 30 20 79 70 29 20 79 71 28 20 79 72 27 20 79 73 26 20 79 74 25 20 79 75 24 20 79 76 23 20 79 77 22 20 79 78 21 20 79 79 20 20 79 80 19 20 79 81 18 20 79 82 17 20 80 18 82 20 80 19 81 20 80 20 80 20 80 21 79 20 80 22 78 20 80 23 77 20 80 24 76 20 80 25 75 20 80 26 74 20 80 27 73 20 80 28 72 20 80 29 71 20 80 30 70 20 80 31 69 20 80 32 68 20 80 33 67 20 80 34 66 20 80 35 65 20 80 36 64 20 80 37 63 20 80 38 62 20 80 39 61 20 80 40 60 20 80 41 59 20 80 42 58 20 80 43 57 20 80 44 56 20 80 45 55 20 80 46 54 20 80 47 53 20 80 48 52 20 80 49 51 20 80 50 50 20 80 51 49 20 80 52 48 20 80 53 47 20 80 54 46 20 80 55 45 20 80 56 44 20 80 57 43 20 80 58 42 20 80 59 41 20 80 60 40 20 80 61 39 20 80 62 38 20 80 63 37 20 80 64 36 20 80 65 35 20 80 66 34 20 80 67 33 20 80 68 32 20 80 69 31 20 80 70 30 20 80 71 29 20 80 72 28 20 80 73 27 20 80 74 26 20 80 75 25 20 80 76 24 20 80 77 23 20 80 78 22 20 80 79 21 20 80 80 20 20 80 81 19 20 80 82 18 20 81 19 82 20 81 20 81 20 81 21 80 20 81 22 79 20 81 23 78 20 81 24 77 20 81 25 76 20 81 26 75 20 81 27 74 20 81 28 73 20 81 29 72 20 81 30 71 20 81 31 70 20 81 32 69 20 81 33 68 20 81 34 67 20 81 35 66 20 81 36 65 20 81 37 64 20 81 38 63 20 81 39 62 20 81 40 61 20 81 41 60 20 81 42 59 20 81 43 58 20 81 44 57 20 81 45 56 20 81 46 55 20 81 47 54 20 81 48 53 20 81 49 52 20 81 50 51 20 81 51 50 20 81 52 49 20 81 53 48 20 81 54 47 20 81 55 46 20 81 56 45 20 81 57 44 20 81 58 43 20 81 59 42 20 81 60 41 20 81 61 40 20 81 62 39 20 81 63 38 20 81 64 37 20 81 65 36 20 81 66 35 20 81 67 34 20 81 68 33 20 81 69 32 20 81 70 31 20 81 71 30 20 81 72 29 20 81 73 28 20 81 74 27 20 81 75 26 20 81 76 25 20 81 77 24 20 81 78 23 20 81 79 22 20 81 80 21 20 81 81 20 20 81 82 19 20 82 20 82 20 82 21 81 20 82 22 80 20 82 23 79 20 82 24 78 20 82 25 77 20 82 26 76 20 82 27 75 20 82 28 74 20 82 29 73 20 82 30 72 20 82 31 71 20 82 32 70 20 82 33 69 20 82 34 68 20 82 35 67 20 82 36 66 20 82 37 65 20 82 38 64 20 82 39 63 20 82 40 62 20 82 41 61 20 82 42 60 20 82 43 59 20 82 44 58 20 82 45 57 20 82 46 56 20 82 47 55 20 82 48 54 20 82 49 53 20 82 50 52 20 82 51 51 20 82 52 50 20 82 53 49 20 82 54 48 20 82 55 47 20 82 56 46 20 82 57 45 20 82 58 44 20 82 59 43 20 82 60 42 20 82 61 41 20 82 62 40 20 82 63 39 20 82 64 38 20 82 65 37 20 82 66 36 20 82 67 35 20 82 68 34 20 82 69 33 20 82 70 32 20 82 71 31 20 82 72 30 20 82 73 29 20 82 74 28 20 82 75 27 20 82 76 26 20 82 77 25 20 82 78 24 20 82 79 23 20 82 80 22 20 82 81 21 20 82 82 20 























































76 0 0 76 76 0 1 74 76 0 3 71 76 0 71 3 76 0 74 1 76 0 76 0 76 1 0 78 76 1 1 76 76 1 2 74 76 1 3 73 76 1 4 71 76 1 5 69 76 1 7 66 76 1 66 7 76 1 69 5 76 1 71 4 76 1 73 3 76 1 74 2 76 1 76 1 76 1 78 0 76 2 1 78 76 2 2 76 76 2 3 75 76 2 4 73 76 2 5 71 76 2 6 69 76 2 7 68 76 2 8 67 76 2 9 66 76 2 10 65 76 2 11 64 76 2 64 11 76 2 65 10 76 2 66 9 76 2 67 8 76 2 68 7 76 2 69 6 76 2 71 5 76 2 73 4 76 2 75 3 76 2 76 2 76 2 78 1 76 3 1 79 76 3 2 77 76 3 3 76 76 3 4 74 76 3 5 72 76 3 6 70 76 3 7 69 76 3 8 68 76 3 9 67 76 3 10 66 76 3 11 65 76 3 12 64 76 3 13 63 76 3 14 62 76 3 15 61 76 3 16 60 76 3 17 59 76 3 18 58 76 3 19 57 76 3 20 56 76 3 22 54 76 3 54 22 76 3 56 20 76 3 57 19 76 3 58 18 76 3 59 17 76 3 60 16 76 3 61 15 76 3 62 14 76 3 63 13 76 3 64 12 76 3 65 11 76 3 66 10 76 3 67 9 76 3 68 8 76 3 69 7 76 3 70 6 76 3 72 5 76 3 74 4 76 3 76 3 76 3 77 2 76 3 79 1 76 4 2 79 76 4 3 78 76 4 4 76 76 4 5 74 76 4 6 72 76 4 7 71 76 4 8 70 76 4 9 69 76 4 10 68 76 4 11 67 76 4 12 66 76 4 13 65 76 4 14 64 76 4 15 63 76 4 16 62 76 4 17 61 76 4 18 60 76 4 19 59 76 4 20 58 76 4 21 57 76 4 22 56 76 4 23 55 76 4 24 54 76 4 25 53 76 4 26 52 76 4 27 51 76 4 28 50 76 4 29 49 76 4 31 47 76 4 33 45 76 4 34 44 76 4 36 42 76 4 39 39 76 4 42 36 76 4 44 34 76 4 45 33 76 4 47 31 76 4 49 29 76 4 50 28 76 4 51 27 76 4 52 26 76 4 53 25 76 4 54 24 76 4 55 23 76 4 56 22 76 4 57 21 76 4 58 20 76 4 59 19 76 4 60 18 76 4 61 17 76 4 62 16 76 4 63 15 76 4 64 14 76 4 65 13 76 4 66 12 76 4 67 11 76 4 68 10 76 4 69 9 76 4 70 8 76 4 71 7 76 4 72 6 76 4 74 5 76 4 76 4 76 4 78 3 76 4 79 2 76 5 2 81 76 5 3 80 76 5 4 78 76 5 5 76 76 5 6 74 76 5 7 73 76 5 8 72 76 5 9 71 76 5 10 70 76 5 11 69 76 5 12 68 76 5 13 67 76 5 14 66 76 5 15 65 76 5 16 64 76 5 17 63 76 5 18 62 76 5 19 61 76 5 20 60 76 5 21 59 76 5 22 58 76 5 23 57 76 5 24 56 76 5 25 55 76 5 26 54 76 5 27 53 76 5 28 52 76 5 29 51 76 5 30 50 76 5 31 49 76 5 32 48 76 5 33 47 76 5 34 46 76 5 35 45 76 5 36 44 76 5 37 43 76 5 38 42 76 5 39 41 76 5 40 40 76 5 41 39 76 5 42 38 76 5 43 37 76 5 44 36 76 5 45 35 76 5 46 34 76 5 47 33 76 5 48 32 76 5 49 31 76 5 50 30 76 5 51 29 76 5 52 28 76 5 53 27 76 5 54 26 76 5 55 25 76 5 56 24 76 5 57 23 76 5 58 22 76 5 59 21 76 5 60 20 76 5 61 19 76 5 62 18 76 5 63 17 76 5 64 16 76 5 65 15 76 5 66 14 76 5 67 13 76 5 68 12 76 5 69 11 76 5 70 10 76 5 71 9 76 5 72 8 76 5 73 7 76 5 74 6 76 5 76 5 76 5 78 4 76 5 80 3 76 5 81 2 76 6 4 80 76 6 5 78 76 6 6 76 76 6 7 75 76 6 8 74 76 6 9 73 76 6 10 72 76 6 11 71 76 6 12 70 76 6 13 69 76 6 14 68 76 6 15 67 76 6 16 66 76 6 17 65 76 6 18 64 76 6 19 63 76 6 20 62 76 6 21 61 76 6 22 60 76 6 23 59 76 6 24 58 76 6 25 57 76 6 26 56 76 6 27 55 76 6 28 54 76 6 29 53 76 6 30 52 76 6 31 51 76 6 32 50 76 6 33 49 76 6 34 48 76 6 35 47 76 6 36 46 76 6 37 45 76 6 38 44 76 6 39 43 76 6 40 42 76 6 41 41 76 6 42 40 76 6 43 39 76 6 44 38 76 6 45 37 76 6 46 36 76 6 47 35 76 6 48 34 76 6 49 33 76 6 50 32 76 6 51 31 76 6 52 30 76 6 53 29 76 6 54 28 76 6 55 27 76 6 56 26 76 6 57 25 76 6 58 24 76 6 59 23 76 6 60 22 76 6 61 21 76 6 62 20 76 6 63 19 76 6 64 18 76 6 65 17 76 6 66 16 76 6 67 15 76 6 68 14 76 6 69 13 76 6 70 12 76 6 71 11 76 6 72 10 76 6 73 9 76 6 74 8 76 6 75 7 76 6 76 6 76 6 78 5 76 6 80 4 76 7 4 81 76 7 5 79 76 7 6 77 76 7 7 76 76 7 8 75 76 7 9 74 76 7 10 73 76 7 11 72 76 7 12 71 76 7 13 70 76 7 14 69 76 7 15 68 76 7 16 67 76 7 17 66 76 7 18 65 76 7 19 64 76 7 20 63 76 7 21 62 76 7 22 61 76 7 23 60 76 7 24 59 76 7 25 58 76 7 26 57 76 7 27 56 76 7 28 55 76 7 29 54 76 7 30 53 76 7 31 52 76 7 32 51 76 7 33 50 76 7 34 49 76 7 35 48 76 7 36 47 76 7 37 46 76 7 38 45 76 7 39 44 76 7 40 43 76 7 41 42 76 7 42 41 76 7 43 40 76 7 44 39 76 7 45 38 76 7 46 37 76 7 47 36 76 7 48 35 76 7 49 34 76 7 50 33 76 7 51 32 76 7 52 31 76 7 53 30 76 7 54 29 76 7 55 28 76 7 56 27 76 7 57 26 76 7 58 25 76 7 59 24 76 7 60 23 76 7 61 22 76 7 62 21 76 7 63 20 76 7 64 19 76 7 65 18 76 7 66 17 76 7 67 16 76 7 68 15 76 7 69 14 76 7 70 13 76 7 71 12 76 7 72 11 76 7 73 10 76 7 74 9 76 7 75 8 76 7 76 7 76 7 77 6 76 7 79 5 76 7 81 4 76 8 5 80 76 8 6 78 76 8 7 77 76 8 8 76 76 8 9 75 76 8 10 74 76 8 11 73 76 8 12 72 76 8 13 71 76 8 14 70 76 8 15 69 76 8 16 68 76 8 17 67 76 8 18 66 76 8 19 65 76 8 20 64 76 8 21 63 76 8 22 62 76 8 23 61 76 8 24 60 76 8 25 59 76 8 26 58 76 8 27 57 76 8 28 56 76 8 29 55 76 8 30 54 76 8 31 53 76 8 32 52 76 8 33 51 76 8 34 50 76 8 35 49 76 8 36 48 76 8 37 47 76 8 38 46 76 8 39 45 76 8 40 44 76 8 41 43 76 8 42 42 76 8 43 41 76 8 44 40 76 8 45 39 76 8 46 38 76 8 47 37 76 8 48 36 76 8 49 35 76 8 50 34 76 8 51 33 76 8 52 32 76 8 53 31 76 8 54 30 76 8 55 29 76 8 56 28 76 8 57 27 76 8 58 26 76 8 59 25 76 8 60 24 76 8 61 23 76 8 62 22 76 8 63 21 76 8 64 20 76 8 65 19 76 8 66 18 76 8 67 17 76 8 68 16 76 8 69 15 76 8 70 14 76 8 71 13 76 8 72 12 76 8 73 11 76 8 74 10 76 8 75 9 76 8 76 8 76 8 77 7 76 8 78 6 76 8 80 5 76 9 5 81 76 9 6 79 76 9 7 78 76 9 8 77 76 9 9 76 76 9 10 75 76 9 11 74 76 9 12 73 76 9 13 72 76 9 14 71 76 9 15 70 76 9 16 69 76 9 17 68 76 9 18 67 76 9 19 66 76 9 20 65 76 9 21 64 76 9 22 63 76 9 23 62 76 9 24 61 76 9 25 60 76 9 26 59 76 9 27 58 76 9 28 57 76 9 29 56 76 9 30 55 76 9 31 54 76 9 32 53 76 9 33 52 76 9 34 51 76 9 35 50 76 9 36 49 76 9 37 48 76 9 38 47 76 9 39 46 76 9 40 45 76 9 41 44 76 9 42 43 76 9 43 42 76 9 44 41 76 9 45 40 76 9 46 39 76 9 47 38 76 9 48 37 76 9 49 36 76 9 50 35 76 9 51 34 76 9 52 33 76 9 53 32 76 9 54 31 76 9 55 30 76 9 56 29 76 9 57 28 76 9 58 27 76 9 59 26 76 9 60 25 76 9 61 24 76 9 62 23 76 9 63 22 76 9 64 21 76 9 65 20 76 9 66 19 76 9 67 18 76 9 68 17 76 9 69 16 76 9 70 15 76 9 71 14 76 9 72 13 76 9 73 12 76 9 74 11 76 9 75 10 76 9 76 9 76 9 77 8 76 9 78 7 76 9 79 6 76 9 81 5 76 10 5 82 76 10 6 80 76 10 7 79 76 10 8 78 76 10 9 77 76 10 10 76 76 10 11 75 76 10 12 74 76 10 13 73 76 10 14 72 76 10 15 71 76 10 16 70 76 10 17 69 76 10 18 68 76 10 19 67 76 10 20 66 76 10 21 65 76 10 22 64 76 10 23 63 76 10 24 62 76 10 25 61 76 10 26 60 76 10 27 59 76 10 28 58 76 10 29 57 76 10 30 56 76 10 31 55 76 10 32 54 76 10 33 53 76 10 34 52 76 10 35 51 76 10 36 50 76 10 37 49 76 10 38 48 76 10 39 47 76 10 40 46 76 10 41 45 76 10 42 44 76 10 43 43 76 10 44 42 76 10 45 41 76 10 46 40 76 10 47 39 76 10 48 38 76 10 49 37 76 10 50 36 76 10 51 35 76 10 52 34 76 10 53 33 76 10 54 32 76 10 55 31 76 10 56 30 76 10 57 29 76 10 58 28 76 10 59 27 76 10 60 26 76 10 61 25 76 10 62 24 76 10 63 23 76 10 64 22 76 10 65 21 76 10 66 20 76 10 67 19 76 10 68 18 76 10 69 17 76 10 70 16 76 10 71 15 76 10 72 14 76 10 73 13 76 10 74 12 76 10 75 11 76 10 76 10 76 10 77 9 76 10 78 8 76 10 79 7 76 10 80 6 76 10 82 5 76 11 6 81 76 11 7 80 76 11 8 79 76 11 9 78 76 11 10 77 76 11 11 76 76 11 12 75 76 11 13 74 76 11 14 73 76 11 15 72 76 11 16 71 76 11 17 70 76 11 18 69 76 11 19 68 76 11 20 67 76 11 21 66 76 11 22 65 76 11 23 64 76 11 24 63 76 11 25 62 76 11 26 61 76 11 27 60 76 11 28 59 76 11 29 58 76 11 30 57 76 11 31 56 76 11 32 55 76 11 33 54 76 11 34 53 76 11 35 52 76 11 36 51 76 11 37 50 76 11 38 49 76 11 39 48 76 11 40 47 76 11 41 46 76 11 42 45 76 11 43 44 76 11 44 43 76 11 45 42 76 11 46 41 76 11 47 40 76 11 48 39 76 11 49 38 76 11 50 37 76 11 51 36 76 11 52 35 76 11 53 34 76 11 54 33 76 11 55 32 76 11 56 31 76 11 57 30 76 11 58 29 76 11 59 28 76 11 60 27 76 11 61 26 76 11 62 25 76 11 63 24 76 11 64 23 76 11 65 22 76 11 66 21 76 11 67 20 76 11 68 19 76 11 69 18 76 11 70 17 76 11 71 16 76 11 72 15 76 11 73 14 76 11 74 13 76 11 75 12 76 11 76 11 76 11 77 10 76 11 78 9 76 11 79 8 76 11 80 7 76 11 81 6 76 12 6 82 76 12 7 81 76 12 8 80 76 12 9 79 76 12 10 78 76 12 11 77 76 12 12 76 76 12 13 75 76 12 14 74 76 12 15 73 76 12 16 72 76 12 17 71 76 12 18 70 76 12 19 69 76 12 20 68 76 12 21 67 76 12 22 66 76 12 23 65 76 12 24 64 76 12 25 63 76 12 26 62 76 12 27 61 76 12 28 60 76 12 29 59 76 12 30 58 76 12 31 57 76 12 32 56 76 12 33 55 76 12 34 54 76 12 35 53 76 12 36 52 76 12 37 51 76 12 38 50 76 12 39 49 76 12 40 48 76 12 41 47 76 12 42 46 76 12 43 45 76 12 44 44 76 12 45 43 76 12 46 42 76 12 47 41 76 12 48 40 76 12 49 39 76 12 50 38 76 12 51 37 76 12 52 36 76 12 53 35 76 12 54 34 76 12 55 33 76 12 56 32 76 12 57 31 76 12 58 30 76 12 59 29 76 12 60 28 76 12 61 27 76 12 62 26 76 12 63 25 76 12 64 24 76 12 65 23 76 12 66 22 76 12 67 21 76 12 68 20 76 12 69 19 76 12 70 18 76 12 71 17 76 12 72 16 76 12 73 15 76 12 74 14 76 12 75 13 76 12 76 12 76 12 77 11 76 12 78 10 76 12 79 9 76 12 80 8 76 12 81 7 76 12 82 6 76 13 7 82 76 13 8 81 76 13 9 80 76 13 10 79 76 13 11 78 76 13 12 77 76 13 13 76 76 13 14 75 76 13 15 74 76 13 16 73 76 13 17 72 76 13 18 71 76 13 19 70 76 13 20 69 76 13 21 68 76 13 22 67 76 13 23 66 76 13 24 65 76 13 25 64 76 13 26 63 76 13 27 62 76 13 28 61 76 13 29 60 76 13 30 59 76 13 31 58 76 13 32 57 76 13 33 56 76 13 34 55 76 13 35 54 76 13 36 53 76 13 37 52 76 13 38 51 76 13 39 50 76 13 40 49 76 13 41 48 76 13 42 47 76 13 43 46 76 13 44 45 76 13 45 44 76 13 46 43 76 13 47 42 76 13 48 41 76 13 49 40 76 13 50 39 76 13 51 38 76 13 52 37 76 13 53 36 76 13 54 35 76 13 55 34 76 13 56 33 76 13 57 32 76 13 58 31 76 13 59 30 76 13 60 29 76 13 61 28 76 13 62 27 76 13 63 26 76 13 64 25 76 13 65 24 76 13 66 23 76 13 67 22 76 13 68 21 76 13 69 20 76 13 70 19 76 13 71 18 76 13 72 17 76 13 73 16 76 13 74 15 76 13 75 14 76 13 76 13 76 13 77 12 76 13 78 11 76 13 79 10 76 13 80 9 76 13 81 8 76 13 82 7 76 14 8 82 76 14 9 81 76 14 10 80 76 14 11 79 76 14 12 78 76 14 13 77 76 14 14 76 76 14 15 75 76 14 16 74 76 14 17 73 76 14 18 72 76 14 19 71 76 14 20 70 76 14 21 69 76 14 22 68 76 14 23 67 76 14 24 66 76 14 25 65 76 14 26 64 76 14 27 63 76 14 28 62 76 14 29 61 76 14 30 60 76 14 31 59 76 14 32 58 76 14 33 57 76 14 34 56 76 14 35 55 76 14 36 54 76 14 37 53 76 14 38 52 76 14 39 51 76 14 40 50 76 14 41 49 76 14 42 48 76 14 43 47 76 14 44 46 76 14 45 45 76 14 46 44 76 14 47 43 76 14 48 42 76 14 49 41 76 14 50 40 76 14 51 39 76 14 52 38 76 14 53 37 76 14 54 36 76 14 55 35 76 14 56 34 76 14 57 33 76 14 58 32 76 14 59 31 76 14 60 30 76 14 61 29 76 14 62 28 76 14 63 27 76 14 64 26 76 14 65 25 76 14 66 24 76 14 67 23 76 14 68 22 76 14 69 21 76 14 70 20 76 14 71 19 76 14 72 18 76 14 73 17 76 14 74 16 76 14 75 15 76 14 76 14 76 14 77 13 76 14 78 12 76 14 79 11 76 14 80 10 76 14 81 9 76 14 82 8 76 15 9 82 76 15 10 81 76 15 11 80 76 15 12 79 76 15 13 78 76 15 14 77 76 15 15 76 76 15 16 75 76 15 17 74 76 15 18 73 76 15 19 72 76 15 20 71 76 15 21 70 76 15 22 69 76 15 23 68 76 15 24 67 76 15 25 66 76 15 26 65 76 15 27 64 76 15 28 63 76 15 29 62 76 15 30 61 76 15 31 60 76 15 32 59 76 15 33 58 76 15 34 57 76 15 35 56 76 15 36 55 76 15 37 54 76 15 38 53 76 15 39 52 76 15 40 51 76 15 41 50 76 15 42 49 76 15 43 48 76 15 44 47 76 15 45 46 76 15 46 45 76 15 47 44 76 15 48 43 76 15 49 42 76 15 50 41 76 15 51 40 76 15 52 39 76 15 53 38 76 15 54 37 76 15 55 36 76 15 56 35 76 15 57 34 76 15 58 33 76 15 59 32 76 15 60 31 76 15 61 30 76 15 62 29 76 15 63 28 76 15 64 27 76 15 65 26 76 15 66 25 76 15 67 24 76 15 68 23 76 15 69 22 76 15 70 21 76 15 71 20 76 15 72 19 76 15 73 18 76 15 74 17 76 15 75 16 76 15 76 15 76 15 77 14 76 15 78 13 76 15 79 12 76 15 80 11 76 15 81 10 76 15 82 9 76 16 10 82 76 16 11 81 76 16 12 80 76 16 13 79 76 16 14 78 76 16 15 77 76 16 16 76 76 16 17 75 76 16 18 74 76 16 19 73 76 16 20 72 76 16 21 71 76 16 22 70 76 16 23 69 76 16 24 68 76 16 25 67 76 16 26 66 76 16 27 65 76 16 28 64 76 16 29 63 76 16 30 62 76 16 31 61 76 16 32 60 76 16 33 59 76 16 34 58 76 16 35 57 76 16 36 56 76 16 37 55 76 16 38 54 76 16 39 53 76 16 40 52 76 16 41 51 76 16 42 50 76 16 43 49 76 16 44 48 76 16 45 47 76 16 46 46 76 16 47 45 76 16 48 44 76 16 49 43 76 16 50 42 76 16 51 41 76 16 52 40 76 16 53 39 76 16 54 38 76 16 55 37 76 16 56 36 76 16 57 35 76 16 58 34 76 16 59 33 76 16 60 32 76 16 61 31 76 16 62 30 76 16 63 29 76 16 64 28 76 16 65 27 76 16 66 26 76 16 67 25 76 16 68 24 76 16 69 23 76 16 70 22 76 16 71 21 76 16 72 20 76 16 73 19 76 16 74 18 76 16 75 17 76 16 76 16 76 16 77 15 76 16 78 14 76 16 79 13 76 16 80 12 76 16 81 11 76 16 82 10 76 17 11 82 76 17 12 81 76 17 13 80 76 17 14 79 76 17 15 78 76 17 16 77 76 17 17 76 76 17 18 75 76 17 19 74 76 17 20 73 76 17 21 72 76 17 22 71 76 17 23 70 76 17 24 69 76 17 25 68 76 17 26 67 76 17 27 66 76 17 28 65 76 17 29 64 76 17 30 63 76 17 31 62 76 17 32 61 76 17 33 60 76 17 34 59 76 17 35 58 76 17 36 57 76 17 37 56 76 17 38 55 76 17 39 54 76 17 40 53 76 17 41 52 76 17 42 51 76 17 43 50 76 17 44 49 76 17 45 48 76 17 46 47 76 17 47 46 76 17 48 45 76 17 49 44 76 17 50 43 76 17 51 42 76 17 52 41 76 17 53 40 76 17 54 39 76 17 55 38 76 17 56 37 76 17 57 36 76 17 58 35 76 17 59 34 76 17 60 33 76 17 61 32 76 17 62 31 76 17 63 30 76 17 64 29 76 17 65 28 76 17 66 27 76 17 67 26 76 17 68 25 76 17 69 24 76 17 70 23 76 17 71 22 76 17 72 21 76 17 73 20 76 17 74 19 76 17 75 18 76 17 76 17 76 17 77 16 76 17 78 15 76 17 79 14 76 17 80 13 76 17 81 12 76 17 82 11 76 18 12 82 76 18 13 81 76 18 14 80 76 18 15 79 76 18 16 78 76 18 17 77 76 18 18 76 76 18 19 75 76 18 20 74 76 18 21 73 76 18 22 72 76 18 23 71 76 18 24 70 76 18 25 69 76 18 26 68 76 18 27 67 76 18 28 66 76 18 29 65 76 18 30 64 76 18 31 63 76 18 32 62 76 18 33 61 76 18 34 60 76 18 35 59 76 18 36 58 76 18 37 57 76 18 38 56 76 18 39 55 76 18 40 54 76 18 41 53 76 18 42 52 76 18 43 51 76 18 44 50 76 18 45 49 76 18 46 48 76 18 47 47 76 18 48 46 76 18 49 45 76 18 50 44 76 18 51 43 76 18 52 42 76 18 53 41 76 18 54 40 76 18 55 39 76 18 56 38 76 18 57 37 76 18 58 36 76 18 59 35 76 18 60 34 76 18 61 33 76 18 62 32 76 18 63 31 76 18 64 30 76 18 65 29 76 18 66 28 76 18 67 27 76 18 68 26 76 18 69 25 76 18 70 24 76 18 71 23 76 18 72 22 76 18 73 21 76 18 74 20 76 18 75 19 76 18 76 18 76 18 77 17 76 18 78 16 76 18 79 15 76 18 80 14 76 18 81 13 76 18 82 12 76 19 13 82 76 19 14 81 76 19 15 80 76 19 16 79 76 19 17 78 76 19 18 77 76 19 19 76 76 19 20 75 76 19 21 74 76 19 22 73 76 19 23 72 76 19 24 71 76 19 25 70 76 19 26 69 76 19 27 68 76 19 28 67 76 19 29 66 76 19 30 65 76 19 31 64 76 19 32 63 76 19 33 62 76 19 34 61 76 19 35 60 76 19 36 59 76 19 37 58 76 19 38 57 76 19 39 56 76 19 40 55 76 19 41 54 76 19 42 53 76 19 43 52 76 19 44 51 76 19 45 50 76 19 46 49 76 19 47 48 76 19 48 47 76 19 49 46 76 19 50 45 76 19 51 44 76 19 52 43 76 19 53 42 76 19 54 41 76 19 55 40 76 19 56 39 76 19 57 38 76 19 58 37 76 19 59 36 76 19 60 35 76 19 61 34 76 19 62 33 76 19 63 32 76 19 64 31 76 19 65 30 76 19 66 29 76 19 67 28 76 19 68 27 76 19 69 26 76 19 70 25 76 19 71 24 76 19 72 23 76 19 73 22 76 19 74 21 76 19 75 20 76 19 76 19 76 19 77 18 76 19 78 17 76 19 79 16 76 19 80 15 76 19 81 14 76 19 82 13 76 20 14 82 76 20 15 81 76 20 16 80 76 20 17 79 76 20 18 78 76 20 19 77 76 20 20 76 76 20 21 75 76 20 22 74 76 20 23 73 76 20 24 72 76 20 25 71 76 20 26 70 76 20 27 69 76 20 28 68 76 20 29 67 76 20 30 66 76 20 31 65 76 20 32 64 76 20 33 63 76 20 34 62 76 20 35 61 76 20 36 60 76 20 37 59 76 20 38 58 76 20 39 57 76 20 40 56 76 20 41 55 76 20 42 54 76 20 43 53 76 20 44 52 76 20 45 51 76 20 46 50 76 20 47 49 76 20 48 48 76 20 49 47 76 20 50 46 76 20 51 45 76 20 52 44 76 20 53 43 76 20 54 42 76 20 55 41 76 20 56 40 76 20 57 39 76 20 58 38 76 20 59 37 76 20 60 36 76 20 61 35 76 20 62 34 76 20 63 33 76 20 64 32 76 20 65 31 76 20 66 30 76 20 67 29 76 20 68 28 76 20 69 27 76 20 70 26 76 20 71 25 76 20 72 24 76 20 73 23 76 20 74 22 76 20 75 21 76 20 76 20 76 20 77 19 76 20 78 18 76 20 79 17 76 20 80 16 76 20 81 15 76 20 82 14 76 21 15 82 76 21 16 81 76 21 17 80 76 21 18 79 76 21 19 78 76 21 20 77 76 21 21 76 76 21 22 75 76 21 23 74 76 21 24 73 76 21 25 72 76 21 26 71 76 21 27 70 76 21 28 69 76 21 29 68 76 21 30 67 76 21 31 66 76 21 32 65 76 21 33 64 76 21 34 63 76 21 35 62 76 21 36 61 76 21 37 60 76 21 38 59 76 21 39 58 76 21 40 57 76 21 41 56 76 21 42 55 76 21 43 54 76 21 44 53 76 21 45 52 76 21 46 51 76 21 47 50 76 21 48 49 76 21 49 48 76 21 50 47 76 21 51 46 76 21 52 45 76 21 53 44 76 21 54 43 76 21 55 42 76 21 56 41 76 21 57 40 76 21 58 39 76 21 59 38 76 21 60 37 76 21 61 36 76 21 62 35 76 21 63 34 76 21 64 33 76 21 65 32 76 21 66 31 76 21 67 30 76 21 68 29 76 21 69 28 76 21 70 27 76 21 71 26 76 21 72 25 76 21 73 24 76 21 74 23 76 21 75 22 76 21 76 21 76 21 77 20 76 21 78 19 76 21 79 18 76 21 80 17 76 21 81 16 76 21 82 15 76 22 16 82 76 22 17 81 76 22 18 80 76 22 19 79 76 22 20 78 76 22 21 77 76 22 22 76 76 22 23 75 76 22 24 74 76 22 25 73 76 22 26 72 76 22 27 71 76 22 28 70 76 22 29 69 76 22 30 68 76 22 31 67 76 22 32 66 76 22 33 65 76 22 34 64 76 22 35 63 76 22 36 62 76 22 37 61 76 22 38 60 76 22 39 59 76 22 40 58 76 22 41 57 76 22 42 56 76 22 43 55 76 22 44 54 76 22 45 53 76 22 46 52 76 22 47 51 76 22 48 50 76 22 49 49 76 22 50 48 76 22 51 47 76 22 52 46 76 22 53 45 76 22 54 44 76 22 55 43 76 22 56 42 76 22 57 41 76 22 58 40 76 22 59 39 76 22 60 38 76 22 61 37 76 22 62 36 76 22 63 35 76 22 64 34 76 22 65 33 76 22 66 32 76 22 67 31 76 22 68 30 76 22 69 29 76 22 70 28 76 22 71 27 76 22 72 26 76 22 73 25 76 22 74 24 76 22 75 23 76 22 76 22 76 22 77 21 76 22 78 20 76 22 79 19 76 22 80 18 76 22 81 17 76 22 82 16 76 23 17 82 76 23 18 81 76 23 19 80 76 23 20 79 76 23 21 78 76 23 22 77 76 23 23 76 76 23 24 75 76 23 25 74 76 23 26 73 76 23 27 72 76 23 28 71 76 23 29 70 76 23 30 69 76 23 31 68 76 23 32 67 76 23 33 66 76 23 34 65 76 23 35 64 76 23 36 63 76 23 37 62 76 23 38 61 76 23 39 60 76 23 40 59 76 23 41 58 76 23 42 57 76 23 43 56 76 23 44 55 76 23 45 54 76 23 46 53 76 23 47 52 76 23 48 51 76 23 49 50 76 23 50 49 76 23 51 48 76 23 52 47 76 23 53 46 76 23 54 45 76 23 55 44 76 23 56 43 76 23 57 42 76 23 58 41 76 23 59 40 76 23 60 39 76 23 61 38 76 23 62 37 76 23 63 36 76 23 64 35 76 23 65 34 76 23 66 33 76 23 67 32 76 23 68 31 76 23 69 30 76 23 70 29 76 23 71 28 76 23 72 27 76 23 73 26 76 23 74 25 76 23 75 24 76 23 76 23 76 23 77 22 76 23 78 21 76 23 79 20 76 23 80 19 76 23 81 18 76 23 82 17 76 24 18 82 76 24 19 81 76 24 20 80 76 24 21 79 76 24 22 78 76 24 23 77 76 24 24 76 76 24 25 75 76 24 26 74 76 24 27 73 76 24 28 72 76 24 29 71 76 24 30 70 76 24 31 69 76 24 32 68 76 24 33 67 76 24 34 66 76 24 35 65 76 24 36 64 76 24 37 63 76 24 38 62 76 24 39 61 76 24 40 60 76 24 41 59 76 24 42 58 76 24 43 57 76 24 44 56 76 24 45 55 76 24 46 54 76 24 47 53 76 24 48 52 76 24 49 51 76 24 50 50 76 24 51 49 76 24 52 48 76 24 53 47 76 24 54 46 76 24 55 45 76 24 56 44 76 24 57 43 76 24 58 42 76 24 59 41 76 24 60 40 76 24 61 39 76 24 62 38 76 24 63 37 76 24 64 36 76 24 65 35 76 24 66 34 76 24 67 33 76 24 68 32 76 24 69 31 76 24 70 30 76 24 71 29 76 24 72 28 76 24 73 27 76 24 74 26 76 24 75 25 76 24 76 24 76 24 77 23 76 24 78 22 76 24 79 21 76 24 80 20 76 24 81 19 76 24 82 18 76 25 19 82 76 25 20 81 76 25 21 80 76 25 22 79 76 25 23 78 76 25 24 77 76 25 25 76 76 25 26 75 76 25 27 74 76 25 28 73 76 25 29 72 76 25 30 71 76 25 31 70 76 25 32 69 76 25 33 68 76 25 34 67 76 25 35 66 76 25 36 65 76 25 37 64 76 25 38 63 76 25 39 62 76 25 40 61 76 25 41 60 76 25 42 59 76 25 43 58 76 25 44 57 76 25 45 56 76 25 46 55 76 25 47 54 76 25 48 53 76 25 49 52 76 25 50 51 76 25 51 50 76 25 52 49 76 25 53 48 76 25 54 47 76 25 55 46 76 25 56 45 76 25 57 44 76 25 58 43 76 25 59 42 76 25 60 41 76 25 61 40 76 25 62 39 76 25 63 38 76 25 64 37 76 25 65 36 76 25 66 35 76 25 67 34 76 25 68 33 76 25 69 32 76 25 70 31 76 25 71 30 76 25 72 29 76 25 73 28 76 25 74 27 76 25 75 26 76 25 76 25 76 25 77 24 76 25 78 23 76 25 79 22 76 25 80 21 76 25 81 20 76 25 82 19 76 26 20 82 76 26 21 81 76 26 22 80 76 26 23 79 76 26 24 78 76 26 25 77 76 26 26 76 76 26 27 75 76 26 28 74 76 26 29 73 76 26 30 72 76 26 31 71 76 26 32 70 76 26 33 69 76 26 34 68 76 26 35 67 76 26 36 66 76 26 37 65 76 26 38 64 76 26 39 63 76 26 40 62 76 26 41 61 76 26 42 60 76 26 43 59 76 26 44 58 76 26 45 57 76 26 46 56 76 26 47 55 76 26 48 54 76 26 49 53 76 26 50 52 76 26 51 51 76 26 52 50 76 26 53 49 76 26 54 48 76 26 55 47 76 26 56 46 76 26 57 45 76 26 58 44 76 26 59 43 76 26 60 42 76 26 61 41 76 26 62 40 76 26 63 39 76 26 64 38 76 26 65 37 76 26 66 36 76 26 67 35 76 26 68 34 76 26 69 33 76 26 70 32 76 26 71 31 76 26 72 30 76 26 73 29 76 26 74 28 76 26 75 27 76 26 76 26 76 26 77 25 76 26 78 24 76 26 79 23 76 26 80 22 76 26 81 21 76 26 82 20 76 27 21 82 76 27 22 81 76 27 23 80 76 27 24 79 76 27 25 78 76 27 26 77 76 27 27 76 76 27 28 75 76 27 29 74 76 27 30 73 76 27 31 72 76 27 32 71 76 27 33 70 76 27 34 69 76 27 35 68 76 27 36 67 76 27 37 66 76 27 38 65 76 27 39 64 76 27 40 63 76 27 41 62 76 27 42 61 76 27 43 60 76 27 44 59 76 27 45 58 76 27 46 57 76 27 47 56 76 27 48 55 76 27 49 54 76 27 50 53 76 27 51 52 76 27 52 51 76 27 53 50 76 27 54 49 76 27 55 48 76 27 56 47 76 27 57 46 76 27 58 45 76 27 59 44 76 27 60 43 76 27 61 42 76 27 62 41 76 27 63 40 76 27 64 39 76 27 65 38 76 27 66 37 76 27 67 36 76 27 68 35 76 27 69 34 76 27 70 33 76 27 71 32 76 27 72 31 76 27 73 30 76 27 74 29 76 27 75 28 76 27 76 27 76 27 77 26 76 27 78 25 76 27 79 24 76 27 80 23 76 27 81 22 76 27 82 21 76 28 22 82 76 28 23 81 76 28 24 80 76 28 25 79 76 28 26 78 76 28 27 77 76 28 28 76 76 28 29 75 76 28 30 74 76 28 31 73 76 28 32 72 76 28 33 71 76 28 34 70 76 28 35 69 76 28 36 68 76 28 37 67 76 28 38 66 76 28 39 65 76 28 40 64 76 28 41 63 76 28 42 62 76 28 43 61 76 28 44 60 76 28 45 59 76 28 46 58 76 28 47 57 76 28 48 56 76 28 49 55 76 28 50 54 76 28 51 53 76 28 52 52 76 28 53 51 76 28 54 50 76 28 55 49 76 28 56 48 76 28 57 47 76 28 58 46 76 28 59 45 76 28 60 44 76 28 61 43 76 28 62 42 76 28 63 41 76 28 64 40 76 28 65 39 76 28 66 38 76 28 67 37 76 28 68 36 76 28 69 35 76 28 70 34 76 28 71 33 76 28 72 32 76 28 73 31 76 28 74 30 76 28 75 29 76 28 76 28 76 28 77 27 76 28 78 26 76 28 79 25 76 28 80 24 76 28 81 23 76 28 82 22 76 29 23 82 76 29 24 81 76 29 25 80 76 29 26 79 76 29 27 78 76 29 28 77 76 29 29 76 76 29 30 75 76 29 31 74 76 29 32 73 76 29 33 72 76 29 34 71 76 29 35 70 76 29 36 69 76 29 37 68 76 29 38 67 76 29 39 66 76 29 40 65 76 29 41 64 76 29 42 63 76 29 43 62 76 29 44 61 76 29 45 60 76 29 46 59 76 29 47 58 76 29 48 57 76 29 49 56 76 29 50 55 76 29 51 54 76 29 52 53 76 29 53 52 76 29 54 51 76 29 55 50 76 29 56 49 76 29 57 48 76 29 58 47 76 29 59 46 76 29 60 45 76 29 61 44 76 29 62 43 76 29 63 42 76 29 64 41 76 29 65 40 76 29 66 39 76 29 67 38 76 29 68 37 76 29 69 36 76 29 70 35 76 29 71 34 76 29 72 33 76 29 73 32 76 29 74 31 76 29 75 30 76 29 76 29 76 29 77 28 76 29 78 27 76 29 79 26 76 29 80 25 76 29 81 24 76 29 82 23 76 30 24 82 76 30 25 81 76 30 26 80 76 30 27 79 76 30 28 78 76 30 29 77 76 30 30 76 76 30 31 75 76 30 32 74 76 30 33 73 76 30 34 72 76 30 35 71 76 30 36 70 76 30 37 69 76 30 38 68 76 30 39 67 76 30 40 66 76 30 41 65 76 30 42 64 76 30 43 63 76 30 44 62 76 30 45 61 76 30 46 60 76 30 47 59 76 30 48 58 76 30 49 57 76 30 50 56 76 30 51 55 76 30 52 54 76 30 53 53 76 30 54 52 76 30 55 51 76 30 56 50 76 30 57 49 76 30 58 48 76 30 59 47 76 30 60 46 76 30 61 45 76 30 62 44 76 30 63 43 76 30 64 42 76 30 65 41 76 30 66 40 76 30 67 39 76 30 68 38 76 30 69 37 76 30 70 36 76 30 71 35 76 30 72 34 76 30 73 33 76 30 74 32 76 30 75 31 76 30 76 30 76 30 77 29 76 30 78 28 76 30 79 27 76 30 80 26 76 30 81 25 76 30 82 24 76 31 25 82 76 31 26 81 76 31 27 80 76 31 28 79 76 31 29 78 76 31 30 77 76 31 31 76 76 31 32 75 76 31 33 74 76 31 34 73 76 31 35 72 76 31 36 71 76 31 37 70 76 31 38 69 76 31 39 68 76 31 40 67 76 31 41 66 76 31 42 65 76 31 43 64 76 31 44 63 76 31 45 62 76 31 46 61 76 31 47 60 76 31 48 59 76 31 49 58 76 31 50 57 76 31 51 56 76 31 52 55 76 31 53 54 76 31 54 53 76 31 55 52 76 31 56 51 76 31 57 50 76 31 58 49 76 31 59 48 76 31 60 47 76 31 61 46 76 31 62 45 76 31 63 44 76 31 64 43 76 31 65 42 76 31 66 41 76 31 67 40 76 31 68 39 76 31 69 38 76 31 70 37 76 31 71 36 76 31 72 35 76 31 73 34 76 31 74 33 76 31 75 32 76 31 76 31 76 31 77 30 76 31 78 29 76 31 79 28 76 31 80 27 76 31 81 26 76 31 82 25 76 32 26 82 76 32 27 81 76 32 28 80 76 32 29 79 76 32 30 78 76 32 31 77 76 32 32 76 76 32 33 75 76 32 34 74 76 32 35 73 76 32 36 72 76 32 37 71 76 32 38 70 76 32 39 69 76 32 40 68 76 32 41 67 76 32 42 66 76 32 43 65 76 32 44 64 76 32 45 63 76 32 46 62 76 32 47 61 76 32 48 60 76 32 49 59 76 32 50 58 76 32 51 57 76 32 52 56 76 32 53 55 76 32 54 54 76 32 55 53 76 32 56 52 76 32 57 51 76 32 58 50 76 32 59 49 76 32 60 48 76 32 61 47 76 32 62 46 76 32 63 45 76 32 64 44 76 32 65 43 76 32 66 42 76 32 67 41 76 32 68 40 76 32 69 39 76 32 70 38 76 32 71 37 76 32 72 36 76 32 73 35 76 32 74 34 76 32 75 33 76 32 76 32 76 32 77 31 76 32 78 30 76 32 79 29 76 32 80 28 76 32 81 27 76 32 82 26 76 33 27 82 76 33 28 81 76 33 29 80 76 33 30 79 76 33 31 78 76 33 32 77 76 33 33 76 76 33 34 75 76 33 35 74 76 33 36 73 76 33 37 72 76 33 38 71 76 33 39 70 76 33 40 69 76 33 41 68 76 33 42 67 76 33 43 66 76 33 44 65 76 33 45 64 76 33 46 63 76 33 47 62 76 33 48 61 76 33 49 60 76 33 50 59 76 33 51 58 76 33 52 57 76 33 53 56 76 33 54 55 76 33 55 54 76 33 56 53 76 33 57 52 76 33 58 51 76 33 59 50 76 33 60 49 76 33 61 48 76 33 62 47 76 33 63 46 76 33 64 45 76 33 65 44 76 33 66 43 76 33 67 42 76 33 68 41 76 33 69 40 76 33 70 39 76 33 71 38 76 33 72 37 76 33 73 36 76 33 74 35 76 33 75 34 76 33 76 33 76 33 77 32 76 33 78 31 76 33 79 30 76 33 80 29 76 33 81 28 76 33 82 27 76 34 28 82 76 34 29 81 76 34 30 80 76 34 31 79 76 34 32 78 76 34 33 77 76 34 34 76 76 34 35 75 76 34 36 74 76 34 37 73 76 34 38 72 76 34 39 71 76 34 40 70 76 34 41 69 76 34 42 68 76 34 43 67 76 34 44 66 76 34 45 65 76 34 46 64 76 34 47 63 76 34 48 62 76 34 49 61 76 34 50 60 76 34 51 59 76 34 52 58 76 34 53 57 76 34 54 56 76 34 55 55 76 34 56 54 76 34 57 53 76 34 58 52 76 34 59 51 76 34 60 50 76 34 61 49 76 34 62 48 76 34 63 47 76 34 64 46 76 34 65 45 76 34 66 44 76 34 67 43 76 34 68 42 76 34 69 41 76 34 70 40 76 34 71 39 76 34 72 38 76 34 73 37 76 34 74 36 76 34 75 35 76 34 76 34 76 34 77 33 76 34 78 32 76 34 79 31 76 34 80 30 76 34 81 29 76 34 82 28 76 35 29 82 76 35 30 81 76 35 31 80 76 35 32 79 76 35 33 78 76 35 34 77 76 35 35 76 76 35 36 75 76 35 37 74 76 35 38 73 76 35 39 72 76 35 40 71 76 35 41 70 76 35 42 69 76 35 43 68 76 35 44 67 76 35 45 66 76 35 46 65 76 35 47 64 76 35 48 63 76 35 49 62 76 35 50 61 76 35 51 60 76 35 52 59 76 35 53 58 76 35 54 57 76 35 55 56 76 35 56 55 76 35 57 54 76 35 58 53 76 35 59 52 76 35 60 51 76 35 61 50 76 35 62 49 76 35 63 48 76 35 64 47 76 35 65 46 76 35 66 45 76 35 67 44 76 35 68 43 76 35 69 42 76 35 70 41 76 35 71 40 76 35 72 39 76 35 73 38 76 35 74 37 76 35 75 36 76 35 76 35 76 35 77 34 76 35 78 33 76 35 79 32 76 35 80 31 76 35 81 30 76 35 82 29 76 36 30 82 76 36 31 81 76 36 32 80 76 36 33 79 76 36 34 78 76 36 35 77 76 36 36 76 76 36 37 75 76 36 38 74 76 36 39 73 76 36 40 72 76 36 41 71 76 36 42 70 76 36 43 69 76 36 44 68 76 36 45 67 76 36 46 66 76 36 47 65 76 36 48 64 76 36 49 63 76 36 50 62 76 36 51 61 76 36 52 60 76 36 53 59 76 36 54 58 76 36 55 57 76 36 56 56 76 36 57 55 76 36 58 54 76 36 59 53 76 36 60 52 76 36 61 51 76 36 62 50 76 36 63 49 76 36 64 48 76 36 65 47 76 36 66 46 76 36 67 45 76 36 68 44 76 36 69 43 76 36 70 42 76 36 71 41 76 36 72 40 76 36 73 39 76 36 74 38 76 36 75 37 76 36 76 36 76 36 77 35 76 36 78 34 76 36 79 33 76 36 80 32 76 36 81 31 76 36 82 30 76 37 31 82 76 37 32 81 76 37 33 80 76 37 34 79 76 37 35 78 76 37 36 77 76 37 37 76 76 37 38 75 76 37 39 74 76 37 40 73 76 37 41 72 76 37 42 71 76 37 43 70 76 37 44 69 76 37 45 68 76 37 46 67 76 37 47 66 76 37 48 65 76 37 49 64 76 37 50 63 76 37 51 62 76 37 52 61 76 37 53 60 76 37 54 59 76 37 55 58 76 37 56 57 76 37 57 56 76 37 58 55 76 37 59 54 76 37 60 53 76 37 61 52 76 37 62 51 76 37 63 50 76 37 64 49 76 37 65 48 76 37 66 47 76 37 67 46 76 37 68 45 76 37 69 44 76 37 70 43 76 37 71 42 76 37 72 41 76 37 73 40 76 37 74 39 76 37 75 38 76 37 76 37 76 37 77 36 76 37 78 35 76 37 79 34 76 37 80 33 76 37 81 32 76 37 82 31 76 38 32 82 76 38 33 81 76 38 34 80 76 38 35 79 76 38 36 78 76 38 37 77 76 38 38 76 76 38 39 75 76 38 40 74 76 38 41 73 76 38 42 72 76 38 43 71 76 38 44 70 76 38 45 69 76 38 46 68 76 38 47 67 76 38 48 66 76 38 49 65 76 38 50 64 76 38 51 63 76 38 52 62 76 38 53 61 76 38 54 60 76 38 55 59 76 38 56 58 76 38 57 57 76 38 58 56 76 38 59 55 76 38 60 54 76 38 61 53 76 38 62 52 76 38 63 51 76 38 64 50 76 38 65 49 76 38 66 48 76 38 67 47 76 38 68 46 76 38 69 45 76 38 70 44 76 38 71 43 76 38 72 42 76 38 73 41 76 38 74 40 76 38 75 39 76 38 76 38 76 38 77 37 76 38 78 36 76 38 79 35 76 38 80 34 76 38 81 33 76 38 82 32 76 39 33 82 76 39 34 81 76 39 35 80 76 39 36 79 76 39 37 78 76 39 38 77 76 39 39 76 76 39 40 75 76 39 41 74 76 39 42 73 76 39 43 72 76 39 44 71 76 39 45 70 76 39 46 69 76 39 47 68 76 39 48 67 76 39 49 66 76 39 50 65 76 39 51 64 76 39 52 63 76 39 53 62 76 39 54 61 76 39 55 60 76 39 56 59 76 39 57 58 76 39 58 57 76 39 59 56 76 39 60 55 76 39 61 54 76 39 62 53 76 39 63 52 76 39 64 51 76 39 65 50 76 39 66 49 76 39 67 48 76 39 68 47 76 39 69 46 76 39 70 45 76 39 71 44 76 39 72 43 76 39 73 42 76 39 74 41 76 39 75 40 76 39 76 39 76 39 77 38 76 39 78 37 76 39 79 36 76 39 80 35 76 39 81 34 76 39 82 33 76 40 34 82 76 40 35 81 76 40 36 80 76 40 37 79 76 40 38 78 76 40 39 77 76 40 40 76 76 40 41 75 76 40 42 74 76 40 43 73 76 40 44 72 76 40 45 71 76 40 46 70 76 40 47 69 76 40 48 68 76 40 49 67 76 40 50 66 76 40 51 65 76 40 52 64 76 40 53 63 76 40 54 62 76 40 55 61 76 40 56 60 76 40 57 59 76 40 58 58 76 40 59 57 76 40 60 56 76 40 61 55 76 40 62 54 76 40 63 53 76 40 64 52 76 40 65 51 76 40 66 50 76 40 67 49 76 40 68 48 76 40 69 47 76 40 70 46 76 40 71 45 76 40 72 44 76 40 73 43 76 40 74 42 76 40 75 41 76 40 76 40 76 40 77 39 76 40 78 38 76 40 79 37 76 40 80 36 76 40 81 35 76 40 82 34 76 41 35 82 76 41 36 81 76 41 37 80 76 41 38 79 76 41 39 78 76 41 40 77 76 41 41 76 76 41 42 75 76 41 43 74 76 41 44 73 76 41 45 72 76 41 46 71 76 41 47 70 76 41 48 69 76 41 49 68 76 41 50 67 76 41 51 66 76 41 52 65 76 41 53 64 76 41 54 63 76 41 55 62 76 41 56 61 76 41 57 60 76 41 58 59 76 41 59 58 76 41 60 57 76 41 61 56 76 41 62 55 76 41 63 54 76 41 64 53 76 41 65 52 76 41 66 51 76 41 67 50 76 41 68 49 76 41 69 48 76 41 70 47 76 41 71 46 76 41 72 45 76 41 73 44 76 41 74 43 76 41 75 42 76 41 76 41 76 41 77 40 76 41 78 39 76 41 79 38 76 41 80 37 76 41 81 36 76 41 82 35 76 42 36 82 76 42 37 81 76 42 38 80 76 42 39 79 76 42 40 78 76 42 41 77 76 42 42 76 76 42 43 75 76 42 44 74 76 42 45 73 76 42 46 72 76 42 47 71 76 42 48 70 76 42 49 69 76 42 50 68 76 42 51 67 76 42 52 66 76 42 53 65 76 42 54 64 76 42 55 63 76 42 56 62 76 42 57 61 76 42 58 60 76 42 59 59 76 42 60 58 76 42 61 57 76 42 62 56 76 42 63 55 76 42 64 54 76 42 65 53 76 42 66 52 76 42 67 51 76 42 68 50 76 42 69 49 76 42 70 48 76 42 71 47 76 42 72 46 76 42 73 45 76 42 74 44 76 42 75 43 76 42 76 42 76 42 77 41 76 42 78 40 76 42 79 39 76 42 80 38 76 42 81 37 76 42 82 36 76 43 37 82 76 43 38 81 76 43 39 80 76 43 40 79 76 43 41 78 76 43 42 77 76 43 43 76 76 43 44 75 76 43 45 74 76 43 46 73 76 43 47 72 76 43 48 71 76 43 49 70 76 43 50 69 76 43 51 68 76 43 52 67 76 43 53 66 76 43 54 65 76 43 55 64 76 43 56 63 76 43 57 62 76 43 58 61 76 43 59 60 76 43 60 59 76 43 61 58 76 43 62 57 76 43 63 56 76 43 64 55 76 43 65 54 76 43 66 53 76 43 67 52 76 43 68 51 76 43 69 50 76 43 70 49 76 43 71 48 76 43 72 47 76 43 73 46 76 43 74 45 76 43 75 44 76 43 76 43 76 43 77 42 76 43 78 41 76 43 79 40 76 43 80 39 76 43 81 38 76 43 82 37 76 44 38 82 76 44 39 81 76 44 40 80 76 44 41 79 76 44 42 78 76 44 43 77 76 44 44 76 76 44 45 75 76 44 46 74 76 44 47 73 76 44 48 72 76 44 49 71 76 44 50 70 76 44 51 69 76 44 52 68 76 44 53 67 76 44 54 66 76 44 55 65 76 44 56 64 76 44 57 63 76 44 58 62 76 44 59 61 76 44 60 60 76 44 61 59 76 44 62 58 76 44 63 57 76 44 64 56 76 44 65 55 76 44 66 54 76 44 67 53 76 44 68 52 76 44 69 51 76 44 70 50 76 44 71 49 76 44 72 48 76 44 73 47 76 44 74 46 76 44 75 45 76 44 76 44 76 44 77 43 76 44 78 42 76 44 79 41 76 44 80 40 76 44 81 39 76 44 82 38 76 45 39 82 76 45 40 81 76 45 41 80 76 45 42 79 76 45 43 78 76 45 44 77 76 45 45 76 76 45 46 75 76 45 47 74 76 45 48 73 76 45 49 72 76 45 50 71 76 45 51 70 76 45 52 69 76 45 53 68 76 45 54 67 76 45 55 66 76 45 56 65 76 45 57 64 76 45 58 63 76 45 59 62 76 45 60 61 76 45 61 60 76 45 62 59 76 45 63 58 76 45 64 57 76 45 65 56 76 45 66 55 76 45 67 54 76 45 68 53 76 45 69 52 76 45 70 51 76 45 71 50 76 45 72 49 76 45 73 48 76 45 74 47 76 45 75 46 76 45 76 45 76 45 77 44 76 45 78 43 76 45 79 42 76 45 80 41 76 45 81 40 76 45 82 39 76 46 40 82 76 46 41 81 76 46 42 80 76 46 43 79 76 46 44 78 76 46 45 77 76 46 46 76 76 46 47 75 76 46 48 74 76 46 49 73 76 46 50 72 76 46 51 71 76 46 52 70 76 46 53 69 76 46 54 68 76 46 55 67 76 46 56 66 76 46 57 65 76 46 58 64 76 46 59 63 76 46 60 62 76 46 61 61 76 46 62 60 76 46 63 59 76 46 64 58 76 46 65 57 76 46 66 56 76 46 67 55 76 46 68 54 76 46 69 53 76 46 70 52 76 46 71 51 76 46 72 50 76 46 73 49 76 46 74 48 76 46 75 47 76 46 76 46 76 46 77 45 76 46 78 44 76 46 79 43 76 46 80 42 76 46 81 41 76 46 82 40 76 47 41 82 76 47 42 81 76 47 43 80 76 47 44 79 76 47 45 78 76 47 46 77 76 47 47 76 76 47 48 75 76 47 49 74 76 47 50 73 76 47 51 72 76 47 52 71 76 47 53 70 76 47 54 69 76 47 55 68 76 47 56 67 76 47 57 66 76 47 58 65 76 47 59 64 76 47 60 63 76 47 61 62 76 47 62 61 76 47 63 60 76 47 64 59 76 47 65 58 76 47 66 57 76 47 67 56 76 47 68 55 76 47 69 54 76 47 70 53 76 47 71 52 76 47 72 51 76 47 73 50 76 47 74 49 76 47 75 48 76 47 76 47 76 47 77 46 76 47 78 45 76 47 79 44 76 47 80 43 76 47 81 42 76 47 82 41 76 48 42 82 76 48 43 81 76 48 44 80 76 48 45 79 76 48 46 78 76 48 47 77 76 48 48 76 76 48 49 75 76 48 50 74 76 48 51 73 76 48 52 72 76 48 53 71 76 48 54 70 76 48 55 69 76 48 56 68 76 48 57 67 76 48 58 66 76 48 59 65 76 48 60 64 76 48 61 63 76 48 62 62 76 48 63 61 76 48 64 60 76 48 65 59 76 48 66 58 76 48 67 57 76 48 68 56 76 48 69 55 76 48 70 54 76 48 71 53 76 48 72 52 76 48 73 51 76 48 74 50 76 48 75 49 76 48 76 48 76 48 77 47 76 48 78 46 76 48 79 45 76 48 80 44 76 48 81 43 76 48 82 42 76 49 43 82 76 49 44 81 76 49 45 80 76 49 46 79 76 49 47 78 76 49 48 77 76 49 49 76 76 49 50 75 76 49 51 74 76 49 52 73 76 49 53 72 76 49 54 71 76 49 55 70 76 49 56 69 76 49 57 68 76 49 58 67 76 49 59 66 76 49 60 65 76 49 61 64 76 49 62 63 76 49 63 62 76 49 64 61 76 49 65 60 76 49 66 59 76 49 67 58 76 49 68 57 76 49 69 56 76 49 70 55 76 49 71 54 76 49 72 53 76 49 73 52 76 49 74 51 76 49 75 50 76 49 76 49 76 49 77 48 76 49 78 47 76 49 79 46 76 49 80 45 76 49 81 44 76 49 82 43 76 50 44 82 76 50 45 81 76 50 46 80 76 50 47 79 76 50 48 78 76 50 49 77 76 50 50 76 76 50 51 75 76 50 52 74 76 50 53 73 76 50 54 72 76 50 55 71 76 50 56 70 76 50 57 69 76 50 58 68 76 50 59 67 76 50 60 66 76 50 61 65 76 50 62 64 76 50 63 63 76 50 64 62 76 50 65 61 76 50 66 60 76 50 67 59 76 50 68 58 76 50 69 57 76 50 70 56 76 50 71 55 76 50 72 54 76 50 73 53 76 50 74 52 76 50 75 51 76 50 76 50 76 50 77 49 76 50 78 48 76 50 79 47 76 50 80 46 76 50 81 45 76 50 82 44 76 51 45 82 76 51 46 81 76 51 47 80 76 51 48 79 76 51 49 78 76 51 50 77 76 51 51 76 76 51 52 75 76 51 53 74 76 51 54 73 76 51 55 72 76 51 56 71 76 51 57 70 76 51 58 69 76 51 59 68 76 51 60 67 76 51 61 66 76 51 62 65 76 51 63 64 76 51 64 63 76 51 65 62 76 51 66 61 76 51 67 60 76 51 68 59 76 51 69 58 76 51 70 57 76 51 71 56 76 51 72 55 76 51 73 54 76 51 74 53 76 51 75 52 76 51 76 51 76 51 77 50 76 51 78 49 76 51 79 48 76 51 80 47 76 51 81 46 76 51 82 45 76 52 46 82 76 52 47 81 76 52 48 80 76 52 49 79 76 52 50 78 76 52 51 77 76 52 52 76 76 52 53 75 76 52 54 74 76 52 55 73 76 52 56 72 76 52 57 71 76 52 58 70 76 52 59 69 76 52 60 68 76 52 61 67 76 52 62 66 76 52 63 65 76 52 64 64 76 52 65 63 76 52 66 62 76 52 67 61 76 52 68 60 76 52 69 59 76 52 70 58 76 52 71 57 76 52 72 56 76 52 73 55 76 52 74 54 76 52 75 53 76 52 76 52 76 52 77 51 76 52 78 50 76 52 79 49 76 52 80 48 76 52 81 47 76 52 82 46 76 53 47 82 76 53 48 81 76 53 49 80 76 53 50 79 76 53 51 78 76 53 52 77 76 53 53 76 76 53 54 75 76 53 55 74 76 53 56 73 76 53 57 72 76 53 58 71 76 53 59 70 76 53 60 69 76 53 61 68 76 53 62 67 76 53 63 66 76 53 64 65 76 53 65 64 76 53 66 63 76 53 67 62 76 53 68 61 76 53 69 60 76 53 70 59 76 53 71 58 76 53 72 57 76 53 73 56 76 53 74 55 76 53 75 54 76 53 76 53 76 53 77 52 76 53 78 51 76 53 79 50 76 53 80 49 76 53 81 48 76 53 82 47 76 54 48 82 76 54 49 81 76 54 50 80 76 54 51 79 76 54 52 78 76 54 53 77 76 54 54 76 76 54 55 75 76 54 56 74 76 54 57 73 76 54 58 72 76 54 59 71 76 54 60 70 76 54 61 69 76 54 62 68 76 54 63 67 76 54 64 66 76 54 65 65 76 54 66 64 76 54 67 63 76 54 68 62 76 54 69 61 76 54 70 60 76 54 71 59 76 54 72 58 76 54 73 57 76 54 74 56 76 54 75 55 76 54 76 54 76 54 77 53 76 54 78 52 76 54 79 51 76 54 80 50 76 54 81 49 76 54 82 48 76 55 49 82 76 55 50 81 76 55 51 80 76 55 52 79 76 55 53 78 76 55 54 77 76 55 55 76 76 55 56 75 76 55 57 74 76 55 58 73 76 55 59 72 76 55 60 71 76 55 61 70 76 55 62 69 76 55 63 68 76 55 64 67 76 55 65 66 76 55 66 65 76 55 67 64 76 55 68 63 76 55 69 62 76 55 70 61 76 55 71 60 76 55 72 59 76 55 73 58 76 55 74 57 76 55 75 56 76 55 76 55 76 55 77 54 76 55 78 53 76 55 79 52 76 55 80 51 76 55 81 50 76 55 82 49 76 56 50 82 76 56 51 81 76 56 52 80 76 56 53 79 76 56 54 78 76 56 55 77 76 56 56 76 76 56 57 75 76 56 58 74 76 56 59 73 76 56 60 72 76 56 61 71 76 56 62 70 76 56 63 69 76 56 64 68 76 56 65 67 76 56 66 66 76 56 67 65 76 56 68 64 76 56 69 63 76 56 70 62 76 56 71 61 76 56 72 60 76 56 73 59 76 56 74 58 76 56 75 57 76 56 76 56 76 56 77 55 76 56 78 54 76 56 79 53 76 56 80 52 76 56 81 51 76 56 82 50 76 57 51 82 76 57 52 81 76 57 53 80 76 57 54 79 76 57 55 78 76 57 56 77 76 57 57 76 76 57 58 75 76 57 59 74 76 57 60 73 76 57 61 72 76 57 62 71 76 57 63 70 76 57 64 69 76 57 65 68 76 57 66 67 76 57 67 66 76 57 68 65 76 57 69 64 76 57 70 63 76 57 71 62 76 57 72 61 76 57 73 60 76 57 74 59 76 57 75 58 76 57 76 57 76 57 77 56 76 57 78 55 76 57 79 54 76 57 80 53 76 57 81 52 76 57 82 51 76 58 52 82 76 58 53 81 76 58 54 80 76 58 55 79 76 58 56 78 76 58 57 77 76 58 58 76 76 58 59 75 76 58 60 74 76 58 61 73 76 58 62 72 76 58 63 71 76 58 64 70 76 58 65 69 76 58 66 68 76 58 67 67 76 58 68 66 76 58 69 65 76 58 70 64 76 58 71 63 76 58 72 62 76 58 73 61 76 58 74 60 76 58 75 59 76 58 76 58 76 58 77 57 76 58 78 56 76 58 79 55 76 58 80 54 76 58 81 53 76 58 82 52 76 59 53 82 76 59 54 81 76 59 55 80 76 59 56 79 76 59 57 78 76 59 58 77 76 59 59 76 76 59 60 75 76 59 61 74 76 59 62 73 76 59 63 72 76 59 64 71 76 59 65 70 76 59 66 69 76 59 67 68 76 59 68 67 76 59 69 66 76 59 70 65 76 59 71 64 76 59 72 63 76 59 73 62 76 59 74 61 76 59 75 60 76 59 76 59 76 59 77 58 76 59 78 57 76 59 79 56 76 59 80 55 76 59 81 54 76 59 82 53 76 60 54 82 76 60 55 81 76 60 56 80 76 60 57 79 76 60 58 78 76 60 59 77 76 60 60 76 76 60 61 75 76 60 62 74 76 60 63 73 76 60 64 72 76 60 65 71 76 60 66 70 76 60 67 69 76 60 68 68 76 60 69 67 76 60 70 66 76 60 71 65 76 60 72 64 76 60 73 63 76 60 74 62 76 60 75 61 76 60 76 60 76 60 77 59 76 60 78 58 76 60 79 57 76 60 80 56 76 60 81 55 76 60 82 54 76 61 55 82 76 61 56 81 76 61 57 80 76 61 58 79 76 61 59 78 76 61 60 77 76 61 61 76 76 61 62 75 76 61 63 74 76 61 64 73 76 61 65 72 76 61 66 71 76 61 67 70 76 61 68 69 76 61 69 68 76 61 70 67 76 61 71 66 76 61 72 65 76 61 73 64 76 61 74 63 76 61 75 62 76 61 76 61 76 61 77 60 76 61 78 59 76 61 79 58 76 61 80 57 76 61 81 56 76 61 82 55 76 62 56 82 76 62 57 81 76 62 58 80 76 62 59 79 76 62 60 78 76 62 61 77 76 62 62 76 76 62 63 75 76 62 64 74 76 62 65 73 76 62 66 72 76 62 67 71 76 62 68 70 76 62 69 69 76 62 70 68 76 62 71 67 76 62 72 66 76 62 73 65 76 62 74 64 76 62 75 63 76 62 76 62 76 62 77 61 76 62 78 60 76 62 79 59 76 62 80 58 76 62 81 57 76 62 82 56 76 63 57 82 76 63 58 81 76 63 59 80 76 63 60 79 76 63 61 78 76 63 62 77 76 63 63 76 76 63 64 75 76 63 65 74 76 63 66 73 76 63 67 72 76 63 68 71 76 63 69 70 76 63 70 69 76 63 71 68 76 63 72 67 76 63 73 66 76 63 74 65 76 63 75 64 76 63 76 63 76 63 77 62 76 63 78 61 76 63 79 60 76 63 80 59 76 63 81 58 76 63 82 57 76 64 58 82 76 64 59 81 76 64 60 80 76 64 61 79 76 64 62 78 76 64 63 77 76 64 64 76 76 64 65 75 76 64 66 74 76 64 67 73 76 64 68 72 76 64 69 71 76 64 70 70 76 64 71 69 76 64 72 68 76 64 73 67 76 64 74 66 76 64 75 65 76 64 76 64 76 64 77 63 76 64 78 62 76 64 79 61 76 64 80 60 76 64 81 59 76 64 82 58 76 65 59 82 76 65 60 81 76 65 61 80 76 65 62 79 76 65 63 78 76 65 64 77 76 65 65 76 76 65 66 75 76 65 67 74 76 65 68 73 76 65 69 72 76 65 70 71 76 65 71 70 76 65 72 69 76 65 73 68 76 65 74 67 76 65 75 66 76 65 76 65 76 65 77 64 76 65 78 63 76 65 79 62 76 65 80 61 76 65 81 60 76 65 82 59 76 66 60 82 76 66 61 81 76 66 62 80 76 66 63 79 76 66 64 78 76 66 65 77 76 66 66 76 76 66 67 75 76 66 68 74 76 66 69 73 76 66 70 72 76 66 71 71 76 66 72 70 76 66 73 69 76 66 74 68 76 66 75 67 76 66 76 66 76 66 77 65 76 66 78 64 76 66 79 63 76 66 80 62 76 66 81 61 76 66 82 60 76 67 61 82 76 67 62 81 76 67 63 80 76 67 64 79 76 67 65 78 76 67 66 77 76 67 67 76 76 67 68 75 76 67 69 74 76 67 70 73 76 67 71 72 76 67 72 71 76 67 73 70 76 67 74 69 76 67 75 68 76 67 76 67 76 67 77 66 76 67 78 65 76 67 79 64 76 67 80 63 76 67 81 62 76 67 82 61 76 68 62 82 76 68 63 81 76 68 64 80 76 68 65 79 76 68 66 78 76 68 67 77 76 68 68 76 76 68 69 75 76 68 70 74 76 68 71 73 76 68 72 72 76 68 73 71 76 68 74 70 76 68 75 69 76 68 76 68 76 68 77 67 76 68 78 66 76 68 79 65 76 68 80 64 76 68 81 63 76 68 82 62 76 69 63 82 76 69 64 81 76 69 65 80 76 69 66 79 76 69 67 78 76 69 68 77 76 69 69 76 76 69 70 75 76 69 71 74 76 69 72 73 76 69 73 72 76 69 74 71 76 69 75 70 76 69 76 69 76 69 77 68 76 69 78 67 76 69 79 66 76 69 80 65 76 69 81 64 76 69 82 63 76 70 64 82 76 70 65 81 76 70 66 80 76 70 67 79 76 70 68 78 76 70 69 77 76 70 70 76 76 70 71 75 76 70 72 74 76 70 73 73 76 70 74 72 76 70 75 71 76 70 76 70 76 70 77 69 76 70 78 68 76 70 79 67 76 70 80 66 76 70 81 65 76 70 82 64 76 71 65 82 76 71 66 81 76 71 67 80 76 71 68 79 76 71 69 78 76 71 70 77 76 71 71 76 76 71 72 75 76 71 73 74 76 71 74 73 76 71 75 72 76 71 76 71 76 71 77 70 76 71 78 69 76 71 79 68 76 71 80 67 76 71 81 66 76 71 82 65 76 72 66 82 76 72 67 81 76 72 68 80 76 72 69 79 76 72 70 78 76 72 71 77 76 72 72 76 76 72 73 75 76 72 74 74 76 72 75 73 76 72 76 72 76 72 77 71 76 72 78 70 76 72 79 69 76 72 80 68 76 72 81 67 76 72 82 66 76 73 67 82 76 73 68 81 76 73 69 80 76 73 70 79 76 73 71 78 76 73 72 77 76 73 73 76 76 73 74 75 76 73 75 74 76 73 76 73 76 73 77 72 76 73 78 71 76 73 79 70 76 73 80 69 76 73 81 68 76 73 82 67 76 74 68 82 76 74 69 81 76 74 70 80 76 74 71 79 76 74 72 78 76 74 73 77 76 74 74 76 76 74 75 75 76 74 76 74 76 74 77 73 76 74 78 72 76 74 79 71 76 74 80 70 76 74 81 69 76 74 82 68 76 75 69 82 76 75 70 81 76 75 71 80 76 75 72 79 76 75 73 78 76 75 74 77 76 75 75 76 76 75 76 75 76 75 77 74 76 75 78 73 76 75 79 72 76 75 80 71 76 75 81 70 76 75 82 69 76 76 70 82 76 76 71 81 76 76 72 80 76 76 73 79 76 76 74 78 76 76 75 77 76 76 76 76 76 76 77 75 76 76 78 74 76 76 79 73 76 76 80 72 76 76 81 71 76 76 82 70 76 77 71 82 76 77 72 81 76 77 73 80 76 77 74 79 76 77 75 78 76 77 76 77 76 77 77 76 76 77 78 75 76 77 79 74 76 77 80 73 76 77 81 72 76 77 82 71 76 78 72 82 76 78 73 81 76 78 74 80 76 78 75 79 76 78 76 78 76 78 77 77 76 78 78 76 76 78 79 75 76 78 80 74 76 78 81 73 76 78 82 72 76 79 73 82 76 79 74 81 76 79 75 80 76 79 76 79 76 79 77 78 76 79 78 77 76 79 79 76 76 79 80 75 76 79 81 74 76 79 82 73 76 80 74 82 76 80 75 81 76 80 76 80 76 80 77 79 76 80 78 78 76 80 79 77 76 80 80 76 76 80 81 75 76 80 82 74 76 81 75 82 76 81 76 81 76 81 77 80 76 81 78 79 76 81 79 78 76 81 80 77 76 81 81 76 76 81 82 75 76 82 76 82 76 82 77 81 76 82 78 80 76 82 79 79 76 82 80 78 76 82 81 77 76 82 82 76 






