


























27 0 0 27 27 0 1 25 27 0 2 23 27 0 3 22 27 0 4 20 27 0 5 18 27 0 6 16 27 0 7 15 27 0 8 14 27 0 9 13 27 0 10 12 27 0 11 11 27 0 12 10 27 0 13 9 27 0 14 8 27 0 15 7 27 0 16 6 27 0 18 5 27 0 20 4 27 0 22 3 27 0 23 2 27 0 25 1 27 0 27 0 27 1 0 29 27 1 1 27 27 1 2 25 27 1 3 24 27 1 4 22 27 1 5 20 27 1 6 18 27 1 7 17 27 1 8 16 27 1 9 15 27 1 10 14 27 1 11 13 27 1 12 12 27 1 13 11 27 1 14 10 27 1 15 9 27 1 16 8 27 1 17 7 27 1 18 6 27 1 20 5 27 1 22 4 27 1 24 3 27 1 25 2 27 1 27 1 27 1 29 0 27 2 0 31 27 2 1 29 27 2 2 27 27 2 3 26 27 2 4 24 27 2 5 22 27 2 7 19 27 2 10 16 27 2 11 15 27 2 13 13 27 2 15 11 27 2 16 10 27 2 19 7 27 2 22 5 27 2 24 4 27 2 26 3 27 2 27 2 27 2 29 1 27 2 31 0 27 3 0 32 27 3 1 30 27 3 2 28 27 3 3 27 27 3 4 25 27 3 5 23 27 3 6 21 27 3 7 20 27 3 8 19 27 3 9 18 27 3 10 17 27 3 11 16 27 3 12 15 27 3 13 14 27 3 14 13 27 3 15 12 27 3 16 11 27 3 17 10 27 3 18 9 27 3 19 8 27 3 20 7 27 3 21 6 27 3 23 5 27 3 25 4 27 3 27 3 27 3 28 2 27 3 30 1 27 3 32 0 27 4 0 34 27 4 1 32 27 4 2 30 27 4 3 29 27 4 4 27 27 4 5 25 27 4 6 23 27 4 7 22 27 4 8 21 27 4 10 19 27 4 11 18 27 4 12 17 27 4 13 16 27 4 14 15 27 4 15 14 27 4 16 13 27 4 17 12 27 4 18 11 27 4 19 10 27 4 21 8 27 4 22 7 27 4 23 6 27 4 25 5 27 4 27 4 27 4 29 3 27 4 30 2 27 4 32 1 27 4 34 0 27 5 0 36 27 5 1 34 27 5 2 32 27 5 3 31 27 5 4 29 27 5 5 27 27 5 6 25 27 5 7 24 27 5 8 23 27 5 9 22 27 5 10 21 27 5 11 20 27 5 12 19 27 5 13 18 27 5 14 17 27 5 15 16 27 5 16 15 27 5 17 14 27 5 18 13 27 5 19 12 27 5 20 11 27 5 21 10 27 5 22 9 27 5 23 8 27 5 24 7 27 5 25 6 27 5 27 5 27 5 29 4 27 5 31 3 27 5 32 2 27 5 34 1 27 5 36 0 27 6 0 38 27 6 1 36 27 6 2 34 27 6 3 33 27 6 4 31 27 6 5 29 27 6 6 27 27 6 7 26 27 6 8 25 27 6 9 24 27 6 10 23 27 6 11 22 27 6 12 21 27 6 13 20 27 6 14 19 27 6 15 18 27 6 16 17 27 6 17 16 27 6 18 15 27 6 19 14 27 6 20 13 27 6 21 12 27 6 22 11 27 6 23 10 27 6 24 9 27 6 25 8 27 6 26 7 27 6 27 6 27 6 29 5 27 6 31 4 27 6 33 3 27 6 34 2 27 6 36 1 27 6 38 0 27 7 0 39 27 7 1 37 27 7 2 35 27 7 3 34 27 7 4 32 27 7 5 30 27 7 6 28 27 7 7 27 27 7 8 26 27 7 9 25 27 7 10 24 27 7 11 23 27 7 12 22 27 7 13 21 27 7 14 20 27 7 15 19 27 7 16 18 27 7 17 17 27 7 18 16 27 7 19 15 27 7 20 14 27 7 21 13 27 7 22 12 27 7 23 11 27 7 24 10 27 7 25 9 27 7 26 8 27 7 27 7 27 7 28 6 27 7 30 5 27 7 32 4 27 7 34 3 27 7 35 2 27 7 37 1 27 7 39 0 27 8 0 40 27 8 2 36 27 8 3 35 27 8 4 33 27 8 5 31 27 8 6 29 27 8 7 28 27 8 8 27 27 8 9 26 27 8 10 25 27 8 11 24 27 8 12 23 27 8 13 22 27 8 14 21 27 8 15 20 27 8 16 19 27 8 17 18 27 8 18 17 27 8 19 16 27 8 20 15 27 8 21 14 27 8 22 13 27 8 23 12 27 8 24 11 27 8 25 10 27 8 26 9 27 8 27 8 27 8 28 7 27 8 29 6 27 8 31 5 27 8 33 4 27 8 35 3 27 8 36 2 27 8 40 0 27 9 0 41 27 9 1 39 27 9 2 37 27 9 3 36 27 9 4 34 27 9 5 32 27 9 6 30 27 9 7 29 27 9 8 28 27 9 9 27 27 9 10 26 27 9 11 25 27 9 12 24 27 9 13 23 27 9 14 22 27 9 15 21 27 9 16 20 27 9 17 19 27 9 18 18 27 9 19 17 27 9 20 16 27 9 21 15 27 9 22 14 27 9 23 13 27 9 24 12 27 9 25 11 27 9 26 10 27 9 27 9 27 9 28 8 27 9 29 7 27 9 30 6 27 9 32 5 27 9 34 4 27 9 36 3 27 9 37 2 27 9 39 1 27 9 41 0 27 10 0 42 27 10 1 40 27 10 2 38 27 10 3 37 27 10 4 35 27 10 5 33 27 10 6 31 27 10 7 30 27 10 8 29 27 10 9 28 27 10 10 27 27 10 11 26 27 10 12 25 27 10 13 24 27 10 14 23 27 10 15 22 27 10 16 21 27 10 17 20 27 10 18 19 27 10 19 18 27 10 20 17 27 10 21 16 27 10 22 15 27 10 23 14 27 10 24 13 27 10 25 12 27 10 26 11 27 10 27 10 27 10 28 9 27 10 29 8 27 10 30 7 27 10 31 6 27 10 33 5 27 10 35 4 27 10 37 3 27 10 38 2 27 10 40 1 27 10 42 0 27 11 0 43 27 11 1 41 27 11 2 39 27 11 3 38 27 11 4 36 27 11 5 34 27 11 6 32 27 11 7 31 27 11 8 30 27 11 9 29 27 11 10 28 27 11 11 27 27 11 12 26 27 11 13 25 27 11 15 23 27 11 16 22 27 11 17 21 27 11 19 19 27 11 21 17 27 11 22 16 27 11 23 15 27 11 25 13 27 11 26 12 27 11 27 11 27 11 28 10 27 11 29 9 27 11 30 8 27 11 31 7 27 11 32 6 27 11 34 5 27 11 36 4 27 11 38 3 27 11 39 2 27 11 41 1 27 11 43 0 27 12 0 44 27 12 1 42 27 12 2 40 27 12 3 39 27 12 4 37 27 12 5 35 27 12 6 33 27 12 8 31 27 12 9 30 27 12 10 29 27 12 11 28 27 12 12 27 27 12 13 26 27 12 14 25 27 12 15 24 27 12 16 23 27 12 17 22 27 12 18 21 27 12 19 20 27 12 20 19 27 12 21 18 27 12 22 17 27 12 23 16 27 12 24 15 27 12 25 14 27 12 26 13 27 12 27 12 27 12 28 11 27 12 29 10 27 12 30 9 27 12 31 8 27 12 33 6 27 12 35 5 27 12 37 4 27 12 39 3 27 12 40 2 27 12 42 1 27 12 44 0 27 13 0 45 27 13 1 43 27 13 2 41 27 13 3 40 27 13 4 38 27 13 5 36 27 13 6 34 27 13 7 33 27 13 8 32 27 13 9 31 27 13 10 30 27 13 11 29 27 13 12 28 27 13 13 27 27 13 14 26 27 13 15 25 27 13 16 24 27 13 17 23 27 13 18 22 27 13 19 21 27 13 20 20 27 13 21 19 27 13 22 18 27 13 23 17 27 13 24 16 27 13 25 15 27 13 26 14 27 13 27 13 27 13 28 12 27 13 29 11 27 13 30 10 27 13 31 9 27 13 32 8 27 13 33 7 27 13 34 6 27 13 36 5 27 13 38 4 27 13 40 3 27 13 41 2 27 13 43 1 27 13 45 0 27 14 0 46 27 14 1 44 27 14 2 42 27 14 3 41 27 14 4 39 27 14 5 37 27 14 6 35 27 14 7 34 27 14 9 32 27 14 10 31 27 14 11 30 27 14 12 29 27 14 13 28 27 14 14 27 27 14 15 26 27 14 16 25 27 14 17 24 27 14 18 23 27 14 19 22 27 14 20 21 27 14 21 20 27 14 22 19 27 14 23 18 27 14 24 17 27 14 25 16 27 14 26 15 27 14 27 14 27 14 28 13 27 14 29 12 27 14 30 11 27 14 31 10 27 14 32 9 27 14 34 7 27 14 35 6 27 14 37 5 27 14 39 4 27 14 41 3 27 14 42 2 27 14 44 1 27 14 46 0 27 15 0 47 27 15 1 45 27 15 3 42 27 15 4 40 27 15 5 38 27 15 6 36 27 15 7 35 27 15 8 34 27 15 9 33 27 15 10 32 27 15 11 31 27 15 12 30 27 15 13 29 27 15 14 28 27 15 15 27 27 15 16 26 27 15 17 25 27 15 18 24 27 15 19 23 27 15 20 22 27 15 21 21 27 15 22 20 27 15 23 19 27 15 24 18 27 15 25 17 27 15 26 16 27 15 27 15 27 15 28 14 27 15 29 13 27 15 30 12 27 15 31 11 27 15 32 10 27 15 33 9 27 15 34 8 27 15 35 7 27 15 36 6 27 15 38 5 27 15 40 4 27 15 42 3 27 15 45 1 27 15 47 0 27 16 0 48 27 16 1 46 27 16 2 44 27 16 3 43 27 16 4 41 27 16 5 39 27 16 6 37 27 16 7 36 27 16 8 35 27 16 9 34 27 16 10 33 27 16 11 32 27 16 12 31 27 16 13 30 27 16 14 29 27 16 15 28 27 16 16 27 27 16 17 26 27 16 18 25 27 16 19 24 27 16 20 23 27 16 21 22 27 16 22 21 27 16 23 20 27 16 24 19 27 16 25 18 27 16 26 17 27 16 27 16 27 16 28 15 27 16 29 14 27 16 30 13 27 16 31 12 27 16 32 11 27 16 33 10 27 16 34 9 27 16 35 8 27 16 36 7 27 16 37 6 27 16 39 5 27 16 41 4 27 16 43 3 27 16 44 2 27 16 46 1 27 16 48 0 27 17 0 49 27 17 1 47 27 17 2 45 27 17 3 44 27 17 4 42 27 17 5 40 27 17 6 38 27 17 7 37 27 17 8 36 27 17 9 35 27 17 10 34 27 17 11 33 27 17 12 32 27 17 13 31 27 17 14 30 27 17 15 29 27 17 16 28 27 17 17 27 27 17 18 26 27 17 19 25 27 17 20 24 27 17 21 23 27 17 22 22 27 17 23 21 27 17 24 20 27 17 25 19 27 17 26 18 27 17 27 17 27 17 28 16 27 17 29 15 27 17 30 14 27 17 31 13 27 17 32 12 27 17 33 11 27 17 34 10 27 17 35 9 27 17 36 8 27 17 37 7 27 17 38 6 27 17 40 5 27 17 42 4 27 17 44 3 27 17 45 2 27 17 47 1 27 17 49 0 27 18 0 50 27 18 1 48 27 18 2 46 27 18 3 45 27 18 4 43 27 18 5 41 27 18 6 39 27 18 7 38 27 18 8 37 27 18 9 36 27 18 10 35 27 18 11 34 27 18 13 32 27 18 14 31 27 18 15 30 27 18 16 29 27 18 17 28 27 18 18 27 27 18 19 26 27 18 20 25 27 18 21 24 27 18 22 23 27 18 23 22 27 18 24 21 27 18 25 20 27 18 26 19 27 18 27 18 27 18 28 17 27 18 29 16 27 18 30 15 27 18 31 14 27 18 32 13 27 18 34 11 27 18 35 10 27 18 36 9 27 18 37 8 27 18 38 7 27 18 39 6 27 18 41 5 27 18 43 4 27 18 45 3 27 18 46 2 27 18 48 1 27 18 50 0 27 19 0 51 27 19 1 49 27 19 2 47 27 19 3 46 27 19 4 44 27 19 5 42 27 19 6 40 27 19 7 39 27 19 8 38 27 19 9 37 27 19 10 36 27 19 11 35 27 19 12 34 27 19 13 33 27 19 14 32 27 19 15 31 27 19 16 30 27 19 17 29 27 19 18 28 27 19 19 27 27 19 20 26 27 19 21 25 27 19 22 24 27 19 23 23 27 19 24 22 27 19 25 21 27 19 26 20 27 19 27 19 27 19 28 18 27 19 29 17 27 19 30 16 27 19 31 15 27 19 32 14 27 19 33 13 27 19 34 12 27 19 35 11 27 19 36 10 27 19 37 9 27 19 38 8 27 19 39 7 27 19 40 6 27 19 42 5 27 19 44 4 27 19 46 3 27 19 47 2 27 19 49 1 27 19 51 0 27 20 0 52 27 20 1 50 27 20 2 48 27 20 3 47 27 20 4 45 27 20 5 43 27 20 6 41 27 20 7 40 27 20 8 39 27 20 9 38 27 20 10 37 27 20 11 36 27 20 12 35 27 20 13 34 27 20 14 33 27 20 15 32 27 20 16 31 27 20 17 30 27 20 18 29 27 20 19 28 27 20 20 27 27 20 21 26 27 20 22 25 27 20 23 24 27 20 24 23 27 20 25 22 27 20 26 21 27 20 27 20 27 20 28 19 27 20 29 18 27 20 30 17 27 20 31 16 27 20 32 15 27 20 33 14 27 20 34 13 27 20 35 12 27 20 36 11 27 20 37 10 27 20 38 9 27 20 39 8 27 20 40 7 27 20 41 6 27 20 43 5 27 20 45 4 27 20 47 3 27 20 48 2 27 20 50 1 27 20 52 0 27 21 0 53 27 21 1 51 27 21 2 49 27 21 3 48 27 21 4 46 27 21 5 44 27 21 6 42 27 21 7 41 27 21 8 40 27 21 9 39 27 21 10 38 27 21 11 37 27 21 12 36 27 21 13 35 27 21 14 34 27 21 15 33 27 21 16 32 27 21 17 31 27 21 18 30 27 21 19 29 27 21 20 28 27 21 21 27 27 21 22 26 27 21 23 25 27 21 24 24 27 21 25 23 27 21 26 22 27 21 27 21 27 21 28 20 27 21 29 19 27 21 30 18 27 21 31 17 27 21 32 16 27 21 33 15 27 21 34 14 27 21 35 13 27 21 36 12 27 21 37 11 27 21 38 10 27 21 39 9 27 21 40 8 27 21 41 7 27 21 42 6 27 21 44 5 27 21 46 4 27 21 48 3 27 21 49 2 27 21 51 1 27 21 53 0 27 22 0 54 27 22 1 52 27 22 2 50 27 22 3 49 27 22 4 47 27 22 5 45 27 22 6 43 27 22 7 42 27 22 8 41 27 22 9 40 27 22 10 39 27 22 11 38 27 22 12 37 27 22 13 36 27 22 14 35 27 22 15 34 27 22 16 33 27 22 17 32 27 22 18 31 27 22 19 30 27 22 20 29 27 22 21 28 27 22 22 27 27 22 23 26 27 22 24 25 27 22 25 24 27 22 26 23 27 22 27 22 27 22 28 21 27 22 29 20 27 22 30 19 27 22 31 18 27 22 32 17 27 22 33 16 27 22 34 15 27 22 35 14 27 22 36 13 27 22 37 12 27 22 38 11 27 22 39 10 27 22 40 9 27 22 41 8 27 22 42 7 27 22 43 6 27 22 45 5 27 22 47 4 27 22 49 3 27 22 50 2 27 22 52 1 27 22 54 0 27 23 1 53 27 23 2 51 27 23 3 50 27 23 4 48 27 23 5 46 27 23 6 44 27 23 7 43 27 23 8 42 27 23 9 41 27 23 10 40 27 23 11 39 27 23 12 38 27 23 13 37 27 23 14 36 27 23 15 35 27 23 16 34 27 23 17 33 27 23 18 32 27 23 19 31 27 23 20 30 27 23 21 29 27 23 22 28 27 23 23 27 27 23 24 26 27 23 25 25 27 23 26 24 27 23 27 23 27 23 28 22 27 23 29 21 27 23 30 20 27 23 31 19 27 23 32 18 27 23 33 17 27 23 34 16 27 23 35 15 27 23 36 14 27 23 37 13 27 23 38 12 27 23 39 11 27 23 40 10 27 23 41 9 27 23 42 8 27 23 43 7 27 23 44 6 27 23 46 5 27 23 48 4 27 23 50 3 27 23 51 2 27 23 53 1 27 24 1 54 27 24 2 52 27 24 3 51 27 24 4 49 27 24 5 47 27 24 6 45 27 24 7 44 27 24 8 43 27 24 9 42 27 24 10 41 27 24 11 40 27 24 12 39 27 24 13 38 27 24 14 37 27 24 15 36 27 24 16 35 27 24 17 34 27 24 18 33 27 24 19 32 27 24 20 31 27 24 21 30 27 24 22 29 27 24 23 28 27 24 24 27 27 24 25 26 27 24 26 25 27 24 27 24 27 24 28 23 27 24 29 22 27 24 30 21 27 24 31 20 27 24 32 19 27 24 33 18 27 24 34 17 27 24 35 16 27 24 36 15 27 24 37 14 27 24 38 13 27 24 39 12 27 24 40 11 27 24 41 10 27 24 42 9 27 24 43 8 27 24 44 7 27 24 45 6 27 24 47 5 27 24 49 4 27 24 51 3 27 24 52 2 27 24 54 1 27 25 1 55 27 25 2 53 27 25 3 52 27 25 4 50 27 25 5 48 27 25 6 46 27 25 7 45 27 25 8 44 27 25 9 43 27 25 10 42 27 25 11 41 27 25 12 40 27 25 13 39 27 25 14 38 27 25 15 37 27 25 16 36 27 25 17 35 27 25 18 34 27 25 19 33 27 25 20 32 27 25 21 31 27 25 22 30 27 25 23 29 27 25 24 28 27 25 25 27 27 25 26 26 27 25 27 25 27 25 28 24 27 25 29 23 27 25 30 22 27 25 31 21 27 25 32 20 27 25 33 19 27 25 34 18 27 25 35 17 27 25 36 16 27 25 37 15 27 25 38 14 27 25 39 13 27 25 40 12 27 25 41 11 27 25 42 10 27 25 43 9 27 25 44 8 27 25 45 7 27 25 46 6 27 25 48 5 27 25 50 4 27 25 52 3 27 25 53 2 27 25 55 1 27 26 1 56 27 26 2 54 27 26 3 53 27 26 4 51 27 26 5 49 27 26 6 47 27 26 7 46 27 26 8 45 27 26 9 44 27 26 10 43 27 26 11 42 27 26 12 41 27 26 13 40 27 26 14 39 27 26 15 38 27 26 16 37 27 26 17 36 27 26 18 35 27 26 19 34 27 26 20 33 27 26 21 32 27 26 22 31 27 26 23 30 27 26 24 29 27 26 25 28 27 26 26 27 27 26 27 26 27 26 28 25 27 26 29 24 27 26 30 23 27 26 31 22 27 26 32 21 27 26 33 20 27 26 34 19 27 26 35 18 27 26 36 17 27 26 37 16 27 26 38 15 27 26 39 14 27 26 40 13 27 26 41 12 27 26 42 11 27 26 43 10 27 26 44 9 27 26 45 8 27 26 46 7 27 26 47 6 27 26 49 5 27 26 51 4 27 26 53 3 27 26 54 2 27 26 56 1 27 27 1 57 27 27 2 55 27 27 3 54 27 27 4 52 27 27 5 50 27 27 6 48 27 27 7 47 27 27 8 46 27 27 9 45 27 27 10 44 27 27 11 43 27 27 12 42 27 27 13 41 27 27 14 40 27 27 15 39 27 27 16 38 27 27 17 37 27 27 18 36 27 27 19 35 27 27 20 34 27 27 21 33 27 27 22 32 27 27 23 31 27 27 24 30 27 27 25 29 27 27 26 28 27 27 27 27 27 27 28 26 27 27 29 25 27 27 30 24 27 27 31 23 27 27 32 22 27 27 33 21 27 27 34 20 27 27 35 19 27 27 36 18 27 27 37 17 27 27 38 16 27 27 39 15 27 27 40 14 27 27 41 13 27 27 42 12 27 27 43 11 27 27 44 10 27 27 45 9 27 27 46 8 27 27 47 7 27 27 48 6 27 27 50 5 27 27 52 4 27 27 54 3 27 27 55 2 27 27 57 1 27 28 1 58 27 28 2 56 27 28 3 55 27 28 4 53 27 28 5 51 27 28 6 49 27 28 7 48 27 28 8 47 27 28 9 46 27 28 10 45 27 28 11 44 27 28 12 43 27 28 13 42 27 28 14 41 27 28 15 40 27 28 16 39 27 28 17 38 27 28 18 37 27 28 19 36 27 28 20 35 27 28 21 34 27 28 22 33 27 28 23 32 27 28 24 31 27 28 25 30 27 28 26 29 27 28 27 28 27 28 28 27 27 28 29 26 27 28 30 25 27 28 31 24 27 28 32 23 27 28 33 22 27 28 34 21 27 28 35 20 27 28 36 19 27 28 37 18 27 28 38 17 27 28 39 16 27 28 40 15 27 28 41 14 27 28 42 13 27 28 43 12 27 28 44 11 27 28 45 10 27 28 46 9 27 28 47 8 27 28 48 7 27 28 49 6 27 28 51 5 27 28 53 4 27 28 55 3 27 28 56 2 27 28 58 1 27 29 1 59 27 29 2 57 27 29 3 56 27 29 4 54 27 29 5 52 27 29 6 50 27 29 7 49 27 29 8 48 27 29 9 47 27 29 10 46 27 29 11 45 27 29 12 44 27 29 13 43 27 29 14 42 27 29 15 41 27 29 16 40 27 29 17 39 27 29 18 38 27 29 19 37 27 29 20 36 27 29 21 35 27 29 22 34 27 29 23 33 27 29 24 32 27 29 25 31 27 29 26 30 27 29 27 29 27 29 28 28 27 29 29 27 27 29 30 26 27 29 31 25 27 29 32 24 27 29 33 23 27 29 34 22 27 29 35 21 27 29 36 20 27 29 37 19 27 29 38 18 27 29 39 17 27 29 40 16 27 29 41 15 27 29 42 14 27 29 43 13 27 29 44 12 27 29 45 11 27 29 46 10 27 29 47 9 27 29 48 8 27 29 49 7 27 29 50 6 27 29 52 5 27 29 54 4 27 29 56 3 27 29 57 2 27 29 59 1 27 30 1 60 27 30 2 58 27 30 3 57 27 30 4 55 27 30 5 53 27 30 6 51 27 30 7 50 27 30 8 49 27 30 9 48 27 30 10 47 27 30 11 46 27 30 12 45 27 30 13 44 27 30 14 43 27 30 15 42 27 30 16 41 27 30 17 40 27 30 18 39 27 30 19 38 27 30 20 37 27 30 21 36 27 30 22 35 27 30 23 34 27 30 24 33 27 30 25 32 27 30 26 31 27 30 27 30 27 30 28 29 27 30 29 28 27 30 30 27 27 30 31 26 27 30 32 25 27 30 33 24 27 30 34 23 27 30 35 22 27 30 36 21 27 30 37 20 27 30 38 19 27 30 39 18 27 30 40 17 27 30 41 16 27 30 42 15 27 30 43 14 27 30 44 13 27 30 45 12 27 30 46 11 27 30 47 10 27 30 48 9 27 30 49 8 27 30 50 7 27 30 51 6 27 30 53 5 27 30 55 4 27 30 57 3 27 30 58 2 27 30 60 1 27 31 1 61 27 31 2 59 27 31 3 58 27 31 4 56 27 31 5 54 27 31 6 52 27 31 7 51 27 31 8 50 27 31 9 49 27 31 10 48 27 31 11 47 27 31 12 46 27 31 13 45 27 31 14 44 27 31 15 43 27 31 16 42 27 31 17 41 27 31 18 40 27 31 19 39 27 31 20 38 27 31 21 37 27 31 22 36 27 31 23 35 27 31 24 34 27 31 25 33 27 31 26 32 27 31 27 31 27 31 28 30 27 31 29 29 27 31 30 28 27 31 31 27 27 31 32 26 27 31 33 25 27 31 34 24 27 31 35 23 27 31 36 22 27 31 37 21 27 31 38 20 27 31 39 19 27 31 40 18 27 31 41 17 27 31 42 16 27 31 43 15 27 31 44 14 27 31 45 13 27 31 46 12 27 31 47 11 27 31 48 10 27 31 49 9 27 31 50 8 27 31 51 7 27 31 52 6 27 31 54 5 27 31 56 4 27 31 58 3 27 31 59 2 27 31 61 1 27 32 1 62 27 32 2 60 27 32 3 59 27 32 4 57 27 32 5 55 27 32 6 53 27 32 7 52 27 32 10 49 27 32 11 48 27 32 12 47 27 32 13 46 27 32 14 45 27 32 15 44 27 32 16 43 27 32 17 42 27 32 18 41 27 32 19 40 27 32 20 39 27 32 21 38 27 32 22 37 27 32 23 36 27 32 24 35 27 32 25 34 27 32 26 33 27 32 27 32 27 32 28 31 27 32 29 30 27 32 30 29 27 32 31 28 27 32 32 27 27 32 33 26 27 32 34 25 27 32 35 24 27 32 36 23 27 32 37 22 27 32 38 21 27 32 39 20 27 32 40 19 27 32 41 18 27 32 42 17 27 32 43 16 27 32 44 15 27 32 45 14 27 32 46 13 27 32 47 12 27 32 48 11 27 32 49 10 27 32 52 7 27 32 53 6 27 32 55 5 27 32 57 4 27 32 59 3 27 32 60 2 27 32 62 1 27 33 1 63 27 33 2 61 27 33 3 60 27 33 4 58 27 33 5 56 27 33 6 54 27 33 7 53 27 33 8 52 27 33 9 51 27 33 10 50 27 33 11 49 27 33 12 48 27 33 13 47 27 33 14 46 27 33 15 45 27 33 16 44 27 33 17 43 27 33 18 42 27 33 19 41 27 33 20 40 27 33 21 39 27 33 22 38 27 33 23 37 27 33 24 36 27 33 25 35 27 33 26 34 27 33 27 33 27 33 28 32 27 33 29 31 27 33 30 30 27 33 31 29 27 33 32 28 27 33 33 27 27 33 34 26 27 33 35 25 27 33 36 24 27 33 37 23 27 33 38 22 27 33 39 21 27 33 40 20 27 33 41 19 27 33 42 18 27 33 43 17 27 33 44 16 27 33 45 15 27 33 46 14 27 33 47 13 27 33 48 12 27 33 49 11 27 33 50 10 27 33 51 9 27 33 52 8 27 33 53 7 27 33 54 6 27 33 56 5 27 33 58 4 27 33 60 3 27 33 61 2 27 33 63 1 27 34 1 64 27 34 2 62 27 34 3 61 27 34 4 59 27 34 5 57 27 34 6 55 27 34 7 54 27 34 8 53 27 34 9 52 27 34 10 51 27 34 11 50 27 34 12 49 27 34 13 48 27 34 14 47 27 34 15 46 27 34 16 45 27 34 17 44 27 34 18 43 27 34 19 42 27 34 20 41 27 34 21 40 27 34 22 39 27 34 23 38 27 34 24 37 27 34 25 36 27 34 26 35 27 34 27 34 27 34 28 33 27 34 29 32 27 34 30 31 27 34 31 30 27 34 32 29 27 34 33 28 27 34 34 27 27 34 35 26 27 34 36 25 27 34 37 24 27 34 38 23 27 34 39 22 27 34 40 21 27 34 41 20 27 34 42 19 27 34 43 18 27 34 44 17 27 34 45 16 27 34 46 15 27 34 47 14 27 34 48 13 27 34 49 12 27 34 50 11 27 34 51 10 27 34 52 9 27 34 53 8 27 34 54 7 27 34 55 6 27 34 57 5 27 34 59 4 27 34 61 3 27 34 62 2 27 34 64 1 27 35 1 65 27 35 2 63 27 35 3 62 27 35 4 60 27 35 5 58 27 35 6 56 27 35 7 55 27 35 8 54 27 35 9 53 27 35 10 52 27 35 11 51 27 35 12 50 27 35 13 49 27 35 14 48 27 35 15 47 27 35 16 46 27 35 17 45 27 35 18 44 27 35 19 43 27 35 20 42 27 35 21 41 27 35 22 40 27 35 23 39 27 35 24 38 27 35 25 37 27 35 26 36 27 35 27 35 27 35 28 34 27 35 29 33 27 35 30 32 27 35 31 31 27 35 32 30 27 35 33 29 27 35 34 28 27 35 35 27 27 35 36 26 27 35 37 25 27 35 38 24 27 35 39 23 27 35 40 22 27 35 41 21 27 35 42 20 27 35 43 19 27 35 44 18 27 35 45 17 27 35 46 16 27 35 47 15 27 35 48 14 27 35 49 13 27 35 50 12 27 35 51 11 27 35 52 10 27 35 53 9 27 35 54 8 27 35 55 7 27 35 56 6 27 35 58 5 27 35 60 4 27 35 62 3 27 35 63 2 27 35 65 1 27 36 2 64 27 36 3 63 27 36 4 61 27 36 5 59 27 36 6 57 27 36 7 56 27 36 8 55 27 36 9 54 27 36 10 53 27 36 11 52 27 36 12 51 27 36 13 50 27 36 14 49 27 36 15 48 27 36 16 47 27 36 17 46 27 36 18 45 27 36 19 44 27 36 20 43 27 36 21 42 27 36 22 41 27 36 23 40 27 36 24 39 27 36 25 38 27 36 26 37 27 36 27 36 27 36 28 35 27 36 29 34 27 36 30 33 27 36 31 32 27 36 32 31 27 36 33 30 27 36 34 29 27 36 35 28 27 36 36 27 27 36 37 26 27 36 38 25 27 36 39 24 27 36 40 23 27 36 41 22 27 36 42 21 27 36 43 20 27 36 44 19 27 36 45 18 27 36 46 17 27 36 47 16 27 36 48 15 27 36 49 14 27 36 50 13 27 36 51 12 27 36 52 11 27 36 53 10 27 36 54 9 27 36 55 8 27 36 56 7 27 36 57 6 27 36 59 5 27 36 61 4 27 36 63 3 27 36 64 2 27 37 2 65 27 37 3 64 27 37 4 62 27 37 5 60 27 37 6 58 27 37 7 57 27 37 8 56 27 37 9 55 27 37 10 54 27 37 11 53 27 37 12 52 27 37 13 51 27 37 14 50 27 37 15 49 27 37 16 48 27 37 17 47 27 37 18 46 27 37 19 45 27 37 20 44 27 37 21 43 27 37 22 42 27 37 23 41 27 37 24 40 27 37 25 39 27 37 26 38 27 37 27 37 27 37 28 36 27 37 29 35 27 37 30 34 27 37 31 33 27 37 32 32 27 37 33 31 27 37 34 30 27 37 35 29 27 37 36 28 27 37 37 27 27 37 38 26 27 37 39 25 27 37 40 24 27 37 41 23 27 37 42 22 27 37 43 21 27 37 44 20 27 37 45 19 27 37 46 18 27 37 47 17 27 37 48 16 27 37 49 15 27 37 50 14 27 37 51 13 27 37 52 12 27 37 53 11 27 37 54 10 27 37 55 9 27 37 56 8 27 37 57 7 27 37 58 6 27 37 60 5 27 37 62 4 27 37 64 3 27 37 65 2 27 38 2 66 27 38 3 65 27 38 4 63 27 38 5 61 27 38 6 59 27 38 7 58 27 38 9 56 27 38 10 55 27 38 11 54 27 38 13 52 27 38 14 51 27 38 15 50 27 38 16 49 27 38 17 48 27 38 18 47 27 38 19 46 27 38 20 45 27 38 21 44 27 38 22 43 27 38 23 42 27 38 24 41 27 38 25 40 27 38 26 39 27 38 27 38 27 38 28 37 27 38 29 36 27 38 30 35 27 38 31 34 27 38 32 33 27 38 33 32 27 38 34 31 27 38 35 30 27 38 36 29 27 38 37 28 27 38 38 27 27 38 39 26 27 38 40 25 27 38 41 24 27 38 42 23 27 38 43 22 27 38 44 21 27 38 45 20 27 38 46 19 27 38 47 18 27 38 48 17 27 38 49 16 27 38 50 15 27 38 51 14 27 38 52 13 27 38 54 11 27 38 55 10 27 38 56 9 27 38 58 7 27 38 59 6 27 38 61 5 27 38 63 4 27 38 65 3 27 38 66 2 27 39 2 67 27 39 3 66 27 39 4 64 27 39 5 62 27 39 6 60 27 39 7 59 27 39 8 58 27 39 9 57 27 39 10 56 27 39 11 55 27 39 12 54 27 39 13 53 27 39 14 52 27 39 15 51 27 39 16 50 27 39 17 49 27 39 18 48 27 39 19 47 27 39 20 46 27 39 21 45 27 39 22 44 27 39 23 43 27 39 24 42 27 39 25 41 27 39 26 40 27 39 27 39 27 39 28 38 27 39 29 37 27 39 30 36 27 39 31 35 27 39 32 34 27 39 33 33 27 39 34 32 27 39 35 31 27 39 36 30 27 39 37 29 27 39 38 28 27 39 39 27 27 39 40 26 27 39 41 25 27 39 42 24 27 39 43 23 27 39 44 22 27 39 45 21 27 39 46 20 27 39 47 19 27 39 48 18 27 39 49 17 27 39 50 16 27 39 51 15 27 39 52 14 27 39 53 13 27 39 54 12 27 39 55 11 27 39 56 10 27 39 57 9 27 39 58 8 27 39 59 7 27 39 60 6 27 39 62 5 27 39 64 4 27 39 66 3 27 39 67 2 27 40 2 68 27 40 3 67 27 40 4 65 27 40 5 63 27 40 6 61 27 40 7 60 27 40 8 59 27 40 9 58 27 40 10 57 27 40 11 56 27 40 12 55 27 40 13 54 27 40 14 53 27 40 15 52 27 40 16 51 27 40 17 50 27 40 18 49 27 40 19 48 27 40 20 47 27 40 21 46 27 40 22 45 27 40 23 44 27 40 24 43 27 40 25 42 27 40 26 41 27 40 27 40 27 40 28 39 27 40 29 38 27 40 30 37 27 40 31 36 27 40 32 35 27 40 33 34 27 40 34 33 27 40 35 32 27 40 36 31 27 40 37 30 27 40 38 29 27 40 39 28 27 40 40 27 27 40 41 26 27 40 42 25 27 40 43 24 27 40 44 23 27 40 45 22 27 40 46 21 27 40 47 20 27 40 48 19 27 40 49 18 27 40 50 17 27 40 51 16 27 40 52 15 27 40 53 14 27 40 54 13 27 40 55 12 27 40 56 11 27 40 57 10 27 40 58 9 27 40 59 8 27 40 60 7 27 40 61 6 27 40 63 5 27 40 65 4 27 40 67 3 27 40 68 2 27 41 2 69 27 41 3 68 27 41 4 66 27 41 5 64 27 41 6 62 27 41 7 61 27 41 8 60 27 41 9 59 27 41 10 58 27 41 11 57 27 41 12 56 27 41 13 55 27 41 14 54 27 41 15 53 27 41 16 52 27 41 17 51 27 41 18 50 27 41 19 49 27 41 20 48 27 41 21 47 27 41 22 46 27 41 23 45 27 41 24 44 27 41 25 43 27 41 26 42 27 41 27 41 27 41 28 40 27 41 29 39 27 41 30 38 27 41 31 37 27 41 32 36 27 41 33 35 27 41 34 34 27 41 35 33 27 41 36 32 27 41 37 31 27 41 38 30 27 41 39 29 27 41 40 28 27 41 41 27 27 41 42 26 27 41 43 25 27 41 44 24 27 41 45 23 27 41 46 22 27 41 47 21 27 41 48 20 27 41 49 19 27 41 50 18 27 41 51 17 27 41 52 16 27 41 53 15 27 41 54 14 27 41 55 13 27 41 56 12 27 41 57 11 27 41 58 10 27 41 59 9 27 41 60 8 27 41 61 7 27 41 62 6 27 41 64 5 27 41 66 4 27 41 68 3 27 41 69 2 27 42 2 70 27 42 3 69 27 42 4 67 27 42 5 65 27 42 6 63 27 42 7 62 27 42 8 61 27 42 9 60 27 42 10 59 27 42 11 58 27 42 12 57 27 42 13 56 27 42 14 55 27 42 15 54 27 42 16 53 27 42 17 52 27 42 18 51 27 42 19 50 27 42 20 49 27 42 21 48 27 42 22 47 27 42 23 46 27 42 24 45 27 42 25 44 27 42 26 43 27 42 27 42 27 42 28 41 27 42 29 40 27 42 30 39 27 42 31 38 27 42 32 37 27 42 33 36 27 42 34 35 27 42 35 34 27 42 36 33 27 42 37 32 27 42 38 31 27 42 39 30 27 42 40 29 27 42 41 28 27 42 42 27 27 42 43 26 27 42 44 25 27 42 45 24 27 42 46 23 27 42 47 22 27 42 48 21 27 42 49 20 27 42 50 19 27 42 51 18 27 42 52 17 27 42 53 16 27 42 54 15 27 42 55 14 27 42 56 13 27 42 57 12 27 42 58 11 27 42 59 10 27 42 60 9 27 42 61 8 27 42 62 7 27 42 63 6 27 42 65 5 27 42 67 4 27 42 69 3 27 42 70 2 27 43 3 70 27 43 4 68 27 43 5 66 27 43 6 64 27 43 7 63 27 43 8 62 27 43 9 61 27 43 10 60 27 43 11 59 27 43 12 58 27 43 13 57 27 43 14 56 27 43 15 55 27 43 16 54 27 43 17 53 27 43 18 52 27 43 19 51 27 43 20 50 27 43 21 49 27 43 22 48 27 43 23 47 27 43 24 46 27 43 25 45 27 43 26 44 27 43 27 43 27 43 28 42 27 43 29 41 27 43 30 40 27 43 31 39 27 43 32 38 27 43 33 37 27 43 34 36 27 43 35 35 27 43 36 34 27 43 37 33 27 43 38 32 27 43 39 31 27 43 40 30 27 43 41 29 27 43 42 28 27 43 43 27 27 43 44 26 27 43 45 25 27 43 46 24 27 43 47 23 27 43 48 22 27 43 49 21 27 43 50 20 27 43 51 19 27 43 52 18 27 43 53 17 27 43 54 16 27 43 55 15 27 43 56 14 27 43 57 13 27 43 58 12 27 43 59 11 27 43 60 10 27 43 61 9 27 43 62 8 27 43 63 7 27 43 64 6 27 43 66 5 27 43 68 4 27 43 70 3 27 44 3 71 27 44 4 69 27 44 5 67 27 44 6 65 27 44 7 64 27 44 8 63 27 44 9 62 27 44 10 61 27 44 11 60 27 44 12 59 27 44 13 58 27 44 14 57 27 44 15 56 27 44 16 55 27 44 17 54 27 44 18 53 27 44 19 52 27 44 20 51 27 44 21 50 27 44 22 49 27 44 23 48 27 44 24 47 27 44 25 46 27 44 26 45 27 44 27 44 27 44 28 43 27 44 29 42 27 44 30 41 27 44 31 40 27 44 32 39 27 44 33 38 27 44 34 37 27 44 35 36 27 44 36 35 27 44 37 34 27 44 38 33 27 44 39 32 27 44 40 31 27 44 41 30 27 44 42 29 27 44 43 28 27 44 44 27 27 44 45 26 27 44 46 25 27 44 47 24 27 44 48 23 27 44 49 22 27 44 50 21 27 44 51 20 27 44 52 19 27 44 53 18 27 44 54 17 27 44 55 16 27 44 56 15 27 44 57 14 27 44 58 13 27 44 59 12 27 44 60 11 27 44 61 10 27 44 62 9 27 44 63 8 27 44 64 7 27 44 65 6 27 44 67 5 27 44 69 4 27 44 71 3 27 45 3 72 27 45 4 70 27 45 5 68 27 45 6 66 27 45 7 65 27 45 8 64 27 45 9 63 27 45 10 62 27 45 11 61 27 45 12 60 27 45 13 59 27 45 14 58 27 45 15 57 27 45 16 56 27 45 17 55 27 45 18 54 27 45 19 53 27 45 20 52 27 45 21 51 27 45 22 50 27 45 23 49 27 45 24 48 27 45 25 47 27 45 26 46 27 45 27 45 27 45 28 44 27 45 29 43 27 45 30 42 27 45 31 41 27 45 32 40 27 45 33 39 27 45 34 38 27 45 35 37 27 45 36 36 27 45 37 35 27 45 38 34 27 45 39 33 27 45 40 32 27 45 41 31 27 45 42 30 27 45 43 29 27 45 44 28 27 45 45 27 27 45 46 26 27 45 47 25 27 45 48 24 27 45 49 23 27 45 50 22 27 45 51 21 27 45 52 20 27 45 53 19 27 45 54 18 27 45 55 17 27 45 56 16 27 45 57 15 27 45 58 14 27 45 59 13 27 45 60 12 27 45 61 11 27 45 62 10 27 45 63 9 27 45 64 8 27 45 65 7 27 45 66 6 27 45 68 5 27 45 70 4 27 45 72 3 27 46 3 73 27 46 4 71 27 46 5 69 27 46 6 67 27 46 7 66 27 46 8 65 27 46 9 64 27 46 10 63 27 46 11 62 27 46 12 61 27 46 13 60 27 46 14 59 27 46 15 58 27 46 16 57 27 46 17 56 27 46 18 55 27 46 19 54 27 46 20 53 27 46 21 52 27 46 22 51 27 46 23 50 27 46 24 49 27 46 25 48 27 46 26 47 27 46 27 46 27 46 28 45 27 46 29 44 27 46 30 43 27 46 31 42 27 46 32 41 27 46 33 40 27 46 34 39 27 46 35 38 27 46 36 37 27 46 37 36 27 46 38 35 27 46 39 34 27 46 40 33 27 46 41 32 27 46 42 31 27 46 43 30 27 46 44 29 27 46 45 28 27 46 46 27 27 46 47 26 27 46 48 25 27 46 49 24 27 46 50 23 27 46 51 22 27 46 52 21 27 46 53 20 27 46 54 19 27 46 55 18 27 46 56 17 27 46 57 16 27 46 58 15 27 46 59 14 27 46 60 13 27 46 61 12 27 46 62 11 27 46 63 10 27 46 64 9 27 46 65 8 27 46 66 7 27 46 67 6 27 46 69 5 27 46 71 4 27 46 73 3 27 47 3 74 27 47 4 72 27 47 5 70 27 47 6 68 27 47 7 67 27 47 8 66 27 47 9 65 27 47 10 64 27 47 11 63 27 47 12 62 27 47 13 61 27 47 14 60 27 47 15 59 27 47 16 58 27 47 17 57 27 47 18 56 27 47 19 55 27 47 20 54 27 47 21 53 27 47 22 52 27 47 23 51 27 47 24 50 27 47 25 49 27 47 26 48 27 47 27 47 27 47 28 46 27 47 29 45 27 47 30 44 27 47 31 43 27 47 32 42 27 47 33 41 27 47 34 40 27 47 35 39 27 47 36 38 27 47 37 37 27 47 38 36 27 47 39 35 27 47 40 34 27 47 41 33 27 47 42 32 27 47 43 31 27 47 44 30 27 47 45 29 27 47 46 28 27 47 47 27 27 47 48 26 27 47 49 25 27 47 50 24 27 47 51 23 27 47 52 22 27 47 53 21 27 47 54 20 27 47 55 19 27 47 56 18 27 47 57 17 27 47 58 16 27 47 59 15 27 47 60 14 27 47 61 13 27 47 62 12 27 47 63 11 27 47 64 10 27 47 65 9 27 47 66 8 27 47 67 7 27 47 68 6 27 47 70 5 27 47 72 4 27 47 74 3 27 48 4 73 27 48 5 71 27 48 6 69 27 48 7 68 27 48 8 67 27 48 9 66 27 48 10 65 27 48 11 64 27 48 12 63 27 48 13 62 27 48 14 61 27 48 15 60 27 48 16 59 27 48 17 58 27 48 18 57 27 48 19 56 27 48 20 55 27 48 21 54 27 48 22 53 27 48 23 52 27 48 24 51 27 48 25 50 27 48 26 49 27 48 27 48 27 48 28 47 27 48 29 46 27 48 30 45 27 48 31 44 27 48 32 43 27 48 33 42 27 48 34 41 27 48 35 40 27 48 36 39 27 48 37 38 27 48 38 37 27 48 39 36 27 48 40 35 27 48 41 34 27 48 42 33 27 48 43 32 27 48 44 31 27 48 45 30 27 48 46 29 27 48 47 28 27 48 48 27 27 48 49 26 27 48 50 25 27 48 51 24 27 48 52 23 27 48 53 22 27 48 54 21 27 48 55 20 27 48 56 19 27 48 57 18 27 48 58 17 27 48 59 16 27 48 60 15 27 48 61 14 27 48 62 13 27 48 63 12 27 48 64 11 27 48 65 10 27 48 66 9 27 48 67 8 27 48 68 7 27 48 69 6 27 48 71 5 27 48 73 4 27 49 4 74 27 49 5 72 27 49 6 70 27 49 7 69 27 49 8 68 27 49 9 67 27 49 10 66 27 49 11 65 27 49 12 64 27 49 13 63 27 49 14 62 27 49 15 61 27 49 16 60 27 49 17 59 27 49 18 58 27 49 19 57 27 49 20 56 27 49 21 55 27 49 22 54 27 49 23 53 27 49 24 52 27 49 25 51 27 49 26 50 27 49 27 49 27 49 28 48 27 49 29 47 27 49 30 46 27 49 31 45 27 49 32 44 27 49 33 43 27 49 34 42 27 49 35 41 27 49 36 40 27 49 37 39 27 49 38 38 27 49 39 37 27 49 40 36 27 49 41 35 27 49 42 34 27 49 43 33 27 49 44 32 27 49 45 31 27 49 46 30 27 49 47 29 27 49 48 28 27 49 49 27 27 49 50 26 27 49 51 25 27 49 52 24 27 49 53 23 27 49 54 22 27 49 55 21 27 49 56 20 27 49 57 19 27 49 58 18 27 49 59 17 27 49 60 16 27 49 61 15 27 49 62 14 27 49 63 13 27 49 64 12 27 49 65 11 27 49 66 10 27 49 67 9 27 49 68 8 27 49 69 7 27 49 70 6 27 49 72 5 27 49 74 4 27 50 4 75 27 50 5 73 27 50 6 71 27 50 7 70 27 50 8 69 27 50 9 68 27 50 10 67 27 50 11 66 27 50 12 65 27 50 13 64 27 50 14 63 27 50 15 62 27 50 16 61 27 50 17 60 27 50 18 59 27 50 19 58 27 50 20 57 27 50 21 56 27 50 22 55 27 50 23 54 27 50 24 53 27 50 25 52 27 50 26 51 27 50 27 50 27 50 28 49 27 50 29 48 27 50 30 47 27 50 31 46 27 50 32 45 27 50 33 44 27 50 34 43 27 50 35 42 27 50 36 41 27 50 37 40 27 50 38 39 27 50 39 38 27 50 40 37 27 50 41 36 27 50 42 35 27 50 43 34 27 50 44 33 27 50 45 32 27 50 46 31 27 50 47 30 27 50 48 29 27 50 49 28 27 50 50 27 27 50 51 26 27 50 52 25 27 50 53 24 27 50 54 23 27 50 55 22 27 50 56 21 27 50 57 20 27 50 58 19 27 50 59 18 27 50 60 17 27 50 61 16 27 50 62 15 27 50 63 14 27 50 64 13 27 50 65 12 27 50 66 11 27 50 67 10 27 50 68 9 27 50 69 8 27 50 70 7 27 50 71 6 27 50 73 5 27 50 75 4 27 51 4 76 27 51 5 74 27 51 6 72 27 51 7 71 27 51 8 70 27 51 9 69 27 51 10 68 27 51 11 67 27 51 12 66 27 51 13 65 27 51 14 64 27 51 15 63 27 51 16 62 27 51 17 61 27 51 18 60 27 51 19 59 27 51 20 58 27 51 21 57 27 51 22 56 27 51 23 55 27 51 24 54 27 51 25 53 27 51 26 52 27 51 27 51 27 51 28 50 27 51 29 49 27 51 30 48 27 51 31 47 27 51 32 46 27 51 33 45 27 51 34 44 27 51 35 43 27 51 36 42 27 51 37 41 27 51 38 40 27 51 39 39 27 51 40 38 27 51 41 37 27 51 42 36 27 51 43 35 27 51 44 34 27 51 45 33 27 51 46 32 27 51 47 31 27 51 48 30 27 51 49 29 27 51 50 28 27 51 51 27 27 51 52 26 27 51 53 25 27 51 54 24 27 51 55 23 27 51 56 22 27 51 57 21 27 51 58 20 27 51 59 19 27 51 60 18 27 51 61 17 27 51 62 16 27 51 63 15 27 51 64 14 27 51 65 13 27 51 66 12 27 51 67 11 27 51 68 10 27 51 69 9 27 51 70 8 27 51 71 7 27 51 72 6 27 51 74 5 27 51 76 4 27 52 5 75 27 52 6 73 27 52 7 72 27 52 8 71 27 52 9 70 27 52 10 69 27 52 11 68 27 52 12 67 27 52 13 66 27 52 14 65 27 52 15 64 27 52 16 63 27 52 17 62 27 52 18 61 27 52 19 60 27 52 20 59 27 52 21 58 27 52 22 57 27 52 23 56 27 52 24 55 27 52 25 54 27 52 26 53 27 52 27 52 27 52 28 51 27 52 29 50 27 52 30 49 27 52 31 48 27 52 32 47 27 52 33 46 27 52 34 45 27 52 35 44 27 52 36 43 27 52 37 42 27 52 38 41 27 52 39 40 27 52 40 39 27 52 41 38 27 52 42 37 27 52 43 36 27 52 44 35 27 52 45 34 27 52 46 33 27 52 47 32 27 52 48 31 27 52 49 30 27 52 50 29 27 52 51 28 27 52 52 27 27 52 53 26 27 52 54 25 27 52 55 24 27 52 56 23 27 52 57 22 27 52 58 21 27 52 59 20 27 52 60 19 27 52 61 18 27 52 62 17 27 52 63 16 27 52 64 15 27 52 65 14 27 52 66 13 27 52 67 12 27 52 68 11 27 52 69 10 27 52 70 9 27 52 71 8 27 52 72 7 27 52 73 6 27 52 75 5 27 53 5 76 27 53 6 74 27 53 7 73 27 53 8 72 27 53 9 71 27 53 10 70 27 53 11 69 27 53 12 68 27 53 13 67 27 53 14 66 27 53 15 65 27 53 16 64 27 53 17 63 27 53 18 62 27 53 19 61 27 53 20 60 27 53 21 59 27 53 22 58 27 53 23 57 27 53 24 56 27 53 25 55 27 53 26 54 27 53 27 53 27 53 28 52 27 53 29 51 27 53 30 50 27 53 31 49 27 53 32 48 27 53 33 47 27 53 34 46 27 53 35 45 27 53 36 44 27 53 37 43 27 53 38 42 27 53 39 41 27 53 40 40 27 53 41 39 27 53 42 38 27 53 43 37 27 53 44 36 27 53 45 35 27 53 46 34 27 53 47 33 27 53 48 32 27 53 49 31 27 53 50 30 27 53 51 29 27 53 52 28 27 53 53 27 27 53 54 26 27 53 55 25 27 53 56 24 27 53 57 23 27 53 58 22 27 53 59 21 27 53 60 20 27 53 61 19 27 53 62 18 27 53 63 17 27 53 64 16 27 53 65 15 27 53 66 14 27 53 67 13 27 53 68 12 27 53 69 11 27 53 70 10 27 53 71 9 27 53 72 8 27 53 73 7 27 53 74 6 27 53 76 5 27 54 5 77 27 54 6 75 27 54 7 74 27 54 8 73 27 54 9 72 27 54 10 71 27 54 11 70 27 54 12 69 27 54 13 68 27 54 14 67 27 54 15 66 27 54 16 65 27 54 17 64 27 54 18 63 27 54 19 62 27 54 20 61 27 54 21 60 27 54 22 59 27 54 23 58 27 54 24 57 27 54 25 56 27 54 26 55 27 54 27 54 27 54 28 53 27 54 29 52 27 54 30 51 27 54 31 50 27 54 32 49 27 54 33 48 27 54 34 47 27 54 35 46 27 54 36 45 27 54 37 44 27 54 38 43 27 54 39 42 27 54 40 41 27 54 41 40 27 54 42 39 27 54 43 38 27 54 44 37 27 54 45 36 27 54 46 35 27 54 47 34 27 54 48 33 27 54 49 32 27 54 50 31 27 54 51 30 27 54 52 29 27 54 53 28 27 54 54 27 27 54 55 26 27 54 56 25 27 54 57 24 27 54 58 23 27 54 59 22 27 54 60 21 27 54 61 20 27 54 62 19 27 54 63 18 27 54 64 17 27 54 65 16 27 54 66 15 27 54 67 14 27 54 68 13 27 54 69 12 27 54 70 11 27 54 71 10 27 54 72 9 27 54 73 8 27 54 74 7 27 54 75 6 27 54 77 5 27 55 5 78 27 55 6 76 27 55 7 75 27 55 8 74 27 55 9 73 27 55 10 72 27 55 11 71 27 55 12 70 27 55 13 69 27 55 14 68 27 55 15 67 27 55 16 66 27 55 17 65 27 55 18 64 27 55 19 63 27 55 20 62 27 55 21 61 27 55 22 60 27 55 23 59 27 55 24 58 27 55 25 57 27 55 26 56 27 55 27 55 27 55 28 54 27 55 29 53 27 55 30 52 27 55 31 51 27 55 32 50 27 55 33 49 27 55 34 48 27 55 35 47 27 55 36 46 27 55 37 45 27 55 38 44 27 55 39 43 27 55 40 42 27 55 41 41 27 55 42 40 27 55 43 39 27 55 44 38 27 55 45 37 27 55 46 36 27 55 47 35 27 55 48 34 27 55 49 33 27 55 50 32 27 55 51 31 27 55 52 30 27 55 53 29 27 55 54 28 27 55 55 27 27 55 56 26 27 55 57 25 27 55 58 24 27 55 59 23 27 55 60 22 27 55 61 21 27 55 62 20 27 55 63 19 27 55 64 18 27 55 65 17 27 55 66 16 27 55 67 15 27 55 68 14 27 55 69 13 27 55 70 12 27 55 71 11 27 55 72 10 27 55 73 9 27 55 74 8 27 55 75 7 27 55 76 6 27 55 78 5 27 56 5 79 27 56 6 77 27 56 7 76 27 56 8 75 27 56 9 74 27 56 10 73 27 56 11 72 27 56 12 71 27 56 13 70 27 56 14 69 27 56 15 68 27 56 16 67 27 56 17 66 27 56 18 65 27 56 19 64 27 56 20 63 27 56 21 62 27 56 22 61 27 56 23 60 27 56 24 59 27 56 25 58 27 56 26 57 27 56 27 56 27 56 28 55 27 56 29 54 27 56 30 53 27 56 31 52 27 56 32 51 27 56 33 50 27 56 34 49 27 56 35 48 27 56 36 47 27 56 37 46 27 56 38 45 27 56 39 44 27 56 40 43 27 56 41 42 27 56 42 41 27 56 43 40 27 56 44 39 27 56 45 38 27 56 46 37 27 56 47 36 27 56 48 35 27 56 49 34 27 56 50 33 27 56 51 32 27 56 52 31 27 56 53 30 27 56 54 29 27 56 55 28 27 56 56 27 27 56 57 26 27 56 58 25 27 56 59 24 27 56 60 23 27 56 61 22 27 56 62 21 27 56 63 20 27 56 64 19 27 56 65 18 27 56 66 17 27 56 67 16 27 56 68 15 27 56 69 14 27 56 70 13 27 56 71 12 27 56 72 11 27 56 73 10 27 56 74 9 27 56 75 8 27 56 76 7 27 56 77 6 27 56 79 5 27 57 6 78 27 57 7 77 27 57 8 76 27 57 9 75 27 57 10 74 27 57 11 73 27 57 12 72 27 57 13 71 27 57 14 70 27 57 15 69 27 57 16 68 27 57 17 67 27 57 18 66 27 57 19 65 27 57 20 64 27 57 21 63 27 57 22 62 27 57 23 61 27 57 24 60 27 57 25 59 27 57 26 58 27 57 27 57 27 57 28 56 27 57 29 55 27 57 30 54 27 57 31 53 27 57 32 52 27 57 33 51 27 57 34 50 27 57 35 49 27 57 36 48 27 57 37 47 27 57 38 46 27 57 39 45 27 57 40 44 27 57 41 43 27 57 42 42 27 57 43 41 27 57 44 40 27 57 45 39 27 57 46 38 27 57 47 37 27 57 48 36 27 57 49 35 27 57 50 34 27 57 51 33 27 57 52 32 27 57 53 31 27 57 54 30 27 57 55 29 27 57 56 28 27 57 57 27 27 57 58 26 27 57 59 25 27 57 60 24 27 57 61 23 27 57 62 22 27 57 63 21 27 57 64 20 27 57 65 19 27 57 66 18 27 57 67 17 27 57 68 16 27 57 69 15 27 57 70 14 27 57 71 13 27 57 72 12 27 57 73 11 27 57 74 10 27 57 75 9 27 57 76 8 27 57 77 7 27 57 78 6 27 58 6 79 27 58 7 78 27 58 8 77 27 58 9 76 27 58 10 75 27 58 11 74 27 58 12 73 27 58 13 72 27 58 14 71 27 58 15 70 27 58 16 69 27 58 17 68 27 58 18 67 27 58 19 66 27 58 20 65 27 58 21 64 27 58 22 63 27 58 23 62 27 58 24 61 27 58 25 60 27 58 26 59 27 58 27 58 27 58 28 57 27 58 29 56 27 58 30 55 27 58 31 54 27 58 32 53 27 58 33 52 27 58 34 51 27 58 35 50 27 58 36 49 27 58 37 48 27 58 38 47 27 58 39 46 27 58 40 45 27 58 41 44 27 58 42 43 27 58 43 42 27 58 44 41 27 58 45 40 27 58 46 39 27 58 47 38 27 58 48 37 27 58 49 36 27 58 50 35 27 58 51 34 27 58 52 33 27 58 53 32 27 58 54 31 27 58 55 30 27 58 56 29 27 58 57 28 27 58 58 27 27 58 59 26 27 58 60 25 27 58 61 24 27 58 62 23 27 58 63 22 27 58 64 21 27 58 65 20 27 58 66 19 27 58 67 18 27 58 68 17 27 58 69 16 27 58 70 15 27 58 71 14 27 58 72 13 27 58 73 12 27 58 74 11 27 58 75 10 27 58 76 9 27 58 77 8 27 58 78 7 27 58 79 6 27 59 6 80 27 59 7 79 27 59 8 78 27 59 9 77 27 59 10 76 27 59 11 75 27 59 12 74 27 59 13 73 27 59 14 72 27 59 15 71 27 59 16 70 27 59 17 69 27 59 18 68 27 59 19 67 27 59 20 66 27 59 21 65 27 59 22 64 27 59 23 63 27 59 24 62 27 59 25 61 27 59 26 60 27 59 27 59 27 59 28 58 27 59 29 57 27 59 30 56 27 59 31 55 27 59 32 54 27 59 33 53 27 59 34 52 27 59 35 51 27 59 36 50 27 59 37 49 27 59 38 48 27 59 39 47 27 59 40 46 27 59 41 45 27 59 42 44 27 59 43 43 27 59 44 42 27 59 45 41 27 59 46 40 27 59 47 39 27 59 48 38 27 59 49 37 27 59 50 36 27 59 51 35 27 59 52 34 27 59 53 33 27 59 54 32 27 59 55 31 27 59 56 30 27 59 57 29 27 59 58 28 27 59 59 27 27 59 60 26 27 59 61 25 27 59 62 24 27 59 63 23 27 59 64 22 27 59 65 21 27 59 66 20 27 59 67 19 27 59 68 18 27 59 69 17 27 59 70 16 27 59 71 15 27 59 72 14 27 59 73 13 27 59 74 12 27 59 75 11 27 59 76 10 27 59 77 9 27 59 78 8 27 59 79 7 27 59 80 6 27 60 7 80 27 60 8 79 27 60 9 78 27 60 10 77 27 60 11 76 27 60 12 75 27 60 13 74 27 60 14 73 27 60 15 72 27 60 16 71 27 60 17 70 27 60 18 69 27 60 19 68 27 60 20 67 27 60 21 66 27 60 22 65 27 60 23 64 27 60 24 63 27 60 25 62 27 60 26 61 27 60 27 60 27 60 28 59 27 60 29 58 27 60 30 57 27 60 31 56 27 60 32 55 27 60 33 54 27 60 34 53 27 60 35 52 27 60 36 51 27 60 37 50 27 60 38 49 27 60 39 48 27 60 40 47 27 60 41 46 27 60 42 45 27 60 43 44 27 60 44 43 27 60 45 42 27 60 46 41 27 60 47 40 27 60 48 39 27 60 49 38 27 60 50 37 27 60 51 36 27 60 52 35 27 60 53 34 27 60 54 33 27 60 55 32 27 60 56 31 27 60 57 30 27 60 58 29 27 60 59 28 27 60 60 27 27 60 61 26 27 60 62 25 27 60 63 24 27 60 64 23 27 60 65 22 27 60 66 21 27 60 67 20 27 60 68 19 27 60 69 18 27 60 70 17 27 60 71 16 27 60 72 15 27 60 73 14 27 60 74 13 27 60 75 12 27 60 76 11 27 60 77 10 27 60 78 9 27 60 79 8 27 60 80 7 27 61 7 81 27 61 8 80 27 61 9 79 27 61 10 78 27 61 11 77 27 61 12 76 27 61 13 75 27 61 14 74 27 61 15 73 27 61 16 72 27 61 17 71 27 61 18 70 27 61 19 69 27 61 20 68 27 61 21 67 27 61 22 66 27 61 23 65 27 61 24 64 27 61 25 63 27 61 26 62 27 61 27 61 27 61 28 60 27 61 29 59 27 61 30 58 27 61 31 57 27 61 32 56 27 61 33 55 27 61 34 54 27 61 35 53 27 61 36 52 27 61 37 51 27 61 38 50 27 61 39 49 27 61 40 48 27 61 41 47 27 61 42 46 27 61 43 45 27 61 44 44 27 61 45 43 27 61 46 42 27 61 47 41 27 61 48 40 27 61 49 39 27 61 50 38 27 61 51 37 27 61 52 36 27 61 53 35 27 61 54 34 27 61 55 33 27 61 56 32 27 61 57 31 27 61 58 30 27 61 59 29 27 61 60 28 27 61 61 27 27 61 62 26 27 61 63 25 27 61 64 24 27 61 65 23 27 61 66 22 27 61 67 21 27 61 68 20 27 61 69 19 27 61 70 18 27 61 71 17 27 61 72 16 27 61 73 15 27 61 74 14 27 61 75 13 27 61 76 12 27 61 77 11 27 61 78 10 27 61 79 9 27 61 80 8 27 61 81 7 27 62 8 81 27 62 9 80 27 62 10 79 27 62 11 78 27 62 12 77 27 62 13 76 27 62 14 75 27 62 15 74 27 62 16 73 27 62 17 72 27 62 18 71 27 62 19 70 27 62 20 69 27 62 21 68 27 62 22 67 27 62 23 66 27 62 24 65 27 62 25 64 27 62 26 63 27 62 27 62 27 62 28 61 27 62 29 60 27 62 30 59 27 62 31 58 27 62 32 57 27 62 33 56 27 62 34 55 27 62 35 54 27 62 36 53 27 62 37 52 27 62 38 51 27 62 39 50 27 62 40 49 27 62 41 48 27 62 42 47 27 62 43 46 27 62 44 45 27 62 45 44 27 62 46 43 27 62 47 42 27 62 48 41 27 62 49 40 27 62 50 39 27 62 51 38 27 62 52 37 27 62 53 36 27 62 54 35 27 62 55 34 27 62 56 33 27 62 57 32 27 62 58 31 27 62 59 30 27 62 60 29 27 62 61 28 27 62 62 27 27 62 63 26 27 62 64 25 27 62 65 24 27 62 66 23 27 62 67 22 27 62 68 21 27 62 69 20 27 62 70 19 27 62 71 18 27 62 72 17 27 62 73 16 27 62 74 15 27 62 75 14 27 62 76 13 27 62 77 12 27 62 78 11 27 62 79 10 27 62 80 9 27 62 81 8 27 63 9 81 27 63 10 80 27 63 11 79 27 63 12 78 27 63 13 77 27 63 14 76 27 63 15 75 27 63 16 74 27 63 17 73 27 63 18 72 27 63 19 71 27 63 20 70 27 63 21 69 27 63 22 68 27 63 23 67 27 63 24 66 27 63 25 65 27 63 26 64 27 63 27 63 27 63 28 62 27 63 29 61 27 63 30 60 27 63 31 59 27 63 32 58 27 63 33 57 27 63 34 56 27 63 35 55 27 63 36 54 27 63 37 53 27 63 38 52 27 63 39 51 27 63 40 50 27 63 41 49 27 63 42 48 27 63 43 47 27 63 44 46 27 63 45 45 27 63 46 44 27 63 47 43 27 63 48 42 27 63 49 41 27 63 50 40 27 63 51 39 27 63 52 38 27 63 53 37 27 63 54 36 27 63 55 35 27 63 56 34 27 63 57 33 27 63 58 32 27 63 59 31 27 63 60 30 27 63 61 29 27 63 62 28 27 63 63 27 27 63 64 26 27 63 65 25 27 63 66 24 27 63 67 23 27 63 68 22 27 63 69 21 27 63 70 20 27 63 71 19 27 63 72 18 27 63 73 17 27 63 74 16 27 63 75 15 27 63 76 14 27 63 77 13 27 63 78 12 27 63 79 11 27 63 80 10 27 63 81 9 27 64 9 82 27 64 10 81 27 64 11 80 27 64 12 79 27 64 13 78 27 64 14 77 27 64 15 76 27 64 16 75 27 64 17 74 27 64 18 73 27 64 19 72 27 64 20 71 27 64 21 70 27 64 22 69 27 64 23 68 27 64 24 67 27 64 25 66 27 64 26 65 27 64 27 64 27 64 28 63 27 64 29 62 27 64 30 61 27 64 31 60 27 64 32 59 27 64 33 58 27 64 34 57 27 64 35 56 27 64 36 55 27 64 37 54 27 64 38 53 27 64 39 52 27 64 40 51 27 64 41 50 27 64 42 49 27 64 43 48 27 64 44 47 27 64 45 46 27 64 46 45 27 64 47 44 27 64 48 43 27 64 49 42 27 64 50 41 27 64 51 40 27 64 52 39 27 64 53 38 27 64 54 37 27 64 55 36 27 64 56 35 27 64 57 34 27 64 58 33 27 64 59 32 27 64 60 31 27 64 61 30 27 64 62 29 27 64 63 28 27 64 64 27 27 64 65 26 27 64 66 25 27 64 67 24 27 64 68 23 27 64 69 22 27 64 70 21 27 64 71 20 27 64 72 19 27 64 73 18 27 64 74 17 27 64 75 16 27 64 76 15 27 64 77 14 27 64 78 13 27 64 79 12 27 64 80 11 27 64 81 10 27 64 82 9 27 65 10 82 27 65 11 81 27 65 12 80 27 65 13 79 27 65 14 78 27 65 15 77 27 65 16 76 27 65 17 75 27 65 18 74 27 65 19 73 27 65 20 72 27 65 21 71 27 65 22 70 27 65 23 69 27 65 24 68 27 65 25 67 27 65 26 66 27 65 27 65 27 65 28 64 27 65 29 63 27 65 30 62 27 65 31 61 27 65 32 60 27 65 33 59 27 65 34 58 27 65 35 57 27 65 36 56 27 65 37 55 27 65 38 54 27 65 39 53 27 65 40 52 27 65 41 51 27 65 42 50 27 65 43 49 27 65 44 48 27 65 45 47 27 65 46 46 27 65 47 45 27 65 48 44 27 65 49 43 27 65 50 42 27 65 51 41 27 65 52 40 27 65 53 39 27 65 54 38 27 65 55 37 27 65 56 36 27 65 57 35 27 65 58 34 27 65 59 33 27 65 60 32 27 65 61 31 27 65 62 30 27 65 63 29 27 65 64 28 27 65 65 27 27 65 66 26 27 65 67 25 27 65 68 24 27 65 69 23 27 65 70 22 27 65 71 21 27 65 72 20 27 65 73 19 27 65 74 18 27 65 75 17 27 65 76 16 27 65 77 15 27 65 78 14 27 65 79 13 27 65 80 12 27 65 81 11 27 65 82 10 27 66 11 82 27 66 12 81 27 66 13 80 27 66 14 79 27 66 15 78 27 66 16 77 27 66 17 76 27 66 18 75 27 66 19 74 27 66 20 73 27 66 21 72 27 66 22 71 27 66 23 70 27 66 24 69 27 66 25 68 27 66 26 67 27 66 27 66 27 66 28 65 27 66 29 64 27 66 30 63 27 66 31 62 27 66 32 61 27 66 33 60 27 66 34 59 27 66 35 58 27 66 36 57 27 66 37 56 27 66 38 55 27 66 39 54 27 66 40 53 27 66 41 52 27 66 42 51 27 66 43 50 27 66 44 49 27 66 45 48 27 66 46 47 27 66 47 46 27 66 48 45 27 66 49 44 27 66 50 43 27 66 51 42 27 66 52 41 27 66 53 40 27 66 54 39 27 66 55 38 27 66 56 37 27 66 57 36 27 66 58 35 27 66 59 34 27 66 60 33 27 66 61 32 27 66 62 31 27 66 63 30 27 66 64 29 27 66 65 28 27 66 66 27 27 66 67 26 27 66 68 25 27 66 69 24 27 66 70 23 27 66 71 22 27 66 72 21 27 66 73 20 27 66 74 19 27 66 75 18 27 66 76 17 27 66 77 16 27 66 78 15 27 66 79 14 27 66 80 13 27 66 81 12 27 66 82 11 27 67 12 82 27 67 13 81 27 67 14 80 27 67 15 79 27 67 16 78 27 67 17 77 27 67 18 76 27 67 19 75 27 67 20 74 27 67 21 73 27 67 22 72 27 67 23 71 27 67 24 70 27 67 25 69 27 67 26 68 27 67 27 67 27 67 28 66 27 67 29 65 27 67 30 64 27 67 31 63 27 67 32 62 27 67 33 61 27 67 34 60 27 67 35 59 27 67 36 58 27 67 37 57 27 67 38 56 27 67 39 55 27 67 40 54 27 67 41 53 27 67 42 52 27 67 43 51 27 67 44 50 27 67 45 49 27 67 46 48 27 67 47 47 27 67 48 46 27 67 49 45 27 67 50 44 27 67 51 43 27 67 52 42 27 67 53 41 27 67 54 40 27 67 55 39 27 67 56 38 27 67 57 37 27 67 58 36 27 67 59 35 27 67 60 34 27 67 61 33 27 67 62 32 27 67 63 31 27 67 64 30 27 67 65 29 27 67 66 28 27 67 67 27 27 67 68 26 27 67 69 25 27 67 70 24 27 67 71 23 27 67 72 22 27 67 73 21 27 67 74 20 27 67 75 19 27 67 76 18 27 67 77 17 27 67 78 16 27 67 79 15 27 67 80 14 27 67 81 13 27 67 82 12 27 68 13 82 27 68 14 81 27 68 15 80 27 68 16 79 27 68 17 78 27 68 18 77 27 68 19 76 27 68 20 75 27 68 21 74 27 68 22 73 27 68 23 72 27 68 24 71 27 68 25 70 27 68 26 69 27 68 27 68 27 68 28 67 27 68 29 66 27 68 30 65 27 68 31 64 27 68 32 63 27 68 33 62 27 68 34 61 27 68 35 60 27 68 36 59 27 68 37 58 27 68 38 57 27 68 39 56 27 68 40 55 27 68 41 54 27 68 42 53 27 68 43 52 27 68 44 51 27 68 45 50 27 68 46 49 27 68 47 48 27 68 48 47 27 68 49 46 27 68 50 45 27 68 51 44 27 68 52 43 27 68 53 42 27 68 54 41 27 68 55 40 27 68 56 39 27 68 57 38 27 68 58 37 27 68 59 36 27 68 60 35 27 68 61 34 27 68 62 33 27 68 63 32 27 68 64 31 27 68 65 30 27 68 66 29 27 68 67 28 27 68 68 27 27 68 69 26 27 68 70 25 27 68 71 24 27 68 72 23 27 68 73 22 27 68 74 21 27 68 75 20 27 68 76 19 27 68 77 18 27 68 78 17 27 68 79 16 27 68 80 15 27 68 81 14 27 68 82 13 27 69 14 82 27 69 15 81 27 69 16 80 27 69 17 79 27 69 18 78 27 69 19 77 27 69 20 76 27 69 21 75 27 69 22 74 27 69 23 73 27 69 24 72 27 69 25 71 27 69 26 70 27 69 27 69 27 69 28 68 27 69 29 67 27 69 30 66 27 69 31 65 27 69 32 64 27 69 33 63 27 69 34 62 27 69 35 61 27 69 36 60 27 69 37 59 27 69 38 58 27 69 39 57 27 69 40 56 27 69 41 55 27 69 42 54 27 69 43 53 27 69 44 52 27 69 45 51 27 69 46 50 27 69 47 49 27 69 48 48 27 69 49 47 27 69 50 46 27 69 51 45 27 69 52 44 27 69 53 43 27 69 54 42 27 69 55 41 27 69 56 40 27 69 57 39 27 69 58 38 27 69 59 37 27 69 60 36 27 69 61 35 27 69 62 34 27 69 63 33 27 69 64 32 27 69 65 31 27 69 66 30 27 69 67 29 27 69 68 28 27 69 69 27 27 69 70 26 27 69 71 25 27 69 72 24 27 69 73 23 27 69 74 22 27 69 75 21 27 69 76 20 27 69 77 19 27 69 78 18 27 69 79 17 27 69 80 16 27 69 81 15 27 69 82 14 27 70 15 82 27 70 16 81 27 70 17 80 27 70 18 79 27 70 19 78 27 70 20 77 27 70 21 76 27 70 22 75 27 70 23 74 27 70 24 73 27 70 25 72 27 70 26 71 27 70 27 70 27 70 28 69 27 70 29 68 27 70 30 67 27 70 31 66 27 70 32 65 27 70 33 64 27 70 34 63 27 70 35 62 27 70 36 61 27 70 37 60 27 70 38 59 27 70 39 58 27 70 40 57 27 70 41 56 27 70 42 55 27 70 43 54 27 70 44 53 27 70 45 52 27 70 46 51 27 70 47 50 27 70 48 49 27 70 49 48 27 70 50 47 27 70 51 46 27 70 52 45 27 70 53 44 27 70 54 43 27 70 55 42 27 70 56 41 27 70 57 40 27 70 58 39 27 70 59 38 27 70 60 37 27 70 61 36 27 70 62 35 27 70 63 34 27 70 64 33 27 70 65 32 27 70 66 31 27 70 67 30 27 70 68 29 27 70 69 28 27 70 70 27 27 70 71 26 27 70 72 25 27 70 73 24 27 70 74 23 27 70 75 22 27 70 76 21 27 70 77 20 27 70 78 19 27 70 79 18 27 70 80 17 27 70 81 16 27 70 82 15 27 71 16 82 27 71 17 81 27 71 18 80 27 71 19 79 27 71 20 78 27 71 21 77 27 71 22 76 27 71 23 75 27 71 24 74 27 71 25 73 27 71 26 72 27 71 27 71 27 71 28 70 27 71 29 69 27 71 30 68 27 71 31 67 27 71 32 66 27 71 33 65 27 71 34 64 27 71 35 63 27 71 36 62 27 71 37 61 27 71 38 60 27 71 39 59 27 71 40 58 27 71 41 57 27 71 42 56 27 71 43 55 27 71 44 54 27 71 45 53 27 71 46 52 27 71 47 51 27 71 48 50 27 71 49 49 27 71 50 48 27 71 51 47 27 71 52 46 27 71 53 45 27 71 54 44 27 71 55 43 27 71 56 42 27 71 57 41 27 71 58 40 27 71 59 39 27 71 60 38 27 71 61 37 27 71 62 36 27 71 63 35 27 71 64 34 27 71 65 33 27 71 66 32 27 71 67 31 27 71 68 30 27 71 69 29 27 71 70 28 27 71 71 27 27 71 72 26 27 71 73 25 27 71 74 24 27 71 75 23 27 71 76 22 27 71 77 21 27 71 78 20 27 71 79 19 27 71 80 18 27 71 81 17 27 71 82 16 27 72 17 82 27 72 18 81 27 72 19 80 27 72 20 79 27 72 21 78 27 72 22 77 27 72 23 76 27 72 24 75 27 72 25 74 27 72 26 73 27 72 27 72 27 72 28 71 27 72 29 70 27 72 30 69 27 72 31 68 27 72 32 67 27 72 33 66 27 72 34 65 27 72 35 64 27 72 36 63 27 72 37 62 27 72 38 61 27 72 39 60 27 72 40 59 27 72 41 58 27 72 42 57 27 72 43 56 27 72 44 55 27 72 45 54 27 72 46 53 27 72 47 52 27 72 48 51 27 72 49 50 27 72 50 49 27 72 51 48 27 72 52 47 27 72 53 46 27 72 54 45 27 72 55 44 27 72 56 43 27 72 57 42 27 72 58 41 27 72 59 40 27 72 60 39 27 72 61 38 27 72 62 37 27 72 63 36 27 72 64 35 27 72 65 34 27 72 66 33 27 72 67 32 27 72 68 31 27 72 69 30 27 72 70 29 27 72 71 28 27 72 72 27 27 72 73 26 27 72 74 25 27 72 75 24 27 72 76 23 27 72 77 22 27 72 78 21 27 72 79 20 27 72 80 19 27 72 81 18 27 72 82 17 27 73 18 82 27 73 19 81 27 73 20 80 27 73 21 79 27 73 22 78 27 73 23 77 27 73 24 76 27 73 25 75 27 73 26 74 27 73 27 73 27 73 28 72 27 73 29 71 27 73 30 70 27 73 31 69 27 73 32 68 27 73 33 67 27 73 34 66 27 73 35 65 27 73 36 64 27 73 37 63 27 73 38 62 27 73 39 61 27 73 40 60 27 73 41 59 27 73 42 58 27 73 43 57 27 73 44 56 27 73 45 55 27 73 46 54 27 73 47 53 27 73 48 52 27 73 49 51 27 73 50 50 27 73 51 49 27 73 52 48 27 73 53 47 27 73 54 46 27 73 55 45 27 73 56 44 27 73 57 43 27 73 58 42 27 73 59 41 27 73 60 40 27 73 61 39 27 73 62 38 27 73 63 37 27 73 64 36 27 73 65 35 27 73 66 34 27 73 67 33 27 73 68 32 27 73 69 31 27 73 70 30 27 73 71 29 27 73 72 28 27 73 73 27 27 73 74 26 27 73 75 25 27 73 76 24 27 73 77 23 27 73 78 22 27 73 79 21 27 73 80 20 27 73 81 19 27 73 82 18 27 74 19 82 27 74 20 81 27 74 21 80 27 74 22 79 27 74 23 78 27 74 24 77 27 74 25 76 27 74 26 75 27 74 27 74 27 74 28 73 27 74 29 72 27 74 30 71 27 74 31 70 27 74 32 69 27 74 33 68 27 74 34 67 27 74 35 66 27 74 36 65 27 74 37 64 27 74 38 63 27 74 39 62 27 74 40 61 27 74 41 60 27 74 42 59 27 74 43 58 27 74 44 57 27 74 45 56 27 74 46 55 27 74 47 54 27 74 48 53 27 74 49 52 27 74 50 51 27 74 51 50 27 74 52 49 27 74 53 48 27 74 54 47 27 74 55 46 27 74 56 45 27 74 57 44 27 74 58 43 27 74 59 42 27 74 60 41 27 74 61 40 27 74 62 39 27 74 63 38 27 74 64 37 27 74 65 36 27 74 66 35 27 74 67 34 27 74 68 33 27 74 69 32 27 74 70 31 27 74 71 30 27 74 72 29 27 74 73 28 27 74 74 27 27 74 75 26 27 74 76 25 27 74 77 24 27 74 78 23 27 74 79 22 27 74 80 21 27 74 81 20 27 74 82 19 27 75 20 82 27 75 21 81 27 75 22 80 27 75 23 79 27 75 24 78 27 75 25 77 27 75 26 76 27 75 27 75 27 75 28 74 27 75 29 73 27 75 30 72 27 75 31 71 27 75 32 70 27 75 33 69 27 75 34 68 27 75 35 67 27 75 36 66 27 75 37 65 27 75 38 64 27 75 39 63 27 75 40 62 27 75 41 61 27 75 42 60 27 75 43 59 27 75 44 58 27 75 45 57 27 75 46 56 27 75 47 55 27 75 48 54 27 75 49 53 27 75 50 52 27 75 51 51 27 75 52 50 27 75 53 49 27 75 54 48 27 75 55 47 27 75 56 46 27 75 57 45 27 75 58 44 27 75 59 43 27 75 60 42 27 75 61 41 27 75 62 40 27 75 63 39 27 75 64 38 27 75 65 37 27 75 66 36 27 75 67 35 27 75 68 34 27 75 69 33 27 75 70 32 27 75 71 31 27 75 72 30 27 75 73 29 27 75 74 28 27 75 75 27 27 75 76 26 27 75 77 25 27 75 78 24 27 75 79 23 27 75 80 22 27 75 81 21 27 75 82 20 27 76 21 82 27 76 22 81 27 76 23 80 27 76 24 79 27 76 25 78 27 76 26 77 27 76 27 76 27 76 28 75 27 76 29 74 27 76 30 73 27 76 31 72 27 76 32 71 27 76 33 70 27 76 34 69 27 76 35 68 27 76 36 67 27 76 37 66 27 76 38 65 27 76 39 64 27 76 40 63 27 76 41 62 27 76 42 61 27 76 43 60 27 76 44 59 27 76 45 58 27 76 46 57 27 76 47 56 27 76 48 55 27 76 49 54 27 76 50 53 27 76 51 52 27 76 52 51 27 76 53 50 27 76 54 49 27 76 55 48 27 76 56 47 27 76 57 46 27 76 58 45 27 76 59 44 27 76 60 43 27 76 61 42 27 76 62 41 27 76 63 40 27 76 64 39 27 76 65 38 27 76 66 37 27 76 67 36 27 76 68 35 27 76 69 34 27 76 70 33 27 76 71 32 27 76 72 31 27 76 73 30 27 76 74 29 27 76 75 28 27 76 76 27 27 76 77 26 27 76 78 25 27 76 79 24 27 76 80 23 27 76 81 22 27 76 82 21 27 77 22 82 27 77 23 81 27 77 24 80 27 77 25 79 27 77 26 78 27 77 27 77 27 77 28 76 27 77 29 75 27 77 30 74 27 77 31 73 27 77 32 72 27 77 33 71 27 77 34 70 27 77 35 69 27 77 36 68 27 77 37 67 27 77 38 66 27 77 39 65 27 77 40 64 27 77 41 63 27 77 42 62 27 77 43 61 27 77 44 60 27 77 45 59 27 77 46 58 27 77 47 57 27 77 48 56 27 77 49 55 27 77 50 54 27 77 51 53 27 77 52 52 27 77 53 51 27 77 54 50 27 77 55 49 27 77 56 48 27 77 57 47 27 77 58 46 27 77 59 45 27 77 60 44 27 77 61 43 27 77 62 42 27 77 63 41 27 77 64 40 27 77 65 39 27 77 66 38 27 77 67 37 27 77 68 36 27 77 69 35 27 77 70 34 27 77 71 33 27 77 72 32 27 77 73 31 27 77 74 30 27 77 75 29 27 77 76 28 27 77 77 27 27 77 78 26 27 77 79 25 27 77 80 24 27 77 81 23 27 77 82 22 27 78 23 82 27 78 24 81 27 78 25 80 27 78 26 79 27 78 27 78 27 78 28 77 27 78 29 76 27 78 30 75 27 78 31 74 27 78 32 73 27 78 33 72 27 78 34 71 27 78 35 70 27 78 36 69 27 78 37 68 27 78 38 67 27 78 39 66 27 78 40 65 27 78 41 64 27 78 42 63 27 78 43 62 27 78 44 61 27 78 45 60 27 78 46 59 27 78 47 58 27 78 48 57 27 78 49 56 27 78 50 55 27 78 51 54 27 78 52 53 27 78 53 52 27 78 54 51 27 78 55 50 27 78 56 49 27 78 57 48 27 78 58 47 27 78 59 46 27 78 60 45 27 78 61 44 27 78 62 43 27 78 63 42 27 78 64 41 27 78 65 40 27 78 66 39 27 78 67 38 27 78 68 37 27 78 69 36 27 78 70 35 27 78 71 34 27 78 72 33 27 78 73 32 27 78 74 31 27 78 75 30 27 78 76 29 27 78 77 28 27 78 78 27 27 78 79 26 27 78 80 25 27 78 81 24 27 78 82 23 27 79 24 82 27 79 25 81 27 79 26 80 27 79 27 79 27 79 28 78 27 79 29 77 27 79 30 76 27 79 31 75 27 79 32 74 27 79 33 73 27 79 34 72 27 79 35 71 27 79 36 70 27 79 37 69 27 79 38 68 27 79 39 67 27 79 40 66 27 79 41 65 27 79 42 64 27 79 43 63 27 79 44 62 27 79 45 61 27 79 46 60 27 79 47 59 27 79 48 58 27 79 49 57 27 79 50 56 27 79 51 55 27 79 52 54 27 79 53 53 27 79 54 52 27 79 55 51 27 79 56 50 27 79 57 49 27 79 58 48 27 79 59 47 27 79 60 46 27 79 61 45 27 79 62 44 27 79 63 43 27 79 64 42 27 79 65 41 27 79 66 40 27 79 67 39 27 79 68 38 27 79 69 37 27 79 70 36 27 79 71 35 27 79 72 34 27 79 73 33 27 79 74 32 27 79 75 31 27 79 76 30 27 79 77 29 27 79 78 28 27 79 79 27 27 79 80 26 27 79 81 25 27 79 82 24 27 80 25 82 27 80 26 81 27 80 27 80 27 80 28 79 27 80 29 78 27 80 30 77 27 80 31 76 27 80 32 75 27 80 33 74 27 80 34 73 27 80 35 72 27 80 36 71 27 80 37 70 27 80 38 69 27 80 39 68 27 80 40 67 27 80 41 66 27 80 42 65 27 80 43 64 27 80 44 63 27 80 45 62 27 80 46 61 27 80 47 60 27 80 48 59 27 80 49 58 27 80 50 57 27 80 51 56 27 80 52 55 27 80 53 54 27 80 54 53 27 80 55 52 27 80 56 51 27 80 57 50 27 80 58 49 27 80 59 48 27 80 60 47 27 80 61 46 27 80 62 45 27 80 63 44 27 80 64 43 27 80 65 42 27 80 66 41 27 80 67 40 27 80 68 39 27 80 69 38 27 80 70 37 27 80 71 36 27 80 72 35 27 80 73 34 27 80 74 33 27 80 75 32 27 80 76 31 27 80 77 30 27 80 78 29 27 80 79 28 27 80 80 27 27 80 81 26 27 80 82 25 27 81 26 82 27 81 27 81 27 81 28 80 27 81 29 79 27 81 30 78 27 81 31 77 27 81 32 76 27 81 33 75 27 81 34 74 27 81 35 73 27 81 36 72 27 81 37 71 27 81 38 70 27 81 39 69 27 81 40 68 27 81 41 67 27 81 42 66 27 81 43 65 27 81 44 64 27 81 45 63 27 81 46 62 27 81 47 61 27 81 48 60 27 81 49 59 27 81 50 58 27 81 51 57 27 81 52 56 27 81 53 55 27 81 54 54 27 81 55 53 27 81 56 52 27 81 57 51 27 81 58 50 27 81 59 49 27 81 60 48 27 81 61 47 27 81 62 46 27 81 63 45 27 81 64 44 27 81 65 43 27 81 66 42 27 81 67 41 27 81 68 40 27 81 69 39 27 81 70 38 27 81 71 37 27 81 72 36 27 81 73 35 27 81 74 34 27 81 75 33 27 81 76 32 27 81 77 31 27 81 78 30 27 81 79 29 27 81 80 28 27 81 81 27 27 81 82 26 27 82 27 82 27 82 28 81 27 82 29 80 27 82 30 79 27 82 31 78 27 82 32 77 27 82 33 76 27 82 34 75 27 82 35 74 27 82 36 73 27 82 37 72 27 82 38 71 27 82 39 70 27 82 40 69 27 82 41 68 27 82 42 67 27 82 43 66 27 82 44 65 27 82 45 64 27 82 46 63 27 82 47 62 27 82 48 61 27 82 49 60 27 82 50 59 27 82 51 58 27 82 52 57 27 82 53 56 27 82 54 55 27 82 55 54 27 82 56 53 27 82 57 52 27 82 58 51 27 82 59 50 27 82 60 49 27 82 61 48 27 82 62 47 27 82 63 46 27 82 64 45 27 82 65 44 27 82 66 43 27 82 67 42 27 82 68 41 27 82 69 40 27 82 70 39 27 82 71 38 27 82 72 37 27 82 73 36 27 82 74 35 27 82 75 34 27 82 76 33 27 82 77 32 27 82 78 31 27 82 79 30 27 82 80 29 27 82 81 28 27 82 82 27 























































