




















































53 0 0 53 53 0 1 51 53 0 2 49 53 0 3 48 53 0 48 3 53 0 49 2 53 0 51 1 53 0 53 0 53 1 0 55 53 1 1 53 53 1 2 51 53 1 3 50 53 1 4 48 53 1 5 46 53 1 6 44 53 1 7 43 53 1 8 42 53 1 9 41 53 1 10 40 53 1 11 39 53 1 13 37 53 1 14 36 53 1 15 35 53 1 16 34 53 1 17 33 53 1 20 30 53 1 22 28 53 1 28 22 53 1 30 20 53 1 33 17 53 1 34 16 53 1 35 15 53 1 36 14 53 1 37 13 53 1 39 11 53 1 40 10 53 1 41 9 53 1 42 8 53 1 43 7 53 1 44 6 53 1 46 5 53 1 48 4 53 1 50 3 53 1 51 2 53 1 53 1 53 1 55 0 53 2 0 57 53 2 1 55 53 2 2 53 53 2 3 52 53 2 4 50 53 2 5 48 53 2 6 46 53 2 7 45 53 2 8 44 53 2 9 43 53 2 10 42 53 2 11 41 53 2 12 40 53 2 13 39 53 2 14 38 53 2 15 37 53 2 16 36 53 2 17 35 53 2 18 34 53 2 19 33 53 2 20 32 53 2 21 31 53 2 22 30 53 2 23 29 53 2 24 28 53 2 25 27 53 2 26 26 53 2 27 25 53 2 28 24 53 2 29 23 53 2 30 22 53 2 31 21 53 2 32 20 53 2 33 19 53 2 34 18 53 2 35 17 53 2 36 16 53 2 37 15 53 2 38 14 53 2 39 13 53 2 40 12 53 2 41 11 53 2 42 10 53 2 43 9 53 2 44 8 53 2 45 7 53 2 46 6 53 2 48 5 53 2 50 4 53 2 52 3 53 2 53 2 53 2 55 1 53 2 57 0 53 3 0 58 53 3 1 56 53 3 2 54 53 3 3 53 53 3 4 51 53 3 5 49 53 3 6 47 53 3 7 46 53 3 8 45 53 3 9 44 53 3 10 43 53 3 11 42 53 3 12 41 53 3 13 40 53 3 14 39 53 3 15 38 53 3 16 37 53 3 17 36 53 3 18 35 53 3 19 34 53 3 20 33 53 3 21 32 53 3 22 31 53 3 23 30 53 3 24 29 53 3 25 28 53 3 26 27 53 3 27 26 53 3 28 25 53 3 29 24 53 3 30 23 53 3 31 22 53 3 32 21 53 3 33 20 53 3 34 19 53 3 35 18 53 3 36 17 53 3 37 16 53 3 38 15 53 3 39 14 53 3 40 13 53 3 41 12 53 3 42 11 53 3 43 10 53 3 44 9 53 3 45 8 53 3 46 7 53 3 47 6 53 3 49 5 53 3 51 4 53 3 53 3 53 3 54 2 53 3 56 1 53 3 58 0 53 4 1 58 53 4 2 56 53 4 3 55 53 4 4 53 53 4 5 51 53 4 6 49 53 4 7 48 53 4 8 47 53 4 9 46 53 4 10 45 53 4 11 44 53 4 12 43 53 4 13 42 53 4 14 41 53 4 15 40 53 4 16 39 53 4 17 38 53 4 18 37 53 4 19 36 53 4 20 35 53 4 21 34 53 4 22 33 53 4 23 32 53 4 24 31 53 4 25 30 53 4 26 29 53 4 27 28 53 4 28 27 53 4 29 26 53 4 30 25 53 4 31 24 53 4 32 23 53 4 33 22 53 4 34 21 53 4 35 20 53 4 36 19 53 4 37 18 53 4 38 17 53 4 39 16 53 4 40 15 53 4 41 14 53 4 42 13 53 4 43 12 53 4 44 11 53 4 45 10 53 4 46 9 53 4 47 8 53 4 48 7 53 4 49 6 53 4 51 5 53 4 53 4 53 4 55 3 53 4 56 2 53 4 58 1 53 5 1 60 53 5 2 58 53 5 3 57 53 5 4 55 53 5 5 53 53 5 6 51 53 5 7 50 53 5 8 49 53 5 9 48 53 5 10 47 53 5 11 46 53 5 12 45 53 5 13 44 53 5 14 43 53 5 15 42 53 5 16 41 53 5 17 40 53 5 18 39 53 5 19 38 53 5 20 37 53 5 21 36 53 5 22 35 53 5 23 34 53 5 24 33 53 5 25 32 53 5 26 31 53 5 27 30 53 5 28 29 53 5 29 28 53 5 30 27 53 5 31 26 53 5 32 25 53 5 33 24 53 5 34 23 53 5 35 22 53 5 36 21 53 5 37 20 53 5 38 19 53 5 39 18 53 5 40 17 53 5 41 16 53 5 42 15 53 5 43 14 53 5 44 13 53 5 45 12 53 5 46 11 53 5 47 10 53 5 48 9 53 5 49 8 53 5 50 7 53 5 51 6 53 5 53 5 53 5 55 4 53 5 57 3 53 5 58 2 53 5 60 1 53 6 2 60 53 6 3 59 53 6 4 57 53 6 5 55 53 6 6 53 53 6 7 52 53 6 8 51 53 6 9 50 53 6 10 49 53 6 11 48 53 6 12 47 53 6 13 46 53 6 14 45 53 6 15 44 53 6 16 43 53 6 17 42 53 6 18 41 53 6 19 40 53 6 20 39 53 6 21 38 53 6 22 37 53 6 23 36 53 6 24 35 53 6 25 34 53 6 26 33 53 6 27 32 53 6 28 31 53 6 29 30 53 6 30 29 53 6 31 28 53 6 32 27 53 6 33 26 53 6 34 25 53 6 35 24 53 6 36 23 53 6 37 22 53 6 38 21 53 6 39 20 53 6 40 19 53 6 41 18 53 6 42 17 53 6 43 16 53 6 44 15 53 6 45 14 53 6 46 13 53 6 47 12 53 6 48 11 53 6 49 10 53 6 50 9 53 6 51 8 53 6 52 7 53 6 53 6 53 6 55 5 53 6 57 4 53 6 59 3 53 6 60 2 53 7 3 60 53 7 4 58 53 7 5 56 53 7 6 54 53 7 7 53 53 7 8 52 53 7 9 51 53 7 10 50 53 7 11 49 53 7 12 48 53 7 13 47 53 7 14 46 53 7 15 45 53 7 16 44 53 7 17 43 53 7 18 42 53 7 19 41 53 7 20 40 53 7 21 39 53 7 22 38 53 7 23 37 53 7 24 36 53 7 25 35 53 7 26 34 53 7 27 33 53 7 28 32 53 7 29 31 53 7 30 30 53 7 31 29 53 7 32 28 53 7 33 27 53 7 34 26 53 7 35 25 53 7 36 24 53 7 37 23 53 7 38 22 53 7 39 21 53 7 40 20 53 7 41 19 53 7 42 18 53 7 43 17 53 7 44 16 53 7 45 15 53 7 46 14 53 7 47 13 53 7 48 12 53 7 49 11 53 7 50 10 53 7 51 9 53 7 52 8 53 7 53 7 53 7 54 6 53 7 56 5 53 7 58 4 53 7 60 3 53 8 3 61 53 8 4 59 53 8 5 57 53 8 6 55 53 8 7 54 53 8 8 53 53 8 9 52 53 8 10 51 53 8 11 50 53 8 12 49 53 8 13 48 53 8 14 47 53 8 15 46 53 8 16 45 53 8 17 44 53 8 18 43 53 8 19 42 53 8 20 41 53 8 21 40 53 8 22 39 53 8 23 38 53 8 24 37 53 8 25 36 53 8 26 35 53 8 27 34 53 8 28 33 53 8 29 32 53 8 30 31 53 8 31 30 53 8 32 29 53 8 33 28 53 8 34 27 53 8 35 26 53 8 36 25 53 8 37 24 53 8 38 23 53 8 39 22 53 8 40 21 53 8 41 20 53 8 42 19 53 8 43 18 53 8 44 17 53 8 45 16 53 8 46 15 53 8 47 14 53 8 48 13 53 8 49 12 53 8 50 11 53 8 51 10 53 8 52 9 53 8 53 8 53 8 54 7 53 8 55 6 53 8 57 5 53 8 59 4 53 8 61 3 53 9 4 60 53 9 5 58 53 9 6 56 53 9 7 55 53 9 8 54 53 9 9 53 53 9 10 52 53 9 11 51 53 9 12 50 53 9 13 49 53 9 14 48 53 9 15 47 53 9 16 46 53 9 17 45 53 9 18 44 53 9 19 43 53 9 20 42 53 9 21 41 53 9 22 40 53 9 23 39 53 9 24 38 53 9 25 37 53 9 26 36 53 9 27 35 53 9 28 34 53 9 29 33 53 9 30 32 53 9 31 31 53 9 32 30 53 9 33 29 53 9 34 28 53 9 35 27 53 9 36 26 53 9 37 25 53 9 38 24 53 9 39 23 53 9 40 22 53 9 41 21 53 9 42 20 53 9 43 19 53 9 44 18 53 9 45 17 53 9 46 16 53 9 47 15 53 9 48 14 53 9 49 13 53 9 50 12 53 9 51 11 53 9 52 10 53 9 53 9 53 9 54 8 53 9 55 7 53 9 56 6 53 9 58 5 53 9 60 4 53 10 4 61 53 10 5 59 53 10 6 57 53 10 7 56 53 10 8 55 53 10 9 54 53 10 10 53 53 10 11 52 53 10 12 51 53 10 13 50 53 10 14 49 53 10 15 48 53 10 16 47 53 10 17 46 53 10 18 45 53 10 19 44 53 10 20 43 53 10 21 42 53 10 22 41 53 10 23 40 53 10 24 39 53 10 25 38 53 10 26 37 53 10 27 36 53 10 28 35 53 10 29 34 53 10 30 33 53 10 31 32 53 10 32 31 53 10 33 30 53 10 34 29 53 10 35 28 53 10 36 27 53 10 37 26 53 10 38 25 53 10 39 24 53 10 40 23 53 10 41 22 53 10 42 21 53 10 43 20 53 10 44 19 53 10 45 18 53 10 46 17 53 10 47 16 53 10 48 15 53 10 49 14 53 10 50 13 53 10 51 12 53 10 52 11 53 10 53 10 53 10 54 9 53 10 55 8 53 10 56 7 53 10 57 6 53 10 59 5 53 10 61 4 53 11 4 62 53 11 5 60 53 11 6 58 53 11 7 57 53 11 8 56 53 11 9 55 53 11 10 54 53 11 11 53 53 11 12 52 53 11 13 51 53 11 14 50 53 11 15 49 53 11 16 48 53 11 17 47 53 11 18 46 53 11 19 45 53 11 20 44 53 11 21 43 53 11 22 42 53 11 23 41 53 11 24 40 53 11 25 39 53 11 26 38 53 11 27 37 53 11 28 36 53 11 29 35 53 11 30 34 53 11 31 33 53 11 32 32 53 11 33 31 53 11 34 30 53 11 35 29 53 11 36 28 53 11 37 27 53 11 38 26 53 11 39 25 53 11 40 24 53 11 41 23 53 11 42 22 53 11 43 21 53 11 44 20 53 11 45 19 53 11 46 18 53 11 47 17 53 11 48 16 53 11 49 15 53 11 50 14 53 11 51 13 53 11 52 12 53 11 53 11 53 11 54 10 53 11 55 9 53 11 56 8 53 11 57 7 53 11 58 6 53 11 60 5 53 11 62 4 53 12 5 61 53 12 6 59 53 12 7 58 53 12 8 57 53 12 9 56 53 12 10 55 53 12 11 54 53 12 12 53 53 12 13 52 53 12 14 51 53 12 15 50 53 12 16 49 53 12 17 48 53 12 18 47 53 12 19 46 53 12 20 45 53 12 21 44 53 12 22 43 53 12 23 42 53 12 24 41 53 12 25 40 53 12 26 39 53 12 27 38 53 12 28 37 53 12 29 36 53 12 30 35 53 12 31 34 53 12 32 33 53 12 33 32 53 12 34 31 53 12 35 30 53 12 36 29 53 12 37 28 53 12 38 27 53 12 39 26 53 12 40 25 53 12 41 24 53 12 42 23 53 12 43 22 53 12 44 21 53 12 45 20 53 12 46 19 53 12 47 18 53 12 48 17 53 12 49 16 53 12 50 15 53 12 51 14 53 12 52 13 53 12 53 12 53 12 54 11 53 12 55 10 53 12 56 9 53 12 57 8 53 12 58 7 53 12 59 6 53 12 61 5 53 13 5 62 53 13 6 60 53 13 7 59 53 13 8 58 53 13 9 57 53 13 10 56 53 13 11 55 53 13 12 54 53 13 13 53 53 13 14 52 53 13 15 51 53 13 16 50 53 13 17 49 53 13 18 48 53 13 19 47 53 13 20 46 53 13 21 45 53 13 22 44 53 13 23 43 53 13 24 42 53 13 25 41 53 13 26 40 53 13 27 39 53 13 28 38 53 13 29 37 53 13 30 36 53 13 31 35 53 13 32 34 53 13 33 33 53 13 34 32 53 13 35 31 53 13 36 30 53 13 37 29 53 13 38 28 53 13 39 27 53 13 40 26 53 13 41 25 53 13 42 24 53 13 43 23 53 13 44 22 53 13 45 21 53 13 46 20 53 13 47 19 53 13 48 18 53 13 49 17 53 13 50 16 53 13 51 15 53 13 52 14 53 13 53 13 53 13 54 12 53 13 55 11 53 13 56 10 53 13 57 9 53 13 58 8 53 13 59 7 53 13 60 6 53 13 62 5 53 14 6 61 53 14 7 60 53 14 8 59 53 14 9 58 53 14 10 57 53 14 11 56 53 14 12 55 53 14 13 54 53 14 14 53 53 14 15 52 53 14 16 51 53 14 17 50 53 14 18 49 53 14 19 48 53 14 20 47 53 14 21 46 53 14 22 45 53 14 23 44 53 14 24 43 53 14 25 42 53 14 26 41 53 14 27 40 53 14 28 39 53 14 29 38 53 14 30 37 53 14 31 36 53 14 32 35 53 14 33 34 53 14 34 33 53 14 35 32 53 14 36 31 53 14 37 30 53 14 38 29 53 14 39 28 53 14 40 27 53 14 41 26 53 14 42 25 53 14 43 24 53 14 44 23 53 14 45 22 53 14 46 21 53 14 47 20 53 14 48 19 53 14 49 18 53 14 50 17 53 14 51 16 53 14 52 15 53 14 53 14 53 14 54 13 53 14 55 12 53 14 56 11 53 14 57 10 53 14 58 9 53 14 59 8 53 14 60 7 53 14 61 6 53 15 6 62 53 15 7 61 53 15 8 60 53 15 9 59 53 15 10 58 53 15 11 57 53 15 12 56 53 15 13 55 53 15 14 54 53 15 15 53 53 15 16 52 53 15 17 51 53 15 18 50 53 15 19 49 53 15 20 48 53 15 21 47 53 15 22 46 53 15 23 45 53 15 24 44 53 15 25 43 53 15 26 42 53 15 27 41 53 15 28 40 53 15 29 39 53 15 30 38 53 15 31 37 53 15 32 36 53 15 33 35 53 15 34 34 53 15 35 33 53 15 36 32 53 15 37 31 53 15 38 30 53 15 39 29 53 15 40 28 53 15 41 27 53 15 42 26 53 15 43 25 53 15 44 24 53 15 45 23 53 15 46 22 53 15 47 21 53 15 48 20 53 15 49 19 53 15 50 18 53 15 51 17 53 15 52 16 53 15 53 15 53 15 54 14 53 15 55 13 53 15 56 12 53 15 57 11 53 15 58 10 53 15 59 9 53 15 60 8 53 15 61 7 53 15 62 6 53 16 7 62 53 16 8 61 53 16 9 60 53 16 10 59 53 16 11 58 53 16 12 57 53 16 13 56 53 16 14 55 53 16 15 54 53 16 16 53 53 16 17 52 53 16 18 51 53 16 19 50 53 16 20 49 53 16 21 48 53 16 22 47 53 16 23 46 53 16 24 45 53 16 25 44 53 16 26 43 53 16 27 42 53 16 28 41 53 16 29 40 53 16 30 39 53 16 31 38 53 16 32 37 53 16 33 36 53 16 34 35 53 16 35 34 53 16 36 33 53 16 37 32 53 16 38 31 53 16 39 30 53 16 40 29 53 16 41 28 53 16 42 27 53 16 43 26 53 16 44 25 53 16 45 24 53 16 46 23 53 16 47 22 53 16 48 21 53 16 49 20 53 16 50 19 53 16 51 18 53 16 52 17 53 16 53 16 53 16 54 15 53 16 55 14 53 16 56 13 53 16 57 12 53 16 58 11 53 16 59 10 53 16 60 9 53 16 61 8 53 16 62 7 53 17 8 62 53 17 9 61 53 17 10 60 53 17 11 59 53 17 12 58 53 17 13 57 53 17 14 56 53 17 15 55 53 17 16 54 53 17 17 53 53 17 18 52 53 17 19 51 53 17 20 50 53 17 21 49 53 17 22 48 53 17 23 47 53 17 24 46 53 17 25 45 53 17 26 44 53 17 27 43 53 17 28 42 53 17 29 41 53 17 30 40 53 17 31 39 53 17 32 38 53 17 33 37 53 17 34 36 53 17 35 35 53 17 36 34 53 17 37 33 53 17 38 32 53 17 39 31 53 17 40 30 53 17 41 29 53 17 42 28 53 17 43 27 53 17 44 26 53 17 45 25 53 17 46 24 53 17 47 23 53 17 48 22 53 17 49 21 53 17 50 20 53 17 51 19 53 17 52 18 53 17 53 17 53 17 54 16 53 17 55 15 53 17 56 14 53 17 57 13 53 17 58 12 53 17 59 11 53 17 60 10 53 17 61 9 53 17 62 8 53 18 9 62 53 18 10 61 53 18 11 60 53 18 12 59 53 18 13 58 53 18 14 57 53 18 15 56 53 18 16 55 53 18 17 54 53 18 18 53 53 18 19 52 53 18 20 51 53 18 21 50 53 18 22 49 53 18 23 48 53 18 24 47 53 18 25 46 53 18 26 45 53 18 27 44 53 18 28 43 53 18 29 42 53 18 30 41 53 18 31 40 53 18 32 39 53 18 33 38 53 18 34 37 53 18 35 36 53 18 36 35 53 18 37 34 53 18 38 33 53 18 39 32 53 18 40 31 53 18 41 30 53 18 42 29 53 18 43 28 53 18 44 27 53 18 45 26 53 18 46 25 53 18 47 24 53 18 48 23 53 18 49 22 53 18 50 21 53 18 51 20 53 18 52 19 53 18 53 18 53 18 54 17 53 18 55 16 53 18 56 15 53 18 57 14 53 18 58 13 53 18 59 12 53 18 60 11 53 18 61 10 53 18 62 9 53 19 10 62 53 19 11 61 53 19 12 60 53 19 13 59 53 19 14 58 53 19 15 57 53 19 16 56 53 19 17 55 53 19 18 54 53 19 19 53 53 19 20 52 53 19 21 51 53 19 22 50 53 19 23 49 53 19 24 48 53 19 25 47 53 19 26 46 53 19 27 45 53 19 28 44 53 19 29 43 53 19 30 42 53 19 31 41 53 19 32 40 53 19 33 39 53 19 34 38 53 19 35 37 53 19 36 36 53 19 37 35 53 19 38 34 53 19 39 33 53 19 40 32 53 19 41 31 53 19 42 30 53 19 43 29 53 19 44 28 53 19 45 27 53 19 46 26 53 19 47 25 53 19 48 24 53 19 49 23 53 19 50 22 53 19 51 21 53 19 52 20 53 19 53 19 53 19 54 18 53 19 55 17 53 19 56 16 53 19 57 15 53 19 58 14 53 19 59 13 53 19 60 12 53 19 61 11 53 19 62 10 53 20 11 62 53 20 12 61 53 20 13 60 53 20 14 59 53 20 15 58 53 20 16 57 53 20 17 56 53 20 18 55 53 20 19 54 53 20 20 53 53 20 21 52 53 20 22 51 53 20 23 50 53 20 24 49 53 20 25 48 53 20 26 47 53 20 27 46 53 20 28 45 53 20 29 44 53 20 30 43 53 20 31 42 53 20 32 41 53 20 33 40 53 20 34 39 53 20 35 38 53 20 36 37 53 20 37 36 53 20 38 35 53 20 39 34 53 20 40 33 53 20 41 32 53 20 42 31 53 20 43 30 53 20 44 29 53 20 45 28 53 20 46 27 53 20 47 26 53 20 48 25 53 20 49 24 53 20 50 23 53 20 51 22 53 20 52 21 53 20 53 20 53 20 54 19 53 20 55 18 53 20 56 17 53 20 57 16 53 20 58 15 53 20 59 14 53 20 60 13 53 20 61 12 53 20 62 11 53 21 12 62 53 21 13 61 53 21 14 60 53 21 15 59 53 21 16 58 53 21 17 57 53 21 18 56 53 21 19 55 53 21 20 54 53 21 21 53 53 21 22 52 53 21 23 51 53 21 24 50 53 21 25 49 53 21 26 48 53 21 27 47 53 21 28 46 53 21 29 45 53 21 30 44 53 21 31 43 53 21 32 42 53 21 33 41 53 21 34 40 53 21 35 39 53 21 36 38 53 21 37 37 53 21 38 36 53 21 39 35 53 21 40 34 53 21 41 33 53 21 42 32 53 21 43 31 53 21 44 30 53 21 45 29 53 21 46 28 53 21 47 27 53 21 48 26 53 21 49 25 53 21 50 24 53 21 51 23 53 21 52 22 53 21 53 21 53 21 54 20 53 21 55 19 53 21 56 18 53 21 57 17 53 21 58 16 53 21 59 15 53 21 60 14 53 21 61 13 53 21 62 12 53 22 13 62 53 22 14 61 53 22 15 60 53 22 16 59 53 22 17 58 53 22 18 57 53 22 19 56 53 22 20 55 53 22 21 54 53 22 22 53 53 22 23 52 53 22 24 51 53 22 25 50 53 22 26 49 53 22 27 48 53 22 28 47 53 22 29 46 53 22 30 45 53 22 31 44 53 22 32 43 53 22 33 42 53 22 34 41 53 22 35 40 53 22 36 39 53 22 37 38 53 22 38 37 53 22 39 36 53 22 40 35 53 22 41 34 53 22 42 33 53 22 43 32 53 22 44 31 53 22 45 30 53 22 46 29 53 22 47 28 53 22 48 27 53 22 49 26 53 22 50 25 53 22 51 24 53 22 52 23 53 22 53 22 53 22 54 21 53 22 55 20 53 22 56 19 53 22 57 18 53 22 58 17 53 22 59 16 53 22 60 15 53 22 61 14 53 22 62 13 53 23 14 62 53 23 15 61 53 23 16 60 53 23 17 59 53 23 18 58 53 23 19 57 53 23 20 56 53 23 21 55 53 23 22 54 53 23 23 53 53 23 24 52 53 23 25 51 53 23 26 50 53 23 27 49 53 23 28 48 53 23 29 47 53 23 30 46 53 23 31 45 53 23 32 44 53 23 33 43 53 23 34 42 53 23 35 41 53 23 36 40 53 23 37 39 53 23 38 38 53 23 39 37 53 23 40 36 53 23 41 35 53 23 42 34 53 23 43 33 53 23 44 32 53 23 45 31 53 23 46 30 53 23 47 29 53 23 48 28 53 23 49 27 53 23 50 26 53 23 51 25 53 23 52 24 53 23 53 23 53 23 54 22 53 23 55 21 53 23 56 20 53 23 57 19 53 23 58 18 53 23 59 17 53 23 60 16 53 23 61 15 53 23 62 14 53 24 15 62 53 24 16 61 53 24 17 60 53 24 18 59 53 24 19 58 53 24 20 57 53 24 21 56 53 24 22 55 53 24 23 54 53 24 24 53 53 24 25 52 53 24 26 51 53 24 27 50 53 24 28 49 53 24 29 48 53 24 30 47 53 24 31 46 53 24 32 45 53 24 33 44 53 24 34 43 53 24 35 42 53 24 36 41 53 24 37 40 53 24 38 39 53 24 39 38 53 24 40 37 53 24 41 36 53 24 42 35 53 24 43 34 53 24 44 33 53 24 45 32 53 24 46 31 53 24 47 30 53 24 48 29 53 24 49 28 53 24 50 27 53 24 51 26 53 24 52 25 53 24 53 24 53 24 54 23 53 24 55 22 53 24 56 21 53 24 57 20 53 24 58 19 53 24 59 18 53 24 60 17 53 24 61 16 53 24 62 15 53 25 16 62 53 25 17 61 53 25 18 60 53 25 19 59 53 25 20 58 53 25 21 57 53 25 22 56 53 25 23 55 53 25 24 54 53 25 25 53 53 25 26 52 53 25 27 51 53 25 28 50 53 25 29 49 53 25 30 48 53 25 31 47 53 25 32 46 53 25 33 45 53 25 34 44 53 25 35 43 53 25 36 42 53 25 37 41 53 25 38 40 53 25 39 39 53 25 40 38 53 25 41 37 53 25 42 36 53 25 43 35 53 25 44 34 53 25 45 33 53 25 46 32 53 25 47 31 53 25 48 30 53 25 49 29 53 25 50 28 53 25 51 27 53 25 52 26 53 25 53 25 53 25 54 24 53 25 55 23 53 25 56 22 53 25 57 21 53 25 58 20 53 25 59 19 53 25 60 18 53 25 61 17 53 25 62 16 53 26 17 62 53 26 18 61 53 26 19 60 53 26 20 59 53 26 21 58 53 26 22 57 53 26 23 56 53 26 24 55 53 26 25 54 53 26 26 53 53 26 27 52 53 26 28 51 53 26 29 50 53 26 30 49 53 26 31 48 53 26 32 47 53 26 33 46 53 26 34 45 53 26 35 44 53 26 36 43 53 26 37 42 53 26 38 41 53 26 39 40 53 26 40 39 53 26 41 38 53 26 42 37 53 26 43 36 53 26 44 35 53 26 45 34 53 26 46 33 53 26 47 32 53 26 48 31 53 26 49 30 53 26 50 29 53 26 51 28 53 26 52 27 53 26 53 26 53 26 54 25 53 26 55 24 53 26 56 23 53 26 57 22 53 26 58 21 53 26 59 20 53 26 60 19 53 26 61 18 53 26 62 17 53 27 18 62 53 27 19 61 53 27 20 60 53 27 21 59 53 27 22 58 53 27 23 57 53 27 24 56 53 27 25 55 53 27 26 54 53 27 27 53 53 27 28 52 53 27 29 51 53 27 30 50 53 27 31 49 53 27 32 48 53 27 33 47 53 27 34 46 53 27 35 45 53 27 36 44 53 27 37 43 53 27 38 42 53 27 39 41 53 27 40 40 53 27 41 39 53 27 42 38 53 27 43 37 53 27 44 36 53 27 45 35 53 27 46 34 53 27 47 33 53 27 48 32 53 27 49 31 53 27 50 30 53 27 51 29 53 27 52 28 53 27 53 27 53 27 54 26 53 27 55 25 53 27 56 24 53 27 57 23 53 27 58 22 53 27 59 21 53 27 60 20 53 27 61 19 53 27 62 18 53 28 19 62 53 28 20 61 53 28 21 60 53 28 22 59 53 28 23 58 53 28 24 57 53 28 25 56 53 28 26 55 53 28 27 54 53 28 28 53 53 28 29 52 53 28 30 51 53 28 31 50 53 28 32 49 53 28 33 48 53 28 34 47 53 28 35 46 53 28 36 45 53 28 37 44 53 28 38 43 53 28 39 42 53 28 40 41 53 28 41 40 53 28 42 39 53 28 43 38 53 28 44 37 53 28 45 36 53 28 46 35 53 28 47 34 53 28 48 33 53 28 49 32 53 28 50 31 53 28 51 30 53 28 52 29 53 28 53 28 53 28 54 27 53 28 55 26 53 28 56 25 53 28 57 24 53 28 58 23 53 28 59 22 53 28 60 21 53 28 61 20 53 28 62 19 53 29 20 62 53 29 21 61 53 29 22 60 53 29 23 59 53 29 24 58 53 29 25 57 53 29 26 56 53 29 27 55 53 29 28 54 53 29 29 53 53 29 30 52 53 29 31 51 53 29 32 50 53 29 33 49 53 29 34 48 53 29 35 47 53 29 36 46 53 29 37 45 53 29 38 44 53 29 39 43 53 29 40 42 53 29 41 41 53 29 42 40 53 29 43 39 53 29 44 38 53 29 45 37 53 29 46 36 53 29 47 35 53 29 48 34 53 29 49 33 53 29 50 32 53 29 51 31 53 29 52 30 53 29 53 29 53 29 54 28 53 29 55 27 53 29 56 26 53 29 57 25 53 29 58 24 53 29 59 23 53 29 60 22 53 29 61 21 53 29 62 20 53 30 21 62 53 30 22 61 53 30 23 60 53 30 24 59 53 30 25 58 53 30 26 57 53 30 27 56 53 30 28 55 53 30 29 54 53 30 30 53 53 30 31 52 53 30 32 51 53 30 33 50 53 30 34 49 53 30 35 48 53 30 36 47 53 30 37 46 53 30 38 45 53 30 39 44 53 30 40 43 53 30 41 42 53 30 42 41 53 30 43 40 53 30 44 39 53 30 45 38 53 30 46 37 53 30 47 36 53 30 48 35 53 30 49 34 53 30 50 33 53 30 51 32 53 30 52 31 53 30 53 30 53 30 54 29 53 30 55 28 53 30 56 27 53 30 57 26 53 30 58 25 53 30 59 24 53 30 60 23 53 30 61 22 53 30 62 21 53 31 22 62 53 31 23 61 53 31 24 60 53 31 25 59 53 31 26 58 53 31 27 57 53 31 28 56 53 31 29 55 53 31 30 54 53 31 31 53 53 31 32 52 53 31 33 51 53 31 34 50 53 31 35 49 53 31 36 48 53 31 37 47 53 31 38 46 53 31 39 45 53 31 40 44 53 31 41 43 53 31 42 42 53 31 43 41 53 31 44 40 53 31 45 39 53 31 46 38 53 31 47 37 53 31 48 36 53 31 49 35 53 31 50 34 53 31 51 33 53 31 52 32 53 31 53 31 53 31 54 30 53 31 55 29 53 31 56 28 53 31 57 27 53 31 58 26 53 31 59 25 53 31 60 24 53 31 61 23 53 31 62 22 53 32 23 62 53 32 24 61 53 32 25 60 53 32 26 59 53 32 27 58 53 32 28 57 53 32 29 56 53 32 30 55 53 32 31 54 53 32 32 53 53 32 33 52 53 32 34 51 53 32 35 50 53 32 36 49 53 32 37 48 53 32 38 47 53 32 39 46 53 32 40 45 53 32 41 44 53 32 42 43 53 32 43 42 53 32 44 41 53 32 45 40 53 32 46 39 53 32 47 38 53 32 48 37 53 32 49 36 53 32 50 35 53 32 51 34 53 32 52 33 53 32 53 32 53 32 54 31 53 32 55 30 53 32 56 29 53 32 57 28 53 32 58 27 53 32 59 26 53 32 60 25 53 32 61 24 53 32 62 23 53 33 24 62 53 33 25 61 53 33 26 60 53 33 27 59 53 33 28 58 53 33 29 57 53 33 30 56 53 33 31 55 53 33 32 54 53 33 33 53 53 33 34 52 53 33 35 51 53 33 36 50 53 33 37 49 53 33 38 48 53 33 39 47 53 33 40 46 53 33 41 45 53 33 42 44 53 33 43 43 53 33 44 42 53 33 45 41 53 33 46 40 53 33 47 39 53 33 48 38 53 33 49 37 53 33 50 36 53 33 51 35 53 33 52 34 53 33 53 33 53 33 54 32 53 33 55 31 53 33 56 30 53 33 57 29 53 33 58 28 53 33 59 27 53 33 60 26 53 33 61 25 53 33 62 24 53 34 25 62 53 34 26 61 53 34 27 60 53 34 28 59 53 34 29 58 53 34 30 57 53 34 31 56 53 34 32 55 53 34 33 54 53 34 34 53 53 34 35 52 53 34 36 51 53 34 37 50 53 34 38 49 53 34 39 48 53 34 40 47 53 34 41 46 53 34 42 45 53 34 43 44 53 34 44 43 53 34 45 42 53 34 46 41 53 34 47 40 53 34 48 39 53 34 49 38 53 34 50 37 53 34 51 36 53 34 52 35 53 34 53 34 53 34 54 33 53 34 55 32 53 34 56 31 53 34 57 30 53 34 58 29 53 34 59 28 53 34 60 27 53 34 61 26 53 34 62 25 53 35 26 62 53 35 27 61 53 35 28 60 53 35 29 59 53 35 30 58 53 35 31 57 53 35 32 56 53 35 33 55 53 35 34 54 53 35 35 53 53 35 36 52 53 35 37 51 53 35 38 50 53 35 39 49 53 35 40 48 53 35 41 47 53 35 42 46 53 35 43 45 53 35 44 44 53 35 45 43 53 35 46 42 53 35 47 41 53 35 48 40 53 35 49 39 53 35 50 38 53 35 51 37 53 35 52 36 53 35 53 35 53 35 54 34 53 35 55 33 53 35 56 32 53 35 57 31 53 35 58 30 53 35 59 29 53 35 60 28 53 35 61 27 53 35 62 26 53 36 27 62 53 36 28 61 53 36 29 60 53 36 30 59 53 36 31 58 53 36 32 57 53 36 33 56 53 36 34 55 53 36 35 54 53 36 36 53 53 36 37 52 53 36 38 51 53 36 39 50 53 36 40 49 53 36 41 48 53 36 42 47 53 36 43 46 53 36 44 45 53 36 45 44 53 36 46 43 53 36 47 42 53 36 48 41 53 36 49 40 53 36 50 39 53 36 51 38 53 36 52 37 53 36 53 36 53 36 54 35 53 36 55 34 53 36 56 33 53 36 57 32 53 36 58 31 53 36 59 30 53 36 60 29 53 36 61 28 53 36 62 27 53 37 28 62 53 37 29 61 53 37 30 60 53 37 31 59 53 37 32 58 53 37 33 57 53 37 34 56 53 37 35 55 53 37 36 54 53 37 37 53 53 37 38 52 53 37 39 51 53 37 40 50 53 37 41 49 53 37 42 48 53 37 43 47 53 37 44 46 53 37 45 45 53 37 46 44 53 37 47 43 53 37 48 42 53 37 49 41 53 37 50 40 53 37 51 39 53 37 52 38 53 37 53 37 53 37 54 36 53 37 55 35 53 37 56 34 53 37 57 33 53 37 58 32 53 37 59 31 53 37 60 30 53 37 61 29 53 37 62 28 53 38 29 62 53 38 30 61 53 38 31 60 53 38 32 59 53 38 33 58 53 38 34 57 53 38 35 56 53 38 36 55 53 38 37 54 53 38 38 53 53 38 39 52 53 38 40 51 53 38 41 50 53 38 42 49 53 38 43 48 53 38 44 47 53 38 45 46 53 38 46 45 53 38 47 44 53 38 48 43 53 38 49 42 53 38 50 41 53 38 51 40 53 38 52 39 53 38 53 38 53 38 54 37 53 38 55 36 53 38 56 35 53 38 57 34 53 38 58 33 53 38 59 32 53 38 60 31 53 38 61 30 53 38 62 29 53 39 30 62 53 39 31 61 53 39 32 60 53 39 33 59 53 39 34 58 53 39 35 57 53 39 36 56 53 39 37 55 53 39 38 54 53 39 39 53 53 39 40 52 53 39 41 51 53 39 42 50 53 39 43 49 53 39 44 48 53 39 45 47 53 39 46 46 53 39 47 45 53 39 48 44 53 39 49 43 53 39 50 42 53 39 51 41 53 39 52 40 53 39 53 39 53 39 54 38 53 39 55 37 53 39 56 36 53 39 57 35 53 39 58 34 53 39 59 33 53 39 60 32 53 39 61 31 53 39 62 30 53 40 31 62 53 40 32 61 53 40 33 60 53 40 34 59 53 40 35 58 53 40 36 57 53 40 37 56 53 40 38 55 53 40 39 54 53 40 40 53 53 40 41 52 53 40 42 51 53 40 43 50 53 40 44 49 53 40 45 48 53 40 46 47 53 40 47 46 53 40 48 45 53 40 49 44 53 40 50 43 53 40 51 42 53 40 52 41 53 40 53 40 53 40 54 39 53 40 55 38 53 40 56 37 53 40 57 36 53 40 58 35 53 40 59 34 53 40 60 33 53 40 61 32 53 40 62 31 53 41 32 62 53 41 33 61 53 41 34 60 53 41 35 59 53 41 36 58 53 41 37 57 53 41 38 56 53 41 39 55 53 41 40 54 53 41 41 53 53 41 42 52 53 41 43 51 53 41 44 50 53 41 45 49 53 41 46 48 53 41 47 47 53 41 48 46 53 41 49 45 53 41 50 44 53 41 51 43 53 41 52 42 53 41 53 41 53 41 54 40 53 41 55 39 53 41 56 38 53 41 57 37 53 41 58 36 53 41 59 35 53 41 60 34 53 41 61 33 53 41 62 32 53 42 33 62 53 42 34 61 53 42 35 60 53 42 36 59 53 42 37 58 53 42 38 57 53 42 39 56 53 42 40 55 53 42 41 54 53 42 42 53 53 42 43 52 53 42 44 51 53 42 45 50 53 42 46 49 53 42 47 48 53 42 48 47 53 42 49 46 53 42 50 45 53 42 51 44 53 42 52 43 53 42 53 42 53 42 54 41 53 42 55 40 53 42 56 39 53 42 57 38 53 42 58 37 53 42 59 36 53 42 60 35 53 42 61 34 53 42 62 33 53 43 34 62 53 43 35 61 53 43 36 60 53 43 37 59 53 43 38 58 53 43 39 57 53 43 40 56 53 43 41 55 53 43 42 54 53 43 43 53 53 43 44 52 53 43 45 51 53 43 46 50 53 43 47 49 53 43 48 48 53 43 49 47 53 43 50 46 53 43 51 45 53 43 52 44 53 43 53 43 53 43 54 42 53 43 55 41 53 43 56 40 53 43 57 39 53 43 58 38 53 43 59 37 53 43 60 36 53 43 61 35 53 43 62 34 53 44 35 62 53 44 36 61 53 44 37 60 53 44 38 59 53 44 39 58 53 44 40 57 53 44 41 56 53 44 42 55 53 44 43 54 53 44 44 53 53 44 45 52 53 44 46 51 53 44 47 50 53 44 48 49 53 44 49 48 53 44 50 47 53 44 51 46 53 44 52 45 53 44 53 44 53 44 54 43 53 44 55 42 53 44 56 41 53 44 57 40 53 44 58 39 53 44 59 38 53 44 60 37 53 44 61 36 53 44 62 35 53 45 36 62 53 45 37 61 53 45 38 60 53 45 39 59 53 45 40 58 53 45 41 57 53 45 42 56 53 45 43 55 53 45 44 54 53 45 45 53 53 45 46 52 53 45 47 51 53 45 48 50 53 45 49 49 53 45 50 48 53 45 51 47 53 45 52 46 53 45 53 45 53 45 54 44 53 45 55 43 53 45 56 42 53 45 57 41 53 45 58 40 53 45 59 39 53 45 60 38 53 45 61 37 53 45 62 36 53 46 37 62 53 46 38 61 53 46 39 60 53 46 40 59 53 46 41 58 53 46 42 57 53 46 43 56 53 46 44 55 53 46 45 54 53 46 46 53 53 46 47 52 53 46 48 51 53 46 49 50 53 46 50 49 53 46 51 48 53 46 52 47 53 46 53 46 53 46 54 45 53 46 55 44 53 46 56 43 53 46 57 42 53 46 58 41 53 46 59 40 53 46 60 39 53 46 61 38 53 46 62 37 53 47 38 62 53 47 39 61 53 47 40 60 53 47 41 59 53 47 42 58 53 47 43 57 53 47 44 56 53 47 45 55 53 47 46 54 53 47 47 53 53 47 48 52 53 47 49 51 53 47 50 50 53 47 51 49 53 47 52 48 53 47 53 47 53 47 54 46 53 47 55 45 53 47 56 44 53 47 57 43 53 47 58 42 53 47 59 41 53 47 60 40 53 47 61 39 53 47 62 38 53 48 39 62 53 48 40 61 53 48 41 60 53 48 42 59 53 48 43 58 53 48 44 57 53 48 45 56 53 48 46 55 53 48 47 54 53 48 48 53 53 48 49 52 53 48 50 51 53 48 51 50 53 48 52 49 53 48 53 48 53 48 54 47 53 48 55 46 53 48 56 45 53 48 57 44 53 48 58 43 53 48 59 42 53 48 60 41 53 48 61 40 53 48 62 39 53 49 40 62 53 49 41 61 53 49 42 60 53 49 43 59 53 49 44 58 53 49 45 57 53 49 46 56 53 49 47 55 53 49 48 54 53 49 49 53 53 49 50 52 53 49 51 51 53 49 52 50 53 49 53 49 53 49 54 48 53 49 55 47 53 49 56 46 53 49 57 45 53 49 58 44 53 49 59 43 53 49 60 42 53 49 61 41 53 49 62 40 53 50 41 62 53 50 42 61 53 50 43 60 53 50 44 59 53 50 45 58 53 50 46 57 53 50 47 56 53 50 48 55 53 50 49 54 53 50 50 53 53 50 51 52 53 50 52 51 53 50 53 50 53 50 54 49 53 50 55 48 53 50 56 47 53 50 57 46 53 50 58 45 53 50 59 44 53 50 60 43 53 50 61 42 53 50 62 41 53 51 42 62 53 51 43 61 53 51 44 60 53 51 45 59 53 51 46 58 53 51 47 57 53 51 48 56 53 51 49 55 53 51 50 54 53 51 51 53 53 51 52 52 53 51 53 51 53 51 54 50 53 51 55 49 53 51 56 48 53 51 57 47 53 51 58 46 53 51 59 45 53 51 60 44 53 51 61 43 53 51 62 42 53 52 43 62 53 52 44 61 53 52 45 60 53 52 46 59 53 52 47 58 53 52 48 57 53 52 49 56 53 52 50 55 53 52 51 54 53 52 52 53 53 52 53 52 53 52 54 51 53 52 55 50 53 52 56 49 53 52 57 48 53 52 58 47 53 52 59 46 53 52 60 45 53 52 61 44 53 52 62 43 53 53 44 62 53 53 45 61 53 53 46 60 53 53 47 59 53 53 48 58 53 53 49 57 53 53 50 56 53 53 51 55 53 53 52 54 53 53 53 53 53 53 54 52 53 53 55 51 53 53 56 50 53 53 57 49 53 53 58 48 53 53 59 47 53 53 60 46 53 53 61 45 53 53 62 44 53 54 45 62 53 54 46 61 53 54 47 60 53 54 48 59 53 54 49 58 53 54 50 57 53 54 51 56 53 54 52 55 53 54 53 54 53 54 54 53 53 54 55 52 53 54 56 51 53 54 57 50 53 54 58 49 53 54 59 48 53 54 60 47 53 54 61 46 53 54 62 45 53 55 46 62 53 55 47 61 53 55 48 60 53 55 49 59 53 55 50 58 53 55 51 57 53 55 52 56 53 55 53 55 53 55 54 54 53 55 55 53 53 55 56 52 53 55 57 51 53 55 58 50 53 55 59 49 53 55 60 48 53 55 61 47 53 55 62 46 53 56 47 62 53 56 48 61 53 56 49 60 53 56 50 59 53 56 51 58 53 56 52 57 53 56 53 56 53 56 54 55 53 56 55 54 53 56 56 53 53 56 57 52 53 56 58 51 53 56 59 50 53 56 60 49 53 56 61 48 53 56 62 47 53 57 48 62 53 57 49 61 53 57 50 60 53 57 51 59 53 57 52 58 53 57 53 57 53 57 54 56 53 57 55 55 53 57 56 54 53 57 57 53 53 57 58 52 53 57 59 51 53 57 60 50 53 57 61 49 53 57 62 48 53 58 49 62 53 58 50 61 53 58 51 60 53 58 52 59 53 58 53 58 53 58 54 57 53 58 55 56 53 58 56 55 53 58 57 54 53 58 58 53 53 58 59 52 53 58 60 51 53 58 61 50 53 58 62 49 53 59 50 62 53 59 51 61 53 59 52 60 53 59 53 59 53 59 54 58 53 59 55 57 53 59 56 56 53 59 57 55 53 59 58 54 53 59 59 53 53 59 60 52 53 59 61 51 53 59 62 50 53 60 51 62 53 60 52 61 53 60 53 60 53 60 54 59 53 60 55 58 53 60 56 57 53 60 57 56 53 60 58 55 53 60 59 54 53 60 60 53 53 60 61 52 53 60 62 51 53 61 52 62 53 61 53 61 53 61 54 60 53 61 55 59 53 61 56 58 53 61 57 57 53 61 58 56 53 61 59 55 53 61 60 54 53 61 61 53 53 61 62 52 53 62 53 62 53 62 54 61 53 62 55 60 53 62 56 59 53 62 57 58 53 62 58 57 53 62 59 56 53 62 60 55 53 62 61 54 53 62 62 53 









