





























30 0 0 30 30 0 1 28 30 0 2 26 30 0 3 25 30 0 4 23 30 0 5 21 30 0 6 19 30 0 7 18 30 0 8 17 30 0 9 16 30 0 10 15 30 0 11 14 30 0 12 13 30 0 13 12 30 0 14 11 30 0 15 10 30 0 16 9 30 0 17 8 30 0 18 7 30 0 19 6 30 0 21 5 30 0 23 4 30 0 25 3 30 0 26 2 30 0 28 1 30 0 30 0 30 1 0 32 30 1 1 30 30 1 2 28 30 1 3 27 30 1 4 25 30 1 5 23 30 1 6 21 30 1 7 20 30 1 8 19 30 1 9 18 30 1 10 17 30 1 11 16 30 1 12 15 30 1 13 14 30 1 14 13 30 1 15 12 30 1 16 11 30 1 17 10 30 1 18 9 30 1 19 8 30 1 20 7 30 1 21 6 30 1 23 5 30 1 25 4 30 1 27 3 30 1 28 2 30 1 30 1 30 1 32 0 30 2 0 34 30 2 1 32 30 2 2 30 30 2 3 29 30 2 4 27 30 2 5 25 30 2 6 23 30 2 7 22 30 2 8 21 30 2 9 20 30 2 10 19 30 2 11 18 30 2 12 17 30 2 13 16 30 2 14 15 30 2 15 14 30 2 16 13 30 2 17 12 30 2 18 11 30 2 19 10 30 2 20 9 30 2 21 8 30 2 22 7 30 2 23 6 30 2 25 5 30 2 27 4 30 2 29 3 30 2 30 2 30 2 32 1 30 2 34 0 30 3 0 35 30 3 1 33 30 3 2 31 30 3 3 30 30 3 4 28 30 3 5 26 30 3 6 24 30 3 7 23 30 3 8 22 30 3 9 21 30 3 10 20 30 3 11 19 30 3 12 18 30 3 13 17 30 3 14 16 30 3 15 15 30 3 16 14 30 3 17 13 30 3 18 12 30 3 19 11 30 3 20 10 30 3 21 9 30 3 22 8 30 3 23 7 30 3 24 6 30 3 26 5 30 3 28 4 30 3 30 3 30 3 31 2 30 3 33 1 30 3 35 0 30 4 0 37 30 4 1 35 30 4 2 33 30 4 3 32 30 4 4 30 30 4 5 28 30 4 6 26 30 4 7 25 30 4 8 24 30 4 9 23 30 4 10 22 30 4 11 21 30 4 12 20 30 4 13 19 30 4 14 18 30 4 15 17 30 4 16 16 30 4 17 15 30 4 18 14 30 4 19 13 30 4 20 12 30 4 21 11 30 4 22 10 30 4 23 9 30 4 24 8 30 4 25 7 30 4 26 6 30 4 28 5 30 4 30 4 30 4 32 3 30 4 33 2 30 4 35 1 30 4 37 0 30 5 0 39 30 5 1 37 30 5 2 35 30 5 3 34 30 5 4 32 30 5 5 30 30 5 6 28 30 5 7 27 30 5 8 26 30 5 9 25 30 5 10 24 30 5 11 23 30 5 12 22 30 5 13 21 30 5 14 20 30 5 15 19 30 5 16 18 30 5 17 17 30 5 18 16 30 5 19 15 30 5 20 14 30 5 21 13 30 5 22 12 30 5 23 11 30 5 24 10 30 5 25 9 30 5 26 8 30 5 27 7 30 5 28 6 30 5 30 5 30 5 32 4 30 5 34 3 30 5 35 2 30 5 37 1 30 5 39 0 30 6 0 41 30 6 1 39 30 6 2 37 30 6 3 36 30 6 4 34 30 6 5 32 30 6 6 30 30 6 7 29 30 6 8 28 30 6 9 27 30 6 10 26 30 6 11 25 30 6 12 24 30 6 13 23 30 6 14 22 30 6 15 21 30 6 16 20 30 6 17 19 30 6 18 18 30 6 19 17 30 6 20 16 30 6 21 15 30 6 22 14 30 6 23 13 30 6 24 12 30 6 25 11 30 6 26 10 30 6 27 9 30 6 28 8 30 6 29 7 30 6 30 6 30 6 32 5 30 6 34 4 30 6 36 3 30 6 37 2 30 6 39 1 30 6 41 0 30 7 0 42 30 7 1 40 30 7 2 38 30 7 3 37 30 7 4 35 30 7 5 33 30 7 6 31 30 7 7 30 30 7 8 29 30 7 9 28 30 7 10 27 30 7 11 26 30 7 12 25 30 7 13 24 30 7 14 23 30 7 15 22 30 7 16 21 30 7 17 20 30 7 18 19 30 7 19 18 30 7 20 17 30 7 21 16 30 7 22 15 30 7 23 14 30 7 24 13 30 7 25 12 30 7 26 11 30 7 27 10 30 7 28 9 30 7 29 8 30 7 30 7 30 7 31 6 30 7 33 5 30 7 35 4 30 7 37 3 30 7 38 2 30 7 40 1 30 7 42 0 30 8 0 43 30 8 1 41 30 8 2 39 30 8 3 38 30 8 4 36 30 8 5 34 30 8 6 32 30 8 7 31 30 8 8 30 30 8 9 29 30 8 10 28 30 8 11 27 30 8 12 26 30 8 13 25 30 8 14 24 30 8 15 23 30 8 16 22 30 8 17 21 30 8 19 19 30 8 21 17 30 8 22 16 30 8 23 15 30 8 24 14 30 8 25 13 30 8 26 12 30 8 27 11 30 8 28 10 30 8 29 9 30 8 30 8 30 8 31 7 30 8 32 6 30 8 34 5 30 8 36 4 30 8 38 3 30 8 39 2 30 8 41 1 30 8 43 0 30 9 0 44 30 9 1 42 30 9 2 40 30 9 3 39 30 9 4 37 30 9 5 35 30 9 6 33 30 9 7 32 30 9 8 31 30 9 9 30 30 9 10 29 30 9 11 28 30 9 12 27 30 9 13 26 30 9 14 25 30 9 15 24 30 9 16 23 30 9 17 22 30 9 18 21 30 9 19 20 30 9 20 19 30 9 21 18 30 9 22 17 30 9 23 16 30 9 24 15 30 9 25 14 30 9 26 13 30 9 27 12 30 9 28 11 30 9 29 10 30 9 30 9 30 9 31 8 30 9 32 7 30 9 33 6 30 9 35 5 30 9 37 4 30 9 39 3 30 9 40 2 30 9 42 1 30 9 44 0 30 10 0 45 30 10 1 43 30 10 2 41 30 10 3 40 30 10 4 38 30 10 5 36 30 10 6 34 30 10 7 33 30 10 8 32 30 10 9 31 30 10 10 30 30 10 11 29 30 10 12 28 30 10 13 27 30 10 14 26 30 10 15 25 30 10 16 24 30 10 17 23 30 10 18 22 30 10 19 21 30 10 20 20 30 10 21 19 30 10 22 18 30 10 23 17 30 10 24 16 30 10 25 15 30 10 26 14 30 10 27 13 30 10 28 12 30 10 29 11 30 10 30 10 30 10 31 9 30 10 32 8 30 10 33 7 30 10 34 6 30 10 36 5 30 10 38 4 30 10 40 3 30 10 41 2 30 10 43 1 30 10 45 0 30 11 0 46 30 11 1 44 30 11 2 42 30 11 3 41 30 11 4 39 30 11 5 37 30 11 6 35 30 11 7 34 30 11 8 33 30 11 9 32 30 11 10 31 30 11 11 30 30 11 12 29 30 11 13 28 30 11 14 27 30 11 15 26 30 11 16 25 30 11 17 24 30 11 18 23 30 11 19 22 30 11 20 21 30 11 21 20 30 11 22 19 30 11 23 18 30 11 24 17 30 11 25 16 30 11 26 15 30 11 27 14 30 11 28 13 30 11 29 12 30 11 30 11 30 11 31 10 30 11 32 9 30 11 33 8 30 11 34 7 30 11 35 6 30 11 37 5 30 11 39 4 30 11 41 3 30 11 42 2 30 11 44 1 30 11 46 0 30 12 1 45 30 12 2 43 30 12 3 42 30 12 4 40 30 12 5 38 30 12 6 36 30 12 7 35 30 12 8 34 30 12 9 33 30 12 10 32 30 12 11 31 30 12 12 30 30 12 13 29 30 12 14 28 30 12 15 27 30 12 16 26 30 12 17 25 30 12 19 23 30 12 20 22 30 12 21 21 30 12 22 20 30 12 23 19 30 12 25 17 30 12 26 16 30 12 27 15 30 12 28 14 30 12 29 13 30 12 30 12 30 12 31 11 30 12 32 10 30 12 33 9 30 12 34 8 30 12 35 7 30 12 36 6 30 12 38 5 30 12 40 4 30 12 42 3 30 12 43 2 30 12 45 1 30 13 0 48 30 13 1 46 30 13 2 44 30 13 3 43 30 13 4 41 30 13 5 39 30 13 6 37 30 13 7 36 30 13 8 35 30 13 9 34 30 13 10 33 30 13 11 32 30 13 12 31 30 13 13 30 30 13 14 29 30 13 15 28 30 13 16 27 30 13 17 26 30 13 18 25 30 13 19 24 30 13 20 23 30 13 21 22 30 13 22 21 30 13 23 20 30 13 24 19 30 13 25 18 30 13 26 17 30 13 27 16 30 13 28 15 30 13 29 14 30 13 30 13 30 13 31 12 30 13 32 11 30 13 33 10 30 13 34 9 30 13 35 8 30 13 36 7 30 13 37 6 30 13 39 5 30 13 41 4 30 13 43 3 30 13 44 2 30 13 46 1 30 13 48 0 30 14 0 49 30 14 1 47 30 14 2 45 30 14 3 44 30 14 4 42 30 14 5 40 30 14 6 38 30 14 7 37 30 14 8 36 30 14 9 35 30 14 10 34 30 14 11 33 30 14 12 32 30 14 13 31 30 14 14 30 30 14 15 29 30 14 16 28 30 14 17 27 30 14 18 26 30 14 19 25 30 14 20 24 30 14 21 23 30 14 22 22 30 14 23 21 30 14 24 20 30 14 25 19 30 14 26 18 30 14 27 17 30 14 28 16 30 14 29 15 30 14 30 14 30 14 31 13 30 14 32 12 30 14 33 11 30 14 34 10 30 14 35 9 30 14 36 8 30 14 37 7 30 14 38 6 30 14 40 5 30 14 42 4 30 14 44 3 30 14 45 2 30 14 47 1 30 14 49 0 30 15 1 48 30 15 2 46 30 15 3 45 30 15 4 43 30 15 5 41 30 15 6 39 30 15 7 38 30 15 8 37 30 15 9 36 30 15 10 35 30 15 11 34 30 15 12 33 30 15 13 32 30 15 14 31 30 15 15 30 30 15 16 29 30 15 17 28 30 15 18 27 30 15 19 26 30 15 20 25 30 15 21 24 30 15 22 23 30 15 23 22 30 15 24 21 30 15 25 20 30 15 26 19 30 15 27 18 30 15 28 17 30 15 29 16 30 15 30 15 30 15 31 14 30 15 32 13 30 15 33 12 30 15 34 11 30 15 35 10 30 15 36 9 30 15 37 8 30 15 38 7 30 15 39 6 30 15 41 5 30 15 43 4 30 15 45 3 30 15 46 2 30 15 48 1 30 16 0 51 30 16 1 49 30 16 2 47 30 16 3 46 30 16 4 44 30 16 5 42 30 16 6 40 30 16 7 39 30 16 8 38 30 16 9 37 30 16 10 36 30 16 11 35 30 16 12 34 30 16 13 33 30 16 14 32 30 16 15 31 30 16 16 30 30 16 17 29 30 16 18 28 30 16 19 27 30 16 20 26 30 16 21 25 30 16 22 24 30 16 23 23 30 16 24 22 30 16 25 21 30 16 26 20 30 16 27 19 30 16 28 18 30 16 29 17 30 16 30 16 30 16 31 15 30 16 32 14 30 16 33 13 30 16 34 12 30 16 35 11 30 16 36 10 30 16 37 9 30 16 38 8 30 16 39 7 30 16 40 6 30 16 42 5 30 16 44 4 30 16 46 3 30 16 47 2 30 16 49 1 30 16 51 0 30 17 1 50 30 17 2 48 30 17 3 47 30 17 4 45 30 17 5 43 30 17 6 41 30 17 7 40 30 17 8 39 30 17 9 38 30 17 10 37 30 17 11 36 30 17 12 35 30 17 13 34 30 17 14 33 30 17 15 32 30 17 16 31 30 17 17 30 30 17 18 29 30 17 19 28 30 17 20 27 30 17 21 26 30 17 22 25 30 17 23 24 30 17 24 23 30 17 25 22 30 17 26 21 30 17 27 20 30 17 28 19 30 17 29 18 30 17 30 17 30 17 31 16 30 17 32 15 30 17 33 14 30 17 34 13 30 17 35 12 30 17 36 11 30 17 37 10 30 17 38 9 30 17 39 8 30 17 40 7 30 17 41 6 30 17 43 5 30 17 45 4 30 17 47 3 30 17 48 2 30 17 50 1 30 18 1 51 30 18 2 49 30 18 3 48 30 18 4 46 30 18 5 44 30 18 6 42 30 18 7 41 30 18 8 40 30 18 9 39 30 18 10 38 30 18 11 37 30 18 12 36 30 18 13 35 30 18 14 34 30 18 15 33 30 18 16 32 30 18 17 31 30 18 18 30 30 18 19 29 30 18 20 28 30 18 21 27 30 18 22 26 30 18 23 25 30 18 24 24 30 18 25 23 30 18 26 22 30 18 27 21 30 18 28 20 30 18 29 19 30 18 30 18 30 18 31 17 30 18 32 16 30 18 33 15 30 18 34 14 30 18 35 13 30 18 36 12 30 18 37 11 30 18 38 10 30 18 39 9 30 18 40 8 30 18 41 7 30 18 42 6 30 18 44 5 30 18 46 4 30 18 48 3 30 18 49 2 30 18 51 1 30 19 1 52 30 19 2 50 30 19 3 49 30 19 4 47 30 19 5 45 30 19 6 43 30 19 7 42 30 19 8 41 30 19 9 40 30 19 10 39 30 19 11 38 30 19 12 37 30 19 13 36 30 19 14 35 30 19 15 34 30 19 16 33 30 19 17 32 30 19 18 31 30 19 19 30 30 19 20 29 30 19 21 28 30 19 22 27 30 19 23 26 30 19 24 25 30 19 25 24 30 19 26 23 30 19 27 22 30 19 28 21 30 19 29 20 30 19 30 19 30 19 31 18 30 19 32 17 30 19 33 16 30 19 34 15 30 19 35 14 30 19 36 13 30 19 37 12 30 19 38 11 30 19 39 10 30 19 40 9 30 19 41 8 30 19 42 7 30 19 43 6 30 19 45 5 30 19 47 4 30 19 49 3 30 19 50 2 30 19 52 1 30 20 1 53 30 20 2 51 30 20 3 50 30 20 4 48 30 20 5 46 30 20 6 44 30 20 7 43 30 20 8 42 30 20 9 41 30 20 10 40 30 20 11 39 30 20 12 38 30 20 13 37 30 20 14 36 30 20 15 35 30 20 16 34 30 20 17 33 30 20 18 32 30 20 19 31 30 20 20 30 30 20 21 29 30 20 22 28 30 20 23 27 30 20 24 26 30 20 25 25 30 20 26 24 30 20 27 23 30 20 28 22 30 20 29 21 30 20 30 20 30 20 31 19 30 20 32 18 30 20 33 17 30 20 34 16 30 20 35 15 30 20 36 14 30 20 37 13 30 20 38 12 30 20 39 11 30 20 40 10 30 20 41 9 30 20 42 8 30 20 43 7 30 20 44 6 30 20 46 5 30 20 48 4 30 20 50 3 30 20 51 2 30 20 53 1 30 21 1 54 30 21 2 52 30 21 3 51 30 21 4 49 30 21 5 47 30 21 6 45 30 21 7 44 30 21 8 43 30 21 9 42 30 21 10 41 30 21 11 40 30 21 12 39 30 21 13 38 30 21 14 37 30 21 15 36 30 21 16 35 30 21 17 34 30 21 18 33 30 21 19 32 30 21 20 31 30 21 21 30 30 21 22 29 30 21 23 28 30 21 24 27 30 21 25 26 30 21 26 25 30 21 27 24 30 21 28 23 30 21 29 22 30 21 30 21 30 21 31 20 30 21 32 19 30 21 33 18 30 21 34 17 30 21 35 16 30 21 36 15 30 21 37 14 30 21 38 13 30 21 39 12 30 21 40 11 30 21 41 10 30 21 42 9 30 21 43 8 30 21 44 7 30 21 45 6 30 21 47 5 30 21 49 4 30 21 51 3 30 21 52 2 30 21 54 1 30 22 1 55 30 22 2 53 30 22 3 52 30 22 4 50 30 22 5 48 30 22 6 46 30 22 7 45 30 22 8 44 30 22 9 43 30 22 10 42 30 22 11 41 30 22 12 40 30 22 13 39 30 22 14 38 30 22 15 37 30 22 16 36 30 22 17 35 30 22 18 34 30 22 19 33 30 22 20 32 30 22 21 31 30 22 22 30 30 22 23 29 30 22 24 28 30 22 25 27 30 22 26 26 30 22 27 25 30 22 28 24 30 22 29 23 30 22 30 22 30 22 31 21 30 22 32 20 30 22 33 19 30 22 34 18 30 22 35 17 30 22 36 16 30 22 37 15 30 22 38 14 30 22 39 13 30 22 40 12 30 22 41 11 30 22 42 10 30 22 43 9 30 22 44 8 30 22 45 7 30 22 46 6 30 22 48 5 30 22 50 4 30 22 52 3 30 22 53 2 30 22 55 1 30 23 1 56 30 23 2 54 30 23 3 53 30 23 4 51 30 23 5 49 30 23 6 47 30 23 7 46 30 23 8 45 30 23 9 44 30 23 10 43 30 23 11 42 30 23 12 41 30 23 13 40 30 23 14 39 30 23 15 38 30 23 16 37 30 23 17 36 30 23 18 35 30 23 19 34 30 23 20 33 30 23 21 32 30 23 22 31 30 23 23 30 30 23 24 29 30 23 25 28 30 23 26 27 30 23 27 26 30 23 28 25 30 23 29 24 30 23 30 23 30 23 31 22 30 23 32 21 30 23 33 20 30 23 34 19 30 23 35 18 30 23 36 17 30 23 37 16 30 23 38 15 30 23 39 14 30 23 40 13 30 23 41 12 30 23 42 11 30 23 43 10 30 23 44 9 30 23 45 8 30 23 46 7 30 23 47 6 30 23 49 5 30 23 51 4 30 23 53 3 30 23 54 2 30 23 56 1 30 24 1 57 30 24 2 55 30 24 3 54 30 24 4 52 30 24 5 50 30 24 6 48 30 24 7 47 30 24 8 46 30 24 9 45 30 24 10 44 30 24 11 43 30 24 12 42 30 24 13 41 30 24 14 40 30 24 15 39 30 24 16 38 30 24 17 37 30 24 18 36 30 24 19 35 30 24 20 34 30 24 21 33 30 24 22 32 30 24 23 31 30 24 24 30 30 24 25 29 30 24 26 28 30 24 27 27 30 24 28 26 30 24 29 25 30 24 30 24 30 24 31 23 30 24 32 22 30 24 33 21 30 24 34 20 30 24 35 19 30 24 36 18 30 24 37 17 30 24 38 16 30 24 39 15 30 24 40 14 30 24 41 13 30 24 42 12 30 24 43 11 30 24 44 10 30 24 45 9 30 24 46 8 30 24 47 7 30 24 48 6 30 24 50 5 30 24 52 4 30 24 54 3 30 24 55 2 30 24 57 1 30 25 1 58 30 25 2 56 30 25 3 55 30 25 4 53 30 25 5 51 30 25 6 49 30 25 7 48 30 25 8 47 30 25 9 46 30 25 10 45 30 25 11 44 30 25 12 43 30 25 13 42 30 25 14 41 30 25 15 40 30 25 16 39 30 25 17 38 30 25 18 37 30 25 19 36 30 25 20 35 30 25 21 34 30 25 22 33 30 25 23 32 30 25 24 31 30 25 25 30 30 25 26 29 30 25 27 28 30 25 28 27 30 25 29 26 30 25 30 25 30 25 31 24 30 25 32 23 30 25 33 22 30 25 34 21 30 25 35 20 30 25 36 19 30 25 37 18 30 25 38 17 30 25 39 16 30 25 40 15 30 25 41 14 30 25 42 13 30 25 43 12 30 25 44 11 30 25 45 10 30 25 46 9 30 25 47 8 30 25 48 7 30 25 49 6 30 25 51 5 30 25 53 4 30 25 55 3 30 25 56 2 30 25 58 1 30 26 1 59 30 26 2 57 30 26 3 56 30 26 4 54 30 26 5 52 30 26 6 50 30 26 7 49 30 26 8 48 30 26 9 47 30 26 10 46 30 26 11 45 30 26 12 44 30 26 13 43 30 26 14 42 30 26 15 41 30 26 16 40 30 26 17 39 30 26 18 38 30 26 19 37 30 26 20 36 30 26 21 35 30 26 22 34 30 26 23 33 30 26 24 32 30 26 25 31 30 26 26 30 30 26 27 29 30 26 28 28 30 26 29 27 30 26 30 26 30 26 31 25 30 26 32 24 30 26 33 23 30 26 34 22 30 26 35 21 30 26 36 20 30 26 37 19 30 26 38 18 30 26 39 17 30 26 40 16 30 26 41 15 30 26 42 14 30 26 43 13 30 26 44 12 30 26 45 11 30 26 46 10 30 26 47 9 30 26 48 8 30 26 49 7 30 26 50 6 30 26 52 5 30 26 54 4 30 26 56 3 30 26 57 2 30 26 59 1 30 27 1 60 30 27 2 58 30 27 3 57 30 27 4 55 30 27 5 53 30 27 6 51 30 27 7 50 30 27 8 49 30 27 9 48 30 27 10 47 30 27 11 46 30 27 12 45 30 27 13 44 30 27 14 43 30 27 15 42 30 27 16 41 30 27 17 40 30 27 18 39 30 27 19 38 30 27 20 37 30 27 21 36 30 27 22 35 30 27 23 34 30 27 24 33 30 27 25 32 30 27 26 31 30 27 27 30 30 27 28 29 30 27 29 28 30 27 30 27 30 27 31 26 30 27 32 25 30 27 33 24 30 27 34 23 30 27 35 22 30 27 36 21 30 27 37 20 30 27 38 19 30 27 39 18 30 27 40 17 30 27 41 16 30 27 42 15 30 27 43 14 30 27 44 13 30 27 45 12 30 27 46 11 30 27 47 10 30 27 48 9 30 27 49 8 30 27 50 7 30 27 51 6 30 27 53 5 30 27 55 4 30 27 57 3 30 27 58 2 30 27 60 1 30 28 2 59 30 28 3 58 30 28 4 56 30 28 5 54 30 28 6 52 30 28 7 51 30 28 8 50 30 28 9 49 30 28 10 48 30 28 11 47 30 28 12 46 30 28 13 45 30 28 14 44 30 28 15 43 30 28 16 42 30 28 17 41 30 28 18 40 30 28 19 39 30 28 20 38 30 28 21 37 30 28 22 36 30 28 23 35 30 28 24 34 30 28 25 33 30 28 26 32 30 28 27 31 30 28 28 30 30 28 29 29 30 28 30 28 30 28 31 27 30 28 32 26 30 28 33 25 30 28 34 24 30 28 35 23 30 28 36 22 30 28 37 21 30 28 38 20 30 28 39 19 30 28 40 18 30 28 41 17 30 28 42 16 30 28 43 15 30 28 44 14 30 28 45 13 30 28 46 12 30 28 47 11 30 28 48 10 30 28 49 9 30 28 50 8 30 28 51 7 30 28 52 6 30 28 54 5 30 28 56 4 30 28 58 3 30 28 59 2 30 29 2 60 30 29 3 59 30 29 4 57 30 29 5 55 30 29 6 53 30 29 7 52 30 29 8 51 30 29 9 50 30 29 10 49 30 29 11 48 30 29 12 47 30 29 13 46 30 29 14 45 30 29 15 44 30 29 16 43 30 29 17 42 30 29 18 41 30 29 19 40 30 29 20 39 30 29 21 38 30 29 22 37 30 29 23 36 30 29 24 35 30 29 25 34 30 29 26 33 30 29 27 32 30 29 28 31 30 29 29 30 30 29 30 29 30 29 31 28 30 29 32 27 30 29 33 26 30 29 34 25 30 29 35 24 30 29 36 23 30 29 37 22 30 29 38 21 30 29 39 20 30 29 40 19 30 29 41 18 30 29 42 17 30 29 43 16 30 29 44 15 30 29 45 14 30 29 46 13 30 29 47 12 30 29 48 11 30 29 49 10 30 29 50 9 30 29 51 8 30 29 52 7 30 29 53 6 30 29 55 5 30 29 57 4 30 29 59 3 30 29 60 2 30 30 2 61 30 30 3 60 30 30 4 58 30 30 5 56 30 30 6 54 30 30 7 53 30 30 8 52 30 30 9 51 30 30 10 50 30 30 11 49 30 30 12 48 30 30 13 47 30 30 14 46 30 30 15 45 30 30 16 44 30 30 17 43 30 30 18 42 30 30 19 41 30 30 20 40 30 30 21 39 30 30 22 38 30 30 23 37 30 30 24 36 30 30 25 35 30 30 26 34 30 30 27 33 30 30 28 32 30 30 29 31 30 30 30 30 30 30 31 29 30 30 32 28 30 30 33 27 30 30 34 26 30 30 35 25 30 30 36 24 30 30 37 23 30 30 38 22 30 30 39 21 30 30 40 20 30 30 41 19 30 30 42 18 30 30 43 17 30 30 44 16 30 30 45 15 30 30 46 14 30 30 47 13 30 30 48 12 30 30 49 11 30 30 50 10 30 30 51 9 30 30 52 8 30 30 53 7 30 30 54 6 30 30 56 5 30 30 58 4 30 30 60 3 30 30 61 2 30 31 2 62 30 31 3 61 30 31 4 59 30 31 5 57 30 31 6 55 30 31 7 54 30 31 8 53 30 31 9 52 30 31 10 51 30 31 11 50 30 31 12 49 30 31 13 48 30 31 14 47 30 31 15 46 30 31 16 45 30 31 17 44 30 31 18 43 30 31 19 42 30 31 20 41 30 31 21 40 30 31 22 39 30 31 23 38 30 31 24 37 30 31 25 36 30 31 26 35 30 31 27 34 30 31 28 33 30 31 29 32 30 31 30 31 30 31 31 30 30 31 32 29 30 31 33 28 30 31 34 27 30 31 35 26 30 31 36 25 30 31 37 24 30 31 38 23 30 31 39 22 30 31 40 21 30 31 41 20 30 31 42 19 30 31 43 18 30 31 44 17 30 31 45 16 30 31 46 15 30 31 47 14 30 31 48 13 30 31 49 12 30 31 50 11 30 31 51 10 30 31 52 9 30 31 53 8 30 31 54 7 30 31 55 6 30 31 57 5 30 31 59 4 30 31 61 3 30 31 62 2 30 32 2 63 30 32 3 62 30 32 4 60 30 32 5 58 30 32 6 56 30 32 7 55 30 32 8 54 30 32 9 53 30 32 10 52 30 32 11 51 30 32 12 50 30 32 13 49 30 32 14 48 30 32 15 47 30 32 16 46 30 32 17 45 30 32 18 44 30 32 19 43 30 32 20 42 30 32 21 41 30 32 22 40 30 32 23 39 30 32 24 38 30 32 25 37 30 32 26 36 30 32 27 35 30 32 28 34 30 32 29 33 30 32 30 32 30 32 31 31 30 32 32 30 30 32 33 29 30 32 34 28 30 32 35 27 30 32 36 26 30 32 37 25 30 32 38 24 30 32 39 23 30 32 40 22 30 32 41 21 30 32 42 20 30 32 43 19 30 32 44 18 30 32 45 17 30 32 46 16 30 32 47 15 30 32 48 14 30 32 49 13 30 32 50 12 30 32 51 11 30 32 52 10 30 32 53 9 30 32 54 8 30 32 55 7 30 32 56 6 30 32 58 5 30 32 60 4 30 32 62 3 30 32 63 2 30 33 3 63 30 33 4 61 30 33 5 59 30 33 6 57 30 33 7 56 30 33 8 55 30 33 9 54 30 33 10 53 30 33 11 52 30 33 12 51 30 33 13 50 30 33 14 49 30 33 15 48 30 33 16 47 30 33 17 46 30 33 18 45 30 33 19 44 30 33 20 43 30 33 21 42 30 33 22 41 30 33 23 40 30 33 24 39 30 33 25 38 30 33 26 37 30 33 27 36 30 33 28 35 30 33 29 34 30 33 30 33 30 33 31 32 30 33 32 31 30 33 33 30 30 33 34 29 30 33 35 28 30 33 36 27 30 33 37 26 30 33 38 25 30 33 39 24 30 33 40 23 30 33 41 22 30 33 42 21 30 33 43 20 30 33 44 19 30 33 45 18 30 33 46 17 30 33 47 16 30 33 48 15 30 33 49 14 30 33 50 13 30 33 51 12 30 33 52 11 30 33 53 10 30 33 54 9 30 33 55 8 30 33 56 7 30 33 57 6 30 33 59 5 30 33 61 4 30 33 63 3 30 34 3 64 30 34 4 62 30 34 5 60 30 34 6 58 30 34 7 57 30 34 8 56 30 34 9 55 30 34 10 54 30 34 11 53 30 34 12 52 30 34 13 51 30 34 14 50 30 34 15 49 30 34 16 48 30 34 17 47 30 34 18 46 30 34 19 45 30 34 20 44 30 34 21 43 30 34 22 42 30 34 23 41 30 34 24 40 30 34 25 39 30 34 26 38 30 34 27 37 30 34 28 36 30 34 29 35 30 34 30 34 30 34 31 33 30 34 32 32 30 34 33 31 30 34 34 30 30 34 35 29 30 34 36 28 30 34 37 27 30 34 38 26 30 34 39 25 30 34 40 24 30 34 41 23 30 34 42 22 30 34 43 21 30 34 44 20 30 34 45 19 30 34 46 18 30 34 47 17 30 34 48 16 30 34 49 15 30 34 50 14 30 34 51 13 30 34 52 12 30 34 53 11 30 34 54 10 30 34 55 9 30 34 56 8 30 34 57 7 30 34 58 6 30 34 60 5 30 34 62 4 30 34 64 3 30 35 3 65 30 35 4 63 30 35 5 61 30 35 6 59 30 35 7 58 30 35 8 57 30 35 9 56 30 35 10 55 30 35 11 54 30 35 12 53 30 35 13 52 30 35 14 51 30 35 15 50 30 35 16 49 30 35 17 48 30 35 18 47 30 35 19 46 30 35 20 45 30 35 21 44 30 35 22 43 30 35 23 42 30 35 24 41 30 35 25 40 30 35 26 39 30 35 27 38 30 35 28 37 30 35 29 36 30 35 30 35 30 35 31 34 30 35 32 33 30 35 33 32 30 35 34 31 30 35 35 30 30 35 36 29 30 35 37 28 30 35 38 27 30 35 39 26 30 35 40 25 30 35 41 24 30 35 42 23 30 35 43 22 30 35 44 21 30 35 45 20 30 35 46 19 30 35 47 18 30 35 48 17 30 35 49 16 30 35 50 15 30 35 51 14 30 35 52 13 30 35 53 12 30 35 54 11 30 35 55 10 30 35 56 9 30 35 57 8 30 35 58 7 30 35 59 6 30 35 61 5 30 35 63 4 30 35 65 3 30 36 3 66 30 36 4 64 30 36 5 62 30 36 6 60 30 36 7 59 30 36 8 58 30 36 9 57 30 36 10 56 30 36 11 55 30 36 12 54 30 36 13 53 30 36 14 52 30 36 15 51 30 36 16 50 30 36 17 49 30 36 18 48 30 36 19 47 30 36 20 46 30 36 21 45 30 36 22 44 30 36 23 43 30 36 24 42 30 36 25 41 30 36 26 40 30 36 27 39 30 36 28 38 30 36 29 37 30 36 30 36 30 36 31 35 30 36 32 34 30 36 33 33 30 36 34 32 30 36 35 31 30 36 36 30 30 36 37 29 30 36 38 28 30 36 39 27 30 36 40 26 30 36 41 25 30 36 42 24 30 36 43 23 30 36 44 22 30 36 45 21 30 36 46 20 30 36 47 19 30 36 48 18 30 36 49 17 30 36 50 16 30 36 51 15 30 36 52 14 30 36 53 13 30 36 54 12 30 36 55 11 30 36 56 10 30 36 57 9 30 36 58 8 30 36 59 7 30 36 60 6 30 36 62 5 30 36 64 4 30 36 66 3 30 37 4 65 30 37 5 63 30 37 6 61 30 37 7 60 30 37 8 59 30 37 9 58 30 37 10 57 30 37 11 56 30 37 12 55 30 37 13 54 30 37 14 53 30 37 15 52 30 37 16 51 30 37 17 50 30 37 18 49 30 37 19 48 30 37 20 47 30 37 21 46 30 37 22 45 30 37 23 44 30 37 24 43 30 37 25 42 30 37 26 41 30 37 27 40 30 37 28 39 30 37 29 38 30 37 30 37 30 37 31 36 30 37 32 35 30 37 33 34 30 37 34 33 30 37 35 32 30 37 36 31 30 37 37 30 30 37 38 29 30 37 39 28 30 37 40 27 30 37 41 26 30 37 42 25 30 37 43 24 30 37 44 23 30 37 45 22 30 37 46 21 30 37 47 20 30 37 48 19 30 37 49 18 30 37 50 17 30 37 51 16 30 37 52 15 30 37 53 14 30 37 54 13 30 37 55 12 30 37 56 11 30 37 57 10 30 37 58 9 30 37 59 8 30 37 60 7 30 37 61 6 30 37 63 5 30 37 65 4 30 38 4 66 30 38 5 64 30 38 6 62 30 38 7 61 30 38 8 60 30 38 9 59 30 38 10 58 30 38 11 57 30 38 12 56 30 38 13 55 30 38 14 54 30 38 15 53 30 38 16 52 30 38 17 51 30 38 18 50 30 38 19 49 30 38 20 48 30 38 21 47 30 38 22 46 30 38 23 45 30 38 24 44 30 38 25 43 30 38 26 42 30 38 27 41 30 38 28 40 30 38 29 39 30 38 30 38 30 38 31 37 30 38 32 36 30 38 33 35 30 38 34 34 30 38 35 33 30 38 36 32 30 38 37 31 30 38 38 30 30 38 39 29 30 38 40 28 30 38 41 27 30 38 42 26 30 38 43 25 30 38 44 24 30 38 45 23 30 38 46 22 30 38 47 21 30 38 48 20 30 38 49 19 30 38 50 18 30 38 51 17 30 38 52 16 30 38 53 15 30 38 54 14 30 38 55 13 30 38 56 12 30 38 57 11 30 38 58 10 30 38 59 9 30 38 60 8 30 38 61 7 30 38 62 6 30 38 64 5 30 38 66 4 30 39 4 67 30 39 5 65 30 39 6 63 30 39 7 62 30 39 8 61 30 39 9 60 30 39 10 59 30 39 11 58 30 39 12 57 30 39 13 56 30 39 14 55 30 39 15 54 30 39 16 53 30 39 17 52 30 39 18 51 30 39 19 50 30 39 20 49 30 39 21 48 30 39 22 47 30 39 23 46 30 39 24 45 30 39 25 44 30 39 26 43 30 39 27 42 30 39 28 41 30 39 29 40 30 39 30 39 30 39 31 38 30 39 32 37 30 39 33 36 30 39 34 35 30 39 35 34 30 39 36 33 30 39 37 32 30 39 38 31 30 39 39 30 30 39 40 29 30 39 41 28 30 39 42 27 30 39 43 26 30 39 44 25 30 39 45 24 30 39 46 23 30 39 47 22 30 39 48 21 30 39 49 20 30 39 50 19 30 39 51 18 30 39 52 17 30 39 53 16 30 39 54 15 30 39 55 14 30 39 56 13 30 39 57 12 30 39 58 11 30 39 59 10 30 39 60 9 30 39 61 8 30 39 62 7 30 39 63 6 30 39 65 5 30 39 67 4 30 40 4 68 30 40 5 66 30 40 6 64 30 40 7 63 30 40 8 62 30 40 9 61 30 40 10 60 30 40 11 59 30 40 12 58 30 40 13 57 30 40 14 56 30 40 15 55 30 40 16 54 30 40 17 53 30 40 18 52 30 40 19 51 30 40 20 50 30 40 21 49 30 40 22 48 30 40 23 47 30 40 24 46 30 40 25 45 30 40 26 44 30 40 27 43 30 40 28 42 30 40 29 41 30 40 30 40 30 40 31 39 30 40 32 38 30 40 33 37 30 40 34 36 30 40 35 35 30 40 36 34 30 40 37 33 30 40 38 32 30 40 39 31 30 40 40 30 30 40 41 29 30 40 42 28 30 40 43 27 30 40 44 26 30 40 45 25 30 40 46 24 30 40 47 23 30 40 48 22 30 40 49 21 30 40 50 20 30 40 51 19 30 40 52 18 30 40 53 17 30 40 54 16 30 40 55 15 30 40 56 14 30 40 57 13 30 40 58 12 30 40 59 11 30 40 60 10 30 40 61 9 30 40 62 8 30 40 63 7 30 40 64 6 30 40 66 5 30 40 68 4 30 41 5 67 30 41 6 65 30 41 7 64 30 41 8 63 30 41 9 62 30 41 10 61 30 41 11 60 30 41 12 59 30 41 13 58 30 41 14 57 30 41 15 56 30 41 16 55 30 41 17 54 30 41 18 53 30 41 19 52 30 41 20 51 30 41 21 50 30 41 22 49 30 41 23 48 30 41 24 47 30 41 25 46 30 41 26 45 30 41 27 44 30 41 28 43 30 41 29 42 30 41 30 41 30 41 31 40 30 41 32 39 30 41 33 38 30 41 34 37 30 41 35 36 30 41 36 35 30 41 37 34 30 41 38 33 30 41 39 32 30 41 40 31 30 41 41 30 30 41 42 29 30 41 43 28 30 41 44 27 30 41 45 26 30 41 46 25 30 41 47 24 30 41 48 23 30 41 49 22 30 41 50 21 30 41 51 20 30 41 52 19 30 41 53 18 30 41 54 17 30 41 55 16 30 41 56 15 30 41 57 14 30 41 58 13 30 41 59 12 30 41 60 11 30 41 61 10 30 41 62 9 30 41 63 8 30 41 64 7 30 41 65 6 30 41 67 5 30 42 5 68 30 42 6 66 30 42 7 65 30 42 8 64 30 42 9 63 30 42 10 62 30 42 11 61 30 42 12 60 30 42 13 59 30 42 14 58 30 42 15 57 30 42 16 56 30 42 17 55 30 42 18 54 30 42 19 53 30 42 20 52 30 42 21 51 30 42 22 50 30 42 23 49 30 42 24 48 30 42 25 47 30 42 26 46 30 42 27 45 30 42 28 44 30 42 29 43 30 42 30 42 30 42 31 41 30 42 32 40 30 42 33 39 30 42 34 38 30 42 35 37 30 42 36 36 30 42 37 35 30 42 38 34 30 42 39 33 30 42 40 32 30 42 41 31 30 42 42 30 30 42 43 29 30 42 44 28 30 42 45 27 30 42 46 26 30 42 47 25 30 42 48 24 30 42 49 23 30 42 50 22 30 42 51 21 30 42 52 20 30 42 53 19 30 42 54 18 30 42 55 17 30 42 56 16 30 42 57 15 30 42 58 14 30 42 59 13 30 42 60 12 30 42 61 11 30 42 62 10 30 42 63 9 30 42 64 8 30 42 65 7 30 42 66 6 30 42 68 5 30 43 5 69 30 43 6 67 30 43 7 66 30 43 8 65 30 43 9 64 30 43 10 63 30 43 11 62 30 43 12 61 30 43 13 60 30 43 14 59 30 43 15 58 30 43 16 57 30 43 17 56 30 43 18 55 30 43 19 54 30 43 20 53 30 43 21 52 30 43 22 51 30 43 23 50 30 43 24 49 30 43 25 48 30 43 26 47 30 43 27 46 30 43 28 45 30 43 29 44 30 43 30 43 30 43 31 42 30 43 32 41 30 43 33 40 30 43 34 39 30 43 35 38 30 43 36 37 30 43 37 36 30 43 38 35 30 43 39 34 30 43 40 33 30 43 41 32 30 43 42 31 30 43 43 30 30 43 44 29 30 43 45 28 30 43 46 27 30 43 47 26 30 43 48 25 30 43 49 24 30 43 50 23 30 43 51 22 30 43 52 21 30 43 53 20 30 43 54 19 30 43 55 18 30 43 56 17 30 43 57 16 30 43 58 15 30 43 59 14 30 43 60 13 30 43 61 12 30 43 62 11 30 43 63 10 30 43 64 9 30 43 65 8 30 43 66 7 30 43 67 6 30 43 69 5 30 44 5 70 30 44 6 68 30 44 7 67 30 44 8 66 30 44 9 65 30 44 10 64 30 44 11 63 30 44 12 62 30 44 13 61 30 44 14 60 30 44 15 59 30 44 16 58 30 44 17 57 30 44 18 56 30 44 19 55 30 44 20 54 30 44 21 53 30 44 22 52 30 44 23 51 30 44 24 50 30 44 25 49 30 44 26 48 30 44 27 47 30 44 28 46 30 44 29 45 30 44 30 44 30 44 31 43 30 44 32 42 30 44 33 41 30 44 34 40 30 44 35 39 30 44 36 38 30 44 37 37 30 44 38 36 30 44 39 35 30 44 40 34 30 44 41 33 30 44 42 32 30 44 43 31 30 44 44 30 30 44 45 29 30 44 46 28 30 44 47 27 30 44 48 26 30 44 49 25 30 44 50 24 30 44 51 23 30 44 52 22 30 44 53 21 30 44 54 20 30 44 55 19 30 44 56 18 30 44 57 17 30 44 58 16 30 44 59 15 30 44 60 14 30 44 61 13 30 44 62 12 30 44 63 11 30 44 64 10 30 44 65 9 30 44 66 8 30 44 67 7 30 44 68 6 30 44 70 5 30 45 6 69 30 45 7 68 30 45 8 67 30 45 9 66 30 45 10 65 30 45 11 64 30 45 12 63 30 45 13 62 30 45 14 61 30 45 15 60 30 45 16 59 30 45 17 58 30 45 18 57 30 45 19 56 30 45 20 55 30 45 21 54 30 45 22 53 30 45 23 52 30 45 24 51 30 45 25 50 30 45 26 49 30 45 27 48 30 45 28 47 30 45 29 46 30 45 30 45 30 45 31 44 30 45 32 43 30 45 33 42 30 45 34 41 30 45 35 40 30 45 36 39 30 45 37 38 30 45 38 37 30 45 39 36 30 45 40 35 30 45 41 34 30 45 42 33 30 45 43 32 30 45 44 31 30 45 45 30 30 45 46 29 30 45 47 28 30 45 48 27 30 45 49 26 30 45 50 25 30 45 51 24 30 45 52 23 30 45 53 22 30 45 54 21 30 45 55 20 30 45 56 19 30 45 57 18 30 45 58 17 30 45 59 16 30 45 60 15 30 45 61 14 30 45 62 13 30 45 63 12 30 45 64 11 30 45 65 10 30 45 66 9 30 45 67 8 30 45 68 7 30 45 69 6 30 46 6 70 30 46 7 69 30 46 8 68 30 46 9 67 30 46 10 66 30 46 11 65 30 46 12 64 30 46 13 63 30 46 14 62 30 46 15 61 30 46 16 60 30 46 17 59 30 46 18 58 30 46 19 57 30 46 20 56 30 46 21 55 30 46 22 54 30 46 23 53 30 46 24 52 30 46 25 51 30 46 26 50 30 46 27 49 30 46 28 48 30 46 29 47 30 46 30 46 30 46 31 45 30 46 32 44 30 46 33 43 30 46 34 42 30 46 35 41 30 46 36 40 30 46 37 39 30 46 38 38 30 46 39 37 30 46 40 36 30 46 41 35 30 46 42 34 30 46 43 33 30 46 44 32 30 46 45 31 30 46 46 30 30 46 47 29 30 46 48 28 30 46 49 27 30 46 50 26 30 46 51 25 30 46 52 24 30 46 53 23 30 46 54 22 30 46 55 21 30 46 56 20 30 46 57 19 30 46 58 18 30 46 59 17 30 46 60 16 30 46 61 15 30 46 62 14 30 46 63 13 30 46 64 12 30 46 65 11 30 46 66 10 30 46 67 9 30 46 68 8 30 46 69 7 30 46 70 6 30 47 6 71 30 47 7 70 30 47 8 69 30 47 9 68 30 47 10 67 30 47 11 66 30 47 12 65 30 47 13 64 30 47 14 63 30 47 15 62 30 47 16 61 30 47 17 60 30 47 18 59 30 47 19 58 30 47 20 57 30 47 21 56 30 47 22 55 30 47 23 54 30 47 24 53 30 47 25 52 30 47 26 51 30 47 27 50 30 47 28 49 30 47 29 48 30 47 30 47 30 47 31 46 30 47 32 45 30 47 33 44 30 47 34 43 30 47 35 42 30 47 36 41 30 47 37 40 30 47 38 39 30 47 39 38 30 47 40 37 30 47 41 36 30 47 42 35 30 47 43 34 30 47 44 33 30 47 45 32 30 47 46 31 30 47 47 30 30 47 48 29 30 47 49 28 30 47 50 27 30 47 51 26 30 47 52 25 30 47 53 24 30 47 54 23 30 47 55 22 30 47 56 21 30 47 57 20 30 47 58 19 30 47 59 18 30 47 60 17 30 47 61 16 30 47 62 15 30 47 63 14 30 47 64 13 30 47 65 12 30 47 66 11 30 47 67 10 30 47 68 9 30 47 69 8 30 47 70 7 30 47 71 6 30 48 7 71 30 48 8 70 30 48 9 69 30 48 10 68 30 48 11 67 30 48 12 66 30 48 13 65 30 48 14 64 30 48 15 63 30 48 16 62 30 48 17 61 30 48 18 60 30 48 19 59 30 48 20 58 30 48 21 57 30 48 22 56 30 48 23 55 30 48 24 54 30 48 25 53 30 48 26 52 30 48 27 51 30 48 28 50 30 48 29 49 30 48 30 48 30 48 31 47 30 48 32 46 30 48 33 45 30 48 34 44 30 48 35 43 30 48 36 42 30 48 37 41 30 48 38 40 30 48 39 39 30 48 40 38 30 48 41 37 30 48 42 36 30 48 43 35 30 48 44 34 30 48 45 33 30 48 46 32 30 48 47 31 30 48 48 30 30 48 49 29 30 48 50 28 30 48 51 27 30 48 52 26 30 48 53 25 30 48 54 24 30 48 55 23 30 48 56 22 30 48 57 21 30 48 58 20 30 48 59 19 30 48 60 18 30 48 61 17 30 48 62 16 30 48 63 15 30 48 64 14 30 48 65 13 30 48 66 12 30 48 67 11 30 48 68 10 30 48 69 9 30 48 70 8 30 48 71 7 30 49 7 72 30 49 8 71 30 49 9 70 30 49 10 69 30 49 11 68 30 49 12 67 30 49 13 66 30 49 14 65 30 49 15 64 30 49 16 63 30 49 17 62 30 49 18 61 30 49 19 60 30 49 20 59 30 49 21 58 30 49 22 57 30 49 23 56 30 49 24 55 30 49 25 54 30 49 26 53 30 49 27 52 30 49 28 51 30 49 29 50 30 49 30 49 30 49 31 48 30 49 32 47 30 49 33 46 30 49 34 45 30 49 35 44 30 49 36 43 30 49 37 42 30 49 38 41 30 49 39 40 30 49 40 39 30 49 41 38 30 49 42 37 30 49 43 36 30 49 44 35 30 49 45 34 30 49 46 33 30 49 47 32 30 49 48 31 30 49 49 30 30 49 50 29 30 49 51 28 30 49 52 27 30 49 53 26 30 49 54 25 30 49 55 24 30 49 56 23 30 49 57 22 30 49 58 21 30 49 59 20 30 49 60 19 30 49 61 18 30 49 62 17 30 49 63 16 30 49 64 15 30 49 65 14 30 49 66 13 30 49 67 12 30 49 68 11 30 49 69 10 30 49 70 9 30 49 71 8 30 49 72 7 30 50 8 72 30 50 9 71 30 50 10 70 30 50 11 69 30 50 12 68 30 50 13 67 30 50 14 66 30 50 15 65 30 50 16 64 30 50 17 63 30 50 18 62 30 50 19 61 30 50 20 60 30 50 21 59 30 50 22 58 30 50 23 57 30 50 24 56 30 50 25 55 30 50 26 54 30 50 27 53 30 50 28 52 30 50 29 51 30 50 30 50 30 50 31 49 30 50 32 48 30 50 33 47 30 50 34 46 30 50 35 45 30 50 36 44 30 50 37 43 30 50 38 42 30 50 39 41 30 50 40 40 30 50 41 39 30 50 42 38 30 50 43 37 30 50 44 36 30 50 45 35 30 50 46 34 30 50 47 33 30 50 48 32 30 50 49 31 30 50 50 30 30 50 51 29 30 50 52 28 30 50 53 27 30 50 54 26 30 50 55 25 30 50 56 24 30 50 57 23 30 50 58 22 30 50 59 21 30 50 60 20 30 50 61 19 30 50 62 18 30 50 63 17 30 50 64 16 30 50 65 15 30 50 66 14 30 50 67 13 30 50 68 12 30 50 69 11 30 50 70 10 30 50 71 9 30 50 72 8 30 51 9 72 30 51 10 71 30 51 11 70 30 51 12 69 30 51 13 68 30 51 14 67 30 51 15 66 30 51 16 65 30 51 17 64 30 51 18 63 30 51 19 62 30 51 20 61 30 51 21 60 30 51 22 59 30 51 23 58 30 51 24 57 30 51 25 56 30 51 26 55 30 51 27 54 30 51 28 53 30 51 29 52 30 51 30 51 30 51 31 50 30 51 32 49 30 51 33 48 30 51 34 47 30 51 35 46 30 51 36 45 30 51 37 44 30 51 38 43 30 51 39 42 30 51 40 41 30 51 41 40 30 51 42 39 30 51 43 38 30 51 44 37 30 51 45 36 30 51 46 35 30 51 47 34 30 51 48 33 30 51 49 32 30 51 50 31 30 51 51 30 30 51 52 29 30 51 53 28 30 51 54 27 30 51 55 26 30 51 56 25 30 51 57 24 30 51 58 23 30 51 59 22 30 51 60 21 30 51 61 20 30 51 62 19 30 51 63 18 30 51 64 17 30 51 65 16 30 51 66 15 30 51 67 14 30 51 68 13 30 51 69 12 30 51 70 11 30 51 71 10 30 51 72 9 30 52 10 72 30 52 11 71 30 52 12 70 30 52 13 69 30 52 14 68 30 52 15 67 30 52 16 66 30 52 17 65 30 52 18 64 30 52 19 63 30 52 20 62 30 52 21 61 30 52 22 60 30 52 23 59 30 52 24 58 30 52 25 57 30 52 26 56 30 52 27 55 30 52 28 54 30 52 29 53 30 52 30 52 30 52 31 51 30 52 32 50 30 52 33 49 30 52 34 48 30 52 35 47 30 52 36 46 30 52 37 45 30 52 38 44 30 52 39 43 30 52 40 42 30 52 41 41 30 52 42 40 30 52 43 39 30 52 44 38 30 52 45 37 30 52 46 36 30 52 47 35 30 52 48 34 30 52 49 33 30 52 50 32 30 52 51 31 30 52 52 30 30 52 53 29 30 52 54 28 30 52 55 27 30 52 56 26 30 52 57 25 30 52 58 24 30 52 59 23 30 52 60 22 30 52 61 21 30 52 62 20 30 52 63 19 30 52 64 18 30 52 65 17 30 52 66 16 30 52 67 15 30 52 68 14 30 52 69 13 30 52 70 12 30 52 71 11 30 52 72 10 30 53 11 72 30 53 12 71 30 53 13 70 30 53 14 69 30 53 15 68 30 53 16 67 30 53 17 66 30 53 18 65 30 53 19 64 30 53 20 63 30 53 21 62 30 53 22 61 30 53 23 60 30 53 24 59 30 53 25 58 30 53 26 57 30 53 27 56 30 53 28 55 30 53 29 54 30 53 30 53 30 53 31 52 30 53 32 51 30 53 33 50 30 53 34 49 30 53 35 48 30 53 36 47 30 53 37 46 30 53 38 45 30 53 39 44 30 53 40 43 30 53 41 42 30 53 42 41 30 53 43 40 30 53 44 39 30 53 45 38 30 53 46 37 30 53 47 36 30 53 48 35 30 53 49 34 30 53 50 33 30 53 51 32 30 53 52 31 30 53 53 30 30 53 54 29 30 53 55 28 30 53 56 27 30 53 57 26 30 53 58 25 30 53 59 24 30 53 60 23 30 53 61 22 30 53 62 21 30 53 63 20 30 53 64 19 30 53 65 18 30 53 66 17 30 53 67 16 30 53 68 15 30 53 69 14 30 53 70 13 30 53 71 12 30 53 72 11 30 54 12 72 30 54 13 71 30 54 14 70 30 54 15 69 30 54 16 68 30 54 17 67 30 54 18 66 30 54 19 65 30 54 20 64 30 54 21 63 30 54 22 62 30 54 23 61 30 54 24 60 30 54 25 59 30 54 26 58 30 54 27 57 30 54 28 56 30 54 29 55 30 54 30 54 30 54 31 53 30 54 32 52 30 54 33 51 30 54 34 50 30 54 35 49 30 54 36 48 30 54 37 47 30 54 38 46 30 54 39 45 30 54 40 44 30 54 41 43 30 54 42 42 30 54 43 41 30 54 44 40 30 54 45 39 30 54 46 38 30 54 47 37 30 54 48 36 30 54 49 35 30 54 50 34 30 54 51 33 30 54 52 32 30 54 53 31 30 54 54 30 30 54 55 29 30 54 56 28 30 54 57 27 30 54 58 26 30 54 59 25 30 54 60 24 30 54 61 23 30 54 62 22 30 54 63 21 30 54 64 20 30 54 65 19 30 54 66 18 30 54 67 17 30 54 68 16 30 54 69 15 30 54 70 14 30 54 71 13 30 54 72 12 30 55 13 72 30 55 14 71 30 55 15 70 30 55 16 69 30 55 17 68 30 55 18 67 30 55 19 66 30 55 20 65 30 55 21 64 30 55 22 63 30 55 23 62 30 55 24 61 30 55 25 60 30 55 26 59 30 55 27 58 30 55 28 57 30 55 29 56 30 55 30 55 30 55 31 54 30 55 32 53 30 55 33 52 30 55 34 51 30 55 35 50 30 55 36 49 30 55 37 48 30 55 38 47 30 55 39 46 30 55 40 45 30 55 41 44 30 55 42 43 30 55 43 42 30 55 44 41 30 55 45 40 30 55 46 39 30 55 47 38 30 55 48 37 30 55 49 36 30 55 50 35 30 55 51 34 30 55 52 33 30 55 53 32 30 55 54 31 30 55 55 30 30 55 56 29 30 55 57 28 30 55 58 27 30 55 59 26 30 55 60 25 30 55 61 24 30 55 62 23 30 55 63 22 30 55 64 21 30 55 65 20 30 55 66 19 30 55 67 18 30 55 68 17 30 55 69 16 30 55 70 15 30 55 71 14 30 55 72 13 30 56 14 72 30 56 15 71 30 56 16 70 30 56 17 69 30 56 18 68 30 56 19 67 30 56 20 66 30 56 21 65 30 56 22 64 30 56 23 63 30 56 24 62 30 56 25 61 30 56 26 60 30 56 27 59 30 56 28 58 30 56 29 57 30 56 30 56 30 56 31 55 30 56 32 54 30 56 33 53 30 56 34 52 30 56 35 51 30 56 36 50 30 56 37 49 30 56 38 48 30 56 39 47 30 56 40 46 30 56 41 45 30 56 42 44 30 56 43 43 30 56 44 42 30 56 45 41 30 56 46 40 30 56 47 39 30 56 48 38 30 56 49 37 30 56 50 36 30 56 51 35 30 56 52 34 30 56 53 33 30 56 54 32 30 56 55 31 30 56 56 30 30 56 57 29 30 56 58 28 30 56 59 27 30 56 60 26 30 56 61 25 30 56 62 24 30 56 63 23 30 56 64 22 30 56 65 21 30 56 66 20 30 56 67 19 30 56 68 18 30 56 69 17 30 56 70 16 30 56 71 15 30 56 72 14 30 57 15 72 30 57 16 71 30 57 17 70 30 57 18 69 30 57 19 68 30 57 20 67 30 57 21 66 30 57 22 65 30 57 23 64 30 57 24 63 30 57 25 62 30 57 26 61 30 57 27 60 30 57 28 59 30 57 29 58 30 57 30 57 30 57 31 56 30 57 32 55 30 57 33 54 30 57 34 53 30 57 35 52 30 57 36 51 30 57 37 50 30 57 38 49 30 57 39 48 30 57 40 47 30 57 41 46 30 57 42 45 30 57 43 44 30 57 44 43 30 57 45 42 30 57 46 41 30 57 47 40 30 57 48 39 30 57 49 38 30 57 50 37 30 57 51 36 30 57 52 35 30 57 53 34 30 57 54 33 30 57 55 32 30 57 56 31 30 57 57 30 30 57 58 29 30 57 59 28 30 57 60 27 30 57 61 26 30 57 62 25 30 57 63 24 30 57 64 23 30 57 65 22 30 57 66 21 30 57 67 20 30 57 68 19 30 57 69 18 30 57 70 17 30 57 71 16 30 57 72 15 30 58 16 72 30 58 17 71 30 58 18 70 30 58 19 69 30 58 20 68 30 58 21 67 30 58 22 66 30 58 23 65 30 58 24 64 30 58 25 63 30 58 26 62 30 58 27 61 30 58 28 60 30 58 29 59 30 58 30 58 30 58 31 57 30 58 32 56 30 58 33 55 30 58 34 54 30 58 35 53 30 58 36 52 30 58 37 51 30 58 38 50 30 58 39 49 30 58 40 48 30 58 41 47 30 58 42 46 30 58 43 45 30 58 44 44 30 58 45 43 30 58 46 42 30 58 47 41 30 58 48 40 30 58 49 39 30 58 50 38 30 58 51 37 30 58 52 36 30 58 53 35 30 58 54 34 30 58 55 33 30 58 56 32 30 58 57 31 30 58 58 30 30 58 59 29 30 58 60 28 30 58 61 27 30 58 62 26 30 58 63 25 30 58 64 24 30 58 65 23 30 58 66 22 30 58 67 21 30 58 68 20 30 58 69 19 30 58 70 18 30 58 71 17 30 58 72 16 30 59 17 72 30 59 18 71 30 59 19 70 30 59 20 69 30 59 21 68 30 59 22 67 30 59 23 66 30 59 24 65 30 59 25 64 30 59 26 63 30 59 27 62 30 59 28 61 30 59 29 60 30 59 30 59 30 59 31 58 30 59 32 57 30 59 33 56 30 59 34 55 30 59 35 54 30 59 36 53 30 59 37 52 30 59 38 51 30 59 39 50 30 59 40 49 30 59 41 48 30 59 42 47 30 59 43 46 30 59 44 45 30 59 45 44 30 59 46 43 30 59 47 42 30 59 48 41 30 59 49 40 30 59 50 39 30 59 51 38 30 59 52 37 30 59 53 36 30 59 54 35 30 59 55 34 30 59 56 33 30 59 57 32 30 59 58 31 30 59 59 30 30 59 60 29 30 59 61 28 30 59 62 27 30 59 63 26 30 59 64 25 30 59 65 24 30 59 66 23 30 59 67 22 30 59 68 21 30 59 69 20 30 59 70 19 30 59 71 18 30 59 72 17 30 60 18 72 30 60 19 71 30 60 20 70 30 60 21 69 30 60 22 68 30 60 23 67 30 60 24 66 30 60 25 65 30 60 26 64 30 60 27 63 30 60 28 62 30 60 29 61 30 60 30 60 30 60 31 59 30 60 32 58 30 60 33 57 30 60 34 56 30 60 35 55 30 60 36 54 30 60 37 53 30 60 38 52 30 60 39 51 30 60 40 50 30 60 41 49 30 60 42 48 30 60 43 47 30 60 44 46 30 60 45 45 30 60 46 44 30 60 47 43 30 60 48 42 30 60 49 41 30 60 50 40 30 60 51 39 30 60 52 38 30 60 53 37 30 60 54 36 30 60 55 35 30 60 56 34 30 60 57 33 30 60 58 32 30 60 59 31 30 60 60 30 30 60 61 29 30 60 62 28 30 60 63 27 30 60 64 26 30 60 65 25 30 60 66 24 30 60 67 23 30 60 68 22 30 60 69 21 30 60 70 20 30 60 71 19 30 60 72 18 30 61 19 72 30 61 20 71 30 61 21 70 30 61 22 69 30 61 23 68 30 61 24 67 30 61 25 66 30 61 26 65 30 61 27 64 30 61 28 63 30 61 29 62 30 61 30 61 30 61 31 60 30 61 32 59 30 61 33 58 30 61 34 57 30 61 35 56 30 61 36 55 30 61 37 54 30 61 38 53 30 61 39 52 30 61 40 51 30 61 41 50 30 61 42 49 30 61 43 48 30 61 44 47 30 61 45 46 30 61 46 45 30 61 47 44 30 61 48 43 30 61 49 42 30 61 50 41 30 61 51 40 30 61 52 39 30 61 53 38 30 61 54 37 30 61 55 36 30 61 56 35 30 61 57 34 30 61 58 33 30 61 59 32 30 61 60 31 30 61 61 30 30 61 62 29 30 61 63 28 30 61 64 27 30 61 65 26 30 61 66 25 30 61 67 24 30 61 68 23 30 61 69 22 30 61 70 21 30 61 71 20 30 61 72 19 30 62 20 72 30 62 21 71 30 62 22 70 30 62 23 69 30 62 24 68 30 62 25 67 30 62 26 66 30 62 27 65 30 62 28 64 30 62 29 63 30 62 30 62 30 62 31 61 30 62 32 60 30 62 33 59 30 62 34 58 30 62 35 57 30 62 36 56 30 62 37 55 30 62 38 54 30 62 39 53 30 62 40 52 30 62 41 51 30 62 42 50 30 62 43 49 30 62 44 48 30 62 45 47 30 62 46 46 30 62 47 45 30 62 48 44 30 62 49 43 30 62 50 42 30 62 51 41 30 62 52 40 30 62 53 39 30 62 54 38 30 62 55 37 30 62 56 36 30 62 57 35 30 62 58 34 30 62 59 33 30 62 60 32 30 62 61 31 30 62 62 30 30 62 63 29 30 62 64 28 30 62 65 27 30 62 66 26 30 62 67 25 30 62 68 24 30 62 69 23 30 62 70 22 30 62 71 21 30 62 72 20 30 63 21 72 30 63 22 71 30 63 23 70 30 63 24 69 30 63 25 68 30 63 26 67 30 63 27 66 30 63 28 65 30 63 29 64 30 63 30 63 30 63 31 62 30 63 32 61 30 63 33 60 30 63 34 59 30 63 35 58 30 63 36 57 30 63 37 56 30 63 38 55 30 63 39 54 30 63 40 53 30 63 41 52 30 63 42 51 30 63 43 50 30 63 44 49 30 63 45 48 30 63 46 47 30 63 47 46 30 63 48 45 30 63 49 44 30 63 50 43 30 63 51 42 30 63 52 41 30 63 53 40 30 63 54 39 30 63 55 38 30 63 56 37 30 63 57 36 30 63 58 35 30 63 59 34 30 63 60 33 30 63 61 32 30 63 62 31 30 63 63 30 30 63 64 29 30 63 65 28 30 63 66 27 30 63 67 26 30 63 68 25 30 63 69 24 30 63 70 23 30 63 71 22 30 63 72 21 30 64 22 72 30 64 23 71 30 64 24 70 30 64 25 69 30 64 26 68 30 64 27 67 30 64 28 66 30 64 29 65 30 64 30 64 30 64 31 63 30 64 32 62 30 64 33 61 30 64 34 60 30 64 35 59 30 64 36 58 30 64 37 57 30 64 38 56 30 64 39 55 30 64 40 54 30 64 41 53 30 64 42 52 30 64 43 51 30 64 44 50 30 64 45 49 30 64 46 48 30 64 47 47 30 64 48 46 30 64 49 45 30 64 50 44 30 64 51 43 30 64 52 42 30 64 53 41 30 64 54 40 30 64 55 39 30 64 56 38 30 64 57 37 30 64 58 36 30 64 59 35 30 64 60 34 30 64 61 33 30 64 62 32 30 64 63 31 30 64 64 30 30 64 65 29 30 64 66 28 30 64 67 27 30 64 68 26 30 64 69 25 30 64 70 24 30 64 71 23 30 64 72 22 30 65 23 72 30 65 24 71 30 65 25 70 30 65 26 69 30 65 27 68 30 65 28 67 30 65 29 66 30 65 30 65 30 65 31 64 30 65 32 63 30 65 33 62 30 65 34 61 30 65 35 60 30 65 36 59 30 65 37 58 30 65 38 57 30 65 39 56 30 65 40 55 30 65 41 54 30 65 42 53 30 65 43 52 30 65 44 51 30 65 45 50 30 65 46 49 30 65 47 48 30 65 48 47 30 65 49 46 30 65 50 45 30 65 51 44 30 65 52 43 30 65 53 42 30 65 54 41 30 65 55 40 30 65 56 39 30 65 57 38 30 65 58 37 30 65 59 36 30 65 60 35 30 65 61 34 30 65 62 33 30 65 63 32 30 65 64 31 30 65 65 30 30 65 66 29 30 65 67 28 30 65 68 27 30 65 69 26 30 65 70 25 30 65 71 24 30 65 72 23 30 66 24 72 30 66 25 71 30 66 26 70 30 66 27 69 30 66 28 68 30 66 29 67 30 66 30 66 30 66 31 65 30 66 32 64 30 66 33 63 30 66 34 62 30 66 35 61 30 66 36 60 30 66 37 59 30 66 38 58 30 66 39 57 30 66 40 56 30 66 41 55 30 66 42 54 30 66 43 53 30 66 44 52 30 66 45 51 30 66 46 50 30 66 47 49 30 66 48 48 30 66 49 47 30 66 50 46 30 66 51 45 30 66 52 44 30 66 53 43 30 66 54 42 30 66 55 41 30 66 56 40 30 66 57 39 30 66 58 38 30 66 59 37 30 66 60 36 30 66 61 35 30 66 62 34 30 66 63 33 30 66 64 32 30 66 65 31 30 66 66 30 30 66 67 29 30 66 68 28 30 66 69 27 30 66 70 26 30 66 71 25 30 66 72 24 30 67 25 72 30 67 26 71 30 67 27 70 30 67 28 69 30 67 29 68 30 67 30 67 30 67 31 66 30 67 32 65 30 67 33 64 30 67 34 63 30 67 35 62 30 67 36 61 30 67 37 60 30 67 38 59 30 67 39 58 30 67 40 57 30 67 41 56 30 67 42 55 30 67 43 54 30 67 44 53 30 67 45 52 30 67 46 51 30 67 47 50 30 67 48 49 30 67 49 48 30 67 50 47 30 67 51 46 30 67 52 45 30 67 53 44 30 67 54 43 30 67 55 42 30 67 56 41 30 67 57 40 30 67 58 39 30 67 59 38 30 67 60 37 30 67 61 36 30 67 62 35 30 67 63 34 30 67 64 33 30 67 65 32 30 67 66 31 30 67 67 30 30 67 68 29 30 67 69 28 30 67 70 27 30 67 71 26 30 67 72 25 30 68 26 72 30 68 27 71 30 68 28 70 30 68 29 69 30 68 30 68 30 68 31 67 30 68 32 66 30 68 33 65 30 68 34 64 30 68 35 63 30 68 36 62 30 68 37 61 30 68 38 60 30 68 39 59 30 68 40 58 30 68 41 57 30 68 42 56 30 68 43 55 30 68 44 54 30 68 45 53 30 68 46 52 30 68 47 51 30 68 48 50 30 68 49 49 30 68 50 48 30 68 51 47 30 68 52 46 30 68 53 45 30 68 54 44 30 68 55 43 30 68 56 42 30 68 57 41 30 68 58 40 30 68 59 39 30 68 60 38 30 68 61 37 30 68 62 36 30 68 63 35 30 68 64 34 30 68 65 33 30 68 66 32 30 68 67 31 30 68 68 30 30 68 69 29 30 68 70 28 30 68 71 27 30 68 72 26 30 69 27 72 30 69 28 71 30 69 29 70 30 69 30 69 30 69 31 68 30 69 32 67 30 69 33 66 30 69 34 65 30 69 35 64 30 69 36 63 30 69 37 62 30 69 38 61 30 69 39 60 30 69 40 59 30 69 41 58 30 69 42 57 30 69 43 56 30 69 44 55 30 69 45 54 30 69 46 53 30 69 47 52 30 69 48 51 30 69 49 50 30 69 50 49 30 69 51 48 30 69 52 47 30 69 53 46 30 69 54 45 30 69 55 44 30 69 56 43 30 69 57 42 30 69 58 41 30 69 59 40 30 69 60 39 30 69 61 38 30 69 62 37 30 69 63 36 30 69 64 35 30 69 65 34 30 69 66 33 30 69 67 32 30 69 68 31 30 69 69 30 30 69 70 29 30 69 71 28 30 69 72 27 30 70 28 72 30 70 29 71 30 70 30 70 30 70 31 69 30 70 32 68 30 70 33 67 30 70 34 66 30 70 35 65 30 70 36 64 30 70 37 63 30 70 38 62 30 70 39 61 30 70 40 60 30 70 41 59 30 70 42 58 30 70 43 57 30 70 44 56 30 70 45 55 30 70 46 54 30 70 47 53 30 70 48 52 30 70 49 51 30 70 50 50 30 70 51 49 30 70 52 48 30 70 53 47 30 70 54 46 30 70 55 45 30 70 56 44 30 70 57 43 30 70 58 42 30 70 59 41 30 70 60 40 30 70 61 39 30 70 62 38 30 70 63 37 30 70 64 36 30 70 65 35 30 70 66 34 30 70 67 33 30 70 68 32 30 70 69 31 30 70 70 30 30 70 71 29 30 70 72 28 30 71 29 72 30 71 30 71 30 71 31 70 30 71 32 69 30 71 33 68 30 71 34 67 30 71 35 66 30 71 36 65 30 71 37 64 30 71 38 63 30 71 39 62 30 71 40 61 30 71 41 60 30 71 42 59 30 71 43 58 30 71 44 57 30 71 45 56 30 71 46 55 30 71 47 54 30 71 48 53 30 71 49 52 30 71 50 51 30 71 51 50 30 71 52 49 30 71 53 48 30 71 54 47 30 71 55 46 30 71 56 45 30 71 57 44 30 71 58 43 30 71 59 42 30 71 60 41 30 71 61 40 30 71 62 39 30 71 63 38 30 71 64 37 30 71 65 36 30 71 66 35 30 71 67 34 30 71 68 33 30 71 69 32 30 71 70 31 30 71 71 30 30 71 72 29 30 72 30 72 30 72 31 71 30 72 32 70 30 72 33 69 30 72 34 68 30 72 35 67 30 72 36 66 30 72 37 65 30 72 38 64 30 72 39 63 30 72 40 62 30 72 41 61 30 72 42 60 30 72 43 59 30 72 44 58 30 72 45 57 30 72 46 56 30 72 47 55 30 72 48 54 30 72 49 53 30 72 50 52 30 72 51 51 30 72 52 50 30 72 53 49 30 72 54 48 30 72 55 47 30 72 56 46 30 72 57 45 30 72 58 44 30 72 59 43 30 72 60 42 30 72 61 41 30 72 62 40 30 72 63 39 30 72 64 38 30 72 65 37 30 72 66 36 30 72 67 35 30 72 68 34 30 72 69 33 30 72 70 32 30 72 71 31 30 72 72 30 










































