





































38 0 0 38 38 0 1 36 38 0 2 34 38 0 3 33 38 0 4 31 38 0 5 29 38 0 6 27 38 0 7 26 38 0 8 25 38 0 9 24 38 0 10 23 38 0 11 22 38 0 12 21 38 0 13 20 38 0 14 19 38 0 15 18 38 0 16 17 38 0 17 16 38 0 18 15 38 0 19 14 38 0 20 13 38 0 21 12 38 0 22 11 38 0 23 10 38 0 24 9 38 0 25 8 38 0 26 7 38 0 27 6 38 0 29 5 38 0 31 4 38 0 33 3 38 0 34 2 38 0 36 1 38 0 38 0 38 1 0 40 38 1 1 38 38 1 2 36 38 1 3 35 38 1 4 33 38 1 5 31 38 1 6 29 38 1 7 28 38 1 8 27 38 1 9 26 38 1 10 25 38 1 11 24 38 1 12 23 38 1 13 22 38 1 14 21 38 1 15 20 38 1 16 19 38 1 17 18 38 1 18 17 38 1 19 16 38 1 20 15 38 1 21 14 38 1 22 13 38 1 23 12 38 1 24 11 38 1 25 10 38 1 26 9 38 1 27 8 38 1 28 7 38 1 29 6 38 1 31 5 38 1 33 4 38 1 35 3 38 1 36 2 38 1 38 1 38 1 40 0 38 2 0 42 38 2 1 40 38 2 2 38 38 2 3 37 38 2 4 35 38 2 5 33 38 2 6 31 38 2 7 30 38 2 8 29 38 2 9 28 38 2 10 27 38 2 11 26 38 2 12 25 38 2 13 24 38 2 14 23 38 2 15 22 38 2 16 21 38 2 17 20 38 2 18 19 38 2 19 18 38 2 20 17 38 2 21 16 38 2 22 15 38 2 23 14 38 2 24 13 38 2 25 12 38 2 26 11 38 2 27 10 38 2 28 9 38 2 29 8 38 2 30 7 38 2 31 6 38 2 33 5 38 2 35 4 38 2 37 3 38 2 38 2 38 2 40 1 38 2 42 0 38 3 0 43 38 3 1 41 38 3 2 39 38 3 3 38 38 3 4 36 38 3 5 34 38 3 6 32 38 3 7 31 38 3 8 30 38 3 9 29 38 3 10 28 38 3 11 27 38 3 12 26 38 3 13 25 38 3 14 24 38 3 15 23 38 3 16 22 38 3 17 21 38 3 18 20 38 3 19 19 38 3 20 18 38 3 21 17 38 3 22 16 38 3 23 15 38 3 24 14 38 3 25 13 38 3 26 12 38 3 27 11 38 3 28 10 38 3 29 9 38 3 30 8 38 3 31 7 38 3 32 6 38 3 34 5 38 3 36 4 38 3 38 3 38 3 39 2 38 3 41 1 38 3 43 0 38 4 0 45 38 4 1 43 38 4 2 41 38 4 3 40 38 4 4 38 38 4 5 36 38 4 6 34 38 4 7 33 38 4 8 32 38 4 9 31 38 4 10 30 38 4 11 29 38 4 12 28 38 4 13 27 38 4 14 26 38 4 15 25 38 4 16 24 38 4 17 23 38 4 18 22 38 4 19 21 38 4 20 20 38 4 21 19 38 4 22 18 38 4 23 17 38 4 24 16 38 4 25 15 38 4 26 14 38 4 27 13 38 4 28 12 38 4 29 11 38 4 30 10 38 4 31 9 38 4 32 8 38 4 33 7 38 4 34 6 38 4 36 5 38 4 38 4 38 4 40 3 38 4 41 2 38 4 43 1 38 4 45 0 38 5 0 47 38 5 1 45 38 5 2 43 38 5 3 42 38 5 4 40 38 5 5 38 38 5 6 36 38 5 7 35 38 5 8 34 38 5 9 33 38 5 10 32 38 5 11 31 38 5 12 30 38 5 13 29 38 5 14 28 38 5 15 27 38 5 16 26 38 5 17 25 38 5 18 24 38 5 19 23 38 5 20 22 38 5 21 21 38 5 22 20 38 5 23 19 38 5 24 18 38 5 25 17 38 5 26 16 38 5 27 15 38 5 28 14 38 5 29 13 38 5 30 12 38 5 31 11 38 5 32 10 38 5 33 9 38 5 34 8 38 5 35 7 38 5 36 6 38 5 38 5 38 5 40 4 38 5 42 3 38 5 43 2 38 5 45 1 38 5 47 0 38 6 0 49 38 6 1 47 38 6 2 45 38 6 3 44 38 6 4 42 38 6 5 40 38 6 6 38 38 6 7 37 38 6 8 36 38 6 9 35 38 6 10 34 38 6 11 33 38 6 12 32 38 6 13 31 38 6 14 30 38 6 15 29 38 6 16 28 38 6 17 27 38 6 18 26 38 6 19 25 38 6 20 24 38 6 21 23 38 6 22 22 38 6 23 21 38 6 24 20 38 6 25 19 38 6 26 18 38 6 27 17 38 6 28 16 38 6 29 15 38 6 30 14 38 6 31 13 38 6 32 12 38 6 33 11 38 6 34 10 38 6 35 9 38 6 36 8 38 6 37 7 38 6 38 6 38 6 40 5 38 6 42 4 38 6 44 3 38 6 45 2 38 6 47 1 38 6 49 0 38 7 0 50 38 7 1 48 38 7 2 46 38 7 3 45 38 7 4 43 38 7 5 41 38 7 6 39 38 7 7 38 38 7 8 37 38 7 9 36 38 7 10 35 38 7 11 34 38 7 12 33 38 7 13 32 38 7 14 31 38 7 15 30 38 7 16 29 38 7 17 28 38 7 18 27 38 7 19 26 38 7 20 25 38 7 21 24 38 7 22 23 38 7 23 22 38 7 24 21 38 7 25 20 38 7 26 19 38 7 27 18 38 7 28 17 38 7 29 16 38 7 30 15 38 7 31 14 38 7 32 13 38 7 33 12 38 7 34 11 38 7 35 10 38 7 36 9 38 7 37 8 38 7 38 7 38 7 39 6 38 7 41 5 38 7 43 4 38 7 45 3 38 7 46 2 38 7 48 1 38 7 50 0 38 8 0 51 38 8 1 49 38 8 2 47 38 8 3 46 38 8 4 44 38 8 5 42 38 8 6 40 38 8 7 39 38 8 8 38 38 8 9 37 38 8 10 36 38 8 11 35 38 8 12 34 38 8 13 33 38 8 14 32 38 8 15 31 38 8 16 30 38 8 17 29 38 8 18 28 38 8 19 27 38 8 20 26 38 8 21 25 38 8 22 24 38 8 23 23 38 8 24 22 38 8 25 21 38 8 26 20 38 8 27 19 38 8 28 18 38 8 29 17 38 8 30 16 38 8 31 15 38 8 32 14 38 8 33 13 38 8 34 12 38 8 35 11 38 8 36 10 38 8 37 9 38 8 38 8 38 8 39 7 38 8 40 6 38 8 42 5 38 8 44 4 38 8 46 3 38 8 47 2 38 8 49 1 38 8 51 0 38 9 1 50 38 9 2 48 38 9 3 47 38 9 4 45 38 9 5 43 38 9 6 41 38 9 7 40 38 9 8 39 38 9 9 38 38 9 10 37 38 9 11 36 38 9 12 35 38 9 13 34 38 9 14 33 38 9 15 32 38 9 16 31 38 9 17 30 38 9 18 29 38 9 19 28 38 9 20 27 38 9 21 26 38 9 22 25 38 9 23 24 38 9 24 23 38 9 25 22 38 9 26 21 38 9 27 20 38 9 28 19 38 9 29 18 38 9 30 17 38 9 31 16 38 9 32 15 38 9 33 14 38 9 34 13 38 9 35 12 38 9 36 11 38 9 37 10 38 9 38 9 38 9 39 8 38 9 40 7 38 9 41 6 38 9 43 5 38 9 45 4 38 9 47 3 38 9 48 2 38 9 50 1 38 10 0 53 38 10 1 51 38 10 2 49 38 10 3 48 38 10 4 46 38 10 5 44 38 10 6 42 38 10 7 41 38 10 8 40 38 10 9 39 38 10 10 38 38 10 11 37 38 10 12 36 38 10 13 35 38 10 14 34 38 10 15 33 38 10 16 32 38 10 17 31 38 10 18 30 38 10 19 29 38 10 20 28 38 10 21 27 38 10 22 26 38 10 23 25 38 10 24 24 38 10 25 23 38 10 26 22 38 10 27 21 38 10 28 20 38 10 29 19 38 10 30 18 38 10 31 17 38 10 32 16 38 10 33 15 38 10 34 14 38 10 35 13 38 10 36 12 38 10 37 11 38 10 38 10 38 10 39 9 38 10 40 8 38 10 41 7 38 10 42 6 38 10 44 5 38 10 46 4 38 10 48 3 38 10 49 2 38 10 51 1 38 10 53 0 38 11 1 52 38 11 2 50 38 11 3 49 38 11 4 47 38 11 5 45 38 11 6 43 38 11 7 42 38 11 8 41 38 11 9 40 38 11 10 39 38 11 11 38 38 11 12 37 38 11 13 36 38 11 14 35 38 11 15 34 38 11 16 33 38 11 17 32 38 11 18 31 38 11 19 30 38 11 20 29 38 11 21 28 38 11 22 27 38 11 23 26 38 11 24 25 38 11 25 24 38 11 26 23 38 11 27 22 38 11 28 21 38 11 29 20 38 11 30 19 38 11 31 18 38 11 32 17 38 11 33 16 38 11 34 15 38 11 35 14 38 11 36 13 38 11 37 12 38 11 38 11 38 11 39 10 38 11 40 9 38 11 41 8 38 11 42 7 38 11 43 6 38 11 45 5 38 11 47 4 38 11 49 3 38 11 50 2 38 11 52 1 38 12 1 53 38 12 2 51 38 12 3 50 38 12 4 48 38 12 5 46 38 12 6 44 38 12 7 43 38 12 8 42 38 12 9 41 38 12 10 40 38 12 11 39 38 12 12 38 38 12 13 37 38 12 14 36 38 12 15 35 38 12 16 34 38 12 17 33 38 12 18 32 38 12 19 31 38 12 20 30 38 12 21 29 38 12 22 28 38 12 23 27 38 12 24 26 38 12 25 25 38 12 26 24 38 12 27 23 38 12 28 22 38 12 29 21 38 12 30 20 38 12 31 19 38 12 32 18 38 12 33 17 38 12 34 16 38 12 35 15 38 12 36 14 38 12 37 13 38 12 38 12 38 12 39 11 38 12 40 10 38 12 41 9 38 12 42 8 38 12 43 7 38 12 44 6 38 12 46 5 38 12 48 4 38 12 50 3 38 12 51 2 38 12 53 1 38 13 1 54 38 13 2 52 38 13 3 51 38 13 4 49 38 13 5 47 38 13 6 45 38 13 7 44 38 13 8 43 38 13 9 42 38 13 10 41 38 13 11 40 38 13 12 39 38 13 13 38 38 13 14 37 38 13 15 36 38 13 16 35 38 13 17 34 38 13 18 33 38 13 19 32 38 13 20 31 38 13 21 30 38 13 22 29 38 13 23 28 38 13 24 27 38 13 25 26 38 13 26 25 38 13 27 24 38 13 28 23 38 13 29 22 38 13 30 21 38 13 31 20 38 13 32 19 38 13 33 18 38 13 34 17 38 13 35 16 38 13 36 15 38 13 37 14 38 13 38 13 38 13 39 12 38 13 40 11 38 13 41 10 38 13 42 9 38 13 43 8 38 13 44 7 38 13 45 6 38 13 47 5 38 13 49 4 38 13 51 3 38 13 52 2 38 13 54 1 38 14 1 55 38 14 2 53 38 14 3 52 38 14 4 50 38 14 5 48 38 14 6 46 38 14 7 45 38 14 8 44 38 14 9 43 38 14 10 42 38 14 11 41 38 14 12 40 38 14 13 39 38 14 14 38 38 14 15 37 38 14 16 36 38 14 17 35 38 14 18 34 38 14 19 33 38 14 20 32 38 14 21 31 38 14 22 30 38 14 23 29 38 14 24 28 38 14 25 27 38 14 26 26 38 14 27 25 38 14 28 24 38 14 29 23 38 14 30 22 38 14 31 21 38 14 32 20 38 14 33 19 38 14 34 18 38 14 35 17 38 14 36 16 38 14 37 15 38 14 38 14 38 14 39 13 38 14 40 12 38 14 41 11 38 14 42 10 38 14 43 9 38 14 44 8 38 14 45 7 38 14 46 6 38 14 48 5 38 14 50 4 38 14 52 3 38 14 53 2 38 14 55 1 38 15 1 56 38 15 2 54 38 15 3 53 38 15 4 51 38 15 5 49 38 15 6 47 38 15 7 46 38 15 8 45 38 15 9 44 38 15 10 43 38 15 11 42 38 15 12 41 38 15 13 40 38 15 14 39 38 15 15 38 38 15 16 37 38 15 17 36 38 15 18 35 38 15 19 34 38 15 20 33 38 15 21 32 38 15 22 31 38 15 23 30 38 15 24 29 38 15 25 28 38 15 26 27 38 15 27 26 38 15 28 25 38 15 29 24 38 15 30 23 38 15 31 22 38 15 32 21 38 15 33 20 38 15 34 19 38 15 35 18 38 15 36 17 38 15 37 16 38 15 38 15 38 15 39 14 38 15 40 13 38 15 41 12 38 15 42 11 38 15 43 10 38 15 44 9 38 15 45 8 38 15 46 7 38 15 47 6 38 15 49 5 38 15 51 4 38 15 53 3 38 15 54 2 38 15 56 1 38 16 1 57 38 16 2 55 38 16 3 54 38 16 4 52 38 16 5 50 38 16 6 48 38 16 7 47 38 16 8 46 38 16 9 45 38 16 10 44 38 16 11 43 38 16 12 42 38 16 13 41 38 16 14 40 38 16 15 39 38 16 16 38 38 16 17 37 38 16 18 36 38 16 19 35 38 16 20 34 38 16 21 33 38 16 22 32 38 16 23 31 38 16 24 30 38 16 25 29 38 16 26 28 38 16 27 27 38 16 28 26 38 16 29 25 38 16 30 24 38 16 31 23 38 16 32 22 38 16 33 21 38 16 34 20 38 16 35 19 38 16 36 18 38 16 37 17 38 16 38 16 38 16 39 15 38 16 40 14 38 16 41 13 38 16 42 12 38 16 43 11 38 16 44 10 38 16 45 9 38 16 46 8 38 16 47 7 38 16 48 6 38 16 50 5 38 16 52 4 38 16 54 3 38 16 55 2 38 16 57 1 38 17 1 58 38 17 2 56 38 17 3 55 38 17 4 53 38 17 5 51 38 17 6 49 38 17 7 48 38 17 8 47 38 17 9 46 38 17 10 45 38 17 11 44 38 17 12 43 38 17 13 42 38 17 14 41 38 17 15 40 38 17 16 39 38 17 17 38 38 17 18 37 38 17 19 36 38 17 20 35 38 17 21 34 38 17 22 33 38 17 23 32 38 17 24 31 38 17 25 30 38 17 26 29 38 17 27 28 38 17 28 27 38 17 29 26 38 17 30 25 38 17 31 24 38 17 32 23 38 17 33 22 38 17 34 21 38 17 35 20 38 17 36 19 38 17 37 18 38 17 38 17 38 17 39 16 38 17 40 15 38 17 41 14 38 17 42 13 38 17 43 12 38 17 44 11 38 17 45 10 38 17 46 9 38 17 47 8 38 17 48 7 38 17 49 6 38 17 51 5 38 17 53 4 38 17 55 3 38 17 56 2 38 17 58 1 38 18 1 59 38 18 2 57 38 18 3 56 38 18 4 54 38 18 5 52 38 18 6 50 38 18 7 49 38 18 8 48 38 18 9 47 38 18 10 46 38 18 11 45 38 18 12 44 38 18 13 43 38 18 14 42 38 18 15 41 38 18 16 40 38 18 17 39 38 18 18 38 38 18 19 37 38 18 20 36 38 18 21 35 38 18 22 34 38 18 23 33 38 18 24 32 38 18 25 31 38 18 26 30 38 18 27 29 38 18 28 28 38 18 29 27 38 18 30 26 38 18 31 25 38 18 32 24 38 18 33 23 38 18 34 22 38 18 35 21 38 18 36 20 38 18 37 19 38 18 38 18 38 18 39 17 38 18 40 16 38 18 41 15 38 18 42 14 38 18 43 13 38 18 44 12 38 18 45 11 38 18 46 10 38 18 47 9 38 18 48 8 38 18 49 7 38 18 50 6 38 18 52 5 38 18 54 4 38 18 56 3 38 18 57 2 38 18 59 1 38 19 1 60 38 19 2 58 38 19 3 57 38 19 4 55 38 19 5 53 38 19 6 51 38 19 7 50 38 19 8 49 38 19 9 48 38 19 10 47 38 19 11 46 38 19 12 45 38 19 13 44 38 19 14 43 38 19 15 42 38 19 16 41 38 19 17 40 38 19 18 39 38 19 19 38 38 19 20 37 38 19 21 36 38 19 22 35 38 19 23 34 38 19 24 33 38 19 25 32 38 19 26 31 38 19 27 30 38 19 28 29 38 19 29 28 38 19 30 27 38 19 31 26 38 19 32 25 38 19 33 24 38 19 34 23 38 19 35 22 38 19 36 21 38 19 37 20 38 19 38 19 38 19 39 18 38 19 40 17 38 19 41 16 38 19 42 15 38 19 43 14 38 19 44 13 38 19 45 12 38 19 46 11 38 19 47 10 38 19 48 9 38 19 49 8 38 19 50 7 38 19 51 6 38 19 53 5 38 19 55 4 38 19 57 3 38 19 58 2 38 19 60 1 38 20 2 59 38 20 3 58 38 20 4 56 38 20 5 54 38 20 6 52 38 20 7 51 38 20 8 50 38 20 9 49 38 20 10 48 38 20 11 47 38 20 12 46 38 20 13 45 38 20 14 44 38 20 15 43 38 20 16 42 38 20 17 41 38 20 18 40 38 20 19 39 38 20 20 38 38 20 21 37 38 20 22 36 38 20 23 35 38 20 24 34 38 20 25 33 38 20 26 32 38 20 27 31 38 20 28 30 38 20 29 29 38 20 30 28 38 20 31 27 38 20 32 26 38 20 33 25 38 20 34 24 38 20 35 23 38 20 36 22 38 20 37 21 38 20 38 20 38 20 39 19 38 20 40 18 38 20 41 17 38 20 42 16 38 20 43 15 38 20 44 14 38 20 45 13 38 20 46 12 38 20 47 11 38 20 48 10 38 20 49 9 38 20 50 8 38 20 51 7 38 20 52 6 38 20 54 5 38 20 56 4 38 20 58 3 38 20 59 2 38 21 2 60 38 21 3 59 38 21 4 57 38 21 5 55 38 21 6 53 38 21 7 52 38 21 8 51 38 21 9 50 38 21 10 49 38 21 11 48 38 21 12 47 38 21 13 46 38 21 14 45 38 21 15 44 38 21 16 43 38 21 17 42 38 21 18 41 38 21 19 40 38 21 20 39 38 21 21 38 38 21 22 37 38 21 23 36 38 21 24 35 38 21 25 34 38 21 26 33 38 21 27 32 38 21 28 31 38 21 29 30 38 21 30 29 38 21 31 28 38 21 32 27 38 21 33 26 38 21 34 25 38 21 35 24 38 21 36 23 38 21 37 22 38 21 38 21 38 21 39 20 38 21 40 19 38 21 41 18 38 21 42 17 38 21 43 16 38 21 44 15 38 21 45 14 38 21 46 13 38 21 47 12 38 21 48 11 38 21 49 10 38 21 50 9 38 21 51 8 38 21 52 7 38 21 53 6 38 21 55 5 38 21 57 4 38 21 59 3 38 21 60 2 38 22 2 61 38 22 3 60 38 22 4 58 38 22 5 56 38 22 6 54 38 22 7 53 38 22 8 52 38 22 9 51 38 22 10 50 38 22 11 49 38 22 12 48 38 22 13 47 38 22 14 46 38 22 15 45 38 22 16 44 38 22 17 43 38 22 18 42 38 22 19 41 38 22 20 40 38 22 21 39 38 22 22 38 38 22 23 37 38 22 24 36 38 22 25 35 38 22 26 34 38 22 27 33 38 22 28 32 38 22 29 31 38 22 30 30 38 22 31 29 38 22 32 28 38 22 33 27 38 22 34 26 38 22 35 25 38 22 36 24 38 22 37 23 38 22 38 22 38 22 39 21 38 22 40 20 38 22 41 19 38 22 42 18 38 22 43 17 38 22 44 16 38 22 45 15 38 22 46 14 38 22 47 13 38 22 48 12 38 22 49 11 38 22 50 10 38 22 51 9 38 22 52 8 38 22 53 7 38 22 54 6 38 22 56 5 38 22 58 4 38 22 60 3 38 22 61 2 38 23 2 62 38 23 3 61 38 23 4 59 38 23 5 57 38 23 6 55 38 23 7 54 38 23 8 53 38 23 9 52 38 23 10 51 38 23 11 50 38 23 12 49 38 23 13 48 38 23 14 47 38 23 15 46 38 23 16 45 38 23 17 44 38 23 18 43 38 23 19 42 38 23 20 41 38 23 21 40 38 23 22 39 38 23 23 38 38 23 24 37 38 23 25 36 38 23 26 35 38 23 27 34 38 23 28 33 38 23 29 32 38 23 30 31 38 23 31 30 38 23 32 29 38 23 33 28 38 23 34 27 38 23 35 26 38 23 36 25 38 23 37 24 38 23 38 23 38 23 39 22 38 23 40 21 38 23 41 20 38 23 42 19 38 23 43 18 38 23 44 17 38 23 45 16 38 23 46 15 38 23 47 14 38 23 48 13 38 23 49 12 38 23 50 11 38 23 51 10 38 23 52 9 38 23 53 8 38 23 54 7 38 23 55 6 38 23 57 5 38 23 59 4 38 23 61 3 38 23 62 2 38 24 2 63 38 24 3 62 38 24 4 60 38 24 5 58 38 24 6 56 38 24 7 55 38 24 8 54 38 24 9 53 38 24 10 52 38 24 11 51 38 24 12 50 38 24 13 49 38 24 14 48 38 24 15 47 38 24 16 46 38 24 17 45 38 24 18 44 38 24 19 43 38 24 20 42 38 24 21 41 38 24 22 40 38 24 23 39 38 24 24 38 38 24 25 37 38 24 26 36 38 24 27 35 38 24 28 34 38 24 29 33 38 24 30 32 38 24 31 31 38 24 32 30 38 24 33 29 38 24 34 28 38 24 35 27 38 24 36 26 38 24 37 25 38 24 38 24 38 24 39 23 38 24 40 22 38 24 41 21 38 24 42 20 38 24 43 19 38 24 44 18 38 24 45 17 38 24 46 16 38 24 47 15 38 24 48 14 38 24 49 13 38 24 50 12 38 24 51 11 38 24 52 10 38 24 53 9 38 24 54 8 38 24 55 7 38 24 56 6 38 24 58 5 38 24 60 4 38 24 62 3 38 24 63 2 38 25 2 64 38 25 3 63 38 25 4 61 38 25 5 59 38 25 6 57 38 25 7 56 38 25 8 55 38 25 9 54 38 25 10 53 38 25 11 52 38 25 12 51 38 25 13 50 38 25 14 49 38 25 15 48 38 25 16 47 38 25 17 46 38 25 18 45 38 25 19 44 38 25 20 43 38 25 21 42 38 25 22 41 38 25 23 40 38 25 24 39 38 25 25 38 38 25 26 37 38 25 27 36 38 25 28 35 38 25 29 34 38 25 30 33 38 25 31 32 38 25 32 31 38 25 33 30 38 25 34 29 38 25 35 28 38 25 36 27 38 25 37 26 38 25 38 25 38 25 39 24 38 25 40 23 38 25 41 22 38 25 42 21 38 25 43 20 38 25 44 19 38 25 45 18 38 25 46 17 38 25 47 16 38 25 48 15 38 25 49 14 38 25 50 13 38 25 51 12 38 25 52 11 38 25 53 10 38 25 54 9 38 25 55 8 38 25 56 7 38 25 57 6 38 25 59 5 38 25 61 4 38 25 63 3 38 25 64 2 38 26 3 64 38 26 4 62 38 26 5 60 38 26 6 58 38 26 7 57 38 26 8 56 38 26 9 55 38 26 10 54 38 26 11 53 38 26 12 52 38 26 13 51 38 26 14 50 38 26 15 49 38 26 16 48 38 26 17 47 38 26 18 46 38 26 19 45 38 26 20 44 38 26 21 43 38 26 22 42 38 26 23 41 38 26 24 40 38 26 25 39 38 26 26 38 38 26 27 37 38 26 28 36 38 26 29 35 38 26 30 34 38 26 31 33 38 26 32 32 38 26 33 31 38 26 34 30 38 26 35 29 38 26 36 28 38 26 37 27 38 26 38 26 38 26 39 25 38 26 40 24 38 26 41 23 38 26 42 22 38 26 43 21 38 26 44 20 38 26 45 19 38 26 46 18 38 26 47 17 38 26 48 16 38 26 49 15 38 26 50 14 38 26 51 13 38 26 52 12 38 26 53 11 38 26 54 10 38 26 55 9 38 26 56 8 38 26 57 7 38 26 58 6 38 26 60 5 38 26 62 4 38 26 64 3 38 27 3 65 38 27 4 63 38 27 5 61 38 27 6 59 38 27 7 58 38 27 8 57 38 27 9 56 38 27 10 55 38 27 11 54 38 27 12 53 38 27 13 52 38 27 14 51 38 27 15 50 38 27 16 49 38 27 17 48 38 27 18 47 38 27 19 46 38 27 20 45 38 27 21 44 38 27 22 43 38 27 23 42 38 27 24 41 38 27 25 40 38 27 26 39 38 27 27 38 38 27 28 37 38 27 29 36 38 27 30 35 38 27 31 34 38 27 32 33 38 27 33 32 38 27 34 31 38 27 35 30 38 27 36 29 38 27 37 28 38 27 38 27 38 27 39 26 38 27 40 25 38 27 41 24 38 27 42 23 38 27 43 22 38 27 44 21 38 27 45 20 38 27 46 19 38 27 47 18 38 27 48 17 38 27 49 16 38 27 50 15 38 27 51 14 38 27 52 13 38 27 53 12 38 27 54 11 38 27 55 10 38 27 56 9 38 27 57 8 38 27 58 7 38 27 59 6 38 27 61 5 38 27 63 4 38 27 65 3 38 28 3 66 38 28 4 64 38 28 5 62 38 28 6 60 38 28 7 59 38 28 8 58 38 28 9 57 38 28 10 56 38 28 11 55 38 28 12 54 38 28 13 53 38 28 14 52 38 28 15 51 38 28 16 50 38 28 17 49 38 28 18 48 38 28 19 47 38 28 20 46 38 28 21 45 38 28 22 44 38 28 23 43 38 28 24 42 38 28 25 41 38 28 26 40 38 28 27 39 38 28 28 38 38 28 29 37 38 28 30 36 38 28 31 35 38 28 32 34 38 28 33 33 38 28 34 32 38 28 35 31 38 28 36 30 38 28 37 29 38 28 38 28 38 28 39 27 38 28 40 26 38 28 41 25 38 28 42 24 38 28 43 23 38 28 44 22 38 28 45 21 38 28 46 20 38 28 47 19 38 28 48 18 38 28 49 17 38 28 50 16 38 28 51 15 38 28 52 14 38 28 53 13 38 28 54 12 38 28 55 11 38 28 56 10 38 28 57 9 38 28 58 8 38 28 59 7 38 28 60 6 38 28 62 5 38 28 64 4 38 28 66 3 38 29 4 65 38 29 5 63 38 29 6 61 38 29 7 60 38 29 8 59 38 29 9 58 38 29 10 57 38 29 11 56 38 29 12 55 38 29 13 54 38 29 14 53 38 29 15 52 38 29 16 51 38 29 17 50 38 29 18 49 38 29 19 48 38 29 20 47 38 29 21 46 38 29 22 45 38 29 23 44 38 29 24 43 38 29 25 42 38 29 26 41 38 29 27 40 38 29 28 39 38 29 29 38 38 29 30 37 38 29 31 36 38 29 32 35 38 29 33 34 38 29 34 33 38 29 35 32 38 29 36 31 38 29 37 30 38 29 38 29 38 29 39 28 38 29 40 27 38 29 41 26 38 29 42 25 38 29 43 24 38 29 44 23 38 29 45 22 38 29 46 21 38 29 47 20 38 29 48 19 38 29 49 18 38 29 50 17 38 29 51 16 38 29 52 15 38 29 53 14 38 29 54 13 38 29 55 12 38 29 56 11 38 29 57 10 38 29 58 9 38 29 59 8 38 29 60 7 38 29 61 6 38 29 63 5 38 29 65 4 38 30 4 66 38 30 5 64 38 30 6 62 38 30 7 61 38 30 8 60 38 30 9 59 38 30 10 58 38 30 11 57 38 30 12 56 38 30 13 55 38 30 14 54 38 30 15 53 38 30 16 52 38 30 17 51 38 30 18 50 38 30 19 49 38 30 20 48 38 30 21 47 38 30 22 46 38 30 23 45 38 30 24 44 38 30 25 43 38 30 26 42 38 30 27 41 38 30 28 40 38 30 29 39 38 30 30 38 38 30 31 37 38 30 32 36 38 30 33 35 38 30 34 34 38 30 35 33 38 30 36 32 38 30 37 31 38 30 38 30 38 30 39 29 38 30 40 28 38 30 41 27 38 30 42 26 38 30 43 25 38 30 44 24 38 30 45 23 38 30 46 22 38 30 47 21 38 30 48 20 38 30 49 19 38 30 50 18 38 30 51 17 38 30 52 16 38 30 53 15 38 30 54 14 38 30 55 13 38 30 56 12 38 30 57 11 38 30 58 10 38 30 59 9 38 30 60 8 38 30 61 7 38 30 62 6 38 30 64 5 38 30 66 4 38 31 4 67 38 31 5 65 38 31 6 63 38 31 7 62 38 31 8 61 38 31 9 60 38 31 10 59 38 31 11 58 38 31 12 57 38 31 13 56 38 31 14 55 38 31 15 54 38 31 16 53 38 31 17 52 38 31 18 51 38 31 19 50 38 31 20 49 38 31 21 48 38 31 22 47 38 31 23 46 38 31 24 45 38 31 25 44 38 31 26 43 38 31 27 42 38 31 28 41 38 31 29 40 38 31 30 39 38 31 31 38 38 31 32 37 38 31 33 36 38 31 34 35 38 31 35 34 38 31 36 33 38 31 37 32 38 31 38 31 38 31 39 30 38 31 40 29 38 31 41 28 38 31 42 27 38 31 43 26 38 31 44 25 38 31 45 24 38 31 46 23 38 31 47 22 38 31 48 21 38 31 49 20 38 31 50 19 38 31 51 18 38 31 52 17 38 31 53 16 38 31 54 15 38 31 55 14 38 31 56 13 38 31 57 12 38 31 58 11 38 31 59 10 38 31 60 9 38 31 61 8 38 31 62 7 38 31 63 6 38 31 65 5 38 31 67 4 38 32 5 66 38 32 6 64 38 32 7 63 38 32 8 62 38 32 9 61 38 32 10 60 38 32 11 59 38 32 12 58 38 32 13 57 38 32 14 56 38 32 15 55 38 32 16 54 38 32 17 53 38 32 18 52 38 32 19 51 38 32 20 50 38 32 21 49 38 32 22 48 38 32 23 47 38 32 24 46 38 32 25 45 38 32 26 44 38 32 27 43 38 32 28 42 38 32 29 41 38 32 30 40 38 32 31 39 38 32 32 38 38 32 33 37 38 32 34 36 38 32 35 35 38 32 36 34 38 32 37 33 38 32 38 32 38 32 39 31 38 32 40 30 38 32 41 29 38 32 42 28 38 32 43 27 38 32 44 26 38 32 45 25 38 32 46 24 38 32 47 23 38 32 48 22 38 32 49 21 38 32 50 20 38 32 51 19 38 32 52 18 38 32 53 17 38 32 54 16 38 32 55 15 38 32 56 14 38 32 57 13 38 32 58 12 38 32 59 11 38 32 60 10 38 32 61 9 38 32 62 8 38 32 63 7 38 32 64 6 38 32 66 5 38 33 5 67 38 33 6 65 38 33 7 64 38 33 8 63 38 33 9 62 38 33 10 61 38 33 11 60 38 33 12 59 38 33 13 58 38 33 14 57 38 33 15 56 38 33 16 55 38 33 17 54 38 33 18 53 38 33 19 52 38 33 20 51 38 33 21 50 38 33 22 49 38 33 23 48 38 33 24 47 38 33 25 46 38 33 26 45 38 33 27 44 38 33 28 43 38 33 29 42 38 33 30 41 38 33 31 40 38 33 32 39 38 33 33 38 38 33 34 37 38 33 35 36 38 33 36 35 38 33 37 34 38 33 38 33 38 33 39 32 38 33 40 31 38 33 41 30 38 33 42 29 38 33 43 28 38 33 44 27 38 33 45 26 38 33 46 25 38 33 47 24 38 33 48 23 38 33 49 22 38 33 50 21 38 33 51 20 38 33 52 19 38 33 53 18 38 33 54 17 38 33 55 16 38 33 56 15 38 33 57 14 38 33 58 13 38 33 59 12 38 33 60 11 38 33 61 10 38 33 62 9 38 33 63 8 38 33 64 7 38 33 65 6 38 33 67 5 38 34 5 68 38 34 6 66 38 34 7 65 38 34 8 64 38 34 9 63 38 34 10 62 38 34 11 61 38 34 12 60 38 34 13 59 38 34 14 58 38 34 15 57 38 34 16 56 38 34 17 55 38 34 18 54 38 34 19 53 38 34 20 52 38 34 21 51 38 34 22 50 38 34 23 49 38 34 24 48 38 34 25 47 38 34 26 46 38 34 27 45 38 34 28 44 38 34 29 43 38 34 30 42 38 34 31 41 38 34 32 40 38 34 33 39 38 34 34 38 38 34 35 37 38 34 36 36 38 34 37 35 38 34 38 34 38 34 39 33 38 34 40 32 38 34 41 31 38 34 42 30 38 34 43 29 38 34 44 28 38 34 45 27 38 34 46 26 38 34 47 25 38 34 48 24 38 34 49 23 38 34 50 22 38 34 51 21 38 34 52 20 38 34 53 19 38 34 54 18 38 34 55 17 38 34 56 16 38 34 57 15 38 34 58 14 38 34 59 13 38 34 60 12 38 34 61 11 38 34 62 10 38 34 63 9 38 34 64 8 38 34 65 7 38 34 66 6 38 34 68 5 38 35 5 69 38 35 6 67 38 35 7 66 38 35 8 65 38 35 9 64 38 35 10 63 38 35 11 62 38 35 12 61 38 35 13 60 38 35 14 59 38 35 15 58 38 35 16 57 38 35 17 56 38 35 18 55 38 35 19 54 38 35 20 53 38 35 21 52 38 35 22 51 38 35 23 50 38 35 24 49 38 35 25 48 38 35 26 47 38 35 27 46 38 35 28 45 38 35 29 44 38 35 30 43 38 35 31 42 38 35 32 41 38 35 33 40 38 35 34 39 38 35 35 38 38 35 36 37 38 35 37 36 38 35 38 35 38 35 39 34 38 35 40 33 38 35 41 32 38 35 42 31 38 35 43 30 38 35 44 29 38 35 45 28 38 35 46 27 38 35 47 26 38 35 48 25 38 35 49 24 38 35 50 23 38 35 51 22 38 35 52 21 38 35 53 20 38 35 54 19 38 35 55 18 38 35 56 17 38 35 57 16 38 35 58 15 38 35 59 14 38 35 60 13 38 35 61 12 38 35 62 11 38 35 63 10 38 35 64 9 38 35 65 8 38 35 66 7 38 35 67 6 38 35 69 5 38 36 5 70 38 36 6 68 38 36 7 67 38 36 8 66 38 36 9 65 38 36 10 64 38 36 11 63 38 36 12 62 38 36 13 61 38 36 14 60 38 36 15 59 38 36 16 58 38 36 17 57 38 36 18 56 38 36 19 55 38 36 20 54 38 36 21 53 38 36 22 52 38 36 23 51 38 36 24 50 38 36 25 49 38 36 26 48 38 36 27 47 38 36 28 46 38 36 29 45 38 36 30 44 38 36 31 43 38 36 32 42 38 36 33 41 38 36 34 40 38 36 35 39 38 36 36 38 38 36 37 37 38 36 38 36 38 36 39 35 38 36 40 34 38 36 41 33 38 36 42 32 38 36 43 31 38 36 44 30 38 36 45 29 38 36 46 28 38 36 47 27 38 36 48 26 38 36 49 25 38 36 50 24 38 36 51 23 38 36 52 22 38 36 53 21 38 36 54 20 38 36 55 19 38 36 56 18 38 36 57 17 38 36 58 16 38 36 59 15 38 36 60 14 38 36 61 13 38 36 62 12 38 36 63 11 38 36 64 10 38 36 65 9 38 36 66 8 38 36 67 7 38 36 68 6 38 36 70 5 38 37 6 69 38 37 7 68 38 37 8 67 38 37 9 66 38 37 10 65 38 37 11 64 38 37 12 63 38 37 13 62 38 37 14 61 38 37 15 60 38 37 16 59 38 37 17 58 38 37 18 57 38 37 19 56 38 37 20 55 38 37 21 54 38 37 22 53 38 37 23 52 38 37 24 51 38 37 25 50 38 37 26 49 38 37 27 48 38 37 28 47 38 37 29 46 38 37 30 45 38 37 31 44 38 37 32 43 38 37 33 42 38 37 34 41 38 37 35 40 38 37 36 39 38 37 37 38 38 37 38 37 38 37 39 36 38 37 40 35 38 37 41 34 38 37 42 33 38 37 43 32 38 37 44 31 38 37 45 30 38 37 46 29 38 37 47 28 38 37 48 27 38 37 49 26 38 37 50 25 38 37 51 24 38 37 52 23 38 37 53 22 38 37 54 21 38 37 55 20 38 37 56 19 38 37 57 18 38 37 58 17 38 37 59 16 38 37 60 15 38 37 61 14 38 37 62 13 38 37 63 12 38 37 64 11 38 37 65 10 38 37 66 9 38 37 67 8 38 37 68 7 38 37 69 6 38 38 6 70 38 38 7 69 38 38 8 68 38 38 9 67 38 38 10 66 38 38 11 65 38 38 12 64 38 38 13 63 38 38 14 62 38 38 15 61 38 38 16 60 38 38 17 59 38 38 18 58 38 38 19 57 38 38 20 56 38 38 21 55 38 38 22 54 38 38 23 53 38 38 24 52 38 38 25 51 38 38 26 50 38 38 27 49 38 38 28 48 38 38 29 47 38 38 30 46 38 38 31 45 38 38 32 44 38 38 33 43 38 38 34 42 38 38 35 41 38 38 36 40 38 38 37 39 38 38 38 38 38 38 39 37 38 38 40 36 38 38 41 35 38 38 42 34 38 38 43 33 38 38 44 32 38 38 45 31 38 38 46 30 38 38 47 29 38 38 48 28 38 38 49 27 38 38 50 26 38 38 51 25 38 38 52 24 38 38 53 23 38 38 54 22 38 38 55 21 38 38 56 20 38 38 57 19 38 38 58 18 38 38 59 17 38 38 60 16 38 38 61 15 38 38 62 14 38 38 63 13 38 38 64 12 38 38 65 11 38 38 66 10 38 38 67 9 38 38 68 8 38 38 69 7 38 38 70 6 38 39 6 71 38 39 7 70 38 39 8 69 38 39 9 68 38 39 10 67 38 39 11 66 38 39 12 65 38 39 13 64 38 39 14 63 38 39 15 62 38 39 16 61 38 39 17 60 38 39 18 59 38 39 19 58 38 39 20 57 38 39 21 56 38 39 22 55 38 39 23 54 38 39 24 53 38 39 25 52 38 39 26 51 38 39 27 50 38 39 28 49 38 39 29 48 38 39 30 47 38 39 31 46 38 39 32 45 38 39 33 44 38 39 34 43 38 39 35 42 38 39 36 41 38 39 37 40 38 39 38 39 38 39 39 38 38 39 40 37 38 39 41 36 38 39 42 35 38 39 43 34 38 39 44 33 38 39 45 32 38 39 46 31 38 39 47 30 38 39 48 29 38 39 49 28 38 39 50 27 38 39 51 26 38 39 52 25 38 39 53 24 38 39 54 23 38 39 55 22 38 39 56 21 38 39 57 20 38 39 58 19 38 39 59 18 38 39 60 17 38 39 61 16 38 39 62 15 38 39 63 14 38 39 64 13 38 39 65 12 38 39 66 11 38 39 67 10 38 39 68 9 38 39 69 8 38 39 70 7 38 39 71 6 38 40 7 71 38 40 8 70 38 40 9 69 38 40 10 68 38 40 11 67 38 40 12 66 38 40 13 65 38 40 14 64 38 40 15 63 38 40 16 62 38 40 17 61 38 40 18 60 38 40 19 59 38 40 20 58 38 40 21 57 38 40 22 56 38 40 23 55 38 40 24 54 38 40 25 53 38 40 26 52 38 40 27 51 38 40 28 50 38 40 29 49 38 40 30 48 38 40 31 47 38 40 32 46 38 40 33 45 38 40 34 44 38 40 35 43 38 40 36 42 38 40 37 41 38 40 38 40 38 40 39 39 38 40 40 38 38 40 41 37 38 40 42 36 38 40 43 35 38 40 44 34 38 40 45 33 38 40 46 32 38 40 47 31 38 40 48 30 38 40 49 29 38 40 50 28 38 40 51 27 38 40 52 26 38 40 53 25 38 40 54 24 38 40 55 23 38 40 56 22 38 40 57 21 38 40 58 20 38 40 59 19 38 40 60 18 38 40 61 17 38 40 62 16 38 40 63 15 38 40 64 14 38 40 65 13 38 40 66 12 38 40 67 11 38 40 68 10 38 40 69 9 38 40 70 8 38 40 71 7 38 41 7 72 38 41 8 71 38 41 9 70 38 41 10 69 38 41 11 68 38 41 12 67 38 41 13 66 38 41 14 65 38 41 15 64 38 41 16 63 38 41 17 62 38 41 18 61 38 41 19 60 38 41 20 59 38 41 21 58 38 41 22 57 38 41 23 56 38 41 24 55 38 41 25 54 38 41 26 53 38 41 27 52 38 41 28 51 38 41 29 50 38 41 30 49 38 41 31 48 38 41 32 47 38 41 33 46 38 41 34 45 38 41 35 44 38 41 36 43 38 41 37 42 38 41 38 41 38 41 39 40 38 41 40 39 38 41 41 38 38 41 42 37 38 41 43 36 38 41 44 35 38 41 45 34 38 41 46 33 38 41 47 32 38 41 48 31 38 41 49 30 38 41 50 29 38 41 51 28 38 41 52 27 38 41 53 26 38 41 54 25 38 41 55 24 38 41 56 23 38 41 57 22 38 41 58 21 38 41 59 20 38 41 60 19 38 41 61 18 38 41 62 17 38 41 63 16 38 41 64 15 38 41 65 14 38 41 66 13 38 41 67 12 38 41 68 11 38 41 69 10 38 41 70 9 38 41 71 8 38 41 72 7 38 42 9 71 38 42 10 70 38 42 11 69 38 42 12 68 38 42 13 67 38 42 14 66 38 42 15 65 38 42 16 64 38 42 17 63 38 42 18 62 38 42 19 61 38 42 20 60 38 42 21 59 38 42 22 58 38 42 23 57 38 42 24 56 38 42 25 55 38 42 26 54 38 42 27 53 38 42 28 52 38 42 29 51 38 42 30 50 38 42 31 49 38 42 32 48 38 42 33 47 38 42 34 46 38 42 35 45 38 42 36 44 38 42 37 43 38 42 38 42 38 42 39 41 38 42 40 40 38 42 41 39 38 42 42 38 38 42 43 37 38 42 44 36 38 42 45 35 38 42 46 34 38 42 47 33 38 42 48 32 38 42 49 31 38 42 50 30 38 42 51 29 38 42 52 28 38 42 53 27 38 42 54 26 38 42 55 25 38 42 56 24 38 42 57 23 38 42 58 22 38 42 59 21 38 42 60 20 38 42 61 19 38 42 62 18 38 42 63 17 38 42 64 16 38 42 65 15 38 42 66 14 38 42 67 13 38 42 68 12 38 42 69 11 38 42 70 10 38 42 71 9 38 43 9 72 38 43 10 71 38 43 11 70 38 43 12 69 38 43 13 68 38 43 14 67 38 43 15 66 38 43 16 65 38 43 17 64 38 43 18 63 38 43 19 62 38 43 20 61 38 43 21 60 38 43 22 59 38 43 23 58 38 43 24 57 38 43 25 56 38 43 26 55 38 43 27 54 38 43 28 53 38 43 29 52 38 43 30 51 38 43 31 50 38 43 32 49 38 43 33 48 38 43 34 47 38 43 35 46 38 43 36 45 38 43 37 44 38 43 38 43 38 43 39 42 38 43 40 41 38 43 41 40 38 43 42 39 38 43 43 38 38 43 44 37 38 43 45 36 38 43 46 35 38 43 47 34 38 43 48 33 38 43 49 32 38 43 50 31 38 43 51 30 38 43 52 29 38 43 53 28 38 43 54 27 38 43 55 26 38 43 56 25 38 43 57 24 38 43 58 23 38 43 59 22 38 43 60 21 38 43 61 20 38 43 62 19 38 43 63 18 38 43 64 17 38 43 65 16 38 43 66 15 38 43 67 14 38 43 68 13 38 43 69 12 38 43 70 11 38 43 71 10 38 43 72 9 38 44 10 72 38 44 11 71 38 44 12 70 38 44 13 69 38 44 14 68 38 44 15 67 38 44 16 66 38 44 17 65 38 44 18 64 38 44 19 63 38 44 20 62 38 44 21 61 38 44 22 60 38 44 23 59 38 44 24 58 38 44 25 57 38 44 26 56 38 44 27 55 38 44 28 54 38 44 29 53 38 44 30 52 38 44 31 51 38 44 32 50 38 44 33 49 38 44 34 48 38 44 35 47 38 44 36 46 38 44 37 45 38 44 38 44 38 44 39 43 38 44 40 42 38 44 41 41 38 44 42 40 38 44 43 39 38 44 44 38 38 44 45 37 38 44 46 36 38 44 47 35 38 44 48 34 38 44 49 33 38 44 50 32 38 44 51 31 38 44 52 30 38 44 53 29 38 44 54 28 38 44 55 27 38 44 56 26 38 44 57 25 38 44 58 24 38 44 59 23 38 44 60 22 38 44 61 21 38 44 62 20 38 44 63 19 38 44 64 18 38 44 65 17 38 44 66 16 38 44 67 15 38 44 68 14 38 44 69 13 38 44 70 12 38 44 71 11 38 44 72 10 38 45 11 72 38 45 12 71 38 45 13 70 38 45 14 69 38 45 15 68 38 45 16 67 38 45 17 66 38 45 18 65 38 45 19 64 38 45 20 63 38 45 21 62 38 45 22 61 38 45 23 60 38 45 24 59 38 45 25 58 38 45 26 57 38 45 27 56 38 45 28 55 38 45 29 54 38 45 30 53 38 45 31 52 38 45 32 51 38 45 33 50 38 45 34 49 38 45 35 48 38 45 36 47 38 45 37 46 38 45 38 45 38 45 39 44 38 45 40 43 38 45 41 42 38 45 42 41 38 45 43 40 38 45 44 39 38 45 45 38 38 45 46 37 38 45 47 36 38 45 48 35 38 45 49 34 38 45 50 33 38 45 51 32 38 45 52 31 38 45 53 30 38 45 54 29 38 45 55 28 38 45 56 27 38 45 57 26 38 45 58 25 38 45 59 24 38 45 60 23 38 45 61 22 38 45 62 21 38 45 63 20 38 45 64 19 38 45 65 18 38 45 66 17 38 45 67 16 38 45 68 15 38 45 69 14 38 45 70 13 38 45 71 12 38 45 72 11 38 46 12 72 38 46 13 71 38 46 14 70 38 46 15 69 38 46 16 68 38 46 17 67 38 46 18 66 38 46 19 65 38 46 20 64 38 46 21 63 38 46 22 62 38 46 23 61 38 46 24 60 38 46 25 59 38 46 26 58 38 46 27 57 38 46 28 56 38 46 29 55 38 46 30 54 38 46 31 53 38 46 32 52 38 46 33 51 38 46 34 50 38 46 35 49 38 46 36 48 38 46 37 47 38 46 38 46 38 46 39 45 38 46 40 44 38 46 41 43 38 46 42 42 38 46 43 41 38 46 44 40 38 46 45 39 38 46 46 38 38 46 47 37 38 46 48 36 38 46 49 35 38 46 50 34 38 46 51 33 38 46 52 32 38 46 53 31 38 46 54 30 38 46 55 29 38 46 56 28 38 46 57 27 38 46 58 26 38 46 59 25 38 46 60 24 38 46 61 23 38 46 62 22 38 46 63 21 38 46 64 20 38 46 65 19 38 46 66 18 38 46 67 17 38 46 68 16 38 46 69 15 38 46 70 14 38 46 71 13 38 46 72 12 38 47 13 72 38 47 14 71 38 47 15 70 38 47 16 69 38 47 17 68 38 47 18 67 38 47 19 66 38 47 20 65 38 47 21 64 38 47 22 63 38 47 23 62 38 47 24 61 38 47 25 60 38 47 26 59 38 47 27 58 38 47 28 57 38 47 29 56 38 47 30 55 38 47 31 54 38 47 32 53 38 47 33 52 38 47 34 51 38 47 35 50 38 47 36 49 38 47 37 48 38 47 38 47 38 47 39 46 38 47 40 45 38 47 41 44 38 47 42 43 38 47 43 42 38 47 44 41 38 47 45 40 38 47 46 39 38 47 47 38 38 47 48 37 38 47 49 36 38 47 50 35 38 47 51 34 38 47 52 33 38 47 53 32 38 47 54 31 38 47 55 30 38 47 56 29 38 47 57 28 38 47 58 27 38 47 59 26 38 47 60 25 38 47 61 24 38 47 62 23 38 47 63 22 38 47 64 21 38 47 65 20 38 47 66 19 38 47 67 18 38 47 68 17 38 47 69 16 38 47 70 15 38 47 71 14 38 47 72 13 38 48 14 72 38 48 15 71 38 48 16 70 38 48 17 69 38 48 18 68 38 48 19 67 38 48 20 66 38 48 21 65 38 48 22 64 38 48 23 63 38 48 24 62 38 48 25 61 38 48 26 60 38 48 27 59 38 48 28 58 38 48 29 57 38 48 30 56 38 48 31 55 38 48 32 54 38 48 33 53 38 48 34 52 38 48 35 51 38 48 36 50 38 48 37 49 38 48 38 48 38 48 39 47 38 48 40 46 38 48 41 45 38 48 42 44 38 48 43 43 38 48 44 42 38 48 45 41 38 48 46 40 38 48 47 39 38 48 48 38 38 48 49 37 38 48 50 36 38 48 51 35 38 48 52 34 38 48 53 33 38 48 54 32 38 48 55 31 38 48 56 30 38 48 57 29 38 48 58 28 38 48 59 27 38 48 60 26 38 48 61 25 38 48 62 24 38 48 63 23 38 48 64 22 38 48 65 21 38 48 66 20 38 48 67 19 38 48 68 18 38 48 69 17 38 48 70 16 38 48 71 15 38 48 72 14 38 49 15 72 38 49 16 71 38 49 17 70 38 49 18 69 38 49 19 68 38 49 20 67 38 49 21 66 38 49 22 65 38 49 23 64 38 49 24 63 38 49 25 62 38 49 26 61 38 49 27 60 38 49 28 59 38 49 29 58 38 49 30 57 38 49 31 56 38 49 32 55 38 49 33 54 38 49 34 53 38 49 35 52 38 49 36 51 38 49 37 50 38 49 38 49 38 49 39 48 38 49 40 47 38 49 41 46 38 49 42 45 38 49 43 44 38 49 44 43 38 49 45 42 38 49 46 41 38 49 47 40 38 49 48 39 38 49 49 38 38 49 50 37 38 49 51 36 38 49 52 35 38 49 53 34 38 49 54 33 38 49 55 32 38 49 56 31 38 49 57 30 38 49 58 29 38 49 59 28 38 49 60 27 38 49 61 26 38 49 62 25 38 49 63 24 38 49 64 23 38 49 65 22 38 49 66 21 38 49 67 20 38 49 68 19 38 49 69 18 38 49 70 17 38 49 71 16 38 49 72 15 38 50 16 72 38 50 17 71 38 50 18 70 38 50 19 69 38 50 20 68 38 50 21 67 38 50 22 66 38 50 23 65 38 50 24 64 38 50 25 63 38 50 26 62 38 50 27 61 38 50 28 60 38 50 29 59 38 50 30 58 38 50 31 57 38 50 32 56 38 50 33 55 38 50 34 54 38 50 35 53 38 50 36 52 38 50 37 51 38 50 38 50 38 50 39 49 38 50 40 48 38 50 41 47 38 50 42 46 38 50 43 45 38 50 44 44 38 50 45 43 38 50 46 42 38 50 47 41 38 50 48 40 38 50 49 39 38 50 50 38 38 50 51 37 38 50 52 36 38 50 53 35 38 50 54 34 38 50 55 33 38 50 56 32 38 50 57 31 38 50 58 30 38 50 59 29 38 50 60 28 38 50 61 27 38 50 62 26 38 50 63 25 38 50 64 24 38 50 65 23 38 50 66 22 38 50 67 21 38 50 68 20 38 50 69 19 38 50 70 18 38 50 71 17 38 50 72 16 38 51 17 72 38 51 18 71 38 51 19 70 38 51 20 69 38 51 21 68 38 51 22 67 38 51 23 66 38 51 24 65 38 51 25 64 38 51 26 63 38 51 27 62 38 51 28 61 38 51 29 60 38 51 30 59 38 51 31 58 38 51 32 57 38 51 33 56 38 51 34 55 38 51 35 54 38 51 36 53 38 51 37 52 38 51 38 51 38 51 39 50 38 51 40 49 38 51 41 48 38 51 42 47 38 51 43 46 38 51 44 45 38 51 45 44 38 51 46 43 38 51 47 42 38 51 48 41 38 51 49 40 38 51 50 39 38 51 51 38 38 51 52 37 38 51 53 36 38 51 54 35 38 51 55 34 38 51 56 33 38 51 57 32 38 51 58 31 38 51 59 30 38 51 60 29 38 51 61 28 38 51 62 27 38 51 63 26 38 51 64 25 38 51 65 24 38 51 66 23 38 51 67 22 38 51 68 21 38 51 69 20 38 51 70 19 38 51 71 18 38 51 72 17 38 52 18 72 38 52 19 71 38 52 20 70 38 52 21 69 38 52 22 68 38 52 23 67 38 52 24 66 38 52 25 65 38 52 26 64 38 52 27 63 38 52 28 62 38 52 29 61 38 52 30 60 38 52 31 59 38 52 32 58 38 52 33 57 38 52 34 56 38 52 35 55 38 52 36 54 38 52 37 53 38 52 38 52 38 52 39 51 38 52 40 50 38 52 41 49 38 52 42 48 38 52 43 47 38 52 44 46 38 52 45 45 38 52 46 44 38 52 47 43 38 52 48 42 38 52 49 41 38 52 50 40 38 52 51 39 38 52 52 38 38 52 53 37 38 52 54 36 38 52 55 35 38 52 56 34 38 52 57 33 38 52 58 32 38 52 59 31 38 52 60 30 38 52 61 29 38 52 62 28 38 52 63 27 38 52 64 26 38 52 65 25 38 52 66 24 38 52 67 23 38 52 68 22 38 52 69 21 38 52 70 20 38 52 71 19 38 52 72 18 38 53 19 72 38 53 20 71 38 53 21 70 38 53 22 69 38 53 23 68 38 53 24 67 38 53 25 66 38 53 26 65 38 53 27 64 38 53 28 63 38 53 29 62 38 53 30 61 38 53 31 60 38 53 32 59 38 53 33 58 38 53 34 57 38 53 35 56 38 53 36 55 38 53 37 54 38 53 38 53 38 53 39 52 38 53 40 51 38 53 41 50 38 53 42 49 38 53 43 48 38 53 44 47 38 53 45 46 38 53 46 45 38 53 47 44 38 53 48 43 38 53 49 42 38 53 50 41 38 53 51 40 38 53 52 39 38 53 53 38 38 53 54 37 38 53 55 36 38 53 56 35 38 53 57 34 38 53 58 33 38 53 59 32 38 53 60 31 38 53 61 30 38 53 62 29 38 53 63 28 38 53 64 27 38 53 65 26 38 53 66 25 38 53 67 24 38 53 68 23 38 53 69 22 38 53 70 21 38 53 71 20 38 53 72 19 38 54 20 72 38 54 21 71 38 54 22 70 38 54 23 69 38 54 24 68 38 54 25 67 38 54 26 66 38 54 27 65 38 54 28 64 38 54 29 63 38 54 30 62 38 54 31 61 38 54 32 60 38 54 33 59 38 54 34 58 38 54 35 57 38 54 36 56 38 54 37 55 38 54 38 54 38 54 39 53 38 54 40 52 38 54 41 51 38 54 42 50 38 54 43 49 38 54 44 48 38 54 45 47 38 54 46 46 38 54 47 45 38 54 48 44 38 54 49 43 38 54 50 42 38 54 51 41 38 54 52 40 38 54 53 39 38 54 54 38 38 54 55 37 38 54 56 36 38 54 57 35 38 54 58 34 38 54 59 33 38 54 60 32 38 54 61 31 38 54 62 30 38 54 63 29 38 54 64 28 38 54 65 27 38 54 66 26 38 54 67 25 38 54 68 24 38 54 69 23 38 54 70 22 38 54 71 21 38 54 72 20 38 55 21 72 38 55 22 71 38 55 23 70 38 55 24 69 38 55 25 68 38 55 26 67 38 55 27 66 38 55 28 65 38 55 29 64 38 55 30 63 38 55 31 62 38 55 32 61 38 55 33 60 38 55 34 59 38 55 35 58 38 55 36 57 38 55 37 56 38 55 38 55 38 55 39 54 38 55 40 53 38 55 41 52 38 55 42 51 38 55 43 50 38 55 44 49 38 55 45 48 38 55 46 47 38 55 47 46 38 55 48 45 38 55 49 44 38 55 50 43 38 55 51 42 38 55 52 41 38 55 53 40 38 55 54 39 38 55 55 38 38 55 56 37 38 55 57 36 38 55 58 35 38 55 59 34 38 55 60 33 38 55 61 32 38 55 62 31 38 55 63 30 38 55 64 29 38 55 65 28 38 55 66 27 38 55 67 26 38 55 68 25 38 55 69 24 38 55 70 23 38 55 71 22 38 55 72 21 38 56 22 72 38 56 23 71 38 56 24 70 38 56 25 69 38 56 26 68 38 56 27 67 38 56 28 66 38 56 29 65 38 56 30 64 38 56 31 63 38 56 32 62 38 56 33 61 38 56 34 60 38 56 35 59 38 56 36 58 38 56 37 57 38 56 38 56 38 56 39 55 38 56 40 54 38 56 41 53 38 56 42 52 38 56 43 51 38 56 44 50 38 56 45 49 38 56 46 48 38 56 47 47 38 56 48 46 38 56 49 45 38 56 50 44 38 56 51 43 38 56 52 42 38 56 53 41 38 56 54 40 38 56 55 39 38 56 56 38 38 56 57 37 38 56 58 36 38 56 59 35 38 56 60 34 38 56 61 33 38 56 62 32 38 56 63 31 38 56 64 30 38 56 65 29 38 56 66 28 38 56 67 27 38 56 68 26 38 56 69 25 38 56 70 24 38 56 71 23 38 56 72 22 38 57 23 72 38 57 24 71 38 57 25 70 38 57 26 69 38 57 27 68 38 57 28 67 38 57 29 66 38 57 30 65 38 57 31 64 38 57 32 63 38 57 33 62 38 57 34 61 38 57 35 60 38 57 36 59 38 57 37 58 38 57 38 57 38 57 39 56 38 57 40 55 38 57 41 54 38 57 42 53 38 57 43 52 38 57 44 51 38 57 45 50 38 57 46 49 38 57 47 48 38 57 48 47 38 57 49 46 38 57 50 45 38 57 51 44 38 57 52 43 38 57 53 42 38 57 54 41 38 57 55 40 38 57 56 39 38 57 57 38 38 57 58 37 38 57 59 36 38 57 60 35 38 57 61 34 38 57 62 33 38 57 63 32 38 57 64 31 38 57 65 30 38 57 66 29 38 57 67 28 38 57 68 27 38 57 69 26 38 57 70 25 38 57 71 24 38 57 72 23 38 58 24 72 38 58 25 71 38 58 26 70 38 58 27 69 38 58 28 68 38 58 29 67 38 58 30 66 38 58 31 65 38 58 32 64 38 58 33 63 38 58 34 62 38 58 35 61 38 58 36 60 38 58 37 59 38 58 38 58 38 58 39 57 38 58 40 56 38 58 41 55 38 58 42 54 38 58 43 53 38 58 44 52 38 58 45 51 38 58 46 50 38 58 47 49 38 58 48 48 38 58 49 47 38 58 50 46 38 58 51 45 38 58 52 44 38 58 53 43 38 58 54 42 38 58 55 41 38 58 56 40 38 58 57 39 38 58 58 38 38 58 59 37 38 58 60 36 38 58 61 35 38 58 62 34 38 58 63 33 38 58 64 32 38 58 65 31 38 58 66 30 38 58 67 29 38 58 68 28 38 58 69 27 38 58 70 26 38 58 71 25 38 58 72 24 38 59 25 72 38 59 26 71 38 59 27 70 38 59 28 69 38 59 29 68 38 59 30 67 38 59 31 66 38 59 32 65 38 59 33 64 38 59 34 63 38 59 35 62 38 59 36 61 38 59 37 60 38 59 38 59 38 59 39 58 38 59 40 57 38 59 41 56 38 59 42 55 38 59 43 54 38 59 44 53 38 59 45 52 38 59 46 51 38 59 47 50 38 59 48 49 38 59 49 48 38 59 50 47 38 59 51 46 38 59 52 45 38 59 53 44 38 59 54 43 38 59 55 42 38 59 56 41 38 59 57 40 38 59 58 39 38 59 59 38 38 59 60 37 38 59 61 36 38 59 62 35 38 59 63 34 38 59 64 33 38 59 65 32 38 59 66 31 38 59 67 30 38 59 68 29 38 59 69 28 38 59 70 27 38 59 71 26 38 59 72 25 38 60 26 72 38 60 27 71 38 60 28 70 38 60 29 69 38 60 30 68 38 60 31 67 38 60 32 66 38 60 33 65 38 60 34 64 38 60 35 63 38 60 36 62 38 60 37 61 38 60 38 60 38 60 39 59 38 60 40 58 38 60 41 57 38 60 42 56 38 60 43 55 38 60 44 54 38 60 45 53 38 60 46 52 38 60 47 51 38 60 48 50 38 60 49 49 38 60 50 48 38 60 51 47 38 60 52 46 38 60 53 45 38 60 54 44 38 60 55 43 38 60 56 42 38 60 57 41 38 60 58 40 38 60 59 39 38 60 60 38 38 60 61 37 38 60 62 36 38 60 63 35 38 60 64 34 38 60 65 33 38 60 66 32 38 60 67 31 38 60 68 30 38 60 69 29 38 60 70 28 38 60 71 27 38 60 72 26 38 61 27 72 38 61 28 71 38 61 29 70 38 61 30 69 38 61 31 68 38 61 32 67 38 61 33 66 38 61 34 65 38 61 35 64 38 61 36 63 38 61 37 62 38 61 38 61 38 61 39 60 38 61 40 59 38 61 41 58 38 61 42 57 38 61 43 56 38 61 44 55 38 61 45 54 38 61 46 53 38 61 47 52 38 61 48 51 38 61 49 50 38 61 50 49 38 61 51 48 38 61 52 47 38 61 53 46 38 61 54 45 38 61 55 44 38 61 56 43 38 61 57 42 38 61 58 41 38 61 59 40 38 61 60 39 38 61 61 38 38 61 62 37 38 61 63 36 38 61 64 35 38 61 65 34 38 61 66 33 38 61 67 32 38 61 68 31 38 61 69 30 38 61 70 29 38 61 71 28 38 61 72 27 38 62 28 72 38 62 29 71 38 62 30 70 38 62 31 69 38 62 32 68 38 62 33 67 38 62 34 66 38 62 35 65 38 62 36 64 38 62 37 63 38 62 38 62 38 62 39 61 38 62 40 60 38 62 41 59 38 62 42 58 38 62 43 57 38 62 44 56 38 62 45 55 38 62 46 54 38 62 47 53 38 62 48 52 38 62 49 51 38 62 50 50 38 62 51 49 38 62 52 48 38 62 53 47 38 62 54 46 38 62 55 45 38 62 56 44 38 62 57 43 38 62 58 42 38 62 59 41 38 62 60 40 38 62 61 39 38 62 62 38 38 62 63 37 38 62 64 36 38 62 65 35 38 62 66 34 38 62 67 33 38 62 68 32 38 62 69 31 38 62 70 30 38 62 71 29 38 62 72 28 38 63 29 72 38 63 30 71 38 63 31 70 38 63 32 69 38 63 33 68 38 63 34 67 38 63 35 66 38 63 36 65 38 63 37 64 38 63 38 63 38 63 39 62 38 63 40 61 38 63 41 60 38 63 42 59 38 63 43 58 38 63 44 57 38 63 45 56 38 63 46 55 38 63 47 54 38 63 48 53 38 63 49 52 38 63 50 51 38 63 51 50 38 63 52 49 38 63 53 48 38 63 54 47 38 63 55 46 38 63 56 45 38 63 57 44 38 63 58 43 38 63 59 42 38 63 60 41 38 63 61 40 38 63 62 39 38 63 63 38 38 63 64 37 38 63 65 36 38 63 66 35 38 63 67 34 38 63 68 33 38 63 69 32 38 63 70 31 38 63 71 30 38 63 72 29 38 64 30 72 38 64 31 71 38 64 32 70 38 64 33 69 38 64 34 68 38 64 35 67 38 64 36 66 38 64 37 65 38 64 38 64 38 64 39 63 38 64 40 62 38 64 41 61 38 64 42 60 38 64 43 59 38 64 44 58 38 64 45 57 38 64 46 56 38 64 47 55 38 64 48 54 38 64 49 53 38 64 50 52 38 64 51 51 38 64 52 50 38 64 53 49 38 64 54 48 38 64 55 47 38 64 56 46 38 64 57 45 38 64 58 44 38 64 59 43 38 64 60 42 38 64 61 41 38 64 62 40 38 64 63 39 38 64 64 38 38 64 65 37 38 64 66 36 38 64 67 35 38 64 68 34 38 64 69 33 38 64 70 32 38 64 71 31 38 64 72 30 38 65 31 72 38 65 32 71 38 65 33 70 38 65 34 69 38 65 35 68 38 65 36 67 38 65 37 66 38 65 38 65 38 65 39 64 38 65 40 63 38 65 41 62 38 65 42 61 38 65 43 60 38 65 44 59 38 65 45 58 38 65 46 57 38 65 47 56 38 65 48 55 38 65 49 54 38 65 50 53 38 65 51 52 38 65 52 51 38 65 53 50 38 65 54 49 38 65 55 48 38 65 56 47 38 65 57 46 38 65 58 45 38 65 59 44 38 65 60 43 38 65 61 42 38 65 62 41 38 65 63 40 38 65 64 39 38 65 65 38 38 65 66 37 38 65 67 36 38 65 68 35 38 65 69 34 38 65 70 33 38 65 71 32 38 65 72 31 38 66 32 72 38 66 33 71 38 66 34 70 38 66 35 69 38 66 36 68 38 66 37 67 38 66 38 66 38 66 39 65 38 66 40 64 38 66 41 63 38 66 42 62 38 66 43 61 38 66 44 60 38 66 45 59 38 66 46 58 38 66 47 57 38 66 48 56 38 66 49 55 38 66 50 54 38 66 51 53 38 66 52 52 38 66 53 51 38 66 54 50 38 66 55 49 38 66 56 48 38 66 57 47 38 66 58 46 38 66 59 45 38 66 60 44 38 66 61 43 38 66 62 42 38 66 63 41 38 66 64 40 38 66 65 39 38 66 66 38 38 66 67 37 38 66 68 36 38 66 69 35 38 66 70 34 38 66 71 33 38 66 72 32 38 67 33 72 38 67 34 71 38 67 35 70 38 67 36 69 38 67 37 68 38 67 38 67 38 67 39 66 38 67 40 65 38 67 41 64 38 67 42 63 38 67 43 62 38 67 44 61 38 67 45 60 38 67 46 59 38 67 47 58 38 67 48 57 38 67 49 56 38 67 50 55 38 67 51 54 38 67 52 53 38 67 53 52 38 67 54 51 38 67 55 50 38 67 56 49 38 67 57 48 38 67 58 47 38 67 59 46 38 67 60 45 38 67 61 44 38 67 62 43 38 67 63 42 38 67 64 41 38 67 65 40 38 67 66 39 38 67 67 38 38 67 68 37 38 67 69 36 38 67 70 35 38 67 71 34 38 67 72 33 38 68 34 72 38 68 35 71 38 68 36 70 38 68 37 69 38 68 38 68 38 68 39 67 38 68 40 66 38 68 41 65 38 68 42 64 38 68 43 63 38 68 44 62 38 68 45 61 38 68 46 60 38 68 47 59 38 68 48 58 38 68 49 57 38 68 50 56 38 68 51 55 38 68 52 54 38 68 53 53 38 68 54 52 38 68 55 51 38 68 56 50 38 68 57 49 38 68 58 48 38 68 59 47 38 68 60 46 38 68 61 45 38 68 62 44 38 68 63 43 38 68 64 42 38 68 65 41 38 68 66 40 38 68 67 39 38 68 68 38 38 68 69 37 38 68 70 36 38 68 71 35 38 68 72 34 38 69 35 72 38 69 36 71 38 69 37 70 38 69 38 69 38 69 39 68 38 69 40 67 38 69 41 66 38 69 42 65 38 69 43 64 38 69 44 63 38 69 45 62 38 69 46 61 38 69 47 60 38 69 48 59 38 69 49 58 38 69 50 57 38 69 51 56 38 69 52 55 38 69 53 54 38 69 54 53 38 69 55 52 38 69 56 51 38 69 57 50 38 69 58 49 38 69 59 48 38 69 60 47 38 69 61 46 38 69 62 45 38 69 63 44 38 69 64 43 38 69 65 42 38 69 66 41 38 69 67 40 38 69 68 39 38 69 69 38 38 69 70 37 38 69 71 36 38 69 72 35 38 70 36 72 38 70 37 71 38 70 38 70 38 70 39 69 38 70 40 68 38 70 41 67 38 70 42 66 38 70 43 65 38 70 44 64 38 70 45 63 38 70 46 62 38 70 47 61 38 70 48 60 38 70 49 59 38 70 50 58 38 70 51 57 38 70 52 56 38 70 53 55 38 70 54 54 38 70 55 53 38 70 56 52 38 70 57 51 38 70 58 50 38 70 59 49 38 70 60 48 38 70 61 47 38 70 62 46 38 70 63 45 38 70 64 44 38 70 65 43 38 70 66 42 38 70 67 41 38 70 68 40 38 70 69 39 38 70 70 38 38 70 71 37 38 70 72 36 38 71 37 72 38 71 38 71 38 71 39 70 38 71 40 69 38 71 41 68 38 71 42 67 38 71 43 66 38 71 44 65 38 71 45 64 38 71 46 63 38 71 47 62 38 71 48 61 38 71 49 60 38 71 50 59 38 71 51 58 38 71 52 57 38 71 53 56 38 71 54 55 38 71 55 54 38 71 56 53 38 71 57 52 38 71 58 51 38 71 59 50 38 71 60 49 38 71 61 48 38 71 62 47 38 71 63 46 38 71 64 45 38 71 65 44 38 71 66 43 38 71 67 42 38 71 68 41 38 71 69 40 38 71 70 39 38 71 71 38 38 71 72 37 38 72 38 72 38 72 39 71 38 72 40 70 38 72 41 69 38 72 42 68 38 72 43 67 38 72 44 66 38 72 45 65 38 72 46 64 38 72 47 63 38 72 48 62 38 72 49 61 38 72 50 60 38 72 51 59 38 72 52 58 38 72 53 57 38 72 54 56 38 72 55 55 38 72 56 54 38 72 57 53 38 72 58 52 38 72 59 51 38 72 60 50 38 72 61 49 38 72 62 48 38 72 63 47 38 72 64 46 38 72 65 45 38 72 66 44 38 72 67 43 38 72 68 42 38 72 69 41 38 72 70 40 38 72 71 39 38 72 72 38 


































