










































43 0 0 43 43 0 1 41 43 0 2 39 43 0 3 37 43 0 4 36 43 0 5 34 43 0 6 32 43 0 7 31 43 0 8 30 43 0 9 29 43 0 10 28 43 0 11 27 43 0 12 26 43 0 13 25 43 0 14 24 43 0 15 23 43 0 16 22 43 0 17 21 43 0 18 20 43 0 19 19 43 0 20 18 43 0 21 17 43 0 22 16 43 0 23 15 43 0 24 14 43 0 25 13 43 0 26 12 43 0 27 11 43 0 28 10 43 0 29 9 43 0 30 8 43 0 31 7 43 0 32 6 43 0 34 5 43 0 36 4 43 0 37 3 43 0 39 2 43 0 41 1 43 0 43 0 43 1 0 45 43 1 1 43 43 1 2 41 43 1 3 39 43 1 4 38 43 1 5 36 43 1 6 34 43 1 7 33 43 1 8 32 43 1 9 31 43 1 10 30 43 1 11 29 43 1 12 28 43 1 13 27 43 1 14 26 43 1 15 25 43 1 16 24 43 1 17 23 43 1 18 22 43 1 19 21 43 1 20 20 43 1 21 19 43 1 22 18 43 1 23 17 43 1 24 16 43 1 25 15 43 1 26 14 43 1 27 13 43 1 28 12 43 1 29 11 43 1 30 10 43 1 31 9 43 1 32 8 43 1 33 7 43 1 34 6 43 1 36 5 43 1 38 4 43 1 39 3 43 1 41 2 43 1 43 1 43 1 45 0 43 2 0 47 43 2 1 45 43 2 2 43 43 2 3 41 43 2 4 40 43 2 5 38 43 2 6 36 43 2 7 35 43 2 8 34 43 2 9 33 43 2 10 32 43 2 11 31 43 2 12 30 43 2 13 29 43 2 14 28 43 2 15 27 43 2 16 26 43 2 17 25 43 2 18 24 43 2 19 23 43 2 20 22 43 2 21 21 43 2 22 20 43 2 23 19 43 2 24 18 43 2 25 17 43 2 26 16 43 2 27 15 43 2 28 14 43 2 29 13 43 2 30 12 43 2 31 11 43 2 32 10 43 2 33 9 43 2 34 8 43 2 35 7 43 2 36 6 43 2 38 5 43 2 40 4 43 2 41 3 43 2 43 2 43 2 45 1 43 2 47 0 43 3 0 49 43 3 1 47 43 3 2 45 43 3 3 43 43 3 4 42 43 3 5 40 43 3 6 38 43 3 7 37 43 3 8 36 43 3 9 35 43 3 10 34 43 3 11 33 43 3 12 32 43 3 13 31 43 3 14 30 43 3 15 29 43 3 16 28 43 3 17 27 43 3 18 26 43 3 19 25 43 3 20 24 43 3 21 23 43 3 22 22 43 3 23 21 43 3 24 20 43 3 25 19 43 3 26 18 43 3 27 17 43 3 28 16 43 3 29 15 43 3 30 14 43 3 31 13 43 3 32 12 43 3 33 11 43 3 34 10 43 3 35 9 43 3 36 8 43 3 37 7 43 3 38 6 43 3 40 5 43 3 42 4 43 3 43 3 43 3 45 2 43 3 47 1 43 3 49 0 43 4 0 50 43 4 1 48 43 4 2 46 43 4 3 44 43 4 4 43 43 4 5 41 43 4 6 39 43 4 7 38 43 4 8 37 43 4 9 36 43 4 10 35 43 4 11 34 43 4 12 33 43 4 13 32 43 4 14 31 43 4 15 30 43 4 16 29 43 4 17 28 43 4 18 27 43 4 19 26 43 4 20 25 43 4 21 24 43 4 22 23 43 4 23 22 43 4 24 21 43 4 25 20 43 4 26 19 43 4 27 18 43 4 28 17 43 4 29 16 43 4 30 15 43 4 31 14 43 4 32 13 43 4 33 12 43 4 34 11 43 4 35 10 43 4 36 9 43 4 37 8 43 4 38 7 43 4 39 6 43 4 41 5 43 4 43 4 43 4 44 3 43 4 46 2 43 4 48 1 43 4 50 0 43 5 0 52 43 5 1 50 43 5 2 48 43 5 3 46 43 5 4 45 43 5 5 43 43 5 6 41 43 5 7 40 43 5 8 39 43 5 9 38 43 5 10 37 43 5 11 36 43 5 12 35 43 5 13 34 43 5 14 33 43 5 15 32 43 5 16 31 43 5 17 30 43 5 18 29 43 5 19 28 43 5 20 27 43 5 21 26 43 5 22 25 43 5 23 24 43 5 24 23 43 5 25 22 43 5 26 21 43 5 27 20 43 5 28 19 43 5 29 18 43 5 30 17 43 5 31 16 43 5 32 15 43 5 33 14 43 5 34 13 43 5 35 12 43 5 36 11 43 5 37 10 43 5 38 9 43 5 39 8 43 5 40 7 43 5 41 6 43 5 43 5 43 5 45 4 43 5 46 3 43 5 48 2 43 5 50 1 43 5 52 0 43 6 0 54 43 6 1 52 43 6 2 50 43 6 3 48 43 6 4 47 43 6 5 45 43 6 6 43 43 6 7 42 43 6 8 41 43 6 9 40 43 6 10 39 43 6 11 38 43 6 12 37 43 6 13 36 43 6 14 35 43 6 15 34 43 6 16 33 43 6 17 32 43 6 18 31 43 6 19 30 43 6 20 29 43 6 21 28 43 6 22 27 43 6 23 26 43 6 24 25 43 6 25 24 43 6 26 23 43 6 27 22 43 6 28 21 43 6 29 20 43 6 30 19 43 6 31 18 43 6 32 17 43 6 33 16 43 6 34 15 43 6 35 14 43 6 36 13 43 6 37 12 43 6 38 11 43 6 39 10 43 6 40 9 43 6 41 8 43 6 42 7 43 6 43 6 43 6 45 5 43 6 47 4 43 6 48 3 43 6 50 2 43 6 52 1 43 6 54 0 43 7 0 55 43 7 1 53 43 7 2 51 43 7 3 49 43 7 4 48 43 7 5 46 43 7 6 44 43 7 7 43 43 7 8 42 43 7 9 41 43 7 10 40 43 7 11 39 43 7 12 38 43 7 13 37 43 7 14 36 43 7 15 35 43 7 16 34 43 7 17 33 43 7 18 32 43 7 19 31 43 7 20 30 43 7 21 29 43 7 22 28 43 7 23 27 43 7 24 26 43 7 25 25 43 7 26 24 43 7 27 23 43 7 28 22 43 7 29 21 43 7 30 20 43 7 31 19 43 7 32 18 43 7 33 17 43 7 34 16 43 7 35 15 43 7 36 14 43 7 37 13 43 7 38 12 43 7 39 11 43 7 40 10 43 7 41 9 43 7 42 8 43 7 43 7 43 7 44 6 43 7 46 5 43 7 48 4 43 7 49 3 43 7 51 2 43 7 53 1 43 7 55 0 43 8 0 56 43 8 1 54 43 8 2 52 43 8 3 50 43 8 4 49 43 8 5 47 43 8 6 45 43 8 7 44 43 8 8 43 43 8 9 42 43 8 10 41 43 8 12 39 43 8 13 38 43 8 14 37 43 8 15 36 43 8 16 35 43 8 17 34 43 8 18 33 43 8 19 32 43 8 20 31 43 8 21 30 43 8 22 29 43 8 23 28 43 8 24 27 43 8 25 26 43 8 26 25 43 8 27 24 43 8 28 23 43 8 29 22 43 8 30 21 43 8 31 20 43 8 32 19 43 8 33 18 43 8 34 17 43 8 35 16 43 8 36 15 43 8 37 14 43 8 38 13 43 8 39 12 43 8 41 10 43 8 42 9 43 8 43 8 43 8 44 7 43 8 45 6 43 8 47 5 43 8 49 4 43 8 50 3 43 8 52 2 43 8 54 1 43 8 56 0 43 9 0 57 43 9 1 55 43 9 2 53 43 9 3 51 43 9 4 50 43 9 5 48 43 9 6 46 43 9 7 45 43 9 8 44 43 9 9 43 43 9 10 42 43 9 11 41 43 9 12 40 43 9 13 39 43 9 14 38 43 9 15 37 43 9 16 36 43 9 17 35 43 9 18 34 43 9 19 33 43 9 20 32 43 9 21 31 43 9 22 30 43 9 23 29 43 9 24 28 43 9 25 27 43 9 26 26 43 9 27 25 43 9 28 24 43 9 29 23 43 9 30 22 43 9 31 21 43 9 32 20 43 9 33 19 43 9 34 18 43 9 35 17 43 9 36 16 43 9 37 15 43 9 38 14 43 9 39 13 43 9 40 12 43 9 41 11 43 9 42 10 43 9 43 9 43 9 44 8 43 9 45 7 43 9 46 6 43 9 48 5 43 9 50 4 43 9 51 3 43 9 53 2 43 9 55 1 43 9 57 0 43 10 0 58 43 10 1 56 43 10 2 54 43 10 3 52 43 10 4 51 43 10 5 49 43 10 6 47 43 10 7 46 43 10 8 45 43 10 9 44 43 10 10 43 43 10 11 42 43 10 12 41 43 10 13 40 43 10 14 39 43 10 15 38 43 10 16 37 43 10 17 36 43 10 18 35 43 10 19 34 43 10 20 33 43 10 21 32 43 10 22 31 43 10 23 30 43 10 24 29 43 10 25 28 43 10 26 27 43 10 27 26 43 10 28 25 43 10 29 24 43 10 30 23 43 10 31 22 43 10 32 21 43 10 33 20 43 10 34 19 43 10 35 18 43 10 36 17 43 10 37 16 43 10 38 15 43 10 39 14 43 10 40 13 43 10 41 12 43 10 42 11 43 10 43 10 43 10 44 9 43 10 45 8 43 10 46 7 43 10 47 6 43 10 49 5 43 10 51 4 43 10 52 3 43 10 54 2 43 10 56 1 43 10 58 0 43 11 0 59 43 11 1 57 43 11 2 55 43 11 3 53 43 11 4 52 43 11 5 50 43 11 6 48 43 11 7 47 43 11 8 46 43 11 9 45 43 11 10 44 43 11 11 43 43 11 12 42 43 11 13 41 43 11 14 40 43 11 15 39 43 11 16 38 43 11 17 37 43 11 18 36 43 11 19 35 43 11 20 34 43 11 21 33 43 11 22 32 43 11 23 31 43 11 24 30 43 11 25 29 43 11 26 28 43 11 27 27 43 11 28 26 43 11 29 25 43 11 30 24 43 11 31 23 43 11 32 22 43 11 33 21 43 11 34 20 43 11 35 19 43 11 36 18 43 11 37 17 43 11 38 16 43 11 39 15 43 11 40 14 43 11 41 13 43 11 42 12 43 11 43 11 43 11 44 10 43 11 45 9 43 11 46 8 43 11 47 7 43 11 48 6 43 11 50 5 43 11 52 4 43 11 53 3 43 11 55 2 43 11 57 1 43 11 59 0 43 12 0 60 43 12 1 58 43 12 2 56 43 12 3 54 43 12 4 53 43 12 5 51 43 12 6 49 43 12 7 48 43 12 8 47 43 12 9 46 43 12 10 45 43 12 11 44 43 12 12 43 43 12 13 42 43 12 14 41 43 12 15 40 43 12 16 39 43 12 17 38 43 12 18 37 43 12 19 36 43 12 20 35 43 12 21 34 43 12 22 33 43 12 24 31 43 12 25 30 43 12 26 29 43 12 27 28 43 12 28 27 43 12 29 26 43 12 30 25 43 12 31 24 43 12 33 22 43 12 34 21 43 12 35 20 43 12 36 19 43 12 37 18 43 12 38 17 43 12 39 16 43 12 40 15 43 12 41 14 43 12 42 13 43 12 43 12 43 12 44 11 43 12 45 10 43 12 46 9 43 12 47 8 43 12 48 7 43 12 49 6 43 12 51 5 43 12 53 4 43 12 54 3 43 12 56 2 43 12 58 1 43 12 60 0 43 13 0 61 43 13 1 59 43 13 2 57 43 13 3 55 43 13 4 54 43 13 5 52 43 13 6 50 43 13 7 49 43 13 8 48 43 13 9 47 43 13 10 46 43 13 11 45 43 13 12 44 43 13 13 43 43 13 14 42 43 13 15 41 43 13 16 40 43 13 17 39 43 13 18 38 43 13 19 37 43 13 20 36 43 13 21 35 43 13 22 34 43 13 23 33 43 13 24 32 43 13 25 31 43 13 26 30 43 13 27 29 43 13 28 28 43 13 29 27 43 13 30 26 43 13 31 25 43 13 32 24 43 13 33 23 43 13 34 22 43 13 35 21 43 13 36 20 43 13 37 19 43 13 38 18 43 13 39 17 43 13 40 16 43 13 41 15 43 13 42 14 43 13 43 13 43 13 44 12 43 13 45 11 43 13 46 10 43 13 47 9 43 13 48 8 43 13 49 7 43 13 50 6 43 13 52 5 43 13 54 4 43 13 55 3 43 13 57 2 43 13 59 1 43 13 61 0 43 14 1 60 43 14 2 58 43 14 3 56 43 14 4 55 43 14 5 53 43 14 6 51 43 14 7 50 43 14 8 49 43 14 9 48 43 14 10 47 43 14 11 46 43 14 12 45 43 14 13 44 43 14 14 43 43 14 15 42 43 14 16 41 43 14 17 40 43 14 18 39 43 14 19 38 43 14 20 37 43 14 21 36 43 14 22 35 43 14 23 34 43 14 24 33 43 14 25 32 43 14 26 31 43 14 27 30 43 14 28 29 43 14 29 28 43 14 30 27 43 14 31 26 43 14 32 25 43 14 33 24 43 14 34 23 43 14 35 22 43 14 36 21 43 14 37 20 43 14 38 19 43 14 39 18 43 14 40 17 43 14 41 16 43 14 42 15 43 14 43 14 43 14 44 13 43 14 45 12 43 14 46 11 43 14 47 10 43 14 48 9 43 14 49 8 43 14 50 7 43 14 51 6 43 14 53 5 43 14 55 4 43 14 56 3 43 14 58 2 43 14 60 1 43 15 1 61 43 15 2 59 43 15 3 57 43 15 4 56 43 15 5 54 43 15 6 52 43 15 7 51 43 15 8 50 43 15 9 49 43 15 10 48 43 15 11 47 43 15 12 46 43 15 13 45 43 15 14 44 43 15 15 43 43 15 16 42 43 15 17 41 43 15 18 40 43 15 19 39 43 15 20 38 43 15 21 37 43 15 22 36 43 15 23 35 43 15 24 34 43 15 25 33 43 15 26 32 43 15 27 31 43 15 28 30 43 15 29 29 43 15 30 28 43 15 31 27 43 15 32 26 43 15 33 25 43 15 34 24 43 15 35 23 43 15 36 22 43 15 37 21 43 15 38 20 43 15 39 19 43 15 40 18 43 15 41 17 43 15 42 16 43 15 43 15 43 15 44 14 43 15 45 13 43 15 46 12 43 15 47 11 43 15 48 10 43 15 49 9 43 15 50 8 43 15 51 7 43 15 52 6 43 15 54 5 43 15 56 4 43 15 57 3 43 15 59 2 43 15 61 1 43 16 1 62 43 16 2 60 43 16 3 58 43 16 4 57 43 16 5 55 43 16 6 53 43 16 7 52 43 16 8 51 43 16 9 50 43 16 10 49 43 16 11 48 43 16 12 47 43 16 13 46 43 16 14 45 43 16 15 44 43 16 16 43 43 16 17 42 43 16 18 41 43 16 19 40 43 16 20 39 43 16 21 38 43 16 22 37 43 16 23 36 43 16 24 35 43 16 25 34 43 16 26 33 43 16 27 32 43 16 28 31 43 16 29 30 43 16 30 29 43 16 31 28 43 16 32 27 43 16 33 26 43 16 34 25 43 16 35 24 43 16 36 23 43 16 37 22 43 16 38 21 43 16 39 20 43 16 40 19 43 16 41 18 43 16 42 17 43 16 43 16 43 16 44 15 43 16 45 14 43 16 46 13 43 16 47 12 43 16 48 11 43 16 49 10 43 16 50 9 43 16 51 8 43 16 52 7 43 16 53 6 43 16 55 5 43 16 57 4 43 16 58 3 43 16 60 2 43 16 62 1 43 17 1 63 43 17 2 61 43 17 3 59 43 17 4 58 43 17 5 56 43 17 6 54 43 17 7 53 43 17 8 52 43 17 9 51 43 17 10 50 43 17 11 49 43 17 12 48 43 17 13 47 43 17 14 46 43 17 15 45 43 17 16 44 43 17 17 43 43 17 18 42 43 17 19 41 43 17 20 40 43 17 21 39 43 17 22 38 43 17 23 37 43 17 24 36 43 17 25 35 43 17 26 34 43 17 27 33 43 17 28 32 43 17 29 31 43 17 30 30 43 17 31 29 43 17 32 28 43 17 33 27 43 17 34 26 43 17 35 25 43 17 36 24 43 17 37 23 43 17 38 22 43 17 39 21 43 17 40 20 43 17 41 19 43 17 42 18 43 17 43 17 43 17 44 16 43 17 45 15 43 17 46 14 43 17 47 13 43 17 48 12 43 17 49 11 43 17 50 10 43 17 51 9 43 17 52 8 43 17 53 7 43 17 54 6 43 17 56 5 43 17 58 4 43 17 59 3 43 17 61 2 43 17 63 1 43 18 1 64 43 18 2 62 43 18 3 60 43 18 4 59 43 18 5 57 43 18 6 55 43 18 7 54 43 18 8 53 43 18 9 52 43 18 10 51 43 18 11 50 43 18 12 49 43 18 13 48 43 18 14 47 43 18 15 46 43 18 16 45 43 18 17 44 43 18 18 43 43 18 19 42 43 18 20 41 43 18 21 40 43 18 22 39 43 18 23 38 43 18 24 37 43 18 25 36 43 18 26 35 43 18 27 34 43 18 28 33 43 18 29 32 43 18 30 31 43 18 31 30 43 18 32 29 43 18 33 28 43 18 34 27 43 18 35 26 43 18 36 25 43 18 37 24 43 18 38 23 43 18 39 22 43 18 40 21 43 18 41 20 43 18 42 19 43 18 43 18 43 18 44 17 43 18 45 16 43 18 46 15 43 18 47 14 43 18 48 13 43 18 49 12 43 18 50 11 43 18 51 10 43 18 52 9 43 18 53 8 43 18 54 7 43 18 55 6 43 18 57 5 43 18 59 4 43 18 60 3 43 18 62 2 43 18 64 1 43 19 1 65 43 19 2 63 43 19 3 61 43 19 4 60 43 19 5 58 43 19 6 56 43 19 7 55 43 19 8 54 43 19 9 53 43 19 10 52 43 19 11 51 43 19 12 50 43 19 13 49 43 19 14 48 43 19 15 47 43 19 16 46 43 19 17 45 43 19 18 44 43 19 19 43 43 19 20 42 43 19 21 41 43 19 22 40 43 19 23 39 43 19 24 38 43 19 25 37 43 19 26 36 43 19 27 35 43 19 28 34 43 19 29 33 43 19 30 32 43 19 31 31 43 19 32 30 43 19 33 29 43 19 34 28 43 19 35 27 43 19 36 26 43 19 37 25 43 19 38 24 43 19 39 23 43 19 40 22 43 19 41 21 43 19 42 20 43 19 43 19 43 19 44 18 43 19 45 17 43 19 46 16 43 19 47 15 43 19 48 14 43 19 49 13 43 19 50 12 43 19 51 11 43 19 52 10 43 19 53 9 43 19 54 8 43 19 55 7 43 19 56 6 43 19 58 5 43 19 60 4 43 19 61 3 43 19 63 2 43 19 65 1 43 20 1 66 43 20 2 64 43 20 3 62 43 20 4 61 43 20 5 59 43 20 6 57 43 20 7 56 43 20 8 55 43 20 9 54 43 20 10 53 43 20 11 52 43 20 12 51 43 20 13 50 43 20 14 49 43 20 15 48 43 20 16 47 43 20 17 46 43 20 18 45 43 20 19 44 43 20 20 43 43 20 21 42 43 20 22 41 43 20 23 40 43 20 24 39 43 20 25 38 43 20 26 37 43 20 27 36 43 20 28 35 43 20 29 34 43 20 30 33 43 20 31 32 43 20 32 31 43 20 33 30 43 20 34 29 43 20 35 28 43 20 36 27 43 20 37 26 43 20 38 25 43 20 39 24 43 20 40 23 43 20 41 22 43 20 42 21 43 20 43 20 43 20 44 19 43 20 45 18 43 20 46 17 43 20 47 16 43 20 48 15 43 20 49 14 43 20 50 13 43 20 51 12 43 20 52 11 43 20 53 10 43 20 54 9 43 20 55 8 43 20 56 7 43 20 57 6 43 20 59 5 43 20 61 4 43 20 62 3 43 20 64 2 43 20 66 1 43 21 1 67 43 21 2 65 43 21 3 63 43 21 4 62 43 21 5 60 43 21 6 58 43 21 7 57 43 21 8 56 43 21 9 55 43 21 10 54 43 21 11 53 43 21 12 52 43 21 13 51 43 21 14 50 43 21 15 49 43 21 16 48 43 21 17 47 43 21 18 46 43 21 19 45 43 21 20 44 43 21 21 43 43 21 22 42 43 21 23 41 43 21 24 40 43 21 25 39 43 21 26 38 43 21 27 37 43 21 28 36 43 21 29 35 43 21 30 34 43 21 31 33 43 21 32 32 43 21 33 31 43 21 34 30 43 21 35 29 43 21 36 28 43 21 37 27 43 21 38 26 43 21 39 25 43 21 40 24 43 21 41 23 43 21 42 22 43 21 43 21 43 21 44 20 43 21 45 19 43 21 46 18 43 21 47 17 43 21 48 16 43 21 49 15 43 21 50 14 43 21 51 13 43 21 52 12 43 21 53 11 43 21 54 10 43 21 55 9 43 21 56 8 43 21 57 7 43 21 58 6 43 21 60 5 43 21 62 4 43 21 63 3 43 21 65 2 43 21 67 1 43 22 1 68 43 22 2 66 43 22 3 64 43 22 4 63 43 22 5 61 43 22 6 59 43 22 7 58 43 22 8 57 43 22 9 56 43 22 10 55 43 22 11 54 43 22 12 53 43 22 13 52 43 22 14 51 43 22 15 50 43 22 16 49 43 22 17 48 43 22 18 47 43 22 19 46 43 22 20 45 43 22 21 44 43 22 22 43 43 22 23 42 43 22 24 41 43 22 25 40 43 22 26 39 43 22 27 38 43 22 28 37 43 22 29 36 43 22 30 35 43 22 31 34 43 22 32 33 43 22 33 32 43 22 34 31 43 22 35 30 43 22 36 29 43 22 37 28 43 22 38 27 43 22 39 26 43 22 40 25 43 22 41 24 43 22 42 23 43 22 43 22 43 22 44 21 43 22 45 20 43 22 46 19 43 22 47 18 43 22 48 17 43 22 49 16 43 22 50 15 43 22 51 14 43 22 52 13 43 22 53 12 43 22 54 11 43 22 55 10 43 22 56 9 43 22 57 8 43 22 58 7 43 22 59 6 43 22 61 5 43 22 63 4 43 22 64 3 43 22 66 2 43 22 68 1 43 23 1 69 43 23 2 67 43 23 3 65 43 23 4 64 43 23 5 62 43 23 6 60 43 23 7 59 43 23 8 58 43 23 9 57 43 23 10 56 43 23 11 55 43 23 12 54 43 23 13 53 43 23 14 52 43 23 15 51 43 23 16 50 43 23 17 49 43 23 18 48 43 23 19 47 43 23 20 46 43 23 21 45 43 23 22 44 43 23 23 43 43 23 24 42 43 23 25 41 43 23 26 40 43 23 27 39 43 23 28 38 43 23 29 37 43 23 30 36 43 23 31 35 43 23 32 34 43 23 33 33 43 23 34 32 43 23 35 31 43 23 36 30 43 23 37 29 43 23 38 28 43 23 39 27 43 23 40 26 43 23 41 25 43 23 42 24 43 23 43 23 43 23 44 22 43 23 45 21 43 23 46 20 43 23 47 19 43 23 48 18 43 23 49 17 43 23 50 16 43 23 51 15 43 23 52 14 43 23 53 13 43 23 54 12 43 23 55 11 43 23 56 10 43 23 57 9 43 23 58 8 43 23 59 7 43 23 60 6 43 23 62 5 43 23 64 4 43 23 65 3 43 23 67 2 43 23 69 1 43 24 1 70 43 24 2 68 43 24 3 66 43 24 4 65 43 24 5 63 43 24 6 61 43 24 7 60 43 24 8 59 43 24 9 58 43 24 10 57 43 24 11 56 43 24 12 55 43 24 13 54 43 24 14 53 43 24 15 52 43 24 16 51 43 24 17 50 43 24 18 49 43 24 19 48 43 24 20 47 43 24 21 46 43 24 22 45 43 24 23 44 43 24 24 43 43 24 25 42 43 24 26 41 43 24 27 40 43 24 28 39 43 24 29 38 43 24 30 37 43 24 31 36 43 24 32 35 43 24 33 34 43 24 34 33 43 24 35 32 43 24 36 31 43 24 37 30 43 24 38 29 43 24 39 28 43 24 40 27 43 24 41 26 43 24 42 25 43 24 43 24 43 24 44 23 43 24 45 22 43 24 46 21 43 24 47 20 43 24 48 19 43 24 49 18 43 24 50 17 43 24 51 16 43 24 52 15 43 24 53 14 43 24 54 13 43 24 55 12 43 24 56 11 43 24 57 10 43 24 58 9 43 24 59 8 43 24 60 7 43 24 61 6 43 24 63 5 43 24 65 4 43 24 66 3 43 24 68 2 43 24 70 1 43 25 1 71 43 25 2 69 43 25 3 67 43 25 4 66 43 25 5 64 43 25 6 62 43 25 7 61 43 25 8 60 43 25 9 59 43 25 10 58 43 25 11 57 43 25 12 56 43 25 13 55 43 25 14 54 43 25 15 53 43 25 16 52 43 25 17 51 43 25 18 50 43 25 19 49 43 25 20 48 43 25 21 47 43 25 22 46 43 25 23 45 43 25 24 44 43 25 25 43 43 25 26 42 43 25 27 41 43 25 28 40 43 25 29 39 43 25 30 38 43 25 31 37 43 25 32 36 43 25 33 35 43 25 34 34 43 25 35 33 43 25 36 32 43 25 37 31 43 25 38 30 43 25 39 29 43 25 40 28 43 25 41 27 43 25 42 26 43 25 43 25 43 25 44 24 43 25 45 23 43 25 46 22 43 25 47 21 43 25 48 20 43 25 49 19 43 25 50 18 43 25 51 17 43 25 52 16 43 25 53 15 43 25 54 14 43 25 55 13 43 25 56 12 43 25 57 11 43 25 58 10 43 25 59 9 43 25 60 8 43 25 61 7 43 25 62 6 43 25 64 5 43 25 66 4 43 25 67 3 43 25 69 2 43 25 71 1 43 26 1 72 43 26 2 70 43 26 3 68 43 26 4 67 43 26 5 65 43 26 6 63 43 26 7 62 43 26 8 61 43 26 9 60 43 26 10 59 43 26 11 58 43 26 12 57 43 26 13 56 43 26 14 55 43 26 15 54 43 26 16 53 43 26 17 52 43 26 18 51 43 26 19 50 43 26 20 49 43 26 21 48 43 26 22 47 43 26 23 46 43 26 24 45 43 26 25 44 43 26 26 43 43 26 27 42 43 26 28 41 43 26 29 40 43 26 30 39 43 26 31 38 43 26 32 37 43 26 33 36 43 26 34 35 43 26 35 34 43 26 36 33 43 26 37 32 43 26 38 31 43 26 39 30 43 26 40 29 43 26 41 28 43 26 42 27 43 26 43 26 43 26 44 25 43 26 45 24 43 26 46 23 43 26 47 22 43 26 48 21 43 26 49 20 43 26 50 19 43 26 51 18 43 26 52 17 43 26 53 16 43 26 54 15 43 26 55 14 43 26 56 13 43 26 57 12 43 26 58 11 43 26 59 10 43 26 60 9 43 26 61 8 43 26 62 7 43 26 63 6 43 26 65 5 43 26 67 4 43 26 68 3 43 26 70 2 43 26 72 1 43 27 2 71 43 27 3 69 43 27 4 68 43 27 5 66 43 27 6 64 43 27 7 63 43 27 8 62 43 27 9 61 43 27 10 60 43 27 11 59 43 27 12 58 43 27 13 57 43 27 14 56 43 27 15 55 43 27 16 54 43 27 17 53 43 27 18 52 43 27 19 51 43 27 20 50 43 27 21 49 43 27 22 48 43 27 23 47 43 27 24 46 43 27 25 45 43 27 26 44 43 27 27 43 43 27 28 42 43 27 29 41 43 27 30 40 43 27 31 39 43 27 32 38 43 27 33 37 43 27 34 36 43 27 35 35 43 27 36 34 43 27 37 33 43 27 38 32 43 27 39 31 43 27 40 30 43 27 41 29 43 27 42 28 43 27 43 27 43 27 44 26 43 27 45 25 43 27 46 24 43 27 47 23 43 27 48 22 43 27 49 21 43 27 50 20 43 27 51 19 43 27 52 18 43 27 53 17 43 27 54 16 43 27 55 15 43 27 56 14 43 27 57 13 43 27 58 12 43 27 59 11 43 27 60 10 43 27 61 9 43 27 62 8 43 27 63 7 43 27 64 6 43 27 66 5 43 27 68 4 43 27 69 3 43 27 71 2 43 28 2 72 43 28 3 70 43 28 4 69 43 28 5 67 43 28 6 65 43 28 7 64 43 28 8 63 43 28 9 62 43 28 10 61 43 28 11 60 43 28 12 59 43 28 13 58 43 28 14 57 43 28 15 56 43 28 16 55 43 28 17 54 43 28 18 53 43 28 19 52 43 28 20 51 43 28 21 50 43 28 22 49 43 28 23 48 43 28 24 47 43 28 25 46 43 28 26 45 43 28 27 44 43 28 28 43 43 28 29 42 43 28 30 41 43 28 31 40 43 28 32 39 43 28 33 38 43 28 34 37 43 28 35 36 43 28 36 35 43 28 37 34 43 28 38 33 43 28 39 32 43 28 40 31 43 28 41 30 43 28 42 29 43 28 43 28 43 28 44 27 43 28 45 26 43 28 46 25 43 28 47 24 43 28 48 23 43 28 49 22 43 28 50 21 43 28 51 20 43 28 52 19 43 28 53 18 43 28 54 17 43 28 55 16 43 28 56 15 43 28 57 14 43 28 58 13 43 28 59 12 43 28 60 11 43 28 61 10 43 28 62 9 43 28 63 8 43 28 64 7 43 28 65 6 43 28 67 5 43 28 69 4 43 28 70 3 43 28 72 2 43 29 2 73 43 29 3 71 43 29 4 70 43 29 5 68 43 29 6 66 43 29 7 65 43 29 8 64 43 29 9 63 43 29 10 62 43 29 11 61 43 29 12 60 43 29 13 59 43 29 14 58 43 29 15 57 43 29 16 56 43 29 17 55 43 29 18 54 43 29 19 53 43 29 20 52 43 29 21 51 43 29 22 50 43 29 23 49 43 29 24 48 43 29 25 47 43 29 26 46 43 29 27 45 43 29 28 44 43 29 29 43 43 29 30 42 43 29 31 41 43 29 32 40 43 29 33 39 43 29 34 38 43 29 35 37 43 29 36 36 43 29 37 35 43 29 38 34 43 29 39 33 43 29 40 32 43 29 41 31 43 29 42 30 43 29 43 29 43 29 44 28 43 29 45 27 43 29 46 26 43 29 47 25 43 29 48 24 43 29 49 23 43 29 50 22 43 29 51 21 43 29 52 20 43 29 53 19 43 29 54 18 43 29 55 17 43 29 56 16 43 29 57 15 43 29 58 14 43 29 59 13 43 29 60 12 43 29 61 11 43 29 62 10 43 29 63 9 43 29 64 8 43 29 65 7 43 29 66 6 43 29 68 5 43 29 70 4 43 29 71 3 43 29 73 2 43 30 2 74 43 30 3 72 43 30 4 71 43 30 5 69 43 30 6 67 43 30 7 66 43 30 8 65 43 30 9 64 43 30 10 63 43 30 11 62 43 30 12 61 43 30 13 60 43 30 14 59 43 30 15 58 43 30 16 57 43 30 17 56 43 30 18 55 43 30 19 54 43 30 20 53 43 30 21 52 43 30 22 51 43 30 23 50 43 30 24 49 43 30 25 48 43 30 26 47 43 30 27 46 43 30 28 45 43 30 29 44 43 30 30 43 43 30 31 42 43 30 32 41 43 30 33 40 43 30 34 39 43 30 35 38 43 30 36 37 43 30 37 36 43 30 38 35 43 30 39 34 43 30 40 33 43 30 41 32 43 30 42 31 43 30 43 30 43 30 44 29 43 30 45 28 43 30 46 27 43 30 47 26 43 30 48 25 43 30 49 24 43 30 50 23 43 30 51 22 43 30 52 21 43 30 53 20 43 30 54 19 43 30 55 18 43 30 56 17 43 30 57 16 43 30 58 15 43 30 59 14 43 30 60 13 43 30 61 12 43 30 62 11 43 30 63 10 43 30 64 9 43 30 65 8 43 30 66 7 43 30 67 6 43 30 69 5 43 30 71 4 43 30 72 3 43 30 74 2 43 31 2 75 43 31 3 73 43 31 4 72 43 31 5 70 43 31 6 68 43 31 7 67 43 31 8 66 43 31 9 65 43 31 10 64 43 31 11 63 43 31 12 62 43 31 13 61 43 31 14 60 43 31 15 59 43 31 16 58 43 31 17 57 43 31 18 56 43 31 19 55 43 31 20 54 43 31 21 53 43 31 22 52 43 31 23 51 43 31 24 50 43 31 25 49 43 31 26 48 43 31 27 47 43 31 28 46 43 31 29 45 43 31 30 44 43 31 31 43 43 31 32 42 43 31 33 41 43 31 34 40 43 31 35 39 43 31 36 38 43 31 37 37 43 31 38 36 43 31 39 35 43 31 40 34 43 31 41 33 43 31 42 32 43 31 43 31 43 31 44 30 43 31 45 29 43 31 46 28 43 31 47 27 43 31 48 26 43 31 49 25 43 31 50 24 43 31 51 23 43 31 52 22 43 31 53 21 43 31 54 20 43 31 55 19 43 31 56 18 43 31 57 17 43 31 58 16 43 31 59 15 43 31 60 14 43 31 61 13 43 31 62 12 43 31 63 11 43 31 64 10 43 31 65 9 43 31 66 8 43 31 67 7 43 31 68 6 43 31 70 5 43 31 72 4 43 31 73 3 43 31 75 2 43 32 2 76 43 32 3 74 43 32 4 73 43 32 5 71 43 32 6 69 43 32 7 68 43 32 8 67 43 32 9 66 43 32 10 65 43 32 11 64 43 32 12 63 43 32 13 62 43 32 14 61 43 32 15 60 43 32 16 59 43 32 17 58 43 32 18 57 43 32 19 56 43 32 20 55 43 32 21 54 43 32 22 53 43 32 23 52 43 32 24 51 43 32 25 50 43 32 26 49 43 32 27 48 43 32 28 47 43 32 29 46 43 32 30 45 43 32 31 44 43 32 32 43 43 32 33 42 43 32 34 41 43 32 35 40 43 32 36 39 43 32 37 38 43 32 38 37 43 32 39 36 43 32 40 35 43 32 41 34 43 32 42 33 43 32 43 32 43 32 44 31 43 32 45 30 43 32 46 29 43 32 47 28 43 32 48 27 43 32 49 26 43 32 50 25 43 32 51 24 43 32 52 23 43 32 53 22 43 32 54 21 43 32 55 20 43 32 56 19 43 32 57 18 43 32 58 17 43 32 59 16 43 32 60 15 43 32 61 14 43 32 62 13 43 32 63 12 43 32 64 11 43 32 65 10 43 32 66 9 43 32 67 8 43 32 68 7 43 32 69 6 43 32 71 5 43 32 73 4 43 32 74 3 43 32 76 2 43 33 3 75 43 33 4 74 43 33 5 72 43 33 6 70 43 33 7 69 43 33 8 68 43 33 9 67 43 33 10 66 43 33 11 65 43 33 12 64 43 33 13 63 43 33 14 62 43 33 15 61 43 33 16 60 43 33 17 59 43 33 18 58 43 33 19 57 43 33 20 56 43 33 21 55 43 33 22 54 43 33 23 53 43 33 24 52 43 33 25 51 43 33 26 50 43 33 27 49 43 33 28 48 43 33 29 47 43 33 30 46 43 33 31 45 43 33 32 44 43 33 33 43 43 33 34 42 43 33 35 41 43 33 36 40 43 33 37 39 43 33 38 38 43 33 39 37 43 33 40 36 43 33 41 35 43 33 42 34 43 33 43 33 43 33 44 32 43 33 45 31 43 33 46 30 43 33 47 29 43 33 48 28 43 33 49 27 43 33 50 26 43 33 51 25 43 33 52 24 43 33 53 23 43 33 54 22 43 33 55 21 43 33 56 20 43 33 57 19 43 33 58 18 43 33 59 17 43 33 60 16 43 33 61 15 43 33 62 14 43 33 63 13 43 33 64 12 43 33 65 11 43 33 66 10 43 33 67 9 43 33 68 8 43 33 69 7 43 33 70 6 43 33 72 5 43 33 74 4 43 33 75 3 43 34 3 76 43 34 4 75 43 34 5 73 43 34 6 71 43 34 7 70 43 34 8 69 43 34 9 68 43 34 10 67 43 34 11 66 43 34 12 65 43 34 13 64 43 34 14 63 43 34 15 62 43 34 16 61 43 34 17 60 43 34 18 59 43 34 19 58 43 34 20 57 43 34 21 56 43 34 22 55 43 34 23 54 43 34 24 53 43 34 25 52 43 34 26 51 43 34 27 50 43 34 28 49 43 34 29 48 43 34 30 47 43 34 31 46 43 34 32 45 43 34 33 44 43 34 34 43 43 34 35 42 43 34 36 41 43 34 37 40 43 34 38 39 43 34 39 38 43 34 40 37 43 34 41 36 43 34 42 35 43 34 43 34 43 34 44 33 43 34 45 32 43 34 46 31 43 34 47 30 43 34 48 29 43 34 49 28 43 34 50 27 43 34 51 26 43 34 52 25 43 34 53 24 43 34 54 23 43 34 55 22 43 34 56 21 43 34 57 20 43 34 58 19 43 34 59 18 43 34 60 17 43 34 61 16 43 34 62 15 43 34 63 14 43 34 64 13 43 34 65 12 43 34 66 11 43 34 67 10 43 34 68 9 43 34 69 8 43 34 70 7 43 34 71 6 43 34 73 5 43 34 75 4 43 34 76 3 43 35 3 77 43 35 4 76 43 35 5 74 43 35 6 72 43 35 7 71 43 35 8 70 43 35 9 69 43 35 10 68 43 35 11 67 43 35 12 66 43 35 13 65 43 35 14 64 43 35 15 63 43 35 16 62 43 35 17 61 43 35 18 60 43 35 19 59 43 35 20 58 43 35 21 57 43 35 22 56 43 35 23 55 43 35 24 54 43 35 25 53 43 35 26 52 43 35 27 51 43 35 28 50 43 35 29 49 43 35 30 48 43 35 31 47 43 35 32 46 43 35 33 45 43 35 34 44 43 35 35 43 43 35 36 42 43 35 37 41 43 35 38 40 43 35 39 39 43 35 40 38 43 35 41 37 43 35 42 36 43 35 43 35 43 35 44 34 43 35 45 33 43 35 46 32 43 35 47 31 43 35 48 30 43 35 49 29 43 35 50 28 43 35 51 27 43 35 52 26 43 35 53 25 43 35 54 24 43 35 55 23 43 35 56 22 43 35 57 21 43 35 58 20 43 35 59 19 43 35 60 18 43 35 61 17 43 35 62 16 43 35 63 15 43 35 64 14 43 35 65 13 43 35 66 12 43 35 67 11 43 35 68 10 43 35 69 9 43 35 70 8 43 35 71 7 43 35 72 6 43 35 74 5 43 35 76 4 43 35 77 3 43 36 3 78 43 36 4 77 43 36 5 75 43 36 6 73 43 36 7 72 43 36 8 71 43 36 9 70 43 36 10 69 43 36 11 68 43 36 12 67 43 36 13 66 43 36 14 65 43 36 15 64 43 36 16 63 43 36 17 62 43 36 18 61 43 36 19 60 43 36 20 59 43 36 21 58 43 36 22 57 43 36 23 56 43 36 24 55 43 36 25 54 43 36 26 53 43 36 27 52 43 36 28 51 43 36 29 50 43 36 30 49 43 36 31 48 43 36 32 47 43 36 33 46 43 36 34 45 43 36 35 44 43 36 36 43 43 36 37 42 43 36 38 41 43 36 39 40 43 36 40 39 43 36 41 38 43 36 42 37 43 36 43 36 43 36 44 35 43 36 45 34 43 36 46 33 43 36 47 32 43 36 48 31 43 36 49 30 43 36 50 29 43 36 51 28 43 36 52 27 43 36 53 26 43 36 54 25 43 36 55 24 43 36 56 23 43 36 57 22 43 36 58 21 43 36 59 20 43 36 60 19 43 36 61 18 43 36 62 17 43 36 63 16 43 36 64 15 43 36 65 14 43 36 66 13 43 36 67 12 43 36 68 11 43 36 69 10 43 36 70 9 43 36 71 8 43 36 72 7 43 36 73 6 43 36 75 5 43 36 77 4 43 36 78 3 43 37 3 79 43 37 4 78 43 37 5 76 43 37 6 74 43 37 7 73 43 37 8 72 43 37 9 71 43 37 10 70 43 37 11 69 43 37 12 68 43 37 13 67 43 37 14 66 43 37 15 65 43 37 16 64 43 37 17 63 43 37 18 62 43 37 19 61 43 37 20 60 43 37 21 59 43 37 22 58 43 37 23 57 43 37 24 56 43 37 25 55 43 37 26 54 43 37 27 53 43 37 28 52 43 37 29 51 43 37 30 50 43 37 31 49 43 37 32 48 43 37 33 47 43 37 34 46 43 37 35 45 43 37 36 44 43 37 37 43 43 37 38 42 43 37 39 41 43 37 40 40 43 37 41 39 43 37 42 38 43 37 43 37 43 37 44 36 43 37 45 35 43 37 46 34 43 37 47 33 43 37 48 32 43 37 49 31 43 37 50 30 43 37 51 29 43 37 52 28 43 37 53 27 43 37 54 26 43 37 55 25 43 37 56 24 43 37 57 23 43 37 58 22 43 37 59 21 43 37 60 20 43 37 61 19 43 37 62 18 43 37 63 17 43 37 64 16 43 37 65 15 43 37 66 14 43 37 67 13 43 37 68 12 43 37 69 11 43 37 70 10 43 37 71 9 43 37 72 8 43 37 73 7 43 37 74 6 43 37 76 5 43 37 78 4 43 37 79 3 43 38 3 80 43 38 4 79 43 38 5 77 43 38 6 75 43 38 7 74 43 38 8 73 43 38 9 72 43 38 10 71 43 38 11 70 43 38 12 69 43 38 13 68 43 38 14 67 43 38 15 66 43 38 16 65 43 38 17 64 43 38 18 63 43 38 19 62 43 38 20 61 43 38 21 60 43 38 22 59 43 38 23 58 43 38 24 57 43 38 25 56 43 38 26 55 43 38 27 54 43 38 28 53 43 38 29 52 43 38 30 51 43 38 31 50 43 38 32 49 43 38 33 48 43 38 34 47 43 38 35 46 43 38 36 45 43 38 37 44 43 38 38 43 43 38 39 42 43 38 40 41 43 38 41 40 43 38 42 39 43 38 43 38 43 38 44 37 43 38 45 36 43 38 46 35 43 38 47 34 43 38 48 33 43 38 49 32 43 38 50 31 43 38 51 30 43 38 52 29 43 38 53 28 43 38 54 27 43 38 55 26 43 38 56 25 43 38 57 24 43 38 58 23 43 38 59 22 43 38 60 21 43 38 61 20 43 38 62 19 43 38 63 18 43 38 64 17 43 38 65 16 43 38 66 15 43 38 67 14 43 38 68 13 43 38 69 12 43 38 70 11 43 38 71 10 43 38 72 9 43 38 73 8 43 38 74 7 43 38 75 6 43 38 77 5 43 38 79 4 43 38 80 3 43 39 3 81 43 39 4 80 43 39 5 78 43 39 6 76 43 39 7 75 43 39 8 74 43 39 9 73 43 39 10 72 43 39 11 71 43 39 12 70 43 39 13 69 43 39 14 68 43 39 15 67 43 39 16 66 43 39 17 65 43 39 18 64 43 39 19 63 43 39 20 62 43 39 21 61 43 39 22 60 43 39 23 59 43 39 24 58 43 39 25 57 43 39 26 56 43 39 27 55 43 39 28 54 43 39 29 53 43 39 30 52 43 39 31 51 43 39 32 50 43 39 33 49 43 39 34 48 43 39 35 47 43 39 36 46 43 39 37 45 43 39 38 44 43 39 39 43 43 39 40 42 43 39 41 41 43 39 42 40 43 39 43 39 43 39 44 38 43 39 45 37 43 39 46 36 43 39 47 35 43 39 48 34 43 39 49 33 43 39 50 32 43 39 51 31 43 39 52 30 43 39 53 29 43 39 54 28 43 39 55 27 43 39 56 26 43 39 57 25 43 39 58 24 43 39 59 23 43 39 60 22 43 39 61 21 43 39 62 20 43 39 63 19 43 39 64 18 43 39 65 17 43 39 66 16 43 39 67 15 43 39 68 14 43 39 69 13 43 39 70 12 43 39 71 11 43 39 72 10 43 39 73 9 43 39 74 8 43 39 75 7 43 39 76 6 43 39 78 5 43 39 80 4 43 39 81 3 43 40 3 82 43 40 4 81 43 40 5 79 43 40 6 77 43 40 7 76 43 40 8 75 43 40 9 74 43 40 10 73 43 40 11 72 43 40 12 71 43 40 13 70 43 40 14 69 43 40 15 68 43 40 16 67 43 40 17 66 43 40 18 65 43 40 19 64 43 40 20 63 43 40 21 62 43 40 22 61 43 40 23 60 43 40 24 59 43 40 25 58 43 40 26 57 43 40 27 56 43 40 28 55 43 40 29 54 43 40 30 53 43 40 31 52 43 40 32 51 43 40 33 50 43 40 34 49 43 40 35 48 43 40 36 47 43 40 37 46 43 40 38 45 43 40 39 44 43 40 40 43 43 40 41 42 43 40 42 41 43 40 43 40 43 40 44 39 43 40 45 38 43 40 46 37 43 40 47 36 43 40 48 35 43 40 49 34 43 40 50 33 43 40 51 32 43 40 52 31 43 40 53 30 43 40 54 29 43 40 55 28 43 40 56 27 43 40 57 26 43 40 58 25 43 40 59 24 43 40 60 23 43 40 61 22 43 40 62 21 43 40 63 20 43 40 64 19 43 40 65 18 43 40 66 17 43 40 67 16 43 40 68 15 43 40 69 14 43 40 70 13 43 40 71 12 43 40 72 11 43 40 73 10 43 40 74 9 43 40 75 8 43 40 76 7 43 40 77 6 43 40 79 5 43 40 81 4 43 40 82 3 43 41 4 82 43 41 5 80 43 41 6 78 43 41 7 77 43 41 8 76 43 41 9 75 43 41 10 74 43 41 11 73 43 41 12 72 43 41 13 71 43 41 14 70 43 41 15 69 43 41 16 68 43 41 17 67 43 41 18 66 43 41 19 65 43 41 20 64 43 41 21 63 43 41 22 62 43 41 23 61 43 41 24 60 43 41 25 59 43 41 26 58 43 41 27 57 43 41 28 56 43 41 29 55 43 41 30 54 43 41 31 53 43 41 32 52 43 41 33 51 43 41 34 50 43 41 35 49 43 41 36 48 43 41 37 47 43 41 38 46 43 41 39 45 43 41 40 44 43 41 41 43 43 41 42 42 43 41 43 41 43 41 44 40 43 41 45 39 43 41 46 38 43 41 47 37 43 41 48 36 43 41 49 35 43 41 50 34 43 41 51 33 43 41 52 32 43 41 53 31 43 41 54 30 43 41 55 29 43 41 56 28 43 41 57 27 43 41 58 26 43 41 59 25 43 41 60 24 43 41 61 23 43 41 62 22 43 41 63 21 43 41 64 20 43 41 65 19 43 41 66 18 43 41 67 17 43 41 68 16 43 41 69 15 43 41 70 14 43 41 71 13 43 41 72 12 43 41 73 11 43 41 74 10 43 41 75 9 43 41 76 8 43 41 77 7 43 41 78 6 43 41 80 5 43 41 82 4 43 42 4 83 43 42 5 81 43 42 6 79 43 42 7 78 43 42 8 77 43 42 9 76 43 42 10 75 43 42 11 74 43 42 12 73 43 42 13 72 43 42 14 71 43 42 15 70 43 42 16 69 43 42 17 68 43 42 18 67 43 42 19 66 43 42 20 65 43 42 21 64 43 42 22 63 43 42 23 62 43 42 24 61 43 42 25 60 43 42 26 59 43 42 27 58 43 42 28 57 43 42 29 56 43 42 30 55 43 42 31 54 43 42 32 53 43 42 33 52 43 42 34 51 43 42 35 50 43 42 36 49 43 42 37 48 43 42 38 47 43 42 39 46 43 42 40 45 43 42 41 44 43 42 42 43 43 42 43 42 43 42 44 41 43 42 45 40 43 42 46 39 43 42 47 38 43 42 48 37 43 42 49 36 43 42 50 35 43 42 51 34 43 42 52 33 43 42 53 32 43 42 54 31 43 42 55 30 43 42 56 29 43 42 57 28 43 42 58 27 43 42 59 26 43 42 60 25 43 42 61 24 43 42 62 23 43 42 63 22 43 42 64 21 43 42 65 20 43 42 66 19 43 42 67 18 43 42 68 17 43 42 69 16 43 42 70 15 43 42 71 14 43 42 72 13 43 42 73 12 43 42 74 11 43 42 75 10 43 42 76 9 43 42 77 8 43 42 78 7 43 42 79 6 43 42 81 5 43 42 83 4 43 43 5 82 43 43 6 80 43 43 7 79 43 43 8 78 43 43 9 77 43 43 10 76 43 43 11 75 43 43 12 74 43 43 13 73 43 43 14 72 43 43 15 71 43 43 16 70 43 43 17 69 43 43 18 68 43 43 19 67 43 43 20 66 43 43 21 65 43 43 22 64 43 43 23 63 43 43 24 62 43 43 25 61 43 43 26 60 43 43 27 59 43 43 28 58 43 43 29 57 43 43 30 56 43 43 31 55 43 43 32 54 43 43 33 53 43 43 34 52 43 43 35 51 43 43 36 50 43 43 37 49 43 43 38 48 43 43 39 47 43 43 40 46 43 43 41 45 43 43 42 44 43 43 43 43 43 43 44 42 43 43 45 41 43 43 46 40 43 43 47 39 43 43 48 38 43 43 49 37 43 43 50 36 43 43 51 35 43 43 52 34 43 43 53 33 43 43 54 32 43 43 55 31 43 43 56 30 43 43 57 29 43 43 58 28 43 43 59 27 43 43 60 26 43 43 61 25 43 43 62 24 43 43 63 23 43 43 64 22 43 43 65 21 43 43 66 20 43 43 67 19 43 43 68 18 43 43 69 17 43 43 70 16 43 43 71 15 43 43 72 14 43 43 73 13 43 43 74 12 43 43 75 11 43 43 76 10 43 43 77 9 43 43 78 8 43 43 79 7 43 43 80 6 43 43 82 5 43 44 5 83 43 44 6 81 43 44 7 80 43 44 8 79 43 44 9 78 43 44 10 77 43 44 11 76 43 44 12 75 43 44 13 74 43 44 14 73 43 44 15 72 43 44 16 71 43 44 17 70 43 44 18 69 43 44 19 68 43 44 20 67 43 44 21 66 43 44 22 65 43 44 23 64 43 44 24 63 43 44 25 62 43 44 26 61 43 44 27 60 43 44 28 59 43 44 29 58 43 44 30 57 43 44 31 56 43 44 32 55 43 44 33 54 43 44 34 53 43 44 35 52 43 44 36 51 43 44 37 50 43 44 38 49 43 44 39 48 43 44 40 47 43 44 41 46 43 44 42 45 43 44 43 44 43 44 44 43 43 44 45 42 43 44 46 41 43 44 47 40 43 44 48 39 43 44 49 38 43 44 50 37 43 44 51 36 43 44 52 35 43 44 53 34 43 44 54 33 43 44 55 32 43 44 56 31 43 44 57 30 43 44 58 29 43 44 59 28 43 44 60 27 43 44 61 26 43 44 62 25 43 44 63 24 43 44 64 23 43 44 65 22 43 44 66 21 43 44 67 20 43 44 68 19 43 44 69 18 43 44 70 17 43 44 71 16 43 44 72 15 43 44 73 14 43 44 74 13 43 44 75 12 43 44 76 11 43 44 77 10 43 44 78 9 43 44 79 8 43 44 80 7 43 44 81 6 43 44 83 5 43 45 5 84 43 45 6 82 43 45 7 81 43 45 8 80 43 45 9 79 43 45 10 78 43 45 11 77 43 45 12 76 43 45 13 75 43 45 14 74 43 45 15 73 43 45 16 72 43 45 17 71 43 45 18 70 43 45 19 69 43 45 20 68 43 45 21 67 43 45 22 66 43 45 23 65 43 45 24 64 43 45 25 63 43 45 26 62 43 45 27 61 43 45 28 60 43 45 29 59 43 45 30 58 43 45 31 57 43 45 32 56 43 45 33 55 43 45 34 54 43 45 35 53 43 45 36 52 43 45 37 51 43 45 38 50 43 45 39 49 43 45 40 48 43 45 41 47 43 45 42 46 43 45 43 45 43 45 44 44 43 45 45 43 43 45 46 42 43 45 47 41 43 45 48 40 43 45 49 39 43 45 50 38 43 45 51 37 43 45 52 36 43 45 53 35 43 45 54 34 43 45 55 33 43 45 56 32 43 45 57 31 43 45 58 30 43 45 59 29 43 45 60 28 43 45 61 27 43 45 62 26 43 45 63 25 43 45 64 24 43 45 65 23 43 45 66 22 43 45 67 21 43 45 68 20 43 45 69 19 43 45 70 18 43 45 71 17 43 45 72 16 43 45 73 15 43 45 74 14 43 45 75 13 43 45 76 12 43 45 77 11 43 45 78 10 43 45 79 9 43 45 80 8 43 45 81 7 43 45 82 6 43 45 84 5 43 46 5 85 43 46 6 83 43 46 7 82 43 46 8 81 43 46 9 80 43 46 10 79 43 46 11 78 43 46 12 77 43 46 13 76 43 46 14 75 43 46 15 74 43 46 16 73 43 46 17 72 43 46 18 71 43 46 19 70 43 46 20 69 43 46 21 68 43 46 22 67 43 46 23 66 43 46 24 65 43 46 25 64 43 46 26 63 43 46 27 62 43 46 28 61 43 46 29 60 43 46 30 59 43 46 31 58 43 46 32 57 43 46 33 56 43 46 34 55 43 46 35 54 43 46 36 53 43 46 37 52 43 46 38 51 43 46 39 50 43 46 40 49 43 46 41 48 43 46 42 47 43 46 43 46 43 46 44 45 43 46 45 44 43 46 46 43 43 46 47 42 43 46 48 41 43 46 49 40 43 46 50 39 43 46 51 38 43 46 52 37 43 46 53 36 43 46 54 35 43 46 55 34 43 46 56 33 43 46 57 32 43 46 58 31 43 46 59 30 43 46 60 29 43 46 61 28 43 46 62 27 43 46 63 26 43 46 64 25 43 46 65 24 43 46 66 23 43 46 67 22 43 46 68 21 43 46 69 20 43 46 70 19 43 46 71 18 43 46 72 17 43 46 73 16 43 46 74 15 43 46 75 14 43 46 76 13 43 46 77 12 43 46 78 11 43 46 79 10 43 46 80 9 43 46 81 8 43 46 82 7 43 46 83 6 43 46 85 5 43 47 5 86 43 47 6 84 43 47 7 83 43 47 8 82 43 47 9 81 43 47 10 80 43 47 11 79 43 47 12 78 43 47 13 77 43 47 14 76 43 47 15 75 43 47 16 74 43 47 17 73 43 47 18 72 43 47 19 71 43 47 20 70 43 47 21 69 43 47 22 68 43 47 23 67 43 47 24 66 43 47 25 65 43 47 26 64 43 47 27 63 43 47 28 62 43 47 29 61 43 47 30 60 43 47 31 59 43 47 32 58 43 47 33 57 43 47 34 56 43 47 35 55 43 47 36 54 43 47 37 53 43 47 38 52 43 47 39 51 43 47 40 50 43 47 41 49 43 47 42 48 43 47 43 47 43 47 44 46 43 47 45 45 43 47 46 44 43 47 47 43 43 47 48 42 43 47 49 41 43 47 50 40 43 47 51 39 43 47 52 38 43 47 53 37 43 47 54 36 43 47 55 35 43 47 56 34 43 47 57 33 43 47 58 32 43 47 59 31 43 47 60 30 43 47 61 29 43 47 62 28 43 47 63 27 43 47 64 26 43 47 65 25 43 47 66 24 43 47 67 23 43 47 68 22 43 47 69 21 43 47 70 20 43 47 71 19 43 47 72 18 43 47 73 17 43 47 74 16 43 47 75 15 43 47 76 14 43 47 77 13 43 47 78 12 43 47 79 11 43 47 80 10 43 47 81 9 43 47 82 8 43 47 83 7 43 47 84 6 43 47 86 5 43 48 5 87 43 48 6 85 43 48 7 84 43 48 8 83 43 48 9 82 43 48 10 81 43 48 11 80 43 48 12 79 43 48 13 78 43 48 14 77 43 48 15 76 43 48 16 75 43 48 17 74 43 48 18 73 43 48 19 72 43 48 20 71 43 48 21 70 43 48 22 69 43 48 23 68 43 48 24 67 43 48 25 66 43 48 26 65 43 48 27 64 43 48 28 63 43 48 29 62 43 48 30 61 43 48 31 60 43 48 32 59 43 48 33 58 43 48 34 57 43 48 35 56 43 48 36 55 43 48 37 54 43 48 38 53 43 48 39 52 43 48 40 51 43 48 41 50 43 48 42 49 43 48 43 48 43 48 44 47 43 48 45 46 43 48 46 45 43 48 47 44 43 48 48 43 43 48 49 42 43 48 50 41 43 48 51 40 43 48 52 39 43 48 53 38 43 48 54 37 43 48 55 36 43 48 56 35 43 48 57 34 43 48 58 33 43 48 59 32 43 48 60 31 43 48 61 30 43 48 62 29 43 48 63 28 43 48 64 27 43 48 65 26 43 48 66 25 43 48 67 24 43 48 68 23 43 48 69 22 43 48 70 21 43 48 71 20 43 48 72 19 43 48 73 18 43 48 74 17 43 48 75 16 43 48 76 15 43 48 77 14 43 48 78 13 43 48 79 12 43 48 80 11 43 48 81 10 43 48 82 9 43 48 83 8 43 48 84 7 43 48 85 6 43 48 87 5 43 49 6 86 43 49 7 85 43 49 8 84 43 49 9 83 43 49 10 82 43 49 11 81 43 49 12 80 43 49 13 79 43 49 14 78 43 49 15 77 43 49 16 76 43 49 17 75 43 49 18 74 43 49 19 73 43 49 20 72 43 49 21 71 43 49 22 70 43 49 23 69 43 49 24 68 43 49 25 67 43 49 26 66 43 49 27 65 43 49 28 64 43 49 29 63 43 49 30 62 43 49 31 61 43 49 32 60 43 49 33 59 43 49 34 58 43 49 35 57 43 49 36 56 43 49 37 55 43 49 38 54 43 49 39 53 43 49 40 52 43 49 41 51 43 49 42 50 43 49 43 49 43 49 44 48 43 49 45 47 43 49 46 46 43 49 47 45 43 49 48 44 43 49 49 43 43 49 50 42 43 49 51 41 43 49 52 40 43 49 53 39 43 49 54 38 43 49 55 37 43 49 56 36 43 49 57 35 43 49 58 34 43 49 59 33 43 49 60 32 43 49 61 31 43 49 62 30 43 49 63 29 43 49 64 28 43 49 65 27 43 49 66 26 43 49 67 25 43 49 68 24 43 49 69 23 43 49 70 22 43 49 71 21 43 49 72 20 43 49 73 19 43 49 74 18 43 49 75 17 43 49 76 16 43 49 77 15 43 49 78 14 43 49 79 13 43 49 80 12 43 49 81 11 43 49 82 10 43 49 83 9 43 49 84 8 43 49 85 7 43 49 86 6 43 50 6 87 43 50 7 86 43 50 8 85 43 50 9 84 43 50 10 83 43 50 11 82 43 50 12 81 43 50 13 80 43 50 14 79 43 50 15 78 43 50 16 77 43 50 17 76 43 50 18 75 43 50 19 74 43 50 20 73 43 50 21 72 43 50 22 71 43 50 23 70 43 50 24 69 43 50 25 68 43 50 26 67 43 50 27 66 43 50 28 65 43 50 29 64 43 50 30 63 43 50 31 62 43 50 32 61 43 50 33 60 43 50 34 59 43 50 35 58 43 50 36 57 43 50 37 56 43 50 38 55 43 50 39 54 43 50 40 53 43 50 41 52 43 50 42 51 43 50 43 50 43 50 44 49 43 50 45 48 43 50 46 47 43 50 47 46 43 50 48 45 43 50 49 44 43 50 50 43 43 50 51 42 43 50 52 41 43 50 53 40 43 50 54 39 43 50 55 38 43 50 56 37 43 50 57 36 43 50 58 35 43 50 59 34 43 50 60 33 43 50 61 32 43 50 62 31 43 50 63 30 43 50 64 29 43 50 65 28 43 50 66 27 43 50 67 26 43 50 68 25 43 50 69 24 43 50 70 23 43 50 71 22 43 50 72 21 43 50 73 20 43 50 74 19 43 50 75 18 43 50 76 17 43 50 77 16 43 50 78 15 43 50 79 14 43 50 80 13 43 50 81 12 43 50 82 11 43 50 83 10 43 50 84 9 43 50 85 8 43 50 86 7 43 50 87 6 43 51 6 88 43 51 7 87 43 51 8 86 43 51 9 85 43 51 10 84 43 51 11 83 43 51 12 82 43 51 13 81 43 51 14 80 43 51 15 79 43 51 16 78 43 51 17 77 43 51 18 76 43 51 19 75 43 51 20 74 43 51 21 73 43 51 22 72 43 51 23 71 43 51 24 70 43 51 25 69 43 51 26 68 43 51 27 67 43 51 28 66 43 51 29 65 43 51 30 64 43 51 31 63 43 51 32 62 43 51 33 61 43 51 34 60 43 51 35 59 43 51 36 58 43 51 37 57 43 51 38 56 43 51 39 55 43 51 40 54 43 51 41 53 43 51 42 52 43 51 43 51 43 51 44 50 43 51 45 49 43 51 46 48 43 51 47 47 43 51 48 46 43 51 49 45 43 51 50 44 43 51 51 43 43 51 52 42 43 51 53 41 43 51 54 40 43 51 55 39 43 51 56 38 43 51 57 37 43 51 58 36 43 51 59 35 43 51 60 34 43 51 61 33 43 51 62 32 43 51 63 31 43 51 64 30 43 51 65 29 43 51 66 28 43 51 67 27 43 51 68 26 43 51 69 25 43 51 70 24 43 51 71 23 43 51 72 22 43 51 73 21 43 51 74 20 43 51 75 19 43 51 76 18 43 51 77 17 43 51 78 16 43 51 79 15 43 51 80 14 43 51 81 13 43 51 82 12 43 51 83 11 43 51 84 10 43 51 85 9 43 51 86 8 43 51 87 7 43 51 88 6 43 52 7 88 43 52 8 87 43 52 9 86 43 52 10 85 43 52 11 84 43 52 12 83 43 52 13 82 43 52 14 81 43 52 15 80 43 52 16 79 43 52 17 78 43 52 18 77 43 52 19 76 43 52 20 75 43 52 21 74 43 52 22 73 43 52 23 72 43 52 24 71 43 52 25 70 43 52 26 69 43 52 27 68 43 52 28 67 43 52 29 66 43 52 30 65 43 52 31 64 43 52 32 63 43 52 33 62 43 52 34 61 43 52 35 60 43 52 36 59 43 52 37 58 43 52 38 57 43 52 39 56 43 52 40 55 43 52 41 54 43 52 42 53 43 52 43 52 43 52 44 51 43 52 45 50 43 52 46 49 43 52 47 48 43 52 48 47 43 52 49 46 43 52 50 45 43 52 51 44 43 52 52 43 43 52 53 42 43 52 54 41 43 52 55 40 43 52 56 39 43 52 57 38 43 52 58 37 43 52 59 36 43 52 60 35 43 52 61 34 43 52 62 33 43 52 63 32 43 52 64 31 43 52 65 30 43 52 66 29 43 52 67 28 43 52 68 27 43 52 69 26 43 52 70 25 43 52 71 24 43 52 72 23 43 52 73 22 43 52 74 21 43 52 75 20 43 52 76 19 43 52 77 18 43 52 78 17 43 52 79 16 43 52 80 15 43 52 81 14 43 52 82 13 43 52 83 12 43 52 84 11 43 52 85 10 43 52 86 9 43 52 87 8 43 52 88 7 43 53 7 89 43 53 8 88 43 53 9 87 43 53 10 86 43 53 11 85 43 53 12 84 43 53 13 83 43 53 14 82 43 53 15 81 43 53 16 80 43 53 17 79 43 53 18 78 43 53 19 77 43 53 20 76 43 53 21 75 43 53 22 74 43 53 23 73 43 53 24 72 43 53 25 71 43 53 26 70 43 53 27 69 43 53 28 68 43 53 29 67 43 53 30 66 43 53 31 65 43 53 32 64 43 53 33 63 43 53 34 62 43 53 35 61 43 53 36 60 43 53 37 59 43 53 38 58 43 53 39 57 43 53 40 56 43 53 41 55 43 53 42 54 43 53 43 53 43 53 44 52 43 53 45 51 43 53 46 50 43 53 47 49 43 53 48 48 43 53 49 47 43 53 50 46 43 53 51 45 43 53 52 44 43 53 53 43 43 53 54 42 43 53 55 41 43 53 56 40 43 53 57 39 43 53 58 38 43 53 59 37 43 53 60 36 43 53 61 35 43 53 62 34 43 53 63 33 43 53 64 32 43 53 65 31 43 53 66 30 43 53 67 29 43 53 68 28 43 53 69 27 43 53 70 26 43 53 71 25 43 53 72 24 43 53 73 23 43 53 74 22 43 53 75 21 43 53 76 20 43 53 77 19 43 53 78 18 43 53 79 17 43 53 80 16 43 53 81 15 43 53 82 14 43 53 83 13 43 53 84 12 43 53 85 11 43 53 86 10 43 53 87 9 43 53 88 8 43 53 89 7 43 54 8 89 43 54 9 88 43 54 10 87 43 54 11 86 43 54 12 85 43 54 13 84 43 54 14 83 43 54 15 82 43 54 16 81 43 54 17 80 43 54 18 79 43 54 19 78 43 54 20 77 43 54 21 76 43 54 22 75 43 54 23 74 43 54 24 73 43 54 25 72 43 54 26 71 43 54 27 70 43 54 28 69 43 54 29 68 43 54 30 67 43 54 31 66 43 54 32 65 43 54 33 64 43 54 34 63 43 54 35 62 43 54 36 61 43 54 37 60 43 54 38 59 43 54 39 58 43 54 40 57 43 54 41 56 43 54 42 55 43 54 43 54 43 54 44 53 43 54 45 52 43 54 46 51 43 54 47 50 43 54 48 49 43 54 49 48 43 54 50 47 43 54 51 46 43 54 52 45 43 54 53 44 43 54 54 43 43 54 55 42 43 54 56 41 43 54 57 40 43 54 58 39 43 54 59 38 43 54 60 37 43 54 61 36 43 54 62 35 43 54 63 34 43 54 64 33 43 54 65 32 43 54 66 31 43 54 67 30 43 54 68 29 43 54 69 28 43 54 70 27 43 54 71 26 43 54 72 25 43 54 73 24 43 54 74 23 43 54 75 22 43 54 76 21 43 54 77 20 43 54 78 19 43 54 79 18 43 54 80 17 43 54 81 16 43 54 82 15 43 54 83 14 43 54 84 13 43 54 85 12 43 54 86 11 43 54 87 10 43 54 88 9 43 54 89 8 43 55 9 89 43 55 10 88 43 55 11 87 43 55 12 86 43 55 13 85 43 55 14 84 43 55 15 83 43 55 16 82 43 55 17 81 43 55 18 80 43 55 19 79 43 55 20 78 43 55 21 77 43 55 22 76 43 55 23 75 43 55 24 74 43 55 25 73 43 55 26 72 43 55 27 71 43 55 28 70 43 55 29 69 43 55 30 68 43 55 31 67 43 55 32 66 43 55 33 65 43 55 34 64 43 55 35 63 43 55 36 62 43 55 37 61 43 55 38 60 43 55 39 59 43 55 40 58 43 55 41 57 43 55 42 56 43 55 43 55 43 55 44 54 43 55 45 53 43 55 46 52 43 55 47 51 43 55 48 50 43 55 49 49 43 55 50 48 43 55 51 47 43 55 52 46 43 55 53 45 43 55 54 44 43 55 55 43 43 55 56 42 43 55 57 41 43 55 58 40 43 55 59 39 43 55 60 38 43 55 61 37 43 55 62 36 43 55 63 35 43 55 64 34 43 55 65 33 43 55 66 32 43 55 67 31 43 55 68 30 43 55 69 29 43 55 70 28 43 55 71 27 43 55 72 26 43 55 73 25 43 55 74 24 43 55 75 23 43 55 76 22 43 55 77 21 43 55 78 20 43 55 79 19 43 55 80 18 43 55 81 17 43 55 82 16 43 55 83 15 43 55 84 14 43 55 85 13 43 55 86 12 43 55 87 11 43 55 88 10 43 55 89 9 43 56 9 90 43 56 10 89 43 56 11 88 43 56 12 87 43 56 13 86 43 56 14 85 43 56 15 84 43 56 16 83 43 56 17 82 43 56 18 81 43 56 19 80 43 56 20 79 43 56 21 78 43 56 22 77 43 56 23 76 43 56 24 75 43 56 25 74 43 56 26 73 43 56 27 72 43 56 28 71 43 56 29 70 43 56 30 69 43 56 31 68 43 56 32 67 43 56 33 66 43 56 34 65 43 56 35 64 43 56 36 63 43 56 37 62 43 56 38 61 43 56 39 60 43 56 40 59 43 56 41 58 43 56 42 57 43 56 43 56 43 56 44 55 43 56 45 54 43 56 46 53 43 56 47 52 43 56 48 51 43 56 49 50 43 56 50 49 43 56 51 48 43 56 52 47 43 56 53 46 43 56 54 45 43 56 55 44 43 56 56 43 43 56 57 42 43 56 58 41 43 56 59 40 43 56 60 39 43 56 61 38 43 56 62 37 43 56 63 36 43 56 64 35 43 56 65 34 43 56 66 33 43 56 67 32 43 56 68 31 43 56 69 30 43 56 70 29 43 56 71 28 43 56 72 27 43 56 73 26 43 56 74 25 43 56 75 24 43 56 76 23 43 56 77 22 43 56 78 21 43 56 79 20 43 56 80 19 43 56 81 18 43 56 82 17 43 56 83 16 43 56 84 15 43 56 85 14 43 56 86 13 43 56 87 12 43 56 88 11 43 56 89 10 43 56 90 9 43 57 9 91 43 57 10 90 43 57 11 89 43 57 12 88 43 57 13 87 43 57 14 86 43 57 15 85 43 57 16 84 43 57 17 83 43 57 18 82 43 57 19 81 43 57 20 80 43 57 21 79 43 57 22 78 43 57 23 77 43 57 24 76 43 57 25 75 43 57 26 74 43 57 27 73 43 57 28 72 43 57 29 71 43 57 30 70 43 57 31 69 43 57 32 68 43 57 33 67 43 57 34 66 43 57 35 65 43 57 36 64 43 57 37 63 43 57 38 62 43 57 39 61 43 57 40 60 43 57 41 59 43 57 42 58 43 57 43 57 43 57 44 56 43 57 45 55 43 57 46 54 43 57 47 53 43 57 48 52 43 57 49 51 43 57 50 50 43 57 51 49 43 57 52 48 43 57 53 47 43 57 54 46 43 57 55 45 43 57 56 44 43 57 57 43 43 57 58 42 43 57 59 41 43 57 60 40 43 57 61 39 43 57 62 38 43 57 63 37 43 57 64 36 43 57 65 35 43 57 66 34 43 57 67 33 43 57 68 32 43 57 69 31 43 57 70 30 43 57 71 29 43 57 72 28 43 57 73 27 43 57 74 26 43 57 75 25 43 57 76 24 43 57 77 23 43 57 78 22 43 57 79 21 43 57 80 20 43 57 81 19 43 57 82 18 43 57 83 17 43 57 84 16 43 57 85 15 43 57 86 14 43 57 87 13 43 57 88 12 43 57 89 11 43 57 90 10 43 57 91 9 43 58 10 91 43 58 11 90 43 58 12 89 43 58 13 88 43 58 14 87 43 58 15 86 43 58 16 85 43 58 17 84 43 58 18 83 43 58 19 82 43 58 20 81 43 58 21 80 43 58 22 79 43 58 23 78 43 58 24 77 43 58 25 76 43 58 26 75 43 58 27 74 43 58 28 73 43 58 29 72 43 58 30 71 43 58 31 70 43 58 32 69 43 58 33 68 43 58 34 67 43 58 35 66 43 58 36 65 43 58 37 64 43 58 38 63 43 58 39 62 43 58 40 61 43 58 41 60 43 58 42 59 43 58 43 58 43 58 44 57 43 58 45 56 43 58 46 55 43 58 47 54 43 58 48 53 43 58 49 52 43 58 50 51 43 58 51 50 43 58 52 49 43 58 53 48 43 58 54 47 43 58 55 46 43 58 56 45 43 58 57 44 43 58 58 43 43 58 59 42 43 58 60 41 43 58 61 40 43 58 62 39 43 58 63 38 43 58 64 37 43 58 65 36 43 58 66 35 43 58 67 34 43 58 68 33 43 58 69 32 43 58 70 31 43 58 71 30 43 58 72 29 43 58 73 28 43 58 74 27 43 58 75 26 43 58 76 25 43 58 77 24 43 58 78 23 43 58 79 22 43 58 80 21 43 58 81 20 43 58 82 19 43 58 83 18 43 58 84 17 43 58 85 16 43 58 86 15 43 58 87 14 43 58 88 13 43 58 89 12 43 58 90 11 43 58 91 10 43 59 11 91 43 59 12 90 43 59 13 89 43 59 14 88 43 59 15 87 43 59 16 86 43 59 17 85 43 59 18 84 43 59 19 83 43 59 20 82 43 59 21 81 43 59 22 80 43 59 23 79 43 59 24 78 43 59 25 77 43 59 26 76 43 59 27 75 43 59 28 74 43 59 29 73 43 59 30 72 43 59 31 71 43 59 32 70 43 59 33 69 43 59 34 68 43 59 35 67 43 59 36 66 43 59 37 65 43 59 38 64 43 59 39 63 43 59 40 62 43 59 41 61 43 59 42 60 43 59 43 59 43 59 44 58 43 59 45 57 43 59 46 56 43 59 47 55 43 59 48 54 43 59 49 53 43 59 50 52 43 59 51 51 43 59 52 50 43 59 53 49 43 59 54 48 43 59 55 47 43 59 56 46 43 59 57 45 43 59 58 44 43 59 59 43 43 59 60 42 43 59 61 41 43 59 62 40 43 59 63 39 43 59 64 38 43 59 65 37 43 59 66 36 43 59 67 35 43 59 68 34 43 59 69 33 43 59 70 32 43 59 71 31 43 59 72 30 43 59 73 29 43 59 74 28 43 59 75 27 43 59 76 26 43 59 77 25 43 59 78 24 43 59 79 23 43 59 80 22 43 59 81 21 43 59 82 20 43 59 83 19 43 59 84 18 43 59 85 17 43 59 86 16 43 59 87 15 43 59 88 14 43 59 89 13 43 59 90 12 43 59 91 11 43 60 11 92 43 60 12 91 43 60 13 90 43 60 14 89 43 60 15 88 43 60 16 87 43 60 17 86 43 60 18 85 43 60 19 84 43 60 20 83 43 60 21 82 43 60 22 81 43 60 23 80 43 60 24 79 43 60 25 78 43 60 26 77 43 60 27 76 43 60 28 75 43 60 29 74 43 60 30 73 43 60 31 72 43 60 32 71 43 60 33 70 43 60 34 69 43 60 35 68 43 60 36 67 43 60 37 66 43 60 38 65 43 60 39 64 43 60 40 63 43 60 41 62 43 60 42 61 43 60 43 60 43 60 44 59 43 60 45 58 43 60 46 57 43 60 47 56 43 60 48 55 43 60 49 54 43 60 50 53 43 60 51 52 43 60 52 51 43 60 53 50 43 60 54 49 43 60 55 48 43 60 56 47 43 60 57 46 43 60 58 45 43 60 59 44 43 60 60 43 43 60 61 42 43 60 62 41 43 60 63 40 43 60 64 39 43 60 65 38 43 60 66 37 43 60 67 36 43 60 68 35 43 60 69 34 43 60 70 33 43 60 71 32 43 60 72 31 43 60 73 30 43 60 74 29 43 60 75 28 43 60 76 27 43 60 77 26 43 60 78 25 43 60 79 24 43 60 80 23 43 60 81 22 43 60 82 21 43 60 83 20 43 60 84 19 43 60 85 18 43 60 86 17 43 60 87 16 43 60 88 15 43 60 89 14 43 60 90 13 43 60 91 12 43 60 92 11 43 61 13 91 43 61 14 90 43 61 15 89 43 61 16 88 43 61 17 87 43 61 18 86 43 61 19 85 43 61 20 84 43 61 21 83 43 61 22 82 43 61 23 81 43 61 24 80 43 61 25 79 43 61 26 78 43 61 27 77 43 61 28 76 43 61 29 75 43 61 30 74 43 61 31 73 43 61 32 72 43 61 33 71 43 61 34 70 43 61 35 69 43 61 36 68 43 61 37 67 43 61 38 66 43 61 39 65 43 61 40 64 43 61 41 63 43 61 42 62 43 61 43 61 43 61 44 60 43 61 45 59 43 61 46 58 43 61 47 57 43 61 48 56 43 61 49 55 43 61 50 54 43 61 51 53 43 61 52 52 43 61 53 51 43 61 54 50 43 61 55 49 43 61 56 48 43 61 57 47 43 61 58 46 43 61 59 45 43 61 60 44 43 61 61 43 43 61 62 42 43 61 63 41 43 61 64 40 43 61 65 39 43 61 66 38 43 61 67 37 43 61 68 36 43 61 69 35 43 61 70 34 43 61 71 33 43 61 72 32 43 61 73 31 43 61 74 30 43 61 75 29 43 61 76 28 43 61 77 27 43 61 78 26 43 61 79 25 43 61 80 24 43 61 81 23 43 61 82 22 43 61 83 21 43 61 84 20 43 61 85 19 43 61 86 18 43 61 87 17 43 61 88 16 43 61 89 15 43 61 90 14 43 61 91 13 43 62 13 92 43 62 14 91 43 62 15 90 43 62 16 89 43 62 17 88 43 62 18 87 43 62 19 86 43 62 20 85 43 62 21 84 43 62 22 83 43 62 23 82 43 62 24 81 43 62 25 80 43 62 26 79 43 62 27 78 43 62 28 77 43 62 29 76 43 62 30 75 43 62 31 74 43 62 32 73 43 62 33 72 43 62 34 71 43 62 35 70 43 62 36 69 43 62 37 68 43 62 38 67 43 62 39 66 43 62 40 65 43 62 41 64 43 62 42 63 43 62 43 62 43 62 44 61 43 62 45 60 43 62 46 59 43 62 47 58 43 62 48 57 43 62 49 56 43 62 50 55 43 62 51 54 43 62 52 53 43 62 53 52 43 62 54 51 43 62 55 50 43 62 56 49 43 62 57 48 43 62 58 47 43 62 59 46 43 62 60 45 43 62 61 44 43 62 62 43 43 62 63 42 43 62 64 41 43 62 65 40 43 62 66 39 43 62 67 38 43 62 68 37 43 62 69 36 43 62 70 35 43 62 71 34 43 62 72 33 43 62 73 32 43 62 74 31 43 62 75 30 43 62 76 29 43 62 77 28 43 62 78 27 43 62 79 26 43 62 80 25 43 62 81 24 43 62 82 23 43 62 83 22 43 62 84 21 43 62 85 20 43 62 86 19 43 62 87 18 43 62 88 17 43 62 89 16 43 62 90 15 43 62 91 14 43 62 92 13 43 63 14 92 43 63 15 91 43 63 16 90 43 63 17 89 43 63 18 88 43 63 19 87 43 63 20 86 43 63 21 85 43 63 22 84 43 63 23 83 43 63 24 82 43 63 25 81 43 63 26 80 43 63 27 79 43 63 28 78 43 63 29 77 43 63 30 76 43 63 31 75 43 63 32 74 43 63 33 73 43 63 34 72 43 63 35 71 43 63 36 70 43 63 37 69 43 63 38 68 43 63 39 67 43 63 40 66 43 63 41 65 43 63 42 64 43 63 43 63 43 63 44 62 43 63 45 61 43 63 46 60 43 63 47 59 43 63 48 58 43 63 49 57 43 63 50 56 43 63 51 55 43 63 52 54 43 63 53 53 43 63 54 52 43 63 55 51 43 63 56 50 43 63 57 49 43 63 58 48 43 63 59 47 43 63 60 46 43 63 61 45 43 63 62 44 43 63 63 43 43 63 64 42 43 63 65 41 43 63 66 40 43 63 67 39 43 63 68 38 43 63 69 37 43 63 70 36 43 63 71 35 43 63 72 34 43 63 73 33 43 63 74 32 43 63 75 31 43 63 76 30 43 63 77 29 43 63 78 28 43 63 79 27 43 63 80 26 43 63 81 25 43 63 82 24 43 63 83 23 43 63 84 22 43 63 85 21 43 63 86 20 43 63 87 19 43 63 88 18 43 63 89 17 43 63 90 16 43 63 91 15 43 63 92 14 43 64 15 92 43 64 16 91 43 64 17 90 43 64 18 89 43 64 19 88 43 64 20 87 43 64 21 86 43 64 22 85 43 64 23 84 43 64 24 83 43 64 25 82 43 64 26 81 43 64 27 80 43 64 28 79 43 64 29 78 43 64 30 77 43 64 31 76 43 64 32 75 43 64 33 74 43 64 34 73 43 64 35 72 43 64 36 71 43 64 37 70 43 64 38 69 43 64 39 68 43 64 40 67 43 64 41 66 43 64 42 65 43 64 43 64 43 64 44 63 43 64 45 62 43 64 46 61 43 64 47 60 43 64 48 59 43 64 49 58 43 64 50 57 43 64 51 56 43 64 52 55 43 64 53 54 43 64 54 53 43 64 55 52 43 64 56 51 43 64 57 50 43 64 58 49 43 64 59 48 43 64 60 47 43 64 61 46 43 64 62 45 43 64 63 44 43 64 64 43 43 64 65 42 43 64 66 41 43 64 67 40 43 64 68 39 43 64 69 38 43 64 70 37 43 64 71 36 43 64 72 35 43 64 73 34 43 64 74 33 43 64 75 32 43 64 76 31 43 64 77 30 43 64 78 29 43 64 79 28 43 64 80 27 43 64 81 26 43 64 82 25 43 64 83 24 43 64 84 23 43 64 85 22 43 64 86 21 43 64 87 20 43 64 88 19 43 64 89 18 43 64 90 17 43 64 91 16 43 64 92 15 43 65 16 92 43 65 17 91 43 65 18 90 43 65 19 89 43 65 20 88 43 65 21 87 43 65 22 86 43 65 23 85 43 65 24 84 43 65 25 83 43 65 26 82 43 65 27 81 43 65 28 80 43 65 29 79 43 65 30 78 43 65 31 77 43 65 32 76 43 65 33 75 43 65 34 74 43 65 35 73 43 65 36 72 43 65 37 71 43 65 38 70 43 65 39 69 43 65 40 68 43 65 41 67 43 65 42 66 43 65 43 65 43 65 44 64 43 65 45 63 43 65 46 62 43 65 47 61 43 65 48 60 43 65 49 59 43 65 50 58 43 65 51 57 43 65 52 56 43 65 53 55 43 65 54 54 43 65 55 53 43 65 56 52 43 65 57 51 43 65 58 50 43 65 59 49 43 65 60 48 43 65 61 47 43 65 62 46 43 65 63 45 43 65 64 44 43 65 65 43 43 65 66 42 43 65 67 41 43 65 68 40 43 65 69 39 43 65 70 38 43 65 71 37 43 65 72 36 43 65 73 35 43 65 74 34 43 65 75 33 43 65 76 32 43 65 77 31 43 65 78 30 43 65 79 29 43 65 80 28 43 65 81 27 43 65 82 26 43 65 83 25 43 65 84 24 43 65 85 23 43 65 86 22 43 65 87 21 43 65 88 20 43 65 89 19 43 65 90 18 43 65 91 17 43 65 92 16 43 66 17 92 43 66 18 91 43 66 19 90 43 66 20 89 43 66 21 88 43 66 22 87 43 66 23 86 43 66 24 85 43 66 25 84 43 66 26 83 43 66 27 82 43 66 28 81 43 66 29 80 43 66 30 79 43 66 31 78 43 66 32 77 43 66 33 76 43 66 34 75 43 66 35 74 43 66 36 73 43 66 37 72 43 66 38 71 43 66 39 70 43 66 40 69 43 66 41 68 43 66 42 67 43 66 43 66 43 66 44 65 43 66 45 64 43 66 46 63 43 66 47 62 43 66 48 61 43 66 49 60 43 66 50 59 43 66 51 58 43 66 52 57 43 66 53 56 43 66 54 55 43 66 55 54 43 66 56 53 43 66 57 52 43 66 58 51 43 66 59 50 43 66 60 49 43 66 61 48 43 66 62 47 43 66 63 46 43 66 64 45 43 66 65 44 43 66 66 43 43 66 67 42 43 66 68 41 43 66 69 40 43 66 70 39 43 66 71 38 43 66 72 37 43 66 73 36 43 66 74 35 43 66 75 34 43 66 76 33 43 66 77 32 43 66 78 31 43 66 79 30 43 66 80 29 43 66 81 28 43 66 82 27 43 66 83 26 43 66 84 25 43 66 85 24 43 66 86 23 43 66 87 22 43 66 88 21 43 66 89 20 43 66 90 19 43 66 91 18 43 66 92 17 43 67 18 92 43 67 19 91 43 67 20 90 43 67 21 89 43 67 22 88 43 67 23 87 43 67 24 86 43 67 25 85 43 67 26 84 43 67 27 83 43 67 28 82 43 67 29 81 43 67 30 80 43 67 31 79 43 67 32 78 43 67 33 77 43 67 34 76 43 67 35 75 43 67 36 74 43 67 37 73 43 67 38 72 43 67 39 71 43 67 40 70 43 67 41 69 43 67 42 68 43 67 43 67 43 67 44 66 43 67 45 65 43 67 46 64 43 67 47 63 43 67 48 62 43 67 49 61 43 67 50 60 43 67 51 59 43 67 52 58 43 67 53 57 43 67 54 56 43 67 55 55 43 67 56 54 43 67 57 53 43 67 58 52 43 67 59 51 43 67 60 50 43 67 61 49 43 67 62 48 43 67 63 47 43 67 64 46 43 67 65 45 43 67 66 44 43 67 67 43 43 67 68 42 43 67 69 41 43 67 70 40 43 67 71 39 43 67 72 38 43 67 73 37 43 67 74 36 43 67 75 35 43 67 76 34 43 67 77 33 43 67 78 32 43 67 79 31 43 67 80 30 43 67 81 29 43 67 82 28 43 67 83 27 43 67 84 26 43 67 85 25 43 67 86 24 43 67 87 23 43 67 88 22 43 67 89 21 43 67 90 20 43 67 91 19 43 67 92 18 43 68 19 92 43 68 20 91 43 68 21 90 43 68 22 89 43 68 23 88 43 68 24 87 43 68 25 86 43 68 26 85 43 68 27 84 43 68 28 83 43 68 29 82 43 68 30 81 43 68 31 80 43 68 32 79 43 68 33 78 43 68 34 77 43 68 35 76 43 68 36 75 43 68 37 74 43 68 38 73 43 68 39 72 43 68 40 71 43 68 41 70 43 68 42 69 43 68 43 68 43 68 44 67 43 68 45 66 43 68 46 65 43 68 47 64 43 68 48 63 43 68 49 62 43 68 50 61 43 68 51 60 43 68 52 59 43 68 53 58 43 68 54 57 43 68 55 56 43 68 56 55 43 68 57 54 43 68 58 53 43 68 59 52 43 68 60 51 43 68 61 50 43 68 62 49 43 68 63 48 43 68 64 47 43 68 65 46 43 68 66 45 43 68 67 44 43 68 68 43 43 68 69 42 43 68 70 41 43 68 71 40 43 68 72 39 43 68 73 38 43 68 74 37 43 68 75 36 43 68 76 35 43 68 77 34 43 68 78 33 43 68 79 32 43 68 80 31 43 68 81 30 43 68 82 29 43 68 83 28 43 68 84 27 43 68 85 26 43 68 86 25 43 68 87 24 43 68 88 23 43 68 89 22 43 68 90 21 43 68 91 20 43 68 92 19 43 69 20 92 43 69 21 91 43 69 22 90 43 69 23 89 43 69 24 88 43 69 25 87 43 69 26 86 43 69 27 85 43 69 28 84 43 69 29 83 43 69 30 82 43 69 31 81 43 69 32 80 43 69 33 79 43 69 34 78 43 69 35 77 43 69 36 76 43 69 37 75 43 69 38 74 43 69 39 73 43 69 40 72 43 69 41 71 43 69 42 70 43 69 43 69 43 69 44 68 43 69 45 67 43 69 46 66 43 69 47 65 43 69 48 64 43 69 49 63 43 69 50 62 43 69 51 61 43 69 52 60 43 69 53 59 43 69 54 58 43 69 55 57 43 69 56 56 43 69 57 55 43 69 58 54 43 69 59 53 43 69 60 52 43 69 61 51 43 69 62 50 43 69 63 49 43 69 64 48 43 69 65 47 43 69 66 46 43 69 67 45 43 69 68 44 43 69 69 43 43 69 70 42 43 69 71 41 43 69 72 40 43 69 73 39 43 69 74 38 43 69 75 37 43 69 76 36 43 69 77 35 43 69 78 34 43 69 79 33 43 69 80 32 43 69 81 31 43 69 82 30 43 69 83 29 43 69 84 28 43 69 85 27 43 69 86 26 43 69 87 25 43 69 88 24 43 69 89 23 43 69 90 22 43 69 91 21 43 69 92 20 43 70 21 92 43 70 22 91 43 70 23 90 43 70 24 89 43 70 25 88 43 70 26 87 43 70 27 86 43 70 28 85 43 70 29 84 43 70 30 83 43 70 31 82 43 70 32 81 43 70 33 80 43 70 34 79 43 70 35 78 43 70 36 77 43 70 37 76 43 70 38 75 43 70 39 74 43 70 40 73 43 70 41 72 43 70 42 71 43 70 43 70 43 70 44 69 43 70 45 68 43 70 46 67 43 70 47 66 43 70 48 65 43 70 49 64 43 70 50 63 43 70 51 62 43 70 52 61 43 70 53 60 43 70 54 59 43 70 55 58 43 70 56 57 43 70 57 56 43 70 58 55 43 70 59 54 43 70 60 53 43 70 61 52 43 70 62 51 43 70 63 50 43 70 64 49 43 70 65 48 43 70 66 47 43 70 67 46 43 70 68 45 43 70 69 44 43 70 70 43 43 70 71 42 43 70 72 41 43 70 73 40 43 70 74 39 43 70 75 38 43 70 76 37 43 70 77 36 43 70 78 35 43 70 79 34 43 70 80 33 43 70 81 32 43 70 82 31 43 70 83 30 43 70 84 29 43 70 85 28 43 70 86 27 43 70 87 26 43 70 88 25 43 70 89 24 43 70 90 23 43 70 91 22 43 70 92 21 43 71 22 92 43 71 23 91 43 71 24 90 43 71 25 89 43 71 26 88 43 71 27 87 43 71 28 86 43 71 29 85 43 71 30 84 43 71 31 83 43 71 32 82 43 71 33 81 43 71 34 80 43 71 35 79 43 71 36 78 43 71 37 77 43 71 38 76 43 71 39 75 43 71 40 74 43 71 41 73 43 71 42 72 43 71 43 71 43 71 44 70 43 71 45 69 43 71 46 68 43 71 47 67 43 71 48 66 43 71 49 65 43 71 50 64 43 71 51 63 43 71 52 62 43 71 53 61 43 71 54 60 43 71 55 59 43 71 56 58 43 71 57 57 43 71 58 56 43 71 59 55 43 71 60 54 43 71 61 53 43 71 62 52 43 71 63 51 43 71 64 50 43 71 65 49 43 71 66 48 43 71 67 47 43 71 68 46 43 71 69 45 43 71 70 44 43 71 71 43 43 71 72 42 43 71 73 41 43 71 74 40 43 71 75 39 43 71 76 38 43 71 77 37 43 71 78 36 43 71 79 35 43 71 80 34 43 71 81 33 43 71 82 32 43 71 83 31 43 71 84 30 43 71 85 29 43 71 86 28 43 71 87 27 43 71 88 26 43 71 89 25 43 71 90 24 43 71 91 23 43 71 92 22 43 72 23 92 43 72 24 91 43 72 25 90 43 72 26 89 43 72 27 88 43 72 28 87 43 72 29 86 43 72 30 85 43 72 31 84 43 72 32 83 43 72 33 82 43 72 34 81 43 72 35 80 43 72 36 79 43 72 37 78 43 72 38 77 43 72 39 76 43 72 40 75 43 72 41 74 43 72 42 73 43 72 43 72 43 72 44 71 43 72 45 70 43 72 46 69 43 72 47 68 43 72 48 67 43 72 49 66 43 72 50 65 43 72 51 64 43 72 52 63 43 72 53 62 43 72 54 61 43 72 55 60 43 72 56 59 43 72 57 58 43 72 58 57 43 72 59 56 43 72 60 55 43 72 61 54 43 72 62 53 43 72 63 52 43 72 64 51 43 72 65 50 43 72 66 49 43 72 67 48 43 72 68 47 43 72 69 46 43 72 70 45 43 72 71 44 43 72 72 43 43 72 73 42 43 72 74 41 43 72 75 40 43 72 76 39 43 72 77 38 43 72 78 37 43 72 79 36 43 72 80 35 43 72 81 34 43 72 82 33 43 72 83 32 43 72 84 31 43 72 85 30 43 72 86 29 43 72 87 28 43 72 88 27 43 72 89 26 43 72 90 25 43 72 91 24 43 72 92 23 43 73 24 92 43 73 25 91 43 73 26 90 43 73 27 89 43 73 28 88 43 73 29 87 43 73 30 86 43 73 31 85 43 73 32 84 43 73 33 83 43 73 34 82 43 73 35 81 43 73 36 80 43 73 37 79 43 73 38 78 43 73 39 77 43 73 40 76 43 73 41 75 43 73 42 74 43 73 43 73 43 73 44 72 43 73 45 71 43 73 46 70 43 73 47 69 43 73 48 68 43 73 49 67 43 73 50 66 43 73 51 65 43 73 52 64 43 73 53 63 43 73 54 62 43 73 55 61 43 73 56 60 43 73 57 59 43 73 58 58 43 73 59 57 43 73 60 56 43 73 61 55 43 73 62 54 43 73 63 53 43 73 64 52 43 73 65 51 43 73 66 50 43 73 67 49 43 73 68 48 43 73 69 47 43 73 70 46 43 73 71 45 43 73 72 44 43 73 73 43 43 73 74 42 43 73 75 41 43 73 76 40 43 73 77 39 43 73 78 38 43 73 79 37 43 73 80 36 43 73 81 35 43 73 82 34 43 73 83 33 43 73 84 32 43 73 85 31 43 73 86 30 43 73 87 29 43 73 88 28 43 73 89 27 43 73 90 26 43 73 91 25 43 73 92 24 43 74 25 92 43 74 26 91 43 74 27 90 43 74 28 89 43 74 29 88 43 74 30 87 43 74 31 86 43 74 32 85 43 74 33 84 43 74 34 83 43 74 35 82 43 74 36 81 43 74 37 80 43 74 38 79 43 74 39 78 43 74 40 77 43 74 41 76 43 74 42 75 43 74 43 74 43 74 44 73 43 74 45 72 43 74 46 71 43 74 47 70 43 74 48 69 43 74 49 68 43 74 50 67 43 74 51 66 43 74 52 65 43 74 53 64 43 74 54 63 43 74 55 62 43 74 56 61 43 74 57 60 43 74 58 59 43 74 59 58 43 74 60 57 43 74 61 56 43 74 62 55 43 74 63 54 43 74 64 53 43 74 65 52 43 74 66 51 43 74 67 50 43 74 68 49 43 74 69 48 43 74 70 47 43 74 71 46 43 74 72 45 43 74 73 44 43 74 74 43 43 74 75 42 43 74 76 41 43 74 77 40 43 74 78 39 43 74 79 38 43 74 80 37 43 74 81 36 43 74 82 35 43 74 83 34 43 74 84 33 43 74 85 32 43 74 86 31 43 74 87 30 43 74 88 29 43 74 89 28 43 74 90 27 43 74 91 26 43 74 92 25 43 75 26 92 43 75 27 91 43 75 28 90 43 75 29 89 43 75 30 88 43 75 31 87 43 75 32 86 43 75 33 85 43 75 34 84 43 75 35 83 43 75 36 82 43 75 37 81 43 75 38 80 43 75 39 79 43 75 40 78 43 75 41 77 43 75 42 76 43 75 43 75 43 75 44 74 43 75 45 73 43 75 46 72 43 75 47 71 43 75 48 70 43 75 49 69 43 75 50 68 43 75 51 67 43 75 52 66 43 75 53 65 43 75 54 64 43 75 55 63 43 75 56 62 43 75 57 61 43 75 58 60 43 75 59 59 43 75 60 58 43 75 61 57 43 75 62 56 43 75 63 55 43 75 64 54 43 75 65 53 43 75 66 52 43 75 67 51 43 75 68 50 43 75 69 49 43 75 70 48 43 75 71 47 43 75 72 46 43 75 73 45 43 75 74 44 43 75 75 43 43 75 76 42 43 75 77 41 43 75 78 40 43 75 79 39 43 75 80 38 43 75 81 37 43 75 82 36 43 75 83 35 43 75 84 34 43 75 85 33 43 75 86 32 43 75 87 31 43 75 88 30 43 75 89 29 43 75 90 28 43 75 91 27 43 75 92 26 43 76 27 92 43 76 28 91 43 76 29 90 43 76 30 89 43 76 31 88 43 76 32 87 43 76 33 86 43 76 34 85 43 76 35 84 43 76 36 83 43 76 37 82 43 76 38 81 43 76 39 80 43 76 40 79 43 76 41 78 43 76 42 77 43 76 43 76 43 76 44 75 43 76 45 74 43 76 46 73 43 76 47 72 43 76 48 71 43 76 49 70 43 76 50 69 43 76 51 68 43 76 52 67 43 76 53 66 43 76 54 65 43 76 55 64 43 76 56 63 43 76 57 62 43 76 58 61 43 76 59 60 43 76 60 59 43 76 61 58 43 76 62 57 43 76 63 56 43 76 64 55 43 76 65 54 43 76 66 53 43 76 67 52 43 76 68 51 43 76 69 50 43 76 70 49 43 76 71 48 43 76 72 47 43 76 73 46 43 76 74 45 43 76 75 44 43 76 76 43 43 76 77 42 43 76 78 41 43 76 79 40 43 76 80 39 43 76 81 38 43 76 82 37 43 76 83 36 43 76 84 35 43 76 85 34 43 76 86 33 43 76 87 32 43 76 88 31 43 76 89 30 43 76 90 29 43 76 91 28 43 76 92 27 43 77 28 92 43 77 29 91 43 77 30 90 43 77 31 89 43 77 32 88 43 77 33 87 43 77 34 86 43 77 35 85 43 77 36 84 43 77 37 83 43 77 38 82 43 77 39 81 43 77 40 80 43 77 41 79 43 77 42 78 43 77 43 77 43 77 44 76 43 77 45 75 43 77 46 74 43 77 47 73 43 77 48 72 43 77 49 71 43 77 50 70 43 77 51 69 43 77 52 68 43 77 53 67 43 77 54 66 43 77 55 65 43 77 56 64 43 77 57 63 43 77 58 62 43 77 59 61 43 77 60 60 43 77 61 59 43 77 62 58 43 77 63 57 43 77 64 56 43 77 65 55 43 77 66 54 43 77 67 53 43 77 68 52 43 77 69 51 43 77 70 50 43 77 71 49 43 77 72 48 43 77 73 47 43 77 74 46 43 77 75 45 43 77 76 44 43 77 77 43 43 77 78 42 43 77 79 41 43 77 80 40 43 77 81 39 43 77 82 38 43 77 83 37 43 77 84 36 43 77 85 35 43 77 86 34 43 77 87 33 43 77 88 32 43 77 89 31 43 77 90 30 43 77 91 29 43 77 92 28 43 78 29 92 43 78 30 91 43 78 31 90 43 78 32 89 43 78 33 88 43 78 34 87 43 78 35 86 43 78 36 85 43 78 37 84 43 78 38 83 43 78 39 82 43 78 40 81 43 78 41 80 43 78 42 79 43 78 43 78 43 78 44 77 43 78 45 76 43 78 46 75 43 78 47 74 43 78 48 73 43 78 49 72 43 78 50 71 43 78 51 70 43 78 52 69 43 78 53 68 43 78 54 67 43 78 55 66 43 78 56 65 43 78 57 64 43 78 58 63 43 78 59 62 43 78 60 61 43 78 61 60 43 78 62 59 43 78 63 58 43 78 64 57 43 78 65 56 43 78 66 55 43 78 67 54 43 78 68 53 43 78 69 52 43 78 70 51 43 78 71 50 43 78 72 49 43 78 73 48 43 78 74 47 43 78 75 46 43 78 76 45 43 78 77 44 43 78 78 43 43 78 79 42 43 78 80 41 43 78 81 40 43 78 82 39 43 78 83 38 43 78 84 37 43 78 85 36 43 78 86 35 43 78 87 34 43 78 88 33 43 78 89 32 43 78 90 31 43 78 91 30 43 78 92 29 43 79 30 92 43 79 31 91 43 79 32 90 43 79 33 89 43 79 34 88 43 79 35 87 43 79 36 86 43 79 37 85 43 79 38 84 43 79 39 83 43 79 40 82 43 79 41 81 43 79 42 80 43 79 43 79 43 79 44 78 43 79 45 77 43 79 46 76 43 79 47 75 43 79 48 74 43 79 49 73 43 79 50 72 43 79 51 71 43 79 52 70 43 79 53 69 43 79 54 68 43 79 55 67 43 79 56 66 43 79 57 65 43 79 58 64 43 79 59 63 43 79 60 62 43 79 61 61 43 79 62 60 43 79 63 59 43 79 64 58 43 79 65 57 43 79 66 56 43 79 67 55 43 79 68 54 43 79 69 53 43 79 70 52 43 79 71 51 43 79 72 50 43 79 73 49 43 79 74 48 43 79 75 47 43 79 76 46 43 79 77 45 43 79 78 44 43 79 79 43 43 79 80 42 43 79 81 41 43 79 82 40 43 79 83 39 43 79 84 38 43 79 85 37 43 79 86 36 43 79 87 35 43 79 88 34 43 79 89 33 43 79 90 32 43 79 91 31 43 79 92 30 43 80 31 92 43 80 32 91 43 80 33 90 43 80 34 89 43 80 35 88 43 80 36 87 43 80 37 86 43 80 38 85 43 80 39 84 43 80 40 83 43 80 41 82 43 80 42 81 43 80 43 80 43 80 44 79 43 80 45 78 43 80 46 77 43 80 47 76 43 80 48 75 43 80 49 74 43 80 50 73 43 80 51 72 43 80 52 71 43 80 53 70 43 80 54 69 43 80 55 68 43 80 56 67 43 80 57 66 43 80 58 65 43 80 59 64 43 80 60 63 43 80 61 62 43 80 62 61 43 80 63 60 43 80 64 59 43 80 65 58 43 80 66 57 43 80 67 56 43 80 68 55 43 80 69 54 43 80 70 53 43 80 71 52 43 80 72 51 43 80 73 50 43 80 74 49 43 80 75 48 43 80 76 47 43 80 77 46 43 80 78 45 43 80 79 44 43 80 80 43 43 80 81 42 43 80 82 41 43 80 83 40 43 80 84 39 43 80 85 38 43 80 86 37 43 80 87 36 43 80 88 35 43 80 89 34 43 80 90 33 43 80 91 32 43 80 92 31 43 81 32 92 43 81 33 91 43 81 34 90 43 81 35 89 43 81 36 88 43 81 37 87 43 81 38 86 43 81 39 85 43 81 40 84 43 81 41 83 43 81 42 82 43 81 43 81 43 81 44 80 43 81 45 79 43 81 46 78 43 81 47 77 43 81 48 76 43 81 49 75 43 81 50 74 43 81 51 73 43 81 52 72 43 81 53 71 43 81 54 70 43 81 55 69 43 81 56 68 43 81 57 67 43 81 58 66 43 81 59 65 43 81 60 64 43 81 61 63 43 81 62 62 43 81 63 61 43 81 64 60 43 81 65 59 43 81 66 58 43 81 67 57 43 81 68 56 43 81 69 55 43 81 70 54 43 81 71 53 43 81 72 52 43 81 73 51 43 81 74 50 43 81 75 49 43 81 76 48 43 81 77 47 43 81 78 46 43 81 79 45 43 81 80 44 43 81 81 43 43 81 82 42 43 81 83 41 43 81 84 40 43 81 85 39 43 81 86 38 43 81 87 37 43 81 88 36 43 81 89 35 43 81 90 34 43 81 91 33 43 81 92 32 43 82 33 92 43 82 34 91 43 82 35 90 43 82 36 89 43 82 37 88 43 82 38 87 43 82 39 86 43 82 40 85 43 82 41 84 43 82 42 83 43 82 43 82 43 82 44 81 43 82 45 80 43 82 46 79 43 82 47 78 43 82 48 77 43 82 49 76 43 82 50 75 43 82 51 74 43 82 52 73 43 82 53 72 43 82 54 71 43 82 55 70 43 82 56 69 43 82 57 68 43 82 58 67 43 82 59 66 43 82 60 65 43 82 61 64 43 82 62 63 43 82 63 62 43 82 64 61 43 82 65 60 43 82 66 59 43 82 67 58 43 82 68 57 43 82 69 56 43 82 70 55 43 82 71 54 43 82 72 53 43 82 73 52 43 82 74 51 43 82 75 50 43 82 76 49 43 82 77 48 43 82 78 47 43 82 79 46 43 82 80 45 43 82 81 44 43 82 82 43 43 82 83 42 43 82 84 41 43 82 85 40 43 82 86 39 43 82 87 38 43 82 88 37 43 82 89 36 43 82 90 35 43 82 91 34 43 82 92 33 43 83 34 92 43 83 35 91 43 83 36 90 43 83 37 89 43 83 38 88 43 83 39 87 43 83 40 86 43 83 41 85 43 83 42 84 43 83 43 83 43 83 44 82 43 83 45 81 43 83 46 80 43 83 47 79 43 83 48 78 43 83 49 77 43 83 50 76 43 83 51 75 43 83 52 74 43 83 53 73 43 83 54 72 43 83 55 71 43 83 56 70 43 83 57 69 43 83 58 68 43 83 59 67 43 83 60 66 43 83 61 65 43 83 62 64 43 83 63 63 43 83 64 62 43 83 65 61 43 83 66 60 43 83 67 59 43 83 68 58 43 83 69 57 43 83 70 56 43 83 71 55 43 83 72 54 43 83 73 53 43 83 74 52 43 83 75 51 43 83 76 50 43 83 77 49 43 83 78 48 43 83 79 47 43 83 80 46 43 83 81 45 43 83 82 44 43 83 83 43 43 83 84 42 43 83 85 41 43 83 86 40 43 83 87 39 43 83 88 38 43 83 89 37 43 83 90 36 43 83 91 35 43 83 92 34 43 84 35 92 43 84 36 91 43 84 37 90 43 84 38 89 43 84 39 88 43 84 40 87 43 84 41 86 43 84 42 85 43 84 43 84 43 84 44 83 43 84 45 82 43 84 46 81 43 84 47 80 43 84 48 79 43 84 49 78 43 84 50 77 43 84 51 76 43 84 52 75 43 84 53 74 43 84 54 73 43 84 55 72 43 84 56 71 43 84 57 70 43 84 58 69 43 84 59 68 43 84 60 67 43 84 61 66 43 84 62 65 43 84 63 64 43 84 64 63 43 84 65 62 43 84 66 61 43 84 67 60 43 84 68 59 43 84 69 58 43 84 70 57 43 84 71 56 43 84 72 55 43 84 73 54 43 84 74 53 43 84 75 52 43 84 76 51 43 84 77 50 43 84 78 49 43 84 79 48 43 84 80 47 43 84 81 46 43 84 82 45 43 84 83 44 43 84 84 43 43 84 85 42 43 84 86 41 43 84 87 40 43 84 88 39 43 84 89 38 43 84 90 37 43 84 91 36 43 84 92 35 43 85 36 92 43 85 37 91 43 85 38 90 43 85 39 89 43 85 40 88 43 85 41 87 43 85 42 86 43 85 43 85 43 85 44 84 43 85 45 83 43 85 46 82 43 85 47 81 43 85 48 80 43 85 49 79 43 85 50 78 43 85 51 77 43 85 52 76 43 85 53 75 43 85 54 74 43 85 55 73 43 85 56 72 43 85 57 71 43 85 58 70 43 85 59 69 43 85 60 68 43 85 61 67 43 85 62 66 43 85 63 65 43 85 64 64 43 85 65 63 43 85 66 62 43 85 67 61 43 85 68 60 43 85 69 59 43 85 70 58 43 85 71 57 43 85 72 56 43 85 73 55 43 85 74 54 43 85 75 53 43 85 76 52 43 85 77 51 43 85 78 50 43 85 79 49 43 85 80 48 43 85 81 47 43 85 82 46 43 85 83 45 43 85 84 44 43 85 85 43 43 85 86 42 43 85 87 41 43 85 88 40 43 85 89 39 43 85 90 38 43 85 91 37 43 85 92 36 43 86 37 92 43 86 38 91 43 86 39 90 43 86 40 89 43 86 41 88 43 86 42 87 43 86 43 86 43 86 44 85 43 86 45 84 43 86 46 83 43 86 47 82 43 86 48 81 43 86 49 80 43 86 50 79 43 86 51 78 43 86 52 77 43 86 53 76 43 86 54 75 43 86 55 74 43 86 56 73 43 86 57 72 43 86 58 71 43 86 59 70 43 86 60 69 43 86 61 68 43 86 62 67 43 86 63 66 43 86 64 65 43 86 65 64 43 86 66 63 43 86 67 62 43 86 68 61 43 86 69 60 43 86 70 59 43 86 71 58 43 86 72 57 43 86 73 56 43 86 74 55 43 86 75 54 43 86 76 53 43 86 77 52 43 86 78 51 43 86 79 50 43 86 80 49 43 86 81 48 43 86 82 47 43 86 83 46 43 86 84 45 43 86 85 44 43 86 86 43 43 86 87 42 43 86 88 41 43 86 89 40 43 86 90 39 43 86 91 38 43 86 92 37 43 87 38 92 43 87 39 91 43 87 40 90 43 87 41 89 43 87 42 88 43 87 43 87 43 87 44 86 43 87 45 85 43 87 46 84 43 87 47 83 43 87 48 82 43 87 49 81 43 87 50 80 43 87 51 79 43 87 52 78 43 87 53 77 43 87 54 76 43 87 55 75 43 87 56 74 43 87 57 73 43 87 58 72 43 87 59 71 43 87 60 70 43 87 61 69 43 87 62 68 43 87 63 67 43 87 64 66 43 87 65 65 43 87 66 64 43 87 67 63 43 87 68 62 43 87 69 61 43 87 70 60 43 87 71 59 43 87 72 58 43 87 73 57 43 87 74 56 43 87 75 55 43 87 76 54 43 87 77 53 43 87 78 52 43 87 79 51 43 87 80 50 43 87 81 49 43 87 82 48 43 87 83 47 43 87 84 46 43 87 85 45 43 87 86 44 43 87 87 43 43 87 88 42 43 87 89 41 43 87 90 40 43 87 91 39 43 87 92 38 43 88 39 92 43 88 40 91 43 88 41 90 43 88 42 89 43 88 43 88 43 88 44 87 43 88 45 86 43 88 46 85 43 88 47 84 43 88 48 83 43 88 49 82 43 88 50 81 43 88 51 80 43 88 52 79 43 88 53 78 43 88 54 77 43 88 55 76 43 88 56 75 43 88 57 74 43 88 58 73 43 88 59 72 43 88 60 71 43 88 61 70 43 88 62 69 43 88 63 68 43 88 64 67 43 88 65 66 43 88 66 65 43 88 67 64 43 88 68 63 43 88 69 62 43 88 70 61 43 88 71 60 43 88 72 59 43 88 73 58 43 88 74 57 43 88 75 56 43 88 76 55 43 88 77 54 43 88 78 53 43 88 79 52 43 88 80 51 43 88 81 50 43 88 82 49 43 88 83 48 43 88 84 47 43 88 85 46 43 88 86 45 43 88 87 44 43 88 88 43 43 88 89 42 43 88 90 41 43 88 91 40 43 88 92 39 43 89 40 92 43 89 41 91 43 89 42 90 43 89 43 89 43 89 44 88 43 89 45 87 43 89 46 86 43 89 47 85 43 89 48 84 43 89 49 83 43 89 50 82 43 89 51 81 43 89 52 80 43 89 53 79 43 89 54 78 43 89 55 77 43 89 56 76 43 89 57 75 43 89 58 74 43 89 59 73 43 89 60 72 43 89 61 71 43 89 62 70 43 89 63 69 43 89 64 68 43 89 65 67 43 89 66 66 43 89 67 65 43 89 68 64 43 89 69 63 43 89 70 62 43 89 71 61 43 89 72 60 43 89 73 59 43 89 74 58 43 89 75 57 43 89 76 56 43 89 77 55 43 89 78 54 43 89 79 53 43 89 80 52 43 89 81 51 43 89 82 50 43 89 83 49 43 89 84 48 43 89 85 47 43 89 86 46 43 89 87 45 43 89 88 44 43 89 89 43 43 89 90 42 43 89 91 41 43 89 92 40 43 90 41 92 43 90 42 91 43 90 43 90 43 90 44 89 43 90 45 88 43 90 46 87 43 90 47 86 43 90 48 85 43 90 49 84 43 90 50 83 43 90 51 82 43 90 52 81 43 90 53 80 43 90 54 79 43 90 55 78 43 90 56 77 43 90 57 76 43 90 58 75 43 90 59 74 43 90 60 73 43 90 61 72 43 90 62 71 43 90 63 70 43 90 64 69 43 90 65 68 43 90 66 67 43 90 67 66 43 90 68 65 43 90 69 64 43 90 70 63 43 90 71 62 43 90 72 61 43 90 73 60 43 90 74 59 43 90 75 58 43 90 76 57 43 90 77 56 43 90 78 55 43 90 79 54 43 90 80 53 43 90 81 52 43 90 82 51 43 90 83 50 43 90 84 49 43 90 85 48 43 90 86 47 43 90 87 46 43 90 88 45 43 90 89 44 43 90 90 43 43 90 91 42 43 90 92 41 43 91 42 92 43 91 43 91 43 91 44 90 43 91 45 89 43 91 46 88 43 91 47 87 43 91 48 86 43 91 49 85 43 91 50 84 43 91 51 83 43 91 52 82 43 91 53 81 43 91 54 80 43 91 55 79 43 91 56 78 43 91 57 77 43 91 58 76 43 91 59 75 43 91 60 74 43 91 61 73 43 91 62 72 43 91 63 71 43 91 64 70 43 91 65 69 43 91 66 68 43 91 67 67 43 91 68 66 43 91 69 65 43 91 70 64 43 91 71 63 43 91 72 62 43 91 73 61 43 91 74 60 43 91 75 59 43 91 76 58 43 91 77 57 43 91 78 56 43 91 79 55 43 91 80 54 43 91 81 53 43 91 82 52 43 91 83 51 43 91 84 50 43 91 85 49 43 91 86 48 43 91 87 47 43 91 88 46 43 91 89 45 43 91 90 44 43 91 91 43 43 91 92 42 43 92 43 92 43 92 44 91 43 92 45 90 43 92 46 89 43 92 47 88 43 92 48 87 43 92 49 86 43 92 50 85 43 92 51 84 43 92 52 83 43 92 53 82 43 92 54 81 43 92 55 80 43 92 56 79 43 92 57 78 43 92 58 77 43 92 59 76 43 92 60 75 43 92 61 74 43 92 62 73 43 92 63 72 43 92 64 71 43 92 65 70 43 92 66 69 43 92 67 68 43 92 68 67 43 92 69 66 43 92 70 65 43 92 71 64 43 92 72 63 43 92 73 62 43 92 74 61 43 92 75 60 43 92 76 59 43 92 77 58 43 92 78 57 43 92 79 56 43 92 80 55 43 92 81 54 43 92 82 53 43 92 83 52 43 92 84 51 43 92 85 50 43 92 86 49 43 92 87 48 43 92 88 47 43 92 89 46 43 92 90 45 43 92 91 44 43 92 92 43 

















































