















16 0 0 16 16 0 1 14 16 0 2 12 16 0 3 11 16 0 5 9 16 0 6 8 16 0 8 6 16 0 9 5 16 0 11 3 16 0 12 2 16 0 14 1 16 0 16 0 16 1 0 18 16 1 1 16 16 1 2 14 16 1 3 13 16 1 4 11 16 1 5 10 16 1 7 8 16 1 8 7 16 1 10 5 16 1 11 4 16 1 13 3 16 1 14 2 16 1 16 1 16 1 18 0 16 2 0 20 16 2 1 18 16 2 2 16 16 2 3 15 16 2 4 13 16 2 5 12 16 2 6 11 16 2 8 9 16 2 9 8 16 2 11 6 16 2 12 5 16 2 13 4 16 2 15 3 16 2 16 2 16 2 18 1 16 2 20 0 16 3 0 21 16 3 1 19 16 3 2 17 16 3 3 16 16 3 4 14 16 3 5 13 16 3 6 12 16 3 7 10 16 3 9 9 16 3 10 7 16 3 12 6 16 3 13 5 16 3 14 4 16 3 16 3 16 3 17 2 16 3 19 1 16 3 21 0 16 4 0 23 16 4 1 21 16 4 2 19 16 4 3 18 16 4 4 16 16 4 5 15 16 4 6 14 16 4 7 12 16 4 8 11 16 4 9 10 16 4 10 9 16 4 11 8 16 4 12 7 16 4 14 6 16 4 15 5 16 4 16 4 16 4 18 3 16 4 19 2 16 4 21 1 16 4 23 0 16 5 0 24 16 5 1 22 16 5 2 20 16 5 3 19 16 5 4 17 16 5 5 16 16 5 6 15 16 5 7 13 16 5 8 12 16 5 9 11 16 5 11 9 16 5 12 8 16 5 13 7 16 5 15 6 16 5 16 5 16 5 17 4 16 5 19 3 16 5 20 2 16 5 22 1 16 5 24 0 16 6 0 25 16 6 1 23 16 6 2 21 16 6 3 20 16 6 4 18 16 6 5 17 16 6 6 16 16 6 7 14 16 6 8 13 16 6 9 12 16 6 10 10 16 6 12 9 16 6 13 8 16 6 14 7 16 6 16 6 16 6 17 5 16 6 18 4 16 6 20 3 16 6 21 2 16 6 23 1 16 6 25 0 16 7 0 27 16 7 1 25 16 7 2 23 16 7 3 22 16 7 4 20 16 7 5 19 16 7 6 18 16 7 7 16 16 7 8 15 16 7 9 14 16 7 10 12 16 7 11 11 16 7 12 10 16 7 14 9 16 7 15 8 16 7 16 7 16 7 18 6 16 7 19 5 16 7 20 4 16 7 22 3 16 7 23 2 16 7 25 1 16 7 27 0 16 8 0 28 16 8 1 26 16 8 2 24 16 8 3 23 16 8 4 21 16 8 5 20 16 8 6 19 16 8 7 17 16 8 8 16 16 8 9 15 16 8 10 13 16 8 11 12 16 8 12 11 16 8 13 10 16 8 15 9 16 8 16 8 16 8 17 7 16 8 19 6 16 8 20 5 16 8 21 4 16 8 23 3 16 8 24 2 16 8 26 1 16 8 28 0 16 9 0 29 16 9 1 27 16 9 2 25 16 9 3 24 16 9 4 22 16 9 5 21 16 9 6 20 16 9 7 18 16 9 8 17 16 9 9 16 16 9 10 14 16 9 11 13 16 9 12 12 16 9 13 11 16 9 14 10 16 9 16 9 16 9 17 8 16 9 18 7 16 9 20 6 16 9 21 5 16 9 22 4 16 9 24 3 16 9 25 2 16 9 27 1 16 9 29 0 16 10 0 31 16 10 1 29 16 10 2 27 16 10 3 26 16 10 4 24 16 10 5 23 16 10 6 22 16 10 7 20 16 10 8 19 16 10 9 18 16 10 10 16 16 10 11 15 16 10 12 14 16 10 13 13 16 10 14 12 16 10 15 11 16 10 16 10 16 10 18 9 16 10 19 8 16 10 20 7 16 10 22 6 16 10 23 5 16 10 24 4 16 10 26 3 16 10 27 2 16 10 29 1 16 10 31 0 16 11 0 32 16 11 1 30 16 11 2 28 16 11 3 27 16 11 4 25 16 11 5 24 16 11 6 23 16 11 7 21 16 11 8 20 16 11 9 19 16 11 10 17 16 11 11 16 16 11 12 15 16 11 13 14 16 11 14 13 16 11 15 12 16 11 16 11 16 11 17 10 16 11 19 9 16 11 20 8 16 11 21 7 16 11 23 6 16 11 24 5 16 11 25 4 16 11 27 3 16 11 28 2 16 11 30 1 16 11 32 0 16 12 0 33 16 12 1 31 16 12 2 29 16 12 3 28 16 12 4 26 16 12 5 25 16 12 6 24 16 12 7 22 16 12 8 21 16 12 9 20 16 12 10 18 16 12 11 17 16 12 12 16 16 12 13 15 16 12 14 14 16 12 15 13 16 12 16 12 16 12 17 11 16 12 18 10 16 12 20 9 16 12 21 8 16 12 22 7 16 12 24 6 16 12 25 5 16 12 26 4 16 12 28 3 16 12 29 2 16 12 31 1 16 12 33 0 16 13 1 32 16 13 2 30 16 13 3 29 16 13 4 27 16 13 5 26 16 13 6 25 16 13 7 23 16 13 8 22 16 13 9 21 16 13 10 19 16 13 11 18 16 13 12 17 16 13 13 16 16 13 14 15 16 13 15 14 16 13 16 13 16 13 17 12 16 13 18 11 16 13 19 10 16 13 21 9 16 13 22 8 16 13 23 7 16 13 25 6 16 13 26 5 16 13 27 4 16 13 29 3 16 13 30 2 16 13 32 1 16 14 1 33 16 14 2 31 16 14 3 30 16 14 4 28 16 14 5 27 16 14 6 26 16 14 7 24 16 14 8 23 16 14 9 22 16 14 10 20 16 14 11 19 16 14 12 18 16 14 13 17 16 14 14 16 16 14 15 15 16 14 16 14 16 14 17 13 16 14 18 12 16 14 19 11 16 14 20 10 16 14 22 9 16 14 23 8 16 14 24 7 16 14 26 6 16 14 27 5 16 14 28 4 16 14 30 3 16 14 31 2 16 14 33 1 16 15 1 34 16 15 2 32 16 15 3 31 16 15 4 29 16 15 5 28 16 15 6 27 16 15 7 25 16 15 8 24 16 15 9 23 16 15 10 21 16 15 11 20 16 15 12 19 16 15 13 18 16 15 14 17 16 15 15 16 16 15 16 15 16 15 17 14 16 15 18 13 16 15 19 12 16 15 20 11 16 15 21 10 16 15 23 9 16 15 24 8 16 15 25 7 16 15 27 6 16 15 28 5 16 15 29 4 16 15 31 3 16 15 32 2 16 15 34 1 16 16 1 35 16 16 2 33 16 16 3 32 16 16 4 30 16 16 5 29 16 16 6 28 16 16 7 26 16 16 8 25 16 16 9 24 16 16 10 22 16 16 11 21 16 16 12 20 16 16 13 19 16 16 14 18 16 16 15 17 16 16 16 16 16 16 17 15 16 16 18 14 16 16 19 13 16 16 20 12 16 16 21 11 16 16 22 10 16 16 24 9 16 16 25 8 16 16 26 7 16 16 28 6 16 16 29 5 16 16 30 4 16 16 32 3 16 16 33 2 16 16 35 1 16 17 1 36 16 17 2 34 16 17 3 33 16 17 4 31 16 17 5 30 16 17 6 29 16 17 7 27 16 17 8 26 16 17 9 25 16 17 10 23 16 17 11 22 16 17 12 21 16 17 13 20 16 17 14 19 16 17 15 18 16 17 16 17 16 17 17 16 16 17 18 15 16 17 19 14 16 17 20 13 16 17 21 12 16 17 22 11 16 17 23 10 16 17 25 9 16 17 26 8 16 17 27 7 16 17 29 6 16 17 30 5 16 17 31 4 16 17 33 3 16 17 34 2 16 17 36 1 16 18 1 37 16 18 2 35 16 18 3 34 16 18 4 32 16 18 5 31 16 18 6 30 16 18 7 28 16 18 8 27 16 18 9 26 16 18 10 24 16 18 11 23 16 18 12 22 16 18 13 21 16 18 14 20 16 18 15 19 16 18 16 18 16 18 17 17 16 18 18 16 16 18 19 15 16 18 20 14 16 18 21 13 16 18 22 12 16 18 23 11 16 18 24 10 16 18 26 9 16 18 27 8 16 18 28 7 16 18 30 6 16 18 31 5 16 18 32 4 16 18 34 3 16 18 35 2 16 18 37 1 16 19 1 38 16 19 2 36 16 19 3 35 16 19 4 33 16 19 5 32 16 19 6 31 16 19 7 29 16 19 8 28 16 19 9 27 16 19 10 25 16 19 11 24 16 19 12 23 16 19 13 22 16 19 14 21 16 19 15 20 16 19 16 19 16 19 17 18 16 19 18 17 16 19 19 16 16 19 20 15 16 19 21 14 16 19 22 13 16 19 23 12 16 19 24 11 16 19 25 10 16 19 27 9 16 19 28 8 16 19 29 7 16 19 31 6 16 19 32 5 16 19 33 4 16 19 35 3 16 19 36 2 16 19 38 1 16 20 2 37 16 20 3 36 16 20 4 34 16 20 5 33 16 20 6 32 16 20 7 30 16 20 8 29 16 20 9 28 16 20 10 26 16 20 11 25 16 20 12 24 16 20 13 23 16 20 14 22 16 20 15 21 16 20 16 20 16 20 17 19 16 20 18 18 16 20 19 17 16 20 20 16 16 20 21 15 16 20 22 14 16 20 23 13 16 20 24 12 16 20 25 11 16 20 26 10 16 20 28 9 16 20 29 8 16 20 30 7 16 20 32 6 16 20 33 5 16 20 34 4 16 20 36 3 16 20 37 2 16 21 2 38 16 21 3 37 16 21 4 35 16 21 5 34 16 21 6 33 16 21 7 31 16 21 8 30 16 21 9 29 16 21 10 27 16 21 11 26 16 21 12 25 16 21 13 24 16 21 14 23 16 21 15 22 16 21 16 21 16 21 17 20 16 21 18 19 16 21 19 18 16 21 20 17 16 21 21 16 16 21 22 15 16 21 23 14 16 21 24 13 16 21 25 12 16 21 26 11 16 21 27 10 16 21 29 9 16 21 30 8 16 21 31 7 16 21 33 6 16 21 34 5 16 21 35 4 16 21 37 3 16 21 38 2 16 22 2 39 16 22 3 38 16 22 4 36 16 22 5 35 16 22 6 34 16 22 7 32 16 22 8 31 16 22 9 30 16 22 10 28 16 22 11 27 16 22 12 26 16 22 13 25 16 22 14 24 16 22 15 23 16 22 16 22 16 22 17 21 16 22 18 20 16 22 19 19 16 22 20 18 16 22 21 17 16 22 22 16 16 22 23 15 16 22 24 14 16 22 25 13 16 22 26 12 16 22 27 11 16 22 28 10 16 22 30 9 16 22 31 8 16 22 32 7 16 22 34 6 16 22 35 5 16 22 36 4 16 22 38 3 16 22 39 2 16 23 2 40 16 23 3 39 16 23 4 37 16 23 5 36 16 23 6 35 16 23 7 33 16 23 8 32 16 23 9 31 16 23 10 29 16 23 11 28 16 23 12 27 16 23 13 26 16 23 14 25 16 23 15 24 16 23 16 23 16 23 17 22 16 23 18 21 16 23 19 20 16 23 20 19 16 23 21 18 16 23 22 17 16 23 23 16 16 23 24 15 16 23 25 14 16 23 26 13 16 23 27 12 16 23 28 11 16 23 29 10 16 23 31 9 16 23 32 8 16 23 33 7 16 23 35 6 16 23 36 5 16 23 37 4 16 23 39 3 16 23 40 2 16 24 3 40 16 24 4 38 16 24 5 37 16 24 6 36 16 24 7 34 16 24 8 33 16 24 9 32 16 24 10 30 16 24 11 29 16 24 12 28 16 24 13 27 16 24 14 26 16 24 15 25 16 24 16 24 16 24 17 23 16 24 18 22 16 24 19 21 16 24 20 20 16 24 21 19 16 24 22 18 16 24 23 17 16 24 24 16 16 24 25 15 16 24 26 14 16 24 27 13 16 24 28 12 16 24 29 11 16 24 30 10 16 24 32 9 16 24 33 8 16 24 34 7 16 24 36 6 16 24 37 5 16 24 38 4 16 24 40 3 16 25 3 41 16 25 4 39 16 25 5 38 16 25 6 37 16 25 7 35 16 25 8 34 16 25 9 33 16 25 10 31 16 25 11 30 16 25 12 29 16 25 13 28 16 25 14 27 16 25 15 26 16 25 16 25 16 25 17 24 16 25 18 23 16 25 19 22 16 25 20 21 16 25 21 20 16 25 22 19 16 25 23 18 16 25 24 17 16 25 25 16 16 25 26 15 16 25 27 14 16 25 28 13 16 25 29 12 16 25 30 11 16 25 31 10 16 25 33 9 16 25 34 8 16 25 35 7 16 25 37 6 16 25 38 5 16 25 39 4 16 25 41 3 16 26 4 40 16 26 5 39 16 26 6 38 16 26 7 36 16 26 8 35 16 26 9 34 16 26 10 32 16 26 11 31 16 26 12 30 16 26 13 29 16 26 14 28 16 26 15 27 16 26 16 26 16 26 17 25 16 26 18 24 16 26 19 23 16 26 20 22 16 26 21 21 16 26 22 20 16 26 23 19 16 26 24 18 16 26 25 17 16 26 26 16 16 26 27 15 16 26 28 14 16 26 29 13 16 26 30 12 16 26 31 11 16 26 32 10 16 26 34 9 16 26 35 8 16 26 36 7 16 26 38 6 16 26 39 5 16 26 40 4 16 27 4 41 16 27 5 40 16 27 6 39 16 27 7 37 16 27 8 36 16 27 9 35 16 27 10 33 16 27 11 32 16 27 12 31 16 27 13 30 16 27 14 29 16 27 15 28 16 27 16 27 16 27 17 26 16 27 18 25 16 27 19 24 16 27 20 23 16 27 21 22 16 27 22 21 16 27 23 20 16 27 24 19 16 27 25 18 16 27 26 17 16 27 27 16 16 27 28 15 16 27 29 14 16 27 30 13 16 27 31 12 16 27 32 11 16 27 33 10 16 27 35 9 16 27 36 8 16 27 37 7 16 27 39 6 16 27 40 5 16 27 41 4 16 28 4 42 16 28 5 41 16 28 6 40 16 28 7 38 16 28 8 37 16 28 9 36 16 28 10 34 16 28 11 33 16 28 12 32 16 28 13 31 16 28 14 30 16 28 15 29 16 28 16 28 16 28 17 27 16 28 18 26 16 28 19 25 16 28 20 24 16 28 21 23 16 28 22 22 16 28 23 21 16 28 24 20 16 28 25 19 16 28 26 18 16 28 27 17 16 28 28 16 16 28 29 15 16 28 30 14 16 28 31 13 16 28 32 12 16 28 33 11 16 28 34 10 16 28 36 9 16 28 37 8 16 28 38 7 16 28 40 6 16 28 41 5 16 28 42 4 16 29 5 42 16 29 6 41 16 29 7 39 16 29 8 38 16 29 9 37 16 29 10 35 16 29 11 34 16 29 12 33 16 29 13 32 16 29 14 31 16 29 15 30 16 29 16 29 16 29 17 28 16 29 18 27 16 29 19 26 16 29 20 25 16 29 21 24 16 29 22 23 16 29 23 22 16 29 24 21 16 29 25 20 16 29 26 19 16 29 27 18 16 29 28 17 16 29 29 16 16 29 30 15 16 29 31 14 16 29 32 13 16 29 33 12 16 29 34 11 16 29 35 10 16 29 37 9 16 29 38 8 16 29 39 7 16 29 41 6 16 29 42 5 16 30 6 42 16 30 7 40 16 30 8 39 16 30 9 38 16 30 10 36 16 30 11 35 16 30 12 34 16 30 13 33 16 30 14 32 16 30 15 31 16 30 16 30 16 30 17 29 16 30 18 28 16 30 19 27 16 30 20 26 16 30 21 25 16 30 22 24 16 30 23 23 16 30 24 22 16 30 25 21 16 30 26 20 16 30 27 19 16 30 28 18 16 30 29 17 16 30 30 16 16 30 31 15 16 30 32 14 16 30 33 13 16 30 34 12 16 30 35 11 16 30 36 10 16 30 38 9 16 30 39 8 16 30 40 7 16 30 42 6 16 31 7 41 16 31 8 40 16 31 9 39 16 31 10 37 16 31 11 36 16 31 12 35 16 31 13 34 16 31 14 33 16 31 15 32 16 31 16 31 16 31 17 30 16 31 18 29 16 31 19 28 16 31 20 27 16 31 21 26 16 31 22 25 16 31 23 24 16 31 24 23 16 31 25 22 16 31 26 21 16 31 27 20 16 31 28 19 16 31 29 18 16 31 30 17 16 31 31 16 16 31 32 15 16 31 33 14 16 31 34 13 16 31 35 12 16 31 36 11 16 31 37 10 16 31 39 9 16 31 40 8 16 31 41 7 16 32 7 42 16 32 8 41 16 32 9 40 16 32 10 38 16 32 11 37 16 32 12 36 16 32 13 35 16 32 14 34 16 32 15 33 16 32 16 32 16 32 17 31 16 32 18 30 16 32 19 29 16 32 20 28 16 32 21 27 16 32 22 26 16 32 23 25 16 32 24 24 16 32 25 23 16 32 26 22 16 32 27 21 16 32 28 20 16 32 29 19 16 32 30 18 16 32 31 17 16 32 32 16 16 32 33 15 16 32 34 14 16 32 35 13 16 32 36 12 16 32 37 11 16 32 38 10 16 32 40 9 16 32 41 8 16 32 42 7 16 33 8 42 16 33 9 41 16 33 10 39 16 33 11 38 16 33 12 37 16 33 13 36 16 33 14 35 16 33 15 34 16 33 16 33 16 33 17 32 16 33 18 31 16 33 19 30 16 33 20 29 16 33 21 28 16 33 22 27 16 33 23 26 16 33 24 25 16 33 25 24 16 33 26 23 16 33 27 22 16 33 28 21 16 33 29 20 16 33 30 19 16 33 31 18 16 33 32 17 16 33 33 16 16 33 34 15 16 33 35 14 16 33 36 13 16 33 37 12 16 33 38 11 16 33 39 10 16 33 41 9 16 33 42 8 16 34 9 42 16 34 10 40 16 34 11 39 16 34 12 38 16 34 13 37 16 34 14 36 16 34 15 35 16 34 16 34 16 34 17 33 16 34 18 32 16 34 19 31 16 34 20 30 16 34 21 29 16 34 22 28 16 34 23 27 16 34 24 26 16 34 25 25 16 34 26 24 16 34 27 23 16 34 28 22 16 34 29 21 16 34 30 20 16 34 31 19 16 34 32 18 16 34 33 17 16 34 34 16 16 34 35 15 16 34 36 14 16 34 37 13 16 34 38 12 16 34 39 11 16 34 40 10 16 34 42 9 16 35 10 41 16 35 11 40 16 35 12 39 16 35 13 38 16 35 14 37 16 35 15 36 16 35 16 35 16 35 17 34 16 35 18 33 16 35 19 32 16 35 20 31 16 35 21 30 16 35 22 29 16 35 23 28 16 35 24 27 16 35 25 26 16 35 26 25 16 35 27 24 16 35 28 23 16 35 29 22 16 35 30 21 16 35 31 20 16 35 32 19 16 35 33 18 16 35 34 17 16 35 35 16 16 35 36 15 16 35 37 14 16 35 38 13 16 35 39 12 16 35 40 11 16 35 41 10 16 36 10 42 16 36 11 41 16 36 12 40 16 36 13 39 16 36 14 38 16 36 15 37 16 36 16 36 16 36 17 35 16 36 18 34 16 36 19 33 16 36 20 32 16 36 21 31 16 36 22 30 16 36 23 29 16 36 24 28 16 36 25 27 16 36 26 26 16 36 27 25 16 36 28 24 16 36 29 23 16 36 30 22 16 36 31 21 16 36 32 20 16 36 33 19 16 36 34 18 16 36 35 17 16 36 36 16 16 36 37 15 16 36 38 14 16 36 39 13 16 36 40 12 16 36 41 11 16 36 42 10 16 37 11 42 16 37 12 41 16 37 13 40 16 37 14 39 16 37 15 38 16 37 16 37 16 37 17 36 16 37 18 35 16 37 19 34 16 37 20 33 16 37 21 32 16 37 22 31 16 37 23 30 16 37 24 29 16 37 25 28 16 37 26 27 16 37 27 26 16 37 28 25 16 37 29 24 16 37 30 23 16 37 31 22 16 37 32 21 16 37 33 20 16 37 34 19 16 37 35 18 16 37 36 17 16 37 37 16 16 37 38 15 16 37 39 14 16 37 40 13 16 37 41 12 16 37 42 11 16 38 12 42 16 38 13 41 16 38 14 40 16 38 15 39 16 38 16 38 16 38 17 37 16 38 18 36 16 38 19 35 16 38 20 34 16 38 21 33 16 38 22 32 16 38 23 31 16 38 24 30 16 38 25 29 16 38 26 28 16 38 27 27 16 38 28 26 16 38 29 25 16 38 30 24 16 38 31 23 16 38 32 22 16 38 33 21 16 38 34 20 16 38 35 19 16 38 36 18 16 38 37 17 16 38 38 16 16 38 39 15 16 38 40 14 16 38 41 13 16 38 42 12 16 39 13 42 16 39 14 41 16 39 15 40 16 39 16 39 16 39 17 38 16 39 18 37 16 39 19 36 16 39 20 35 16 39 21 34 16 39 22 33 16 39 23 32 16 39 24 31 16 39 25 30 16 39 26 29 16 39 27 28 16 39 28 27 16 39 29 26 16 39 30 25 16 39 31 24 16 39 32 23 16 39 33 22 16 39 34 21 16 39 35 20 16 39 36 19 16 39 37 18 16 39 38 17 16 39 39 16 16 39 40 15 16 39 41 14 16 39 42 13 16 40 14 42 16 40 15 41 16 40 16 40 16 40 17 39 16 40 18 38 16 40 19 37 16 40 20 36 16 40 21 35 16 40 22 34 16 40 23 33 16 40 24 32 16 40 25 31 16 40 26 30 16 40 27 29 16 40 28 28 16 40 29 27 16 40 30 26 16 40 31 25 16 40 32 24 16 40 33 23 16 40 34 22 16 40 35 21 16 40 36 20 16 40 37 19 16 40 38 18 16 40 39 17 16 40 40 16 16 40 41 15 16 40 42 14 16 41 15 42 16 41 16 41 16 41 17 40 16 41 18 39 16 41 19 38 16 41 20 37 16 41 21 36 16 41 22 35 16 41 23 34 16 41 24 33 16 41 25 32 16 41 26 31 16 41 27 30 16 41 28 29 16 41 29 28 16 41 30 27 16 41 31 26 16 41 32 25 16 41 33 24 16 41 34 23 16 41 35 22 16 41 36 21 16 41 37 20 16 41 38 19 16 41 39 18 16 41 40 17 16 41 41 16 16 41 42 15 16 42 16 42 16 42 17 41 16 42 18 40 16 42 19 39 16 42 20 38 16 42 21 37 16 42 22 36 16 42 23 35 16 42 24 34 16 42 25 33 16 42 26 32 16 42 27 31 16 42 28 30 16 42 29 29 16 42 30 28 16 42 31 27 16 42 32 26 16 42 33 25 16 42 34 24 16 42 35 23 16 42 36 22 16 42 37 21 16 42 38 20 16 42 39 19 16 42 40 18 16 42 41 17 16 42 42 16 


























