



































36 0 0 36 36 0 1 34 36 0 2 32 36 0 3 31 36 0 4 29 36 0 5 27 36 0 6 25 36 0 7 24 36 0 8 23 36 0 9 22 36 0 10 21 36 0 11 20 36 0 12 19 36 0 13 18 36 0 14 17 36 0 15 16 36 0 16 15 36 0 17 14 36 0 18 13 36 0 19 12 36 0 20 11 36 0 21 10 36 0 22 9 36 0 23 8 36 0 24 7 36 0 25 6 36 0 27 5 36 0 29 4 36 0 31 3 36 0 32 2 36 0 34 1 36 0 36 0 36 1 0 38 36 1 1 36 36 1 2 34 36 1 3 33 36 1 4 31 36 1 5 29 36 1 6 27 36 1 7 26 36 1 8 25 36 1 9 24 36 1 10 23 36 1 11 22 36 1 12 21 36 1 13 20 36 1 14 19 36 1 15 18 36 1 16 17 36 1 17 16 36 1 18 15 36 1 19 14 36 1 20 13 36 1 21 12 36 1 22 11 36 1 23 10 36 1 24 9 36 1 25 8 36 1 26 7 36 1 27 6 36 1 29 5 36 1 31 4 36 1 33 3 36 1 34 2 36 1 36 1 36 1 38 0 36 2 0 40 36 2 1 38 36 2 2 36 36 2 3 35 36 2 4 33 36 2 5 31 36 2 6 29 36 2 7 28 36 2 8 27 36 2 9 26 36 2 10 25 36 2 11 24 36 2 13 22 36 2 14 21 36 2 15 20 36 2 16 19 36 2 17 18 36 2 18 17 36 2 19 16 36 2 20 15 36 2 21 14 36 2 22 13 36 2 24 11 36 2 25 10 36 2 26 9 36 2 27 8 36 2 28 7 36 2 29 6 36 2 31 5 36 2 33 4 36 2 35 3 36 2 36 2 36 2 38 1 36 2 40 0 36 3 0 41 36 3 1 39 36 3 2 37 36 3 3 36 36 3 4 34 36 3 5 32 36 3 6 30 36 3 7 29 36 3 8 28 36 3 9 27 36 3 10 26 36 3 11 25 36 3 12 24 36 3 13 23 36 3 14 22 36 3 15 21 36 3 16 20 36 3 17 19 36 3 18 18 36 3 19 17 36 3 20 16 36 3 21 15 36 3 22 14 36 3 23 13 36 3 24 12 36 3 25 11 36 3 26 10 36 3 27 9 36 3 28 8 36 3 29 7 36 3 30 6 36 3 32 5 36 3 34 4 36 3 36 3 36 3 37 2 36 3 39 1 36 3 41 0 36 4 0 43 36 4 1 41 36 4 2 39 36 4 3 38 36 4 4 36 36 4 5 34 36 4 6 32 36 4 7 31 36 4 8 30 36 4 9 29 36 4 10 28 36 4 11 27 36 4 12 26 36 4 13 25 36 4 14 24 36 4 15 23 36 4 16 22 36 4 17 21 36 4 18 20 36 4 19 19 36 4 20 18 36 4 21 17 36 4 22 16 36 4 23 15 36 4 24 14 36 4 25 13 36 4 26 12 36 4 27 11 36 4 28 10 36 4 29 9 36 4 30 8 36 4 31 7 36 4 32 6 36 4 34 5 36 4 36 4 36 4 38 3 36 4 39 2 36 4 41 1 36 4 43 0 36 5 0 45 36 5 1 43 36 5 2 41 36 5 3 40 36 5 4 38 36 5 5 36 36 5 6 34 36 5 7 33 36 5 8 32 36 5 9 31 36 5 10 30 36 5 11 29 36 5 12 28 36 5 13 27 36 5 14 26 36 5 15 25 36 5 16 24 36 5 17 23 36 5 18 22 36 5 19 21 36 5 20 20 36 5 21 19 36 5 22 18 36 5 23 17 36 5 24 16 36 5 25 15 36 5 26 14 36 5 27 13 36 5 28 12 36 5 29 11 36 5 30 10 36 5 31 9 36 5 32 8 36 5 33 7 36 5 34 6 36 5 36 5 36 5 38 4 36 5 40 3 36 5 41 2 36 5 43 1 36 5 45 0 36 6 1 45 36 6 2 43 36 6 3 42 36 6 4 40 36 6 5 38 36 6 6 36 36 6 7 35 36 6 8 34 36 6 9 33 36 6 10 32 36 6 11 31 36 6 12 30 36 6 13 29 36 6 14 28 36 6 15 27 36 6 16 26 36 6 17 25 36 6 18 24 36 6 19 23 36 6 20 22 36 6 21 21 36 6 22 20 36 6 23 19 36 6 24 18 36 6 25 17 36 6 26 16 36 6 27 15 36 6 28 14 36 6 29 13 36 6 30 12 36 6 31 11 36 6 32 10 36 6 33 9 36 6 34 8 36 6 35 7 36 6 36 6 36 6 38 5 36 6 40 4 36 6 42 3 36 6 43 2 36 6 45 1 36 7 0 48 36 7 1 46 36 7 2 44 36 7 3 43 36 7 4 41 36 7 5 39 36 7 6 37 36 7 7 36 36 7 8 35 36 7 9 34 36 7 10 33 36 7 11 32 36 7 12 31 36 7 13 30 36 7 14 29 36 7 15 28 36 7 16 27 36 7 17 26 36 7 18 25 36 7 19 24 36 7 20 23 36 7 21 22 36 7 22 21 36 7 23 20 36 7 24 19 36 7 25 18 36 7 26 17 36 7 27 16 36 7 28 15 36 7 29 14 36 7 30 13 36 7 31 12 36 7 32 11 36 7 33 10 36 7 34 9 36 7 35 8 36 7 36 7 36 7 37 6 36 7 39 5 36 7 41 4 36 7 43 3 36 7 44 2 36 7 46 1 36 7 48 0 36 8 1 47 36 8 2 45 36 8 3 44 36 8 4 42 36 8 5 40 36 8 6 38 36 8 7 37 36 8 8 36 36 8 9 35 36 8 10 34 36 8 11 33 36 8 12 32 36 8 13 31 36 8 14 30 36 8 15 29 36 8 16 28 36 8 17 27 36 8 18 26 36 8 19 25 36 8 20 24 36 8 21 23 36 8 22 22 36 8 23 21 36 8 24 20 36 8 25 19 36 8 26 18 36 8 27 17 36 8 28 16 36 8 29 15 36 8 30 14 36 8 31 13 36 8 32 12 36 8 33 11 36 8 34 10 36 8 35 9 36 8 36 8 36 8 37 7 36 8 38 6 36 8 40 5 36 8 42 4 36 8 44 3 36 8 45 2 36 8 47 1 36 9 1 48 36 9 2 46 36 9 3 45 36 9 4 43 36 9 5 41 36 9 6 39 36 9 7 38 36 9 8 37 36 9 9 36 36 9 10 35 36 9 11 34 36 9 12 33 36 9 13 32 36 9 14 31 36 9 15 30 36 9 16 29 36 9 17 28 36 9 18 27 36 9 19 26 36 9 20 25 36 9 21 24 36 9 22 23 36 9 23 22 36 9 24 21 36 9 25 20 36 9 26 19 36 9 27 18 36 9 28 17 36 9 29 16 36 9 30 15 36 9 31 14 36 9 32 13 36 9 33 12 36 9 34 11 36 9 35 10 36 9 36 9 36 9 37 8 36 9 38 7 36 9 39 6 36 9 41 5 36 9 43 4 36 9 45 3 36 9 46 2 36 9 48 1 36 10 1 49 36 10 2 47 36 10 3 46 36 10 4 44 36 10 5 42 36 10 6 40 36 10 7 39 36 10 8 38 36 10 9 37 36 10 10 36 36 10 11 35 36 10 12 34 36 10 13 33 36 10 14 32 36 10 15 31 36 10 16 30 36 10 17 29 36 10 18 28 36 10 19 27 36 10 20 26 36 10 21 25 36 10 22 24 36 10 23 23 36 10 24 22 36 10 25 21 36 10 26 20 36 10 27 19 36 10 28 18 36 10 29 17 36 10 30 16 36 10 31 15 36 10 32 14 36 10 33 13 36 10 34 12 36 10 35 11 36 10 36 10 36 10 37 9 36 10 38 8 36 10 39 7 36 10 40 6 36 10 42 5 36 10 44 4 36 10 46 3 36 10 47 2 36 10 49 1 36 11 1 50 36 11 2 48 36 11 3 47 36 11 4 45 36 11 5 43 36 11 6 41 36 11 7 40 36 11 8 39 36 11 9 38 36 11 10 37 36 11 11 36 36 11 12 35 36 11 13 34 36 11 14 33 36 11 15 32 36 11 16 31 36 11 17 30 36 11 18 29 36 11 19 28 36 11 20 27 36 11 21 26 36 11 22 25 36 11 23 24 36 11 24 23 36 11 25 22 36 11 26 21 36 11 27 20 36 11 28 19 36 11 29 18 36 11 30 17 36 11 31 16 36 11 32 15 36 11 33 14 36 11 34 13 36 11 35 12 36 11 36 11 36 11 37 10 36 11 38 9 36 11 39 8 36 11 40 7 36 11 41 6 36 11 43 5 36 11 45 4 36 11 47 3 36 11 48 2 36 11 50 1 36 12 1 51 36 12 2 49 36 12 3 48 36 12 4 46 36 12 5 44 36 12 7 41 36 12 10 38 36 12 11 37 36 12 12 36 36 12 13 35 36 12 14 34 36 12 15 33 36 12 16 32 36 12 17 31 36 12 18 30 36 12 19 29 36 12 20 28 36 12 21 27 36 12 22 26 36 12 23 25 36 12 24 24 36 12 25 23 36 12 26 22 36 12 27 21 36 12 28 20 36 12 29 19 36 12 30 18 36 12 31 17 36 12 32 16 36 12 33 15 36 12 34 14 36 12 35 13 36 12 36 12 36 12 37 11 36 12 38 10 36 12 41 7 36 12 44 5 36 12 46 4 36 12 48 3 36 12 49 2 36 12 51 1 36 13 1 52 36 13 2 50 36 13 3 49 36 13 4 47 36 13 5 45 36 13 6 43 36 13 7 42 36 13 8 41 36 13 9 40 36 13 10 39 36 13 11 38 36 13 12 37 36 13 13 36 36 13 14 35 36 13 15 34 36 13 16 33 36 13 17 32 36 13 18 31 36 13 19 30 36 13 20 29 36 13 21 28 36 13 22 27 36 13 23 26 36 13 24 25 36 13 25 24 36 13 26 23 36 13 27 22 36 13 28 21 36 13 29 20 36 13 30 19 36 13 31 18 36 13 32 17 36 13 33 16 36 13 34 15 36 13 35 14 36 13 36 13 36 13 37 12 36 13 38 11 36 13 39 10 36 13 40 9 36 13 41 8 36 13 42 7 36 13 43 6 36 13 45 5 36 13 47 4 36 13 49 3 36 13 50 2 36 13 52 1 36 14 1 53 36 14 2 51 36 14 3 50 36 14 4 48 36 14 5 46 36 14 6 44 36 14 7 43 36 14 8 42 36 14 9 41 36 14 10 40 36 14 11 39 36 14 12 38 36 14 13 37 36 14 14 36 36 14 15 35 36 14 16 34 36 14 17 33 36 14 18 32 36 14 19 31 36 14 20 30 36 14 21 29 36 14 22 28 36 14 23 27 36 14 24 26 36 14 25 25 36 14 26 24 36 14 27 23 36 14 28 22 36 14 29 21 36 14 30 20 36 14 31 19 36 14 32 18 36 14 33 17 36 14 34 16 36 14 35 15 36 14 36 14 36 14 37 13 36 14 38 12 36 14 39 11 36 14 40 10 36 14 41 9 36 14 42 8 36 14 43 7 36 14 44 6 36 14 46 5 36 14 48 4 36 14 50 3 36 14 51 2 36 14 53 1 36 15 2 52 36 15 3 51 36 15 4 49 36 15 5 47 36 15 6 45 36 15 7 44 36 15 8 43 36 15 9 42 36 15 10 41 36 15 11 40 36 15 12 39 36 15 13 38 36 15 14 37 36 15 15 36 36 15 16 35 36 15 17 34 36 15 18 33 36 15 19 32 36 15 20 31 36 15 21 30 36 15 22 29 36 15 23 28 36 15 24 27 36 15 25 26 36 15 26 25 36 15 27 24 36 15 28 23 36 15 29 22 36 15 30 21 36 15 31 20 36 15 32 19 36 15 33 18 36 15 34 17 36 15 35 16 36 15 36 15 36 15 37 14 36 15 38 13 36 15 39 12 36 15 40 11 36 15 41 10 36 15 42 9 36 15 43 8 36 15 44 7 36 15 45 6 36 15 47 5 36 15 49 4 36 15 51 3 36 15 52 2 36 16 2 53 36 16 3 52 36 16 4 50 36 16 5 48 36 16 6 46 36 16 7 45 36 16 8 44 36 16 9 43 36 16 10 42 36 16 11 41 36 16 12 40 36 16 13 39 36 16 14 38 36 16 15 37 36 16 16 36 36 16 17 35 36 16 18 34 36 16 19 33 36 16 20 32 36 16 21 31 36 16 22 30 36 16 23 29 36 16 24 28 36 16 25 27 36 16 26 26 36 16 27 25 36 16 28 24 36 16 29 23 36 16 30 22 36 16 31 21 36 16 32 20 36 16 33 19 36 16 34 18 36 16 35 17 36 16 36 16 36 16 37 15 36 16 38 14 36 16 39 13 36 16 40 12 36 16 41 11 36 16 42 10 36 16 43 9 36 16 44 8 36 16 45 7 36 16 46 6 36 16 48 5 36 16 50 4 36 16 52 3 36 16 53 2 36 17 2 54 36 17 3 53 36 17 4 51 36 17 5 49 36 17 6 47 36 17 7 46 36 17 8 45 36 17 9 44 36 17 10 43 36 17 11 42 36 17 12 41 36 17 13 40 36 17 14 39 36 17 15 38 36 17 16 37 36 17 17 36 36 17 18 35 36 17 19 34 36 17 20 33 36 17 21 32 36 17 22 31 36 17 23 30 36 17 24 29 36 17 25 28 36 17 26 27 36 17 27 26 36 17 28 25 36 17 29 24 36 17 30 23 36 17 31 22 36 17 32 21 36 17 33 20 36 17 34 19 36 17 35 18 36 17 36 17 36 17 37 16 36 17 38 15 36 17 39 14 36 17 40 13 36 17 41 12 36 17 42 11 36 17 43 10 36 17 44 9 36 17 45 8 36 17 46 7 36 17 47 6 36 17 49 5 36 17 51 4 36 17 53 3 36 17 54 2 36 18 2 55 36 18 3 54 36 18 4 52 36 18 5 50 36 18 6 48 36 18 7 47 36 18 8 46 36 18 9 45 36 18 10 44 36 18 11 43 36 18 12 42 36 18 13 41 36 18 14 40 36 18 15 39 36 18 16 38 36 18 17 37 36 18 18 36 36 18 19 35 36 18 20 34 36 18 21 33 36 18 22 32 36 18 23 31 36 18 24 30 36 18 25 29 36 18 26 28 36 18 27 27 36 18 28 26 36 18 29 25 36 18 30 24 36 18 31 23 36 18 32 22 36 18 33 21 36 18 34 20 36 18 35 19 36 18 36 18 36 18 37 17 36 18 38 16 36 18 39 15 36 18 40 14 36 18 41 13 36 18 42 12 36 18 43 11 36 18 44 10 36 18 45 9 36 18 46 8 36 18 47 7 36 18 48 6 36 18 50 5 36 18 52 4 36 18 54 3 36 18 55 2 36 19 2 56 36 19 3 55 36 19 4 53 36 19 5 51 36 19 6 49 36 19 7 48 36 19 8 47 36 19 9 46 36 19 10 45 36 19 11 44 36 19 12 43 36 19 13 42 36 19 14 41 36 19 15 40 36 19 16 39 36 19 17 38 36 19 18 37 36 19 19 36 36 19 20 35 36 19 21 34 36 19 22 33 36 19 23 32 36 19 24 31 36 19 25 30 36 19 26 29 36 19 27 28 36 19 28 27 36 19 29 26 36 19 30 25 36 19 31 24 36 19 32 23 36 19 33 22 36 19 34 21 36 19 35 20 36 19 36 19 36 19 37 18 36 19 38 17 36 19 39 16 36 19 40 15 36 19 41 14 36 19 42 13 36 19 43 12 36 19 44 11 36 19 45 10 36 19 46 9 36 19 47 8 36 19 48 7 36 19 49 6 36 19 51 5 36 19 53 4 36 19 55 3 36 19 56 2 36 20 3 56 36 20 4 54 36 20 5 52 36 20 6 50 36 20 7 49 36 20 8 48 36 20 9 47 36 20 10 46 36 20 11 45 36 20 12 44 36 20 13 43 36 20 14 42 36 20 15 41 36 20 16 40 36 20 17 39 36 20 18 38 36 20 19 37 36 20 20 36 36 20 21 35 36 20 22 34 36 20 23 33 36 20 24 32 36 20 25 31 36 20 26 30 36 20 27 29 36 20 28 28 36 20 29 27 36 20 30 26 36 20 31 25 36 20 32 24 36 20 33 23 36 20 34 22 36 20 35 21 36 20 36 20 36 20 37 19 36 20 38 18 36 20 39 17 36 20 40 16 36 20 41 15 36 20 42 14 36 20 43 13 36 20 44 12 36 20 45 11 36 20 46 10 36 20 47 9 36 20 48 8 36 20 49 7 36 20 50 6 36 20 52 5 36 20 54 4 36 20 56 3 36 21 3 57 36 21 4 55 36 21 5 53 36 21 6 51 36 21 7 50 36 21 8 49 36 21 9 48 36 21 10 47 36 21 11 46 36 21 12 45 36 21 13 44 36 21 14 43 36 21 15 42 36 21 16 41 36 21 17 40 36 21 18 39 36 21 19 38 36 21 20 37 36 21 21 36 36 21 22 35 36 21 23 34 36 21 24 33 36 21 25 32 36 21 26 31 36 21 27 30 36 21 28 29 36 21 29 28 36 21 30 27 36 21 31 26 36 21 32 25 36 21 33 24 36 21 34 23 36 21 35 22 36 21 36 21 36 21 37 20 36 21 38 19 36 21 39 18 36 21 40 17 36 21 41 16 36 21 42 15 36 21 43 14 36 21 44 13 36 21 45 12 36 21 46 11 36 21 47 10 36 21 48 9 36 21 49 8 36 21 50 7 36 21 51 6 36 21 53 5 36 21 55 4 36 21 57 3 36 22 3 58 36 22 4 56 36 22 5 54 36 22 6 52 36 22 7 51 36 22 8 50 36 22 9 49 36 22 10 48 36 22 11 47 36 22 12 46 36 22 13 45 36 22 14 44 36 22 15 43 36 22 16 42 36 22 17 41 36 22 18 40 36 22 19 39 36 22 20 38 36 22 21 37 36 22 22 36 36 22 23 35 36 22 24 34 36 22 25 33 36 22 26 32 36 22 27 31 36 22 28 30 36 22 29 29 36 22 30 28 36 22 31 27 36 22 32 26 36 22 33 25 36 22 34 24 36 22 35 23 36 22 36 22 36 22 37 21 36 22 38 20 36 22 39 19 36 22 40 18 36 22 41 17 36 22 42 16 36 22 43 15 36 22 44 14 36 22 45 13 36 22 46 12 36 22 47 11 36 22 48 10 36 22 49 9 36 22 50 8 36 22 51 7 36 22 52 6 36 22 54 5 36 22 56 4 36 22 58 3 36 23 4 57 36 23 5 55 36 23 6 53 36 23 7 52 36 23 8 51 36 23 9 50 36 23 10 49 36 23 11 48 36 23 12 47 36 23 13 46 36 23 14 45 36 23 15 44 36 23 16 43 36 23 17 42 36 23 18 41 36 23 19 40 36 23 20 39 36 23 21 38 36 23 22 37 36 23 23 36 36 23 24 35 36 23 25 34 36 23 26 33 36 23 27 32 36 23 28 31 36 23 29 30 36 23 30 29 36 23 31 28 36 23 32 27 36 23 33 26 36 23 34 25 36 23 35 24 36 23 36 23 36 23 37 22 36 23 38 21 36 23 39 20 36 23 40 19 36 23 41 18 36 23 42 17 36 23 43 16 36 23 44 15 36 23 45 14 36 23 46 13 36 23 47 12 36 23 48 11 36 23 49 10 36 23 50 9 36 23 51 8 36 23 52 7 36 23 53 6 36 23 55 5 36 23 57 4 36 24 4 58 36 24 5 56 36 24 6 54 36 24 7 53 36 24 8 52 36 24 9 51 36 24 10 50 36 24 11 49 36 24 12 48 36 24 13 47 36 24 14 46 36 24 15 45 36 24 16 44 36 24 17 43 36 24 18 42 36 24 19 41 36 24 20 40 36 24 21 39 36 24 22 38 36 24 23 37 36 24 24 36 36 24 25 35 36 24 26 34 36 24 27 33 36 24 28 32 36 24 29 31 36 24 30 30 36 24 31 29 36 24 32 28 36 24 33 27 36 24 34 26 36 24 35 25 36 24 36 24 36 24 37 23 36 24 38 22 36 24 39 21 36 24 40 20 36 24 41 19 36 24 42 18 36 24 43 17 36 24 44 16 36 24 45 15 36 24 46 14 36 24 47 13 36 24 48 12 36 24 49 11 36 24 50 10 36 24 51 9 36 24 52 8 36 24 53 7 36 24 54 6 36 24 56 5 36 24 58 4 36 25 4 59 36 25 5 57 36 25 6 55 36 25 7 54 36 25 8 53 36 25 9 52 36 25 10 51 36 25 11 50 36 25 12 49 36 25 13 48 36 25 14 47 36 25 15 46 36 25 16 45 36 25 17 44 36 25 18 43 36 25 19 42 36 25 20 41 36 25 21 40 36 25 22 39 36 25 23 38 36 25 24 37 36 25 25 36 36 25 26 35 36 25 27 34 36 25 28 33 36 25 29 32 36 25 30 31 36 25 31 30 36 25 32 29 36 25 33 28 36 25 34 27 36 25 35 26 36 25 36 25 36 25 37 24 36 25 38 23 36 25 39 22 36 25 40 21 36 25 41 20 36 25 42 19 36 25 43 18 36 25 44 17 36 25 45 16 36 25 46 15 36 25 47 14 36 25 48 13 36 25 49 12 36 25 50 11 36 25 51 10 36 25 52 9 36 25 53 8 36 25 54 7 36 25 55 6 36 25 57 5 36 25 59 4 36 26 5 58 36 26 6 56 36 26 7 55 36 26 8 54 36 26 9 53 36 26 10 52 36 26 11 51 36 26 12 50 36 26 13 49 36 26 14 48 36 26 15 47 36 26 16 46 36 26 17 45 36 26 18 44 36 26 19 43 36 26 20 42 36 26 21 41 36 26 22 40 36 26 23 39 36 26 24 38 36 26 25 37 36 26 26 36 36 26 27 35 36 26 28 34 36 26 29 33 36 26 30 32 36 26 31 31 36 26 32 30 36 26 33 29 36 26 34 28 36 26 35 27 36 26 36 26 36 26 37 25 36 26 38 24 36 26 39 23 36 26 40 22 36 26 41 21 36 26 42 20 36 26 43 19 36 26 44 18 36 26 45 17 36 26 46 16 36 26 47 15 36 26 48 14 36 26 49 13 36 26 50 12 36 26 51 11 36 26 52 10 36 26 53 9 36 26 54 8 36 26 55 7 36 26 56 6 36 26 58 5 36 27 5 59 36 27 6 57 36 27 7 56 36 27 8 55 36 27 9 54 36 27 10 53 36 27 11 52 36 27 12 51 36 27 13 50 36 27 14 49 36 27 15 48 36 27 16 47 36 27 17 46 36 27 18 45 36 27 19 44 36 27 20 43 36 27 21 42 36 27 22 41 36 27 23 40 36 27 24 39 36 27 25 38 36 27 26 37 36 27 27 36 36 27 28 35 36 27 29 34 36 27 30 33 36 27 31 32 36 27 32 31 36 27 33 30 36 27 34 29 36 27 35 28 36 27 36 27 36 27 37 26 36 27 38 25 36 27 39 24 36 27 40 23 36 27 41 22 36 27 42 21 36 27 43 20 36 27 44 19 36 27 45 18 36 27 46 17 36 27 47 16 36 27 48 15 36 27 49 14 36 27 50 13 36 27 51 12 36 27 52 11 36 27 53 10 36 27 54 9 36 27 55 8 36 27 56 7 36 27 57 6 36 27 59 5 36 28 5 60 36 28 6 58 36 28 7 57 36 28 8 56 36 28 9 55 36 28 10 54 36 28 11 53 36 28 12 52 36 28 13 51 36 28 14 50 36 28 15 49 36 28 16 48 36 28 17 47 36 28 18 46 36 28 19 45 36 28 20 44 36 28 21 43 36 28 22 42 36 28 23 41 36 28 24 40 36 28 25 39 36 28 26 38 36 28 27 37 36 28 28 36 36 28 29 35 36 28 30 34 36 28 31 33 36 28 32 32 36 28 33 31 36 28 34 30 36 28 35 29 36 28 36 28 36 28 37 27 36 28 38 26 36 28 39 25 36 28 40 24 36 28 41 23 36 28 42 22 36 28 43 21 36 28 44 20 36 28 45 19 36 28 46 18 36 28 47 17 36 28 48 16 36 28 49 15 36 28 50 14 36 28 51 13 36 28 52 12 36 28 53 11 36 28 54 10 36 28 55 9 36 28 56 8 36 28 57 7 36 28 58 6 36 28 60 5 36 29 5 61 36 29 6 59 36 29 7 58 36 29 8 57 36 29 9 56 36 29 10 55 36 29 11 54 36 29 12 53 36 29 13 52 36 29 14 51 36 29 15 50 36 29 16 49 36 29 17 48 36 29 18 47 36 29 19 46 36 29 20 45 36 29 21 44 36 29 22 43 36 29 23 42 36 29 24 41 36 29 25 40 36 29 26 39 36 29 27 38 36 29 28 37 36 29 29 36 36 29 30 35 36 29 31 34 36 29 32 33 36 29 33 32 36 29 34 31 36 29 35 30 36 29 36 29 36 29 37 28 36 29 38 27 36 29 39 26 36 29 40 25 36 29 41 24 36 29 42 23 36 29 43 22 36 29 44 21 36 29 45 20 36 29 46 19 36 29 47 18 36 29 48 17 36 29 49 16 36 29 50 15 36 29 51 14 36 29 52 13 36 29 53 12 36 29 54 11 36 29 55 10 36 29 56 9 36 29 57 8 36 29 58 7 36 29 59 6 36 29 61 5 36 30 6 60 36 30 7 59 36 30 8 58 36 30 9 57 36 30 10 56 36 30 11 55 36 30 12 54 36 30 13 53 36 30 14 52 36 30 15 51 36 30 16 50 36 30 17 49 36 30 18 48 36 30 19 47 36 30 20 46 36 30 21 45 36 30 22 44 36 30 23 43 36 30 24 42 36 30 25 41 36 30 26 40 36 30 27 39 36 30 28 38 36 30 29 37 36 30 30 36 36 30 31 35 36 30 32 34 36 30 33 33 36 30 34 32 36 30 35 31 36 30 36 30 36 30 37 29 36 30 38 28 36 30 39 27 36 30 40 26 36 30 41 25 36 30 42 24 36 30 43 23 36 30 44 22 36 30 45 21 36 30 46 20 36 30 47 19 36 30 48 18 36 30 49 17 36 30 50 16 36 30 51 15 36 30 52 14 36 30 53 13 36 30 54 12 36 30 55 11 36 30 56 10 36 30 57 9 36 30 58 8 36 30 59 7 36 30 60 6 36 31 6 61 36 31 7 60 36 31 8 59 36 31 9 58 36 31 10 57 36 31 11 56 36 31 12 55 36 31 13 54 36 31 14 53 36 31 15 52 36 31 16 51 36 31 17 50 36 31 18 49 36 31 19 48 36 31 20 47 36 31 21 46 36 31 22 45 36 31 23 44 36 31 24 43 36 31 25 42 36 31 26 41 36 31 27 40 36 31 28 39 36 31 29 38 36 31 30 37 36 31 31 36 36 31 32 35 36 31 33 34 36 31 34 33 36 31 35 32 36 31 36 31 36 31 37 30 36 31 38 29 36 31 39 28 36 31 40 27 36 31 41 26 36 31 42 25 36 31 43 24 36 31 44 23 36 31 45 22 36 31 46 21 36 31 47 20 36 31 48 19 36 31 49 18 36 31 50 17 36 31 51 16 36 31 52 15 36 31 53 14 36 31 54 13 36 31 55 12 36 31 56 11 36 31 57 10 36 31 58 9 36 31 59 8 36 31 60 7 36 31 61 6 36 32 6 62 36 32 7 61 36 32 8 60 36 32 9 59 36 32 10 58 36 32 11 57 36 32 12 56 36 32 13 55 36 32 14 54 36 32 15 53 36 32 16 52 36 32 17 51 36 32 18 50 36 32 19 49 36 32 20 48 36 32 21 47 36 32 22 46 36 32 23 45 36 32 24 44 36 32 25 43 36 32 26 42 36 32 27 41 36 32 28 40 36 32 29 39 36 32 30 38 36 32 31 37 36 32 32 36 36 32 33 35 36 32 34 34 36 32 35 33 36 32 36 32 36 32 37 31 36 32 38 30 36 32 39 29 36 32 40 28 36 32 41 27 36 32 42 26 36 32 43 25 36 32 44 24 36 32 45 23 36 32 46 22 36 32 47 21 36 32 48 20 36 32 49 19 36 32 50 18 36 32 51 17 36 32 52 16 36 32 53 15 36 32 54 14 36 32 55 13 36 32 56 12 36 32 57 11 36 32 58 10 36 32 59 9 36 32 60 8 36 32 61 7 36 32 62 6 36 33 7 62 36 33 8 61 36 33 9 60 36 33 10 59 36 33 11 58 36 33 12 57 36 33 13 56 36 33 14 55 36 33 15 54 36 33 16 53 36 33 17 52 36 33 18 51 36 33 19 50 36 33 20 49 36 33 21 48 36 33 22 47 36 33 23 46 36 33 24 45 36 33 25 44 36 33 26 43 36 33 27 42 36 33 28 41 36 33 29 40 36 33 30 39 36 33 31 38 36 33 32 37 36 33 33 36 36 33 34 35 36 33 35 34 36 33 36 33 36 33 37 32 36 33 38 31 36 33 39 30 36 33 40 29 36 33 41 28 36 33 42 27 36 33 43 26 36 33 44 25 36 33 45 24 36 33 46 23 36 33 47 22 36 33 48 21 36 33 49 20 36 33 50 19 36 33 51 18 36 33 52 17 36 33 53 16 36 33 54 15 36 33 55 14 36 33 56 13 36 33 57 12 36 33 58 11 36 33 59 10 36 33 60 9 36 33 61 8 36 33 62 7 36 34 8 62 36 34 9 61 36 34 10 60 36 34 11 59 36 34 12 58 36 34 13 57 36 34 14 56 36 34 15 55 36 34 16 54 36 34 17 53 36 34 18 52 36 34 19 51 36 34 20 50 36 34 21 49 36 34 22 48 36 34 23 47 36 34 24 46 36 34 25 45 36 34 26 44 36 34 27 43 36 34 28 42 36 34 29 41 36 34 30 40 36 34 31 39 36 34 32 38 36 34 33 37 36 34 34 36 36 34 35 35 36 34 36 34 36 34 37 33 36 34 38 32 36 34 39 31 36 34 40 30 36 34 41 29 36 34 42 28 36 34 43 27 36 34 44 26 36 34 45 25 36 34 46 24 36 34 47 23 36 34 48 22 36 34 49 21 36 34 50 20 36 34 51 19 36 34 52 18 36 34 53 17 36 34 54 16 36 34 55 15 36 34 56 14 36 34 57 13 36 34 58 12 36 34 59 11 36 34 60 10 36 34 61 9 36 34 62 8 36 35 9 62 36 35 10 61 36 35 11 60 36 35 12 59 36 35 13 58 36 35 14 57 36 35 15 56 36 35 16 55 36 35 17 54 36 35 18 53 36 35 19 52 36 35 20 51 36 35 21 50 36 35 22 49 36 35 23 48 36 35 24 47 36 35 25 46 36 35 26 45 36 35 27 44 36 35 28 43 36 35 29 42 36 35 30 41 36 35 31 40 36 35 32 39 36 35 33 38 36 35 34 37 36 35 35 36 36 35 36 35 36 35 37 34 36 35 38 33 36 35 39 32 36 35 40 31 36 35 41 30 36 35 42 29 36 35 43 28 36 35 44 27 36 35 45 26 36 35 46 25 36 35 47 24 36 35 48 23 36 35 49 22 36 35 50 21 36 35 51 20 36 35 52 19 36 35 53 18 36 35 54 17 36 35 55 16 36 35 56 15 36 35 57 14 36 35 58 13 36 35 59 12 36 35 60 11 36 35 61 10 36 35 62 9 36 36 10 62 36 36 11 61 36 36 12 60 36 36 13 59 36 36 14 58 36 36 15 57 36 36 16 56 36 36 17 55 36 36 18 54 36 36 19 53 36 36 20 52 36 36 21 51 36 36 22 50 36 36 23 49 36 36 24 48 36 36 25 47 36 36 26 46 36 36 27 45 36 36 28 44 36 36 29 43 36 36 30 42 36 36 31 41 36 36 32 40 36 36 33 39 36 36 34 38 36 36 35 37 36 36 36 36 36 36 37 35 36 36 38 34 36 36 39 33 36 36 40 32 36 36 41 31 36 36 42 30 36 36 43 29 36 36 44 28 36 36 45 27 36 36 46 26 36 36 47 25 36 36 48 24 36 36 49 23 36 36 50 22 36 36 51 21 36 36 52 20 36 36 53 19 36 36 54 18 36 36 55 17 36 36 56 16 36 36 57 15 36 36 58 14 36 36 59 13 36 36 60 12 36 36 61 11 36 36 62 10 36 37 11 62 36 37 12 61 36 37 13 60 36 37 14 59 36 37 15 58 36 37 16 57 36 37 17 56 36 37 18 55 36 37 19 54 36 37 20 53 36 37 21 52 36 37 22 51 36 37 23 50 36 37 24 49 36 37 25 48 36 37 26 47 36 37 27 46 36 37 28 45 36 37 29 44 36 37 30 43 36 37 31 42 36 37 32 41 36 37 33 40 36 37 34 39 36 37 35 38 36 37 36 37 36 37 37 36 36 37 38 35 36 37 39 34 36 37 40 33 36 37 41 32 36 37 42 31 36 37 43 30 36 37 44 29 36 37 45 28 36 37 46 27 36 37 47 26 36 37 48 25 36 37 49 24 36 37 50 23 36 37 51 22 36 37 52 21 36 37 53 20 36 37 54 19 36 37 55 18 36 37 56 17 36 37 57 16 36 37 58 15 36 37 59 14 36 37 60 13 36 37 61 12 36 37 62 11 36 38 12 62 36 38 13 61 36 38 14 60 36 38 15 59 36 38 16 58 36 38 17 57 36 38 18 56 36 38 19 55 36 38 20 54 36 38 21 53 36 38 22 52 36 38 23 51 36 38 24 50 36 38 25 49 36 38 26 48 36 38 27 47 36 38 28 46 36 38 29 45 36 38 30 44 36 38 31 43 36 38 32 42 36 38 33 41 36 38 34 40 36 38 35 39 36 38 36 38 36 38 37 37 36 38 38 36 36 38 39 35 36 38 40 34 36 38 41 33 36 38 42 32 36 38 43 31 36 38 44 30 36 38 45 29 36 38 46 28 36 38 47 27 36 38 48 26 36 38 49 25 36 38 50 24 36 38 51 23 36 38 52 22 36 38 53 21 36 38 54 20 36 38 55 19 36 38 56 18 36 38 57 17 36 38 58 16 36 38 59 15 36 38 60 14 36 38 61 13 36 38 62 12 36 39 13 62 36 39 14 61 36 39 15 60 36 39 16 59 36 39 17 58 36 39 18 57 36 39 19 56 36 39 20 55 36 39 21 54 36 39 22 53 36 39 23 52 36 39 24 51 36 39 25 50 36 39 26 49 36 39 27 48 36 39 28 47 36 39 29 46 36 39 30 45 36 39 31 44 36 39 32 43 36 39 33 42 36 39 34 41 36 39 35 40 36 39 36 39 36 39 37 38 36 39 38 37 36 39 39 36 36 39 40 35 36 39 41 34 36 39 42 33 36 39 43 32 36 39 44 31 36 39 45 30 36 39 46 29 36 39 47 28 36 39 48 27 36 39 49 26 36 39 50 25 36 39 51 24 36 39 52 23 36 39 53 22 36 39 54 21 36 39 55 20 36 39 56 19 36 39 57 18 36 39 58 17 36 39 59 16 36 39 60 15 36 39 61 14 36 39 62 13 36 40 14 62 36 40 15 61 36 40 16 60 36 40 17 59 36 40 18 58 36 40 19 57 36 40 20 56 36 40 21 55 36 40 22 54 36 40 23 53 36 40 24 52 36 40 25 51 36 40 26 50 36 40 27 49 36 40 28 48 36 40 29 47 36 40 30 46 36 40 31 45 36 40 32 44 36 40 33 43 36 40 34 42 36 40 35 41 36 40 36 40 36 40 37 39 36 40 38 38 36 40 39 37 36 40 40 36 36 40 41 35 36 40 42 34 36 40 43 33 36 40 44 32 36 40 45 31 36 40 46 30 36 40 47 29 36 40 48 28 36 40 49 27 36 40 50 26 36 40 51 25 36 40 52 24 36 40 53 23 36 40 54 22 36 40 55 21 36 40 56 20 36 40 57 19 36 40 58 18 36 40 59 17 36 40 60 16 36 40 61 15 36 40 62 14 36 41 15 62 36 41 16 61 36 41 17 60 36 41 18 59 36 41 19 58 36 41 20 57 36 41 21 56 36 41 22 55 36 41 23 54 36 41 24 53 36 41 25 52 36 41 26 51 36 41 27 50 36 41 28 49 36 41 29 48 36 41 30 47 36 41 31 46 36 41 32 45 36 41 33 44 36 41 34 43 36 41 35 42 36 41 36 41 36 41 37 40 36 41 38 39 36 41 39 38 36 41 40 37 36 41 41 36 36 41 42 35 36 41 43 34 36 41 44 33 36 41 45 32 36 41 46 31 36 41 47 30 36 41 48 29 36 41 49 28 36 41 50 27 36 41 51 26 36 41 52 25 36 41 53 24 36 41 54 23 36 41 55 22 36 41 56 21 36 41 57 20 36 41 58 19 36 41 59 18 36 41 60 17 36 41 61 16 36 41 62 15 36 42 16 62 36 42 17 61 36 42 18 60 36 42 19 59 36 42 20 58 36 42 21 57 36 42 22 56 36 42 23 55 36 42 24 54 36 42 25 53 36 42 26 52 36 42 27 51 36 42 28 50 36 42 29 49 36 42 30 48 36 42 31 47 36 42 32 46 36 42 33 45 36 42 34 44 36 42 35 43 36 42 36 42 36 42 37 41 36 42 38 40 36 42 39 39 36 42 40 38 36 42 41 37 36 42 42 36 36 42 43 35 36 42 44 34 36 42 45 33 36 42 46 32 36 42 47 31 36 42 48 30 36 42 49 29 36 42 50 28 36 42 51 27 36 42 52 26 36 42 53 25 36 42 54 24 36 42 55 23 36 42 56 22 36 42 57 21 36 42 58 20 36 42 59 19 36 42 60 18 36 42 61 17 36 42 62 16 36 43 17 62 36 43 18 61 36 43 19 60 36 43 20 59 36 43 21 58 36 43 22 57 36 43 23 56 36 43 24 55 36 43 25 54 36 43 26 53 36 43 27 52 36 43 28 51 36 43 29 50 36 43 30 49 36 43 31 48 36 43 32 47 36 43 33 46 36 43 34 45 36 43 35 44 36 43 36 43 36 43 37 42 36 43 38 41 36 43 39 40 36 43 40 39 36 43 41 38 36 43 42 37 36 43 43 36 36 43 44 35 36 43 45 34 36 43 46 33 36 43 47 32 36 43 48 31 36 43 49 30 36 43 50 29 36 43 51 28 36 43 52 27 36 43 53 26 36 43 54 25 36 43 55 24 36 43 56 23 36 43 57 22 36 43 58 21 36 43 59 20 36 43 60 19 36 43 61 18 36 43 62 17 36 44 18 62 36 44 19 61 36 44 20 60 36 44 21 59 36 44 22 58 36 44 23 57 36 44 24 56 36 44 25 55 36 44 26 54 36 44 27 53 36 44 28 52 36 44 29 51 36 44 30 50 36 44 31 49 36 44 32 48 36 44 33 47 36 44 34 46 36 44 35 45 36 44 36 44 36 44 37 43 36 44 38 42 36 44 39 41 36 44 40 40 36 44 41 39 36 44 42 38 36 44 43 37 36 44 44 36 36 44 45 35 36 44 46 34 36 44 47 33 36 44 48 32 36 44 49 31 36 44 50 30 36 44 51 29 36 44 52 28 36 44 53 27 36 44 54 26 36 44 55 25 36 44 56 24 36 44 57 23 36 44 58 22 36 44 59 21 36 44 60 20 36 44 61 19 36 44 62 18 36 45 19 62 36 45 20 61 36 45 21 60 36 45 22 59 36 45 23 58 36 45 24 57 36 45 25 56 36 45 26 55 36 45 27 54 36 45 28 53 36 45 29 52 36 45 30 51 36 45 31 50 36 45 32 49 36 45 33 48 36 45 34 47 36 45 35 46 36 45 36 45 36 45 37 44 36 45 38 43 36 45 39 42 36 45 40 41 36 45 41 40 36 45 42 39 36 45 43 38 36 45 44 37 36 45 45 36 36 45 46 35 36 45 47 34 36 45 48 33 36 45 49 32 36 45 50 31 36 45 51 30 36 45 52 29 36 45 53 28 36 45 54 27 36 45 55 26 36 45 56 25 36 45 57 24 36 45 58 23 36 45 59 22 36 45 60 21 36 45 61 20 36 45 62 19 36 46 20 62 36 46 21 61 36 46 22 60 36 46 23 59 36 46 24 58 36 46 25 57 36 46 26 56 36 46 27 55 36 46 28 54 36 46 29 53 36 46 30 52 36 46 31 51 36 46 32 50 36 46 33 49 36 46 34 48 36 46 35 47 36 46 36 46 36 46 37 45 36 46 38 44 36 46 39 43 36 46 40 42 36 46 41 41 36 46 42 40 36 46 43 39 36 46 44 38 36 46 45 37 36 46 46 36 36 46 47 35 36 46 48 34 36 46 49 33 36 46 50 32 36 46 51 31 36 46 52 30 36 46 53 29 36 46 54 28 36 46 55 27 36 46 56 26 36 46 57 25 36 46 58 24 36 46 59 23 36 46 60 22 36 46 61 21 36 46 62 20 36 47 21 62 36 47 22 61 36 47 23 60 36 47 24 59 36 47 25 58 36 47 26 57 36 47 27 56 36 47 28 55 36 47 29 54 36 47 30 53 36 47 31 52 36 47 32 51 36 47 33 50 36 47 34 49 36 47 35 48 36 47 36 47 36 47 37 46 36 47 38 45 36 47 39 44 36 47 40 43 36 47 41 42 36 47 42 41 36 47 43 40 36 47 44 39 36 47 45 38 36 47 46 37 36 47 47 36 36 47 48 35 36 47 49 34 36 47 50 33 36 47 51 32 36 47 52 31 36 47 53 30 36 47 54 29 36 47 55 28 36 47 56 27 36 47 57 26 36 47 58 25 36 47 59 24 36 47 60 23 36 47 61 22 36 47 62 21 36 48 22 62 36 48 23 61 36 48 24 60 36 48 25 59 36 48 26 58 36 48 27 57 36 48 28 56 36 48 29 55 36 48 30 54 36 48 31 53 36 48 32 52 36 48 33 51 36 48 34 50 36 48 35 49 36 48 36 48 36 48 37 47 36 48 38 46 36 48 39 45 36 48 40 44 36 48 41 43 36 48 42 42 36 48 43 41 36 48 44 40 36 48 45 39 36 48 46 38 36 48 47 37 36 48 48 36 36 48 49 35 36 48 50 34 36 48 51 33 36 48 52 32 36 48 53 31 36 48 54 30 36 48 55 29 36 48 56 28 36 48 57 27 36 48 58 26 36 48 59 25 36 48 60 24 36 48 61 23 36 48 62 22 36 49 23 62 36 49 24 61 36 49 25 60 36 49 26 59 36 49 27 58 36 49 28 57 36 49 29 56 36 49 30 55 36 49 31 54 36 49 32 53 36 49 33 52 36 49 34 51 36 49 35 50 36 49 36 49 36 49 37 48 36 49 38 47 36 49 39 46 36 49 40 45 36 49 41 44 36 49 42 43 36 49 43 42 36 49 44 41 36 49 45 40 36 49 46 39 36 49 47 38 36 49 48 37 36 49 49 36 36 49 50 35 36 49 51 34 36 49 52 33 36 49 53 32 36 49 54 31 36 49 55 30 36 49 56 29 36 49 57 28 36 49 58 27 36 49 59 26 36 49 60 25 36 49 61 24 36 49 62 23 36 50 24 62 36 50 25 61 36 50 26 60 36 50 27 59 36 50 28 58 36 50 29 57 36 50 30 56 36 50 31 55 36 50 32 54 36 50 33 53 36 50 34 52 36 50 35 51 36 50 36 50 36 50 37 49 36 50 38 48 36 50 39 47 36 50 40 46 36 50 41 45 36 50 42 44 36 50 43 43 36 50 44 42 36 50 45 41 36 50 46 40 36 50 47 39 36 50 48 38 36 50 49 37 36 50 50 36 36 50 51 35 36 50 52 34 36 50 53 33 36 50 54 32 36 50 55 31 36 50 56 30 36 50 57 29 36 50 58 28 36 50 59 27 36 50 60 26 36 50 61 25 36 50 62 24 36 51 25 62 36 51 26 61 36 51 27 60 36 51 28 59 36 51 29 58 36 51 30 57 36 51 31 56 36 51 32 55 36 51 33 54 36 51 34 53 36 51 35 52 36 51 36 51 36 51 37 50 36 51 38 49 36 51 39 48 36 51 40 47 36 51 41 46 36 51 42 45 36 51 43 44 36 51 44 43 36 51 45 42 36 51 46 41 36 51 47 40 36 51 48 39 36 51 49 38 36 51 50 37 36 51 51 36 36 51 52 35 36 51 53 34 36 51 54 33 36 51 55 32 36 51 56 31 36 51 57 30 36 51 58 29 36 51 59 28 36 51 60 27 36 51 61 26 36 51 62 25 36 52 26 62 36 52 27 61 36 52 28 60 36 52 29 59 36 52 30 58 36 52 31 57 36 52 32 56 36 52 33 55 36 52 34 54 36 52 35 53 36 52 36 52 36 52 37 51 36 52 38 50 36 52 39 49 36 52 40 48 36 52 41 47 36 52 42 46 36 52 43 45 36 52 44 44 36 52 45 43 36 52 46 42 36 52 47 41 36 52 48 40 36 52 49 39 36 52 50 38 36 52 51 37 36 52 52 36 36 52 53 35 36 52 54 34 36 52 55 33 36 52 56 32 36 52 57 31 36 52 58 30 36 52 59 29 36 52 60 28 36 52 61 27 36 52 62 26 36 53 27 62 36 53 28 61 36 53 29 60 36 53 30 59 36 53 31 58 36 53 32 57 36 53 33 56 36 53 34 55 36 53 35 54 36 53 36 53 36 53 37 52 36 53 38 51 36 53 39 50 36 53 40 49 36 53 41 48 36 53 42 47 36 53 43 46 36 53 44 45 36 53 45 44 36 53 46 43 36 53 47 42 36 53 48 41 36 53 49 40 36 53 50 39 36 53 51 38 36 53 52 37 36 53 53 36 36 53 54 35 36 53 55 34 36 53 56 33 36 53 57 32 36 53 58 31 36 53 59 30 36 53 60 29 36 53 61 28 36 53 62 27 36 54 28 62 36 54 29 61 36 54 30 60 36 54 31 59 36 54 32 58 36 54 33 57 36 54 34 56 36 54 35 55 36 54 36 54 36 54 37 53 36 54 38 52 36 54 39 51 36 54 40 50 36 54 41 49 36 54 42 48 36 54 43 47 36 54 44 46 36 54 45 45 36 54 46 44 36 54 47 43 36 54 48 42 36 54 49 41 36 54 50 40 36 54 51 39 36 54 52 38 36 54 53 37 36 54 54 36 36 54 55 35 36 54 56 34 36 54 57 33 36 54 58 32 36 54 59 31 36 54 60 30 36 54 61 29 36 54 62 28 36 55 29 62 36 55 30 61 36 55 31 60 36 55 32 59 36 55 33 58 36 55 34 57 36 55 35 56 36 55 36 55 36 55 37 54 36 55 38 53 36 55 39 52 36 55 40 51 36 55 41 50 36 55 42 49 36 55 43 48 36 55 44 47 36 55 45 46 36 55 46 45 36 55 47 44 36 55 48 43 36 55 49 42 36 55 50 41 36 55 51 40 36 55 52 39 36 55 53 38 36 55 54 37 36 55 55 36 36 55 56 35 36 55 57 34 36 55 58 33 36 55 59 32 36 55 60 31 36 55 61 30 36 55 62 29 36 56 30 62 36 56 31 61 36 56 32 60 36 56 33 59 36 56 34 58 36 56 35 57 36 56 36 56 36 56 37 55 36 56 38 54 36 56 39 53 36 56 40 52 36 56 41 51 36 56 42 50 36 56 43 49 36 56 44 48 36 56 45 47 36 56 46 46 36 56 47 45 36 56 48 44 36 56 49 43 36 56 50 42 36 56 51 41 36 56 52 40 36 56 53 39 36 56 54 38 36 56 55 37 36 56 56 36 36 56 57 35 36 56 58 34 36 56 59 33 36 56 60 32 36 56 61 31 36 56 62 30 36 57 31 62 36 57 32 61 36 57 33 60 36 57 34 59 36 57 35 58 36 57 36 57 36 57 37 56 36 57 38 55 36 57 39 54 36 57 40 53 36 57 41 52 36 57 42 51 36 57 43 50 36 57 44 49 36 57 45 48 36 57 46 47 36 57 47 46 36 57 48 45 36 57 49 44 36 57 50 43 36 57 51 42 36 57 52 41 36 57 53 40 36 57 54 39 36 57 55 38 36 57 56 37 36 57 57 36 36 57 58 35 36 57 59 34 36 57 60 33 36 57 61 32 36 57 62 31 36 58 32 62 36 58 33 61 36 58 34 60 36 58 35 59 36 58 36 58 36 58 37 57 36 58 38 56 36 58 39 55 36 58 40 54 36 58 41 53 36 58 42 52 36 58 43 51 36 58 44 50 36 58 45 49 36 58 46 48 36 58 47 47 36 58 48 46 36 58 49 45 36 58 50 44 36 58 51 43 36 58 52 42 36 58 53 41 36 58 54 40 36 58 55 39 36 58 56 38 36 58 57 37 36 58 58 36 36 58 59 35 36 58 60 34 36 58 61 33 36 58 62 32 36 59 33 62 36 59 34 61 36 59 35 60 36 59 36 59 36 59 37 58 36 59 38 57 36 59 39 56 36 59 40 55 36 59 41 54 36 59 42 53 36 59 43 52 36 59 44 51 36 59 45 50 36 59 46 49 36 59 47 48 36 59 48 47 36 59 49 46 36 59 50 45 36 59 51 44 36 59 52 43 36 59 53 42 36 59 54 41 36 59 55 40 36 59 56 39 36 59 57 38 36 59 58 37 36 59 59 36 36 59 60 35 36 59 61 34 36 59 62 33 36 60 34 62 36 60 35 61 36 60 36 60 36 60 37 59 36 60 38 58 36 60 39 57 36 60 40 56 36 60 41 55 36 60 42 54 36 60 43 53 36 60 44 52 36 60 45 51 36 60 46 50 36 60 47 49 36 60 48 48 36 60 49 47 36 60 50 46 36 60 51 45 36 60 52 44 36 60 53 43 36 60 54 42 36 60 55 41 36 60 56 40 36 60 57 39 36 60 58 38 36 60 59 37 36 60 60 36 36 60 61 35 36 60 62 34 36 61 35 62 36 61 36 61 36 61 37 60 36 61 38 59 36 61 39 58 36 61 40 57 36 61 41 56 36 61 42 55 36 61 43 54 36 61 44 53 36 61 45 52 36 61 46 51 36 61 47 50 36 61 48 49 36 61 49 48 36 61 50 47 36 61 51 46 36 61 52 45 36 61 53 44 36 61 54 43 36 61 55 42 36 61 56 41 36 61 57 40 36 61 58 39 36 61 59 38 36 61 60 37 36 61 61 36 36 61 62 35 36 62 36 62 36 62 37 61 36 62 38 60 36 62 39 59 36 62 40 58 36 62 41 57 36 62 42 56 36 62 43 55 36 62 44 54 36 62 45 53 36 62 46 52 36 62 47 51 36 62 48 50 36 62 49 49 36 62 50 48 36 62 51 47 36 62 52 46 36 62 53 45 36 62 54 44 36 62 55 43 36 62 56 42 36 62 57 41 36 62 58 40 36 62 59 39 36 62 60 38 36 62 61 37 36 62 62 36 


























