















































48 0 0 48 48 0 1 46 48 0 46 1 48 0 48 0 48 1 0 50 48 1 1 48 48 1 2 46 48 1 3 45 48 1 4 43 48 1 5 41 48 1 7 38 48 1 38 7 48 1 41 5 48 1 43 4 48 1 45 3 48 1 46 2 48 1 48 1 48 1 50 0 48 2 1 50 48 2 2 48 48 2 3 47 48 2 4 45 48 2 5 43 48 2 6 41 48 2 7 40 48 2 8 39 48 2 9 37 48 2 10 36 48 2 12 34 48 2 34 12 48 2 36 10 48 2 37 9 48 2 39 8 48 2 40 7 48 2 41 6 48 2 43 5 48 2 45 4 48 2 47 3 48 2 48 2 48 2 50 1 48 3 1 51 48 3 2 49 48 3 3 48 48 3 4 46 48 3 5 44 48 3 6 42 48 3 7 41 48 3 8 40 48 3 9 38 48 3 10 37 48 3 11 36 48 3 12 35 48 3 13 34 48 3 14 33 48 3 15 32 48 3 16 31 48 3 17 30 48 3 18 29 48 3 19 28 48 3 20 27 48 3 21 26 48 3 22 25 48 3 23 24 48 3 24 23 48 3 25 22 48 3 26 21 48 3 27 20 48 3 28 19 48 3 29 18 48 3 30 17 48 3 31 16 48 3 32 15 48 3 33 14 48 3 34 13 48 3 35 12 48 3 36 11 48 3 37 10 48 3 38 9 48 3 40 8 48 3 41 7 48 3 42 6 48 3 44 5 48 3 46 4 48 3 48 3 48 3 49 2 48 3 51 1 48 4 2 51 48 4 3 50 48 4 4 48 48 4 5 46 48 4 6 44 48 4 7 43 48 4 8 42 48 4 9 40 48 4 10 39 48 4 11 38 48 4 12 37 48 4 13 36 48 4 14 35 48 4 15 34 48 4 16 33 48 4 17 32 48 4 18 31 48 4 19 30 48 4 20 29 48 4 21 28 48 4 22 27 48 4 23 26 48 4 24 25 48 4 25 24 48 4 26 23 48 4 27 22 48 4 28 21 48 4 29 20 48 4 30 19 48 4 31 18 48 4 32 17 48 4 33 16 48 4 34 15 48 4 35 14 48 4 36 13 48 4 37 12 48 4 38 11 48 4 39 10 48 4 40 9 48 4 42 8 48 4 43 7 48 4 44 6 48 4 46 5 48 4 48 4 48 4 50 3 48 4 51 2 48 5 4 50 48 5 5 48 48 5 6 46 48 5 7 45 48 5 8 44 48 5 9 42 48 5 10 41 48 5 11 40 48 5 12 39 48 5 13 38 48 5 14 37 48 5 15 36 48 5 16 35 48 5 17 34 48 5 18 33 48 5 19 32 48 5 20 31 48 5 21 30 48 5 22 29 48 5 23 28 48 5 24 27 48 5 25 26 48 5 26 25 48 5 27 24 48 5 28 23 48 5 29 22 48 5 30 21 48 5 31 20 48 5 32 19 48 5 33 18 48 5 34 17 48 5 35 16 48 5 36 15 48 5 37 14 48 5 38 13 48 5 39 12 48 5 40 11 48 5 41 10 48 5 42 9 48 5 44 8 48 5 45 7 48 5 46 6 48 5 48 5 48 5 50 4 48 6 5 50 48 6 6 48 48 6 7 47 48 6 8 46 48 6 9 44 48 6 10 43 48 6 11 42 48 6 12 41 48 6 13 40 48 6 14 39 48 6 15 38 48 6 16 37 48 6 17 36 48 6 18 35 48 6 19 34 48 6 20 33 48 6 21 32 48 6 22 31 48 6 23 30 48 6 24 29 48 6 25 28 48 6 26 27 48 6 27 26 48 6 28 25 48 6 29 24 48 6 30 23 48 6 31 22 48 6 32 21 48 6 33 20 48 6 34 19 48 6 35 18 48 6 36 17 48 6 37 16 48 6 38 15 48 6 39 14 48 6 40 13 48 6 41 12 48 6 42 11 48 6 43 10 48 6 44 9 48 6 46 8 48 6 47 7 48 6 48 6 48 6 50 5 48 7 5 51 48 7 6 49 48 7 7 48 48 7 8 47 48 7 9 45 48 7 10 44 48 7 11 43 48 7 12 42 48 7 13 41 48 7 14 40 48 7 15 39 48 7 16 38 48 7 17 37 48 7 18 36 48 7 19 35 48 7 20 34 48 7 21 33 48 7 22 32 48 7 23 31 48 7 24 30 48 7 25 29 48 7 26 28 48 7 27 27 48 7 28 26 48 7 29 25 48 7 30 24 48 7 31 23 48 7 32 22 48 7 33 21 48 7 34 20 48 7 35 19 48 7 36 18 48 7 37 17 48 7 38 16 48 7 39 15 48 7 40 14 48 7 41 13 48 7 42 12 48 7 43 11 48 7 44 10 48 7 45 9 48 7 47 8 48 7 48 7 48 7 49 6 48 7 51 5 48 8 6 50 48 8 7 49 48 8 8 48 48 8 9 46 48 8 10 45 48 8 11 44 48 8 12 43 48 8 13 42 48 8 14 41 48 8 15 40 48 8 16 39 48 8 17 38 48 8 18 37 48 8 19 36 48 8 20 35 48 8 21 34 48 8 22 33 48 8 23 32 48 8 24 31 48 8 25 30 48 8 26 29 48 8 27 28 48 8 28 27 48 8 29 26 48 8 30 25 48 8 31 24 48 8 32 23 48 8 33 22 48 8 34 21 48 8 35 20 48 8 36 19 48 8 37 18 48 8 38 17 48 8 39 16 48 8 40 15 48 8 41 14 48 8 42 13 48 8 43 12 48 8 44 11 48 8 45 10 48 8 46 9 48 8 48 8 48 8 49 7 48 8 50 6 48 9 7 51 48 9 8 50 48 9 9 48 48 9 10 47 48 9 11 46 48 9 12 45 48 9 13 44 48 9 14 43 48 9 15 42 48 9 16 41 48 9 17 40 48 9 18 39 48 9 19 38 48 9 20 37 48 9 21 36 48 9 22 35 48 9 23 34 48 9 24 33 48 9 25 32 48 9 26 31 48 9 27 30 48 9 28 29 48 9 29 28 48 9 30 27 48 9 31 26 48 9 32 25 48 9 33 24 48 9 34 23 48 9 35 22 48 9 36 21 48 9 37 20 48 9 38 19 48 9 39 18 48 9 40 17 48 9 41 16 48 9 42 15 48 9 43 14 48 9 44 13 48 9 45 12 48 9 46 11 48 9 47 10 48 9 48 9 48 9 50 8 48 9 51 7 48 10 8 51 48 10 9 49 48 10 10 48 48 10 11 47 48 10 12 46 48 10 13 45 48 10 14 44 48 10 15 43 48 10 16 42 48 10 17 41 48 10 18 40 48 10 19 39 48 10 20 38 48 10 21 37 48 10 22 36 48 10 23 35 48 10 24 34 48 10 25 33 48 10 26 32 48 10 27 31 48 10 28 30 48 10 29 29 48 10 30 28 48 10 31 27 48 10 32 26 48 10 33 25 48 10 34 24 48 10 35 23 48 10 36 22 48 10 37 21 48 10 38 20 48 10 39 19 48 10 40 18 48 10 41 17 48 10 42 16 48 10 43 15 48 10 44 14 48 10 45 13 48 10 46 12 48 10 47 11 48 10 48 10 48 10 49 9 48 10 51 8 48 11 9 50 48 11 10 49 48 11 11 48 48 11 12 47 48 11 13 46 48 11 14 45 48 11 15 44 48 11 16 43 48 11 17 42 48 11 18 41 48 11 19 40 48 11 20 39 48 11 21 38 48 11 22 37 48 11 23 36 48 11 24 35 48 11 25 34 48 11 26 33 48 11 27 32 48 11 28 31 48 11 29 30 48 11 30 29 48 11 31 28 48 11 32 27 48 11 33 26 48 11 34 25 48 11 35 24 48 11 36 23 48 11 37 22 48 11 38 21 48 11 39 20 48 11 40 19 48 11 41 18 48 11 42 17 48 11 43 16 48 11 44 15 48 11 45 14 48 11 46 13 48 11 47 12 48 11 48 11 48 11 49 10 48 11 50 9 48 12 9 51 48 12 10 50 48 12 11 49 48 12 12 48 48 12 13 47 48 12 14 46 48 12 15 45 48 12 16 44 48 12 17 43 48 12 18 42 48 12 19 41 48 12 20 40 48 12 21 39 48 12 22 38 48 12 23 37 48 12 24 36 48 12 25 35 48 12 26 34 48 12 27 33 48 12 28 32 48 12 29 31 48 12 30 30 48 12 31 29 48 12 32 28 48 12 33 27 48 12 34 26 48 12 35 25 48 12 36 24 48 12 37 23 48 12 38 22 48 12 39 21 48 12 40 20 48 12 41 19 48 12 42 18 48 12 43 17 48 12 44 16 48 12 45 15 48 12 46 14 48 12 47 13 48 12 48 12 48 12 49 11 48 12 50 10 48 12 51 9 48 13 10 51 48 13 11 50 48 13 12 49 48 13 13 48 48 13 14 47 48 13 15 46 48 13 16 45 48 13 17 44 48 13 18 43 48 13 19 42 48 13 20 41 48 13 21 40 48 13 22 39 48 13 23 38 48 13 24 37 48 13 25 36 48 13 26 35 48 13 27 34 48 13 28 33 48 13 29 32 48 13 30 31 48 13 31 30 48 13 32 29 48 13 33 28 48 13 34 27 48 13 35 26 48 13 36 25 48 13 37 24 48 13 38 23 48 13 39 22 48 13 40 21 48 13 41 20 48 13 42 19 48 13 43 18 48 13 44 17 48 13 45 16 48 13 46 15 48 13 47 14 48 13 48 13 48 13 49 12 48 13 50 11 48 13 51 10 48 14 11 51 48 14 12 50 48 14 13 49 48 14 14 48 48 14 15 47 48 14 16 46 48 14 17 45 48 14 18 44 48 14 19 43 48 14 20 42 48 14 21 41 48 14 22 40 48 14 23 39 48 14 24 38 48 14 25 37 48 14 26 36 48 14 27 35 48 14 28 34 48 14 29 33 48 14 30 32 48 14 31 31 48 14 32 30 48 14 33 29 48 14 34 28 48 14 35 27 48 14 36 26 48 14 37 25 48 14 38 24 48 14 39 23 48 14 40 22 48 14 41 21 48 14 42 20 48 14 43 19 48 14 44 18 48 14 45 17 48 14 46 16 48 14 47 15 48 14 48 14 48 14 49 13 48 14 50 12 48 14 51 11 48 15 12 51 48 15 13 50 48 15 14 49 48 15 15 48 48 15 16 47 48 15 17 46 48 15 18 45 48 15 19 44 48 15 20 43 48 15 21 42 48 15 22 41 48 15 23 40 48 15 24 39 48 15 25 38 48 15 26 37 48 15 27 36 48 15 28 35 48 15 29 34 48 15 30 33 48 15 31 32 48 15 32 31 48 15 33 30 48 15 34 29 48 15 35 28 48 15 36 27 48 15 37 26 48 15 38 25 48 15 39 24 48 15 40 23 48 15 41 22 48 15 42 21 48 15 43 20 48 15 44 19 48 15 45 18 48 15 46 17 48 15 47 16 48 15 48 15 48 15 49 14 48 15 50 13 48 15 51 12 48 16 13 51 48 16 14 50 48 16 15 49 48 16 16 48 48 16 17 47 48 16 18 46 48 16 19 45 48 16 20 44 48 16 21 43 48 16 22 42 48 16 23 41 48 16 24 40 48 16 25 39 48 16 26 38 48 16 27 37 48 16 28 36 48 16 29 35 48 16 30 34 48 16 31 33 48 16 32 32 48 16 33 31 48 16 34 30 48 16 35 29 48 16 36 28 48 16 37 27 48 16 38 26 48 16 39 25 48 16 40 24 48 16 41 23 48 16 42 22 48 16 43 21 48 16 44 20 48 16 45 19 48 16 46 18 48 16 47 17 48 16 48 16 48 16 49 15 48 16 50 14 48 16 51 13 48 17 14 51 48 17 15 50 48 17 16 49 48 17 17 48 48 17 18 47 48 17 19 46 48 17 20 45 48 17 21 44 48 17 22 43 48 17 23 42 48 17 24 41 48 17 25 40 48 17 26 39 48 17 27 38 48 17 28 37 48 17 29 36 48 17 30 35 48 17 31 34 48 17 32 33 48 17 33 32 48 17 34 31 48 17 35 30 48 17 36 29 48 17 37 28 48 17 38 27 48 17 39 26 48 17 40 25 48 17 41 24 48 17 42 23 48 17 43 22 48 17 44 21 48 17 45 20 48 17 46 19 48 17 47 18 48 17 48 17 48 17 49 16 48 17 50 15 48 17 51 14 48 18 15 51 48 18 16 50 48 18 17 49 48 18 18 48 48 18 19 47 48 18 20 46 48 18 21 45 48 18 22 44 48 18 23 43 48 18 24 42 48 18 25 41 48 18 26 40 48 18 27 39 48 18 28 38 48 18 29 37 48 18 30 36 48 18 31 35 48 18 32 34 48 18 33 33 48 18 34 32 48 18 35 31 48 18 36 30 48 18 37 29 48 18 38 28 48 18 39 27 48 18 40 26 48 18 41 25 48 18 42 24 48 18 43 23 48 18 44 22 48 18 45 21 48 18 46 20 48 18 47 19 48 18 48 18 48 18 49 17 48 18 50 16 48 18 51 15 48 19 16 51 48 19 17 50 48 19 18 49 48 19 19 48 48 19 20 47 48 19 21 46 48 19 22 45 48 19 23 44 48 19 24 43 48 19 25 42 48 19 26 41 48 19 27 40 48 19 28 39 48 19 29 38 48 19 30 37 48 19 31 36 48 19 32 35 48 19 33 34 48 19 34 33 48 19 35 32 48 19 36 31 48 19 37 30 48 19 38 29 48 19 39 28 48 19 40 27 48 19 41 26 48 19 42 25 48 19 43 24 48 19 44 23 48 19 45 22 48 19 46 21 48 19 47 20 48 19 48 19 48 19 49 18 48 19 50 17 48 19 51 16 48 20 17 51 48 20 18 50 48 20 19 49 48 20 20 48 48 20 21 47 48 20 22 46 48 20 23 45 48 20 24 44 48 20 25 43 48 20 26 42 48 20 27 41 48 20 28 40 48 20 29 39 48 20 30 38 48 20 31 37 48 20 32 36 48 20 33 35 48 20 34 34 48 20 35 33 48 20 36 32 48 20 37 31 48 20 38 30 48 20 39 29 48 20 40 28 48 20 41 27 48 20 42 26 48 20 43 25 48 20 44 24 48 20 45 23 48 20 46 22 48 20 47 21 48 20 48 20 48 20 49 19 48 20 50 18 48 20 51 17 48 21 18 51 48 21 19 50 48 21 20 49 48 21 21 48 48 21 22 47 48 21 23 46 48 21 24 45 48 21 25 44 48 21 26 43 48 21 27 42 48 21 28 41 48 21 29 40 48 21 30 39 48 21 31 38 48 21 32 37 48 21 33 36 48 21 34 35 48 21 35 34 48 21 36 33 48 21 37 32 48 21 38 31 48 21 39 30 48 21 40 29 48 21 41 28 48 21 42 27 48 21 43 26 48 21 44 25 48 21 45 24 48 21 46 23 48 21 47 22 48 21 48 21 48 21 49 20 48 21 50 19 48 21 51 18 48 22 19 51 48 22 20 50 48 22 21 49 48 22 22 48 48 22 23 47 48 22 24 46 48 22 25 45 48 22 26 44 48 22 27 43 48 22 28 42 48 22 29 41 48 22 30 40 48 22 31 39 48 22 32 38 48 22 33 37 48 22 34 36 48 22 35 35 48 22 36 34 48 22 37 33 48 22 38 32 48 22 39 31 48 22 40 30 48 22 41 29 48 22 42 28 48 22 43 27 48 22 44 26 48 22 45 25 48 22 46 24 48 22 47 23 48 22 48 22 48 22 49 21 48 22 50 20 48 22 51 19 48 23 20 51 48 23 21 50 48 23 22 49 48 23 23 48 48 23 24 47 48 23 25 46 48 23 26 45 48 23 27 44 48 23 28 43 48 23 29 42 48 23 30 41 48 23 31 40 48 23 32 39 48 23 33 38 48 23 34 37 48 23 35 36 48 23 36 35 48 23 37 34 48 23 38 33 48 23 39 32 48 23 40 31 48 23 41 30 48 23 42 29 48 23 43 28 48 23 44 27 48 23 45 26 48 23 46 25 48 23 47 24 48 23 48 23 48 23 49 22 48 23 50 21 48 23 51 20 48 24 21 51 48 24 22 50 48 24 23 49 48 24 24 48 48 24 25 47 48 24 26 46 48 24 27 45 48 24 28 44 48 24 29 43 48 24 30 42 48 24 31 41 48 24 32 40 48 24 33 39 48 24 34 38 48 24 35 37 48 24 36 36 48 24 37 35 48 24 38 34 48 24 39 33 48 24 40 32 48 24 41 31 48 24 42 30 48 24 43 29 48 24 44 28 48 24 45 27 48 24 46 26 48 24 47 25 48 24 48 24 48 24 49 23 48 24 50 22 48 24 51 21 48 25 22 51 48 25 23 50 48 25 24 49 48 25 25 48 48 25 26 47 48 25 27 46 48 25 28 45 48 25 29 44 48 25 30 43 48 25 31 42 48 25 32 41 48 25 33 40 48 25 34 39 48 25 35 38 48 25 36 37 48 25 37 36 48 25 38 35 48 25 39 34 48 25 40 33 48 25 41 32 48 25 42 31 48 25 43 30 48 25 44 29 48 25 45 28 48 25 46 27 48 25 47 26 48 25 48 25 48 25 49 24 48 25 50 23 48 25 51 22 48 26 23 51 48 26 24 50 48 26 25 49 48 26 26 48 48 26 27 47 48 26 28 46 48 26 29 45 48 26 30 44 48 26 31 43 48 26 32 42 48 26 33 41 48 26 34 40 48 26 35 39 48 26 36 38 48 26 37 37 48 26 38 36 48 26 39 35 48 26 40 34 48 26 41 33 48 26 42 32 48 26 43 31 48 26 44 30 48 26 45 29 48 26 46 28 48 26 47 27 48 26 48 26 48 26 49 25 48 26 50 24 48 26 51 23 48 27 24 51 48 27 25 50 48 27 26 49 48 27 27 48 48 27 28 47 48 27 29 46 48 27 30 45 48 27 31 44 48 27 32 43 48 27 33 42 48 27 34 41 48 27 35 40 48 27 36 39 48 27 37 38 48 27 38 37 48 27 39 36 48 27 40 35 48 27 41 34 48 27 42 33 48 27 43 32 48 27 44 31 48 27 45 30 48 27 46 29 48 27 47 28 48 27 48 27 48 27 49 26 48 27 50 25 48 27 51 24 48 28 25 51 48 28 26 50 48 28 27 49 48 28 28 48 48 28 29 47 48 28 30 46 48 28 31 45 48 28 32 44 48 28 33 43 48 28 34 42 48 28 35 41 48 28 36 40 48 28 37 39 48 28 38 38 48 28 39 37 48 28 40 36 48 28 41 35 48 28 42 34 48 28 43 33 48 28 44 32 48 28 45 31 48 28 46 30 48 28 47 29 48 28 48 28 48 28 49 27 48 28 50 26 48 28 51 25 48 29 26 51 48 29 27 50 48 29 28 49 48 29 29 48 48 29 30 47 48 29 31 46 48 29 32 45 48 29 33 44 48 29 34 43 48 29 35 42 48 29 36 41 48 29 37 40 48 29 38 39 48 29 39 38 48 29 40 37 48 29 41 36 48 29 42 35 48 29 43 34 48 29 44 33 48 29 45 32 48 29 46 31 48 29 47 30 48 29 48 29 48 29 49 28 48 29 50 27 48 29 51 26 48 30 27 51 48 30 28 50 48 30 29 49 48 30 30 48 48 30 31 47 48 30 32 46 48 30 33 45 48 30 34 44 48 30 35 43 48 30 36 42 48 30 37 41 48 30 38 40 48 30 39 39 48 30 40 38 48 30 41 37 48 30 42 36 48 30 43 35 48 30 44 34 48 30 45 33 48 30 46 32 48 30 47 31 48 30 48 30 48 30 49 29 48 30 50 28 48 30 51 27 48 31 28 51 48 31 29 50 48 31 30 49 48 31 31 48 48 31 32 47 48 31 33 46 48 31 34 45 48 31 35 44 48 31 36 43 48 31 37 42 48 31 38 41 48 31 39 40 48 31 40 39 48 31 41 38 48 31 42 37 48 31 43 36 48 31 44 35 48 31 45 34 48 31 46 33 48 31 47 32 48 31 48 31 48 31 49 30 48 31 50 29 48 31 51 28 48 32 29 51 48 32 30 50 48 32 31 49 48 32 32 48 48 32 33 47 48 32 34 46 48 32 35 45 48 32 36 44 48 32 37 43 48 32 38 42 48 32 39 41 48 32 40 40 48 32 41 39 48 32 42 38 48 32 43 37 48 32 44 36 48 32 45 35 48 32 46 34 48 32 47 33 48 32 48 32 48 32 49 31 48 32 50 30 48 32 51 29 48 33 30 51 48 33 31 50 48 33 32 49 48 33 33 48 48 33 34 47 48 33 35 46 48 33 36 45 48 33 37 44 48 33 38 43 48 33 39 42 48 33 40 41 48 33 41 40 48 33 42 39 48 33 43 38 48 33 44 37 48 33 45 36 48 33 46 35 48 33 47 34 48 33 48 33 48 33 49 32 48 33 50 31 48 33 51 30 48 34 31 51 48 34 32 50 48 34 33 49 48 34 34 48 48 34 35 47 48 34 36 46 48 34 37 45 48 34 38 44 48 34 39 43 48 34 40 42 48 34 41 41 48 34 42 40 48 34 43 39 48 34 44 38 48 34 45 37 48 34 46 36 48 34 47 35 48 34 48 34 48 34 49 33 48 34 50 32 48 34 51 31 48 35 32 51 48 35 33 50 48 35 34 49 48 35 35 48 48 35 36 47 48 35 37 46 48 35 38 45 48 35 39 44 48 35 40 43 48 35 41 42 48 35 42 41 48 35 43 40 48 35 44 39 48 35 45 38 48 35 46 37 48 35 47 36 48 35 48 35 48 35 49 34 48 35 50 33 48 35 51 32 48 36 33 51 48 36 34 50 48 36 35 49 48 36 36 48 48 36 37 47 48 36 38 46 48 36 39 45 48 36 40 44 48 36 41 43 48 36 42 42 48 36 43 41 48 36 44 40 48 36 45 39 48 36 46 38 48 36 47 37 48 36 48 36 48 36 49 35 48 36 50 34 48 36 51 33 48 37 34 51 48 37 35 50 48 37 36 49 48 37 37 48 48 37 38 47 48 37 39 46 48 37 40 45 48 37 41 44 48 37 42 43 48 37 43 42 48 37 44 41 48 37 45 40 48 37 46 39 48 37 47 38 48 37 48 37 48 37 49 36 48 37 50 35 48 37 51 34 48 38 35 51 48 38 36 50 48 38 37 49 48 38 38 48 48 38 39 47 48 38 40 46 48 38 41 45 48 38 42 44 48 38 43 43 48 38 44 42 48 38 45 41 48 38 46 40 48 38 47 39 48 38 48 38 48 38 49 37 48 38 50 36 48 38 51 35 48 39 36 51 48 39 37 50 48 39 38 49 48 39 39 48 48 39 40 47 48 39 41 46 48 39 42 45 48 39 43 44 48 39 44 43 48 39 45 42 48 39 46 41 48 39 47 40 48 39 48 39 48 39 49 38 48 39 50 37 48 39 51 36 48 40 37 51 48 40 38 50 48 40 39 49 48 40 40 48 48 40 41 47 48 40 42 46 48 40 43 45 48 40 44 44 48 40 45 43 48 40 46 42 48 40 47 41 48 40 48 40 48 40 49 39 48 40 50 38 48 40 51 37 48 41 38 51 48 41 39 50 48 41 40 49 48 41 41 48 48 41 42 47 48 41 43 46 48 41 44 45 48 41 45 44 48 41 46 43 48 41 47 42 48 41 48 41 48 41 49 40 48 41 50 39 48 41 51 38 48 42 39 51 48 42 40 50 48 42 41 49 48 42 42 48 48 42 43 47 48 42 44 46 48 42 45 45 48 42 46 44 48 42 47 43 48 42 48 42 48 42 49 41 48 42 50 40 48 42 51 39 48 43 40 51 48 43 41 50 48 43 42 49 48 43 43 48 48 43 44 47 48 43 45 46 48 43 46 45 48 43 47 44 48 43 48 43 48 43 49 42 48 43 50 41 48 43 51 40 48 44 41 51 48 44 42 50 48 44 43 49 48 44 44 48 48 44 45 47 48 44 46 46 48 44 47 45 48 44 48 44 48 44 49 43 48 44 50 42 48 44 51 41 48 45 42 51 48 45 43 50 48 45 44 49 48 45 45 48 48 45 46 47 48 45 47 46 48 45 48 45 48 45 49 44 48 45 50 43 48 45 51 42 48 46 43 51 48 46 44 50 48 46 45 49 48 46 46 48 48 46 47 47 48 46 48 46 48 46 49 45 48 46 50 44 48 46 51 43 48 47 44 51 48 47 45 50 48 47 46 49 48 47 47 48 48 47 48 47 48 47 49 46 48 47 50 45 48 47 51 44 48 48 45 51 48 48 46 50 48 48 47 49 48 48 48 48 48 48 49 47 48 48 50 46 48 48 51 45 48 49 46 51 48 49 47 50 48 49 48 49 48 49 49 48 48 49 50 47 48 49 51 46 48 50 47 51 48 50 48 50 48 50 49 49 48 50 50 48 48 50 51 47 48 51 48 51 48 51 49 50 48 51 50 49 48 51 51 48 



