



















































52 0 0 52 52 0 1 50 52 0 2 48 52 0 3 46 52 0 4 45 52 0 5 43 52 0 6 41 52 0 7 40 52 0 8 39 52 0 9 38 52 0 10 37 52 0 11 36 52 0 12 35 52 0 13 34 52 0 14 33 52 0 15 32 52 0 16 31 52 0 17 30 52 0 18 29 52 0 19 28 52 0 20 27 52 0 21 26 52 0 22 25 52 0 23 24 52 0 24 23 52 0 25 22 52 0 26 21 52 0 27 20 52 0 28 19 52 0 29 18 52 0 30 17 52 0 31 16 52 0 32 15 52 0 33 14 52 0 34 13 52 0 35 12 52 0 36 11 52 0 37 10 52 0 38 9 52 0 39 8 52 0 40 7 52 0 41 6 52 0 43 5 52 0 45 4 52 0 46 3 52 0 48 2 52 0 50 1 52 0 52 0 52 1 0 54 52 1 1 52 52 1 2 50 52 1 3 48 52 1 4 47 52 1 5 45 52 1 6 43 52 1 7 42 52 1 8 41 52 1 9 40 52 1 10 39 52 1 11 38 52 1 12 37 52 1 13 36 52 1 14 35 52 1 15 34 52 1 16 33 52 1 17 32 52 1 18 31 52 1 19 30 52 1 20 29 52 1 21 28 52 1 22 27 52 1 23 26 52 1 24 25 52 1 25 24 52 1 26 23 52 1 27 22 52 1 28 21 52 1 29 20 52 1 30 19 52 1 31 18 52 1 32 17 52 1 33 16 52 1 34 15 52 1 35 14 52 1 36 13 52 1 37 12 52 1 38 11 52 1 39 10 52 1 40 9 52 1 41 8 52 1 42 7 52 1 43 6 52 1 45 5 52 1 47 4 52 1 48 3 52 1 50 2 52 1 52 1 52 1 54 0 52 2 0 56 52 2 1 54 52 2 2 52 52 2 3 50 52 2 4 49 52 2 5 47 52 2 6 45 52 2 7 44 52 2 8 43 52 2 9 42 52 2 10 41 52 2 11 40 52 2 13 38 52 2 14 37 52 2 15 36 52 2 16 35 52 2 17 34 52 2 18 33 52 2 19 32 52 2 20 31 52 2 21 30 52 2 22 29 52 2 23 28 52 2 24 27 52 2 25 26 52 2 26 25 52 2 27 24 52 2 28 23 52 2 29 22 52 2 30 21 52 2 31 20 52 2 32 19 52 2 33 18 52 2 34 17 52 2 35 16 52 2 36 15 52 2 37 14 52 2 38 13 52 2 40 11 52 2 41 10 52 2 42 9 52 2 43 8 52 2 44 7 52 2 45 6 52 2 47 5 52 2 49 4 52 2 50 3 52 2 52 2 52 2 54 1 52 2 56 0 52 3 0 58 52 3 1 56 52 3 2 54 52 3 3 52 52 3 4 51 52 3 5 49 52 3 6 47 52 3 7 46 52 3 8 45 52 3 9 44 52 3 10 43 52 3 11 42 52 3 12 41 52 3 13 40 52 3 14 39 52 3 15 38 52 3 16 37 52 3 17 36 52 3 18 35 52 3 19 34 52 3 20 33 52 3 21 32 52 3 22 31 52 3 23 30 52 3 24 29 52 3 25 28 52 3 26 27 52 3 27 26 52 3 28 25 52 3 29 24 52 3 30 23 52 3 31 22 52 3 32 21 52 3 33 20 52 3 34 19 52 3 35 18 52 3 36 17 52 3 37 16 52 3 38 15 52 3 39 14 52 3 40 13 52 3 41 12 52 3 42 11 52 3 43 10 52 3 44 9 52 3 45 8 52 3 46 7 52 3 47 6 52 3 49 5 52 3 51 4 52 3 52 3 52 3 54 2 52 3 56 1 52 3 58 0 52 4 0 59 52 4 1 57 52 4 2 55 52 4 3 53 52 4 4 52 52 4 5 50 52 4 6 48 52 4 7 47 52 4 8 46 52 4 9 45 52 4 10 44 52 4 11 43 52 4 12 42 52 4 13 41 52 4 14 40 52 4 15 39 52 4 16 38 52 4 17 37 52 4 18 36 52 4 19 35 52 4 20 34 52 4 21 33 52 4 22 32 52 4 23 31 52 4 24 30 52 4 25 29 52 4 26 28 52 4 27 27 52 4 28 26 52 4 29 25 52 4 30 24 52 4 31 23 52 4 32 22 52 4 33 21 52 4 34 20 52 4 35 19 52 4 36 18 52 4 37 17 52 4 38 16 52 4 39 15 52 4 40 14 52 4 41 13 52 4 42 12 52 4 43 11 52 4 44 10 52 4 45 9 52 4 46 8 52 4 47 7 52 4 48 6 52 4 50 5 52 4 52 4 52 4 53 3 52 4 55 2 52 4 57 1 52 4 59 0 52 5 0 61 52 5 1 59 52 5 2 57 52 5 3 55 52 5 4 54 52 5 5 52 52 5 6 50 52 5 7 49 52 5 8 48 52 5 9 47 52 5 10 46 52 5 11 45 52 5 12 44 52 5 13 43 52 5 14 42 52 5 15 41 52 5 16 40 52 5 17 39 52 5 18 38 52 5 19 37 52 5 20 36 52 5 21 35 52 5 22 34 52 5 23 33 52 5 24 32 52 5 25 31 52 5 26 30 52 5 27 29 52 5 28 28 52 5 29 27 52 5 30 26 52 5 31 25 52 5 32 24 52 5 33 23 52 5 34 22 52 5 35 21 52 5 36 20 52 5 37 19 52 5 38 18 52 5 39 17 52 5 40 16 52 5 41 15 52 5 42 14 52 5 43 13 52 5 44 12 52 5 45 11 52 5 46 10 52 5 47 9 52 5 48 8 52 5 49 7 52 5 50 6 52 5 52 5 52 5 54 4 52 5 55 3 52 5 57 2 52 5 59 1 52 5 61 0 52 6 0 63 52 6 1 61 52 6 2 59 52 6 3 57 52 6 4 56 52 6 5 54 52 6 6 52 52 6 7 51 52 6 8 50 52 6 9 49 52 6 10 48 52 6 11 47 52 6 12 46 52 6 13 45 52 6 14 44 52 6 15 43 52 6 16 42 52 6 17 41 52 6 18 40 52 6 19 39 52 6 20 38 52 6 21 37 52 6 22 36 52 6 23 35 52 6 24 34 52 6 25 33 52 6 26 32 52 6 27 31 52 6 28 30 52 6 29 29 52 6 30 28 52 6 31 27 52 6 32 26 52 6 33 25 52 6 34 24 52 6 35 23 52 6 36 22 52 6 37 21 52 6 38 20 52 6 39 19 52 6 40 18 52 6 41 17 52 6 42 16 52 6 43 15 52 6 44 14 52 6 45 13 52 6 46 12 52 6 47 11 52 6 48 10 52 6 49 9 52 6 50 8 52 6 51 7 52 6 52 6 52 6 54 5 52 6 56 4 52 6 57 3 52 6 59 2 52 6 61 1 52 6 63 0 52 7 0 64 52 7 1 62 52 7 2 60 52 7 3 58 52 7 4 57 52 7 5 55 52 7 6 53 52 7 7 52 52 7 8 51 52 7 9 50 52 7 10 49 52 7 11 48 52 7 12 47 52 7 13 46 52 7 14 45 52 7 15 44 52 7 16 43 52 7 17 42 52 7 18 41 52 7 19 40 52 7 20 39 52 7 21 38 52 7 22 37 52 7 23 36 52 7 24 35 52 7 25 34 52 7 26 33 52 7 27 32 52 7 28 31 52 7 29 30 52 7 30 29 52 7 31 28 52 7 32 27 52 7 33 26 52 7 34 25 52 7 35 24 52 7 36 23 52 7 37 22 52 7 38 21 52 7 39 20 52 7 40 19 52 7 41 18 52 7 42 17 52 7 43 16 52 7 44 15 52 7 45 14 52 7 46 13 52 7 47 12 52 7 48 11 52 7 49 10 52 7 50 9 52 7 51 8 52 7 52 7 52 7 53 6 52 7 55 5 52 7 57 4 52 7 58 3 52 7 60 2 52 7 62 1 52 7 64 0 52 8 1 63 52 8 2 61 52 8 3 59 52 8 4 58 52 8 5 56 52 8 6 54 52 8 7 53 52 8 8 52 52 8 9 51 52 8 10 50 52 8 11 49 52 8 12 48 52 8 13 47 52 8 14 46 52 8 15 45 52 8 16 44 52 8 17 43 52 8 18 42 52 8 19 41 52 8 20 40 52 8 21 39 52 8 22 38 52 8 23 37 52 8 24 36 52 8 25 35 52 8 26 34 52 8 27 33 52 8 28 32 52 8 29 31 52 8 30 30 52 8 31 29 52 8 32 28 52 8 33 27 52 8 34 26 52 8 35 25 52 8 36 24 52 8 37 23 52 8 38 22 52 8 39 21 52 8 40 20 52 8 41 19 52 8 42 18 52 8 43 17 52 8 44 16 52 8 45 15 52 8 46 14 52 8 47 13 52 8 48 12 52 8 49 11 52 8 50 10 52 8 51 9 52 8 52 8 52 8 53 7 52 8 54 6 52 8 56 5 52 8 58 4 52 8 59 3 52 8 61 2 52 8 63 1 52 9 1 64 52 9 2 62 52 9 3 60 52 9 4 59 52 9 5 57 52 9 6 55 52 9 7 54 52 9 8 53 52 9 9 52 52 9 10 51 52 9 11 50 52 9 12 49 52 9 13 48 52 9 14 47 52 9 15 46 52 9 16 45 52 9 17 44 52 9 18 43 52 9 19 42 52 9 20 41 52 9 21 40 52 9 22 39 52 9 23 38 52 9 24 37 52 9 25 36 52 9 26 35 52 9 27 34 52 9 28 33 52 9 29 32 52 9 30 31 52 9 31 30 52 9 32 29 52 9 33 28 52 9 34 27 52 9 35 26 52 9 36 25 52 9 37 24 52 9 38 23 52 9 39 22 52 9 40 21 52 9 41 20 52 9 42 19 52 9 43 18 52 9 44 17 52 9 45 16 52 9 46 15 52 9 47 14 52 9 48 13 52 9 49 12 52 9 50 11 52 9 51 10 52 9 52 9 52 9 53 8 52 9 54 7 52 9 55 6 52 9 57 5 52 9 59 4 52 9 60 3 52 9 62 2 52 9 64 1 52 10 0 67 52 10 1 65 52 10 2 63 52 10 3 61 52 10 4 60 52 10 5 58 52 10 6 56 52 10 7 55 52 10 8 54 52 10 9 53 52 10 10 52 52 10 11 51 52 10 12 50 52 10 13 49 52 10 14 48 52 10 15 47 52 10 16 46 52 10 17 45 52 10 18 44 52 10 19 43 52 10 20 42 52 10 21 41 52 10 22 40 52 10 23 39 52 10 24 38 52 10 25 37 52 10 26 36 52 10 27 35 52 10 28 34 52 10 29 33 52 10 30 32 52 10 31 31 52 10 32 30 52 10 33 29 52 10 34 28 52 10 35 27 52 10 36 26 52 10 37 25 52 10 38 24 52 10 39 23 52 10 40 22 52 10 41 21 52 10 42 20 52 10 43 19 52 10 44 18 52 10 45 17 52 10 46 16 52 10 47 15 52 10 48 14 52 10 49 13 52 10 50 12 52 10 51 11 52 10 52 10 52 10 53 9 52 10 54 8 52 10 55 7 52 10 56 6 52 10 58 5 52 10 60 4 52 10 61 3 52 10 63 2 52 10 65 1 52 10 67 0 52 11 1 66 52 11 2 64 52 11 3 62 52 11 4 61 52 11 5 59 52 11 6 57 52 11 7 56 52 11 8 55 52 11 9 54 52 11 10 53 52 11 11 52 52 11 12 51 52 11 13 50 52 11 14 49 52 11 15 48 52 11 16 47 52 11 17 46 52 11 18 45 52 11 19 44 52 11 20 43 52 11 21 42 52 11 22 41 52 11 23 40 52 11 24 39 52 11 25 38 52 11 26 37 52 11 27 36 52 11 28 35 52 11 29 34 52 11 30 33 52 11 31 32 52 11 32 31 52 11 33 30 52 11 34 29 52 11 35 28 52 11 36 27 52 11 37 26 52 11 38 25 52 11 39 24 52 11 40 23 52 11 41 22 52 11 42 21 52 11 43 20 52 11 44 19 52 11 45 18 52 11 46 17 52 11 47 16 52 11 48 15 52 11 49 14 52 11 50 13 52 11 51 12 52 11 52 11 52 11 53 10 52 11 54 9 52 11 55 8 52 11 56 7 52 11 57 6 52 11 59 5 52 11 61 4 52 11 62 3 52 11 64 2 52 11 66 1 52 12 1 67 52 12 2 65 52 12 3 63 52 12 4 62 52 12 5 60 52 12 6 58 52 12 7 57 52 12 8 56 52 12 9 55 52 12 10 54 52 12 11 53 52 12 12 52 52 12 13 51 52 12 14 50 52 12 15 49 52 12 16 48 52 12 17 47 52 12 18 46 52 12 19 45 52 12 20 44 52 12 21 43 52 12 22 42 52 12 23 41 52 12 24 40 52 12 25 39 52 12 26 38 52 12 27 37 52 12 28 36 52 12 29 35 52 12 30 34 52 12 31 33 52 12 32 32 52 12 33 31 52 12 34 30 52 12 35 29 52 12 36 28 52 12 37 27 52 12 38 26 52 12 39 25 52 12 40 24 52 12 41 23 52 12 42 22 52 12 43 21 52 12 44 20 52 12 45 19 52 12 46 18 52 12 47 17 52 12 48 16 52 12 49 15 52 12 50 14 52 12 51 13 52 12 52 12 52 12 53 11 52 12 54 10 52 12 55 9 52 12 56 8 52 12 57 7 52 12 58 6 52 12 60 5 52 12 62 4 52 12 63 3 52 12 65 2 52 12 67 1 52 13 1 68 52 13 2 66 52 13 3 64 52 13 4 63 52 13 5 61 52 13 6 59 52 13 7 58 52 13 8 57 52 13 9 56 52 13 10 55 52 13 11 54 52 13 12 53 52 13 13 52 52 13 14 51 52 13 15 50 52 13 16 49 52 13 17 48 52 13 18 47 52 13 19 46 52 13 20 45 52 13 21 44 52 13 22 43 52 13 23 42 52 13 24 41 52 13 25 40 52 13 26 39 52 13 27 38 52 13 28 37 52 13 29 36 52 13 30 35 52 13 31 34 52 13 32 33 52 13 33 32 52 13 34 31 52 13 35 30 52 13 36 29 52 13 37 28 52 13 38 27 52 13 39 26 52 13 40 25 52 13 41 24 52 13 42 23 52 13 43 22 52 13 44 21 52 13 45 20 52 13 46 19 52 13 47 18 52 13 48 17 52 13 49 16 52 13 50 15 52 13 51 14 52 13 52 13 52 13 53 12 52 13 54 11 52 13 55 10 52 13 56 9 52 13 57 8 52 13 58 7 52 13 59 6 52 13 61 5 52 13 63 4 52 13 64 3 52 13 66 2 52 13 68 1 52 14 1 69 52 14 2 67 52 14 3 65 52 14 4 64 52 14 5 62 52 14 6 60 52 14 7 59 52 14 8 58 52 14 9 57 52 14 10 56 52 14 11 55 52 14 12 54 52 14 13 53 52 14 14 52 52 14 15 51 52 14 16 50 52 14 17 49 52 14 18 48 52 14 19 47 52 14 20 46 52 14 21 45 52 14 22 44 52 14 23 43 52 14 24 42 52 14 25 41 52 14 26 40 52 14 27 39 52 14 28 38 52 14 29 37 52 14 30 36 52 14 31 35 52 14 32 34 52 14 33 33 52 14 34 32 52 14 35 31 52 14 36 30 52 14 37 29 52 14 38 28 52 14 39 27 52 14 40 26 52 14 41 25 52 14 42 24 52 14 43 23 52 14 44 22 52 14 45 21 52 14 46 20 52 14 47 19 52 14 48 18 52 14 49 17 52 14 50 16 52 14 51 15 52 14 52 14 52 14 53 13 52 14 54 12 52 14 55 11 52 14 56 10 52 14 57 9 52 14 58 8 52 14 59 7 52 14 60 6 52 14 62 5 52 14 64 4 52 14 65 3 52 14 67 2 52 14 69 1 52 15 1 70 52 15 2 68 52 15 3 66 52 15 4 65 52 15 5 63 52 15 6 61 52 15 7 60 52 15 8 59 52 15 9 58 52 15 10 57 52 15 11 56 52 15 12 55 52 15 13 54 52 15 14 53 52 15 15 52 52 15 16 51 52 15 17 50 52 15 18 49 52 15 19 48 52 15 20 47 52 15 21 46 52 15 22 45 52 15 23 44 52 15 24 43 52 15 25 42 52 15 26 41 52 15 27 40 52 15 28 39 52 15 29 38 52 15 30 37 52 15 31 36 52 15 32 35 52 15 33 34 52 15 34 33 52 15 35 32 52 15 36 31 52 15 37 30 52 15 38 29 52 15 39 28 52 15 40 27 52 15 41 26 52 15 42 25 52 15 43 24 52 15 44 23 52 15 45 22 52 15 46 21 52 15 47 20 52 15 48 19 52 15 49 18 52 15 50 17 52 15 51 16 52 15 52 15 52 15 53 14 52 15 54 13 52 15 55 12 52 15 56 11 52 15 57 10 52 15 58 9 52 15 59 8 52 15 60 7 52 15 61 6 52 15 63 5 52 15 65 4 52 15 66 3 52 15 68 2 52 15 70 1 52 16 1 71 52 16 2 69 52 16 3 67 52 16 4 66 52 16 5 64 52 16 6 62 52 16 7 61 52 16 8 60 52 16 9 59 52 16 10 58 52 16 11 57 52 16 12 56 52 16 13 55 52 16 14 54 52 16 15 53 52 16 16 52 52 16 17 51 52 16 18 50 52 16 19 49 52 16 20 48 52 16 21 47 52 16 22 46 52 16 23 45 52 16 24 44 52 16 25 43 52 16 26 42 52 16 27 41 52 16 28 40 52 16 29 39 52 16 30 38 52 16 31 37 52 16 32 36 52 16 33 35 52 16 34 34 52 16 35 33 52 16 36 32 52 16 37 31 52 16 38 30 52 16 39 29 52 16 40 28 52 16 41 27 52 16 42 26 52 16 43 25 52 16 44 24 52 16 45 23 52 16 46 22 52 16 47 21 52 16 48 20 52 16 49 19 52 16 50 18 52 16 51 17 52 16 52 16 52 16 53 15 52 16 54 14 52 16 55 13 52 16 56 12 52 16 57 11 52 16 58 10 52 16 59 9 52 16 60 8 52 16 61 7 52 16 62 6 52 16 64 5 52 16 66 4 52 16 67 3 52 16 69 2 52 16 71 1 52 17 1 72 52 17 2 70 52 17 3 68 52 17 4 67 52 17 5 65 52 17 6 63 52 17 7 62 52 17 8 61 52 17 9 60 52 17 10 59 52 17 11 58 52 17 12 57 52 17 13 56 52 17 14 55 52 17 15 54 52 17 16 53 52 17 17 52 52 17 18 51 52 17 19 50 52 17 20 49 52 17 21 48 52 17 22 47 52 17 23 46 52 17 24 45 52 17 25 44 52 17 26 43 52 17 27 42 52 17 28 41 52 17 29 40 52 17 30 39 52 17 31 38 52 17 32 37 52 17 33 36 52 17 34 35 52 17 35 34 52 17 36 33 52 17 37 32 52 17 38 31 52 17 39 30 52 17 40 29 52 17 41 28 52 17 42 27 52 17 43 26 52 17 44 25 52 17 45 24 52 17 46 23 52 17 47 22 52 17 48 21 52 17 49 20 52 17 50 19 52 17 51 18 52 17 52 17 52 17 53 16 52 17 54 15 52 17 55 14 52 17 56 13 52 17 57 12 52 17 58 11 52 17 59 10 52 17 60 9 52 17 61 8 52 17 62 7 52 17 63 6 52 17 65 5 52 17 67 4 52 17 68 3 52 17 70 2 52 17 72 1 52 18 1 73 52 18 2 71 52 18 3 69 52 18 4 68 52 18 5 66 52 18 6 64 52 18 7 63 52 18 8 62 52 18 9 61 52 18 10 60 52 18 11 59 52 18 12 58 52 18 13 57 52 18 14 56 52 18 15 55 52 18 16 54 52 18 17 53 52 18 18 52 52 18 19 51 52 18 20 50 52 18 21 49 52 18 22 48 52 18 23 47 52 18 24 46 52 18 25 45 52 18 26 44 52 18 27 43 52 18 28 42 52 18 29 41 52 18 30 40 52 18 31 39 52 18 32 38 52 18 33 37 52 18 34 36 52 18 35 35 52 18 36 34 52 18 37 33 52 18 38 32 52 18 39 31 52 18 40 30 52 18 41 29 52 18 42 28 52 18 43 27 52 18 44 26 52 18 45 25 52 18 46 24 52 18 47 23 52 18 48 22 52 18 49 21 52 18 50 20 52 18 51 19 52 18 52 18 52 18 53 17 52 18 54 16 52 18 55 15 52 18 56 14 52 18 57 13 52 18 58 12 52 18 59 11 52 18 60 10 52 18 61 9 52 18 62 8 52 18 63 7 52 18 64 6 52 18 66 5 52 18 68 4 52 18 69 3 52 18 71 2 52 18 73 1 52 19 1 74 52 19 2 72 52 19 3 70 52 19 4 69 52 19 5 67 52 19 6 65 52 19 7 64 52 19 8 63 52 19 9 62 52 19 10 61 52 19 11 60 52 19 12 59 52 19 13 58 52 19 14 57 52 19 15 56 52 19 16 55 52 19 17 54 52 19 18 53 52 19 19 52 52 19 20 51 52 19 21 50 52 19 22 49 52 19 23 48 52 19 24 47 52 19 25 46 52 19 26 45 52 19 27 44 52 19 28 43 52 19 29 42 52 19 30 41 52 19 31 40 52 19 32 39 52 19 33 38 52 19 34 37 52 19 35 36 52 19 36 35 52 19 37 34 52 19 38 33 52 19 39 32 52 19 40 31 52 19 41 30 52 19 42 29 52 19 43 28 52 19 44 27 52 19 45 26 52 19 46 25 52 19 47 24 52 19 48 23 52 19 49 22 52 19 50 21 52 19 51 20 52 19 52 19 52 19 53 18 52 19 54 17 52 19 55 16 52 19 56 15 52 19 57 14 52 19 58 13 52 19 59 12 52 19 60 11 52 19 61 10 52 19 62 9 52 19 63 8 52 19 64 7 52 19 65 6 52 19 67 5 52 19 69 4 52 19 70 3 52 19 72 2 52 19 74 1 52 20 2 73 52 20 3 71 52 20 4 70 52 20 5 68 52 20 6 66 52 20 7 65 52 20 8 64 52 20 9 63 52 20 10 62 52 20 11 61 52 20 12 60 52 20 13 59 52 20 14 58 52 20 15 57 52 20 16 56 52 20 17 55 52 20 18 54 52 20 19 53 52 20 20 52 52 20 21 51 52 20 22 50 52 20 23 49 52 20 24 48 52 20 25 47 52 20 26 46 52 20 27 45 52 20 28 44 52 20 29 43 52 20 30 42 52 20 31 41 52 20 32 40 52 20 33 39 52 20 34 38 52 20 35 37 52 20 36 36 52 20 37 35 52 20 38 34 52 20 39 33 52 20 40 32 52 20 41 31 52 20 42 30 52 20 43 29 52 20 44 28 52 20 45 27 52 20 46 26 52 20 47 25 52 20 48 24 52 20 49 23 52 20 50 22 52 20 51 21 52 20 52 20 52 20 53 19 52 20 54 18 52 20 55 17 52 20 56 16 52 20 57 15 52 20 58 14 52 20 59 13 52 20 60 12 52 20 61 11 52 20 62 10 52 20 63 9 52 20 64 8 52 20 65 7 52 20 66 6 52 20 68 5 52 20 70 4 52 20 71 3 52 20 73 2 52 21 2 74 52 21 3 72 52 21 4 71 52 21 5 69 52 21 6 67 52 21 7 66 52 21 8 65 52 21 9 64 52 21 10 63 52 21 11 62 52 21 12 61 52 21 13 60 52 21 14 59 52 21 15 58 52 21 16 57 52 21 17 56 52 21 18 55 52 21 19 54 52 21 20 53 52 21 21 52 52 21 22 51 52 21 23 50 52 21 24 49 52 21 25 48 52 21 26 47 52 21 27 46 52 21 28 45 52 21 29 44 52 21 30 43 52 21 31 42 52 21 32 41 52 21 33 40 52 21 34 39 52 21 35 38 52 21 36 37 52 21 37 36 52 21 38 35 52 21 39 34 52 21 40 33 52 21 41 32 52 21 42 31 52 21 43 30 52 21 44 29 52 21 45 28 52 21 46 27 52 21 47 26 52 21 48 25 52 21 49 24 52 21 50 23 52 21 51 22 52 21 52 21 52 21 53 20 52 21 54 19 52 21 55 18 52 21 56 17 52 21 57 16 52 21 58 15 52 21 59 14 52 21 60 13 52 21 61 12 52 21 62 11 52 21 63 10 52 21 64 9 52 21 65 8 52 21 66 7 52 21 67 6 52 21 69 5 52 21 71 4 52 21 72 3 52 21 74 2 52 22 2 75 52 22 3 73 52 22 4 72 52 22 5 70 52 22 6 68 52 22 7 67 52 22 8 66 52 22 9 65 52 22 10 64 52 22 11 63 52 22 12 62 52 22 13 61 52 22 14 60 52 22 15 59 52 22 16 58 52 22 17 57 52 22 18 56 52 22 19 55 52 22 20 54 52 22 21 53 52 22 22 52 52 22 23 51 52 22 24 50 52 22 25 49 52 22 26 48 52 22 27 47 52 22 28 46 52 22 29 45 52 22 30 44 52 22 31 43 52 22 32 42 52 22 33 41 52 22 34 40 52 22 35 39 52 22 36 38 52 22 37 37 52 22 38 36 52 22 39 35 52 22 40 34 52 22 41 33 52 22 42 32 52 22 43 31 52 22 44 30 52 22 45 29 52 22 46 28 52 22 47 27 52 22 48 26 52 22 49 25 52 22 50 24 52 22 51 23 52 22 52 22 52 22 53 21 52 22 54 20 52 22 55 19 52 22 56 18 52 22 57 17 52 22 58 16 52 22 59 15 52 22 60 14 52 22 61 13 52 22 62 12 52 22 63 11 52 22 64 10 52 22 65 9 52 22 66 8 52 22 67 7 52 22 68 6 52 22 70 5 52 22 72 4 52 22 73 3 52 22 75 2 52 23 2 76 52 23 3 74 52 23 4 73 52 23 5 71 52 23 6 69 52 23 7 68 52 23 8 67 52 23 9 66 52 23 10 65 52 23 11 64 52 23 12 63 52 23 13 62 52 23 14 61 52 23 15 60 52 23 16 59 52 23 17 58 52 23 18 57 52 23 19 56 52 23 20 55 52 23 21 54 52 23 22 53 52 23 23 52 52 23 24 51 52 23 25 50 52 23 26 49 52 23 27 48 52 23 28 47 52 23 29 46 52 23 30 45 52 23 31 44 52 23 32 43 52 23 33 42 52 23 34 41 52 23 35 40 52 23 36 39 52 23 37 38 52 23 38 37 52 23 39 36 52 23 40 35 52 23 41 34 52 23 42 33 52 23 43 32 52 23 44 31 52 23 45 30 52 23 46 29 52 23 47 28 52 23 48 27 52 23 49 26 52 23 50 25 52 23 51 24 52 23 52 23 52 23 53 22 52 23 54 21 52 23 55 20 52 23 56 19 52 23 57 18 52 23 58 17 52 23 59 16 52 23 60 15 52 23 61 14 52 23 62 13 52 23 63 12 52 23 64 11 52 23 65 10 52 23 66 9 52 23 67 8 52 23 68 7 52 23 69 6 52 23 71 5 52 23 73 4 52 23 74 3 52 23 76 2 52 24 2 77 52 24 3 75 52 24 4 74 52 24 5 72 52 24 6 70 52 24 7 69 52 24 8 68 52 24 9 67 52 24 10 66 52 24 11 65 52 24 12 64 52 24 13 63 52 24 14 62 52 24 15 61 52 24 16 60 52 24 17 59 52 24 18 58 52 24 19 57 52 24 20 56 52 24 21 55 52 24 22 54 52 24 23 53 52 24 24 52 52 24 25 51 52 24 26 50 52 24 27 49 52 24 28 48 52 24 29 47 52 24 30 46 52 24 31 45 52 24 32 44 52 24 33 43 52 24 34 42 52 24 35 41 52 24 36 40 52 24 37 39 52 24 38 38 52 24 39 37 52 24 40 36 52 24 41 35 52 24 42 34 52 24 43 33 52 24 44 32 52 24 45 31 52 24 46 30 52 24 47 29 52 24 48 28 52 24 49 27 52 24 50 26 52 24 51 25 52 24 52 24 52 24 53 23 52 24 54 22 52 24 55 21 52 24 56 20 52 24 57 19 52 24 58 18 52 24 59 17 52 24 60 16 52 24 61 15 52 24 62 14 52 24 63 13 52 24 64 12 52 24 65 11 52 24 66 10 52 24 67 9 52 24 68 8 52 24 69 7 52 24 70 6 52 24 72 5 52 24 74 4 52 24 75 3 52 24 77 2 52 25 2 78 52 25 3 76 52 25 4 75 52 25 5 73 52 25 6 71 52 25 7 70 52 25 8 69 52 25 9 68 52 25 10 67 52 25 11 66 52 25 12 65 52 25 13 64 52 25 14 63 52 25 15 62 52 25 16 61 52 25 17 60 52 25 18 59 52 25 19 58 52 25 20 57 52 25 21 56 52 25 22 55 52 25 23 54 52 25 24 53 52 25 25 52 52 25 26 51 52 25 27 50 52 25 28 49 52 25 29 48 52 25 30 47 52 25 31 46 52 25 32 45 52 25 33 44 52 25 34 43 52 25 35 42 52 25 36 41 52 25 37 40 52 25 38 39 52 25 39 38 52 25 40 37 52 25 41 36 52 25 42 35 52 25 43 34 52 25 44 33 52 25 45 32 52 25 46 31 52 25 47 30 52 25 48 29 52 25 49 28 52 25 50 27 52 25 51 26 52 25 52 25 52 25 53 24 52 25 54 23 52 25 55 22 52 25 56 21 52 25 57 20 52 25 58 19 52 25 59 18 52 25 60 17 52 25 61 16 52 25 62 15 52 25 63 14 52 25 64 13 52 25 65 12 52 25 66 11 52 25 67 10 52 25 68 9 52 25 69 8 52 25 70 7 52 25 71 6 52 25 73 5 52 25 75 4 52 25 76 3 52 25 78 2 52 26 3 77 52 26 4 76 52 26 5 74 52 26 6 72 52 26 7 71 52 26 8 70 52 26 9 69 52 26 10 68 52 26 11 67 52 26 12 66 52 26 13 65 52 26 14 64 52 26 15 63 52 26 16 62 52 26 17 61 52 26 18 60 52 26 19 59 52 26 20 58 52 26 21 57 52 26 22 56 52 26 23 55 52 26 24 54 52 26 25 53 52 26 26 52 52 26 27 51 52 26 28 50 52 26 29 49 52 26 30 48 52 26 31 47 52 26 32 46 52 26 33 45 52 26 34 44 52 26 35 43 52 26 36 42 52 26 37 41 52 26 38 40 52 26 39 39 52 26 40 38 52 26 41 37 52 26 42 36 52 26 43 35 52 26 44 34 52 26 45 33 52 26 46 32 52 26 47 31 52 26 48 30 52 26 49 29 52 26 50 28 52 26 51 27 52 26 52 26 52 26 53 25 52 26 54 24 52 26 55 23 52 26 56 22 52 26 57 21 52 26 58 20 52 26 59 19 52 26 60 18 52 26 61 17 52 26 62 16 52 26 63 15 52 26 64 14 52 26 65 13 52 26 66 12 52 26 67 11 52 26 68 10 52 26 69 9 52 26 70 8 52 26 71 7 52 26 72 6 52 26 74 5 52 26 76 4 52 26 77 3 52 27 3 78 52 27 4 77 52 27 5 75 52 27 6 73 52 27 7 72 52 27 8 71 52 27 9 70 52 27 10 69 52 27 11 68 52 27 12 67 52 27 13 66 52 27 14 65 52 27 15 64 52 27 16 63 52 27 17 62 52 27 18 61 52 27 19 60 52 27 20 59 52 27 21 58 52 27 22 57 52 27 23 56 52 27 24 55 52 27 25 54 52 27 26 53 52 27 27 52 52 27 28 51 52 27 29 50 52 27 30 49 52 27 31 48 52 27 32 47 52 27 33 46 52 27 34 45 52 27 35 44 52 27 36 43 52 27 37 42 52 27 38 41 52 27 39 40 52 27 40 39 52 27 41 38 52 27 42 37 52 27 43 36 52 27 44 35 52 27 45 34 52 27 46 33 52 27 47 32 52 27 48 31 52 27 49 30 52 27 50 29 52 27 51 28 52 27 52 27 52 27 53 26 52 27 54 25 52 27 55 24 52 27 56 23 52 27 57 22 52 27 58 21 52 27 59 20 52 27 60 19 52 27 61 18 52 27 62 17 52 27 63 16 52 27 64 15 52 27 65 14 52 27 66 13 52 27 67 12 52 27 68 11 52 27 69 10 52 27 70 9 52 27 71 8 52 27 72 7 52 27 73 6 52 27 75 5 52 27 77 4 52 27 78 3 52 28 3 79 52 28 4 78 52 28 5 76 52 28 6 74 52 28 7 73 52 28 8 72 52 28 9 71 52 28 10 70 52 28 11 69 52 28 12 68 52 28 13 67 52 28 14 66 52 28 15 65 52 28 16 64 52 28 17 63 52 28 18 62 52 28 19 61 52 28 20 60 52 28 21 59 52 28 22 58 52 28 23 57 52 28 24 56 52 28 25 55 52 28 26 54 52 28 27 53 52 28 28 52 52 28 29 51 52 28 30 50 52 28 31 49 52 28 32 48 52 28 33 47 52 28 34 46 52 28 35 45 52 28 36 44 52 28 37 43 52 28 38 42 52 28 39 41 52 28 40 40 52 28 41 39 52 28 42 38 52 28 43 37 52 28 44 36 52 28 45 35 52 28 46 34 52 28 47 33 52 28 48 32 52 28 49 31 52 28 50 30 52 28 51 29 52 28 52 28 52 28 53 27 52 28 54 26 52 28 55 25 52 28 56 24 52 28 57 23 52 28 58 22 52 28 59 21 52 28 60 20 52 28 61 19 52 28 62 18 52 28 63 17 52 28 64 16 52 28 65 15 52 28 66 14 52 28 67 13 52 28 68 12 52 28 69 11 52 28 70 10 52 28 71 9 52 28 72 8 52 28 73 7 52 28 74 6 52 28 76 5 52 28 78 4 52 28 79 3 52 29 3 80 52 29 4 79 52 29 5 77 52 29 6 75 52 29 7 74 52 29 8 73 52 29 9 72 52 29 10 71 52 29 11 70 52 29 12 69 52 29 13 68 52 29 14 67 52 29 15 66 52 29 16 65 52 29 17 64 52 29 18 63 52 29 19 62 52 29 20 61 52 29 21 60 52 29 22 59 52 29 23 58 52 29 24 57 52 29 25 56 52 29 26 55 52 29 27 54 52 29 28 53 52 29 29 52 52 29 30 51 52 29 31 50 52 29 32 49 52 29 33 48 52 29 34 47 52 29 35 46 52 29 36 45 52 29 37 44 52 29 38 43 52 29 39 42 52 29 40 41 52 29 41 40 52 29 42 39 52 29 43 38 52 29 44 37 52 29 45 36 52 29 46 35 52 29 47 34 52 29 48 33 52 29 49 32 52 29 50 31 52 29 51 30 52 29 52 29 52 29 53 28 52 29 54 27 52 29 55 26 52 29 56 25 52 29 57 24 52 29 58 23 52 29 59 22 52 29 60 21 52 29 61 20 52 29 62 19 52 29 63 18 52 29 64 17 52 29 65 16 52 29 66 15 52 29 67 14 52 29 68 13 52 29 69 12 52 29 70 11 52 29 71 10 52 29 72 9 52 29 73 8 52 29 74 7 52 29 75 6 52 29 77 5 52 29 79 4 52 29 80 3 52 30 3 81 52 30 4 80 52 30 5 78 52 30 6 76 52 30 7 75 52 30 8 74 52 30 9 73 52 30 10 72 52 30 11 71 52 30 12 70 52 30 13 69 52 30 14 68 52 30 15 67 52 30 16 66 52 30 17 65 52 30 18 64 52 30 19 63 52 30 20 62 52 30 21 61 52 30 22 60 52 30 23 59 52 30 24 58 52 30 25 57 52 30 26 56 52 30 27 55 52 30 28 54 52 30 29 53 52 30 30 52 52 30 31 51 52 30 32 50 52 30 33 49 52 30 34 48 52 30 35 47 52 30 36 46 52 30 37 45 52 30 38 44 52 30 39 43 52 30 40 42 52 30 41 41 52 30 42 40 52 30 43 39 52 30 44 38 52 30 45 37 52 30 46 36 52 30 47 35 52 30 48 34 52 30 49 33 52 30 50 32 52 30 51 31 52 30 52 30 52 30 53 29 52 30 54 28 52 30 55 27 52 30 56 26 52 30 57 25 52 30 58 24 52 30 59 23 52 30 60 22 52 30 61 21 52 30 62 20 52 30 63 19 52 30 64 18 52 30 65 17 52 30 66 16 52 30 67 15 52 30 68 14 52 30 69 13 52 30 70 12 52 30 71 11 52 30 72 10 52 30 73 9 52 30 74 8 52 30 75 7 52 30 76 6 52 30 78 5 52 30 80 4 52 30 81 3 52 31 3 82 52 31 4 81 52 31 5 79 52 31 6 77 52 31 7 76 52 31 8 75 52 31 9 74 52 31 10 73 52 31 11 72 52 31 12 71 52 31 13 70 52 31 14 69 52 31 15 68 52 31 16 67 52 31 17 66 52 31 18 65 52 31 19 64 52 31 20 63 52 31 21 62 52 31 22 61 52 31 23 60 52 31 24 59 52 31 25 58 52 31 26 57 52 31 27 56 52 31 28 55 52 31 29 54 52 31 30 53 52 31 31 52 52 31 32 51 52 31 33 50 52 31 34 49 52 31 35 48 52 31 36 47 52 31 37 46 52 31 38 45 52 31 39 44 52 31 40 43 52 31 41 42 52 31 42 41 52 31 43 40 52 31 44 39 52 31 45 38 52 31 46 37 52 31 47 36 52 31 48 35 52 31 49 34 52 31 50 33 52 31 51 32 52 31 52 31 52 31 53 30 52 31 54 29 52 31 55 28 52 31 56 27 52 31 57 26 52 31 58 25 52 31 59 24 52 31 60 23 52 31 61 22 52 31 62 21 52 31 63 20 52 31 64 19 52 31 65 18 52 31 66 17 52 31 67 16 52 31 68 15 52 31 69 14 52 31 70 13 52 31 71 12 52 31 72 11 52 31 73 10 52 31 74 9 52 31 75 8 52 31 76 7 52 31 77 6 52 31 79 5 52 31 81 4 52 31 82 3 52 32 4 82 52 32 5 80 52 32 6 78 52 32 7 77 52 32 8 76 52 32 9 75 52 32 10 74 52 32 11 73 52 32 12 72 52 32 13 71 52 32 14 70 52 32 15 69 52 32 16 68 52 32 17 67 52 32 18 66 52 32 19 65 52 32 20 64 52 32 21 63 52 32 22 62 52 32 23 61 52 32 24 60 52 32 25 59 52 32 26 58 52 32 27 57 52 32 28 56 52 32 29 55 52 32 30 54 52 32 31 53 52 32 32 52 52 32 33 51 52 32 34 50 52 32 35 49 52 32 36 48 52 32 37 47 52 32 38 46 52 32 39 45 52 32 40 44 52 32 41 43 52 32 42 42 52 32 43 41 52 32 44 40 52 32 45 39 52 32 46 38 52 32 47 37 52 32 48 36 52 32 49 35 52 32 50 34 52 32 51 33 52 32 52 32 52 32 53 31 52 32 54 30 52 32 55 29 52 32 56 28 52 32 57 27 52 32 58 26 52 32 59 25 52 32 60 24 52 32 61 23 52 32 62 22 52 32 63 21 52 32 64 20 52 32 65 19 52 32 66 18 52 32 67 17 52 32 68 16 52 32 69 15 52 32 70 14 52 32 71 13 52 32 72 12 52 32 73 11 52 32 74 10 52 32 75 9 52 32 76 8 52 32 77 7 52 32 78 6 52 32 80 5 52 32 82 4 52 33 4 83 52 33 5 81 52 33 6 79 52 33 7 78 52 33 8 77 52 33 9 76 52 33 10 75 52 33 11 74 52 33 12 73 52 33 13 72 52 33 14 71 52 33 15 70 52 33 16 69 52 33 17 68 52 33 18 67 52 33 19 66 52 33 20 65 52 33 21 64 52 33 22 63 52 33 23 62 52 33 24 61 52 33 25 60 52 33 26 59 52 33 27 58 52 33 28 57 52 33 29 56 52 33 30 55 52 33 31 54 52 33 32 53 52 33 33 52 52 33 34 51 52 33 35 50 52 33 36 49 52 33 37 48 52 33 38 47 52 33 39 46 52 33 40 45 52 33 41 44 52 33 42 43 52 33 43 42 52 33 44 41 52 33 45 40 52 33 46 39 52 33 47 38 52 33 48 37 52 33 49 36 52 33 50 35 52 33 51 34 52 33 52 33 52 33 53 32 52 33 54 31 52 33 55 30 52 33 56 29 52 33 57 28 52 33 58 27 52 33 59 26 52 33 60 25 52 33 61 24 52 33 62 23 52 33 63 22 52 33 64 21 52 33 65 20 52 33 66 19 52 33 67 18 52 33 68 17 52 33 69 16 52 33 70 15 52 33 71 14 52 33 72 13 52 33 73 12 52 33 74 11 52 33 75 10 52 33 76 9 52 33 77 8 52 33 78 7 52 33 79 6 52 33 81 5 52 33 83 4 52 34 5 82 52 34 6 80 52 34 7 79 52 34 8 78 52 34 9 77 52 34 10 76 52 34 11 75 52 34 12 74 52 34 13 73 52 34 14 72 52 34 15 71 52 34 16 70 52 34 17 69 52 34 18 68 52 34 19 67 52 34 20 66 52 34 21 65 52 34 22 64 52 34 23 63 52 34 24 62 52 34 25 61 52 34 26 60 52 34 27 59 52 34 28 58 52 34 29 57 52 34 30 56 52 34 31 55 52 34 32 54 52 34 33 53 52 34 34 52 52 34 35 51 52 34 36 50 52 34 37 49 52 34 38 48 52 34 39 47 52 34 40 46 52 34 41 45 52 34 42 44 52 34 43 43 52 34 44 42 52 34 45 41 52 34 46 40 52 34 47 39 52 34 48 38 52 34 49 37 52 34 50 36 52 34 51 35 52 34 52 34 52 34 53 33 52 34 54 32 52 34 55 31 52 34 56 30 52 34 57 29 52 34 58 28 52 34 59 27 52 34 60 26 52 34 61 25 52 34 62 24 52 34 63 23 52 34 64 22 52 34 65 21 52 34 66 20 52 34 67 19 52 34 68 18 52 34 69 17 52 34 70 16 52 34 71 15 52 34 72 14 52 34 73 13 52 34 74 12 52 34 75 11 52 34 76 10 52 34 77 9 52 34 78 8 52 34 79 7 52 34 80 6 52 34 82 5 52 35 5 83 52 35 6 81 52 35 7 80 52 35 8 79 52 35 9 78 52 35 10 77 52 35 11 76 52 35 12 75 52 35 13 74 52 35 14 73 52 35 15 72 52 35 16 71 52 35 17 70 52 35 18 69 52 35 19 68 52 35 20 67 52 35 21 66 52 35 22 65 52 35 23 64 52 35 24 63 52 35 25 62 52 35 26 61 52 35 27 60 52 35 28 59 52 35 29 58 52 35 30 57 52 35 31 56 52 35 32 55 52 35 33 54 52 35 34 53 52 35 35 52 52 35 36 51 52 35 37 50 52 35 38 49 52 35 39 48 52 35 40 47 52 35 41 46 52 35 42 45 52 35 43 44 52 35 44 43 52 35 45 42 52 35 46 41 52 35 47 40 52 35 48 39 52 35 49 38 52 35 50 37 52 35 51 36 52 35 52 35 52 35 53 34 52 35 54 33 52 35 55 32 52 35 56 31 52 35 57 30 52 35 58 29 52 35 59 28 52 35 60 27 52 35 61 26 52 35 62 25 52 35 63 24 52 35 64 23 52 35 65 22 52 35 66 21 52 35 67 20 52 35 68 19 52 35 69 18 52 35 70 17 52 35 71 16 52 35 72 15 52 35 73 14 52 35 74 13 52 35 75 12 52 35 76 11 52 35 77 10 52 35 78 9 52 35 79 8 52 35 80 7 52 35 81 6 52 35 83 5 52 36 5 84 52 36 6 82 52 36 7 81 52 36 8 80 52 36 9 79 52 36 10 78 52 36 11 77 52 36 12 76 52 36 13 75 52 36 14 74 52 36 15 73 52 36 16 72 52 36 17 71 52 36 18 70 52 36 19 69 52 36 20 68 52 36 21 67 52 36 22 66 52 36 23 65 52 36 24 64 52 36 25 63 52 36 26 62 52 36 27 61 52 36 28 60 52 36 29 59 52 36 30 58 52 36 31 57 52 36 32 56 52 36 33 55 52 36 34 54 52 36 35 53 52 36 36 52 52 36 37 51 52 36 38 50 52 36 39 49 52 36 40 48 52 36 41 47 52 36 42 46 52 36 43 45 52 36 44 44 52 36 45 43 52 36 46 42 52 36 47 41 52 36 48 40 52 36 49 39 52 36 50 38 52 36 51 37 52 36 52 36 52 36 53 35 52 36 54 34 52 36 55 33 52 36 56 32 52 36 57 31 52 36 58 30 52 36 59 29 52 36 60 28 52 36 61 27 52 36 62 26 52 36 63 25 52 36 64 24 52 36 65 23 52 36 66 22 52 36 67 21 52 36 68 20 52 36 69 19 52 36 70 18 52 36 71 17 52 36 72 16 52 36 73 15 52 36 74 14 52 36 75 13 52 36 76 12 52 36 77 11 52 36 78 10 52 36 79 9 52 36 80 8 52 36 81 7 52 36 82 6 52 36 84 5 52 37 5 85 52 37 6 83 52 37 7 82 52 37 8 81 52 37 9 80 52 37 10 79 52 37 11 78 52 37 12 77 52 37 13 76 52 37 14 75 52 37 15 74 52 37 16 73 52 37 17 72 52 37 18 71 52 37 19 70 52 37 20 69 52 37 21 68 52 37 22 67 52 37 23 66 52 37 24 65 52 37 25 64 52 37 26 63 52 37 27 62 52 37 28 61 52 37 29 60 52 37 30 59 52 37 31 58 52 37 32 57 52 37 33 56 52 37 34 55 52 37 35 54 52 37 36 53 52 37 37 52 52 37 38 51 52 37 39 50 52 37 40 49 52 37 41 48 52 37 42 47 52 37 43 46 52 37 44 45 52 37 45 44 52 37 46 43 52 37 47 42 52 37 48 41 52 37 49 40 52 37 50 39 52 37 51 38 52 37 52 37 52 37 53 36 52 37 54 35 52 37 55 34 52 37 56 33 52 37 57 32 52 37 58 31 52 37 59 30 52 37 60 29 52 37 61 28 52 37 62 27 52 37 63 26 52 37 64 25 52 37 65 24 52 37 66 23 52 37 67 22 52 37 68 21 52 37 69 20 52 37 70 19 52 37 71 18 52 37 72 17 52 37 73 16 52 37 74 15 52 37 75 14 52 37 76 13 52 37 77 12 52 37 78 11 52 37 79 10 52 37 80 9 52 37 81 8 52 37 82 7 52 37 83 6 52 37 85 5 52 38 5 86 52 38 6 84 52 38 7 83 52 38 8 82 52 38 9 81 52 38 10 80 52 38 11 79 52 38 12 78 52 38 13 77 52 38 14 76 52 38 15 75 52 38 16 74 52 38 17 73 52 38 18 72 52 38 19 71 52 38 20 70 52 38 21 69 52 38 22 68 52 38 23 67 52 38 24 66 52 38 25 65 52 38 26 64 52 38 27 63 52 38 28 62 52 38 29 61 52 38 30 60 52 38 31 59 52 38 32 58 52 38 33 57 52 38 34 56 52 38 35 55 52 38 36 54 52 38 37 53 52 38 38 52 52 38 39 51 52 38 40 50 52 38 41 49 52 38 42 48 52 38 43 47 52 38 44 46 52 38 45 45 52 38 46 44 52 38 47 43 52 38 48 42 52 38 49 41 52 38 50 40 52 38 51 39 52 38 52 38 52 38 53 37 52 38 54 36 52 38 55 35 52 38 56 34 52 38 57 33 52 38 58 32 52 38 59 31 52 38 60 30 52 38 61 29 52 38 62 28 52 38 63 27 52 38 64 26 52 38 65 25 52 38 66 24 52 38 67 23 52 38 68 22 52 38 69 21 52 38 70 20 52 38 71 19 52 38 72 18 52 38 73 17 52 38 74 16 52 38 75 15 52 38 76 14 52 38 77 13 52 38 78 12 52 38 79 11 52 38 80 10 52 38 81 9 52 38 82 8 52 38 83 7 52 38 84 6 52 38 86 5 52 39 5 87 52 39 6 85 52 39 7 84 52 39 8 83 52 39 9 82 52 39 10 81 52 39 11 80 52 39 12 79 52 39 13 78 52 39 14 77 52 39 15 76 52 39 16 75 52 39 17 74 52 39 18 73 52 39 19 72 52 39 20 71 52 39 21 70 52 39 22 69 52 39 23 68 52 39 24 67 52 39 25 66 52 39 26 65 52 39 27 64 52 39 28 63 52 39 29 62 52 39 30 61 52 39 31 60 52 39 32 59 52 39 33 58 52 39 34 57 52 39 35 56 52 39 36 55 52 39 37 54 52 39 38 53 52 39 39 52 52 39 40 51 52 39 41 50 52 39 42 49 52 39 43 48 52 39 44 47 52 39 45 46 52 39 46 45 52 39 47 44 52 39 48 43 52 39 49 42 52 39 50 41 52 39 51 40 52 39 52 39 52 39 53 38 52 39 54 37 52 39 55 36 52 39 56 35 52 39 57 34 52 39 58 33 52 39 59 32 52 39 60 31 52 39 61 30 52 39 62 29 52 39 63 28 52 39 64 27 52 39 65 26 52 39 66 25 52 39 67 24 52 39 68 23 52 39 69 22 52 39 70 21 52 39 71 20 52 39 72 19 52 39 73 18 52 39 74 17 52 39 75 16 52 39 76 15 52 39 77 14 52 39 78 13 52 39 79 12 52 39 80 11 52 39 81 10 52 39 82 9 52 39 83 8 52 39 84 7 52 39 85 6 52 39 87 5 52 40 6 86 52 40 7 85 52 40 8 84 52 40 9 83 52 40 10 82 52 40 11 81 52 40 12 80 52 40 13 79 52 40 14 78 52 40 15 77 52 40 16 76 52 40 17 75 52 40 18 74 52 40 19 73 52 40 20 72 52 40 21 71 52 40 22 70 52 40 23 69 52 40 24 68 52 40 25 67 52 40 26 66 52 40 27 65 52 40 28 64 52 40 29 63 52 40 30 62 52 40 31 61 52 40 32 60 52 40 33 59 52 40 34 58 52 40 35 57 52 40 36 56 52 40 37 55 52 40 38 54 52 40 39 53 52 40 40 52 52 40 41 51 52 40 42 50 52 40 43 49 52 40 44 48 52 40 45 47 52 40 46 46 52 40 47 45 52 40 48 44 52 40 49 43 52 40 50 42 52 40 51 41 52 40 52 40 52 40 53 39 52 40 54 38 52 40 55 37 52 40 56 36 52 40 57 35 52 40 58 34 52 40 59 33 52 40 60 32 52 40 61 31 52 40 62 30 52 40 63 29 52 40 64 28 52 40 65 27 52 40 66 26 52 40 67 25 52 40 68 24 52 40 69 23 52 40 70 22 52 40 71 21 52 40 72 20 52 40 73 19 52 40 74 18 52 40 75 17 52 40 76 16 52 40 77 15 52 40 78 14 52 40 79 13 52 40 80 12 52 40 81 11 52 40 82 10 52 40 83 9 52 40 84 8 52 40 85 7 52 40 86 6 52 41 6 87 52 41 7 86 52 41 8 85 52 41 9 84 52 41 10 83 52 41 11 82 52 41 12 81 52 41 13 80 52 41 14 79 52 41 15 78 52 41 16 77 52 41 17 76 52 41 18 75 52 41 19 74 52 41 20 73 52 41 21 72 52 41 22 71 52 41 23 70 52 41 24 69 52 41 25 68 52 41 26 67 52 41 27 66 52 41 28 65 52 41 29 64 52 41 30 63 52 41 31 62 52 41 32 61 52 41 33 60 52 41 34 59 52 41 35 58 52 41 36 57 52 41 37 56 52 41 38 55 52 41 39 54 52 41 40 53 52 41 41 52 52 41 42 51 52 41 43 50 52 41 44 49 52 41 45 48 52 41 46 47 52 41 47 46 52 41 48 45 52 41 49 44 52 41 50 43 52 41 51 42 52 41 52 41 52 41 53 40 52 41 54 39 52 41 55 38 52 41 56 37 52 41 57 36 52 41 58 35 52 41 59 34 52 41 60 33 52 41 61 32 52 41 62 31 52 41 63 30 52 41 64 29 52 41 65 28 52 41 66 27 52 41 67 26 52 41 68 25 52 41 69 24 52 41 70 23 52 41 71 22 52 41 72 21 52 41 73 20 52 41 74 19 52 41 75 18 52 41 76 17 52 41 77 16 52 41 78 15 52 41 79 14 52 41 80 13 52 41 81 12 52 41 82 11 52 41 83 10 52 41 84 9 52 41 85 8 52 41 86 7 52 41 87 6 52 42 6 88 52 42 7 87 52 42 8 86 52 42 9 85 52 42 10 84 52 42 11 83 52 42 12 82 52 42 13 81 52 42 14 80 52 42 15 79 52 42 16 78 52 42 17 77 52 42 18 76 52 42 19 75 52 42 20 74 52 42 21 73 52 42 22 72 52 42 23 71 52 42 24 70 52 42 25 69 52 42 26 68 52 42 27 67 52 42 28 66 52 42 29 65 52 42 30 64 52 42 31 63 52 42 32 62 52 42 33 61 52 42 34 60 52 42 35 59 52 42 36 58 52 42 37 57 52 42 38 56 52 42 39 55 52 42 40 54 52 42 41 53 52 42 42 52 52 42 43 51 52 42 44 50 52 42 45 49 52 42 46 48 52 42 47 47 52 42 48 46 52 42 49 45 52 42 50 44 52 42 51 43 52 42 52 42 52 42 53 41 52 42 54 40 52 42 55 39 52 42 56 38 52 42 57 37 52 42 58 36 52 42 59 35 52 42 60 34 52 42 61 33 52 42 62 32 52 42 63 31 52 42 64 30 52 42 65 29 52 42 66 28 52 42 67 27 52 42 68 26 52 42 69 25 52 42 70 24 52 42 71 23 52 42 72 22 52 42 73 21 52 42 74 20 52 42 75 19 52 42 76 18 52 42 77 17 52 42 78 16 52 42 79 15 52 42 80 14 52 42 81 13 52 42 82 12 52 42 83 11 52 42 84 10 52 42 85 9 52 42 86 8 52 42 87 7 52 42 88 6 52 43 7 88 52 43 8 87 52 43 9 86 52 43 10 85 52 43 11 84 52 43 12 83 52 43 13 82 52 43 14 81 52 43 15 80 52 43 16 79 52 43 17 78 52 43 18 77 52 43 19 76 52 43 20 75 52 43 21 74 52 43 22 73 52 43 23 72 52 43 24 71 52 43 25 70 52 43 26 69 52 43 27 68 52 43 28 67 52 43 29 66 52 43 30 65 52 43 31 64 52 43 32 63 52 43 33 62 52 43 34 61 52 43 35 60 52 43 36 59 52 43 37 58 52 43 38 57 52 43 39 56 52 43 40 55 52 43 41 54 52 43 42 53 52 43 43 52 52 43 44 51 52 43 45 50 52 43 46 49 52 43 47 48 52 43 48 47 52 43 49 46 52 43 50 45 52 43 51 44 52 43 52 43 52 43 53 42 52 43 54 41 52 43 55 40 52 43 56 39 52 43 57 38 52 43 58 37 52 43 59 36 52 43 60 35 52 43 61 34 52 43 62 33 52 43 63 32 52 43 64 31 52 43 65 30 52 43 66 29 52 43 67 28 52 43 68 27 52 43 69 26 52 43 70 25 52 43 71 24 52 43 72 23 52 43 73 22 52 43 74 21 52 43 75 20 52 43 76 19 52 43 77 18 52 43 78 17 52 43 79 16 52 43 80 15 52 43 81 14 52 43 82 13 52 43 83 12 52 43 84 11 52 43 85 10 52 43 86 9 52 43 87 8 52 43 88 7 52 44 7 89 52 44 8 88 52 44 9 87 52 44 10 86 52 44 11 85 52 44 12 84 52 44 13 83 52 44 14 82 52 44 15 81 52 44 16 80 52 44 17 79 52 44 18 78 52 44 19 77 52 44 20 76 52 44 21 75 52 44 22 74 52 44 23 73 52 44 24 72 52 44 25 71 52 44 26 70 52 44 27 69 52 44 28 68 52 44 29 67 52 44 30 66 52 44 31 65 52 44 32 64 52 44 33 63 52 44 34 62 52 44 35 61 52 44 36 60 52 44 37 59 52 44 38 58 52 44 39 57 52 44 40 56 52 44 41 55 52 44 42 54 52 44 43 53 52 44 44 52 52 44 45 51 52 44 46 50 52 44 47 49 52 44 48 48 52 44 49 47 52 44 50 46 52 44 51 45 52 44 52 44 52 44 53 43 52 44 54 42 52 44 55 41 52 44 56 40 52 44 57 39 52 44 58 38 52 44 59 37 52 44 60 36 52 44 61 35 52 44 62 34 52 44 63 33 52 44 64 32 52 44 65 31 52 44 66 30 52 44 67 29 52 44 68 28 52 44 69 27 52 44 70 26 52 44 71 25 52 44 72 24 52 44 73 23 52 44 74 22 52 44 75 21 52 44 76 20 52 44 77 19 52 44 78 18 52 44 79 17 52 44 80 16 52 44 81 15 52 44 82 14 52 44 83 13 52 44 84 12 52 44 85 11 52 44 86 10 52 44 87 9 52 44 88 8 52 44 89 7 52 45 8 89 52 45 9 88 52 45 10 87 52 45 11 86 52 45 12 85 52 45 13 84 52 45 14 83 52 45 15 82 52 45 16 81 52 45 17 80 52 45 18 79 52 45 19 78 52 45 20 77 52 45 21 76 52 45 22 75 52 45 23 74 52 45 24 73 52 45 25 72 52 45 26 71 52 45 27 70 52 45 28 69 52 45 29 68 52 45 30 67 52 45 31 66 52 45 32 65 52 45 33 64 52 45 34 63 52 45 35 62 52 45 36 61 52 45 37 60 52 45 38 59 52 45 39 58 52 45 40 57 52 45 41 56 52 45 42 55 52 45 43 54 52 45 44 53 52 45 45 52 52 45 46 51 52 45 47 50 52 45 48 49 52 45 49 48 52 45 50 47 52 45 51 46 52 45 52 45 52 45 53 44 52 45 54 43 52 45 55 42 52 45 56 41 52 45 57 40 52 45 58 39 52 45 59 38 52 45 60 37 52 45 61 36 52 45 62 35 52 45 63 34 52 45 64 33 52 45 65 32 52 45 66 31 52 45 67 30 52 45 68 29 52 45 69 28 52 45 70 27 52 45 71 26 52 45 72 25 52 45 73 24 52 45 74 23 52 45 75 22 52 45 76 21 52 45 77 20 52 45 78 19 52 45 79 18 52 45 80 17 52 45 81 16 52 45 82 15 52 45 83 14 52 45 84 13 52 45 85 12 52 45 86 11 52 45 87 10 52 45 88 9 52 45 89 8 52 46 9 89 52 46 10 88 52 46 11 87 52 46 12 86 52 46 13 85 52 46 14 84 52 46 15 83 52 46 16 82 52 46 17 81 52 46 18 80 52 46 19 79 52 46 20 78 52 46 21 77 52 46 22 76 52 46 23 75 52 46 24 74 52 46 25 73 52 46 26 72 52 46 27 71 52 46 28 70 52 46 29 69 52 46 30 68 52 46 31 67 52 46 32 66 52 46 33 65 52 46 34 64 52 46 35 63 52 46 36 62 52 46 37 61 52 46 38 60 52 46 39 59 52 46 40 58 52 46 41 57 52 46 42 56 52 46 43 55 52 46 44 54 52 46 45 53 52 46 46 52 52 46 47 51 52 46 48 50 52 46 49 49 52 46 50 48 52 46 51 47 52 46 52 46 52 46 53 45 52 46 54 44 52 46 55 43 52 46 56 42 52 46 57 41 52 46 58 40 52 46 59 39 52 46 60 38 52 46 61 37 52 46 62 36 52 46 63 35 52 46 64 34 52 46 65 33 52 46 66 32 52 46 67 31 52 46 68 30 52 46 69 29 52 46 70 28 52 46 71 27 52 46 72 26 52 46 73 25 52 46 74 24 52 46 75 23 52 46 76 22 52 46 77 21 52 46 78 20 52 46 79 19 52 46 80 18 52 46 81 17 52 46 82 16 52 46 83 15 52 46 84 14 52 46 85 13 52 46 86 12 52 46 87 11 52 46 88 10 52 46 89 9 52 47 9 90 52 47 10 89 52 47 11 88 52 47 12 87 52 47 13 86 52 47 14 85 52 47 15 84 52 47 16 83 52 47 17 82 52 47 18 81 52 47 19 80 52 47 20 79 52 47 21 78 52 47 22 77 52 47 23 76 52 47 24 75 52 47 25 74 52 47 26 73 52 47 27 72 52 47 28 71 52 47 29 70 52 47 30 69 52 47 31 68 52 47 32 67 52 47 33 66 52 47 34 65 52 47 35 64 52 47 36 63 52 47 37 62 52 47 38 61 52 47 39 60 52 47 40 59 52 47 41 58 52 47 42 57 52 47 43 56 52 47 44 55 52 47 45 54 52 47 46 53 52 47 47 52 52 47 48 51 52 47 49 50 52 47 50 49 52 47 51 48 52 47 52 47 52 47 53 46 52 47 54 45 52 47 55 44 52 47 56 43 52 47 57 42 52 47 58 41 52 47 59 40 52 47 60 39 52 47 61 38 52 47 62 37 52 47 63 36 52 47 64 35 52 47 65 34 52 47 66 33 52 47 67 32 52 47 68 31 52 47 69 30 52 47 70 29 52 47 71 28 52 47 72 27 52 47 73 26 52 47 74 25 52 47 75 24 52 47 76 23 52 47 77 22 52 47 78 21 52 47 79 20 52 47 80 19 52 47 81 18 52 47 82 17 52 47 83 16 52 47 84 15 52 47 85 14 52 47 86 13 52 47 87 12 52 47 88 11 52 47 89 10 52 47 90 9 52 48 10 90 52 48 11 89 52 48 12 88 52 48 13 87 52 48 14 86 52 48 15 85 52 48 16 84 52 48 17 83 52 48 18 82 52 48 19 81 52 48 20 80 52 48 21 79 52 48 22 78 52 48 23 77 52 48 24 76 52 48 25 75 52 48 26 74 52 48 27 73 52 48 28 72 52 48 29 71 52 48 30 70 52 48 31 69 52 48 32 68 52 48 33 67 52 48 34 66 52 48 35 65 52 48 36 64 52 48 37 63 52 48 38 62 52 48 39 61 52 48 40 60 52 48 41 59 52 48 42 58 52 48 43 57 52 48 44 56 52 48 45 55 52 48 46 54 52 48 47 53 52 48 48 52 52 48 49 51 52 48 50 50 52 48 51 49 52 48 52 48 52 48 53 47 52 48 54 46 52 48 55 45 52 48 56 44 52 48 57 43 52 48 58 42 52 48 59 41 52 48 60 40 52 48 61 39 52 48 62 38 52 48 63 37 52 48 64 36 52 48 65 35 52 48 66 34 52 48 67 33 52 48 68 32 52 48 69 31 52 48 70 30 52 48 71 29 52 48 72 28 52 48 73 27 52 48 74 26 52 48 75 25 52 48 76 24 52 48 77 23 52 48 78 22 52 48 79 21 52 48 80 20 52 48 81 19 52 48 82 18 52 48 83 17 52 48 84 16 52 48 85 15 52 48 86 14 52 48 87 13 52 48 88 12 52 48 89 11 52 48 90 10 52 49 10 91 52 49 11 90 52 49 12 89 52 49 13 88 52 49 14 87 52 49 15 86 52 49 16 85 52 49 17 84 52 49 18 83 52 49 19 82 52 49 20 81 52 49 21 80 52 49 22 79 52 49 23 78 52 49 24 77 52 49 25 76 52 49 26 75 52 49 27 74 52 49 28 73 52 49 29 72 52 49 30 71 52 49 31 70 52 49 32 69 52 49 33 68 52 49 34 67 52 49 35 66 52 49 36 65 52 49 37 64 52 49 38 63 52 49 39 62 52 49 40 61 52 49 41 60 52 49 42 59 52 49 43 58 52 49 44 57 52 49 45 56 52 49 46 55 52 49 47 54 52 49 48 53 52 49 49 52 52 49 50 51 52 49 51 50 52 49 52 49 52 49 53 48 52 49 54 47 52 49 55 46 52 49 56 45 52 49 57 44 52 49 58 43 52 49 59 42 52 49 60 41 52 49 61 40 52 49 62 39 52 49 63 38 52 49 64 37 52 49 65 36 52 49 66 35 52 49 67 34 52 49 68 33 52 49 69 32 52 49 70 31 52 49 71 30 52 49 72 29 52 49 73 28 52 49 74 27 52 49 75 26 52 49 76 25 52 49 77 24 52 49 78 23 52 49 79 22 52 49 80 21 52 49 81 20 52 49 82 19 52 49 83 18 52 49 84 17 52 49 85 16 52 49 86 15 52 49 87 14 52 49 88 13 52 49 89 12 52 49 90 11 52 49 91 10 52 50 11 91 52 50 12 90 52 50 13 89 52 50 14 88 52 50 15 87 52 50 16 86 52 50 17 85 52 50 18 84 52 50 19 83 52 50 20 82 52 50 21 81 52 50 22 80 52 50 23 79 52 50 24 78 52 50 25 77 52 50 26 76 52 50 27 75 52 50 28 74 52 50 29 73 52 50 30 72 52 50 31 71 52 50 32 70 52 50 33 69 52 50 34 68 52 50 35 67 52 50 36 66 52 50 37 65 52 50 38 64 52 50 39 63 52 50 40 62 52 50 41 61 52 50 42 60 52 50 43 59 52 50 44 58 52 50 45 57 52 50 46 56 52 50 47 55 52 50 48 54 52 50 49 53 52 50 50 52 52 50 51 51 52 50 52 50 52 50 53 49 52 50 54 48 52 50 55 47 52 50 56 46 52 50 57 45 52 50 58 44 52 50 59 43 52 50 60 42 52 50 61 41 52 50 62 40 52 50 63 39 52 50 64 38 52 50 65 37 52 50 66 36 52 50 67 35 52 50 68 34 52 50 69 33 52 50 70 32 52 50 71 31 52 50 72 30 52 50 73 29 52 50 74 28 52 50 75 27 52 50 76 26 52 50 77 25 52 50 78 24 52 50 79 23 52 50 80 22 52 50 81 21 52 50 82 20 52 50 83 19 52 50 84 18 52 50 85 17 52 50 86 16 52 50 87 15 52 50 88 14 52 50 89 13 52 50 90 12 52 50 91 11 52 51 12 91 52 51 13 90 52 51 14 89 52 51 15 88 52 51 16 87 52 51 17 86 52 51 18 85 52 51 19 84 52 51 20 83 52 51 21 82 52 51 22 81 52 51 23 80 52 51 24 79 52 51 25 78 52 51 26 77 52 51 27 76 52 51 28 75 52 51 29 74 52 51 30 73 52 51 31 72 52 51 32 71 52 51 33 70 52 51 34 69 52 51 35 68 52 51 36 67 52 51 37 66 52 51 38 65 52 51 39 64 52 51 40 63 52 51 41 62 52 51 42 61 52 51 43 60 52 51 44 59 52 51 45 58 52 51 46 57 52 51 47 56 52 51 48 55 52 51 49 54 52 51 50 53 52 51 51 52 52 51 52 51 52 51 53 50 52 51 54 49 52 51 55 48 52 51 56 47 52 51 57 46 52 51 58 45 52 51 59 44 52 51 60 43 52 51 61 42 52 51 62 41 52 51 63 40 52 51 64 39 52 51 65 38 52 51 66 37 52 51 67 36 52 51 68 35 52 51 69 34 52 51 70 33 52 51 71 32 52 51 72 31 52 51 73 30 52 51 74 29 52 51 75 28 52 51 76 27 52 51 77 26 52 51 78 25 52 51 79 24 52 51 80 23 52 51 81 22 52 51 82 21 52 51 83 20 52 51 84 19 52 51 85 18 52 51 86 17 52 51 87 16 52 51 88 15 52 51 89 14 52 51 90 13 52 51 91 12 52 52 13 91 52 52 14 90 52 52 15 89 52 52 16 88 52 52 17 87 52 52 18 86 52 52 19 85 52 52 20 84 52 52 21 83 52 52 22 82 52 52 23 81 52 52 24 80 52 52 25 79 52 52 26 78 52 52 27 77 52 52 28 76 52 52 29 75 52 52 30 74 52 52 31 73 52 52 32 72 52 52 33 71 52 52 34 70 52 52 35 69 52 52 36 68 52 52 37 67 52 52 38 66 52 52 39 65 52 52 40 64 52 52 41 63 52 52 42 62 52 52 43 61 52 52 44 60 52 52 45 59 52 52 46 58 52 52 47 57 52 52 48 56 52 52 49 55 52 52 50 54 52 52 51 53 52 52 52 52 52 52 53 51 52 52 54 50 52 52 55 49 52 52 56 48 52 52 57 47 52 52 58 46 52 52 59 45 52 52 60 44 52 52 61 43 52 52 62 42 52 52 63 41 52 52 64 40 52 52 65 39 52 52 66 38 52 52 67 37 52 52 68 36 52 52 69 35 52 52 70 34 52 52 71 33 52 52 72 32 52 52 73 31 52 52 74 30 52 52 75 29 52 52 76 28 52 52 77 27 52 52 78 26 52 52 79 25 52 52 80 24 52 52 81 23 52 52 82 22 52 52 83 21 52 52 84 20 52 52 85 19 52 52 86 18 52 52 87 17 52 52 88 16 52 52 89 15 52 52 90 14 52 52 91 13 52 53 13 92 52 53 14 91 52 53 15 90 52 53 16 89 52 53 17 88 52 53 18 87 52 53 19 86 52 53 20 85 52 53 21 84 52 53 22 83 52 53 23 82 52 53 24 81 52 53 25 80 52 53 26 79 52 53 27 78 52 53 28 77 52 53 29 76 52 53 30 75 52 53 31 74 52 53 32 73 52 53 33 72 52 53 34 71 52 53 35 70 52 53 36 69 52 53 37 68 52 53 38 67 52 53 39 66 52 53 40 65 52 53 41 64 52 53 42 63 52 53 43 62 52 53 44 61 52 53 45 60 52 53 46 59 52 53 47 58 52 53 48 57 52 53 49 56 52 53 50 55 52 53 51 54 52 53 52 53 52 53 53 52 52 53 54 51 52 53 55 50 52 53 56 49 52 53 57 48 52 53 58 47 52 53 59 46 52 53 60 45 52 53 61 44 52 53 62 43 52 53 63 42 52 53 64 41 52 53 65 40 52 53 66 39 52 53 67 38 52 53 68 37 52 53 69 36 52 53 70 35 52 53 71 34 52 53 72 33 52 53 73 32 52 53 74 31 52 53 75 30 52 53 76 29 52 53 77 28 52 53 78 27 52 53 79 26 52 53 80 25 52 53 81 24 52 53 82 23 52 53 83 22 52 53 84 21 52 53 85 20 52 53 86 19 52 53 87 18 52 53 88 17 52 53 89 16 52 53 90 15 52 53 91 14 52 53 92 13 52 54 14 92 52 54 15 91 52 54 16 90 52 54 17 89 52 54 18 88 52 54 19 87 52 54 20 86 52 54 21 85 52 54 22 84 52 54 23 83 52 54 24 82 52 54 25 81 52 54 26 80 52 54 27 79 52 54 28 78 52 54 29 77 52 54 30 76 52 54 31 75 52 54 32 74 52 54 33 73 52 54 34 72 52 54 35 71 52 54 36 70 52 54 37 69 52 54 38 68 52 54 39 67 52 54 40 66 52 54 41 65 52 54 42 64 52 54 43 63 52 54 44 62 52 54 45 61 52 54 46 60 52 54 47 59 52 54 48 58 52 54 49 57 52 54 50 56 52 54 51 55 52 54 52 54 52 54 53 53 52 54 54 52 52 54 55 51 52 54 56 50 52 54 57 49 52 54 58 48 52 54 59 47 52 54 60 46 52 54 61 45 52 54 62 44 52 54 63 43 52 54 64 42 52 54 65 41 52 54 66 40 52 54 67 39 52 54 68 38 52 54 69 37 52 54 70 36 52 54 71 35 52 54 72 34 52 54 73 33 52 54 74 32 52 54 75 31 52 54 76 30 52 54 77 29 52 54 78 28 52 54 79 27 52 54 80 26 52 54 81 25 52 54 82 24 52 54 83 23 52 54 84 22 52 54 85 21 52 54 86 20 52 54 87 19 52 54 88 18 52 54 89 17 52 54 90 16 52 54 91 15 52 54 92 14 52 55 15 92 52 55 16 91 52 55 17 90 52 55 18 89 52 55 19 88 52 55 20 87 52 55 21 86 52 55 22 85 52 55 23 84 52 55 24 83 52 55 25 82 52 55 26 81 52 55 27 80 52 55 28 79 52 55 29 78 52 55 30 77 52 55 31 76 52 55 32 75 52 55 33 74 52 55 34 73 52 55 35 72 52 55 36 71 52 55 37 70 52 55 38 69 52 55 39 68 52 55 40 67 52 55 41 66 52 55 42 65 52 55 43 64 52 55 44 63 52 55 45 62 52 55 46 61 52 55 47 60 52 55 48 59 52 55 49 58 52 55 50 57 52 55 51 56 52 55 52 55 52 55 53 54 52 55 54 53 52 55 55 52 52 55 56 51 52 55 57 50 52 55 58 49 52 55 59 48 52 55 60 47 52 55 61 46 52 55 62 45 52 55 63 44 52 55 64 43 52 55 65 42 52 55 66 41 52 55 67 40 52 55 68 39 52 55 69 38 52 55 70 37 52 55 71 36 52 55 72 35 52 55 73 34 52 55 74 33 52 55 75 32 52 55 76 31 52 55 77 30 52 55 78 29 52 55 79 28 52 55 80 27 52 55 81 26 52 55 82 25 52 55 83 24 52 55 84 23 52 55 85 22 52 55 86 21 52 55 87 20 52 55 88 19 52 55 89 18 52 55 90 17 52 55 91 16 52 55 92 15 52 56 16 92 52 56 17 91 52 56 18 90 52 56 19 89 52 56 20 88 52 56 21 87 52 56 22 86 52 56 23 85 52 56 24 84 52 56 25 83 52 56 26 82 52 56 27 81 52 56 28 80 52 56 29 79 52 56 30 78 52 56 31 77 52 56 32 76 52 56 33 75 52 56 34 74 52 56 35 73 52 56 36 72 52 56 37 71 52 56 38 70 52 56 39 69 52 56 40 68 52 56 41 67 52 56 42 66 52 56 43 65 52 56 44 64 52 56 45 63 52 56 46 62 52 56 47 61 52 56 48 60 52 56 49 59 52 56 50 58 52 56 51 57 52 56 52 56 52 56 53 55 52 56 54 54 52 56 55 53 52 56 56 52 52 56 57 51 52 56 58 50 52 56 59 49 52 56 60 48 52 56 61 47 52 56 62 46 52 56 63 45 52 56 64 44 52 56 65 43 52 56 66 42 52 56 67 41 52 56 68 40 52 56 69 39 52 56 70 38 52 56 71 37 52 56 72 36 52 56 73 35 52 56 74 34 52 56 75 33 52 56 76 32 52 56 77 31 52 56 78 30 52 56 79 29 52 56 80 28 52 56 81 27 52 56 82 26 52 56 83 25 52 56 84 24 52 56 85 23 52 56 86 22 52 56 87 21 52 56 88 20 52 56 89 19 52 56 90 18 52 56 91 17 52 56 92 16 52 57 17 92 52 57 18 91 52 57 19 90 52 57 20 89 52 57 21 88 52 57 22 87 52 57 23 86 52 57 24 85 52 57 25 84 52 57 26 83 52 57 27 82 52 57 28 81 52 57 29 80 52 57 30 79 52 57 31 78 52 57 32 77 52 57 33 76 52 57 34 75 52 57 35 74 52 57 36 73 52 57 37 72 52 57 38 71 52 57 39 70 52 57 40 69 52 57 41 68 52 57 42 67 52 57 43 66 52 57 44 65 52 57 45 64 52 57 46 63 52 57 47 62 52 57 48 61 52 57 49 60 52 57 50 59 52 57 51 58 52 57 52 57 52 57 53 56 52 57 54 55 52 57 55 54 52 57 56 53 52 57 57 52 52 57 58 51 52 57 59 50 52 57 60 49 52 57 61 48 52 57 62 47 52 57 63 46 52 57 64 45 52 57 65 44 52 57 66 43 52 57 67 42 52 57 68 41 52 57 69 40 52 57 70 39 52 57 71 38 52 57 72 37 52 57 73 36 52 57 74 35 52 57 75 34 52 57 76 33 52 57 77 32 52 57 78 31 52 57 79 30 52 57 80 29 52 57 81 28 52 57 82 27 52 57 83 26 52 57 84 25 52 57 85 24 52 57 86 23 52 57 87 22 52 57 88 21 52 57 89 20 52 57 90 19 52 57 91 18 52 57 92 17 52 58 18 92 52 58 19 91 52 58 20 90 52 58 21 89 52 58 22 88 52 58 23 87 52 58 24 86 52 58 25 85 52 58 26 84 52 58 27 83 52 58 28 82 52 58 29 81 52 58 30 80 52 58 31 79 52 58 32 78 52 58 33 77 52 58 34 76 52 58 35 75 52 58 36 74 52 58 37 73 52 58 38 72 52 58 39 71 52 58 40 70 52 58 41 69 52 58 42 68 52 58 43 67 52 58 44 66 52 58 45 65 52 58 46 64 52 58 47 63 52 58 48 62 52 58 49 61 52 58 50 60 52 58 51 59 52 58 52 58 52 58 53 57 52 58 54 56 52 58 55 55 52 58 56 54 52 58 57 53 52 58 58 52 52 58 59 51 52 58 60 50 52 58 61 49 52 58 62 48 52 58 63 47 52 58 64 46 52 58 65 45 52 58 66 44 52 58 67 43 52 58 68 42 52 58 69 41 52 58 70 40 52 58 71 39 52 58 72 38 52 58 73 37 52 58 74 36 52 58 75 35 52 58 76 34 52 58 77 33 52 58 78 32 52 58 79 31 52 58 80 30 52 58 81 29 52 58 82 28 52 58 83 27 52 58 84 26 52 58 85 25 52 58 86 24 52 58 87 23 52 58 88 22 52 58 89 21 52 58 90 20 52 58 91 19 52 58 92 18 52 59 19 92 52 59 20 91 52 59 21 90 52 59 22 89 52 59 23 88 52 59 24 87 52 59 25 86 52 59 26 85 52 59 27 84 52 59 28 83 52 59 29 82 52 59 30 81 52 59 31 80 52 59 32 79 52 59 33 78 52 59 34 77 52 59 35 76 52 59 36 75 52 59 37 74 52 59 38 73 52 59 39 72 52 59 40 71 52 59 41 70 52 59 42 69 52 59 43 68 52 59 44 67 52 59 45 66 52 59 46 65 52 59 47 64 52 59 48 63 52 59 49 62 52 59 50 61 52 59 51 60 52 59 52 59 52 59 53 58 52 59 54 57 52 59 55 56 52 59 56 55 52 59 57 54 52 59 58 53 52 59 59 52 52 59 60 51 52 59 61 50 52 59 62 49 52 59 63 48 52 59 64 47 52 59 65 46 52 59 66 45 52 59 67 44 52 59 68 43 52 59 69 42 52 59 70 41 52 59 71 40 52 59 72 39 52 59 73 38 52 59 74 37 52 59 75 36 52 59 76 35 52 59 77 34 52 59 78 33 52 59 79 32 52 59 80 31 52 59 81 30 52 59 82 29 52 59 83 28 52 59 84 27 52 59 85 26 52 59 86 25 52 59 87 24 52 59 88 23 52 59 89 22 52 59 90 21 52 59 91 20 52 59 92 19 52 60 20 92 52 60 21 91 52 60 22 90 52 60 23 89 52 60 24 88 52 60 25 87 52 60 26 86 52 60 27 85 52 60 28 84 52 60 29 83 52 60 30 82 52 60 31 81 52 60 32 80 52 60 33 79 52 60 34 78 52 60 35 77 52 60 36 76 52 60 37 75 52 60 38 74 52 60 39 73 52 60 40 72 52 60 41 71 52 60 42 70 52 60 43 69 52 60 44 68 52 60 45 67 52 60 46 66 52 60 47 65 52 60 48 64 52 60 49 63 52 60 50 62 52 60 51 61 52 60 52 60 52 60 53 59 52 60 54 58 52 60 55 57 52 60 56 56 52 60 57 55 52 60 58 54 52 60 59 53 52 60 60 52 52 60 61 51 52 60 62 50 52 60 63 49 52 60 64 48 52 60 65 47 52 60 66 46 52 60 67 45 52 60 68 44 52 60 69 43 52 60 70 42 52 60 71 41 52 60 72 40 52 60 73 39 52 60 74 38 52 60 75 37 52 60 76 36 52 60 77 35 52 60 78 34 52 60 79 33 52 60 80 32 52 60 81 31 52 60 82 30 52 60 83 29 52 60 84 28 52 60 85 27 52 60 86 26 52 60 87 25 52 60 88 24 52 60 89 23 52 60 90 22 52 60 91 21 52 60 92 20 52 61 21 92 52 61 22 91 52 61 23 90 52 61 24 89 52 61 25 88 52 61 26 87 52 61 27 86 52 61 28 85 52 61 29 84 52 61 30 83 52 61 31 82 52 61 32 81 52 61 33 80 52 61 34 79 52 61 35 78 52 61 36 77 52 61 37 76 52 61 38 75 52 61 39 74 52 61 40 73 52 61 41 72 52 61 42 71 52 61 43 70 52 61 44 69 52 61 45 68 52 61 46 67 52 61 47 66 52 61 48 65 52 61 49 64 52 61 50 63 52 61 51 62 52 61 52 61 52 61 53 60 52 61 54 59 52 61 55 58 52 61 56 57 52 61 57 56 52 61 58 55 52 61 59 54 52 61 60 53 52 61 61 52 52 61 62 51 52 61 63 50 52 61 64 49 52 61 65 48 52 61 66 47 52 61 67 46 52 61 68 45 52 61 69 44 52 61 70 43 52 61 71 42 52 61 72 41 52 61 73 40 52 61 74 39 52 61 75 38 52 61 76 37 52 61 77 36 52 61 78 35 52 61 79 34 52 61 80 33 52 61 81 32 52 61 82 31 52 61 83 30 52 61 84 29 52 61 85 28 52 61 86 27 52 61 87 26 52 61 88 25 52 61 89 24 52 61 90 23 52 61 91 22 52 61 92 21 52 62 22 92 52 62 23 91 52 62 24 90 52 62 25 89 52 62 26 88 52 62 27 87 52 62 28 86 52 62 29 85 52 62 30 84 52 62 31 83 52 62 32 82 52 62 33 81 52 62 34 80 52 62 35 79 52 62 36 78 52 62 37 77 52 62 38 76 52 62 39 75 52 62 40 74 52 62 41 73 52 62 42 72 52 62 43 71 52 62 44 70 52 62 45 69 52 62 46 68 52 62 47 67 52 62 48 66 52 62 49 65 52 62 50 64 52 62 51 63 52 62 52 62 52 62 53 61 52 62 54 60 52 62 55 59 52 62 56 58 52 62 57 57 52 62 58 56 52 62 59 55 52 62 60 54 52 62 61 53 52 62 62 52 52 62 63 51 52 62 64 50 52 62 65 49 52 62 66 48 52 62 67 47 52 62 68 46 52 62 69 45 52 62 70 44 52 62 71 43 52 62 72 42 52 62 73 41 52 62 74 40 52 62 75 39 52 62 76 38 52 62 77 37 52 62 78 36 52 62 79 35 52 62 80 34 52 62 81 33 52 62 82 32 52 62 83 31 52 62 84 30 52 62 85 29 52 62 86 28 52 62 87 27 52 62 88 26 52 62 89 25 52 62 90 24 52 62 91 23 52 62 92 22 52 63 23 92 52 63 24 91 52 63 25 90 52 63 26 89 52 63 27 88 52 63 28 87 52 63 29 86 52 63 30 85 52 63 31 84 52 63 32 83 52 63 33 82 52 63 34 81 52 63 35 80 52 63 36 79 52 63 37 78 52 63 38 77 52 63 39 76 52 63 40 75 52 63 41 74 52 63 42 73 52 63 43 72 52 63 44 71 52 63 45 70 52 63 46 69 52 63 47 68 52 63 48 67 52 63 49 66 52 63 50 65 52 63 51 64 52 63 52 63 52 63 53 62 52 63 54 61 52 63 55 60 52 63 56 59 52 63 57 58 52 63 58 57 52 63 59 56 52 63 60 55 52 63 61 54 52 63 62 53 52 63 63 52 52 63 64 51 52 63 65 50 52 63 66 49 52 63 67 48 52 63 68 47 52 63 69 46 52 63 70 45 52 63 71 44 52 63 72 43 52 63 73 42 52 63 74 41 52 63 75 40 52 63 76 39 52 63 77 38 52 63 78 37 52 63 79 36 52 63 80 35 52 63 81 34 52 63 82 33 52 63 83 32 52 63 84 31 52 63 85 30 52 63 86 29 52 63 87 28 52 63 88 27 52 63 89 26 52 63 90 25 52 63 91 24 52 63 92 23 52 64 24 92 52 64 25 91 52 64 26 90 52 64 27 89 52 64 28 88 52 64 29 87 52 64 30 86 52 64 31 85 52 64 32 84 52 64 33 83 52 64 34 82 52 64 35 81 52 64 36 80 52 64 37 79 52 64 38 78 52 64 39 77 52 64 40 76 52 64 41 75 52 64 42 74 52 64 43 73 52 64 44 72 52 64 45 71 52 64 46 70 52 64 47 69 52 64 48 68 52 64 49 67 52 64 50 66 52 64 51 65 52 64 52 64 52 64 53 63 52 64 54 62 52 64 55 61 52 64 56 60 52 64 57 59 52 64 58 58 52 64 59 57 52 64 60 56 52 64 61 55 52 64 62 54 52 64 63 53 52 64 64 52 52 64 65 51 52 64 66 50 52 64 67 49 52 64 68 48 52 64 69 47 52 64 70 46 52 64 71 45 52 64 72 44 52 64 73 43 52 64 74 42 52 64 75 41 52 64 76 40 52 64 77 39 52 64 78 38 52 64 79 37 52 64 80 36 52 64 81 35 52 64 82 34 52 64 83 33 52 64 84 32 52 64 85 31 52 64 86 30 52 64 87 29 52 64 88 28 52 64 89 27 52 64 90 26 52 64 91 25 52 64 92 24 52 65 25 92 52 65 26 91 52 65 27 90 52 65 28 89 52 65 29 88 52 65 30 87 52 65 31 86 52 65 32 85 52 65 33 84 52 65 34 83 52 65 35 82 52 65 36 81 52 65 37 80 52 65 38 79 52 65 39 78 52 65 40 77 52 65 41 76 52 65 42 75 52 65 43 74 52 65 44 73 52 65 45 72 52 65 46 71 52 65 47 70 52 65 48 69 52 65 49 68 52 65 50 67 52 65 51 66 52 65 52 65 52 65 53 64 52 65 54 63 52 65 55 62 52 65 56 61 52 65 57 60 52 65 58 59 52 65 59 58 52 65 60 57 52 65 61 56 52 65 62 55 52 65 63 54 52 65 64 53 52 65 65 52 52 65 66 51 52 65 67 50 52 65 68 49 52 65 69 48 52 65 70 47 52 65 71 46 52 65 72 45 52 65 73 44 52 65 74 43 52 65 75 42 52 65 76 41 52 65 77 40 52 65 78 39 52 65 79 38 52 65 80 37 52 65 81 36 52 65 82 35 52 65 83 34 52 65 84 33 52 65 85 32 52 65 86 31 52 65 87 30 52 65 88 29 52 65 89 28 52 65 90 27 52 65 91 26 52 65 92 25 52 66 26 92 52 66 27 91 52 66 28 90 52 66 29 89 52 66 30 88 52 66 31 87 52 66 32 86 52 66 33 85 52 66 34 84 52 66 35 83 52 66 36 82 52 66 37 81 52 66 38 80 52 66 39 79 52 66 40 78 52 66 41 77 52 66 42 76 52 66 43 75 52 66 44 74 52 66 45 73 52 66 46 72 52 66 47 71 52 66 48 70 52 66 49 69 52 66 50 68 52 66 51 67 52 66 52 66 52 66 53 65 52 66 54 64 52 66 55 63 52 66 56 62 52 66 57 61 52 66 58 60 52 66 59 59 52 66 60 58 52 66 61 57 52 66 62 56 52 66 63 55 52 66 64 54 52 66 65 53 52 66 66 52 52 66 67 51 52 66 68 50 52 66 69 49 52 66 70 48 52 66 71 47 52 66 72 46 52 66 73 45 52 66 74 44 52 66 75 43 52 66 76 42 52 66 77 41 52 66 78 40 52 66 79 39 52 66 80 38 52 66 81 37 52 66 82 36 52 66 83 35 52 66 84 34 52 66 85 33 52 66 86 32 52 66 87 31 52 66 88 30 52 66 89 29 52 66 90 28 52 66 91 27 52 66 92 26 52 67 27 92 52 67 28 91 52 67 29 90 52 67 30 89 52 67 31 88 52 67 32 87 52 67 33 86 52 67 34 85 52 67 35 84 52 67 36 83 52 67 37 82 52 67 38 81 52 67 39 80 52 67 40 79 52 67 41 78 52 67 42 77 52 67 43 76 52 67 44 75 52 67 45 74 52 67 46 73 52 67 47 72 52 67 48 71 52 67 49 70 52 67 50 69 52 67 51 68 52 67 52 67 52 67 53 66 52 67 54 65 52 67 55 64 52 67 56 63 52 67 57 62 52 67 58 61 52 67 59 60 52 67 60 59 52 67 61 58 52 67 62 57 52 67 63 56 52 67 64 55 52 67 65 54 52 67 66 53 52 67 67 52 52 67 68 51 52 67 69 50 52 67 70 49 52 67 71 48 52 67 72 47 52 67 73 46 52 67 74 45 52 67 75 44 52 67 76 43 52 67 77 42 52 67 78 41 52 67 79 40 52 67 80 39 52 67 81 38 52 67 82 37 52 67 83 36 52 67 84 35 52 67 85 34 52 67 86 33 52 67 87 32 52 67 88 31 52 67 89 30 52 67 90 29 52 67 91 28 52 67 92 27 52 68 28 92 52 68 29 91 52 68 30 90 52 68 31 89 52 68 32 88 52 68 33 87 52 68 34 86 52 68 35 85 52 68 36 84 52 68 37 83 52 68 38 82 52 68 39 81 52 68 40 80 52 68 41 79 52 68 42 78 52 68 43 77 52 68 44 76 52 68 45 75 52 68 46 74 52 68 47 73 52 68 48 72 52 68 49 71 52 68 50 70 52 68 51 69 52 68 52 68 52 68 53 67 52 68 54 66 52 68 55 65 52 68 56 64 52 68 57 63 52 68 58 62 52 68 59 61 52 68 60 60 52 68 61 59 52 68 62 58 52 68 63 57 52 68 64 56 52 68 65 55 52 68 66 54 52 68 67 53 52 68 68 52 52 68 69 51 52 68 70 50 52 68 71 49 52 68 72 48 52 68 73 47 52 68 74 46 52 68 75 45 52 68 76 44 52 68 77 43 52 68 78 42 52 68 79 41 52 68 80 40 52 68 81 39 52 68 82 38 52 68 83 37 52 68 84 36 52 68 85 35 52 68 86 34 52 68 87 33 52 68 88 32 52 68 89 31 52 68 90 30 52 68 91 29 52 68 92 28 52 69 29 92 52 69 30 91 52 69 31 90 52 69 32 89 52 69 33 88 52 69 34 87 52 69 35 86 52 69 36 85 52 69 37 84 52 69 38 83 52 69 39 82 52 69 40 81 52 69 41 80 52 69 42 79 52 69 43 78 52 69 44 77 52 69 45 76 52 69 46 75 52 69 47 74 52 69 48 73 52 69 49 72 52 69 50 71 52 69 51 70 52 69 52 69 52 69 53 68 52 69 54 67 52 69 55 66 52 69 56 65 52 69 57 64 52 69 58 63 52 69 59 62 52 69 60 61 52 69 61 60 52 69 62 59 52 69 63 58 52 69 64 57 52 69 65 56 52 69 66 55 52 69 67 54 52 69 68 53 52 69 69 52 52 69 70 51 52 69 71 50 52 69 72 49 52 69 73 48 52 69 74 47 52 69 75 46 52 69 76 45 52 69 77 44 52 69 78 43 52 69 79 42 52 69 80 41 52 69 81 40 52 69 82 39 52 69 83 38 52 69 84 37 52 69 85 36 52 69 86 35 52 69 87 34 52 69 88 33 52 69 89 32 52 69 90 31 52 69 91 30 52 69 92 29 52 70 30 92 52 70 31 91 52 70 32 90 52 70 33 89 52 70 34 88 52 70 35 87 52 70 36 86 52 70 37 85 52 70 38 84 52 70 39 83 52 70 40 82 52 70 41 81 52 70 42 80 52 70 43 79 52 70 44 78 52 70 45 77 52 70 46 76 52 70 47 75 52 70 48 74 52 70 49 73 52 70 50 72 52 70 51 71 52 70 52 70 52 70 53 69 52 70 54 68 52 70 55 67 52 70 56 66 52 70 57 65 52 70 58 64 52 70 59 63 52 70 60 62 52 70 61 61 52 70 62 60 52 70 63 59 52 70 64 58 52 70 65 57 52 70 66 56 52 70 67 55 52 70 68 54 52 70 69 53 52 70 70 52 52 70 71 51 52 70 72 50 52 70 73 49 52 70 74 48 52 70 75 47 52 70 76 46 52 70 77 45 52 70 78 44 52 70 79 43 52 70 80 42 52 70 81 41 52 70 82 40 52 70 83 39 52 70 84 38 52 70 85 37 52 70 86 36 52 70 87 35 52 70 88 34 52 70 89 33 52 70 90 32 52 70 91 31 52 70 92 30 52 71 31 92 52 71 32 91 52 71 33 90 52 71 34 89 52 71 35 88 52 71 36 87 52 71 37 86 52 71 38 85 52 71 39 84 52 71 40 83 52 71 41 82 52 71 42 81 52 71 43 80 52 71 44 79 52 71 45 78 52 71 46 77 52 71 47 76 52 71 48 75 52 71 49 74 52 71 50 73 52 71 51 72 52 71 52 71 52 71 53 70 52 71 54 69 52 71 55 68 52 71 56 67 52 71 57 66 52 71 58 65 52 71 59 64 52 71 60 63 52 71 61 62 52 71 62 61 52 71 63 60 52 71 64 59 52 71 65 58 52 71 66 57 52 71 67 56 52 71 68 55 52 71 69 54 52 71 70 53 52 71 71 52 52 71 72 51 52 71 73 50 52 71 74 49 52 71 75 48 52 71 76 47 52 71 77 46 52 71 78 45 52 71 79 44 52 71 80 43 52 71 81 42 52 71 82 41 52 71 83 40 52 71 84 39 52 71 85 38 52 71 86 37 52 71 87 36 52 71 88 35 52 71 89 34 52 71 90 33 52 71 91 32 52 71 92 31 52 72 32 92 52 72 33 91 52 72 34 90 52 72 35 89 52 72 36 88 52 72 37 87 52 72 38 86 52 72 39 85 52 72 40 84 52 72 41 83 52 72 42 82 52 72 43 81 52 72 44 80 52 72 45 79 52 72 46 78 52 72 47 77 52 72 48 76 52 72 49 75 52 72 50 74 52 72 51 73 52 72 52 72 52 72 53 71 52 72 54 70 52 72 55 69 52 72 56 68 52 72 57 67 52 72 58 66 52 72 59 65 52 72 60 64 52 72 61 63 52 72 62 62 52 72 63 61 52 72 64 60 52 72 65 59 52 72 66 58 52 72 67 57 52 72 68 56 52 72 69 55 52 72 70 54 52 72 71 53 52 72 72 52 52 72 73 51 52 72 74 50 52 72 75 49 52 72 76 48 52 72 77 47 52 72 78 46 52 72 79 45 52 72 80 44 52 72 81 43 52 72 82 42 52 72 83 41 52 72 84 40 52 72 85 39 52 72 86 38 52 72 87 37 52 72 88 36 52 72 89 35 52 72 90 34 52 72 91 33 52 72 92 32 52 73 33 92 52 73 34 91 52 73 35 90 52 73 36 89 52 73 37 88 52 73 38 87 52 73 39 86 52 73 40 85 52 73 41 84 52 73 42 83 52 73 43 82 52 73 44 81 52 73 45 80 52 73 46 79 52 73 47 78 52 73 48 77 52 73 49 76 52 73 50 75 52 73 51 74 52 73 52 73 52 73 53 72 52 73 54 71 52 73 55 70 52 73 56 69 52 73 57 68 52 73 58 67 52 73 59 66 52 73 60 65 52 73 61 64 52 73 62 63 52 73 63 62 52 73 64 61 52 73 65 60 52 73 66 59 52 73 67 58 52 73 68 57 52 73 69 56 52 73 70 55 52 73 71 54 52 73 72 53 52 73 73 52 52 73 74 51 52 73 75 50 52 73 76 49 52 73 77 48 52 73 78 47 52 73 79 46 52 73 80 45 52 73 81 44 52 73 82 43 52 73 83 42 52 73 84 41 52 73 85 40 52 73 86 39 52 73 87 38 52 73 88 37 52 73 89 36 52 73 90 35 52 73 91 34 52 73 92 33 52 74 34 92 52 74 35 91 52 74 36 90 52 74 37 89 52 74 38 88 52 74 39 87 52 74 40 86 52 74 41 85 52 74 42 84 52 74 43 83 52 74 44 82 52 74 45 81 52 74 46 80 52 74 47 79 52 74 48 78 52 74 49 77 52 74 50 76 52 74 51 75 52 74 52 74 52 74 53 73 52 74 54 72 52 74 55 71 52 74 56 70 52 74 57 69 52 74 58 68 52 74 59 67 52 74 60 66 52 74 61 65 52 74 62 64 52 74 63 63 52 74 64 62 52 74 65 61 52 74 66 60 52 74 67 59 52 74 68 58 52 74 69 57 52 74 70 56 52 74 71 55 52 74 72 54 52 74 73 53 52 74 74 52 52 74 75 51 52 74 76 50 52 74 77 49 52 74 78 48 52 74 79 47 52 74 80 46 52 74 81 45 52 74 82 44 52 74 83 43 52 74 84 42 52 74 85 41 52 74 86 40 52 74 87 39 52 74 88 38 52 74 89 37 52 74 90 36 52 74 91 35 52 74 92 34 52 75 35 92 52 75 36 91 52 75 37 90 52 75 38 89 52 75 39 88 52 75 40 87 52 75 41 86 52 75 42 85 52 75 43 84 52 75 44 83 52 75 45 82 52 75 46 81 52 75 47 80 52 75 48 79 52 75 49 78 52 75 50 77 52 75 51 76 52 75 52 75 52 75 53 74 52 75 54 73 52 75 55 72 52 75 56 71 52 75 57 70 52 75 58 69 52 75 59 68 52 75 60 67 52 75 61 66 52 75 62 65 52 75 63 64 52 75 64 63 52 75 65 62 52 75 66 61 52 75 67 60 52 75 68 59 52 75 69 58 52 75 70 57 52 75 71 56 52 75 72 55 52 75 73 54 52 75 74 53 52 75 75 52 52 75 76 51 52 75 77 50 52 75 78 49 52 75 79 48 52 75 80 47 52 75 81 46 52 75 82 45 52 75 83 44 52 75 84 43 52 75 85 42 52 75 86 41 52 75 87 40 52 75 88 39 52 75 89 38 52 75 90 37 52 75 91 36 52 75 92 35 52 76 36 92 52 76 37 91 52 76 38 90 52 76 39 89 52 76 40 88 52 76 41 87 52 76 42 86 52 76 43 85 52 76 44 84 52 76 45 83 52 76 46 82 52 76 47 81 52 76 48 80 52 76 49 79 52 76 50 78 52 76 51 77 52 76 52 76 52 76 53 75 52 76 54 74 52 76 55 73 52 76 56 72 52 76 57 71 52 76 58 70 52 76 59 69 52 76 60 68 52 76 61 67 52 76 62 66 52 76 63 65 52 76 64 64 52 76 65 63 52 76 66 62 52 76 67 61 52 76 68 60 52 76 69 59 52 76 70 58 52 76 71 57 52 76 72 56 52 76 73 55 52 76 74 54 52 76 75 53 52 76 76 52 52 76 77 51 52 76 78 50 52 76 79 49 52 76 80 48 52 76 81 47 52 76 82 46 52 76 83 45 52 76 84 44 52 76 85 43 52 76 86 42 52 76 87 41 52 76 88 40 52 76 89 39 52 76 90 38 52 76 91 37 52 76 92 36 52 77 37 92 52 77 38 91 52 77 39 90 52 77 40 89 52 77 41 88 52 77 42 87 52 77 43 86 52 77 44 85 52 77 45 84 52 77 46 83 52 77 47 82 52 77 48 81 52 77 49 80 52 77 50 79 52 77 51 78 52 77 52 77 52 77 53 76 52 77 54 75 52 77 55 74 52 77 56 73 52 77 57 72 52 77 58 71 52 77 59 70 52 77 60 69 52 77 61 68 52 77 62 67 52 77 63 66 52 77 64 65 52 77 65 64 52 77 66 63 52 77 67 62 52 77 68 61 52 77 69 60 52 77 70 59 52 77 71 58 52 77 72 57 52 77 73 56 52 77 74 55 52 77 75 54 52 77 76 53 52 77 77 52 52 77 78 51 52 77 79 50 52 77 80 49 52 77 81 48 52 77 82 47 52 77 83 46 52 77 84 45 52 77 85 44 52 77 86 43 52 77 87 42 52 77 88 41 52 77 89 40 52 77 90 39 52 77 91 38 52 77 92 37 52 78 38 92 52 78 39 91 52 78 40 90 52 78 41 89 52 78 42 88 52 78 43 87 52 78 44 86 52 78 45 85 52 78 46 84 52 78 47 83 52 78 48 82 52 78 49 81 52 78 50 80 52 78 51 79 52 78 52 78 52 78 53 77 52 78 54 76 52 78 55 75 52 78 56 74 52 78 57 73 52 78 58 72 52 78 59 71 52 78 60 70 52 78 61 69 52 78 62 68 52 78 63 67 52 78 64 66 52 78 65 65 52 78 66 64 52 78 67 63 52 78 68 62 52 78 69 61 52 78 70 60 52 78 71 59 52 78 72 58 52 78 73 57 52 78 74 56 52 78 75 55 52 78 76 54 52 78 77 53 52 78 78 52 52 78 79 51 52 78 80 50 52 78 81 49 52 78 82 48 52 78 83 47 52 78 84 46 52 78 85 45 52 78 86 44 52 78 87 43 52 78 88 42 52 78 89 41 52 78 90 40 52 78 91 39 52 78 92 38 52 79 39 92 52 79 40 91 52 79 41 90 52 79 42 89 52 79 43 88 52 79 44 87 52 79 45 86 52 79 46 85 52 79 47 84 52 79 48 83 52 79 49 82 52 79 50 81 52 79 51 80 52 79 52 79 52 79 53 78 52 79 54 77 52 79 55 76 52 79 56 75 52 79 57 74 52 79 58 73 52 79 59 72 52 79 60 71 52 79 61 70 52 79 62 69 52 79 63 68 52 79 64 67 52 79 65 66 52 79 66 65 52 79 67 64 52 79 68 63 52 79 69 62 52 79 70 61 52 79 71 60 52 79 72 59 52 79 73 58 52 79 74 57 52 79 75 56 52 79 76 55 52 79 77 54 52 79 78 53 52 79 79 52 52 79 80 51 52 79 81 50 52 79 82 49 52 79 83 48 52 79 84 47 52 79 85 46 52 79 86 45 52 79 87 44 52 79 88 43 52 79 89 42 52 79 90 41 52 79 91 40 52 79 92 39 52 80 40 92 52 80 41 91 52 80 42 90 52 80 43 89 52 80 44 88 52 80 45 87 52 80 46 86 52 80 47 85 52 80 48 84 52 80 49 83 52 80 50 82 52 80 51 81 52 80 52 80 52 80 53 79 52 80 54 78 52 80 55 77 52 80 56 76 52 80 57 75 52 80 58 74 52 80 59 73 52 80 60 72 52 80 61 71 52 80 62 70 52 80 63 69 52 80 64 68 52 80 65 67 52 80 66 66 52 80 67 65 52 80 68 64 52 80 69 63 52 80 70 62 52 80 71 61 52 80 72 60 52 80 73 59 52 80 74 58 52 80 75 57 52 80 76 56 52 80 77 55 52 80 78 54 52 80 79 53 52 80 80 52 52 80 81 51 52 80 82 50 52 80 83 49 52 80 84 48 52 80 85 47 52 80 86 46 52 80 87 45 52 80 88 44 52 80 89 43 52 80 90 42 52 80 91 41 52 80 92 40 52 81 41 92 52 81 42 91 52 81 43 90 52 81 44 89 52 81 45 88 52 81 46 87 52 81 47 86 52 81 48 85 52 81 49 84 52 81 50 83 52 81 51 82 52 81 52 81 52 81 53 80 52 81 54 79 52 81 55 78 52 81 56 77 52 81 57 76 52 81 58 75 52 81 59 74 52 81 60 73 52 81 61 72 52 81 62 71 52 81 63 70 52 81 64 69 52 81 65 68 52 81 66 67 52 81 67 66 52 81 68 65 52 81 69 64 52 81 70 63 52 81 71 62 52 81 72 61 52 81 73 60 52 81 74 59 52 81 75 58 52 81 76 57 52 81 77 56 52 81 78 55 52 81 79 54 52 81 80 53 52 81 81 52 52 81 82 51 52 81 83 50 52 81 84 49 52 81 85 48 52 81 86 47 52 81 87 46 52 81 88 45 52 81 89 44 52 81 90 43 52 81 91 42 52 81 92 41 52 82 42 92 52 82 43 91 52 82 44 90 52 82 45 89 52 82 46 88 52 82 47 87 52 82 48 86 52 82 49 85 52 82 50 84 52 82 51 83 52 82 52 82 52 82 53 81 52 82 54 80 52 82 55 79 52 82 56 78 52 82 57 77 52 82 58 76 52 82 59 75 52 82 60 74 52 82 61 73 52 82 62 72 52 82 63 71 52 82 64 70 52 82 65 69 52 82 66 68 52 82 67 67 52 82 68 66 52 82 69 65 52 82 70 64 52 82 71 63 52 82 72 62 52 82 73 61 52 82 74 60 52 82 75 59 52 82 76 58 52 82 77 57 52 82 78 56 52 82 79 55 52 82 80 54 52 82 81 53 52 82 82 52 52 82 83 51 52 82 84 50 52 82 85 49 52 82 86 48 52 82 87 47 52 82 88 46 52 82 89 45 52 82 90 44 52 82 91 43 52 82 92 42 52 83 43 92 52 83 44 91 52 83 45 90 52 83 46 89 52 83 47 88 52 83 48 87 52 83 49 86 52 83 50 85 52 83 51 84 52 83 52 83 52 83 53 82 52 83 54 81 52 83 55 80 52 83 56 79 52 83 57 78 52 83 58 77 52 83 59 76 52 83 60 75 52 83 61 74 52 83 62 73 52 83 63 72 52 83 64 71 52 83 65 70 52 83 66 69 52 83 67 68 52 83 68 67 52 83 69 66 52 83 70 65 52 83 71 64 52 83 72 63 52 83 73 62 52 83 74 61 52 83 75 60 52 83 76 59 52 83 77 58 52 83 78 57 52 83 79 56 52 83 80 55 52 83 81 54 52 83 82 53 52 83 83 52 52 83 84 51 52 83 85 50 52 83 86 49 52 83 87 48 52 83 88 47 52 83 89 46 52 83 90 45 52 83 91 44 52 83 92 43 52 84 44 92 52 84 45 91 52 84 46 90 52 84 47 89 52 84 48 88 52 84 49 87 52 84 50 86 52 84 51 85 52 84 52 84 52 84 53 83 52 84 54 82 52 84 55 81 52 84 56 80 52 84 57 79 52 84 58 78 52 84 59 77 52 84 60 76 52 84 61 75 52 84 62 74 52 84 63 73 52 84 64 72 52 84 65 71 52 84 66 70 52 84 67 69 52 84 68 68 52 84 69 67 52 84 70 66 52 84 71 65 52 84 72 64 52 84 73 63 52 84 74 62 52 84 75 61 52 84 76 60 52 84 77 59 52 84 78 58 52 84 79 57 52 84 80 56 52 84 81 55 52 84 82 54 52 84 83 53 52 84 84 52 52 84 85 51 52 84 86 50 52 84 87 49 52 84 88 48 52 84 89 47 52 84 90 46 52 84 91 45 52 84 92 44 52 85 45 92 52 85 46 91 52 85 47 90 52 85 48 89 52 85 49 88 52 85 50 87 52 85 51 86 52 85 52 85 52 85 53 84 52 85 54 83 52 85 55 82 52 85 56 81 52 85 57 80 52 85 58 79 52 85 59 78 52 85 60 77 52 85 61 76 52 85 62 75 52 85 63 74 52 85 64 73 52 85 65 72 52 85 66 71 52 85 67 70 52 85 68 69 52 85 69 68 52 85 70 67 52 85 71 66 52 85 72 65 52 85 73 64 52 85 74 63 52 85 75 62 52 85 76 61 52 85 77 60 52 85 78 59 52 85 79 58 52 85 80 57 52 85 81 56 52 85 82 55 52 85 83 54 52 85 84 53 52 85 85 52 52 85 86 51 52 85 87 50 52 85 88 49 52 85 89 48 52 85 90 47 52 85 91 46 52 85 92 45 52 86 46 92 52 86 47 91 52 86 48 90 52 86 49 89 52 86 50 88 52 86 51 87 52 86 52 86 52 86 53 85 52 86 54 84 52 86 55 83 52 86 56 82 52 86 57 81 52 86 58 80 52 86 59 79 52 86 60 78 52 86 61 77 52 86 62 76 52 86 63 75 52 86 64 74 52 86 65 73 52 86 66 72 52 86 67 71 52 86 68 70 52 86 69 69 52 86 70 68 52 86 71 67 52 86 72 66 52 86 73 65 52 86 74 64 52 86 75 63 52 86 76 62 52 86 77 61 52 86 78 60 52 86 79 59 52 86 80 58 52 86 81 57 52 86 82 56 52 86 83 55 52 86 84 54 52 86 85 53 52 86 86 52 52 86 87 51 52 86 88 50 52 86 89 49 52 86 90 48 52 86 91 47 52 86 92 46 52 87 47 92 52 87 48 91 52 87 49 90 52 87 50 89 52 87 51 88 52 87 52 87 52 87 53 86 52 87 54 85 52 87 55 84 52 87 56 83 52 87 57 82 52 87 58 81 52 87 59 80 52 87 60 79 52 87 61 78 52 87 62 77 52 87 63 76 52 87 64 75 52 87 65 74 52 87 66 73 52 87 67 72 52 87 68 71 52 87 69 70 52 87 70 69 52 87 71 68 52 87 72 67 52 87 73 66 52 87 74 65 52 87 75 64 52 87 76 63 52 87 77 62 52 87 78 61 52 87 79 60 52 87 80 59 52 87 81 58 52 87 82 57 52 87 83 56 52 87 84 55 52 87 85 54 52 87 86 53 52 87 87 52 52 87 88 51 52 87 89 50 52 87 90 49 52 87 91 48 52 87 92 47 52 88 48 92 52 88 49 91 52 88 50 90 52 88 51 89 52 88 52 88 52 88 53 87 52 88 54 86 52 88 55 85 52 88 56 84 52 88 57 83 52 88 58 82 52 88 59 81 52 88 60 80 52 88 61 79 52 88 62 78 52 88 63 77 52 88 64 76 52 88 65 75 52 88 66 74 52 88 67 73 52 88 68 72 52 88 69 71 52 88 70 70 52 88 71 69 52 88 72 68 52 88 73 67 52 88 74 66 52 88 75 65 52 88 76 64 52 88 77 63 52 88 78 62 52 88 79 61 52 88 80 60 52 88 81 59 52 88 82 58 52 88 83 57 52 88 84 56 52 88 85 55 52 88 86 54 52 88 87 53 52 88 88 52 52 88 89 51 52 88 90 50 52 88 91 49 52 88 92 48 52 89 49 92 52 89 50 91 52 89 51 90 52 89 52 89 52 89 53 88 52 89 54 87 52 89 55 86 52 89 56 85 52 89 57 84 52 89 58 83 52 89 59 82 52 89 60 81 52 89 61 80 52 89 62 79 52 89 63 78 52 89 64 77 52 89 65 76 52 89 66 75 52 89 67 74 52 89 68 73 52 89 69 72 52 89 70 71 52 89 71 70 52 89 72 69 52 89 73 68 52 89 74 67 52 89 75 66 52 89 76 65 52 89 77 64 52 89 78 63 52 89 79 62 52 89 80 61 52 89 81 60 52 89 82 59 52 89 83 58 52 89 84 57 52 89 85 56 52 89 86 55 52 89 87 54 52 89 88 53 52 89 89 52 52 89 90 51 52 89 91 50 52 89 92 49 52 90 50 92 52 90 51 91 52 90 52 90 52 90 53 89 52 90 54 88 52 90 55 87 52 90 56 86 52 90 57 85 52 90 58 84 52 90 59 83 52 90 60 82 52 90 61 81 52 90 62 80 52 90 63 79 52 90 64 78 52 90 65 77 52 90 66 76 52 90 67 75 52 90 68 74 52 90 69 73 52 90 70 72 52 90 71 71 52 90 72 70 52 90 73 69 52 90 74 68 52 90 75 67 52 90 76 66 52 90 77 65 52 90 78 64 52 90 79 63 52 90 80 62 52 90 81 61 52 90 82 60 52 90 83 59 52 90 84 58 52 90 85 57 52 90 86 56 52 90 87 55 52 90 88 54 52 90 89 53 52 90 90 52 52 90 91 51 52 90 92 50 52 91 51 92 52 91 52 91 52 91 53 90 52 91 54 89 52 91 55 88 52 91 56 87 52 91 57 86 52 91 58 85 52 91 59 84 52 91 60 83 52 91 61 82 52 91 62 81 52 91 63 80 52 91 64 79 52 91 65 78 52 91 66 77 52 91 67 76 52 91 68 75 52 91 69 74 52 91 70 73 52 91 71 72 52 91 72 71 52 91 73 70 52 91 74 69 52 91 75 68 52 91 76 67 52 91 77 66 52 91 78 65 52 91 79 64 52 91 80 63 52 91 81 62 52 91 82 61 52 91 83 60 52 91 84 59 52 91 85 58 52 91 86 57 52 91 87 56 52 91 88 55 52 91 89 54 52 91 90 53 52 91 91 52 52 91 92 51 52 92 52 92 52 92 53 91 52 92 54 90 52 92 55 89 52 92 56 88 52 92 57 87 52 92 58 86 52 92 59 85 52 92 60 84 52 92 61 83 52 92 62 82 52 92 63 81 52 92 64 80 52 92 65 79 52 92 66 78 52 92 67 77 52 92 68 76 52 92 69 75 52 92 70 74 52 92 71 73 52 92 72 72 52 92 73 71 52 92 74 70 52 92 75 69 52 92 76 68 52 92 77 67 52 92 78 66 52 92 79 65 52 92 80 64 52 92 81 63 52 92 82 62 52 92 83 61 52 92 84 60 52 92 85 59 52 92 86 58 52 92 87 57 52 92 88 56 52 92 89 55 52 92 90 54 52 92 91 53 52 92 92 52 








































