











































44 0 0 44 44 0 1 42 44 0 2 40 44 0 3 39 44 0 39 3 44 0 40 2 44 0 42 1 44 0 44 0 44 1 0 46 44 1 1 44 44 1 2 42 44 1 3 41 44 1 4 39 44 1 5 37 44 1 6 35 44 1 7 34 44 1 8 33 44 1 9 31 44 1 10 30 44 1 12 28 44 1 13 27 44 1 14 26 44 1 15 25 44 1 16 24 44 1 17 23 44 1 18 22 44 1 19 21 44 1 20 20 44 1 21 19 44 1 22 18 44 1 23 17 44 1 24 16 44 1 25 15 44 1 26 14 44 1 27 13 44 1 28 12 44 1 30 10 44 1 31 9 44 1 33 8 44 1 34 7 44 1 35 6 44 1 37 5 44 1 39 4 44 1 41 3 44 1 42 2 44 1 44 1 44 1 46 0 44 2 1 46 44 2 2 44 44 2 3 43 44 2 4 41 44 2 5 39 44 2 6 37 44 2 7 36 44 2 8 35 44 2 9 33 44 2 10 32 44 2 11 31 44 2 12 30 44 2 13 29 44 2 14 28 44 2 15 27 44 2 16 26 44 2 17 25 44 2 18 24 44 2 19 23 44 2 20 22 44 2 21 21 44 2 22 20 44 2 23 19 44 2 24 18 44 2 25 17 44 2 26 16 44 2 27 15 44 2 28 14 44 2 29 13 44 2 30 12 44 2 31 11 44 2 32 10 44 2 33 9 44 2 35 8 44 2 36 7 44 2 37 6 44 2 39 5 44 2 41 4 44 2 43 3 44 2 44 2 44 2 46 1 44 3 1 47 44 3 2 45 44 3 3 44 44 3 4 42 44 3 5 40 44 3 6 38 44 3 7 37 44 3 8 36 44 3 9 34 44 3 10 33 44 3 11 32 44 3 12 31 44 3 13 30 44 3 14 29 44 3 15 28 44 3 16 27 44 3 17 26 44 3 18 25 44 3 19 24 44 3 20 23 44 3 21 22 44 3 22 21 44 3 23 20 44 3 24 19 44 3 25 18 44 3 26 17 44 3 27 16 44 3 28 15 44 3 29 14 44 3 30 13 44 3 31 12 44 3 32 11 44 3 33 10 44 3 34 9 44 3 36 8 44 3 37 7 44 3 38 6 44 3 40 5 44 3 42 4 44 3 44 3 44 3 45 2 44 3 47 1 44 4 1 49 44 4 2 47 44 4 3 46 44 4 4 44 44 4 5 42 44 4 6 40 44 4 7 39 44 4 8 38 44 4 9 36 44 4 10 35 44 4 11 34 44 4 12 33 44 4 13 32 44 4 14 31 44 4 15 30 44 4 16 29 44 4 17 28 44 4 18 27 44 4 19 26 44 4 20 25 44 4 21 24 44 4 22 23 44 4 23 22 44 4 24 21 44 4 25 20 44 4 26 19 44 4 27 18 44 4 28 17 44 4 29 16 44 4 30 15 44 4 31 14 44 4 32 13 44 4 33 12 44 4 34 11 44 4 35 10 44 4 36 9 44 4 38 8 44 4 39 7 44 4 40 6 44 4 42 5 44 4 44 4 44 4 46 3 44 4 47 2 44 4 49 1 44 5 2 49 44 5 3 48 44 5 4 46 44 5 5 44 44 5 6 42 44 5 7 41 44 5 8 40 44 5 9 38 44 5 10 37 44 5 11 36 44 5 12 35 44 5 13 34 44 5 14 33 44 5 15 32 44 5 16 31 44 5 17 30 44 5 18 29 44 5 19 28 44 5 20 27 44 5 21 26 44 5 22 25 44 5 23 24 44 5 24 23 44 5 25 22 44 5 26 21 44 5 27 20 44 5 28 19 44 5 29 18 44 5 30 17 44 5 31 16 44 5 32 15 44 5 33 14 44 5 34 13 44 5 35 12 44 5 36 11 44 5 37 10 44 5 38 9 44 5 40 8 44 5 41 7 44 5 42 6 44 5 44 5 44 5 46 4 44 5 48 3 44 5 49 2 44 6 3 50 44 6 4 48 44 6 5 46 44 6 6 44 44 6 7 43 44 6 8 42 44 6 9 40 44 6 10 39 44 6 11 38 44 6 12 37 44 6 13 36 44 6 14 35 44 6 15 34 44 6 16 33 44 6 17 32 44 6 18 31 44 6 19 30 44 6 20 29 44 6 21 28 44 6 22 27 44 6 23 26 44 6 24 25 44 6 25 24 44 6 26 23 44 6 27 22 44 6 28 21 44 6 29 20 44 6 30 19 44 6 31 18 44 6 32 17 44 6 33 16 44 6 34 15 44 6 35 14 44 6 36 13 44 6 37 12 44 6 38 11 44 6 39 10 44 6 40 9 44 6 42 8 44 6 43 7 44 6 44 6 44 6 46 5 44 6 48 4 44 6 50 3 44 7 3 51 44 7 4 49 44 7 5 47 44 7 6 45 44 7 7 44 44 7 8 43 44 7 9 41 44 7 10 40 44 7 11 39 44 7 12 38 44 7 13 37 44 7 14 36 44 7 15 35 44 7 16 34 44 7 17 33 44 7 18 32 44 7 19 31 44 7 20 30 44 7 21 29 44 7 22 28 44 7 23 27 44 7 24 26 44 7 25 25 44 7 26 24 44 7 27 23 44 7 28 22 44 7 29 21 44 7 30 20 44 7 31 19 44 7 32 18 44 7 33 17 44 7 34 16 44 7 35 15 44 7 36 14 44 7 37 13 44 7 38 12 44 7 39 11 44 7 40 10 44 7 41 9 44 7 43 8 44 7 44 7 44 7 45 6 44 7 47 5 44 7 49 4 44 7 51 3 44 8 4 50 44 8 5 48 44 8 6 46 44 8 7 45 44 8 8 44 44 8 9 42 44 8 10 41 44 8 11 40 44 8 12 39 44 8 13 38 44 8 14 37 44 8 15 36 44 8 16 35 44 8 17 34 44 8 18 33 44 8 19 32 44 8 20 31 44 8 21 30 44 8 22 29 44 8 23 28 44 8 24 27 44 8 25 26 44 8 26 25 44 8 27 24 44 8 28 23 44 8 29 22 44 8 30 21 44 8 31 20 44 8 32 19 44 8 33 18 44 8 34 17 44 8 35 16 44 8 36 15 44 8 37 14 44 8 38 13 44 8 39 12 44 8 40 11 44 8 41 10 44 8 42 9 44 8 44 8 44 8 45 7 44 8 46 6 44 8 48 5 44 8 50 4 44 9 5 50 44 9 6 48 44 9 7 47 44 9 8 46 44 9 9 44 44 9 10 43 44 9 11 42 44 9 12 41 44 9 13 40 44 9 14 39 44 9 15 38 44 9 16 37 44 9 17 36 44 9 18 35 44 9 19 34 44 9 20 33 44 9 21 32 44 9 22 31 44 9 23 30 44 9 24 29 44 9 25 28 44 9 26 27 44 9 27 26 44 9 28 25 44 9 29 24 44 9 30 23 44 9 31 22 44 9 32 21 44 9 33 20 44 9 34 19 44 9 35 18 44 9 36 17 44 9 37 16 44 9 38 15 44 9 39 14 44 9 40 13 44 9 41 12 44 9 42 11 44 9 43 10 44 9 44 9 44 9 46 8 44 9 47 7 44 9 48 6 44 9 50 5 44 10 5 51 44 10 6 49 44 10 7 48 44 10 8 47 44 10 9 45 44 10 10 44 44 10 11 43 44 10 12 42 44 10 13 41 44 10 14 40 44 10 15 39 44 10 16 38 44 10 17 37 44 10 18 36 44 10 19 35 44 10 20 34 44 10 21 33 44 10 22 32 44 10 23 31 44 10 24 30 44 10 25 29 44 10 26 28 44 10 27 27 44 10 28 26 44 10 29 25 44 10 30 24 44 10 31 23 44 10 32 22 44 10 33 21 44 10 34 20 44 10 35 19 44 10 36 18 44 10 37 17 44 10 38 16 44 10 39 15 44 10 40 14 44 10 41 13 44 10 42 12 44 10 43 11 44 10 44 10 44 10 45 9 44 10 47 8 44 10 48 7 44 10 49 6 44 10 51 5 44 11 6 50 44 11 7 49 44 11 8 48 44 11 9 46 44 11 10 45 44 11 11 44 44 11 12 43 44 11 13 42 44 11 14 41 44 11 15 40 44 11 16 39 44 11 17 38 44 11 18 37 44 11 19 36 44 11 20 35 44 11 21 34 44 11 22 33 44 11 23 32 44 11 24 31 44 11 25 30 44 11 26 29 44 11 27 28 44 11 28 27 44 11 29 26 44 11 30 25 44 11 31 24 44 11 32 23 44 11 33 22 44 11 34 21 44 11 35 20 44 11 36 19 44 11 37 18 44 11 38 17 44 11 39 16 44 11 40 15 44 11 41 14 44 11 42 13 44 11 43 12 44 11 44 11 44 11 45 10 44 11 46 9 44 11 48 8 44 11 49 7 44 11 50 6 44 12 6 51 44 12 7 50 44 12 8 49 44 12 9 47 44 12 10 46 44 12 11 45 44 12 12 44 44 12 13 43 44 12 14 42 44 12 15 41 44 12 16 40 44 12 17 39 44 12 18 38 44 12 19 37 44 12 20 36 44 12 21 35 44 12 22 34 44 12 23 33 44 12 24 32 44 12 25 31 44 12 26 30 44 12 27 29 44 12 28 28 44 12 29 27 44 12 30 26 44 12 31 25 44 12 32 24 44 12 33 23 44 12 34 22 44 12 35 21 44 12 36 20 44 12 37 19 44 12 38 18 44 12 39 17 44 12 40 16 44 12 41 15 44 12 42 14 44 12 43 13 44 12 44 12 44 12 45 11 44 12 46 10 44 12 47 9 44 12 49 8 44 12 50 7 44 12 51 6 44 13 7 51 44 13 8 50 44 13 9 48 44 13 10 47 44 13 11 46 44 13 12 45 44 13 13 44 44 13 14 43 44 13 15 42 44 13 16 41 44 13 17 40 44 13 18 39 44 13 19 38 44 13 20 37 44 13 21 36 44 13 22 35 44 13 23 34 44 13 24 33 44 13 25 32 44 13 26 31 44 13 27 30 44 13 28 29 44 13 29 28 44 13 30 27 44 13 31 26 44 13 32 25 44 13 33 24 44 13 34 23 44 13 35 22 44 13 36 21 44 13 37 20 44 13 38 19 44 13 39 18 44 13 40 17 44 13 41 16 44 13 42 15 44 13 43 14 44 13 44 13 44 13 45 12 44 13 46 11 44 13 47 10 44 13 48 9 44 13 50 8 44 13 51 7 44 14 8 51 44 14 9 49 44 14 10 48 44 14 11 47 44 14 12 46 44 14 13 45 44 14 14 44 44 14 15 43 44 14 16 42 44 14 17 41 44 14 18 40 44 14 19 39 44 14 20 38 44 14 21 37 44 14 22 36 44 14 23 35 44 14 24 34 44 14 25 33 44 14 26 32 44 14 27 31 44 14 28 30 44 14 29 29 44 14 30 28 44 14 31 27 44 14 32 26 44 14 33 25 44 14 34 24 44 14 35 23 44 14 36 22 44 14 37 21 44 14 38 20 44 14 39 19 44 14 40 18 44 14 41 17 44 14 42 16 44 14 43 15 44 14 44 14 44 14 45 13 44 14 46 12 44 14 47 11 44 14 48 10 44 14 49 9 44 14 51 8 44 15 9 50 44 15 10 49 44 15 11 48 44 15 12 47 44 15 13 46 44 15 14 45 44 15 15 44 44 15 16 43 44 15 17 42 44 15 18 41 44 15 19 40 44 15 20 39 44 15 21 38 44 15 22 37 44 15 23 36 44 15 24 35 44 15 25 34 44 15 26 33 44 15 27 32 44 15 28 31 44 15 29 30 44 15 30 29 44 15 31 28 44 15 32 27 44 15 33 26 44 15 34 25 44 15 35 24 44 15 36 23 44 15 37 22 44 15 38 21 44 15 39 20 44 15 40 19 44 15 41 18 44 15 42 17 44 15 43 16 44 15 44 15 44 15 45 14 44 15 46 13 44 15 47 12 44 15 48 11 44 15 49 10 44 15 50 9 44 16 9 51 44 16 10 50 44 16 11 49 44 16 12 48 44 16 13 47 44 16 14 46 44 16 15 45 44 16 16 44 44 16 17 43 44 16 18 42 44 16 19 41 44 16 20 40 44 16 21 39 44 16 22 38 44 16 23 37 44 16 24 36 44 16 25 35 44 16 26 34 44 16 27 33 44 16 28 32 44 16 29 31 44 16 30 30 44 16 31 29 44 16 32 28 44 16 33 27 44 16 34 26 44 16 35 25 44 16 36 24 44 16 37 23 44 16 38 22 44 16 39 21 44 16 40 20 44 16 41 19 44 16 42 18 44 16 43 17 44 16 44 16 44 16 45 15 44 16 46 14 44 16 47 13 44 16 48 12 44 16 49 11 44 16 50 10 44 16 51 9 44 17 10 51 44 17 11 50 44 17 12 49 44 17 13 48 44 17 14 47 44 17 15 46 44 17 16 45 44 17 17 44 44 17 18 43 44 17 19 42 44 17 20 41 44 17 21 40 44 17 22 39 44 17 23 38 44 17 24 37 44 17 25 36 44 17 26 35 44 17 27 34 44 17 28 33 44 17 29 32 44 17 30 31 44 17 31 30 44 17 32 29 44 17 33 28 44 17 34 27 44 17 35 26 44 17 36 25 44 17 37 24 44 17 38 23 44 17 39 22 44 17 40 21 44 17 41 20 44 17 42 19 44 17 43 18 44 17 44 17 44 17 45 16 44 17 46 15 44 17 47 14 44 17 48 13 44 17 49 12 44 17 50 11 44 17 51 10 44 18 11 51 44 18 12 50 44 18 13 49 44 18 14 48 44 18 15 47 44 18 16 46 44 18 17 45 44 18 18 44 44 18 19 43 44 18 20 42 44 18 21 41 44 18 22 40 44 18 23 39 44 18 24 38 44 18 25 37 44 18 26 36 44 18 27 35 44 18 28 34 44 18 29 33 44 18 30 32 44 18 31 31 44 18 32 30 44 18 33 29 44 18 34 28 44 18 35 27 44 18 36 26 44 18 37 25 44 18 38 24 44 18 39 23 44 18 40 22 44 18 41 21 44 18 42 20 44 18 43 19 44 18 44 18 44 18 45 17 44 18 46 16 44 18 47 15 44 18 48 14 44 18 49 13 44 18 50 12 44 18 51 11 44 19 12 51 44 19 13 50 44 19 14 49 44 19 15 48 44 19 16 47 44 19 17 46 44 19 18 45 44 19 19 44 44 19 20 43 44 19 21 42 44 19 22 41 44 19 23 40 44 19 24 39 44 19 25 38 44 19 26 37 44 19 27 36 44 19 28 35 44 19 29 34 44 19 30 33 44 19 31 32 44 19 32 31 44 19 33 30 44 19 34 29 44 19 35 28 44 19 36 27 44 19 37 26 44 19 38 25 44 19 39 24 44 19 40 23 44 19 41 22 44 19 42 21 44 19 43 20 44 19 44 19 44 19 45 18 44 19 46 17 44 19 47 16 44 19 48 15 44 19 49 14 44 19 50 13 44 19 51 12 44 20 13 51 44 20 14 50 44 20 15 49 44 20 16 48 44 20 17 47 44 20 18 46 44 20 19 45 44 20 20 44 44 20 21 43 44 20 22 42 44 20 23 41 44 20 24 40 44 20 25 39 44 20 26 38 44 20 27 37 44 20 28 36 44 20 29 35 44 20 30 34 44 20 31 33 44 20 32 32 44 20 33 31 44 20 34 30 44 20 35 29 44 20 36 28 44 20 37 27 44 20 38 26 44 20 39 25 44 20 40 24 44 20 41 23 44 20 42 22 44 20 43 21 44 20 44 20 44 20 45 19 44 20 46 18 44 20 47 17 44 20 48 16 44 20 49 15 44 20 50 14 44 20 51 13 44 21 14 51 44 21 15 50 44 21 16 49 44 21 17 48 44 21 18 47 44 21 19 46 44 21 20 45 44 21 21 44 44 21 22 43 44 21 23 42 44 21 24 41 44 21 25 40 44 21 26 39 44 21 27 38 44 21 28 37 44 21 29 36 44 21 30 35 44 21 31 34 44 21 32 33 44 21 33 32 44 21 34 31 44 21 35 30 44 21 36 29 44 21 37 28 44 21 38 27 44 21 39 26 44 21 40 25 44 21 41 24 44 21 42 23 44 21 43 22 44 21 44 21 44 21 45 20 44 21 46 19 44 21 47 18 44 21 48 17 44 21 49 16 44 21 50 15 44 21 51 14 44 22 15 51 44 22 16 50 44 22 17 49 44 22 18 48 44 22 19 47 44 22 20 46 44 22 21 45 44 22 22 44 44 22 23 43 44 22 24 42 44 22 25 41 44 22 26 40 44 22 27 39 44 22 28 38 44 22 29 37 44 22 30 36 44 22 31 35 44 22 32 34 44 22 33 33 44 22 34 32 44 22 35 31 44 22 36 30 44 22 37 29 44 22 38 28 44 22 39 27 44 22 40 26 44 22 41 25 44 22 42 24 44 22 43 23 44 22 44 22 44 22 45 21 44 22 46 20 44 22 47 19 44 22 48 18 44 22 49 17 44 22 50 16 44 22 51 15 44 23 16 51 44 23 17 50 44 23 18 49 44 23 19 48 44 23 20 47 44 23 21 46 44 23 22 45 44 23 23 44 44 23 24 43 44 23 25 42 44 23 26 41 44 23 27 40 44 23 28 39 44 23 29 38 44 23 30 37 44 23 31 36 44 23 32 35 44 23 33 34 44 23 34 33 44 23 35 32 44 23 36 31 44 23 37 30 44 23 38 29 44 23 39 28 44 23 40 27 44 23 41 26 44 23 42 25 44 23 43 24 44 23 44 23 44 23 45 22 44 23 46 21 44 23 47 20 44 23 48 19 44 23 49 18 44 23 50 17 44 23 51 16 44 24 17 51 44 24 18 50 44 24 19 49 44 24 20 48 44 24 21 47 44 24 22 46 44 24 23 45 44 24 24 44 44 24 25 43 44 24 26 42 44 24 27 41 44 24 28 40 44 24 29 39 44 24 30 38 44 24 31 37 44 24 32 36 44 24 33 35 44 24 34 34 44 24 35 33 44 24 36 32 44 24 37 31 44 24 38 30 44 24 39 29 44 24 40 28 44 24 41 27 44 24 42 26 44 24 43 25 44 24 44 24 44 24 45 23 44 24 46 22 44 24 47 21 44 24 48 20 44 24 49 19 44 24 50 18 44 24 51 17 44 25 18 51 44 25 19 50 44 25 20 49 44 25 21 48 44 25 22 47 44 25 23 46 44 25 24 45 44 25 25 44 44 25 26 43 44 25 27 42 44 25 28 41 44 25 29 40 44 25 30 39 44 25 31 38 44 25 32 37 44 25 33 36 44 25 34 35 44 25 35 34 44 25 36 33 44 25 37 32 44 25 38 31 44 25 39 30 44 25 40 29 44 25 41 28 44 25 42 27 44 25 43 26 44 25 44 25 44 25 45 24 44 25 46 23 44 25 47 22 44 25 48 21 44 25 49 20 44 25 50 19 44 25 51 18 44 26 19 51 44 26 20 50 44 26 21 49 44 26 22 48 44 26 23 47 44 26 24 46 44 26 25 45 44 26 26 44 44 26 27 43 44 26 28 42 44 26 29 41 44 26 30 40 44 26 31 39 44 26 32 38 44 26 33 37 44 26 34 36 44 26 35 35 44 26 36 34 44 26 37 33 44 26 38 32 44 26 39 31 44 26 40 30 44 26 41 29 44 26 42 28 44 26 43 27 44 26 44 26 44 26 45 25 44 26 46 24 44 26 47 23 44 26 48 22 44 26 49 21 44 26 50 20 44 26 51 19 44 27 20 51 44 27 21 50 44 27 22 49 44 27 23 48 44 27 24 47 44 27 25 46 44 27 26 45 44 27 27 44 44 27 28 43 44 27 29 42 44 27 30 41 44 27 31 40 44 27 32 39 44 27 33 38 44 27 34 37 44 27 35 36 44 27 36 35 44 27 37 34 44 27 38 33 44 27 39 32 44 27 40 31 44 27 41 30 44 27 42 29 44 27 43 28 44 27 44 27 44 27 45 26 44 27 46 25 44 27 47 24 44 27 48 23 44 27 49 22 44 27 50 21 44 27 51 20 44 28 21 51 44 28 22 50 44 28 23 49 44 28 24 48 44 28 25 47 44 28 26 46 44 28 27 45 44 28 28 44 44 28 29 43 44 28 30 42 44 28 31 41 44 28 32 40 44 28 33 39 44 28 34 38 44 28 35 37 44 28 36 36 44 28 37 35 44 28 38 34 44 28 39 33 44 28 40 32 44 28 41 31 44 28 42 30 44 28 43 29 44 28 44 28 44 28 45 27 44 28 46 26 44 28 47 25 44 28 48 24 44 28 49 23 44 28 50 22 44 28 51 21 44 29 22 51 44 29 23 50 44 29 24 49 44 29 25 48 44 29 26 47 44 29 27 46 44 29 28 45 44 29 29 44 44 29 30 43 44 29 31 42 44 29 32 41 44 29 33 40 44 29 34 39 44 29 35 38 44 29 36 37 44 29 37 36 44 29 38 35 44 29 39 34 44 29 40 33 44 29 41 32 44 29 42 31 44 29 43 30 44 29 44 29 44 29 45 28 44 29 46 27 44 29 47 26 44 29 48 25 44 29 49 24 44 29 50 23 44 29 51 22 44 30 23 51 44 30 24 50 44 30 25 49 44 30 26 48 44 30 27 47 44 30 28 46 44 30 29 45 44 30 30 44 44 30 31 43 44 30 32 42 44 30 33 41 44 30 34 40 44 30 35 39 44 30 36 38 44 30 37 37 44 30 38 36 44 30 39 35 44 30 40 34 44 30 41 33 44 30 42 32 44 30 43 31 44 30 44 30 44 30 45 29 44 30 46 28 44 30 47 27 44 30 48 26 44 30 49 25 44 30 50 24 44 30 51 23 44 31 24 51 44 31 25 50 44 31 26 49 44 31 27 48 44 31 28 47 44 31 29 46 44 31 30 45 44 31 31 44 44 31 32 43 44 31 33 42 44 31 34 41 44 31 35 40 44 31 36 39 44 31 37 38 44 31 38 37 44 31 39 36 44 31 40 35 44 31 41 34 44 31 42 33 44 31 43 32 44 31 44 31 44 31 45 30 44 31 46 29 44 31 47 28 44 31 48 27 44 31 49 26 44 31 50 25 44 31 51 24 44 32 25 51 44 32 26 50 44 32 27 49 44 32 28 48 44 32 29 47 44 32 30 46 44 32 31 45 44 32 32 44 44 32 33 43 44 32 34 42 44 32 35 41 44 32 36 40 44 32 37 39 44 32 38 38 44 32 39 37 44 32 40 36 44 32 41 35 44 32 42 34 44 32 43 33 44 32 44 32 44 32 45 31 44 32 46 30 44 32 47 29 44 32 48 28 44 32 49 27 44 32 50 26 44 32 51 25 44 33 26 51 44 33 27 50 44 33 28 49 44 33 29 48 44 33 30 47 44 33 31 46 44 33 32 45 44 33 33 44 44 33 34 43 44 33 35 42 44 33 36 41 44 33 37 40 44 33 38 39 44 33 39 38 44 33 40 37 44 33 41 36 44 33 42 35 44 33 43 34 44 33 44 33 44 33 45 32 44 33 46 31 44 33 47 30 44 33 48 29 44 33 49 28 44 33 50 27 44 33 51 26 44 34 27 51 44 34 28 50 44 34 29 49 44 34 30 48 44 34 31 47 44 34 32 46 44 34 33 45 44 34 34 44 44 34 35 43 44 34 36 42 44 34 37 41 44 34 38 40 44 34 39 39 44 34 40 38 44 34 41 37 44 34 42 36 44 34 43 35 44 34 44 34 44 34 45 33 44 34 46 32 44 34 47 31 44 34 48 30 44 34 49 29 44 34 50 28 44 34 51 27 44 35 28 51 44 35 29 50 44 35 30 49 44 35 31 48 44 35 32 47 44 35 33 46 44 35 34 45 44 35 35 44 44 35 36 43 44 35 37 42 44 35 38 41 44 35 39 40 44 35 40 39 44 35 41 38 44 35 42 37 44 35 43 36 44 35 44 35 44 35 45 34 44 35 46 33 44 35 47 32 44 35 48 31 44 35 49 30 44 35 50 29 44 35 51 28 44 36 29 51 44 36 30 50 44 36 31 49 44 36 32 48 44 36 33 47 44 36 34 46 44 36 35 45 44 36 36 44 44 36 37 43 44 36 38 42 44 36 39 41 44 36 40 40 44 36 41 39 44 36 42 38 44 36 43 37 44 36 44 36 44 36 45 35 44 36 46 34 44 36 47 33 44 36 48 32 44 36 49 31 44 36 50 30 44 36 51 29 44 37 30 51 44 37 31 50 44 37 32 49 44 37 33 48 44 37 34 47 44 37 35 46 44 37 36 45 44 37 37 44 44 37 38 43 44 37 39 42 44 37 40 41 44 37 41 40 44 37 42 39 44 37 43 38 44 37 44 37 44 37 45 36 44 37 46 35 44 37 47 34 44 37 48 33 44 37 49 32 44 37 50 31 44 37 51 30 44 38 31 51 44 38 32 50 44 38 33 49 44 38 34 48 44 38 35 47 44 38 36 46 44 38 37 45 44 38 38 44 44 38 39 43 44 38 40 42 44 38 41 41 44 38 42 40 44 38 43 39 44 38 44 38 44 38 45 37 44 38 46 36 44 38 47 35 44 38 48 34 44 38 49 33 44 38 50 32 44 38 51 31 44 39 32 51 44 39 33 50 44 39 34 49 44 39 35 48 44 39 36 47 44 39 37 46 44 39 38 45 44 39 39 44 44 39 40 43 44 39 41 42 44 39 42 41 44 39 43 40 44 39 44 39 44 39 45 38 44 39 46 37 44 39 47 36 44 39 48 35 44 39 49 34 44 39 50 33 44 39 51 32 44 40 33 51 44 40 34 50 44 40 35 49 44 40 36 48 44 40 37 47 44 40 38 46 44 40 39 45 44 40 40 44 44 40 41 43 44 40 42 42 44 40 43 41 44 40 44 40 44 40 45 39 44 40 46 38 44 40 47 37 44 40 48 36 44 40 49 35 44 40 50 34 44 40 51 33 44 41 34 51 44 41 35 50 44 41 36 49 44 41 37 48 44 41 38 47 44 41 39 46 44 41 40 45 44 41 41 44 44 41 42 43 44 41 43 42 44 41 44 41 44 41 45 40 44 41 46 39 44 41 47 38 44 41 48 37 44 41 49 36 44 41 50 35 44 41 51 34 44 42 35 51 44 42 36 50 44 42 37 49 44 42 38 48 44 42 39 47 44 42 40 46 44 42 41 45 44 42 42 44 44 42 43 43 44 42 44 42 44 42 45 41 44 42 46 40 44 42 47 39 44 42 48 38 44 42 49 37 44 42 50 36 44 42 51 35 44 43 36 51 44 43 37 50 44 43 38 49 44 43 39 48 44 43 40 47 44 43 41 46 44 43 42 45 44 43 43 44 44 43 44 43 44 43 45 42 44 43 46 41 44 43 47 40 44 43 48 39 44 43 49 38 44 43 50 37 44 43 51 36 44 44 37 51 44 44 38 50 44 44 39 49 44 44 40 48 44 44 41 47 44 44 42 46 44 44 43 45 44 44 44 44 44 44 45 43 44 44 46 42 44 44 47 41 44 44 48 40 44 44 49 39 44 44 50 38 44 44 51 37 44 45 38 51 44 45 39 50 44 45 40 49 44 45 41 48 44 45 42 47 44 45 43 46 44 45 44 45 44 45 45 44 44 45 46 43 44 45 47 42 44 45 48 41 44 45 49 40 44 45 50 39 44 45 51 38 44 46 39 51 44 46 40 50 44 46 41 49 44 46 42 48 44 46 43 47 44 46 44 46 44 46 45 45 44 46 46 44 44 46 47 43 44 46 48 42 44 46 49 41 44 46 50 40 44 46 51 39 44 47 40 51 44 47 41 50 44 47 42 49 44 47 43 48 44 47 44 47 44 47 45 46 44 47 46 45 44 47 47 44 44 47 48 43 44 47 49 42 44 47 50 41 44 47 51 40 44 48 41 51 44 48 42 50 44 48 43 49 44 48 44 48 44 48 45 47 44 48 46 46 44 48 47 45 44 48 48 44 44 48 49 43 44 48 50 42 44 48 51 41 44 49 42 51 44 49 43 50 44 49 44 49 44 49 45 48 44 49 46 47 44 49 47 46 44 49 48 45 44 49 49 44 44 49 50 43 44 49 51 42 44 50 43 51 44 50 44 50 44 50 45 49 44 50 46 48 44 50 47 47 44 50 48 46 44 50 49 45 44 50 50 44 44 50 51 43 44 51 44 51 44 51 45 50 44 51 46 49 44 51 47 48 44 51 48 47 44 51 49 46 44 51 50 45 44 51 51 44 







