





















22 0 0 22 22 0 1 20 22 0 2 18 22 0 3 17 22 0 4 16 22 0 5 14 22 0 14 5 22 0 16 4 22 0 17 3 22 0 18 2 22 0 20 1 22 0 22 0 22 1 0 24 22 1 1 22 22 1 2 20 22 1 3 19 22 1 4 18 22 1 5 16 22 1 6 15 22 1 7 14 22 1 8 13 22 1 9 12 22 1 10 11 22 1 11 10 22 1 12 9 22 1 13 8 22 1 14 7 22 1 15 6 22 1 16 5 22 1 18 4 22 1 19 3 22 1 20 2 22 1 22 1 22 1 24 0 22 2 1 24 22 2 2 22 22 2 3 21 22 2 4 20 22 2 5 18 22 2 6 17 22 2 7 16 22 2 8 15 22 2 9 14 22 2 10 13 22 2 11 12 22 2 12 11 22 2 13 10 22 2 14 9 22 2 15 8 22 2 16 7 22 2 17 6 22 2 18 5 22 2 20 4 22 2 21 3 22 2 22 2 22 2 24 1 22 3 2 23 22 3 3 22 22 3 4 21 22 3 5 19 22 3 6 18 22 3 7 17 22 3 8 16 22 3 9 15 22 3 10 14 22 3 11 13 22 3 12 12 22 3 13 11 22 3 14 10 22 3 15 9 22 3 16 8 22 3 17 7 22 3 18 6 22 3 19 5 22 3 21 4 22 3 22 3 22 3 23 2 22 4 2 24 22 4 3 23 22 4 4 22 22 4 5 20 22 4 6 19 22 4 7 18 22 4 8 17 22 4 9 16 22 4 10 15 22 4 11 14 22 4 12 13 22 4 13 12 22 4 14 11 22 4 15 10 22 4 16 9 22 4 17 8 22 4 18 7 22 4 19 6 22 4 20 5 22 4 22 4 22 4 23 3 22 4 24 2 22 5 4 24 22 5 5 22 22 5 6 21 22 5 7 20 22 5 8 19 22 5 9 18 22 5 10 17 22 5 11 16 22 5 12 15 22 5 13 14 22 5 14 13 22 5 15 12 22 5 16 11 22 5 17 10 22 5 18 9 22 5 19 8 22 5 20 7 22 5 21 6 22 5 22 5 22 5 24 4 22 6 5 23 22 6 6 22 22 6 7 21 22 6 8 20 22 6 9 19 22 6 10 18 22 6 11 17 22 6 12 16 22 6 13 15 22 6 14 14 22 6 15 13 22 6 16 12 22 6 17 11 22 6 18 10 22 6 19 9 22 6 20 8 22 6 21 7 22 6 22 6 22 6 23 5 22 7 5 24 22 7 6 23 22 7 7 22 22 7 8 21 22 7 9 20 22 7 10 19 22 7 11 18 22 7 12 17 22 7 13 16 22 7 14 15 22 7 15 14 22 7 16 13 22 7 17 12 22 7 18 11 22 7 19 10 22 7 20 9 22 7 21 8 22 7 22 7 22 7 23 6 22 7 24 5 22 8 6 24 22 8 7 23 22 8 8 22 22 8 9 21 22 8 10 20 22 8 11 19 22 8 12 18 22 8 13 17 22 8 14 16 22 8 15 15 22 8 16 14 22 8 17 13 22 8 18 12 22 8 19 11 22 8 20 10 22 8 21 9 22 8 22 8 22 8 23 7 22 8 24 6 22 9 7 24 22 9 8 23 22 9 9 22 22 9 10 21 22 9 11 20 22 9 12 19 22 9 13 18 22 9 14 17 22 9 15 16 22 9 16 15 22 9 17 14 22 9 18 13 22 9 19 12 22 9 20 11 22 9 21 10 22 9 22 9 22 9 23 8 22 9 24 7 22 10 8 24 22 10 9 23 22 10 10 22 22 10 11 21 22 10 12 20 22 10 13 19 22 10 14 18 22 10 15 17 22 10 16 16 22 10 17 15 22 10 18 14 22 10 19 13 22 10 20 12 22 10 21 11 22 10 22 10 22 10 23 9 22 10 24 8 22 11 9 24 22 11 10 23 22 11 11 22 22 11 12 21 22 11 13 20 22 11 14 19 22 11 15 18 22 11 16 17 22 11 17 16 22 11 18 15 22 11 19 14 22 11 20 13 22 11 21 12 22 11 22 11 22 11 23 10 22 11 24 9 22 12 10 24 22 12 11 23 22 12 12 22 22 12 13 21 22 12 14 20 22 12 15 19 22 12 16 18 22 12 17 17 22 12 18 16 22 12 19 15 22 12 20 14 22 12 21 13 22 12 22 12 22 12 23 11 22 12 24 10 22 13 11 24 22 13 12 23 22 13 13 22 22 13 14 21 22 13 15 20 22 13 16 19 22 13 17 18 22 13 18 17 22 13 19 16 22 13 20 15 22 13 21 14 22 13 22 13 22 13 23 12 22 13 24 11 22 14 12 24 22 14 13 23 22 14 14 22 22 14 15 21 22 14 16 20 22 14 17 19 22 14 18 18 22 14 19 17 22 14 20 16 22 14 21 15 22 14 22 14 22 14 23 13 22 14 24 12 22 15 13 24 22 15 14 23 22 15 15 22 22 15 16 21 22 15 17 20 22 15 18 19 22 15 19 18 22 15 20 17 22 15 21 16 22 15 22 15 22 15 23 14 22 15 24 13 22 16 14 24 22 16 15 23 22 16 16 22 22 16 17 21 22 16 18 20 22 16 19 19 22 16 20 18 22 16 21 17 22 16 22 16 22 16 23 15 22 16 24 14 22 17 15 24 22 17 16 23 22 17 17 22 22 17 18 21 22 17 19 20 22 17 20 19 22 17 21 18 22 17 22 17 22 17 23 16 22 17 24 15 22 18 16 24 22 18 17 23 22 18 18 22 22 18 19 21 22 18 20 20 22 18 21 19 22 18 22 18 22 18 23 17 22 18 24 16 22 19 17 24 22 19 18 23 22 19 19 22 22 19 20 21 22 19 21 20 22 19 22 19 22 19 23 18 22 19 24 17 22 20 18 24 22 20 19 23 22 20 20 22 22 20 21 21 22 20 22 20 22 20 23 19 22 20 24 18 22 21 19 24 22 21 20 23 22 21 21 22 22 21 22 21 22 21 23 20 22 21 24 19 22 22 20 24 22 22 21 23 22 22 22 22 22 22 23 21 22 22 24 20 22 23 21 24 22 23 22 23 22 23 23 22 22 23 24 21 22 24 22 24 22 24 23 23 22 24 24 22 


