









































42 0 0 42 42 0 1 40 42 0 2 38 42 0 3 37 42 0 4 35 42 0 5 33 42 0 33 5 42 0 35 4 42 0 37 3 42 0 38 2 42 0 40 1 42 0 42 0 42 1 0 44 42 1 1 42 42 1 2 40 42 1 3 39 42 1 4 37 42 1 5 35 42 1 6 33 42 1 7 32 42 1 8 31 42 1 9 29 42 1 10 28 42 1 11 27 42 1 12 26 42 1 13 25 42 1 14 24 42 1 15 23 42 1 16 22 42 1 17 21 42 1 18 20 42 1 19 19 42 1 20 18 42 1 21 17 42 1 22 16 42 1 23 15 42 1 24 14 42 1 25 13 42 1 26 12 42 1 27 11 42 1 28 10 42 1 29 9 42 1 31 8 42 1 32 7 42 1 33 6 42 1 35 5 42 1 37 4 42 1 39 3 42 1 40 2 42 1 42 1 42 1 44 0 42 2 0 46 42 2 1 44 42 2 2 42 42 2 3 41 42 2 4 39 42 2 5 37 42 2 6 35 42 2 7 34 42 2 8 33 42 2 9 31 42 2 10 30 42 2 11 29 42 2 12 28 42 2 13 27 42 2 15 25 42 2 16 24 42 2 17 23 42 2 18 22 42 2 19 21 42 2 21 19 42 2 22 18 42 2 23 17 42 2 24 16 42 2 25 15 42 2 27 13 42 2 28 12 42 2 29 11 42 2 30 10 42 2 31 9 42 2 33 8 42 2 34 7 42 2 35 6 42 2 37 5 42 2 39 4 42 2 41 3 42 2 42 2 42 2 44 1 42 2 46 0 42 3 0 47 42 3 1 45 42 3 2 43 42 3 3 42 42 3 4 40 42 3 5 38 42 3 6 36 42 3 7 35 42 3 8 34 42 3 9 32 42 3 10 31 42 3 11 30 42 3 12 29 42 3 13 28 42 3 14 27 42 3 15 26 42 3 16 25 42 3 17 24 42 3 18 23 42 3 19 22 42 3 20 21 42 3 21 20 42 3 22 19 42 3 23 18 42 3 24 17 42 3 25 16 42 3 26 15 42 3 27 14 42 3 28 13 42 3 29 12 42 3 30 11 42 3 31 10 42 3 32 9 42 3 34 8 42 3 35 7 42 3 36 6 42 3 38 5 42 3 40 4 42 3 42 3 42 3 43 2 42 3 45 1 42 3 47 0 42 4 1 47 42 4 2 45 42 4 3 44 42 4 4 42 42 4 5 40 42 4 6 38 42 4 7 37 42 4 8 36 42 4 9 34 42 4 10 33 42 4 11 32 42 4 12 31 42 4 13 30 42 4 14 29 42 4 15 28 42 4 16 27 42 4 17 26 42 4 18 25 42 4 19 24 42 4 20 23 42 4 21 22 42 4 22 21 42 4 23 20 42 4 24 19 42 4 25 18 42 4 26 17 42 4 27 16 42 4 28 15 42 4 29 14 42 4 30 13 42 4 31 12 42 4 32 11 42 4 33 10 42 4 34 9 42 4 36 8 42 4 37 7 42 4 38 6 42 4 40 5 42 4 42 4 42 4 44 3 42 4 45 2 42 4 47 1 42 5 1 49 42 5 2 47 42 5 3 46 42 5 4 44 42 5 5 42 42 5 6 40 42 5 7 39 42 5 8 38 42 5 9 36 42 5 10 35 42 5 11 34 42 5 12 33 42 5 13 32 42 5 14 31 42 5 15 30 42 5 16 29 42 5 17 28 42 5 18 27 42 5 19 26 42 5 20 25 42 5 21 24 42 5 22 23 42 5 23 22 42 5 24 21 42 5 25 20 42 5 26 19 42 5 27 18 42 5 28 17 42 5 29 16 42 5 30 15 42 5 31 14 42 5 32 13 42 5 33 12 42 5 34 11 42 5 35 10 42 5 36 9 42 5 38 8 42 5 39 7 42 5 40 6 42 5 42 5 42 5 44 4 42 5 46 3 42 5 47 2 42 5 49 1 42 6 2 49 42 6 3 48 42 6 4 46 42 6 5 44 42 6 6 42 42 6 7 41 42 6 8 40 42 6 9 38 42 6 10 37 42 6 11 36 42 6 12 35 42 6 13 34 42 6 14 33 42 6 15 32 42 6 16 31 42 6 17 30 42 6 18 29 42 6 19 28 42 6 20 27 42 6 21 26 42 6 22 25 42 6 23 24 42 6 24 23 42 6 25 22 42 6 26 21 42 6 27 20 42 6 28 19 42 6 29 18 42 6 30 17 42 6 31 16 42 6 32 15 42 6 33 14 42 6 34 13 42 6 35 12 42 6 36 11 42 6 37 10 42 6 38 9 42 6 40 8 42 6 41 7 42 6 42 6 42 6 44 5 42 6 46 4 42 6 48 3 42 6 49 2 42 7 2 50 42 7 3 49 42 7 4 47 42 7 5 45 42 7 6 43 42 7 7 42 42 7 8 41 42 7 9 39 42 7 10 38 42 7 11 37 42 7 12 36 42 7 13 35 42 7 14 34 42 7 15 33 42 7 16 32 42 7 17 31 42 7 18 30 42 7 19 29 42 7 20 28 42 7 21 27 42 7 22 26 42 7 23 25 42 7 24 24 42 7 25 23 42 7 26 22 42 7 27 21 42 7 28 20 42 7 29 19 42 7 30 18 42 7 31 17 42 7 32 16 42 7 33 15 42 7 34 14 42 7 35 13 42 7 36 12 42 7 37 11 42 7 38 10 42 7 39 9 42 7 41 8 42 7 42 7 42 7 43 6 42 7 45 5 42 7 47 4 42 7 49 3 42 7 50 2 42 8 3 50 42 8 4 48 42 8 5 46 42 8 6 44 42 8 7 43 42 8 8 42 42 8 9 40 42 8 10 39 42 8 11 38 42 8 12 37 42 8 13 36 42 8 14 35 42 8 15 34 42 8 16 33 42 8 17 32 42 8 18 31 42 8 19 30 42 8 20 29 42 8 21 28 42 8 22 27 42 8 23 26 42 8 24 25 42 8 25 24 42 8 26 23 42 8 27 22 42 8 28 21 42 8 29 20 42 8 30 19 42 8 31 18 42 8 32 17 42 8 33 16 42 8 34 15 42 8 35 14 42 8 36 13 42 8 37 12 42 8 38 11 42 8 39 10 42 8 40 9 42 8 42 8 42 8 43 7 42 8 44 6 42 8 46 5 42 8 48 4 42 8 50 3 42 9 4 50 42 9 5 48 42 9 6 46 42 9 7 45 42 9 8 44 42 9 9 42 42 9 10 41 42 9 11 40 42 9 12 39 42 9 13 38 42 9 14 37 42 9 15 36 42 9 16 35 42 9 17 34 42 9 18 33 42 9 19 32 42 9 20 31 42 9 21 30 42 9 22 29 42 9 23 28 42 9 24 27 42 9 25 26 42 9 26 25 42 9 27 24 42 9 28 23 42 9 29 22 42 9 30 21 42 9 31 20 42 9 32 19 42 9 33 18 42 9 34 17 42 9 35 16 42 9 36 15 42 9 37 14 42 9 38 13 42 9 39 12 42 9 40 11 42 9 41 10 42 9 42 9 42 9 44 8 42 9 45 7 42 9 46 6 42 9 48 5 42 9 50 4 42 10 4 51 42 10 5 49 42 10 6 47 42 10 7 46 42 10 8 45 42 10 9 43 42 10 10 42 42 10 11 41 42 10 12 40 42 10 13 39 42 10 14 38 42 10 15 37 42 10 16 36 42 10 17 35 42 10 18 34 42 10 19 33 42 10 20 32 42 10 21 31 42 10 22 30 42 10 23 29 42 10 24 28 42 10 25 27 42 10 26 26 42 10 27 25 42 10 28 24 42 10 29 23 42 10 30 22 42 10 31 21 42 10 32 20 42 10 33 19 42 10 34 18 42 10 35 17 42 10 36 16 42 10 37 15 42 10 38 14 42 10 39 13 42 10 40 12 42 10 41 11 42 10 42 10 42 10 43 9 42 10 45 8 42 10 46 7 42 10 47 6 42 10 49 5 42 10 51 4 42 11 5 50 42 11 6 48 42 11 7 47 42 11 8 46 42 11 9 44 42 11 10 43 42 11 11 42 42 11 12 41 42 11 13 40 42 11 14 39 42 11 15 38 42 11 16 37 42 11 17 36 42 11 18 35 42 11 19 34 42 11 20 33 42 11 21 32 42 11 22 31 42 11 23 30 42 11 24 29 42 11 25 28 42 11 26 27 42 11 27 26 42 11 28 25 42 11 29 24 42 11 30 23 42 11 31 22 42 11 32 21 42 11 33 20 42 11 34 19 42 11 35 18 42 11 36 17 42 11 37 16 42 11 38 15 42 11 39 14 42 11 40 13 42 11 41 12 42 11 42 11 42 11 43 10 42 11 44 9 42 11 46 8 42 11 47 7 42 11 48 6 42 11 50 5 42 12 5 51 42 12 6 49 42 12 7 48 42 12 8 47 42 12 9 45 42 12 10 44 42 12 11 43 42 12 12 42 42 12 13 41 42 12 14 40 42 12 15 39 42 12 16 38 42 12 17 37 42 12 18 36 42 12 19 35 42 12 20 34 42 12 21 33 42 12 22 32 42 12 23 31 42 12 24 30 42 12 25 29 42 12 26 28 42 12 27 27 42 12 28 26 42 12 29 25 42 12 30 24 42 12 31 23 42 12 32 22 42 12 33 21 42 12 34 20 42 12 35 19 42 12 36 18 42 12 37 17 42 12 38 16 42 12 39 15 42 12 40 14 42 12 41 13 42 12 42 12 42 12 43 11 42 12 44 10 42 12 45 9 42 12 47 8 42 12 48 7 42 12 49 6 42 12 51 5 42 13 6 50 42 13 7 49 42 13 8 48 42 13 9 46 42 13 10 45 42 13 11 44 42 13 12 43 42 13 13 42 42 13 14 41 42 13 15 40 42 13 16 39 42 13 17 38 42 13 18 37 42 13 19 36 42 13 20 35 42 13 21 34 42 13 22 33 42 13 23 32 42 13 24 31 42 13 25 30 42 13 26 29 42 13 27 28 42 13 28 27 42 13 29 26 42 13 30 25 42 13 31 24 42 13 32 23 42 13 33 22 42 13 34 21 42 13 35 20 42 13 36 19 42 13 37 18 42 13 38 17 42 13 39 16 42 13 40 15 42 13 41 14 42 13 42 13 42 13 43 12 42 13 44 11 42 13 45 10 42 13 46 9 42 13 48 8 42 13 49 7 42 13 50 6 42 14 6 51 42 14 7 50 42 14 8 49 42 14 9 47 42 14 10 46 42 14 11 45 42 14 12 44 42 14 13 43 42 14 14 42 42 14 15 41 42 14 16 40 42 14 17 39 42 14 18 38 42 14 19 37 42 14 20 36 42 14 21 35 42 14 22 34 42 14 23 33 42 14 24 32 42 14 25 31 42 14 26 30 42 14 27 29 42 14 28 28 42 14 29 27 42 14 30 26 42 14 31 25 42 14 32 24 42 14 33 23 42 14 34 22 42 14 35 21 42 14 36 20 42 14 37 19 42 14 38 18 42 14 39 17 42 14 40 16 42 14 41 15 42 14 42 14 42 14 43 13 42 14 44 12 42 14 45 11 42 14 46 10 42 14 47 9 42 14 49 8 42 14 50 7 42 14 51 6 42 15 7 51 42 15 8 50 42 15 9 48 42 15 10 47 42 15 11 46 42 15 12 45 42 15 13 44 42 15 14 43 42 15 15 42 42 15 16 41 42 15 17 40 42 15 18 39 42 15 19 38 42 15 20 37 42 15 21 36 42 15 22 35 42 15 23 34 42 15 24 33 42 15 25 32 42 15 26 31 42 15 27 30 42 15 28 29 42 15 29 28 42 15 30 27 42 15 31 26 42 15 32 25 42 15 33 24 42 15 34 23 42 15 35 22 42 15 36 21 42 15 37 20 42 15 38 19 42 15 39 18 42 15 40 17 42 15 41 16 42 15 42 15 42 15 43 14 42 15 44 13 42 15 45 12 42 15 46 11 42 15 47 10 42 15 48 9 42 15 50 8 42 15 51 7 42 16 8 51 42 16 9 49 42 16 10 48 42 16 11 47 42 16 12 46 42 16 13 45 42 16 14 44 42 16 15 43 42 16 16 42 42 16 17 41 42 16 18 40 42 16 19 39 42 16 20 38 42 16 21 37 42 16 22 36 42 16 23 35 42 16 24 34 42 16 25 33 42 16 26 32 42 16 27 31 42 16 28 30 42 16 29 29 42 16 30 28 42 16 31 27 42 16 32 26 42 16 33 25 42 16 34 24 42 16 35 23 42 16 36 22 42 16 37 21 42 16 38 20 42 16 39 19 42 16 40 18 42 16 41 17 42 16 42 16 42 16 43 15 42 16 44 14 42 16 45 13 42 16 46 12 42 16 47 11 42 16 48 10 42 16 49 9 42 16 51 8 42 17 9 50 42 17 10 49 42 17 11 48 42 17 12 47 42 17 13 46 42 17 14 45 42 17 15 44 42 17 16 43 42 17 17 42 42 17 18 41 42 17 19 40 42 17 20 39 42 17 21 38 42 17 22 37 42 17 23 36 42 17 24 35 42 17 25 34 42 17 26 33 42 17 27 32 42 17 28 31 42 17 29 30 42 17 30 29 42 17 31 28 42 17 32 27 42 17 33 26 42 17 34 25 42 17 35 24 42 17 36 23 42 17 37 22 42 17 38 21 42 17 39 20 42 17 40 19 42 17 41 18 42 17 42 17 42 17 43 16 42 17 44 15 42 17 45 14 42 17 46 13 42 17 47 12 42 17 48 11 42 17 49 10 42 17 50 9 42 18 9 51 42 18 10 50 42 18 11 49 42 18 12 48 42 18 13 47 42 18 14 46 42 18 15 45 42 18 16 44 42 18 17 43 42 18 18 42 42 18 19 41 42 18 20 40 42 18 21 39 42 18 22 38 42 18 23 37 42 18 24 36 42 18 25 35 42 18 26 34 42 18 27 33 42 18 28 32 42 18 29 31 42 18 30 30 42 18 31 29 42 18 32 28 42 18 33 27 42 18 34 26 42 18 35 25 42 18 36 24 42 18 37 23 42 18 38 22 42 18 39 21 42 18 40 20 42 18 41 19 42 18 42 18 42 18 43 17 42 18 44 16 42 18 45 15 42 18 46 14 42 18 47 13 42 18 48 12 42 18 49 11 42 18 50 10 42 18 51 9 42 19 10 51 42 19 11 50 42 19 12 49 42 19 13 48 42 19 14 47 42 19 15 46 42 19 16 45 42 19 17 44 42 19 18 43 42 19 19 42 42 19 20 41 42 19 21 40 42 19 22 39 42 19 23 38 42 19 24 37 42 19 25 36 42 19 26 35 42 19 27 34 42 19 28 33 42 19 29 32 42 19 30 31 42 19 31 30 42 19 32 29 42 19 33 28 42 19 34 27 42 19 35 26 42 19 36 25 42 19 37 24 42 19 38 23 42 19 39 22 42 19 40 21 42 19 41 20 42 19 42 19 42 19 43 18 42 19 44 17 42 19 45 16 42 19 46 15 42 19 47 14 42 19 48 13 42 19 49 12 42 19 50 11 42 19 51 10 42 20 11 51 42 20 12 50 42 20 13 49 42 20 14 48 42 20 15 47 42 20 16 46 42 20 17 45 42 20 18 44 42 20 19 43 42 20 20 42 42 20 21 41 42 20 22 40 42 20 23 39 42 20 24 38 42 20 25 37 42 20 26 36 42 20 27 35 42 20 28 34 42 20 29 33 42 20 30 32 42 20 31 31 42 20 32 30 42 20 33 29 42 20 34 28 42 20 35 27 42 20 36 26 42 20 37 25 42 20 38 24 42 20 39 23 42 20 40 22 42 20 41 21 42 20 42 20 42 20 43 19 42 20 44 18 42 20 45 17 42 20 46 16 42 20 47 15 42 20 48 14 42 20 49 13 42 20 50 12 42 20 51 11 42 21 12 51 42 21 13 50 42 21 14 49 42 21 15 48 42 21 16 47 42 21 17 46 42 21 18 45 42 21 19 44 42 21 20 43 42 21 21 42 42 21 22 41 42 21 23 40 42 21 24 39 42 21 25 38 42 21 26 37 42 21 27 36 42 21 28 35 42 21 29 34 42 21 30 33 42 21 31 32 42 21 32 31 42 21 33 30 42 21 34 29 42 21 35 28 42 21 36 27 42 21 37 26 42 21 38 25 42 21 39 24 42 21 40 23 42 21 41 22 42 21 42 21 42 21 43 20 42 21 44 19 42 21 45 18 42 21 46 17 42 21 47 16 42 21 48 15 42 21 49 14 42 21 50 13 42 21 51 12 42 22 13 51 42 22 14 50 42 22 15 49 42 22 16 48 42 22 17 47 42 22 18 46 42 22 19 45 42 22 20 44 42 22 21 43 42 22 22 42 42 22 23 41 42 22 24 40 42 22 25 39 42 22 26 38 42 22 27 37 42 22 28 36 42 22 29 35 42 22 30 34 42 22 31 33 42 22 32 32 42 22 33 31 42 22 34 30 42 22 35 29 42 22 36 28 42 22 37 27 42 22 38 26 42 22 39 25 42 22 40 24 42 22 41 23 42 22 42 22 42 22 43 21 42 22 44 20 42 22 45 19 42 22 46 18 42 22 47 17 42 22 48 16 42 22 49 15 42 22 50 14 42 22 51 13 42 23 14 51 42 23 15 50 42 23 16 49 42 23 17 48 42 23 18 47 42 23 19 46 42 23 20 45 42 23 21 44 42 23 22 43 42 23 23 42 42 23 24 41 42 23 25 40 42 23 26 39 42 23 27 38 42 23 28 37 42 23 29 36 42 23 30 35 42 23 31 34 42 23 32 33 42 23 33 32 42 23 34 31 42 23 35 30 42 23 36 29 42 23 37 28 42 23 38 27 42 23 39 26 42 23 40 25 42 23 41 24 42 23 42 23 42 23 43 22 42 23 44 21 42 23 45 20 42 23 46 19 42 23 47 18 42 23 48 17 42 23 49 16 42 23 50 15 42 23 51 14 42 24 15 51 42 24 16 50 42 24 17 49 42 24 18 48 42 24 19 47 42 24 20 46 42 24 21 45 42 24 22 44 42 24 23 43 42 24 24 42 42 24 25 41 42 24 26 40 42 24 27 39 42 24 28 38 42 24 29 37 42 24 30 36 42 24 31 35 42 24 32 34 42 24 33 33 42 24 34 32 42 24 35 31 42 24 36 30 42 24 37 29 42 24 38 28 42 24 39 27 42 24 40 26 42 24 41 25 42 24 42 24 42 24 43 23 42 24 44 22 42 24 45 21 42 24 46 20 42 24 47 19 42 24 48 18 42 24 49 17 42 24 50 16 42 24 51 15 42 25 16 51 42 25 17 50 42 25 18 49 42 25 19 48 42 25 20 47 42 25 21 46 42 25 22 45 42 25 23 44 42 25 24 43 42 25 25 42 42 25 26 41 42 25 27 40 42 25 28 39 42 25 29 38 42 25 30 37 42 25 31 36 42 25 32 35 42 25 33 34 42 25 34 33 42 25 35 32 42 25 36 31 42 25 37 30 42 25 38 29 42 25 39 28 42 25 40 27 42 25 41 26 42 25 42 25 42 25 43 24 42 25 44 23 42 25 45 22 42 25 46 21 42 25 47 20 42 25 48 19 42 25 49 18 42 25 50 17 42 25 51 16 42 26 17 51 42 26 18 50 42 26 19 49 42 26 20 48 42 26 21 47 42 26 22 46 42 26 23 45 42 26 24 44 42 26 25 43 42 26 26 42 42 26 27 41 42 26 28 40 42 26 29 39 42 26 30 38 42 26 31 37 42 26 32 36 42 26 33 35 42 26 34 34 42 26 35 33 42 26 36 32 42 26 37 31 42 26 38 30 42 26 39 29 42 26 40 28 42 26 41 27 42 26 42 26 42 26 43 25 42 26 44 24 42 26 45 23 42 26 46 22 42 26 47 21 42 26 48 20 42 26 49 19 42 26 50 18 42 26 51 17 42 27 18 51 42 27 19 50 42 27 20 49 42 27 21 48 42 27 22 47 42 27 23 46 42 27 24 45 42 27 25 44 42 27 26 43 42 27 27 42 42 27 28 41 42 27 29 40 42 27 30 39 42 27 31 38 42 27 32 37 42 27 33 36 42 27 34 35 42 27 35 34 42 27 36 33 42 27 37 32 42 27 38 31 42 27 39 30 42 27 40 29 42 27 41 28 42 27 42 27 42 27 43 26 42 27 44 25 42 27 45 24 42 27 46 23 42 27 47 22 42 27 48 21 42 27 49 20 42 27 50 19 42 27 51 18 42 28 19 51 42 28 20 50 42 28 21 49 42 28 22 48 42 28 23 47 42 28 24 46 42 28 25 45 42 28 26 44 42 28 27 43 42 28 28 42 42 28 29 41 42 28 30 40 42 28 31 39 42 28 32 38 42 28 33 37 42 28 34 36 42 28 35 35 42 28 36 34 42 28 37 33 42 28 38 32 42 28 39 31 42 28 40 30 42 28 41 29 42 28 42 28 42 28 43 27 42 28 44 26 42 28 45 25 42 28 46 24 42 28 47 23 42 28 48 22 42 28 49 21 42 28 50 20 42 28 51 19 42 29 20 51 42 29 21 50 42 29 22 49 42 29 23 48 42 29 24 47 42 29 25 46 42 29 26 45 42 29 27 44 42 29 28 43 42 29 29 42 42 29 30 41 42 29 31 40 42 29 32 39 42 29 33 38 42 29 34 37 42 29 35 36 42 29 36 35 42 29 37 34 42 29 38 33 42 29 39 32 42 29 40 31 42 29 41 30 42 29 42 29 42 29 43 28 42 29 44 27 42 29 45 26 42 29 46 25 42 29 47 24 42 29 48 23 42 29 49 22 42 29 50 21 42 29 51 20 42 30 21 51 42 30 22 50 42 30 23 49 42 30 24 48 42 30 25 47 42 30 26 46 42 30 27 45 42 30 28 44 42 30 29 43 42 30 30 42 42 30 31 41 42 30 32 40 42 30 33 39 42 30 34 38 42 30 35 37 42 30 36 36 42 30 37 35 42 30 38 34 42 30 39 33 42 30 40 32 42 30 41 31 42 30 42 30 42 30 43 29 42 30 44 28 42 30 45 27 42 30 46 26 42 30 47 25 42 30 48 24 42 30 49 23 42 30 50 22 42 30 51 21 42 31 22 51 42 31 23 50 42 31 24 49 42 31 25 48 42 31 26 47 42 31 27 46 42 31 28 45 42 31 29 44 42 31 30 43 42 31 31 42 42 31 32 41 42 31 33 40 42 31 34 39 42 31 35 38 42 31 36 37 42 31 37 36 42 31 38 35 42 31 39 34 42 31 40 33 42 31 41 32 42 31 42 31 42 31 43 30 42 31 44 29 42 31 45 28 42 31 46 27 42 31 47 26 42 31 48 25 42 31 49 24 42 31 50 23 42 31 51 22 42 32 23 51 42 32 24 50 42 32 25 49 42 32 26 48 42 32 27 47 42 32 28 46 42 32 29 45 42 32 30 44 42 32 31 43 42 32 32 42 42 32 33 41 42 32 34 40 42 32 35 39 42 32 36 38 42 32 37 37 42 32 38 36 42 32 39 35 42 32 40 34 42 32 41 33 42 32 42 32 42 32 43 31 42 32 44 30 42 32 45 29 42 32 46 28 42 32 47 27 42 32 48 26 42 32 49 25 42 32 50 24 42 32 51 23 42 33 24 51 42 33 25 50 42 33 26 49 42 33 27 48 42 33 28 47 42 33 29 46 42 33 30 45 42 33 31 44 42 33 32 43 42 33 33 42 42 33 34 41 42 33 35 40 42 33 36 39 42 33 37 38 42 33 38 37 42 33 39 36 42 33 40 35 42 33 41 34 42 33 42 33 42 33 43 32 42 33 44 31 42 33 45 30 42 33 46 29 42 33 47 28 42 33 48 27 42 33 49 26 42 33 50 25 42 33 51 24 42 34 25 51 42 34 26 50 42 34 27 49 42 34 28 48 42 34 29 47 42 34 30 46 42 34 31 45 42 34 32 44 42 34 33 43 42 34 34 42 42 34 35 41 42 34 36 40 42 34 37 39 42 34 38 38 42 34 39 37 42 34 40 36 42 34 41 35 42 34 42 34 42 34 43 33 42 34 44 32 42 34 45 31 42 34 46 30 42 34 47 29 42 34 48 28 42 34 49 27 42 34 50 26 42 34 51 25 42 35 26 51 42 35 27 50 42 35 28 49 42 35 29 48 42 35 30 47 42 35 31 46 42 35 32 45 42 35 33 44 42 35 34 43 42 35 35 42 42 35 36 41 42 35 37 40 42 35 38 39 42 35 39 38 42 35 40 37 42 35 41 36 42 35 42 35 42 35 43 34 42 35 44 33 42 35 45 32 42 35 46 31 42 35 47 30 42 35 48 29 42 35 49 28 42 35 50 27 42 35 51 26 42 36 27 51 42 36 28 50 42 36 29 49 42 36 30 48 42 36 31 47 42 36 32 46 42 36 33 45 42 36 34 44 42 36 35 43 42 36 36 42 42 36 37 41 42 36 38 40 42 36 39 39 42 36 40 38 42 36 41 37 42 36 42 36 42 36 43 35 42 36 44 34 42 36 45 33 42 36 46 32 42 36 47 31 42 36 48 30 42 36 49 29 42 36 50 28 42 36 51 27 42 37 28 51 42 37 29 50 42 37 30 49 42 37 31 48 42 37 32 47 42 37 33 46 42 37 34 45 42 37 35 44 42 37 36 43 42 37 37 42 42 37 38 41 42 37 39 40 42 37 40 39 42 37 41 38 42 37 42 37 42 37 43 36 42 37 44 35 42 37 45 34 42 37 46 33 42 37 47 32 42 37 48 31 42 37 49 30 42 37 50 29 42 37 51 28 42 38 29 51 42 38 30 50 42 38 31 49 42 38 32 48 42 38 33 47 42 38 34 46 42 38 35 45 42 38 36 44 42 38 37 43 42 38 38 42 42 38 39 41 42 38 40 40 42 38 41 39 42 38 42 38 42 38 43 37 42 38 44 36 42 38 45 35 42 38 46 34 42 38 47 33 42 38 48 32 42 38 49 31 42 38 50 30 42 38 51 29 42 39 30 51 42 39 31 50 42 39 32 49 42 39 33 48 42 39 34 47 42 39 35 46 42 39 36 45 42 39 37 44 42 39 38 43 42 39 39 42 42 39 40 41 42 39 41 40 42 39 42 39 42 39 43 38 42 39 44 37 42 39 45 36 42 39 46 35 42 39 47 34 42 39 48 33 42 39 49 32 42 39 50 31 42 39 51 30 42 40 31 51 42 40 32 50 42 40 33 49 42 40 34 48 42 40 35 47 42 40 36 46 42 40 37 45 42 40 38 44 42 40 39 43 42 40 40 42 42 40 41 41 42 40 42 40 42 40 43 39 42 40 44 38 42 40 45 37 42 40 46 36 42 40 47 35 42 40 48 34 42 40 49 33 42 40 50 32 42 40 51 31 42 41 32 51 42 41 33 50 42 41 34 49 42 41 35 48 42 41 36 47 42 41 37 46 42 41 38 45 42 41 39 44 42 41 40 43 42 41 41 42 42 41 42 41 42 41 43 40 42 41 44 39 42 41 45 38 42 41 46 37 42 41 47 36 42 41 48 35 42 41 49 34 42 41 50 33 42 41 51 32 42 42 33 51 42 42 34 50 42 42 35 49 42 42 36 48 42 42 37 47 42 42 38 46 42 42 39 45 42 42 40 44 42 42 41 43 42 42 42 42 42 42 43 41 42 42 44 40 42 42 45 39 42 42 46 38 42 42 47 37 42 42 48 36 42 42 49 35 42 42 50 34 42 42 51 33 42 43 34 51 42 43 35 50 42 43 36 49 42 43 37 48 42 43 38 47 42 43 39 46 42 43 40 45 42 43 41 44 42 43 42 43 42 43 43 42 42 43 44 41 42 43 45 40 42 43 46 39 42 43 47 38 42 43 48 37 42 43 49 36 42 43 50 35 42 43 51 34 42 44 35 51 42 44 36 50 42 44 37 49 42 44 38 48 42 44 39 47 42 44 40 46 42 44 41 45 42 44 42 44 42 44 43 43 42 44 44 42 42 44 45 41 42 44 46 40 42 44 47 39 42 44 48 38 42 44 49 37 42 44 50 36 42 44 51 35 42 45 36 51 42 45 37 50 42 45 38 49 42 45 39 48 42 45 40 47 42 45 41 46 42 45 42 45 42 45 43 44 42 45 44 43 42 45 45 42 42 45 46 41 42 45 47 40 42 45 48 39 42 45 49 38 42 45 50 37 42 45 51 36 42 46 37 51 42 46 38 50 42 46 39 49 42 46 40 48 42 46 41 47 42 46 42 46 42 46 43 45 42 46 44 44 42 46 45 43 42 46 46 42 42 46 47 41 42 46 48 40 42 46 49 39 42 46 50 38 42 46 51 37 42 47 38 51 42 47 39 50 42 47 40 49 42 47 41 48 42 47 42 47 42 47 43 46 42 47 44 45 42 47 45 44 42 47 46 43 42 47 47 42 42 47 48 41 42 47 49 40 42 47 50 39 42 47 51 38 42 48 39 51 42 48 40 50 42 48 41 49 42 48 42 48 42 48 43 47 42 48 44 46 42 48 45 45 42 48 46 44 42 48 47 43 42 48 48 42 42 48 49 41 42 48 50 40 42 48 51 39 42 49 40 51 42 49 41 50 42 49 42 49 42 49 43 48 42 49 44 47 42 49 45 46 42 49 46 45 42 49 47 44 42 49 48 43 42 49 49 42 42 49 50 41 42 49 51 40 42 50 41 51 42 50 42 50 42 50 43 49 42 50 44 48 42 50 45 47 42 50 46 46 42 50 47 45 42 50 48 44 42 50 49 43 42 50 50 42 42 50 51 41 42 51 42 51 42 51 43 50 42 51 44 49 42 51 45 48 42 51 46 47 42 51 47 46 42 51 48 45 42 51 49 44 42 51 50 43 42 51 51 42 









