










11 0 0 11 11 0 1 9 11 0 2 7 11 0 3 6 11 0 4 5 11 0 5 4 11 0 6 3 11 0 7 2 11 0 9 1 11 0 11 0 11 1 0 13 11 1 1 11 11 1 2 9 11 1 3 8 11 1 4 7 11 1 5 5 11 1 7 4 11 1 8 3 11 1 9 2 11 1 11 1 11 1 13 0 11 2 0 15 11 2 1 13 11 2 2 11 11 2 3 10 11 2 4 9 11 2 5 7 11 2 6 6 11 2 7 5 11 2 9 4 11 2 10 3 11 2 11 2 11 2 13 1 11 2 15 0 11 3 0 16 11 3 1 14 11 3 2 12 11 3 3 11 11 3 4 10 11 3 5 8 11 3 6 7 11 3 7 6 11 3 8 5 11 3 10 4 11 3 11 3 11 3 12 2 11 3 14 1 11 3 16 0 11 4 0 17 11 4 1 15 11 4 2 13 11 4 3 12 11 4 4 11 11 4 5 9 11 4 6 8 11 4 7 7 11 4 8 6 11 4 9 5 11 4 11 4 11 4 12 3 11 4 13 2 11 4 15 1 11 4 17 0 11 5 0 19 11 5 1 17 11 5 2 15 11 5 3 14 11 5 4 13 11 5 5 11 11 5 6 10 11 5 7 9 11 5 8 8 11 5 9 7 11 5 10 6 11 5 11 5 11 5 13 4 11 5 14 3 11 5 15 2 11 5 17 1 11 5 19 0 11 6 0 20 11 6 1 18 11 6 2 16 11 6 3 15 11 6 4 14 11 6 5 12 11 6 6 11 11 6 7 10 11 6 8 9 11 6 9 8 11 6 10 7 11 6 11 6 11 6 12 5 11 6 14 4 11 6 15 3 11 6 16 2 11 6 18 1 11 6 20 0 11 7 0 21 11 7 1 19 11 7 2 17 11 7 3 16 11 7 4 15 11 7 5 13 11 7 6 12 11 7 7 11 11 7 8 10 11 7 9 9 11 7 10 8 11 7 11 7 11 7 12 6 11 7 13 5 11 7 15 4 11 7 16 3 11 7 17 2 11 7 19 1 11 7 21 0 11 8 1 20 11 8 2 18 11 8 3 17 11 8 4 16 11 8 5 14 11 8 6 13 11 8 7 12 11 8 8 11 11 8 9 10 11 8 10 9 11 8 11 8 11 8 12 7 11 8 13 6 11 8 14 5 11 8 16 4 11 8 17 3 11 8 18 2 11 8 20 1 11 9 1 21 11 9 2 19 11 9 3 18 11 9 4 17 11 9 5 15 11 9 6 14 11 9 7 13 11 9 8 12 11 9 9 11 11 9 10 10 11 9 11 9 11 9 12 8 11 9 13 7 11 9 14 6 11 9 15 5 11 9 17 4 11 9 18 3 11 9 19 2 11 9 21 1 11 10 1 22 11 10 2 20 11 10 3 19 11 10 4 18 11 10 5 16 11 10 6 15 11 10 7 14 11 10 8 13 11 10 9 12 11 10 10 11 11 10 11 10 11 10 12 9 11 10 13 8 11 10 14 7 11 10 15 6 11 10 16 5 11 10 18 4 11 10 19 3 11 10 20 2 11 10 22 1 11 11 1 23 11 11 2 21 11 11 3 20 11 11 4 19 11 11 5 17 11 11 6 16 11 11 7 15 11 11 8 14 11 11 9 13 11 11 10 12 11 11 11 11 11 11 12 10 11 11 13 9 11 11 14 8 11 11 15 7 11 11 16 6 11 11 17 5 11 11 19 4 11 11 20 3 11 11 21 2 11 11 23 1 11 12 1 24 11 12 2 22 11 12 3 21 11 12 4 20 11 12 5 18 11 12 6 17 11 12 7 16 11 12 8 15 11 12 9 14 11 12 10 13 11 12 11 12 11 12 12 11 11 12 13 10 11 12 14 9 11 12 15 8 11 12 16 7 11 12 17 6 11 12 18 5 11 12 20 4 11 12 21 3 11 12 22 2 11 12 24 1 11 13 2 23 11 13 3 22 11 13 4 21 11 13 5 19 11 13 6 18 11 13 7 17 11 13 8 16 11 13 9 15 11 13 10 14 11 13 11 13 11 13 12 12 11 13 13 11 11 13 14 10 11 13 15 9 11 13 16 8 11 13 17 7 11 13 18 6 11 13 19 5 11 13 21 4 11 13 22 3 11 13 23 2 11 14 2 24 11 14 3 23 11 14 4 22 11 14 5 20 11 14 6 19 11 14 7 18 11 14 8 17 11 14 9 16 11 14 10 15 11 14 11 14 11 14 12 13 11 14 13 12 11 14 14 11 11 14 15 10 11 14 16 9 11 14 17 8 11 14 18 7 11 14 19 6 11 14 20 5 11 14 22 4 11 14 23 3 11 14 24 2 11 15 3 24 11 15 4 23 11 15 5 21 11 15 6 20 11 15 7 19 11 15 8 18 11 15 9 17 11 15 10 16 11 15 11 15 11 15 12 14 11 15 13 13 11 15 14 12 11 15 15 11 11 15 16 10 11 15 17 9 11 15 18 8 11 15 19 7 11 15 20 6 11 15 21 5 11 15 23 4 11 15 24 3 11 16 4 24 11 16 5 22 11 16 6 21 11 16 7 20 11 16 8 19 11 16 9 18 11 16 10 17 11 16 11 16 11 16 12 15 11 16 13 14 11 16 14 13 11 16 15 12 11 16 16 11 11 16 17 10 11 16 18 9 11 16 19 8 11 16 20 7 11 16 21 6 11 16 22 5 11 16 24 4 11 17 5 23 11 17 6 22 11 17 7 21 11 17 8 20 11 17 9 19 11 17 10 18 11 17 11 17 11 17 12 16 11 17 13 15 11 17 14 14 11 17 15 13 11 17 16 12 11 17 17 11 11 17 18 10 11 17 19 9 11 17 20 8 11 17 21 7 11 17 22 6 11 17 23 5 11 18 5 24 11 18 6 23 11 18 7 22 11 18 8 21 11 18 9 20 11 18 10 19 11 18 11 18 11 18 12 17 11 18 13 16 11 18 14 15 11 18 15 14 11 18 16 13 11 18 17 12 11 18 18 11 11 18 19 10 11 18 20 9 11 18 21 8 11 18 22 7 11 18 23 6 11 18 24 5 11 19 6 24 11 19 7 23 11 19 8 22 11 19 9 21 11 19 10 20 11 19 11 19 11 19 12 18 11 19 13 17 11 19 14 16 11 19 15 15 11 19 16 14 11 19 17 13 11 19 18 12 11 19 19 11 11 19 20 10 11 19 21 9 11 19 22 8 11 19 23 7 11 19 24 6 11 20 7 24 11 20 8 23 11 20 9 22 11 20 10 21 11 20 11 20 11 20 12 19 11 20 13 18 11 20 14 17 11 20 15 16 11 20 16 15 11 20 17 14 11 20 18 13 11 20 19 12 11 20 20 11 11 20 21 10 11 20 22 9 11 20 23 8 11 20 24 7 11 21 8 24 11 21 9 23 11 21 10 22 11 21 11 21 11 21 12 20 11 21 13 19 11 21 14 18 11 21 15 17 11 21 16 16 11 21 17 15 11 21 18 14 11 21 19 13 11 21 20 12 11 21 21 11 11 21 22 10 11 21 23 9 11 21 24 8 11 22 9 24 11 22 10 23 11 22 11 22 11 22 12 21 11 22 13 20 11 22 14 19 11 22 15 18 11 22 16 17 11 22 17 16 11 22 18 15 11 22 19 14 11 22 20 13 11 22 21 12 11 22 22 11 11 22 23 10 11 22 24 9 11 23 10 24 11 23 11 23 11 23 12 22 11 23 13 21 11 23 14 20 11 23 15 19 11 23 16 18 11 23 17 17 11 23 18 16 11 23 19 15 11 23 20 14 11 23 21 13 11 23 22 12 11 23 23 11 11 23 24 10 11 24 11 24 11 24 12 23 11 24 13 22 11 24 14 21 11 24 15 20 11 24 16 19 11 24 17 18 11 24 18 17 11 24 19 16 11 24 20 15 11 24 21 14 11 24 22 13 11 24 23 12 11 24 24 11 













