











12 0 0 12 12 0 1 10 12 0 2 9 12 0 3 8 12 0 5 6 12 0 6 5 12 0 8 3 12 0 9 2 12 0 10 1 12 0 12 0 12 1 0 14 12 1 1 12 12 1 2 10 12 1 4 8 12 1 5 7 12 1 7 5 12 1 8 4 12 1 10 2 12 1 12 1 12 1 14 0 12 2 0 16 12 2 1 14 12 2 2 12 12 2 3 11 12 2 5 9 12 2 6 8 12 2 8 6 12 2 9 5 12 2 11 3 12 2 12 2 12 2 14 1 12 2 16 0 12 3 0 17 12 3 1 15 12 3 2 13 12 3 3 12 12 3 4 10 12 3 6 9 12 3 7 7 12 3 9 6 12 3 10 4 12 3 12 3 12 3 13 2 12 3 15 1 12 3 17 0 12 4 0 19 12 4 1 17 12 4 2 15 12 4 3 14 12 4 4 12 12 4 5 11 12 4 6 10 12 4 7 9 12 4 8 8 12 4 9 7 12 4 10 6 12 4 11 5 12 4 12 4 12 4 14 3 12 4 15 2 12 4 17 1 12 4 19 0 12 5 0 20 12 5 1 18 12 5 2 16 12 5 3 15 12 5 4 13 12 5 5 12 12 5 6 11 12 5 8 9 12 5 9 8 12 5 11 6 12 5 12 5 12 5 13 4 12 5 15 3 12 5 16 2 12 5 18 1 12 5 20 0 12 6 0 21 12 6 1 19 12 6 2 17 12 6 3 16 12 6 4 14 12 6 5 13 12 6 6 12 12 6 7 10 12 6 9 9 12 6 10 7 12 6 12 6 12 6 13 5 12 6 14 4 12 6 16 3 12 6 17 2 12 6 19 1 12 6 21 0 12 7 0 23 12 7 1 21 12 7 2 19 12 7 3 18 12 7 4 16 12 7 5 15 12 7 6 14 12 7 7 12 12 7 8 11 12 7 9 10 12 7 10 9 12 7 11 8 12 7 12 7 12 7 14 6 12 7 15 5 12 7 16 4 12 7 18 3 12 7 19 2 12 7 21 1 12 7 23 0 12 8 0 24 12 8 1 22 12 8 2 20 12 8 3 19 12 8 4 17 12 8 5 16 12 8 6 15 12 8 7 13 12 8 8 12 12 8 9 11 12 8 11 9 12 8 12 8 12 8 13 7 12 8 15 6 12 8 16 5 12 8 17 4 12 8 19 3 12 8 20 2 12 8 22 1 12 8 24 0 12 9 0 25 12 9 1 23 12 9 2 21 12 9 3 20 12 9 4 18 12 9 5 17 12 9 6 16 12 9 7 14 12 9 8 13 12 9 9 12 12 9 10 10 12 9 12 9 12 9 13 8 12 9 14 7 12 9 16 6 12 9 17 5 12 9 18 4 12 9 20 3 12 9 21 2 12 9 23 1 12 9 25 0 12 10 0 27 12 10 1 25 12 10 2 23 12 10 3 22 12 10 4 20 12 10 5 19 12 10 6 18 12 10 7 16 12 10 8 15 12 10 9 14 12 10 10 12 12 10 11 11 12 10 12 10 12 10 14 9 12 10 15 8 12 10 16 7 12 10 18 6 12 10 19 5 12 10 20 4 12 10 22 3 12 10 23 2 12 10 25 1 12 10 27 0 12 11 0 28 12 11 1 26 12 11 2 24 12 11 3 23 12 11 4 21 12 11 5 20 12 11 6 19 12 11 7 17 12 11 8 16 12 11 9 15 12 11 10 13 12 11 11 12 12 11 12 11 12 11 13 10 12 11 15 9 12 11 16 8 12 11 17 7 12 11 19 6 12 11 20 5 12 11 21 4 12 11 23 3 12 11 24 2 12 11 26 1 12 11 28 0 12 12 0 29 12 12 1 27 12 12 2 25 12 12 3 24 12 12 4 22 12 12 5 21 12 12 6 20 12 12 7 18 12 12 8 17 12 12 9 16 12 12 10 14 12 12 11 13 12 12 12 12 12 12 13 11 12 12 14 10 12 12 16 9 12 12 17 8 12 12 18 7 12 12 20 6 12 12 21 5 12 12 22 4 12 12 24 3 12 12 25 2 12 12 27 1 12 12 29 0 12 13 0 30 12 13 1 28 12 13 2 26 12 13 3 25 12 13 4 23 12 13 5 22 12 13 6 21 12 13 7 19 12 13 8 18 12 13 9 17 12 13 10 15 12 13 11 14 12 13 12 13 12 13 13 12 12 13 14 11 12 13 15 10 12 13 17 9 12 13 18 8 12 13 19 7 12 13 21 6 12 13 22 5 12 13 23 4 12 13 25 3 12 13 26 2 12 13 28 1 12 13 30 0 12 14 0 31 12 14 1 29 12 14 2 27 12 14 3 26 12 14 4 24 12 14 5 23 12 14 6 22 12 14 7 20 12 14 8 19 12 14 9 18 12 14 10 16 12 14 11 15 12 14 12 14 12 14 13 13 12 14 14 12 12 14 15 11 12 14 16 10 12 14 18 9 12 14 19 8 12 14 20 7 12 14 22 6 12 14 23 5 12 14 24 4 12 14 26 3 12 14 27 2 12 14 29 1 12 14 31 0 12 15 0 32 12 15 1 30 12 15 2 28 12 15 3 27 12 15 4 25 12 15 5 24 12 15 6 23 12 15 7 21 12 15 8 20 12 15 9 19 12 15 10 17 12 15 11 16 12 15 12 15 12 15 13 14 12 15 14 13 12 15 15 12 12 15 16 11 12 15 17 10 12 15 19 9 12 15 20 8 12 15 21 7 12 15 23 6 12 15 24 5 12 15 25 4 12 15 27 3 12 15 28 2 12 15 30 1 12 15 32 0 12 16 0 33 12 16 1 31 12 16 2 29 12 16 3 28 12 16 4 26 12 16 5 25 12 16 6 24 12 16 7 22 12 16 8 21 12 16 9 20 12 16 10 18 12 16 11 17 12 16 12 16 12 16 13 15 12 16 14 14 12 16 15 13 12 16 16 12 12 16 17 11 12 16 18 10 12 16 20 9 12 16 21 8 12 16 22 7 12 16 24 6 12 16 25 5 12 16 26 4 12 16 28 3 12 16 29 2 12 16 31 1 12 16 33 0 12 17 1 32 12 17 2 30 12 17 3 29 12 17 4 27 12 17 5 26 12 17 6 25 12 17 7 23 12 17 8 22 12 17 9 21 12 17 10 19 12 17 11 18 12 17 12 17 12 17 13 16 12 17 14 15 12 17 15 14 12 17 16 13 12 17 17 12 12 17 18 11 12 17 19 10 12 17 21 9 12 17 22 8 12 17 23 7 12 17 25 6 12 17 26 5 12 17 27 4 12 17 29 3 12 17 30 2 12 17 32 1 12 18 1 33 12 18 2 31 12 18 3 30 12 18 4 28 12 18 5 27 12 18 6 26 12 18 7 24 12 18 8 23 12 18 9 22 12 18 10 20 12 18 11 19 12 18 12 18 12 18 13 17 12 18 14 16 12 18 15 15 12 18 16 14 12 18 17 13 12 18 18 12 12 18 19 11 12 18 20 10 12 18 22 9 12 18 23 8 12 18 24 7 12 18 26 6 12 18 27 5 12 18 28 4 12 18 30 3 12 18 31 2 12 18 33 1 12 19 1 34 12 19 2 32 12 19 3 31 12 19 4 29 12 19 5 28 12 19 6 27 12 19 7 25 12 19 8 24 12 19 9 23 12 19 10 21 12 19 11 20 12 19 12 19 12 19 13 18 12 19 14 17 12 19 15 16 12 19 16 15 12 19 17 14 12 19 18 13 12 19 19 12 12 19 20 11 12 19 21 10 12 19 23 9 12 19 24 8 12 19 25 7 12 19 27 6 12 19 28 5 12 19 29 4 12 19 31 3 12 19 32 2 12 19 34 1 12 20 1 35 12 20 2 33 12 20 3 32 12 20 4 30 12 20 5 29 12 20 6 28 12 20 7 26 12 20 8 25 12 20 9 24 12 20 10 22 12 20 11 21 12 20 12 20 12 20 13 19 12 20 14 18 12 20 15 17 12 20 16 16 12 20 17 15 12 20 18 14 12 20 19 13 12 20 20 12 12 20 21 11 12 20 22 10 12 20 24 9 12 20 25 8 12 20 26 7 12 20 28 6 12 20 29 5 12 20 30 4 12 20 32 3 12 20 33 2 12 20 35 1 12 21 1 36 12 21 2 34 12 21 3 33 12 21 4 31 12 21 5 30 12 21 6 29 12 21 7 27 12 21 8 26 12 21 9 25 12 21 10 23 12 21 11 22 12 21 12 21 12 21 13 20 12 21 14 19 12 21 15 18 12 21 16 17 12 21 17 16 12 21 18 15 12 21 19 14 12 21 20 13 12 21 21 12 12 21 22 11 12 21 23 10 12 21 25 9 12 21 26 8 12 21 27 7 12 21 29 6 12 21 30 5 12 21 31 4 12 21 33 3 12 21 34 2 12 21 36 1 12 22 1 37 12 22 2 35 12 22 3 34 12 22 4 32 12 22 5 31 12 22 6 30 12 22 7 28 12 22 8 27 12 22 9 26 12 22 10 24 12 22 11 23 12 22 12 22 12 22 13 21 12 22 14 20 12 22 15 19 12 22 16 18 12 22 17 17 12 22 18 16 12 22 19 15 12 22 20 14 12 22 21 13 12 22 22 12 12 22 23 11 12 22 24 10 12 22 26 9 12 22 27 8 12 22 28 7 12 22 30 6 12 22 31 5 12 22 32 4 12 22 34 3 12 22 35 2 12 22 37 1 12 23 1 38 12 23 2 36 12 23 3 35 12 23 4 33 12 23 5 32 12 23 6 31 12 23 7 29 12 23 8 28 12 23 9 27 12 23 10 25 12 23 11 24 12 23 12 23 12 23 13 22 12 23 14 21 12 23 15 20 12 23 16 19 12 23 17 18 12 23 18 17 12 23 19 16 12 23 20 15 12 23 21 14 12 23 22 13 12 23 23 12 12 23 24 11 12 23 25 10 12 23 27 9 12 23 28 8 12 23 29 7 12 23 31 6 12 23 32 5 12 23 33 4 12 23 35 3 12 23 36 2 12 23 38 1 12 24 1 39 12 24 2 37 12 24 3 36 12 24 4 34 12 24 5 33 12 24 6 32 12 24 7 30 12 24 8 29 12 24 9 28 12 24 10 26 12 24 11 25 12 24 12 24 12 24 13 23 12 24 14 22 12 24 15 21 12 24 16 20 12 24 17 19 12 24 18 18 12 24 19 17 12 24 20 16 12 24 21 15 12 24 22 14 12 24 23 13 12 24 24 12 12 24 25 11 12 24 26 10 12 24 28 9 12 24 29 8 12 24 30 7 12 24 32 6 12 24 33 5 12 24 34 4 12 24 36 3 12 24 37 2 12 24 39 1 12 25 2 38 12 25 3 37 12 25 4 35 12 25 5 34 12 25 6 33 12 25 7 31 12 25 8 30 12 25 9 29 12 25 10 27 12 25 11 26 12 25 12 25 12 25 13 24 12 25 14 23 12 25 15 22 12 25 16 21 12 25 17 20 12 25 18 19 12 25 19 18 12 25 20 17 12 25 21 16 12 25 22 15 12 25 23 14 12 25 24 13 12 25 25 12 12 25 26 11 12 25 27 10 12 25 29 9 12 25 30 8 12 25 31 7 12 25 33 6 12 25 34 5 12 25 35 4 12 25 37 3 12 25 38 2 12 26 2 39 12 26 3 38 12 26 4 36 12 26 5 35 12 26 6 34 12 26 7 32 12 26 8 31 12 26 9 30 12 26 10 28 12 26 11 27 12 26 12 26 12 26 13 25 12 26 14 24 12 26 15 23 12 26 16 22 12 26 17 21 12 26 18 20 12 26 19 19 12 26 20 18 12 26 21 17 12 26 22 16 12 26 23 15 12 26 24 14 12 26 25 13 12 26 26 12 12 26 27 11 12 26 28 10 12 26 30 9 12 26 31 8 12 26 32 7 12 26 34 6 12 26 35 5 12 26 36 4 12 26 38 3 12 26 39 2 12 27 2 40 12 27 3 39 12 27 4 37 12 27 5 36 12 27 6 35 12 27 7 33 12 27 8 32 12 27 9 31 12 27 10 29 12 27 11 28 12 27 12 27 12 27 13 26 12 27 14 25 12 27 15 24 12 27 16 23 12 27 17 22 12 27 18 21 12 27 19 20 12 27 20 19 12 27 21 18 12 27 22 17 12 27 23 16 12 27 24 15 12 27 25 14 12 27 26 13 12 27 27 12 12 27 28 11 12 27 29 10 12 27 31 9 12 27 32 8 12 27 33 7 12 27 35 6 12 27 36 5 12 27 37 4 12 27 39 3 12 27 40 2 12 28 2 41 12 28 3 40 12 28 4 38 12 28 5 37 12 28 6 36 12 28 7 34 12 28 8 33 12 28 9 32 12 28 10 30 12 28 11 29 12 28 12 28 12 28 13 27 12 28 14 26 12 28 15 25 12 28 16 24 12 28 17 23 12 28 18 22 12 28 19 21 12 28 20 20 12 28 21 19 12 28 22 18 12 28 23 17 12 28 24 16 12 28 25 15 12 28 26 14 12 28 27 13 12 28 28 12 12 28 29 11 12 28 30 10 12 28 32 9 12 28 33 8 12 28 34 7 12 28 36 6 12 28 37 5 12 28 38 4 12 28 40 3 12 28 41 2 12 29 3 41 12 29 4 39 12 29 5 38 12 29 6 37 12 29 7 35 12 29 8 34 12 29 9 33 12 29 10 31 12 29 11 30 12 29 12 29 12 29 13 28 12 29 14 27 12 29 15 26 12 29 16 25 12 29 17 24 12 29 18 23 12 29 19 22 12 29 20 21 12 29 21 20 12 29 22 19 12 29 23 18 12 29 24 17 12 29 25 16 12 29 26 15 12 29 27 14 12 29 28 13 12 29 29 12 12 29 30 11 12 29 31 10 12 29 33 9 12 29 34 8 12 29 35 7 12 29 37 6 12 29 38 5 12 29 39 4 12 29 41 3 12 30 3 42 12 30 4 40 12 30 5 39 12 30 6 38 12 30 7 36 12 30 8 35 12 30 9 34 12 30 10 32 12 30 11 31 12 30 12 30 12 30 13 29 12 30 14 28 12 30 15 27 12 30 16 26 12 30 17 25 12 30 18 24 12 30 19 23 12 30 20 22 12 30 21 21 12 30 22 20 12 30 23 19 12 30 24 18 12 30 25 17 12 30 26 16 12 30 27 15 12 30 28 14 12 30 29 13 12 30 30 12 12 30 31 11 12 30 32 10 12 30 34 9 12 30 35 8 12 30 36 7 12 30 38 6 12 30 39 5 12 30 40 4 12 30 42 3 12 31 4 41 12 31 5 40 12 31 6 39 12 31 7 37 12 31 8 36 12 31 9 35 12 31 10 33 12 31 11 32 12 31 12 31 12 31 13 30 12 31 14 29 12 31 15 28 12 31 16 27 12 31 17 26 12 31 18 25 12 31 19 24 12 31 20 23 12 31 21 22 12 31 22 21 12 31 23 20 12 31 24 19 12 31 25 18 12 31 26 17 12 31 27 16 12 31 28 15 12 31 29 14 12 31 30 13 12 31 31 12 12 31 32 11 12 31 33 10 12 31 35 9 12 31 36 8 12 31 37 7 12 31 39 6 12 31 40 5 12 31 41 4 12 32 4 42 12 32 5 41 12 32 6 40 12 32 7 38 12 32 8 37 12 32 9 36 12 32 10 34 12 32 11 33 12 32 12 32 12 32 13 31 12 32 14 30 12 32 15 29 12 32 16 28 12 32 17 27 12 32 18 26 12 32 19 25 12 32 20 24 12 32 21 23 12 32 22 22 12 32 23 21 12 32 24 20 12 32 25 19 12 32 26 18 12 32 27 17 12 32 28 16 12 32 29 15 12 32 30 14 12 32 31 13 12 32 32 12 12 32 33 11 12 32 34 10 12 32 36 9 12 32 37 8 12 32 38 7 12 32 40 6 12 32 41 5 12 32 42 4 12 33 5 42 12 33 6 41 12 33 7 39 12 33 8 38 12 33 9 37 12 33 10 35 12 33 11 34 12 33 12 33 12 33 13 32 12 33 14 31 12 33 15 30 12 33 16 29 12 33 17 28 12 33 18 27 12 33 19 26 12 33 20 25 12 33 21 24 12 33 22 23 12 33 23 22 12 33 24 21 12 33 25 20 12 33 26 19 12 33 27 18 12 33 28 17 12 33 29 16 12 33 30 15 12 33 31 14 12 33 32 13 12 33 33 12 12 33 34 11 12 33 35 10 12 33 37 9 12 33 38 8 12 33 39 7 12 33 41 6 12 33 42 5 12 34 6 42 12 34 7 40 12 34 8 39 12 34 9 38 12 34 10 36 12 34 11 35 12 34 12 34 12 34 13 33 12 34 14 32 12 34 15 31 12 34 16 30 12 34 17 29 12 34 18 28 12 34 19 27 12 34 20 26 12 34 21 25 12 34 22 24 12 34 23 23 12 34 24 22 12 34 25 21 12 34 26 20 12 34 27 19 12 34 28 18 12 34 29 17 12 34 30 16 12 34 31 15 12 34 32 14 12 34 33 13 12 34 34 12 12 34 35 11 12 34 36 10 12 34 38 9 12 34 39 8 12 34 40 7 12 34 42 6 12 35 7 41 12 35 8 40 12 35 9 39 12 35 10 37 12 35 11 36 12 35 12 35 12 35 13 34 12 35 14 33 12 35 15 32 12 35 16 31 12 35 17 30 12 35 18 29 12 35 19 28 12 35 20 27 12 35 21 26 12 35 22 25 12 35 23 24 12 35 24 23 12 35 25 22 12 35 26 21 12 35 27 20 12 35 28 19 12 35 29 18 12 35 30 17 12 35 31 16 12 35 32 15 12 35 33 14 12 35 34 13 12 35 35 12 12 35 36 11 12 35 37 10 12 35 39 9 12 35 40 8 12 35 41 7 12 36 7 42 12 36 8 41 12 36 9 40 12 36 10 38 12 36 11 37 12 36 12 36 12 36 13 35 12 36 14 34 12 36 15 33 12 36 16 32 12 36 17 31 12 36 18 30 12 36 19 29 12 36 20 28 12 36 21 27 12 36 22 26 12 36 23 25 12 36 24 24 12 36 25 23 12 36 26 22 12 36 27 21 12 36 28 20 12 36 29 19 12 36 30 18 12 36 31 17 12 36 32 16 12 36 33 15 12 36 34 14 12 36 35 13 12 36 36 12 12 36 37 11 12 36 38 10 12 36 40 9 12 36 41 8 12 36 42 7 12 37 8 42 12 37 9 41 12 37 10 39 12 37 11 38 12 37 12 37 12 37 13 36 12 37 14 35 12 37 15 34 12 37 16 33 12 37 17 32 12 37 18 31 12 37 19 30 12 37 20 29 12 37 21 28 12 37 22 27 12 37 23 26 12 37 24 25 12 37 25 24 12 37 26 23 12 37 27 22 12 37 28 21 12 37 29 20 12 37 30 19 12 37 31 18 12 37 32 17 12 37 33 16 12 37 34 15 12 37 35 14 12 37 36 13 12 37 37 12 12 37 38 11 12 37 39 10 12 37 41 9 12 37 42 8 12 38 9 42 12 38 10 40 12 38 11 39 12 38 12 38 12 38 13 37 12 38 14 36 12 38 15 35 12 38 16 34 12 38 17 33 12 38 18 32 12 38 19 31 12 38 20 30 12 38 21 29 12 38 22 28 12 38 23 27 12 38 24 26 12 38 25 25 12 38 26 24 12 38 27 23 12 38 28 22 12 38 29 21 12 38 30 20 12 38 31 19 12 38 32 18 12 38 33 17 12 38 34 16 12 38 35 15 12 38 36 14 12 38 37 13 12 38 38 12 12 38 39 11 12 38 40 10 12 38 42 9 12 39 10 41 12 39 11 40 12 39 12 39 12 39 13 38 12 39 14 37 12 39 15 36 12 39 16 35 12 39 17 34 12 39 18 33 12 39 19 32 12 39 20 31 12 39 21 30 12 39 22 29 12 39 23 28 12 39 24 27 12 39 25 26 12 39 26 25 12 39 27 24 12 39 28 23 12 39 29 22 12 39 30 21 12 39 31 20 12 39 32 19 12 39 33 18 12 39 34 17 12 39 35 16 12 39 36 15 12 39 37 14 12 39 38 13 12 39 39 12 12 39 40 11 12 39 41 10 12 40 10 42 12 40 11 41 12 40 12 40 12 40 13 39 12 40 14 38 12 40 15 37 12 40 16 36 12 40 17 35 12 40 18 34 12 40 19 33 12 40 20 32 12 40 21 31 12 40 22 30 12 40 23 29 12 40 24 28 12 40 25 27 12 40 26 26 12 40 27 25 12 40 28 24 12 40 29 23 12 40 30 22 12 40 31 21 12 40 32 20 12 40 33 19 12 40 34 18 12 40 35 17 12 40 36 16 12 40 37 15 12 40 38 14 12 40 39 13 12 40 40 12 12 40 41 11 12 40 42 10 12 41 11 42 12 41 12 41 12 41 13 40 12 41 14 39 12 41 15 38 12 41 16 37 12 41 17 36 12 41 18 35 12 41 19 34 12 41 20 33 12 41 21 32 12 41 22 31 12 41 23 30 12 41 24 29 12 41 25 28 12 41 26 27 12 41 27 26 12 41 28 25 12 41 29 24 12 41 30 23 12 41 31 22 12 41 32 21 12 41 33 20 12 41 34 19 12 41 35 18 12 41 36 17 12 41 37 16 12 41 38 15 12 41 39 14 12 41 40 13 12 41 41 12 12 41 42 11 12 42 12 42 12 42 13 41 12 42 14 40 12 42 15 39 12 42 16 38 12 42 17 37 12 42 18 36 12 42 19 35 12 42 20 34 12 42 21 33 12 42 22 32 12 42 23 31 12 42 24 30 12 42 25 29 12 42 26 28 12 42 27 27 12 42 28 26 12 42 29 25 12 42 30 24 12 42 31 23 12 42 32 22 12 42 33 21 12 42 34 20 12 42 35 19 12 42 36 18 12 42 37 17 12 42 38 16 12 42 39 15 12 42 40 14 12 42 41 13 12 42 42 12 






























