






























31 0 0 31 31 0 1 29 31 0 2 27 31 0 3 26 31 0 4 24 31 0 5 22 31 0 6 20 31 0 7 19 31 0 8 18 31 0 9 16 31 0 10 15 31 0 12 13 31 0 13 12 31 0 15 10 31 0 16 9 31 0 18 8 31 0 19 7 31 0 20 6 31 0 22 5 31 0 24 4 31 0 26 3 31 0 27 2 31 0 29 1 31 0 31 0 31 1 0 33 31 1 1 31 31 1 2 29 31 1 3 28 31 1 4 26 31 1 5 24 31 1 6 22 31 1 7 21 31 1 8 20 31 1 9 18 31 1 10 17 31 1 11 16 31 1 12 15 31 1 13 14 31 1 14 13 31 1 15 12 31 1 16 11 31 1 17 10 31 1 18 9 31 1 20 8 31 1 21 7 31 1 22 6 31 1 24 5 31 1 26 4 31 1 28 3 31 1 29 2 31 1 31 1 31 1 33 0 31 2 0 35 31 2 1 33 31 2 2 31 31 2 3 30 31 2 4 28 31 2 5 26 31 2 6 24 31 2 7 23 31 2 8 22 31 2 9 20 31 2 10 19 31 2 11 18 31 2 12 17 31 2 13 16 31 2 14 15 31 2 15 14 31 2 16 13 31 2 17 12 31 2 18 11 31 2 19 10 31 2 20 9 31 2 22 8 31 2 23 7 31 2 24 6 31 2 26 5 31 2 28 4 31 2 30 3 31 2 31 2 31 2 33 1 31 2 35 0 31 3 0 36 31 3 1 34 31 3 2 32 31 3 3 31 31 3 4 29 31 3 5 27 31 3 6 25 31 3 7 24 31 3 8 23 31 3 9 21 31 3 10 20 31 3 11 19 31 3 12 18 31 3 13 17 31 3 14 16 31 3 15 15 31 3 16 14 31 3 17 13 31 3 18 12 31 3 19 11 31 3 20 10 31 3 21 9 31 3 23 8 31 3 24 7 31 3 25 6 31 3 27 5 31 3 29 4 31 3 31 3 31 3 32 2 31 3 34 1 31 3 36 0 31 4 0 38 31 4 1 36 31 4 2 34 31 4 3 33 31 4 4 31 31 4 5 29 31 4 6 27 31 4 7 26 31 4 8 25 31 4 9 23 31 4 10 22 31 4 11 21 31 4 12 20 31 4 13 19 31 4 14 18 31 4 15 17 31 4 16 16 31 4 17 15 31 4 18 14 31 4 19 13 31 4 20 12 31 4 21 11 31 4 22 10 31 4 23 9 31 4 25 8 31 4 26 7 31 4 27 6 31 4 29 5 31 4 31 4 31 4 33 3 31 4 34 2 31 4 36 1 31 4 38 0 31 5 0 40 31 5 1 38 31 5 2 36 31 5 3 35 31 5 4 33 31 5 5 31 31 5 6 29 31 5 7 28 31 5 8 27 31 5 9 25 31 5 10 24 31 5 11 23 31 5 12 22 31 5 13 21 31 5 14 20 31 5 15 19 31 5 16 18 31 5 17 17 31 5 18 16 31 5 19 15 31 5 20 14 31 5 21 13 31 5 22 12 31 5 23 11 31 5 24 10 31 5 25 9 31 5 27 8 31 5 28 7 31 5 29 6 31 5 31 5 31 5 33 4 31 5 35 3 31 5 36 2 31 5 38 1 31 5 40 0 31 6 1 40 31 6 2 38 31 6 3 37 31 6 4 35 31 6 5 33 31 6 6 31 31 6 7 30 31 6 8 29 31 6 9 27 31 6 10 26 31 6 11 25 31 6 12 24 31 6 13 23 31 6 14 22 31 6 15 21 31 6 16 20 31 6 17 19 31 6 18 18 31 6 19 17 31 6 20 16 31 6 21 15 31 6 22 14 31 6 23 13 31 6 24 12 31 6 25 11 31 6 26 10 31 6 27 9 31 6 29 8 31 6 30 7 31 6 31 6 31 6 33 5 31 6 35 4 31 6 37 3 31 6 38 2 31 6 40 1 31 7 1 41 31 7 2 39 31 7 3 38 31 7 4 36 31 7 5 34 31 7 6 32 31 7 7 31 31 7 8 30 31 7 9 28 31 7 10 27 31 7 11 26 31 7 12 25 31 7 13 24 31 7 14 23 31 7 15 22 31 7 16 21 31 7 17 20 31 7 18 19 31 7 19 18 31 7 20 17 31 7 21 16 31 7 22 15 31 7 23 14 31 7 24 13 31 7 25 12 31 7 26 11 31 7 27 10 31 7 28 9 31 7 30 8 31 7 31 7 31 7 32 6 31 7 34 5 31 7 36 4 31 7 38 3 31 7 39 2 31 7 41 1 31 8 1 42 31 8 2 40 31 8 3 39 31 8 4 37 31 8 5 35 31 8 6 33 31 8 7 32 31 8 8 31 31 8 9 29 31 8 10 28 31 8 11 27 31 8 12 26 31 8 13 25 31 8 14 24 31 8 15 23 31 8 16 22 31 8 17 21 31 8 18 20 31 8 19 19 31 8 20 18 31 8 21 17 31 8 22 16 31 8 23 15 31 8 24 14 31 8 25 13 31 8 26 12 31 8 27 11 31 8 28 10 31 8 29 9 31 8 31 8 31 8 32 7 31 8 33 6 31 8 35 5 31 8 37 4 31 8 39 3 31 8 40 2 31 8 42 1 31 9 1 44 31 9 2 42 31 9 3 41 31 9 4 39 31 9 5 37 31 9 6 35 31 9 7 34 31 9 8 33 31 9 9 31 31 9 10 30 31 9 11 29 31 9 12 28 31 9 13 27 31 9 14 26 31 9 15 25 31 9 16 24 31 9 17 23 31 9 18 22 31 9 19 21 31 9 20 20 31 9 21 19 31 9 22 18 31 9 23 17 31 9 24 16 31 9 25 15 31 9 26 14 31 9 27 13 31 9 28 12 31 9 29 11 31 9 30 10 31 9 31 9 31 9 33 8 31 9 34 7 31 9 35 6 31 9 37 5 31 9 39 4 31 9 41 3 31 9 42 2 31 9 44 1 31 10 1 45 31 10 2 43 31 10 3 42 31 10 4 40 31 10 5 38 31 10 6 36 31 10 7 35 31 10 8 34 31 10 9 32 31 10 10 31 31 10 11 30 31 10 12 29 31 10 13 28 31 10 14 27 31 10 15 26 31 10 16 25 31 10 17 24 31 10 18 23 31 10 19 22 31 10 20 21 31 10 21 20 31 10 22 19 31 10 23 18 31 10 24 17 31 10 25 16 31 10 26 15 31 10 27 14 31 10 28 13 31 10 29 12 31 10 30 11 31 10 31 10 31 10 32 9 31 10 34 8 31 10 35 7 31 10 36 6 31 10 38 5 31 10 40 4 31 10 42 3 31 10 43 2 31 10 45 1 31 11 2 44 31 11 3 43 31 11 4 41 31 11 5 39 31 11 6 37 31 11 7 36 31 11 8 35 31 11 9 33 31 11 10 32 31 11 11 31 31 11 12 30 31 11 13 29 31 11 14 28 31 11 15 27 31 11 16 26 31 11 17 25 31 11 18 24 31 11 19 23 31 11 20 22 31 11 21 21 31 11 22 20 31 11 23 19 31 11 24 18 31 11 25 17 31 11 26 16 31 11 27 15 31 11 28 14 31 11 29 13 31 11 30 12 31 11 31 11 31 11 32 10 31 11 33 9 31 11 35 8 31 11 36 7 31 11 37 6 31 11 39 5 31 11 41 4 31 11 43 3 31 11 44 2 31 12 2 45 31 12 3 44 31 12 4 42 31 12 5 40 31 12 6 38 31 12 7 37 31 12 8 36 31 12 9 34 31 12 10 33 31 12 11 32 31 12 12 31 31 12 13 30 31 12 14 29 31 12 15 28 31 12 16 27 31 12 17 26 31 12 18 25 31 12 19 24 31 12 20 23 31 12 21 22 31 12 22 21 31 12 23 20 31 12 24 19 31 12 25 18 31 12 26 17 31 12 27 16 31 12 28 15 31 12 29 14 31 12 30 13 31 12 31 12 31 12 32 11 31 12 33 10 31 12 34 9 31 12 36 8 31 12 37 7 31 12 38 6 31 12 40 5 31 12 42 4 31 12 44 3 31 12 45 2 31 13 2 46 31 13 3 45 31 13 4 43 31 13 5 41 31 13 6 39 31 13 7 38 31 13 8 37 31 13 9 35 31 13 10 34 31 13 11 33 31 13 12 32 31 13 13 31 31 13 14 30 31 13 15 29 31 13 16 28 31 13 17 27 31 13 18 26 31 13 19 25 31 13 20 24 31 13 21 23 31 13 22 22 31 13 23 21 31 13 24 20 31 13 25 19 31 13 26 18 31 13 27 17 31 13 28 16 31 13 29 15 31 13 30 14 31 13 31 13 31 13 32 12 31 13 33 11 31 13 34 10 31 13 35 9 31 13 37 8 31 13 38 7 31 13 39 6 31 13 41 5 31 13 43 4 31 13 45 3 31 13 46 2 31 14 2 47 31 14 3 46 31 14 4 44 31 14 5 42 31 14 6 40 31 14 7 39 31 14 8 38 31 14 9 36 31 14 10 35 31 14 11 34 31 14 12 33 31 14 13 32 31 14 14 31 31 14 15 30 31 14 16 29 31 14 17 28 31 14 18 27 31 14 19 26 31 14 20 25 31 14 21 24 31 14 22 23 31 14 23 22 31 14 24 21 31 14 25 20 31 14 26 19 31 14 27 18 31 14 28 17 31 14 29 16 31 14 30 15 31 14 31 14 31 14 32 13 31 14 33 12 31 14 34 11 31 14 35 10 31 14 36 9 31 14 38 8 31 14 39 7 31 14 40 6 31 14 42 5 31 14 44 4 31 14 46 3 31 14 47 2 31 15 3 47 31 15 4 45 31 15 5 43 31 15 6 41 31 15 7 40 31 15 8 39 31 15 9 37 31 15 10 36 31 15 11 35 31 15 12 34 31 15 13 33 31 15 14 32 31 15 15 31 31 15 16 30 31 15 17 29 31 15 18 28 31 15 19 27 31 15 20 26 31 15 21 25 31 15 22 24 31 15 23 23 31 15 24 22 31 15 25 21 31 15 26 20 31 15 27 19 31 15 28 18 31 15 29 17 31 15 30 16 31 15 31 15 31 15 32 14 31 15 33 13 31 15 34 12 31 15 35 11 31 15 36 10 31 15 37 9 31 15 39 8 31 15 40 7 31 15 41 6 31 15 43 5 31 15 45 4 31 15 47 3 31 16 3 48 31 16 4 46 31 16 5 44 31 16 6 42 31 16 7 41 31 16 8 40 31 16 9 38 31 16 10 37 31 16 11 36 31 16 12 35 31 16 13 34 31 16 14 33 31 16 15 32 31 16 16 31 31 16 17 30 31 16 18 29 31 16 19 28 31 16 20 27 31 16 21 26 31 16 22 25 31 16 23 24 31 16 24 23 31 16 25 22 31 16 26 21 31 16 27 20 31 16 28 19 31 16 29 18 31 16 30 17 31 16 31 16 31 16 32 15 31 16 33 14 31 16 34 13 31 16 35 12 31 16 36 11 31 16 37 10 31 16 38 9 31 16 40 8 31 16 41 7 31 16 42 6 31 16 44 5 31 16 46 4 31 16 48 3 31 17 3 49 31 17 4 47 31 17 5 45 31 17 6 43 31 17 7 42 31 17 8 41 31 17 9 39 31 17 10 38 31 17 11 37 31 17 12 36 31 17 13 35 31 17 14 34 31 17 15 33 31 17 16 32 31 17 17 31 31 17 18 30 31 17 19 29 31 17 20 28 31 17 21 27 31 17 22 26 31 17 23 25 31 17 24 24 31 17 25 23 31 17 26 22 31 17 27 21 31 17 28 20 31 17 29 19 31 17 30 18 31 17 31 17 31 17 32 16 31 17 33 15 31 17 34 14 31 17 35 13 31 17 36 12 31 17 37 11 31 17 38 10 31 17 39 9 31 17 41 8 31 17 42 7 31 17 43 6 31 17 45 5 31 17 47 4 31 17 49 3 31 18 4 48 31 18 5 46 31 18 6 44 31 18 7 43 31 18 8 42 31 18 9 40 31 18 10 39 31 18 11 38 31 18 12 37 31 18 13 36 31 18 14 35 31 18 15 34 31 18 16 33 31 18 17 32 31 18 18 31 31 18 19 30 31 18 20 29 31 18 21 28 31 18 22 27 31 18 23 26 31 18 24 25 31 18 25 24 31 18 26 23 31 18 27 22 31 18 28 21 31 18 29 20 31 18 30 19 31 18 31 18 31 18 32 17 31 18 33 16 31 18 34 15 31 18 35 14 31 18 36 13 31 18 37 12 31 18 38 11 31 18 39 10 31 18 40 9 31 18 42 8 31 18 43 7 31 18 44 6 31 18 46 5 31 18 48 4 31 19 4 49 31 19 5 47 31 19 6 45 31 19 7 44 31 19 8 43 31 19 9 41 31 19 10 40 31 19 11 39 31 19 12 38 31 19 13 37 31 19 14 36 31 19 15 35 31 19 16 34 31 19 17 33 31 19 18 32 31 19 19 31 31 19 20 30 31 19 21 29 31 19 22 28 31 19 23 27 31 19 24 26 31 19 25 25 31 19 26 24 31 19 27 23 31 19 28 22 31 19 29 21 31 19 30 20 31 19 31 19 31 19 32 18 31 19 33 17 31 19 34 16 31 19 35 15 31 19 36 14 31 19 37 13 31 19 38 12 31 19 39 11 31 19 40 10 31 19 41 9 31 19 43 8 31 19 44 7 31 19 45 6 31 19 47 5 31 19 49 4 31 20 4 50 31 20 5 48 31 20 6 46 31 20 7 45 31 20 8 44 31 20 9 42 31 20 10 41 31 20 11 40 31 20 12 39 31 20 13 38 31 20 14 37 31 20 15 36 31 20 16 35 31 20 17 34 31 20 18 33 31 20 19 32 31 20 20 31 31 20 21 30 31 20 22 29 31 20 23 28 31 20 24 27 31 20 25 26 31 20 26 25 31 20 27 24 31 20 28 23 31 20 29 22 31 20 30 21 31 20 31 20 31 20 32 19 31 20 33 18 31 20 34 17 31 20 35 16 31 20 36 15 31 20 37 14 31 20 38 13 31 20 39 12 31 20 40 11 31 20 41 10 31 20 42 9 31 20 44 8 31 20 45 7 31 20 46 6 31 20 48 5 31 20 50 4 31 21 5 49 31 21 6 47 31 21 7 46 31 21 8 45 31 21 9 43 31 21 10 42 31 21 11 41 31 21 12 40 31 21 13 39 31 21 14 38 31 21 15 37 31 21 16 36 31 21 17 35 31 21 18 34 31 21 19 33 31 21 20 32 31 21 21 31 31 21 22 30 31 21 23 29 31 21 24 28 31 21 25 27 31 21 26 26 31 21 27 25 31 21 28 24 31 21 29 23 31 21 30 22 31 21 31 21 31 21 32 20 31 21 33 19 31 21 34 18 31 21 35 17 31 21 36 16 31 21 37 15 31 21 38 14 31 21 39 13 31 21 40 12 31 21 41 11 31 21 42 10 31 21 43 9 31 21 45 8 31 21 46 7 31 21 47 6 31 21 49 5 31 22 5 50 31 22 6 48 31 22 7 47 31 22 8 46 31 22 9 44 31 22 10 43 31 22 11 42 31 22 12 41 31 22 13 40 31 22 14 39 31 22 15 38 31 22 16 37 31 22 17 36 31 22 18 35 31 22 19 34 31 22 20 33 31 22 21 32 31 22 22 31 31 22 23 30 31 22 24 29 31 22 25 28 31 22 26 27 31 22 27 26 31 22 28 25 31 22 29 24 31 22 30 23 31 22 31 22 31 22 32 21 31 22 33 20 31 22 34 19 31 22 35 18 31 22 36 17 31 22 37 16 31 22 38 15 31 22 39 14 31 22 40 13 31 22 41 12 31 22 42 11 31 22 43 10 31 22 44 9 31 22 46 8 31 22 47 7 31 22 48 6 31 22 50 5 31 23 5 51 31 23 6 49 31 23 7 48 31 23 8 47 31 23 9 45 31 23 10 44 31 23 11 43 31 23 12 42 31 23 13 41 31 23 14 40 31 23 15 39 31 23 16 38 31 23 17 37 31 23 18 36 31 23 19 35 31 23 20 34 31 23 21 33 31 23 22 32 31 23 23 31 31 23 24 30 31 23 25 29 31 23 26 28 31 23 27 27 31 23 28 26 31 23 29 25 31 23 30 24 31 23 31 23 31 23 32 22 31 23 33 21 31 23 34 20 31 23 35 19 31 23 36 18 31 23 37 17 31 23 38 16 31 23 39 15 31 23 40 14 31 23 41 13 31 23 42 12 31 23 43 11 31 23 44 10 31 23 45 9 31 23 47 8 31 23 48 7 31 23 49 6 31 23 51 5 31 24 6 50 31 24 7 49 31 24 8 48 31 24 9 46 31 24 10 45 31 24 11 44 31 24 12 43 31 24 13 42 31 24 14 41 31 24 15 40 31 24 16 39 31 24 17 38 31 24 18 37 31 24 19 36 31 24 20 35 31 24 21 34 31 24 22 33 31 24 23 32 31 24 24 31 31 24 25 30 31 24 26 29 31 24 27 28 31 24 28 27 31 24 29 26 31 24 30 25 31 24 31 24 31 24 32 23 31 24 33 22 31 24 34 21 31 24 35 20 31 24 36 19 31 24 37 18 31 24 38 17 31 24 39 16 31 24 40 15 31 24 41 14 31 24 42 13 31 24 43 12 31 24 44 11 31 24 45 10 31 24 46 9 31 24 48 8 31 24 49 7 31 24 50 6 31 25 6 51 31 25 7 50 31 25 8 49 31 25 9 47 31 25 10 46 31 25 11 45 31 25 12 44 31 25 13 43 31 25 14 42 31 25 15 41 31 25 16 40 31 25 17 39 31 25 18 38 31 25 19 37 31 25 20 36 31 25 21 35 31 25 22 34 31 25 23 33 31 25 24 32 31 25 25 31 31 25 26 30 31 25 27 29 31 25 28 28 31 25 29 27 31 25 30 26 31 25 31 25 31 25 32 24 31 25 33 23 31 25 34 22 31 25 35 21 31 25 36 20 31 25 37 19 31 25 38 18 31 25 39 17 31 25 40 16 31 25 41 15 31 25 42 14 31 25 43 13 31 25 44 12 31 25 45 11 31 25 46 10 31 25 47 9 31 25 49 8 31 25 50 7 31 25 51 6 31 26 7 51 31 26 8 50 31 26 9 48 31 26 10 47 31 26 11 46 31 26 12 45 31 26 13 44 31 26 14 43 31 26 15 42 31 26 16 41 31 26 17 40 31 26 18 39 31 26 19 38 31 26 20 37 31 26 21 36 31 26 22 35 31 26 23 34 31 26 24 33 31 26 25 32 31 26 26 31 31 26 27 30 31 26 28 29 31 26 29 28 31 26 30 27 31 26 31 26 31 26 32 25 31 26 33 24 31 26 34 23 31 26 35 22 31 26 36 21 31 26 37 20 31 26 38 19 31 26 39 18 31 26 40 17 31 26 41 16 31 26 42 15 31 26 43 14 31 26 44 13 31 26 45 12 31 26 46 11 31 26 47 10 31 26 48 9 31 26 50 8 31 26 51 7 31 27 8 51 31 27 9 49 31 27 10 48 31 27 11 47 31 27 12 46 31 27 13 45 31 27 14 44 31 27 15 43 31 27 16 42 31 27 17 41 31 27 18 40 31 27 19 39 31 27 20 38 31 27 21 37 31 27 22 36 31 27 23 35 31 27 24 34 31 27 25 33 31 27 26 32 31 27 27 31 31 27 28 30 31 27 29 29 31 27 30 28 31 27 31 27 31 27 32 26 31 27 33 25 31 27 34 24 31 27 35 23 31 27 36 22 31 27 37 21 31 27 38 20 31 27 39 19 31 27 40 18 31 27 41 17 31 27 42 16 31 27 43 15 31 27 44 14 31 27 45 13 31 27 46 12 31 27 47 11 31 27 48 10 31 27 49 9 31 27 51 8 31 28 9 50 31 28 10 49 31 28 11 48 31 28 12 47 31 28 13 46 31 28 14 45 31 28 15 44 31 28 16 43 31 28 17 42 31 28 18 41 31 28 19 40 31 28 20 39 31 28 21 38 31 28 22 37 31 28 23 36 31 28 24 35 31 28 25 34 31 28 26 33 31 28 27 32 31 28 28 31 31 28 29 30 31 28 30 29 31 28 31 28 31 28 32 27 31 28 33 26 31 28 34 25 31 28 35 24 31 28 36 23 31 28 37 22 31 28 38 21 31 28 39 20 31 28 40 19 31 28 41 18 31 28 42 17 31 28 43 16 31 28 44 15 31 28 45 14 31 28 46 13 31 28 47 12 31 28 48 11 31 28 49 10 31 28 50 9 31 29 9 51 31 29 10 50 31 29 11 49 31 29 12 48 31 29 13 47 31 29 14 46 31 29 15 45 31 29 16 44 31 29 17 43 31 29 18 42 31 29 19 41 31 29 20 40 31 29 21 39 31 29 22 38 31 29 23 37 31 29 24 36 31 29 25 35 31 29 26 34 31 29 27 33 31 29 28 32 31 29 29 31 31 29 30 30 31 29 31 29 31 29 32 28 31 29 33 27 31 29 34 26 31 29 35 25 31 29 36 24 31 29 37 23 31 29 38 22 31 29 39 21 31 29 40 20 31 29 41 19 31 29 42 18 31 29 43 17 31 29 44 16 31 29 45 15 31 29 46 14 31 29 47 13 31 29 48 12 31 29 49 11 31 29 50 10 31 29 51 9 31 30 10 51 31 30 11 50 31 30 12 49 31 30 13 48 31 30 14 47 31 30 15 46 31 30 16 45 31 30 17 44 31 30 18 43 31 30 19 42 31 30 20 41 31 30 21 40 31 30 22 39 31 30 23 38 31 30 24 37 31 30 25 36 31 30 26 35 31 30 27 34 31 30 28 33 31 30 29 32 31 30 30 31 31 30 31 30 31 30 32 29 31 30 33 28 31 30 34 27 31 30 35 26 31 30 36 25 31 30 37 24 31 30 38 23 31 30 39 22 31 30 40 21 31 30 41 20 31 30 42 19 31 30 43 18 31 30 44 17 31 30 45 16 31 30 46 15 31 30 47 14 31 30 48 13 31 30 49 12 31 30 50 11 31 30 51 10 31 31 11 51 31 31 12 50 31 31 13 49 31 31 14 48 31 31 15 47 31 31 16 46 31 31 17 45 31 31 18 44 31 31 19 43 31 31 20 42 31 31 21 41 31 31 22 40 31 31 23 39 31 31 24 38 31 31 25 37 31 31 26 36 31 31 27 35 31 31 28 34 31 31 29 33 31 31 30 32 31 31 31 31 31 31 32 30 31 31 33 29 31 31 34 28 31 31 35 27 31 31 36 26 31 31 37 25 31 31 38 24 31 31 39 23 31 31 40 22 31 31 41 21 31 31 42 20 31 31 43 19 31 31 44 18 31 31 45 17 31 31 46 16 31 31 47 15 31 31 48 14 31 31 49 13 31 31 50 12 31 31 51 11 31 32 12 51 31 32 13 50 31 32 14 49 31 32 15 48 31 32 16 47 31 32 17 46 31 32 18 45 31 32 19 44 31 32 20 43 31 32 21 42 31 32 22 41 31 32 23 40 31 32 24 39 31 32 25 38 31 32 26 37 31 32 27 36 31 32 28 35 31 32 29 34 31 32 30 33 31 32 31 32 31 32 32 31 31 32 33 30 31 32 34 29 31 32 35 28 31 32 36 27 31 32 37 26 31 32 38 25 31 32 39 24 31 32 40 23 31 32 41 22 31 32 42 21 31 32 43 20 31 32 44 19 31 32 45 18 31 32 46 17 31 32 47 16 31 32 48 15 31 32 49 14 31 32 50 13 31 32 51 12 31 33 13 51 31 33 14 50 31 33 15 49 31 33 16 48 31 33 17 47 31 33 18 46 31 33 19 45 31 33 20 44 31 33 21 43 31 33 22 42 31 33 23 41 31 33 24 40 31 33 25 39 31 33 26 38 31 33 27 37 31 33 28 36 31 33 29 35 31 33 30 34 31 33 31 33 31 33 32 32 31 33 33 31 31 33 34 30 31 33 35 29 31 33 36 28 31 33 37 27 31 33 38 26 31 33 39 25 31 33 40 24 31 33 41 23 31 33 42 22 31 33 43 21 31 33 44 20 31 33 45 19 31 33 46 18 31 33 47 17 31 33 48 16 31 33 49 15 31 33 50 14 31 33 51 13 31 34 14 51 31 34 15 50 31 34 16 49 31 34 17 48 31 34 18 47 31 34 19 46 31 34 20 45 31 34 21 44 31 34 22 43 31 34 23 42 31 34 24 41 31 34 25 40 31 34 26 39 31 34 27 38 31 34 28 37 31 34 29 36 31 34 30 35 31 34 31 34 31 34 32 33 31 34 33 32 31 34 34 31 31 34 35 30 31 34 36 29 31 34 37 28 31 34 38 27 31 34 39 26 31 34 40 25 31 34 41 24 31 34 42 23 31 34 43 22 31 34 44 21 31 34 45 20 31 34 46 19 31 34 47 18 31 34 48 17 31 34 49 16 31 34 50 15 31 34 51 14 31 35 15 51 31 35 16 50 31 35 17 49 31 35 18 48 31 35 19 47 31 35 20 46 31 35 21 45 31 35 22 44 31 35 23 43 31 35 24 42 31 35 25 41 31 35 26 40 31 35 27 39 31 35 28 38 31 35 29 37 31 35 30 36 31 35 31 35 31 35 32 34 31 35 33 33 31 35 34 32 31 35 35 31 31 35 36 30 31 35 37 29 31 35 38 28 31 35 39 27 31 35 40 26 31 35 41 25 31 35 42 24 31 35 43 23 31 35 44 22 31 35 45 21 31 35 46 20 31 35 47 19 31 35 48 18 31 35 49 17 31 35 50 16 31 35 51 15 31 36 16 51 31 36 17 50 31 36 18 49 31 36 19 48 31 36 20 47 31 36 21 46 31 36 22 45 31 36 23 44 31 36 24 43 31 36 25 42 31 36 26 41 31 36 27 40 31 36 28 39 31 36 29 38 31 36 30 37 31 36 31 36 31 36 32 35 31 36 33 34 31 36 34 33 31 36 35 32 31 36 36 31 31 36 37 30 31 36 38 29 31 36 39 28 31 36 40 27 31 36 41 26 31 36 42 25 31 36 43 24 31 36 44 23 31 36 45 22 31 36 46 21 31 36 47 20 31 36 48 19 31 36 49 18 31 36 50 17 31 36 51 16 31 37 17 51 31 37 18 50 31 37 19 49 31 37 20 48 31 37 21 47 31 37 22 46 31 37 23 45 31 37 24 44 31 37 25 43 31 37 26 42 31 37 27 41 31 37 28 40 31 37 29 39 31 37 30 38 31 37 31 37 31 37 32 36 31 37 33 35 31 37 34 34 31 37 35 33 31 37 36 32 31 37 37 31 31 37 38 30 31 37 39 29 31 37 40 28 31 37 41 27 31 37 42 26 31 37 43 25 31 37 44 24 31 37 45 23 31 37 46 22 31 37 47 21 31 37 48 20 31 37 49 19 31 37 50 18 31 37 51 17 31 38 18 51 31 38 19 50 31 38 20 49 31 38 21 48 31 38 22 47 31 38 23 46 31 38 24 45 31 38 25 44 31 38 26 43 31 38 27 42 31 38 28 41 31 38 29 40 31 38 30 39 31 38 31 38 31 38 32 37 31 38 33 36 31 38 34 35 31 38 35 34 31 38 36 33 31 38 37 32 31 38 38 31 31 38 39 30 31 38 40 29 31 38 41 28 31 38 42 27 31 38 43 26 31 38 44 25 31 38 45 24 31 38 46 23 31 38 47 22 31 38 48 21 31 38 49 20 31 38 50 19 31 38 51 18 31 39 19 51 31 39 20 50 31 39 21 49 31 39 22 48 31 39 23 47 31 39 24 46 31 39 25 45 31 39 26 44 31 39 27 43 31 39 28 42 31 39 29 41 31 39 30 40 31 39 31 39 31 39 32 38 31 39 33 37 31 39 34 36 31 39 35 35 31 39 36 34 31 39 37 33 31 39 38 32 31 39 39 31 31 39 40 30 31 39 41 29 31 39 42 28 31 39 43 27 31 39 44 26 31 39 45 25 31 39 46 24 31 39 47 23 31 39 48 22 31 39 49 21 31 39 50 20 31 39 51 19 31 40 20 51 31 40 21 50 31 40 22 49 31 40 23 48 31 40 24 47 31 40 25 46 31 40 26 45 31 40 27 44 31 40 28 43 31 40 29 42 31 40 30 41 31 40 31 40 31 40 32 39 31 40 33 38 31 40 34 37 31 40 35 36 31 40 36 35 31 40 37 34 31 40 38 33 31 40 39 32 31 40 40 31 31 40 41 30 31 40 42 29 31 40 43 28 31 40 44 27 31 40 45 26 31 40 46 25 31 40 47 24 31 40 48 23 31 40 49 22 31 40 50 21 31 40 51 20 31 41 21 51 31 41 22 50 31 41 23 49 31 41 24 48 31 41 25 47 31 41 26 46 31 41 27 45 31 41 28 44 31 41 29 43 31 41 30 42 31 41 31 41 31 41 32 40 31 41 33 39 31 41 34 38 31 41 35 37 31 41 36 36 31 41 37 35 31 41 38 34 31 41 39 33 31 41 40 32 31 41 41 31 31 41 42 30 31 41 43 29 31 41 44 28 31 41 45 27 31 41 46 26 31 41 47 25 31 41 48 24 31 41 49 23 31 41 50 22 31 41 51 21 31 42 22 51 31 42 23 50 31 42 24 49 31 42 25 48 31 42 26 47 31 42 27 46 31 42 28 45 31 42 29 44 31 42 30 43 31 42 31 42 31 42 32 41 31 42 33 40 31 42 34 39 31 42 35 38 31 42 36 37 31 42 37 36 31 42 38 35 31 42 39 34 31 42 40 33 31 42 41 32 31 42 42 31 31 42 43 30 31 42 44 29 31 42 45 28 31 42 46 27 31 42 47 26 31 42 48 25 31 42 49 24 31 42 50 23 31 42 51 22 31 43 23 51 31 43 24 50 31 43 25 49 31 43 26 48 31 43 27 47 31 43 28 46 31 43 29 45 31 43 30 44 31 43 31 43 31 43 32 42 31 43 33 41 31 43 34 40 31 43 35 39 31 43 36 38 31 43 37 37 31 43 38 36 31 43 39 35 31 43 40 34 31 43 41 33 31 43 42 32 31 43 43 31 31 43 44 30 31 43 45 29 31 43 46 28 31 43 47 27 31 43 48 26 31 43 49 25 31 43 50 24 31 43 51 23 31 44 24 51 31 44 25 50 31 44 26 49 31 44 27 48 31 44 28 47 31 44 29 46 31 44 30 45 31 44 31 44 31 44 32 43 31 44 33 42 31 44 34 41 31 44 35 40 31 44 36 39 31 44 37 38 31 44 38 37 31 44 39 36 31 44 40 35 31 44 41 34 31 44 42 33 31 44 43 32 31 44 44 31 31 44 45 30 31 44 46 29 31 44 47 28 31 44 48 27 31 44 49 26 31 44 50 25 31 44 51 24 31 45 25 51 31 45 26 50 31 45 27 49 31 45 28 48 31 45 29 47 31 45 30 46 31 45 31 45 31 45 32 44 31 45 33 43 31 45 34 42 31 45 35 41 31 45 36 40 31 45 37 39 31 45 38 38 31 45 39 37 31 45 40 36 31 45 41 35 31 45 42 34 31 45 43 33 31 45 44 32 31 45 45 31 31 45 46 30 31 45 47 29 31 45 48 28 31 45 49 27 31 45 50 26 31 45 51 25 31 46 26 51 31 46 27 50 31 46 28 49 31 46 29 48 31 46 30 47 31 46 31 46 31 46 32 45 31 46 33 44 31 46 34 43 31 46 35 42 31 46 36 41 31 46 37 40 31 46 38 39 31 46 39 38 31 46 40 37 31 46 41 36 31 46 42 35 31 46 43 34 31 46 44 33 31 46 45 32 31 46 46 31 31 46 47 30 31 46 48 29 31 46 49 28 31 46 50 27 31 46 51 26 31 47 27 51 31 47 28 50 31 47 29 49 31 47 30 48 31 47 31 47 31 47 32 46 31 47 33 45 31 47 34 44 31 47 35 43 31 47 36 42 31 47 37 41 31 47 38 40 31 47 39 39 31 47 40 38 31 47 41 37 31 47 42 36 31 47 43 35 31 47 44 34 31 47 45 33 31 47 46 32 31 47 47 31 31 47 48 30 31 47 49 29 31 47 50 28 31 47 51 27 31 48 28 51 31 48 29 50 31 48 30 49 31 48 31 48 31 48 32 47 31 48 33 46 31 48 34 45 31 48 35 44 31 48 36 43 31 48 37 42 31 48 38 41 31 48 39 40 31 48 40 39 31 48 41 38 31 48 42 37 31 48 43 36 31 48 44 35 31 48 45 34 31 48 46 33 31 48 47 32 31 48 48 31 31 48 49 30 31 48 50 29 31 48 51 28 31 49 29 51 31 49 30 50 31 49 31 49 31 49 32 48 31 49 33 47 31 49 34 46 31 49 35 45 31 49 36 44 31 49 37 43 31 49 38 42 31 49 39 41 31 49 40 40 31 49 41 39 31 49 42 38 31 49 43 37 31 49 44 36 31 49 45 35 31 49 46 34 31 49 47 33 31 49 48 32 31 49 49 31 31 49 50 30 31 49 51 29 31 50 30 51 31 50 31 50 31 50 32 49 31 50 33 48 31 50 34 47 31 50 35 46 31 50 36 45 31 50 37 44 31 50 38 43 31 50 39 42 31 50 40 41 31 50 41 40 31 50 42 39 31 50 43 38 31 50 44 37 31 50 45 36 31 50 46 35 31 50 47 34 31 50 48 33 31 50 49 32 31 50 50 31 31 50 51 30 31 51 31 51 31 51 32 50 31 51 33 49 31 51 34 48 31 51 35 47 31 51 36 46 31 51 37 45 31 51 38 44 31 51 39 43 31 51 40 42 31 51 41 41 31 51 42 40 31 51 43 39 31 51 44 38 31 51 45 37 31 51 46 36 31 51 47 35 31 51 48 34 31 51 49 33 31 51 50 32 31 51 51 31 




















