







8 0 0 8 8 0 1 6 8 0 3 4 8 0 4 3 8 0 6 1 8 0 8 0 8 1 0 10 8 1 1 8 8 1 3 5 8 1 5 3 8 1 8 1 8 1 10 0 8 2 0 12 8 2 1 10 8 2 2 8 8 2 3 7 8 2 4 6 8 2 6 4 8 2 7 3 8 2 8 2 8 2 10 1 8 2 12 0 8 3 0 13 8 3 1 11 8 3 2 9 8 3 3 8 8 3 4 7 8 3 5 5 8 3 7 4 8 3 8 3 8 3 9 2 8 3 11 1 8 3 13 0 8 4 0 14 8 4 1 12 8 4 3 9 8 4 4 8 8 4 5 6 8 4 6 5 8 4 8 4 8 4 9 3 8 4 12 1 8 4 14 0 8 5 0 16 8 5 1 14 8 5 2 12 8 5 3 11 8 5 4 10 8 5 5 8 8 5 6 7 8 5 7 6 8 5 8 5 8 5 10 4 8 5 11 3 8 5 12 2 8 5 14 1 8 5 16 0 8 6 2 13 8 6 3 12 8 6 4 11 8 6 5 9 8 6 6 8 8 6 7 7 8 6 8 6 8 6 9 5 8 6 11 4 8 6 12 3 8 6 13 2 8 7 0 18 8 7 1 16 8 7 2 14 8 7 3 13 8 7 4 12 8 7 5 10 8 7 6 9 8 7 7 8 8 7 8 7 8 7 9 6 8 7 10 5 8 7 12 4 8 7 13 3 8 7 14 2 8 7 16 1 8 7 18 0 8 8 1 17 8 8 2 15 8 8 3 14 8 8 4 13 8 8 5 11 8 8 7 9 8 8 8 8 8 8 9 7 8 8 11 5 8 8 13 4 8 8 14 3 8 8 15 2 8 8 17 1 8 9 0 20 8 9 1 18 8 9 2 16 8 9 3 15 8 9 4 14 8 9 5 12 8 9 6 11 8 9 7 10 8 9 8 9 8 9 9 8 8 9 10 7 8 9 11 6 8 9 12 5 8 9 14 4 8 9 15 3 8 9 16 2 8 9 18 1 8 9 20 0 8 10 1 19 8 10 2 17 8 10 3 16 8 10 4 15 8 10 5 13 8 10 6 12 8 10 7 11 8 10 8 10 8 10 9 9 8 10 10 8 8 10 11 7 8 10 12 6 8 10 13 5 8 10 15 4 8 10 16 3 8 10 17 2 8 10 19 1 8 11 1 20 8 11 2 18 8 11 3 17 8 11 4 16 8 11 5 14 8 11 6 13 8 11 7 12 8 11 8 11 8 11 9 10 8 11 10 9 8 11 11 8 8 11 12 7 8 11 13 6 8 11 14 5 8 11 16 4 8 11 17 3 8 11 18 2 8 11 20 1 8 12 1 21 8 12 2 19 8 12 3 18 8 12 4 17 8 12 5 15 8 12 6 14 8 12 7 13 8 12 8 12 8 12 9 11 8 12 11 9 8 12 12 8 8 12 13 7 8 12 14 6 8 12 15 5 8 12 17 4 8 12 18 3 8 12 19 2 8 12 21 1 8 13 1 22 8 13 2 20 8 13 3 19 8 13 4 18 8 13 5 16 8 13 6 15 8 13 7 14 8 13 8 13 8 13 9 12 8 13 10 11 8 13 11 10 8 13 12 9 8 13 13 8 8 13 14 7 8 13 15 6 8 13 16 5 8 13 18 4 8 13 19 3 8 13 20 2 8 13 22 1 8 14 1 23 8 14 2 21 8 14 3 20 8 14 4 19 8 14 5 17 8 14 6 16 8 14 7 15 8 14 8 14 8 14 9 13 8 14 10 12 8 14 11 11 8 14 12 10 8 14 13 9 8 14 14 8 8 14 15 7 8 14 16 6 8 14 17 5 8 14 19 4 8 14 20 3 8 14 21 2 8 14 23 1 8 15 1 24 8 15 2 22 8 15 3 21 8 15 4 20 8 15 5 18 8 15 6 17 8 15 7 16 8 15 8 15 8 15 9 14 8 15 10 13 8 15 11 12 8 15 12 11 8 15 13 10 8 15 14 9 8 15 15 8 8 15 16 7 8 15 17 6 8 15 18 5 8 15 20 4 8 15 21 3 8 15 22 2 8 15 24 1 8 16 2 23 8 16 3 22 8 16 4 21 8 16 5 19 8 16 6 18 8 16 7 17 8 16 8 16 8 16 9 15 8 16 10 14 8 16 11 13 8 16 12 12 8 16 13 11 8 16 14 10 8 16 15 9 8 16 16 8 8 16 17 7 8 16 18 6 8 16 19 5 8 16 21 4 8 16 22 3 8 16 23 2 8 17 2 24 8 17 3 23 8 17 4 22 8 17 5 20 8 17 6 19 8 17 7 18 8 17 8 17 8 17 9 16 8 17 10 15 8 17 11 14 8 17 12 13 8 17 13 12 8 17 14 11 8 17 15 10 8 17 16 9 8 17 17 8 8 17 18 7 8 17 19 6 8 17 20 5 8 17 22 4 8 17 23 3 8 17 24 2 8 18 3 24 8 18 4 23 8 18 5 21 8 18 6 20 8 18 7 19 8 18 8 18 8 18 9 17 8 18 10 16 8 18 11 15 8 18 12 14 8 18 13 13 8 18 14 12 8 18 15 11 8 18 16 10 8 18 17 9 8 18 18 8 8 18 19 7 8 18 20 6 8 18 21 5 8 18 23 4 8 18 24 3 8 19 4 24 8 19 5 22 8 19 6 21 8 19 7 20 8 19 8 19 8 19 9 18 8 19 10 17 8 19 11 16 8 19 12 15 8 19 13 14 8 19 14 13 8 19 15 12 8 19 16 11 8 19 17 10 8 19 18 9 8 19 19 8 8 19 20 7 8 19 21 6 8 19 22 5 8 19 24 4 8 20 5 23 8 20 6 22 8 20 7 21 8 20 8 20 8 20 9 19 8 20 10 18 8 20 11 17 8 20 12 16 8 20 13 15 8 20 14 14 8 20 15 13 8 20 16 12 8 20 17 11 8 20 18 10 8 20 19 9 8 20 20 8 8 20 21 7 8 20 22 6 8 20 23 5 8 21 5 24 8 21 6 23 8 21 7 22 8 21 8 21 8 21 9 20 8 21 10 19 8 21 11 18 8 21 12 17 8 21 13 16 8 21 14 15 8 21 15 14 8 21 16 13 8 21 17 12 8 21 18 11 8 21 19 10 8 21 20 9 8 21 21 8 8 21 22 7 8 21 23 6 8 21 24 5 8 22 6 24 8 22 7 23 8 22 8 22 8 22 9 21 8 22 10 20 8 22 11 19 8 22 12 18 8 22 13 17 8 22 14 16 8 22 15 15 8 22 16 14 8 22 17 13 8 22 18 12 8 22 19 11 8 22 20 10 8 22 21 9 8 22 22 8 8 22 23 7 8 22 24 6 8 23 7 24 8 23 8 23 8 23 9 22 8 23 10 21 8 23 11 20 8 23 12 19 8 23 13 18 8 23 14 17 8 23 15 16 8 23 16 15 8 23 17 14 8 23 18 13 8 23 19 12 8 23 20 11 8 23 21 10 8 23 22 9 8 23 23 8 8 23 24 7 8 24 8 24 8 24 9 23 8 24 10 22 8 24 11 21 8 24 12 20 8 24 13 19 8 24 14 18 8 24 15 17 8 24 16 16 8 24 17 15 8 24 18 14 8 24 19 13 8 24 20 12 8 24 21 11 8 24 22 10 8 24 23 9 8 24 24 8 
















