





















































54 0 0 54 54 0 1 52 54 0 2 50 54 0 3 49 54 0 49 3 54 0 50 2 54 0 52 1 54 0 54 0 54 1 0 56 54 1 1 54 54 1 2 52 54 1 3 51 54 1 4 49 54 1 5 47 54 1 6 45 54 1 7 44 54 1 8 43 54 1 9 42 54 1 10 41 54 1 11 40 54 1 13 38 54 1 14 37 54 1 16 35 54 1 19 32 54 1 21 30 54 1 24 27 54 1 27 24 54 1 30 21 54 1 32 19 54 1 35 16 54 1 37 14 54 1 38 13 54 1 40 11 54 1 41 10 54 1 42 9 54 1 43 8 54 1 44 7 54 1 45 6 54 1 47 5 54 1 49 4 54 1 51 3 54 1 52 2 54 1 54 1 54 1 56 0 54 2 1 56 54 2 2 54 54 2 3 53 54 2 4 51 54 2 5 49 54 2 6 47 54 2 7 46 54 2 8 45 54 2 9 44 54 2 10 43 54 2 11 42 54 2 12 41 54 2 13 40 54 2 14 39 54 2 15 38 54 2 16 37 54 2 17 36 54 2 18 35 54 2 19 34 54 2 20 33 54 2 21 32 54 2 22 31 54 2 23 30 54 2 24 29 54 2 25 28 54 2 26 27 54 2 27 26 54 2 28 25 54 2 29 24 54 2 30 23 54 2 31 22 54 2 32 21 54 2 33 20 54 2 34 19 54 2 35 18 54 2 36 17 54 2 37 16 54 2 38 15 54 2 39 14 54 2 40 13 54 2 41 12 54 2 42 11 54 2 43 10 54 2 44 9 54 2 45 8 54 2 46 7 54 2 47 6 54 2 49 5 54 2 51 4 54 2 53 3 54 2 54 2 54 2 56 1 54 3 1 57 54 3 2 55 54 3 3 54 54 3 4 52 54 3 5 50 54 3 6 48 54 3 7 47 54 3 8 46 54 3 9 45 54 3 10 44 54 3 11 43 54 3 12 42 54 3 13 41 54 3 14 40 54 3 15 39 54 3 16 38 54 3 17 37 54 3 18 36 54 3 19 35 54 3 20 34 54 3 21 33 54 3 22 32 54 3 23 31 54 3 24 30 54 3 25 29 54 3 26 28 54 3 27 27 54 3 28 26 54 3 29 25 54 3 30 24 54 3 31 23 54 3 32 22 54 3 33 21 54 3 34 20 54 3 35 19 54 3 36 18 54 3 37 17 54 3 38 16 54 3 39 15 54 3 40 14 54 3 41 13 54 3 42 12 54 3 43 11 54 3 44 10 54 3 45 9 54 3 46 8 54 3 47 7 54 3 48 6 54 3 50 5 54 3 52 4 54 3 54 3 54 3 55 2 54 3 57 1 54 4 1 59 54 4 2 57 54 4 3 56 54 4 4 54 54 4 5 52 54 4 6 50 54 4 7 49 54 4 8 48 54 4 9 47 54 4 10 46 54 4 11 45 54 4 12 44 54 4 13 43 54 4 14 42 54 4 15 41 54 4 16 40 54 4 17 39 54 4 18 38 54 4 19 37 54 4 20 36 54 4 21 35 54 4 22 34 54 4 23 33 54 4 24 32 54 4 25 31 54 4 26 30 54 4 27 29 54 4 28 28 54 4 29 27 54 4 30 26 54 4 31 25 54 4 32 24 54 4 33 23 54 4 34 22 54 4 35 21 54 4 36 20 54 4 37 19 54 4 38 18 54 4 39 17 54 4 40 16 54 4 41 15 54 4 42 14 54 4 43 13 54 4 44 12 54 4 45 11 54 4 46 10 54 4 47 9 54 4 48 8 54 4 49 7 54 4 50 6 54 4 52 5 54 4 54 4 54 4 56 3 54 4 57 2 54 4 59 1 54 5 2 59 54 5 3 58 54 5 4 56 54 5 5 54 54 5 6 52 54 5 7 51 54 5 8 50 54 5 9 49 54 5 10 48 54 5 11 47 54 5 12 46 54 5 13 45 54 5 14 44 54 5 15 43 54 5 16 42 54 5 17 41 54 5 18 40 54 5 19 39 54 5 20 38 54 5 21 37 54 5 22 36 54 5 23 35 54 5 24 34 54 5 25 33 54 5 26 32 54 5 27 31 54 5 28 30 54 5 29 29 54 5 30 28 54 5 31 27 54 5 32 26 54 5 33 25 54 5 34 24 54 5 35 23 54 5 36 22 54 5 37 21 54 5 38 20 54 5 39 19 54 5 40 18 54 5 41 17 54 5 42 16 54 5 43 15 54 5 44 14 54 5 45 13 54 5 46 12 54 5 47 11 54 5 48 10 54 5 49 9 54 5 50 8 54 5 51 7 54 5 52 6 54 5 54 5 54 5 56 4 54 5 58 3 54 5 59 2 54 6 3 60 54 6 4 58 54 6 5 56 54 6 6 54 54 6 7 53 54 6 8 52 54 6 9 51 54 6 10 50 54 6 11 49 54 6 12 48 54 6 13 47 54 6 14 46 54 6 15 45 54 6 16 44 54 6 17 43 54 6 18 42 54 6 19 41 54 6 20 40 54 6 21 39 54 6 22 38 54 6 23 37 54 6 24 36 54 6 25 35 54 6 26 34 54 6 27 33 54 6 28 32 54 6 29 31 54 6 30 30 54 6 31 29 54 6 32 28 54 6 33 27 54 6 34 26 54 6 35 25 54 6 36 24 54 6 37 23 54 6 38 22 54 6 39 21 54 6 40 20 54 6 41 19 54 6 42 18 54 6 43 17 54 6 44 16 54 6 45 15 54 6 46 14 54 6 47 13 54 6 48 12 54 6 49 11 54 6 50 10 54 6 51 9 54 6 52 8 54 6 53 7 54 6 54 6 54 6 56 5 54 6 58 4 54 6 60 3 54 7 3 61 54 7 4 59 54 7 5 57 54 7 6 55 54 7 7 54 54 7 8 53 54 7 9 52 54 7 10 51 54 7 11 50 54 7 12 49 54 7 13 48 54 7 14 47 54 7 15 46 54 7 16 45 54 7 17 44 54 7 18 43 54 7 19 42 54 7 20 41 54 7 21 40 54 7 22 39 54 7 23 38 54 7 24 37 54 7 25 36 54 7 26 35 54 7 27 34 54 7 28 33 54 7 29 32 54 7 30 31 54 7 31 30 54 7 32 29 54 7 33 28 54 7 34 27 54 7 35 26 54 7 36 25 54 7 37 24 54 7 38 23 54 7 39 22 54 7 40 21 54 7 41 20 54 7 42 19 54 7 43 18 54 7 44 17 54 7 45 16 54 7 46 15 54 7 47 14 54 7 48 13 54 7 49 12 54 7 50 11 54 7 51 10 54 7 52 9 54 7 53 8 54 7 54 7 54 7 55 6 54 7 57 5 54 7 59 4 54 7 61 3 54 8 4 60 54 8 5 58 54 8 6 56 54 8 7 55 54 8 8 54 54 8 9 53 54 8 10 52 54 8 11 51 54 8 12 50 54 8 13 49 54 8 14 48 54 8 15 47 54 8 16 46 54 8 17 45 54 8 18 44 54 8 19 43 54 8 20 42 54 8 21 41 54 8 22 40 54 8 23 39 54 8 24 38 54 8 25 37 54 8 26 36 54 8 27 35 54 8 28 34 54 8 29 33 54 8 30 32 54 8 31 31 54 8 32 30 54 8 33 29 54 8 34 28 54 8 35 27 54 8 36 26 54 8 37 25 54 8 38 24 54 8 39 23 54 8 40 22 54 8 41 21 54 8 42 20 54 8 43 19 54 8 44 18 54 8 45 17 54 8 46 16 54 8 47 15 54 8 48 14 54 8 49 13 54 8 50 12 54 8 51 11 54 8 52 10 54 8 53 9 54 8 54 8 54 8 55 7 54 8 56 6 54 8 58 5 54 8 60 4 54 9 4 61 54 9 5 59 54 9 6 57 54 9 7 56 54 9 8 55 54 9 9 54 54 9 10 53 54 9 11 52 54 9 12 51 54 9 13 50 54 9 14 49 54 9 15 48 54 9 16 47 54 9 17 46 54 9 18 45 54 9 19 44 54 9 20 43 54 9 21 42 54 9 22 41 54 9 23 40 54 9 24 39 54 9 25 38 54 9 26 37 54 9 27 36 54 9 28 35 54 9 29 34 54 9 30 33 54 9 31 32 54 9 32 31 54 9 33 30 54 9 34 29 54 9 35 28 54 9 36 27 54 9 37 26 54 9 38 25 54 9 39 24 54 9 40 23 54 9 41 22 54 9 42 21 54 9 43 20 54 9 44 19 54 9 45 18 54 9 46 17 54 9 47 16 54 9 48 15 54 9 49 14 54 9 50 13 54 9 51 12 54 9 52 11 54 9 53 10 54 9 54 9 54 9 55 8 54 9 56 7 54 9 57 6 54 9 59 5 54 9 61 4 54 10 4 62 54 10 5 60 54 10 6 58 54 10 7 57 54 10 8 56 54 10 9 55 54 10 10 54 54 10 11 53 54 10 12 52 54 10 13 51 54 10 14 50 54 10 15 49 54 10 16 48 54 10 17 47 54 10 18 46 54 10 19 45 54 10 20 44 54 10 21 43 54 10 22 42 54 10 23 41 54 10 24 40 54 10 25 39 54 10 26 38 54 10 27 37 54 10 28 36 54 10 29 35 54 10 30 34 54 10 31 33 54 10 32 32 54 10 33 31 54 10 34 30 54 10 35 29 54 10 36 28 54 10 37 27 54 10 38 26 54 10 39 25 54 10 40 24 54 10 41 23 54 10 42 22 54 10 43 21 54 10 44 20 54 10 45 19 54 10 46 18 54 10 47 17 54 10 48 16 54 10 49 15 54 10 50 14 54 10 51 13 54 10 52 12 54 10 53 11 54 10 54 10 54 10 55 9 54 10 56 8 54 10 57 7 54 10 58 6 54 10 60 5 54 10 62 4 54 11 5 61 54 11 6 59 54 11 7 58 54 11 8 57 54 11 9 56 54 11 10 55 54 11 11 54 54 11 12 53 54 11 13 52 54 11 14 51 54 11 15 50 54 11 16 49 54 11 17 48 54 11 18 47 54 11 19 46 54 11 20 45 54 11 21 44 54 11 22 43 54 11 23 42 54 11 24 41 54 11 25 40 54 11 26 39 54 11 27 38 54 11 28 37 54 11 29 36 54 11 30 35 54 11 31 34 54 11 32 33 54 11 33 32 54 11 34 31 54 11 35 30 54 11 36 29 54 11 37 28 54 11 38 27 54 11 39 26 54 11 40 25 54 11 41 24 54 11 42 23 54 11 43 22 54 11 44 21 54 11 45 20 54 11 46 19 54 11 47 18 54 11 48 17 54 11 49 16 54 11 50 15 54 11 51 14 54 11 52 13 54 11 53 12 54 11 54 11 54 11 55 10 54 11 56 9 54 11 57 8 54 11 58 7 54 11 59 6 54 11 61 5 54 12 5 62 54 12 6 60 54 12 7 59 54 12 8 58 54 12 9 57 54 12 10 56 54 12 11 55 54 12 12 54 54 12 13 53 54 12 14 52 54 12 15 51 54 12 16 50 54 12 17 49 54 12 18 48 54 12 19 47 54 12 20 46 54 12 21 45 54 12 22 44 54 12 23 43 54 12 24 42 54 12 25 41 54 12 26 40 54 12 27 39 54 12 28 38 54 12 29 37 54 12 30 36 54 12 31 35 54 12 32 34 54 12 33 33 54 12 34 32 54 12 35 31 54 12 36 30 54 12 37 29 54 12 38 28 54 12 39 27 54 12 40 26 54 12 41 25 54 12 42 24 54 12 43 23 54 12 44 22 54 12 45 21 54 12 46 20 54 12 47 19 54 12 48 18 54 12 49 17 54 12 50 16 54 12 51 15 54 12 52 14 54 12 53 13 54 12 54 12 54 12 55 11 54 12 56 10 54 12 57 9 54 12 58 8 54 12 59 7 54 12 60 6 54 12 62 5 54 13 6 61 54 13 7 60 54 13 8 59 54 13 9 58 54 13 10 57 54 13 11 56 54 13 12 55 54 13 13 54 54 13 14 53 54 13 15 52 54 13 16 51 54 13 17 50 54 13 18 49 54 13 19 48 54 13 20 47 54 13 21 46 54 13 22 45 54 13 23 44 54 13 24 43 54 13 25 42 54 13 26 41 54 13 27 40 54 13 28 39 54 13 29 38 54 13 30 37 54 13 31 36 54 13 32 35 54 13 33 34 54 13 34 33 54 13 35 32 54 13 36 31 54 13 37 30 54 13 38 29 54 13 39 28 54 13 40 27 54 13 41 26 54 13 42 25 54 13 43 24 54 13 44 23 54 13 45 22 54 13 46 21 54 13 47 20 54 13 48 19 54 13 49 18 54 13 50 17 54 13 51 16 54 13 52 15 54 13 53 14 54 13 54 13 54 13 55 12 54 13 56 11 54 13 57 10 54 13 58 9 54 13 59 8 54 13 60 7 54 13 61 6 54 14 6 62 54 14 7 61 54 14 8 60 54 14 9 59 54 14 10 58 54 14 11 57 54 14 12 56 54 14 13 55 54 14 14 54 54 14 15 53 54 14 16 52 54 14 17 51 54 14 18 50 54 14 19 49 54 14 20 48 54 14 21 47 54 14 22 46 54 14 23 45 54 14 24 44 54 14 25 43 54 14 26 42 54 14 27 41 54 14 28 40 54 14 29 39 54 14 30 38 54 14 31 37 54 14 32 36 54 14 33 35 54 14 34 34 54 14 35 33 54 14 36 32 54 14 37 31 54 14 38 30 54 14 39 29 54 14 40 28 54 14 41 27 54 14 42 26 54 14 43 25 54 14 44 24 54 14 45 23 54 14 46 22 54 14 47 21 54 14 48 20 54 14 49 19 54 14 50 18 54 14 51 17 54 14 52 16 54 14 53 15 54 14 54 14 54 14 55 13 54 14 56 12 54 14 57 11 54 14 58 10 54 14 59 9 54 14 60 8 54 14 61 7 54 14 62 6 54 15 7 62 54 15 8 61 54 15 9 60 54 15 10 59 54 15 11 58 54 15 12 57 54 15 13 56 54 15 14 55 54 15 15 54 54 15 16 53 54 15 17 52 54 15 18 51 54 15 19 50 54 15 20 49 54 15 21 48 54 15 22 47 54 15 23 46 54 15 24 45 54 15 25 44 54 15 26 43 54 15 27 42 54 15 28 41 54 15 29 40 54 15 30 39 54 15 31 38 54 15 32 37 54 15 33 36 54 15 34 35 54 15 35 34 54 15 36 33 54 15 37 32 54 15 38 31 54 15 39 30 54 15 40 29 54 15 41 28 54 15 42 27 54 15 43 26 54 15 44 25 54 15 45 24 54 15 46 23 54 15 47 22 54 15 48 21 54 15 49 20 54 15 50 19 54 15 51 18 54 15 52 17 54 15 53 16 54 15 54 15 54 15 55 14 54 15 56 13 54 15 57 12 54 15 58 11 54 15 59 10 54 15 60 9 54 15 61 8 54 15 62 7 54 16 8 62 54 16 9 61 54 16 10 60 54 16 11 59 54 16 12 58 54 16 13 57 54 16 14 56 54 16 15 55 54 16 16 54 54 16 17 53 54 16 18 52 54 16 19 51 54 16 20 50 54 16 21 49 54 16 22 48 54 16 23 47 54 16 24 46 54 16 25 45 54 16 26 44 54 16 27 43 54 16 28 42 54 16 29 41 54 16 30 40 54 16 31 39 54 16 32 38 54 16 33 37 54 16 34 36 54 16 35 35 54 16 36 34 54 16 37 33 54 16 38 32 54 16 39 31 54 16 40 30 54 16 41 29 54 16 42 28 54 16 43 27 54 16 44 26 54 16 45 25 54 16 46 24 54 16 47 23 54 16 48 22 54 16 49 21 54 16 50 20 54 16 51 19 54 16 52 18 54 16 53 17 54 16 54 16 54 16 55 15 54 16 56 14 54 16 57 13 54 16 58 12 54 16 59 11 54 16 60 10 54 16 61 9 54 16 62 8 54 17 9 62 54 17 10 61 54 17 11 60 54 17 12 59 54 17 13 58 54 17 14 57 54 17 15 56 54 17 16 55 54 17 17 54 54 17 18 53 54 17 19 52 54 17 20 51 54 17 21 50 54 17 22 49 54 17 23 48 54 17 24 47 54 17 25 46 54 17 26 45 54 17 27 44 54 17 28 43 54 17 29 42 54 17 30 41 54 17 31 40 54 17 32 39 54 17 33 38 54 17 34 37 54 17 35 36 54 17 36 35 54 17 37 34 54 17 38 33 54 17 39 32 54 17 40 31 54 17 41 30 54 17 42 29 54 17 43 28 54 17 44 27 54 17 45 26 54 17 46 25 54 17 47 24 54 17 48 23 54 17 49 22 54 17 50 21 54 17 51 20 54 17 52 19 54 17 53 18 54 17 54 17 54 17 55 16 54 17 56 15 54 17 57 14 54 17 58 13 54 17 59 12 54 17 60 11 54 17 61 10 54 17 62 9 54 18 10 62 54 18 11 61 54 18 12 60 54 18 13 59 54 18 14 58 54 18 15 57 54 18 16 56 54 18 17 55 54 18 18 54 54 18 19 53 54 18 20 52 54 18 21 51 54 18 22 50 54 18 23 49 54 18 24 48 54 18 25 47 54 18 26 46 54 18 27 45 54 18 28 44 54 18 29 43 54 18 30 42 54 18 31 41 54 18 32 40 54 18 33 39 54 18 34 38 54 18 35 37 54 18 36 36 54 18 37 35 54 18 38 34 54 18 39 33 54 18 40 32 54 18 41 31 54 18 42 30 54 18 43 29 54 18 44 28 54 18 45 27 54 18 46 26 54 18 47 25 54 18 48 24 54 18 49 23 54 18 50 22 54 18 51 21 54 18 52 20 54 18 53 19 54 18 54 18 54 18 55 17 54 18 56 16 54 18 57 15 54 18 58 14 54 18 59 13 54 18 60 12 54 18 61 11 54 18 62 10 54 19 11 62 54 19 12 61 54 19 13 60 54 19 14 59 54 19 15 58 54 19 16 57 54 19 17 56 54 19 18 55 54 19 19 54 54 19 20 53 54 19 21 52 54 19 22 51 54 19 23 50 54 19 24 49 54 19 25 48 54 19 26 47 54 19 27 46 54 19 28 45 54 19 29 44 54 19 30 43 54 19 31 42 54 19 32 41 54 19 33 40 54 19 34 39 54 19 35 38 54 19 36 37 54 19 37 36 54 19 38 35 54 19 39 34 54 19 40 33 54 19 41 32 54 19 42 31 54 19 43 30 54 19 44 29 54 19 45 28 54 19 46 27 54 19 47 26 54 19 48 25 54 19 49 24 54 19 50 23 54 19 51 22 54 19 52 21 54 19 53 20 54 19 54 19 54 19 55 18 54 19 56 17 54 19 57 16 54 19 58 15 54 19 59 14 54 19 60 13 54 19 61 12 54 19 62 11 54 20 12 62 54 20 13 61 54 20 14 60 54 20 15 59 54 20 16 58 54 20 17 57 54 20 18 56 54 20 19 55 54 20 20 54 54 20 21 53 54 20 22 52 54 20 23 51 54 20 24 50 54 20 25 49 54 20 26 48 54 20 27 47 54 20 28 46 54 20 29 45 54 20 30 44 54 20 31 43 54 20 32 42 54 20 33 41 54 20 34 40 54 20 35 39 54 20 36 38 54 20 37 37 54 20 38 36 54 20 39 35 54 20 40 34 54 20 41 33 54 20 42 32 54 20 43 31 54 20 44 30 54 20 45 29 54 20 46 28 54 20 47 27 54 20 48 26 54 20 49 25 54 20 50 24 54 20 51 23 54 20 52 22 54 20 53 21 54 20 54 20 54 20 55 19 54 20 56 18 54 20 57 17 54 20 58 16 54 20 59 15 54 20 60 14 54 20 61 13 54 20 62 12 54 21 13 62 54 21 14 61 54 21 15 60 54 21 16 59 54 21 17 58 54 21 18 57 54 21 19 56 54 21 20 55 54 21 21 54 54 21 22 53 54 21 23 52 54 21 24 51 54 21 25 50 54 21 26 49 54 21 27 48 54 21 28 47 54 21 29 46 54 21 30 45 54 21 31 44 54 21 32 43 54 21 33 42 54 21 34 41 54 21 35 40 54 21 36 39 54 21 37 38 54 21 38 37 54 21 39 36 54 21 40 35 54 21 41 34 54 21 42 33 54 21 43 32 54 21 44 31 54 21 45 30 54 21 46 29 54 21 47 28 54 21 48 27 54 21 49 26 54 21 50 25 54 21 51 24 54 21 52 23 54 21 53 22 54 21 54 21 54 21 55 20 54 21 56 19 54 21 57 18 54 21 58 17 54 21 59 16 54 21 60 15 54 21 61 14 54 21 62 13 54 22 14 62 54 22 15 61 54 22 16 60 54 22 17 59 54 22 18 58 54 22 19 57 54 22 20 56 54 22 21 55 54 22 22 54 54 22 23 53 54 22 24 52 54 22 25 51 54 22 26 50 54 22 27 49 54 22 28 48 54 22 29 47 54 22 30 46 54 22 31 45 54 22 32 44 54 22 33 43 54 22 34 42 54 22 35 41 54 22 36 40 54 22 37 39 54 22 38 38 54 22 39 37 54 22 40 36 54 22 41 35 54 22 42 34 54 22 43 33 54 22 44 32 54 22 45 31 54 22 46 30 54 22 47 29 54 22 48 28 54 22 49 27 54 22 50 26 54 22 51 25 54 22 52 24 54 22 53 23 54 22 54 22 54 22 55 21 54 22 56 20 54 22 57 19 54 22 58 18 54 22 59 17 54 22 60 16 54 22 61 15 54 22 62 14 54 23 15 62 54 23 16 61 54 23 17 60 54 23 18 59 54 23 19 58 54 23 20 57 54 23 21 56 54 23 22 55 54 23 23 54 54 23 24 53 54 23 25 52 54 23 26 51 54 23 27 50 54 23 28 49 54 23 29 48 54 23 30 47 54 23 31 46 54 23 32 45 54 23 33 44 54 23 34 43 54 23 35 42 54 23 36 41 54 23 37 40 54 23 38 39 54 23 39 38 54 23 40 37 54 23 41 36 54 23 42 35 54 23 43 34 54 23 44 33 54 23 45 32 54 23 46 31 54 23 47 30 54 23 48 29 54 23 49 28 54 23 50 27 54 23 51 26 54 23 52 25 54 23 53 24 54 23 54 23 54 23 55 22 54 23 56 21 54 23 57 20 54 23 58 19 54 23 59 18 54 23 60 17 54 23 61 16 54 23 62 15 54 24 16 62 54 24 17 61 54 24 18 60 54 24 19 59 54 24 20 58 54 24 21 57 54 24 22 56 54 24 23 55 54 24 24 54 54 24 25 53 54 24 26 52 54 24 27 51 54 24 28 50 54 24 29 49 54 24 30 48 54 24 31 47 54 24 32 46 54 24 33 45 54 24 34 44 54 24 35 43 54 24 36 42 54 24 37 41 54 24 38 40 54 24 39 39 54 24 40 38 54 24 41 37 54 24 42 36 54 24 43 35 54 24 44 34 54 24 45 33 54 24 46 32 54 24 47 31 54 24 48 30 54 24 49 29 54 24 50 28 54 24 51 27 54 24 52 26 54 24 53 25 54 24 54 24 54 24 55 23 54 24 56 22 54 24 57 21 54 24 58 20 54 24 59 19 54 24 60 18 54 24 61 17 54 24 62 16 54 25 17 62 54 25 18 61 54 25 19 60 54 25 20 59 54 25 21 58 54 25 22 57 54 25 23 56 54 25 24 55 54 25 25 54 54 25 26 53 54 25 27 52 54 25 28 51 54 25 29 50 54 25 30 49 54 25 31 48 54 25 32 47 54 25 33 46 54 25 34 45 54 25 35 44 54 25 36 43 54 25 37 42 54 25 38 41 54 25 39 40 54 25 40 39 54 25 41 38 54 25 42 37 54 25 43 36 54 25 44 35 54 25 45 34 54 25 46 33 54 25 47 32 54 25 48 31 54 25 49 30 54 25 50 29 54 25 51 28 54 25 52 27 54 25 53 26 54 25 54 25 54 25 55 24 54 25 56 23 54 25 57 22 54 25 58 21 54 25 59 20 54 25 60 19 54 25 61 18 54 25 62 17 54 26 18 62 54 26 19 61 54 26 20 60 54 26 21 59 54 26 22 58 54 26 23 57 54 26 24 56 54 26 25 55 54 26 26 54 54 26 27 53 54 26 28 52 54 26 29 51 54 26 30 50 54 26 31 49 54 26 32 48 54 26 33 47 54 26 34 46 54 26 35 45 54 26 36 44 54 26 37 43 54 26 38 42 54 26 39 41 54 26 40 40 54 26 41 39 54 26 42 38 54 26 43 37 54 26 44 36 54 26 45 35 54 26 46 34 54 26 47 33 54 26 48 32 54 26 49 31 54 26 50 30 54 26 51 29 54 26 52 28 54 26 53 27 54 26 54 26 54 26 55 25 54 26 56 24 54 26 57 23 54 26 58 22 54 26 59 21 54 26 60 20 54 26 61 19 54 26 62 18 54 27 19 62 54 27 20 61 54 27 21 60 54 27 22 59 54 27 23 58 54 27 24 57 54 27 25 56 54 27 26 55 54 27 27 54 54 27 28 53 54 27 29 52 54 27 30 51 54 27 31 50 54 27 32 49 54 27 33 48 54 27 34 47 54 27 35 46 54 27 36 45 54 27 37 44 54 27 38 43 54 27 39 42 54 27 40 41 54 27 41 40 54 27 42 39 54 27 43 38 54 27 44 37 54 27 45 36 54 27 46 35 54 27 47 34 54 27 48 33 54 27 49 32 54 27 50 31 54 27 51 30 54 27 52 29 54 27 53 28 54 27 54 27 54 27 55 26 54 27 56 25 54 27 57 24 54 27 58 23 54 27 59 22 54 27 60 21 54 27 61 20 54 27 62 19 54 28 20 62 54 28 21 61 54 28 22 60 54 28 23 59 54 28 24 58 54 28 25 57 54 28 26 56 54 28 27 55 54 28 28 54 54 28 29 53 54 28 30 52 54 28 31 51 54 28 32 50 54 28 33 49 54 28 34 48 54 28 35 47 54 28 36 46 54 28 37 45 54 28 38 44 54 28 39 43 54 28 40 42 54 28 41 41 54 28 42 40 54 28 43 39 54 28 44 38 54 28 45 37 54 28 46 36 54 28 47 35 54 28 48 34 54 28 49 33 54 28 50 32 54 28 51 31 54 28 52 30 54 28 53 29 54 28 54 28 54 28 55 27 54 28 56 26 54 28 57 25 54 28 58 24 54 28 59 23 54 28 60 22 54 28 61 21 54 28 62 20 54 29 21 62 54 29 22 61 54 29 23 60 54 29 24 59 54 29 25 58 54 29 26 57 54 29 27 56 54 29 28 55 54 29 29 54 54 29 30 53 54 29 31 52 54 29 32 51 54 29 33 50 54 29 34 49 54 29 35 48 54 29 36 47 54 29 37 46 54 29 38 45 54 29 39 44 54 29 40 43 54 29 41 42 54 29 42 41 54 29 43 40 54 29 44 39 54 29 45 38 54 29 46 37 54 29 47 36 54 29 48 35 54 29 49 34 54 29 50 33 54 29 51 32 54 29 52 31 54 29 53 30 54 29 54 29 54 29 55 28 54 29 56 27 54 29 57 26 54 29 58 25 54 29 59 24 54 29 60 23 54 29 61 22 54 29 62 21 54 30 22 62 54 30 23 61 54 30 24 60 54 30 25 59 54 30 26 58 54 30 27 57 54 30 28 56 54 30 29 55 54 30 30 54 54 30 31 53 54 30 32 52 54 30 33 51 54 30 34 50 54 30 35 49 54 30 36 48 54 30 37 47 54 30 38 46 54 30 39 45 54 30 40 44 54 30 41 43 54 30 42 42 54 30 43 41 54 30 44 40 54 30 45 39 54 30 46 38 54 30 47 37 54 30 48 36 54 30 49 35 54 30 50 34 54 30 51 33 54 30 52 32 54 30 53 31 54 30 54 30 54 30 55 29 54 30 56 28 54 30 57 27 54 30 58 26 54 30 59 25 54 30 60 24 54 30 61 23 54 30 62 22 54 31 23 62 54 31 24 61 54 31 25 60 54 31 26 59 54 31 27 58 54 31 28 57 54 31 29 56 54 31 30 55 54 31 31 54 54 31 32 53 54 31 33 52 54 31 34 51 54 31 35 50 54 31 36 49 54 31 37 48 54 31 38 47 54 31 39 46 54 31 40 45 54 31 41 44 54 31 42 43 54 31 43 42 54 31 44 41 54 31 45 40 54 31 46 39 54 31 47 38 54 31 48 37 54 31 49 36 54 31 50 35 54 31 51 34 54 31 52 33 54 31 53 32 54 31 54 31 54 31 55 30 54 31 56 29 54 31 57 28 54 31 58 27 54 31 59 26 54 31 60 25 54 31 61 24 54 31 62 23 54 32 24 62 54 32 25 61 54 32 26 60 54 32 27 59 54 32 28 58 54 32 29 57 54 32 30 56 54 32 31 55 54 32 32 54 54 32 33 53 54 32 34 52 54 32 35 51 54 32 36 50 54 32 37 49 54 32 38 48 54 32 39 47 54 32 40 46 54 32 41 45 54 32 42 44 54 32 43 43 54 32 44 42 54 32 45 41 54 32 46 40 54 32 47 39 54 32 48 38 54 32 49 37 54 32 50 36 54 32 51 35 54 32 52 34 54 32 53 33 54 32 54 32 54 32 55 31 54 32 56 30 54 32 57 29 54 32 58 28 54 32 59 27 54 32 60 26 54 32 61 25 54 32 62 24 54 33 25 62 54 33 26 61 54 33 27 60 54 33 28 59 54 33 29 58 54 33 30 57 54 33 31 56 54 33 32 55 54 33 33 54 54 33 34 53 54 33 35 52 54 33 36 51 54 33 37 50 54 33 38 49 54 33 39 48 54 33 40 47 54 33 41 46 54 33 42 45 54 33 43 44 54 33 44 43 54 33 45 42 54 33 46 41 54 33 47 40 54 33 48 39 54 33 49 38 54 33 50 37 54 33 51 36 54 33 52 35 54 33 53 34 54 33 54 33 54 33 55 32 54 33 56 31 54 33 57 30 54 33 58 29 54 33 59 28 54 33 60 27 54 33 61 26 54 33 62 25 54 34 26 62 54 34 27 61 54 34 28 60 54 34 29 59 54 34 30 58 54 34 31 57 54 34 32 56 54 34 33 55 54 34 34 54 54 34 35 53 54 34 36 52 54 34 37 51 54 34 38 50 54 34 39 49 54 34 40 48 54 34 41 47 54 34 42 46 54 34 43 45 54 34 44 44 54 34 45 43 54 34 46 42 54 34 47 41 54 34 48 40 54 34 49 39 54 34 50 38 54 34 51 37 54 34 52 36 54 34 53 35 54 34 54 34 54 34 55 33 54 34 56 32 54 34 57 31 54 34 58 30 54 34 59 29 54 34 60 28 54 34 61 27 54 34 62 26 54 35 27 62 54 35 28 61 54 35 29 60 54 35 30 59 54 35 31 58 54 35 32 57 54 35 33 56 54 35 34 55 54 35 35 54 54 35 36 53 54 35 37 52 54 35 38 51 54 35 39 50 54 35 40 49 54 35 41 48 54 35 42 47 54 35 43 46 54 35 44 45 54 35 45 44 54 35 46 43 54 35 47 42 54 35 48 41 54 35 49 40 54 35 50 39 54 35 51 38 54 35 52 37 54 35 53 36 54 35 54 35 54 35 55 34 54 35 56 33 54 35 57 32 54 35 58 31 54 35 59 30 54 35 60 29 54 35 61 28 54 35 62 27 54 36 28 62 54 36 29 61 54 36 30 60 54 36 31 59 54 36 32 58 54 36 33 57 54 36 34 56 54 36 35 55 54 36 36 54 54 36 37 53 54 36 38 52 54 36 39 51 54 36 40 50 54 36 41 49 54 36 42 48 54 36 43 47 54 36 44 46 54 36 45 45 54 36 46 44 54 36 47 43 54 36 48 42 54 36 49 41 54 36 50 40 54 36 51 39 54 36 52 38 54 36 53 37 54 36 54 36 54 36 55 35 54 36 56 34 54 36 57 33 54 36 58 32 54 36 59 31 54 36 60 30 54 36 61 29 54 36 62 28 54 37 29 62 54 37 30 61 54 37 31 60 54 37 32 59 54 37 33 58 54 37 34 57 54 37 35 56 54 37 36 55 54 37 37 54 54 37 38 53 54 37 39 52 54 37 40 51 54 37 41 50 54 37 42 49 54 37 43 48 54 37 44 47 54 37 45 46 54 37 46 45 54 37 47 44 54 37 48 43 54 37 49 42 54 37 50 41 54 37 51 40 54 37 52 39 54 37 53 38 54 37 54 37 54 37 55 36 54 37 56 35 54 37 57 34 54 37 58 33 54 37 59 32 54 37 60 31 54 37 61 30 54 37 62 29 54 38 30 62 54 38 31 61 54 38 32 60 54 38 33 59 54 38 34 58 54 38 35 57 54 38 36 56 54 38 37 55 54 38 38 54 54 38 39 53 54 38 40 52 54 38 41 51 54 38 42 50 54 38 43 49 54 38 44 48 54 38 45 47 54 38 46 46 54 38 47 45 54 38 48 44 54 38 49 43 54 38 50 42 54 38 51 41 54 38 52 40 54 38 53 39 54 38 54 38 54 38 55 37 54 38 56 36 54 38 57 35 54 38 58 34 54 38 59 33 54 38 60 32 54 38 61 31 54 38 62 30 54 39 31 62 54 39 32 61 54 39 33 60 54 39 34 59 54 39 35 58 54 39 36 57 54 39 37 56 54 39 38 55 54 39 39 54 54 39 40 53 54 39 41 52 54 39 42 51 54 39 43 50 54 39 44 49 54 39 45 48 54 39 46 47 54 39 47 46 54 39 48 45 54 39 49 44 54 39 50 43 54 39 51 42 54 39 52 41 54 39 53 40 54 39 54 39 54 39 55 38 54 39 56 37 54 39 57 36 54 39 58 35 54 39 59 34 54 39 60 33 54 39 61 32 54 39 62 31 54 40 32 62 54 40 33 61 54 40 34 60 54 40 35 59 54 40 36 58 54 40 37 57 54 40 38 56 54 40 39 55 54 40 40 54 54 40 41 53 54 40 42 52 54 40 43 51 54 40 44 50 54 40 45 49 54 40 46 48 54 40 47 47 54 40 48 46 54 40 49 45 54 40 50 44 54 40 51 43 54 40 52 42 54 40 53 41 54 40 54 40 54 40 55 39 54 40 56 38 54 40 57 37 54 40 58 36 54 40 59 35 54 40 60 34 54 40 61 33 54 40 62 32 54 41 33 62 54 41 34 61 54 41 35 60 54 41 36 59 54 41 37 58 54 41 38 57 54 41 39 56 54 41 40 55 54 41 41 54 54 41 42 53 54 41 43 52 54 41 44 51 54 41 45 50 54 41 46 49 54 41 47 48 54 41 48 47 54 41 49 46 54 41 50 45 54 41 51 44 54 41 52 43 54 41 53 42 54 41 54 41 54 41 55 40 54 41 56 39 54 41 57 38 54 41 58 37 54 41 59 36 54 41 60 35 54 41 61 34 54 41 62 33 54 42 34 62 54 42 35 61 54 42 36 60 54 42 37 59 54 42 38 58 54 42 39 57 54 42 40 56 54 42 41 55 54 42 42 54 54 42 43 53 54 42 44 52 54 42 45 51 54 42 46 50 54 42 47 49 54 42 48 48 54 42 49 47 54 42 50 46 54 42 51 45 54 42 52 44 54 42 53 43 54 42 54 42 54 42 55 41 54 42 56 40 54 42 57 39 54 42 58 38 54 42 59 37 54 42 60 36 54 42 61 35 54 42 62 34 54 43 35 62 54 43 36 61 54 43 37 60 54 43 38 59 54 43 39 58 54 43 40 57 54 43 41 56 54 43 42 55 54 43 43 54 54 43 44 53 54 43 45 52 54 43 46 51 54 43 47 50 54 43 48 49 54 43 49 48 54 43 50 47 54 43 51 46 54 43 52 45 54 43 53 44 54 43 54 43 54 43 55 42 54 43 56 41 54 43 57 40 54 43 58 39 54 43 59 38 54 43 60 37 54 43 61 36 54 43 62 35 54 44 36 62 54 44 37 61 54 44 38 60 54 44 39 59 54 44 40 58 54 44 41 57 54 44 42 56 54 44 43 55 54 44 44 54 54 44 45 53 54 44 46 52 54 44 47 51 54 44 48 50 54 44 49 49 54 44 50 48 54 44 51 47 54 44 52 46 54 44 53 45 54 44 54 44 54 44 55 43 54 44 56 42 54 44 57 41 54 44 58 40 54 44 59 39 54 44 60 38 54 44 61 37 54 44 62 36 54 45 37 62 54 45 38 61 54 45 39 60 54 45 40 59 54 45 41 58 54 45 42 57 54 45 43 56 54 45 44 55 54 45 45 54 54 45 46 53 54 45 47 52 54 45 48 51 54 45 49 50 54 45 50 49 54 45 51 48 54 45 52 47 54 45 53 46 54 45 54 45 54 45 55 44 54 45 56 43 54 45 57 42 54 45 58 41 54 45 59 40 54 45 60 39 54 45 61 38 54 45 62 37 54 46 38 62 54 46 39 61 54 46 40 60 54 46 41 59 54 46 42 58 54 46 43 57 54 46 44 56 54 46 45 55 54 46 46 54 54 46 47 53 54 46 48 52 54 46 49 51 54 46 50 50 54 46 51 49 54 46 52 48 54 46 53 47 54 46 54 46 54 46 55 45 54 46 56 44 54 46 57 43 54 46 58 42 54 46 59 41 54 46 60 40 54 46 61 39 54 46 62 38 54 47 39 62 54 47 40 61 54 47 41 60 54 47 42 59 54 47 43 58 54 47 44 57 54 47 45 56 54 47 46 55 54 47 47 54 54 47 48 53 54 47 49 52 54 47 50 51 54 47 51 50 54 47 52 49 54 47 53 48 54 47 54 47 54 47 55 46 54 47 56 45 54 47 57 44 54 47 58 43 54 47 59 42 54 47 60 41 54 47 61 40 54 47 62 39 54 48 40 62 54 48 41 61 54 48 42 60 54 48 43 59 54 48 44 58 54 48 45 57 54 48 46 56 54 48 47 55 54 48 48 54 54 48 49 53 54 48 50 52 54 48 51 51 54 48 52 50 54 48 53 49 54 48 54 48 54 48 55 47 54 48 56 46 54 48 57 45 54 48 58 44 54 48 59 43 54 48 60 42 54 48 61 41 54 48 62 40 54 49 41 62 54 49 42 61 54 49 43 60 54 49 44 59 54 49 45 58 54 49 46 57 54 49 47 56 54 49 48 55 54 49 49 54 54 49 50 53 54 49 51 52 54 49 52 51 54 49 53 50 54 49 54 49 54 49 55 48 54 49 56 47 54 49 57 46 54 49 58 45 54 49 59 44 54 49 60 43 54 49 61 42 54 49 62 41 54 50 42 62 54 50 43 61 54 50 44 60 54 50 45 59 54 50 46 58 54 50 47 57 54 50 48 56 54 50 49 55 54 50 50 54 54 50 51 53 54 50 52 52 54 50 53 51 54 50 54 50 54 50 55 49 54 50 56 48 54 50 57 47 54 50 58 46 54 50 59 45 54 50 60 44 54 50 61 43 54 50 62 42 54 51 43 62 54 51 44 61 54 51 45 60 54 51 46 59 54 51 47 58 54 51 48 57 54 51 49 56 54 51 50 55 54 51 51 54 54 51 52 53 54 51 53 52 54 51 54 51 54 51 55 50 54 51 56 49 54 51 57 48 54 51 58 47 54 51 59 46 54 51 60 45 54 51 61 44 54 51 62 43 54 52 44 62 54 52 45 61 54 52 46 60 54 52 47 59 54 52 48 58 54 52 49 57 54 52 50 56 54 52 51 55 54 52 52 54 54 52 53 53 54 52 54 52 54 52 55 51 54 52 56 50 54 52 57 49 54 52 58 48 54 52 59 47 54 52 60 46 54 52 61 45 54 52 62 44 54 53 45 62 54 53 46 61 54 53 47 60 54 53 48 59 54 53 49 58 54 53 50 57 54 53 51 56 54 53 52 55 54 53 53 54 54 53 54 53 54 53 55 52 54 53 56 51 54 53 57 50 54 53 58 49 54 53 59 48 54 53 60 47 54 53 61 46 54 53 62 45 54 54 46 62 54 54 47 61 54 54 48 60 54 54 49 59 54 54 50 58 54 54 51 57 54 54 52 56 54 54 53 55 54 54 54 54 54 54 55 53 54 54 56 52 54 54 57 51 54 54 58 50 54 54 59 49 54 54 60 48 54 54 61 47 54 54 62 46 54 55 47 62 54 55 48 61 54 55 49 60 54 55 50 59 54 55 51 58 54 55 52 57 54 55 53 56 54 55 54 55 54 55 55 54 54 55 56 53 54 55 57 52 54 55 58 51 54 55 59 50 54 55 60 49 54 55 61 48 54 55 62 47 54 56 48 62 54 56 49 61 54 56 50 60 54 56 51 59 54 56 52 58 54 56 53 57 54 56 54 56 54 56 55 55 54 56 56 54 54 56 57 53 54 56 58 52 54 56 59 51 54 56 60 50 54 56 61 49 54 56 62 48 54 57 49 62 54 57 50 61 54 57 51 60 54 57 52 59 54 57 53 58 54 57 54 57 54 57 55 56 54 57 56 55 54 57 57 54 54 57 58 53 54 57 59 52 54 57 60 51 54 57 61 50 54 57 62 49 54 58 50 62 54 58 51 61 54 58 52 60 54 58 53 59 54 58 54 58 54 58 55 57 54 58 56 56 54 58 57 55 54 58 58 54 54 58 59 53 54 58 60 52 54 58 61 51 54 58 62 50 54 59 51 62 54 59 52 61 54 59 53 60 54 59 54 59 54 59 55 58 54 59 56 57 54 59 57 56 54 59 58 55 54 59 59 54 54 59 60 53 54 59 61 52 54 59 62 51 54 60 52 62 54 60 53 61 54 60 54 60 54 60 55 59 54 60 56 58 54 60 57 57 54 60 58 56 54 60 59 55 54 60 60 54 54 60 61 53 54 60 62 52 54 61 53 62 54 61 54 61 54 61 55 60 54 61 56 59 54 61 57 58 54 61 58 57 54 61 59 56 54 61 60 55 54 61 61 54 54 61 62 53 54 62 54 62 54 62 55 61 54 62 56 60 54 62 57 59 54 62 58 58 54 62 59 57 54 62 60 56 54 62 61 55 54 62 62 54 








