












13 0 0 13 13 0 1 11 13 0 2 9 13 0 4 7 13 0 7 4 13 0 9 2 13 0 11 1 13 0 13 0 13 1 0 15 13 1 1 13 13 1 2 11 13 1 3 10 13 1 5 7 13 1 7 5 13 1 10 3 13 1 11 2 13 1 13 1 13 1 15 0 13 2 0 17 13 2 1 15 13 2 2 13 13 2 3 12 13 2 4 10 13 2 6 7 13 2 7 6 13 2 10 4 13 2 12 3 13 2 13 2 13 2 15 1 13 2 17 0 13 3 0 18 13 3 1 16 13 3 2 14 13 3 3 13 13 3 4 11 13 3 5 9 13 3 6 8 13 3 7 7 13 3 8 6 13 3 9 5 13 3 11 4 13 3 13 3 13 3 14 2 13 3 16 1 13 3 18 0 13 4 0 20 13 4 1 18 13 4 2 16 13 4 3 15 13 4 4 13 13 4 5 11 13 4 6 9 13 4 8 8 13 4 9 6 13 4 11 5 13 4 13 4 13 4 15 3 13 4 16 2 13 4 18 1 13 4 20 0 13 5 0 22 13 5 1 20 13 5 2 18 13 5 3 17 13 5 4 15 13 5 5 13 13 5 6 11 13 5 7 10 13 5 8 9 13 5 9 8 13 5 10 7 13 5 11 6 13 5 13 5 13 5 15 4 13 5 17 3 13 5 18 2 13 5 20 1 13 5 22 0 13 6 0 24 13 6 1 22 13 6 2 20 13 6 3 19 13 6 4 17 13 6 5 15 13 6 6 13 13 6 7 12 13 6 8 11 13 6 9 9 13 6 11 8 13 6 12 7 13 6 13 6 13 6 15 5 13 6 17 4 13 6 19 3 13 6 20 2 13 6 22 1 13 6 24 0 13 7 0 25 13 7 1 23 13 7 2 21 13 7 3 20 13 7 4 18 13 7 5 16 13 7 6 14 13 7 7 13 13 7 8 12 13 7 9 10 13 7 10 9 13 7 12 8 13 7 13 7 13 7 14 6 13 7 16 5 13 7 18 4 13 7 20 3 13 7 21 2 13 7 23 1 13 7 25 0 13 8 0 26 13 8 1 24 13 8 2 22 13 8 3 21 13 8 4 19 13 8 5 17 13 8 6 15 13 8 7 14 13 8 8 13 13 8 9 11 13 8 10 10 13 8 11 9 13 8 13 8 13 8 14 7 13 8 15 6 13 8 17 5 13 8 19 4 13 8 21 3 13 8 22 2 13 8 24 1 13 8 26 0 13 9 0 28 13 9 1 26 13 9 2 24 13 9 3 23 13 9 4 21 13 9 5 19 13 9 6 17 13 9 7 16 13 9 8 15 13 9 9 13 13 9 10 12 13 9 11 11 13 9 12 10 13 9 13 9 13 9 15 8 13 9 16 7 13 9 17 6 13 9 19 5 13 9 21 4 13 9 23 3 13 9 24 2 13 9 26 1 13 9 28 0 13 10 0 29 13 10 1 27 13 10 2 25 13 10 3 24 13 10 4 22 13 10 5 20 13 10 6 18 13 10 7 17 13 10 8 16 13 10 9 14 13 10 10 13 13 10 11 12 13 10 12 11 13 10 13 10 13 10 14 9 13 10 16 8 13 10 17 7 13 10 18 6 13 10 20 5 13 10 22 4 13 10 24 3 13 10 25 2 13 10 27 1 13 10 29 0 13 11 0 30 13 11 1 28 13 11 2 26 13 11 3 25 13 11 4 23 13 11 5 21 13 11 6 19 13 11 7 18 13 11 8 17 13 11 9 15 13 11 11 13 13 11 12 12 13 11 13 11 13 11 15 9 13 11 17 8 13 11 18 7 13 11 19 6 13 11 21 5 13 11 23 4 13 11 25 3 13 11 26 2 13 11 28 1 13 11 30 0 13 12 0 31 13 12 1 29 13 12 2 27 13 12 3 26 13 12 4 24 13 12 5 22 13 12 6 20 13 12 7 19 13 12 8 18 13 12 9 16 13 12 10 15 13 12 11 14 13 12 12 13 13 12 13 12 13 12 14 11 13 12 15 10 13 12 16 9 13 12 18 8 13 12 19 7 13 12 20 6 13 12 22 5 13 12 24 4 13 12 26 3 13 12 27 2 13 12 29 1 13 12 31 0 13 13 0 32 13 13 1 30 13 13 2 28 13 13 3 27 13 13 4 25 13 13 5 23 13 13 6 21 13 13 7 20 13 13 8 19 13 13 9 17 13 13 10 16 13 13 11 15 13 13 12 14 13 13 13 13 13 13 14 12 13 13 15 11 13 13 16 10 13 13 17 9 13 13 19 8 13 13 20 7 13 13 21 6 13 13 23 5 13 13 25 4 13 13 27 3 13 13 28 2 13 13 30 1 13 13 32 0 13 14 0 33 13 14 1 31 13 14 2 29 13 14 3 28 13 14 4 26 13 14 5 24 13 14 6 22 13 14 7 21 13 14 8 20 13 14 9 18 13 14 10 17 13 14 12 15 13 14 13 14 13 14 14 13 13 14 15 12 13 14 17 10 13 14 18 9 13 14 20 8 13 14 21 7 13 14 22 6 13 14 24 5 13 14 26 4 13 14 28 3 13 14 29 2 13 14 31 1 13 14 33 0 13 15 0 34 13 15 1 32 13 15 2 30 13 15 3 29 13 15 4 27 13 15 5 25 13 15 6 23 13 15 7 22 13 15 8 21 13 15 9 19 13 15 10 18 13 15 11 17 13 15 12 16 13 15 13 15 13 15 14 14 13 15 15 13 13 15 16 12 13 15 17 11 13 15 18 10 13 15 19 9 13 15 21 8 13 15 22 7 13 15 23 6 13 15 25 5 13 15 27 4 13 15 29 3 13 15 30 2 13 15 32 1 13 15 34 0 13 16 0 35 13 16 1 33 13 16 2 31 13 16 3 30 13 16 4 28 13 16 5 26 13 16 6 24 13 16 7 23 13 16 8 22 13 16 9 20 13 16 11 18 13 16 12 17 13 16 13 16 13 16 14 15 13 16 15 14 13 16 16 13 13 16 17 12 13 16 18 11 13 16 20 9 13 16 22 8 13 16 23 7 13 16 24 6 13 16 26 5 13 16 28 4 13 16 30 3 13 16 31 2 13 16 33 1 13 16 35 0 13 17 0 36 13 17 1 34 13 17 2 32 13 17 3 31 13 17 4 29 13 17 5 27 13 17 6 25 13 17 7 24 13 17 8 23 13 17 9 21 13 17 10 20 13 17 11 19 13 17 12 18 13 17 13 17 13 17 14 16 13 17 15 15 13 17 16 14 13 17 17 13 13 17 18 12 13 17 19 11 13 17 20 10 13 17 21 9 13 17 23 8 13 17 24 7 13 17 25 6 13 17 27 5 13 17 29 4 13 17 31 3 13 17 32 2 13 17 34 1 13 17 36 0 13 18 0 37 13 18 1 35 13 18 2 33 13 18 3 32 13 18 4 30 13 18 5 28 13 18 6 26 13 18 7 25 13 18 8 24 13 18 9 22 13 18 10 21 13 18 11 20 13 18 12 19 13 18 13 18 13 18 14 17 13 18 15 16 13 18 16 15 13 18 17 14 13 18 18 13 13 18 19 12 13 18 20 11 13 18 21 10 13 18 22 9 13 18 24 8 13 18 25 7 13 18 26 6 13 18 28 5 13 18 30 4 13 18 32 3 13 18 33 2 13 18 35 1 13 18 37 0 13 19 1 36 13 19 2 34 13 19 3 33 13 19 4 31 13 19 5 29 13 19 6 27 13 19 7 26 13 19 8 25 13 19 9 23 13 19 10 22 13 19 11 21 13 19 12 20 13 19 13 19 13 19 14 18 13 19 15 17 13 19 17 15 13 19 18 14 13 19 19 13 13 19 20 12 13 19 21 11 13 19 22 10 13 19 23 9 13 19 25 8 13 19 26 7 13 19 27 6 13 19 29 5 13 19 31 4 13 19 33 3 13 19 34 2 13 19 36 1 13 20 1 37 13 20 2 35 13 20 3 34 13 20 4 32 13 20 5 30 13 20 6 28 13 20 7 27 13 20 8 26 13 20 9 24 13 20 10 23 13 20 11 22 13 20 12 21 13 20 13 20 13 20 14 19 13 20 15 18 13 20 16 17 13 20 17 16 13 20 18 15 13 20 19 14 13 20 20 13 13 20 21 12 13 20 22 11 13 20 23 10 13 20 24 9 13 20 26 8 13 20 27 7 13 20 28 6 13 20 30 5 13 20 32 4 13 20 34 3 13 20 35 2 13 20 37 1 13 21 1 38 13 21 2 36 13 21 3 35 13 21 4 33 13 21 5 31 13 21 6 29 13 21 7 28 13 21 8 27 13 21 9 25 13 21 10 24 13 21 11 23 13 21 12 22 13 21 13 21 13 21 14 20 13 21 15 19 13 21 16 18 13 21 17 17 13 21 18 16 13 21 19 15 13 21 20 14 13 21 21 13 13 21 22 12 13 21 23 11 13 21 24 10 13 21 25 9 13 21 27 8 13 21 28 7 13 21 29 6 13 21 31 5 13 21 33 4 13 21 35 3 13 21 36 2 13 21 38 1 13 22 1 39 13 22 2 37 13 22 3 36 13 22 4 34 13 22 5 32 13 22 6 30 13 22 7 29 13 22 8 28 13 22 9 26 13 22 10 25 13 22 11 24 13 22 12 23 13 22 13 22 13 22 14 21 13 22 15 20 13 22 16 19 13 22 17 18 13 22 18 17 13 22 19 16 13 22 20 15 13 22 21 14 13 22 22 13 13 22 23 12 13 22 24 11 13 22 25 10 13 22 26 9 13 22 28 8 13 22 29 7 13 22 30 6 13 22 32 5 13 22 34 4 13 22 36 3 13 22 37 2 13 22 39 1 13 23 1 40 13 23 2 38 13 23 3 37 13 23 4 35 13 23 5 33 13 23 6 31 13 23 7 30 13 23 8 29 13 23 9 27 13 23 10 26 13 23 11 25 13 23 12 24 13 23 13 23 13 23 14 22 13 23 15 21 13 23 16 20 13 23 17 19 13 23 18 18 13 23 19 17 13 23 20 16 13 23 21 15 13 23 22 14 13 23 23 13 13 23 24 12 13 23 25 11 13 23 26 10 13 23 27 9 13 23 29 8 13 23 30 7 13 23 31 6 13 23 33 5 13 23 35 4 13 23 37 3 13 23 38 2 13 23 40 1 13 24 1 41 13 24 2 39 13 24 3 38 13 24 4 36 13 24 5 34 13 24 6 32 13 24 7 31 13 24 8 30 13 24 9 28 13 24 10 27 13 24 11 26 13 24 12 25 13 24 13 24 13 24 14 23 13 24 15 22 13 24 16 21 13 24 17 20 13 24 18 19 13 24 19 18 13 24 20 17 13 24 21 16 13 24 22 15 13 24 23 14 13 24 24 13 13 24 25 12 13 24 26 11 13 24 27 10 13 24 28 9 13 24 30 8 13 24 31 7 13 24 32 6 13 24 34 5 13 24 36 4 13 24 38 3 13 24 39 2 13 24 41 1 13 25 1 42 13 25 2 40 13 25 3 39 13 25 4 37 13 25 5 35 13 25 6 33 13 25 7 32 13 25 8 31 13 25 9 29 13 25 10 28 13 25 11 27 13 25 12 26 13 25 13 25 13 25 14 24 13 25 15 23 13 25 16 22 13 25 17 21 13 25 18 20 13 25 19 19 13 25 20 18 13 25 21 17 13 25 22 16 13 25 23 15 13 25 24 14 13 25 25 13 13 25 26 12 13 25 27 11 13 25 28 10 13 25 29 9 13 25 31 8 13 25 32 7 13 25 33 6 13 25 35 5 13 25 37 4 13 25 39 3 13 25 40 2 13 25 42 1 13 26 1 43 13 26 2 41 13 26 3 40 13 26 4 38 13 26 5 36 13 26 6 34 13 26 7 33 13 26 8 32 13 26 9 30 13 26 10 29 13 26 11 28 13 26 12 27 13 26 13 26 13 26 14 25 13 26 15 24 13 26 16 23 13 26 17 22 13 26 18 21 13 26 19 20 13 26 20 19 13 26 21 18 13 26 22 17 13 26 23 16 13 26 24 15 13 26 25 14 13 26 26 13 13 26 27 12 13 26 28 11 13 26 29 10 13 26 30 9 13 26 32 8 13 26 33 7 13 26 34 6 13 26 36 5 13 26 38 4 13 26 40 3 13 26 41 2 13 26 43 1 13 27 1 44 13 27 2 42 13 27 3 41 13 27 4 39 13 27 5 37 13 27 6 35 13 27 7 34 13 27 8 33 13 27 9 31 13 27 10 30 13 27 11 29 13 27 12 28 13 27 13 27 13 27 14 26 13 27 15 25 13 27 16 24 13 27 17 23 13 27 18 22 13 27 19 21 13 27 20 20 13 27 21 19 13 27 22 18 13 27 23 17 13 27 24 16 13 27 25 15 13 27 26 14 13 27 27 13 13 27 28 12 13 27 29 11 13 27 30 10 13 27 31 9 13 27 33 8 13 27 34 7 13 27 35 6 13 27 37 5 13 27 39 4 13 27 41 3 13 27 42 2 13 27 44 1 13 28 1 45 13 28 2 43 13 28 3 42 13 28 4 40 13 28 5 38 13 28 6 36 13 28 7 35 13 28 8 34 13 28 9 32 13 28 10 31 13 28 11 30 13 28 12 29 13 28 13 28 13 28 14 27 13 28 15 26 13 28 16 25 13 28 17 24 13 28 18 23 13 28 19 22 13 28 20 21 13 28 21 20 13 28 22 19 13 28 23 18 13 28 24 17 13 28 25 16 13 28 26 15 13 28 27 14 13 28 28 13 13 28 29 12 13 28 30 11 13 28 31 10 13 28 32 9 13 28 34 8 13 28 35 7 13 28 36 6 13 28 38 5 13 28 40 4 13 28 42 3 13 28 43 2 13 28 45 1 13 29 2 44 13 29 3 43 13 29 4 41 13 29 5 39 13 29 6 37 13 29 7 36 13 29 8 35 13 29 9 33 13 29 10 32 13 29 11 31 13 29 12 30 13 29 13 29 13 29 14 28 13 29 15 27 13 29 16 26 13 29 17 25 13 29 18 24 13 29 19 23 13 29 20 22 13 29 21 21 13 29 22 20 13 29 23 19 13 29 24 18 13 29 25 17 13 29 26 16 13 29 27 15 13 29 28 14 13 29 29 13 13 29 30 12 13 29 31 11 13 29 32 10 13 29 33 9 13 29 35 8 13 29 36 7 13 29 37 6 13 29 39 5 13 29 41 4 13 29 43 3 13 29 44 2 13 30 2 45 13 30 3 44 13 30 4 42 13 30 5 40 13 30 6 38 13 30 7 37 13 30 8 36 13 30 9 34 13 30 10 33 13 30 11 32 13 30 12 31 13 30 13 30 13 30 14 29 13 30 15 28 13 30 16 27 13 30 17 26 13 30 18 25 13 30 19 24 13 30 20 23 13 30 21 22 13 30 22 21 13 30 23 20 13 30 24 19 13 30 25 18 13 30 26 17 13 30 27 16 13 30 28 15 13 30 29 14 13 30 30 13 13 30 31 12 13 30 32 11 13 30 33 10 13 30 34 9 13 30 36 8 13 30 37 7 13 30 38 6 13 30 40 5 13 30 42 4 13 30 44 3 13 30 45 2 13 31 2 46 13 31 3 45 13 31 4 43 13 31 5 41 13 31 6 39 13 31 7 38 13 31 8 37 13 31 9 35 13 31 10 34 13 31 11 33 13 31 12 32 13 31 13 31 13 31 14 30 13 31 15 29 13 31 16 28 13 31 17 27 13 31 18 26 13 31 19 25 13 31 20 24 13 31 21 23 13 31 22 22 13 31 23 21 13 31 24 20 13 31 25 19 13 31 26 18 13 31 27 17 13 31 28 16 13 31 29 15 13 31 30 14 13 31 31 13 13 31 32 12 13 31 33 11 13 31 34 10 13 31 35 9 13 31 37 8 13 31 38 7 13 31 39 6 13 31 41 5 13 31 43 4 13 31 45 3 13 31 46 2 13 32 2 47 13 32 3 46 13 32 4 44 13 32 5 42 13 32 6 40 13 32 7 39 13 32 8 38 13 32 9 36 13 32 10 35 13 32 11 34 13 32 12 33 13 32 13 32 13 32 14 31 13 32 15 30 13 32 16 29 13 32 17 28 13 32 18 27 13 32 19 26 13 32 20 25 13 32 21 24 13 32 22 23 13 32 23 22 13 32 24 21 13 32 25 20 13 32 26 19 13 32 27 18 13 32 28 17 13 32 29 16 13 32 30 15 13 32 31 14 13 32 32 13 13 32 33 12 13 32 34 11 13 32 35 10 13 32 36 9 13 32 38 8 13 32 39 7 13 32 40 6 13 32 42 5 13 32 44 4 13 32 46 3 13 32 47 2 13 33 3 47 13 33 4 45 13 33 5 43 13 33 6 41 13 33 7 40 13 33 8 39 13 33 9 37 13 33 10 36 13 33 11 35 13 33 12 34 13 33 13 33 13 33 14 32 13 33 15 31 13 33 16 30 13 33 17 29 13 33 18 28 13 33 19 27 13 33 20 26 13 33 21 25 13 33 22 24 13 33 23 23 13 33 24 22 13 33 25 21 13 33 26 20 13 33 27 19 13 33 28 18 13 33 29 17 13 33 30 16 13 33 31 15 13 33 32 14 13 33 33 13 13 33 34 12 13 33 35 11 13 33 36 10 13 33 37 9 13 33 39 8 13 33 40 7 13 33 41 6 13 33 43 5 13 33 45 4 13 33 47 3 13 34 3 48 13 34 4 46 13 34 5 44 13 34 6 42 13 34 7 41 13 34 8 40 13 34 9 38 13 34 10 37 13 34 11 36 13 34 12 35 13 34 13 34 13 34 14 33 13 34 15 32 13 34 16 31 13 34 17 30 13 34 18 29 13 34 19 28 13 34 20 27 13 34 21 26 13 34 22 25 13 34 23 24 13 34 24 23 13 34 25 22 13 34 26 21 13 34 27 20 13 34 28 19 13 34 29 18 13 34 30 17 13 34 31 16 13 34 32 15 13 34 33 14 13 34 34 13 13 34 35 12 13 34 36 11 13 34 37 10 13 34 38 9 13 34 40 8 13 34 41 7 13 34 42 6 13 34 44 5 13 34 46 4 13 34 48 3 13 35 3 49 13 35 4 47 13 35 5 45 13 35 6 43 13 35 7 42 13 35 8 41 13 35 9 39 13 35 10 38 13 35 11 37 13 35 12 36 13 35 13 35 13 35 14 34 13 35 15 33 13 35 16 32 13 35 17 31 13 35 18 30 13 35 19 29 13 35 20 28 13 35 21 27 13 35 22 26 13 35 23 25 13 35 24 24 13 35 25 23 13 35 26 22 13 35 27 21 13 35 28 20 13 35 29 19 13 35 30 18 13 35 31 17 13 35 32 16 13 35 33 15 13 35 34 14 13 35 35 13 13 35 36 12 13 35 37 11 13 35 38 10 13 35 39 9 13 35 41 8 13 35 42 7 13 35 43 6 13 35 45 5 13 35 47 4 13 35 49 3 13 36 4 48 13 36 5 46 13 36 6 44 13 36 7 43 13 36 8 42 13 36 9 40 13 36 10 39 13 36 11 38 13 36 12 37 13 36 13 36 13 36 14 35 13 36 15 34 13 36 16 33 13 36 17 32 13 36 18 31 13 36 19 30 13 36 20 29 13 36 21 28 13 36 22 27 13 36 23 26 13 36 24 25 13 36 25 24 13 36 26 23 13 36 27 22 13 36 28 21 13 36 29 20 13 36 30 19 13 36 31 18 13 36 32 17 13 36 33 16 13 36 34 15 13 36 35 14 13 36 36 13 13 36 37 12 13 36 38 11 13 36 39 10 13 36 40 9 13 36 42 8 13 36 43 7 13 36 44 6 13 36 46 5 13 36 48 4 13 37 4 49 13 37 5 47 13 37 6 45 13 37 7 44 13 37 8 43 13 37 9 41 13 37 10 40 13 37 11 39 13 37 12 38 13 37 13 37 13 37 14 36 13 37 15 35 13 37 16 34 13 37 17 33 13 37 18 32 13 37 19 31 13 37 20 30 13 37 21 29 13 37 22 28 13 37 23 27 13 37 24 26 13 37 25 25 13 37 26 24 13 37 27 23 13 37 28 22 13 37 29 21 13 37 30 20 13 37 31 19 13 37 32 18 13 37 33 17 13 37 34 16 13 37 35 15 13 37 36 14 13 37 37 13 13 37 38 12 13 37 39 11 13 37 40 10 13 37 41 9 13 37 43 8 13 37 44 7 13 37 45 6 13 37 47 5 13 37 49 4 13 38 4 50 13 38 5 48 13 38 6 46 13 38 7 45 13 38 8 44 13 38 9 42 13 38 10 41 13 38 11 40 13 38 12 39 13 38 13 38 13 38 14 37 13 38 15 36 13 38 16 35 13 38 17 34 13 38 18 33 13 38 19 32 13 38 20 31 13 38 21 30 13 38 22 29 13 38 23 28 13 38 24 27 13 38 25 26 13 38 26 25 13 38 27 24 13 38 28 23 13 38 29 22 13 38 30 21 13 38 31 20 13 38 32 19 13 38 33 18 13 38 34 17 13 38 35 16 13 38 36 15 13 38 37 14 13 38 38 13 13 38 39 12 13 38 40 11 13 38 41 10 13 38 42 9 13 38 44 8 13 38 45 7 13 38 46 6 13 38 48 5 13 38 50 4 13 39 4 51 13 39 5 49 13 39 6 47 13 39 7 46 13 39 8 45 13 39 9 43 13 39 10 42 13 39 11 41 13 39 12 40 13 39 13 39 13 39 14 38 13 39 15 37 13 39 16 36 13 39 17 35 13 39 18 34 13 39 19 33 13 39 20 32 13 39 21 31 13 39 22 30 13 39 23 29 13 39 24 28 13 39 25 27 13 39 26 26 13 39 27 25 13 39 28 24 13 39 29 23 13 39 30 22 13 39 31 21 13 39 32 20 13 39 33 19 13 39 34 18 13 39 35 17 13 39 36 16 13 39 37 15 13 39 38 14 13 39 39 13 13 39 40 12 13 39 41 11 13 39 42 10 13 39 43 9 13 39 45 8 13 39 46 7 13 39 47 6 13 39 49 5 13 39 51 4 13 40 5 50 13 40 6 48 13 40 7 47 13 40 8 46 13 40 9 44 13 40 10 43 13 40 11 42 13 40 12 41 13 40 13 40 13 40 14 39 13 40 15 38 13 40 16 37 13 40 17 36 13 40 18 35 13 40 19 34 13 40 20 33 13 40 21 32 13 40 22 31 13 40 23 30 13 40 24 29 13 40 25 28 13 40 26 27 13 40 27 26 13 40 28 25 13 40 29 24 13 40 30 23 13 40 31 22 13 40 32 21 13 40 33 20 13 40 34 19 13 40 35 18 13 40 36 17 13 40 37 16 13 40 38 15 13 40 39 14 13 40 40 13 13 40 41 12 13 40 42 11 13 40 43 10 13 40 44 9 13 40 46 8 13 40 47 7 13 40 48 6 13 40 50 5 13 41 5 51 13 41 6 49 13 41 7 48 13 41 8 47 13 41 9 45 13 41 10 44 13 41 11 43 13 41 12 42 13 41 13 41 13 41 14 40 13 41 15 39 13 41 16 38 13 41 17 37 13 41 18 36 13 41 19 35 13 41 20 34 13 41 21 33 13 41 22 32 13 41 23 31 13 41 24 30 13 41 25 29 13 41 26 28 13 41 27 27 13 41 28 26 13 41 29 25 13 41 30 24 13 41 31 23 13 41 32 22 13 41 33 21 13 41 34 20 13 41 35 19 13 41 36 18 13 41 37 17 13 41 38 16 13 41 39 15 13 41 40 14 13 41 41 13 13 41 42 12 13 41 43 11 13 41 44 10 13 41 45 9 13 41 47 8 13 41 48 7 13 41 49 6 13 41 51 5 13 42 6 50 13 42 7 49 13 42 8 48 13 42 9 46 13 42 10 45 13 42 11 44 13 42 12 43 13 42 13 42 13 42 14 41 13 42 15 40 13 42 16 39 13 42 17 38 13 42 18 37 13 42 19 36 13 42 20 35 13 42 21 34 13 42 22 33 13 42 23 32 13 42 24 31 13 42 25 30 13 42 26 29 13 42 27 28 13 42 28 27 13 42 29 26 13 42 30 25 13 42 31 24 13 42 32 23 13 42 33 22 13 42 34 21 13 42 35 20 13 42 36 19 13 42 37 18 13 42 38 17 13 42 39 16 13 42 40 15 13 42 41 14 13 42 42 13 13 42 43 12 13 42 44 11 13 42 45 10 13 42 46 9 13 42 48 8 13 42 49 7 13 42 50 6 13 43 6 51 13 43 7 50 13 43 8 49 13 43 9 47 13 43 10 46 13 43 11 45 13 43 12 44 13 43 13 43 13 43 14 42 13 43 15 41 13 43 16 40 13 43 17 39 13 43 18 38 13 43 19 37 13 43 20 36 13 43 21 35 13 43 22 34 13 43 23 33 13 43 24 32 13 43 25 31 13 43 26 30 13 43 27 29 13 43 28 28 13 43 29 27 13 43 30 26 13 43 31 25 13 43 32 24 13 43 33 23 13 43 34 22 13 43 35 21 13 43 36 20 13 43 37 19 13 43 38 18 13 43 39 17 13 43 40 16 13 43 41 15 13 43 42 14 13 43 43 13 13 43 44 12 13 43 45 11 13 43 46 10 13 43 47 9 13 43 49 8 13 43 50 7 13 43 51 6 13 44 7 51 13 44 8 50 13 44 9 48 13 44 10 47 13 44 11 46 13 44 12 45 13 44 13 44 13 44 14 43 13 44 15 42 13 44 16 41 13 44 17 40 13 44 18 39 13 44 19 38 13 44 20 37 13 44 21 36 13 44 22 35 13 44 23 34 13 44 24 33 13 44 25 32 13 44 26 31 13 44 27 30 13 44 28 29 13 44 29 28 13 44 30 27 13 44 31 26 13 44 32 25 13 44 33 24 13 44 34 23 13 44 35 22 13 44 36 21 13 44 37 20 13 44 38 19 13 44 39 18 13 44 40 17 13 44 41 16 13 44 42 15 13 44 43 14 13 44 44 13 13 44 45 12 13 44 46 11 13 44 47 10 13 44 48 9 13 44 50 8 13 44 51 7 13 45 8 51 13 45 9 49 13 45 10 48 13 45 11 47 13 45 12 46 13 45 13 45 13 45 14 44 13 45 15 43 13 45 16 42 13 45 17 41 13 45 18 40 13 45 19 39 13 45 20 38 13 45 21 37 13 45 22 36 13 45 23 35 13 45 24 34 13 45 25 33 13 45 26 32 13 45 27 31 13 45 28 30 13 45 29 29 13 45 30 28 13 45 31 27 13 45 32 26 13 45 33 25 13 45 34 24 13 45 35 23 13 45 36 22 13 45 37 21 13 45 38 20 13 45 39 19 13 45 40 18 13 45 41 17 13 45 42 16 13 45 43 15 13 45 44 14 13 45 45 13 13 45 46 12 13 45 47 11 13 45 48 10 13 45 49 9 13 45 51 8 13 46 9 50 13 46 10 49 13 46 11 48 13 46 12 47 13 46 13 46 13 46 14 45 13 46 15 44 13 46 16 43 13 46 17 42 13 46 18 41 13 46 19 40 13 46 20 39 13 46 21 38 13 46 22 37 13 46 23 36 13 46 24 35 13 46 25 34 13 46 26 33 13 46 27 32 13 46 28 31 13 46 29 30 13 46 30 29 13 46 31 28 13 46 32 27 13 46 33 26 13 46 34 25 13 46 35 24 13 46 36 23 13 46 37 22 13 46 38 21 13 46 39 20 13 46 40 19 13 46 41 18 13 46 42 17 13 46 43 16 13 46 44 15 13 46 45 14 13 46 46 13 13 46 47 12 13 46 48 11 13 46 49 10 13 46 50 9 13 47 9 51 13 47 10 50 13 47 11 49 13 47 12 48 13 47 13 47 13 47 14 46 13 47 15 45 13 47 16 44 13 47 17 43 13 47 18 42 13 47 19 41 13 47 20 40 13 47 21 39 13 47 22 38 13 47 23 37 13 47 24 36 13 47 25 35 13 47 26 34 13 47 27 33 13 47 28 32 13 47 29 31 13 47 30 30 13 47 31 29 13 47 32 28 13 47 33 27 13 47 34 26 13 47 35 25 13 47 36 24 13 47 37 23 13 47 38 22 13 47 39 21 13 47 40 20 13 47 41 19 13 47 42 18 13 47 43 17 13 47 44 16 13 47 45 15 13 47 46 14 13 47 47 13 13 47 48 12 13 47 49 11 13 47 50 10 13 47 51 9 13 48 10 51 13 48 11 50 13 48 12 49 13 48 13 48 13 48 14 47 13 48 15 46 13 48 16 45 13 48 17 44 13 48 18 43 13 48 19 42 13 48 20 41 13 48 21 40 13 48 22 39 13 48 23 38 13 48 24 37 13 48 25 36 13 48 26 35 13 48 27 34 13 48 28 33 13 48 29 32 13 48 30 31 13 48 31 30 13 48 32 29 13 48 33 28 13 48 34 27 13 48 35 26 13 48 36 25 13 48 37 24 13 48 38 23 13 48 39 22 13 48 40 21 13 48 41 20 13 48 42 19 13 48 43 18 13 48 44 17 13 48 45 16 13 48 46 15 13 48 47 14 13 48 48 13 13 48 49 12 13 48 50 11 13 48 51 10 13 49 11 51 13 49 12 50 13 49 13 49 13 49 14 48 13 49 15 47 13 49 16 46 13 49 17 45 13 49 18 44 13 49 19 43 13 49 20 42 13 49 21 41 13 49 22 40 13 49 23 39 13 49 24 38 13 49 25 37 13 49 26 36 13 49 27 35 13 49 28 34 13 49 29 33 13 49 30 32 13 49 31 31 13 49 32 30 13 49 33 29 13 49 34 28 13 49 35 27 13 49 36 26 13 49 37 25 13 49 38 24 13 49 39 23 13 49 40 22 13 49 41 21 13 49 42 20 13 49 43 19 13 49 44 18 13 49 45 17 13 49 46 16 13 49 47 15 13 49 48 14 13 49 49 13 13 49 50 12 13 49 51 11 13 50 12 51 13 50 13 50 13 50 14 49 13 50 15 48 13 50 16 47 13 50 17 46 13 50 18 45 13 50 19 44 13 50 20 43 13 50 21 42 13 50 22 41 13 50 23 40 13 50 24 39 13 50 25 38 13 50 26 37 13 50 27 36 13 50 28 35 13 50 29 34 13 50 30 33 13 50 31 32 13 50 32 31 13 50 33 30 13 50 34 29 13 50 35 28 13 50 36 27 13 50 37 26 13 50 38 25 13 50 39 24 13 50 40 23 13 50 41 22 13 50 42 21 13 50 43 20 13 50 44 19 13 50 45 18 13 50 46 17 13 50 47 16 13 50 48 15 13 50 49 14 13 50 50 13 13 50 51 12 13 51 13 51 13 51 14 50 13 51 15 49 13 51 16 48 13 51 17 47 13 51 18 46 13 51 19 45 13 51 20 44 13 51 21 43 13 51 22 42 13 51 23 41 13 51 24 40 13 51 25 39 13 51 26 38 13 51 27 37 13 51 28 36 13 51 29 35 13 51 30 34 13 51 31 33 13 51 32 32 13 51 33 31 13 51 34 30 13 51 35 29 13 51 36 28 13 51 37 27 13 51 38 26 13 51 39 25 13 51 40 24 13 51 41 23 13 51 42 22 13 51 43 21 13 51 44 20 13 51 45 19 13 51 46 18 13 51 47 17 13 51 48 16 13 51 49 15 13 51 50 14 13 51 51 13 






































