

























26 0 0 26 26 0 1 24 26 0 2 22 26 0 3 21 26 0 4 19 26 0 5 18 26 0 6 17 26 0 7 15 26 0 8 14 26 0 9 13 26 0 10 11 26 0 11 10 26 0 13 9 26 0 14 8 26 0 15 7 26 0 17 6 26 0 18 5 26 0 19 4 26 0 21 3 26 0 22 2 26 0 24 1 26 0 26 0 26 1 0 28 26 1 1 26 26 1 2 24 26 1 3 23 26 1 4 21 26 1 5 20 26 1 6 19 26 1 7 17 26 1 8 16 26 1 9 15 26 1 10 13 26 1 11 12 26 1 12 11 26 1 13 10 26 1 15 9 26 1 16 8 26 1 17 7 26 1 19 6 26 1 20 5 26 1 21 4 26 1 23 3 26 1 24 2 26 1 26 1 26 1 28 0 26 2 0 30 26 2 1 28 26 2 2 26 26 2 3 25 26 2 4 23 26 2 5 22 26 2 6 21 26 2 7 19 26 2 8 18 26 2 9 17 26 2 10 15 26 2 11 14 26 2 12 13 26 2 13 12 26 2 14 11 26 2 15 10 26 2 17 9 26 2 18 8 26 2 19 7 26 2 21 6 26 2 22 5 26 2 23 4 26 2 25 3 26 2 26 2 26 2 28 1 26 2 30 0 26 3 0 31 26 3 1 29 26 3 2 27 26 3 3 26 26 3 4 24 26 3 5 23 26 3 6 22 26 3 7 20 26 3 8 19 26 3 9 18 26 3 10 16 26 3 11 15 26 3 12 14 26 3 13 13 26 3 14 12 26 3 15 11 26 3 16 10 26 3 18 9 26 3 19 8 26 3 20 7 26 3 22 6 26 3 23 5 26 3 24 4 26 3 26 3 26 3 27 2 26 3 29 1 26 3 31 0 26 4 0 33 26 4 1 31 26 4 2 29 26 4 3 28 26 4 4 26 26 4 5 25 26 4 6 24 26 4 7 22 26 4 8 21 26 4 9 20 26 4 10 18 26 4 11 17 26 4 12 16 26 4 13 15 26 4 14 14 26 4 15 13 26 4 16 12 26 4 17 11 26 4 18 10 26 4 20 9 26 4 21 8 26 4 22 7 26 4 24 6 26 4 25 5 26 4 26 4 26 4 28 3 26 4 29 2 26 4 31 1 26 4 33 0 26 5 0 34 26 5 1 32 26 5 2 30 26 5 3 29 26 5 4 27 26 5 5 26 26 5 6 25 26 5 7 23 26 5 8 22 26 5 9 21 26 5 10 19 26 5 11 18 26 5 12 17 26 5 13 16 26 5 14 15 26 5 15 14 26 5 16 13 26 5 17 12 26 5 18 11 26 5 19 10 26 5 21 9 26 5 22 8 26 5 23 7 26 5 25 6 26 5 26 5 26 5 27 4 26 5 29 3 26 5 30 2 26 5 32 1 26 5 34 0 26 6 0 35 26 6 1 33 26 6 2 31 26 6 3 30 26 6 4 28 26 6 5 27 26 6 6 26 26 6 7 24 26 6 8 23 26 6 9 22 26 6 10 20 26 6 11 19 26 6 12 18 26 6 13 17 26 6 14 16 26 6 15 15 26 6 16 14 26 6 17 13 26 6 18 12 26 6 19 11 26 6 20 10 26 6 22 9 26 6 23 8 26 6 24 7 26 6 26 6 26 6 27 5 26 6 28 4 26 6 30 3 26 6 31 2 26 6 33 1 26 6 35 0 26 7 1 35 26 7 2 33 26 7 3 32 26 7 4 30 26 7 5 29 26 7 6 28 26 7 7 26 26 7 8 25 26 7 9 24 26 7 10 22 26 7 11 21 26 7 12 20 26 7 13 19 26 7 14 18 26 7 15 17 26 7 16 16 26 7 17 15 26 7 18 14 26 7 19 13 26 7 20 12 26 7 21 11 26 7 22 10 26 7 24 9 26 7 25 8 26 7 26 7 26 7 28 6 26 7 29 5 26 7 30 4 26 7 32 3 26 7 33 2 26 7 35 1 26 8 1 36 26 8 2 34 26 8 3 33 26 8 4 31 26 8 5 30 26 8 6 29 26 8 7 27 26 8 8 26 26 8 9 25 26 8 10 23 26 8 11 22 26 8 12 21 26 8 13 20 26 8 14 19 26 8 15 18 26 8 16 17 26 8 17 16 26 8 18 15 26 8 19 14 26 8 20 13 26 8 21 12 26 8 22 11 26 8 23 10 26 8 25 9 26 8 26 8 26 8 27 7 26 8 29 6 26 8 30 5 26 8 31 4 26 8 33 3 26 8 34 2 26 8 36 1 26 9 1 37 26 9 2 35 26 9 3 34 26 9 4 32 26 9 5 31 26 9 6 30 26 9 7 28 26 9 8 27 26 9 9 26 26 9 10 24 26 9 11 23 26 9 12 22 26 9 13 21 26 9 14 20 26 9 15 19 26 9 16 18 26 9 17 17 26 9 18 16 26 9 19 15 26 9 20 14 26 9 21 13 26 9 22 12 26 9 23 11 26 9 24 10 26 9 26 9 26 9 27 8 26 9 28 7 26 9 30 6 26 9 31 5 26 9 32 4 26 9 34 3 26 9 35 2 26 9 37 1 26 10 1 39 26 10 2 37 26 10 3 36 26 10 4 34 26 10 5 33 26 10 6 32 26 10 7 30 26 10 8 29 26 10 9 28 26 10 10 26 26 10 11 25 26 10 12 24 26 10 13 23 26 10 14 22 26 10 15 21 26 10 16 20 26 10 17 19 26 10 18 18 26 10 19 17 26 10 20 16 26 10 21 15 26 10 22 14 26 10 23 13 26 10 24 12 26 10 25 11 26 10 26 10 26 10 28 9 26 10 29 8 26 10 30 7 26 10 32 6 26 10 33 5 26 10 34 4 26 10 36 3 26 10 37 2 26 10 39 1 26 11 2 38 26 11 3 37 26 11 4 35 26 11 5 34 26 11 6 33 26 11 7 31 26 11 8 30 26 11 9 29 26 11 10 27 26 11 11 26 26 11 12 25 26 11 13 24 26 11 14 23 26 11 15 22 26 11 16 21 26 11 17 20 26 11 18 19 26 11 19 18 26 11 20 17 26 11 21 16 26 11 22 15 26 11 23 14 26 11 24 13 26 11 25 12 26 11 26 11 26 11 27 10 26 11 29 9 26 11 30 8 26 11 31 7 26 11 33 6 26 11 34 5 26 11 35 4 26 11 37 3 26 11 38 2 26 12 2 39 26 12 3 38 26 12 4 36 26 12 5 35 26 12 6 34 26 12 7 32 26 12 8 31 26 12 9 30 26 12 10 28 26 12 11 27 26 12 12 26 26 12 13 25 26 12 14 24 26 12 15 23 26 12 16 22 26 12 17 21 26 12 18 20 26 12 19 19 26 12 20 18 26 12 21 17 26 12 22 16 26 12 23 15 26 12 24 14 26 12 25 13 26 12 26 12 26 12 27 11 26 12 28 10 26 12 30 9 26 12 31 8 26 12 32 7 26 12 34 6 26 12 35 5 26 12 36 4 26 12 38 3 26 12 39 2 26 13 2 40 26 13 3 39 26 13 4 37 26 13 5 36 26 13 6 35 26 13 7 33 26 13 8 32 26 13 9 31 26 13 10 29 26 13 11 28 26 13 12 27 26 13 13 26 26 13 14 25 26 13 15 24 26 13 16 23 26 13 17 22 26 13 18 21 26 13 19 20 26 13 20 19 26 13 21 18 26 13 22 17 26 13 23 16 26 13 24 15 26 13 25 14 26 13 26 13 26 13 27 12 26 13 28 11 26 13 29 10 26 13 31 9 26 13 32 8 26 13 33 7 26 13 35 6 26 13 36 5 26 13 37 4 26 13 39 3 26 13 40 2 26 14 3 40 26 14 4 38 26 14 5 37 26 14 6 36 26 14 7 34 26 14 8 33 26 14 9 32 26 14 10 30 26 14 11 29 26 14 12 28 26 14 13 27 26 14 14 26 26 14 15 25 26 14 16 24 26 14 17 23 26 14 18 22 26 14 19 21 26 14 20 20 26 14 21 19 26 14 22 18 26 14 23 17 26 14 24 16 26 14 25 15 26 14 26 14 26 14 27 13 26 14 28 12 26 14 29 11 26 14 30 10 26 14 32 9 26 14 33 8 26 14 34 7 26 14 36 6 26 14 37 5 26 14 38 4 26 14 40 3 26 15 3 41 26 15 4 39 26 15 5 38 26 15 6 37 26 15 7 35 26 15 8 34 26 15 9 33 26 15 10 31 26 15 11 30 26 15 12 29 26 15 13 28 26 15 14 27 26 15 15 26 26 15 16 25 26 15 17 24 26 15 18 23 26 15 19 22 26 15 20 21 26 15 21 20 26 15 22 19 26 15 23 18 26 15 24 17 26 15 25 16 26 15 26 15 26 15 27 14 26 15 28 13 26 15 29 12 26 15 30 11 26 15 31 10 26 15 33 9 26 15 34 8 26 15 35 7 26 15 37 6 26 15 38 5 26 15 39 4 26 15 41 3 26 16 4 40 26 16 5 39 26 16 6 38 26 16 7 36 26 16 8 35 26 16 9 34 26 16 10 32 26 16 11 31 26 16 12 30 26 16 13 29 26 16 14 28 26 16 15 27 26 16 16 26 26 16 17 25 26 16 18 24 26 16 19 23 26 16 20 22 26 16 21 21 26 16 22 20 26 16 23 19 26 16 24 18 26 16 25 17 26 16 26 16 26 16 27 15 26 16 28 14 26 16 29 13 26 16 30 12 26 16 31 11 26 16 32 10 26 16 34 9 26 16 35 8 26 16 36 7 26 16 38 6 26 16 39 5 26 16 40 4 26 17 4 41 26 17 5 40 26 17 6 39 26 17 7 37 26 17 8 36 26 17 9 35 26 17 10 33 26 17 11 32 26 17 12 31 26 17 13 30 26 17 14 29 26 17 15 28 26 17 16 27 26 17 17 26 26 17 18 25 26 17 19 24 26 17 20 23 26 17 21 22 26 17 22 21 26 17 23 20 26 17 24 19 26 17 25 18 26 17 26 17 26 17 27 16 26 17 28 15 26 17 29 14 26 17 30 13 26 17 31 12 26 17 32 11 26 17 33 10 26 17 35 9 26 17 36 8 26 17 37 7 26 17 39 6 26 17 40 5 26 17 41 4 26 18 4 42 26 18 5 41 26 18 6 40 26 18 7 38 26 18 8 37 26 18 9 36 26 18 10 34 26 18 11 33 26 18 12 32 26 18 13 31 26 18 14 30 26 18 15 29 26 18 16 28 26 18 17 27 26 18 18 26 26 18 19 25 26 18 20 24 26 18 21 23 26 18 22 22 26 18 23 21 26 18 24 20 26 18 25 19 26 18 26 18 26 18 27 17 26 18 28 16 26 18 29 15 26 18 30 14 26 18 31 13 26 18 32 12 26 18 33 11 26 18 34 10 26 18 36 9 26 18 37 8 26 18 38 7 26 18 40 6 26 18 41 5 26 18 42 4 26 19 5 42 26 19 6 41 26 19 7 39 26 19 8 38 26 19 9 37 26 19 10 35 26 19 11 34 26 19 12 33 26 19 13 32 26 19 14 31 26 19 15 30 26 19 16 29 26 19 17 28 26 19 18 27 26 19 19 26 26 19 20 25 26 19 21 24 26 19 22 23 26 19 23 22 26 19 24 21 26 19 25 20 26 19 26 19 26 19 27 18 26 19 28 17 26 19 29 16 26 19 30 15 26 19 31 14 26 19 32 13 26 19 33 12 26 19 34 11 26 19 35 10 26 19 37 9 26 19 38 8 26 19 39 7 26 19 41 6 26 19 42 5 26 20 6 42 26 20 7 40 26 20 8 39 26 20 9 38 26 20 10 36 26 20 11 35 26 20 12 34 26 20 13 33 26 20 14 32 26 20 15 31 26 20 16 30 26 20 17 29 26 20 18 28 26 20 19 27 26 20 20 26 26 20 21 25 26 20 22 24 26 20 23 23 26 20 24 22 26 20 25 21 26 20 26 20 26 20 27 19 26 20 28 18 26 20 29 17 26 20 30 16 26 20 31 15 26 20 32 14 26 20 33 13 26 20 34 12 26 20 35 11 26 20 36 10 26 20 38 9 26 20 39 8 26 20 40 7 26 20 42 6 26 21 7 41 26 21 8 40 26 21 9 39 26 21 10 37 26 21 11 36 26 21 12 35 26 21 13 34 26 21 14 33 26 21 15 32 26 21 16 31 26 21 17 30 26 21 18 29 26 21 19 28 26 21 20 27 26 21 21 26 26 21 22 25 26 21 23 24 26 21 24 23 26 21 25 22 26 21 26 21 26 21 27 20 26 21 28 19 26 21 29 18 26 21 30 17 26 21 31 16 26 21 32 15 26 21 33 14 26 21 34 13 26 21 35 12 26 21 36 11 26 21 37 10 26 21 39 9 26 21 40 8 26 21 41 7 26 22 7 42 26 22 8 41 26 22 9 40 26 22 10 38 26 22 11 37 26 22 12 36 26 22 13 35 26 22 14 34 26 22 15 33 26 22 16 32 26 22 17 31 26 22 18 30 26 22 19 29 26 22 20 28 26 22 21 27 26 22 22 26 26 22 23 25 26 22 24 24 26 22 25 23 26 22 26 22 26 22 27 21 26 22 28 20 26 22 29 19 26 22 30 18 26 22 31 17 26 22 32 16 26 22 33 15 26 22 34 14 26 22 35 13 26 22 36 12 26 22 37 11 26 22 38 10 26 22 40 9 26 22 41 8 26 22 42 7 26 23 8 42 26 23 9 41 26 23 10 39 26 23 11 38 26 23 12 37 26 23 13 36 26 23 14 35 26 23 15 34 26 23 16 33 26 23 17 32 26 23 18 31 26 23 19 30 26 23 20 29 26 23 21 28 26 23 22 27 26 23 23 26 26 23 24 25 26 23 25 24 26 23 26 23 26 23 27 22 26 23 28 21 26 23 29 20 26 23 30 19 26 23 31 18 26 23 32 17 26 23 33 16 26 23 34 15 26 23 35 14 26 23 36 13 26 23 37 12 26 23 38 11 26 23 39 10 26 23 41 9 26 23 42 8 26 24 9 42 26 24 10 40 26 24 11 39 26 24 12 38 26 24 13 37 26 24 14 36 26 24 15 35 26 24 16 34 26 24 17 33 26 24 18 32 26 24 19 31 26 24 20 30 26 24 21 29 26 24 22 28 26 24 23 27 26 24 24 26 26 24 25 25 26 24 26 24 26 24 27 23 26 24 28 22 26 24 29 21 26 24 30 20 26 24 31 19 26 24 32 18 26 24 33 17 26 24 34 16 26 24 35 15 26 24 36 14 26 24 37 13 26 24 38 12 26 24 39 11 26 24 40 10 26 24 42 9 26 25 10 41 26 25 11 40 26 25 12 39 26 25 13 38 26 25 14 37 26 25 15 36 26 25 16 35 26 25 17 34 26 25 18 33 26 25 19 32 26 25 20 31 26 25 21 30 26 25 22 29 26 25 23 28 26 25 24 27 26 25 25 26 26 25 26 25 26 25 27 24 26 25 28 23 26 25 29 22 26 25 30 21 26 25 31 20 26 25 32 19 26 25 33 18 26 25 34 17 26 25 35 16 26 25 36 15 26 25 37 14 26 25 38 13 26 25 39 12 26 25 40 11 26 25 41 10 26 26 10 42 26 26 11 41 26 26 12 40 26 26 13 39 26 26 14 38 26 26 15 37 26 26 16 36 26 26 17 35 26 26 18 34 26 26 19 33 26 26 20 32 26 26 21 31 26 26 22 30 26 26 23 29 26 26 24 28 26 26 25 27 26 26 26 26 26 26 27 25 26 26 28 24 26 26 29 23 26 26 30 22 26 26 31 21 26 26 32 20 26 26 33 19 26 26 34 18 26 26 35 17 26 26 36 16 26 26 37 15 26 26 38 14 26 26 39 13 26 26 40 12 26 26 41 11 26 26 42 10 26 27 11 42 26 27 12 41 26 27 13 40 26 27 14 39 26 27 15 38 26 27 16 37 26 27 17 36 26 27 18 35 26 27 19 34 26 27 20 33 26 27 21 32 26 27 22 31 26 27 23 30 26 27 24 29 26 27 25 28 26 27 26 27 26 27 27 26 26 27 28 25 26 27 29 24 26 27 30 23 26 27 31 22 26 27 32 21 26 27 33 20 26 27 34 19 26 27 35 18 26 27 36 17 26 27 37 16 26 27 38 15 26 27 39 14 26 27 40 13 26 27 41 12 26 27 42 11 26 28 12 42 26 28 13 41 26 28 14 40 26 28 15 39 26 28 16 38 26 28 17 37 26 28 18 36 26 28 19 35 26 28 20 34 26 28 21 33 26 28 22 32 26 28 23 31 26 28 24 30 26 28 25 29 26 28 26 28 26 28 27 27 26 28 28 26 26 28 29 25 26 28 30 24 26 28 31 23 26 28 32 22 26 28 33 21 26 28 34 20 26 28 35 19 26 28 36 18 26 28 37 17 26 28 38 16 26 28 39 15 26 28 40 14 26 28 41 13 26 28 42 12 26 29 13 42 26 29 14 41 26 29 15 40 26 29 16 39 26 29 17 38 26 29 18 37 26 29 19 36 26 29 20 35 26 29 21 34 26 29 22 33 26 29 23 32 26 29 24 31 26 29 25 30 26 29 26 29 26 29 27 28 26 29 28 27 26 29 29 26 26 29 30 25 26 29 31 24 26 29 32 23 26 29 33 22 26 29 34 21 26 29 35 20 26 29 36 19 26 29 37 18 26 29 38 17 26 29 39 16 26 29 40 15 26 29 41 14 26 29 42 13 26 30 14 42 26 30 15 41 26 30 16 40 26 30 17 39 26 30 18 38 26 30 19 37 26 30 20 36 26 30 21 35 26 30 22 34 26 30 23 33 26 30 24 32 26 30 25 31 26 30 26 30 26 30 27 29 26 30 28 28 26 30 29 27 26 30 30 26 26 30 31 25 26 30 32 24 26 30 33 23 26 30 34 22 26 30 35 21 26 30 36 20 26 30 37 19 26 30 38 18 26 30 39 17 26 30 40 16 26 30 41 15 26 30 42 14 26 31 15 42 26 31 16 41 26 31 17 40 26 31 18 39 26 31 19 38 26 31 20 37 26 31 21 36 26 31 22 35 26 31 23 34 26 31 24 33 26 31 25 32 26 31 26 31 26 31 27 30 26 31 28 29 26 31 29 28 26 31 30 27 26 31 31 26 26 31 32 25 26 31 33 24 26 31 34 23 26 31 35 22 26 31 36 21 26 31 37 20 26 31 38 19 26 31 39 18 26 31 40 17 26 31 41 16 26 31 42 15 26 32 16 42 26 32 17 41 26 32 18 40 26 32 19 39 26 32 20 38 26 32 21 37 26 32 22 36 26 32 23 35 26 32 24 34 26 32 25 33 26 32 26 32 26 32 27 31 26 32 28 30 26 32 29 29 26 32 30 28 26 32 31 27 26 32 32 26 26 32 33 25 26 32 34 24 26 32 35 23 26 32 36 22 26 32 37 21 26 32 38 20 26 32 39 19 26 32 40 18 26 32 41 17 26 32 42 16 26 33 17 42 26 33 18 41 26 33 19 40 26 33 20 39 26 33 21 38 26 33 22 37 26 33 23 36 26 33 24 35 26 33 25 34 26 33 26 33 26 33 27 32 26 33 28 31 26 33 29 30 26 33 30 29 26 33 31 28 26 33 32 27 26 33 33 26 26 33 34 25 26 33 35 24 26 33 36 23 26 33 37 22 26 33 38 21 26 33 39 20 26 33 40 19 26 33 41 18 26 33 42 17 26 34 18 42 26 34 19 41 26 34 20 40 26 34 21 39 26 34 22 38 26 34 23 37 26 34 24 36 26 34 25 35 26 34 26 34 26 34 27 33 26 34 28 32 26 34 29 31 26 34 30 30 26 34 31 29 26 34 32 28 26 34 33 27 26 34 34 26 26 34 35 25 26 34 36 24 26 34 37 23 26 34 38 22 26 34 39 21 26 34 40 20 26 34 41 19 26 34 42 18 26 35 19 42 26 35 20 41 26 35 21 40 26 35 22 39 26 35 23 38 26 35 24 37 26 35 25 36 26 35 26 35 26 35 27 34 26 35 28 33 26 35 29 32 26 35 30 31 26 35 31 30 26 35 32 29 26 35 33 28 26 35 34 27 26 35 35 26 26 35 36 25 26 35 37 24 26 35 38 23 26 35 39 22 26 35 40 21 26 35 41 20 26 35 42 19 26 36 20 42 26 36 21 41 26 36 22 40 26 36 23 39 26 36 24 38 26 36 25 37 26 36 26 36 26 36 27 35 26 36 28 34 26 36 29 33 26 36 30 32 26 36 31 31 26 36 32 30 26 36 33 29 26 36 34 28 26 36 35 27 26 36 36 26 26 36 37 25 26 36 38 24 26 36 39 23 26 36 40 22 26 36 41 21 26 36 42 20 26 37 21 42 26 37 22 41 26 37 23 40 26 37 24 39 26 37 25 38 26 37 26 37 26 37 27 36 26 37 28 35 26 37 29 34 26 37 30 33 26 37 31 32 26 37 32 31 26 37 33 30 26 37 34 29 26 37 35 28 26 37 36 27 26 37 37 26 26 37 38 25 26 37 39 24 26 37 40 23 26 37 41 22 26 37 42 21 26 38 22 42 26 38 23 41 26 38 24 40 26 38 25 39 26 38 26 38 26 38 27 37 26 38 28 36 26 38 29 35 26 38 30 34 26 38 31 33 26 38 32 32 26 38 33 31 26 38 34 30 26 38 35 29 26 38 36 28 26 38 37 27 26 38 38 26 26 38 39 25 26 38 40 24 26 38 41 23 26 38 42 22 26 39 23 42 26 39 24 41 26 39 25 40 26 39 26 39 26 39 27 38 26 39 28 37 26 39 29 36 26 39 30 35 26 39 31 34 26 39 32 33 26 39 33 32 26 39 34 31 26 39 35 30 26 39 36 29 26 39 37 28 26 39 38 27 26 39 39 26 26 39 40 25 26 39 41 24 26 39 42 23 26 40 24 42 26 40 25 41 26 40 26 40 26 40 27 39 26 40 28 38 26 40 29 37 26 40 30 36 26 40 31 35 26 40 32 34 26 40 33 33 26 40 34 32 26 40 35 31 26 40 36 30 26 40 37 29 26 40 38 28 26 40 39 27 26 40 40 26 26 40 41 25 26 40 42 24 26 41 25 42 26 41 26 41 26 41 27 40 26 41 28 39 26 41 29 38 26 41 30 37 26 41 31 36 26 41 32 35 26 41 33 34 26 41 34 33 26 41 35 32 26 41 36 31 26 41 37 30 26 41 38 29 26 41 39 28 26 41 40 27 26 41 41 26 26 41 42 25 26 42 26 42 26 42 27 41 26 42 28 40 26 42 29 39 26 42 30 38 26 42 31 37 26 42 32 36 26 42 33 35 26 42 34 34 26 42 35 33 26 42 36 32 26 42 37 31 26 42 38 30 26 42 39 29 26 42 40 28 26 42 41 27 26 42 42 26 
















