














15 0 0 15 15 0 1 13 15 0 2 11 15 0 3 10 15 0 5 6 15 0 6 5 15 0 10 3 15 0 11 2 15 0 13 1 15 0 15 0 15 1 0 17 15 1 1 15 15 1 2 13 15 1 3 12 15 1 4 10 15 1 5 8 15 1 6 6 15 1 8 5 15 1 10 4 15 1 12 3 15 1 13 2 15 1 15 1 15 1 17 0 15 2 0 19 15 2 1 17 15 2 2 15 15 2 3 14 15 2 5 10 15 2 7 7 15 2 10 5 15 2 14 3 15 2 15 2 15 2 17 1 15 2 19 0 15 3 0 20 15 3 1 18 15 3 2 16 15 3 3 15 15 3 4 13 15 3 5 11 15 3 6 9 15 3 9 6 15 3 11 5 15 3 13 4 15 3 15 3 15 3 16 2 15 3 18 1 15 3 20 0 15 4 0 22 15 4 1 20 15 4 2 18 15 4 3 17 15 4 4 15 15 4 5 13 15 4 6 11 15 4 7 10 15 4 8 9 15 4 9 8 15 4 10 7 15 4 11 6 15 4 13 5 15 4 15 4 15 4 17 3 15 4 18 2 15 4 20 1 15 4 22 0 15 5 0 24 15 5 1 22 15 5 2 20 15 5 3 19 15 5 4 17 15 5 5 15 15 5 6 13 15 5 7 12 15 5 8 11 15 5 9 10 15 5 10 9 15 5 11 8 15 5 12 7 15 5 13 6 15 5 15 5 15 5 17 4 15 5 19 3 15 5 20 2 15 5 22 1 15 5 24 0 15 6 0 26 15 6 1 24 15 6 2 22 15 6 3 21 15 6 4 19 15 6 5 17 15 6 6 15 15 6 7 14 15 6 8 13 15 6 9 12 15 6 10 11 15 6 11 10 15 6 12 9 15 6 13 8 15 6 14 7 15 6 15 6 15 6 17 5 15 6 19 4 15 6 21 3 15 6 22 2 15 6 24 1 15 6 26 0 15 7 0 27 15 7 1 25 15 7 2 23 15 7 3 22 15 7 4 20 15 7 5 18 15 7 6 16 15 7 7 15 15 7 9 13 15 7 10 12 15 7 11 11 15 7 12 10 15 7 13 9 15 7 15 7 15 7 16 6 15 7 18 5 15 7 20 4 15 7 22 3 15 7 23 2 15 7 25 1 15 7 27 0 15 8 1 26 15 8 3 23 15 8 4 21 15 8 5 19 15 8 6 17 15 8 7 16 15 8 8 15 15 8 9 14 15 8 10 13 15 8 11 12 15 8 12 11 15 8 13 10 15 8 14 9 15 8 15 8 15 8 16 7 15 8 17 6 15 8 19 5 15 8 21 4 15 8 23 3 15 8 26 1 15 9 0 29 15 9 1 27 15 9 2 25 15 9 4 22 15 9 5 20 15 9 6 18 15 9 7 17 15 9 9 15 15 9 10 14 15 9 11 13 15 9 13 11 15 9 14 10 15 9 15 9 15 9 17 7 15 9 18 6 15 9 20 5 15 9 22 4 15 9 25 2 15 9 27 1 15 9 29 0 15 10 0 30 15 10 1 28 15 10 2 26 15 10 3 25 15 10 4 23 15 10 5 21 15 10 6 19 15 10 7 18 15 10 8 17 15 10 9 16 15 10 10 15 15 10 11 14 15 10 12 13 15 10 13 12 15 10 14 11 15 10 15 10 15 10 16 9 15 10 17 8 15 10 18 7 15 10 19 6 15 10 21 5 15 10 23 4 15 10 25 3 15 10 26 2 15 10 28 1 15 10 30 0 15 11 0 31 15 11 1 29 15 11 2 27 15 11 3 26 15 11 4 24 15 11 5 22 15 11 6 20 15 11 7 19 15 11 9 17 15 11 10 16 15 11 11 15 15 11 13 13 15 11 15 11 15 11 16 10 15 11 17 9 15 11 19 7 15 11 20 6 15 11 22 5 15 11 24 4 15 11 26 3 15 11 27 2 15 11 29 1 15 11 31 0 15 12 1 30 15 12 3 27 15 12 4 25 15 12 5 23 15 12 6 21 15 12 7 20 15 12 8 19 15 12 10 17 15 12 11 16 15 12 12 15 15 12 13 14 15 12 14 13 15 12 15 12 15 12 16 11 15 12 17 10 15 12 19 8 15 12 20 7 15 12 21 6 15 12 23 5 15 12 25 4 15 12 27 3 15 12 30 1 15 13 0 33 15 13 1 31 15 13 2 29 15 13 3 28 15 13 4 26 15 13 5 24 15 13 6 22 15 13 7 21 15 13 9 19 15 13 10 18 15 13 11 17 15 13 12 16 15 13 13 15 15 13 14 14 15 13 15 13 15 13 16 12 15 13 17 11 15 13 18 10 15 13 19 9 15 13 21 7 15 13 22 6 15 13 24 5 15 13 26 4 15 13 28 3 15 13 29 2 15 13 31 1 15 13 33 0 15 14 0 34 15 14 1 32 15 14 2 30 15 14 3 29 15 14 4 27 15 14 5 25 15 14 6 23 15 14 7 22 15 14 8 21 15 14 9 20 15 14 10 19 15 14 11 18 15 14 12 17 15 14 13 16 15 14 14 15 15 14 15 14 15 14 16 13 15 14 17 12 15 14 18 11 15 14 19 10 15 14 20 9 15 14 21 8 15 14 22 7 15 14 23 6 15 14 25 5 15 14 27 4 15 14 29 3 15 14 30 2 15 14 32 1 15 14 34 0 15 15 0 35 15 15 1 33 15 15 2 31 15 15 3 30 15 15 4 28 15 15 5 26 15 15 6 24 15 15 7 23 15 15 9 21 15 15 10 20 15 15 11 19 15 15 13 17 15 15 15 15 15 15 17 13 15 15 19 11 15 15 20 10 15 15 21 9 15 15 23 7 15 15 24 6 15 15 26 5 15 15 28 4 15 15 30 3 15 15 31 2 15 15 33 1 15 15 35 0 15 16 0 36 15 16 1 34 15 16 2 32 15 16 3 31 15 16 4 29 15 16 5 27 15 16 6 25 15 16 7 24 15 16 8 23 15 16 9 22 15 16 10 21 15 16 11 20 15 16 12 19 15 16 13 18 15 16 14 17 15 16 15 16 15 16 16 15 15 16 17 14 15 16 18 13 15 16 19 12 15 16 20 11 15 16 21 10 15 16 22 9 15 16 23 8 15 16 24 7 15 16 25 6 15 16 27 5 15 16 29 4 15 16 31 3 15 16 32 2 15 16 34 1 15 16 36 0 15 17 0 37 15 17 1 35 15 17 2 33 15 17 3 32 15 17 4 30 15 17 5 28 15 17 6 26 15 17 7 25 15 17 8 24 15 17 9 23 15 17 10 22 15 17 11 21 15 17 13 19 15 17 14 18 15 17 15 17 15 17 16 16 15 17 17 15 15 17 18 14 15 17 19 13 15 17 21 11 15 17 22 10 15 17 23 9 15 17 24 8 15 17 25 7 15 17 26 6 15 17 28 5 15 17 30 4 15 17 32 3 15 17 33 2 15 17 35 1 15 17 37 0 15 18 0 38 15 18 1 36 15 18 3 33 15 18 4 31 15 18 5 29 15 18 6 27 15 18 7 26 15 18 8 25 15 18 9 24 15 18 10 23 15 18 11 22 15 18 13 20 15 18 14 19 15 18 15 18 15 18 16 17 15 18 17 16 15 18 18 15 15 18 19 14 15 18 20 13 15 18 22 11 15 18 23 10 15 18 24 9 15 18 25 8 15 18 26 7 15 18 27 6 15 18 29 5 15 18 31 4 15 18 33 3 15 18 36 1 15 18 38 0 15 19 0 39 15 19 1 37 15 19 2 35 15 19 3 34 15 19 4 32 15 19 5 30 15 19 6 28 15 19 7 27 15 19 8 26 15 19 9 25 15 19 10 24 15 19 11 23 15 19 12 22 15 19 13 21 15 19 14 20 15 19 15 19 15 19 16 18 15 19 17 17 15 19 18 16 15 19 19 15 15 19 20 14 15 19 21 13 15 19 22 12 15 19 23 11 15 19 24 10 15 19 25 9 15 19 26 8 15 19 27 7 15 19 28 6 15 19 30 5 15 19 32 4 15 19 34 3 15 19 35 2 15 19 37 1 15 19 39 0 15 20 0 40 15 20 1 38 15 20 2 36 15 20 4 33 15 20 5 31 15 20 6 29 15 20 7 28 15 20 8 27 15 20 9 26 15 20 10 25 15 20 13 22 15 20 14 21 15 20 15 20 15 20 16 19 15 20 17 18 15 20 18 17 15 20 19 16 15 20 20 15 15 20 21 14 15 20 22 13 15 20 25 10 15 20 26 9 15 20 27 8 15 20 28 7 15 20 29 6 15 20 31 5 15 20 33 4 15 20 36 2 15 20 38 1 15 20 40 0 15 21 0 41 15 21 1 39 15 21 2 37 15 21 3 36 15 21 4 34 15 21 5 32 15 21 6 30 15 21 7 29 15 21 8 28 15 21 9 27 15 21 10 26 15 21 11 25 15 21 12 24 15 21 13 23 15 21 14 22 15 21 15 21 15 21 16 20 15 21 17 19 15 21 18 18 15 21 19 17 15 21 20 16 15 21 21 15 15 21 22 14 15 21 23 13 15 21 24 12 15 21 25 11 15 21 26 10 15 21 27 9 15 21 28 8 15 21 29 7 15 21 30 6 15 21 32 5 15 21 34 4 15 21 36 3 15 21 37 2 15 21 39 1 15 21 41 0 15 22 0 42 15 22 1 40 15 22 2 38 15 22 3 37 15 22 4 35 15 22 5 33 15 22 6 31 15 22 7 30 15 22 9 28 15 22 10 27 15 22 11 26 15 22 12 25 15 22 13 24 15 22 14 23 15 22 15 22 15 22 16 21 15 22 17 20 15 22 18 19 15 22 19 18 15 22 20 17 15 22 21 16 15 22 22 15 15 22 23 14 15 22 24 13 15 22 25 12 15 22 26 11 15 22 27 10 15 22 28 9 15 22 30 7 15 22 31 6 15 22 33 5 15 22 35 4 15 22 37 3 15 22 38 2 15 22 40 1 15 22 42 0 15 23 0 43 15 23 1 41 15 23 2 39 15 23 3 38 15 23 4 36 15 23 5 34 15 23 6 32 15 23 7 31 15 23 8 30 15 23 9 29 15 23 10 28 15 23 11 27 15 23 12 26 15 23 13 25 15 23 14 24 15 23 15 23 15 23 16 22 15 23 17 21 15 23 18 20 15 23 19 19 15 23 20 18 15 23 21 17 15 23 22 16 15 23 23 15 15 23 24 14 15 23 25 13 15 23 26 12 15 23 27 11 15 23 28 10 15 23 29 9 15 23 30 8 15 23 31 7 15 23 32 6 15 23 34 5 15 23 36 4 15 23 38 3 15 23 39 2 15 23 41 1 15 23 43 0 15 24 0 44 15 24 3 39 15 24 4 37 15 24 5 35 15 24 6 33 15 24 7 32 15 24 8 31 15 24 9 30 15 24 10 29 15 24 11 28 15 24 13 26 15 24 14 25 15 24 15 24 15 24 17 22 15 24 18 21 15 24 21 18 15 24 22 17 15 24 24 15 15 24 25 14 15 24 26 13 15 24 28 11 15 24 29 10 15 24 30 9 15 24 31 8 15 24 32 7 15 24 33 6 15 24 35 5 15 24 37 4 15 24 39 3 15 24 44 0 15 25 0 45 15 25 1 43 15 25 2 41 15 25 3 40 15 25 4 38 15 25 5 36 15 25 6 34 15 25 7 33 15 25 8 32 15 25 9 31 15 25 10 30 15 25 11 29 15 25 12 28 15 25 13 27 15 25 14 26 15 25 15 25 15 25 16 24 15 25 17 23 15 25 18 22 15 25 19 21 15 25 20 20 15 25 21 19 15 25 22 18 15 25 23 17 15 25 24 16 15 25 25 15 15 25 26 14 15 25 27 13 15 25 28 12 15 25 29 11 15 25 30 10 15 25 31 9 15 25 32 8 15 25 33 7 15 25 34 6 15 25 36 5 15 25 38 4 15 25 40 3 15 25 41 2 15 25 43 1 15 25 45 0 15 26 0 46 15 26 1 44 15 26 3 41 15 26 4 39 15 26 5 37 15 26 6 35 15 26 7 34 15 26 8 33 15 26 9 32 15 26 10 31 15 26 11 30 15 26 12 29 15 26 13 28 15 26 14 27 15 26 15 26 15 26 16 25 15 26 17 24 15 26 18 23 15 26 19 22 15 26 20 21 15 26 21 20 15 26 22 19 15 26 23 18 15 26 24 17 15 26 25 16 15 26 26 15 15 26 27 14 15 26 28 13 15 26 29 12 15 26 30 11 15 26 31 10 15 26 32 9 15 26 33 8 15 26 34 7 15 26 35 6 15 26 37 5 15 26 39 4 15 26 41 3 15 26 44 1 15 26 46 0 15 27 0 47 15 27 1 45 15 27 2 43 15 27 3 42 15 27 4 40 15 27 5 38 15 27 6 36 15 27 7 35 15 27 8 34 15 27 9 33 15 27 10 32 15 27 11 31 15 27 12 30 15 27 13 29 15 27 14 28 15 27 15 27 15 27 16 26 15 27 17 25 15 27 18 24 15 27 19 23 15 27 20 22 15 27 21 21 15 27 22 20 15 27 23 19 15 27 24 18 15 27 25 17 15 27 26 16 15 27 27 15 15 27 28 14 15 27 29 13 15 27 30 12 15 27 31 11 15 27 32 10 15 27 33 9 15 27 34 8 15 27 35 7 15 27 36 6 15 27 38 5 15 27 40 4 15 27 42 3 15 27 43 2 15 27 45 1 15 27 47 0 15 28 0 48 15 28 1 46 15 28 2 44 15 28 3 43 15 28 4 41 15 28 5 39 15 28 6 37 15 28 7 36 15 28 8 35 15 28 9 34 15 28 10 33 15 28 11 32 15 28 12 31 15 28 13 30 15 28 14 29 15 28 15 28 15 28 16 27 15 28 17 26 15 28 18 25 15 28 19 24 15 28 20 23 15 28 21 22 15 28 22 21 15 28 23 20 15 28 24 19 15 28 25 18 15 28 26 17 15 28 27 16 15 28 28 15 15 28 29 14 15 28 30 13 15 28 31 12 15 28 32 11 15 28 33 10 15 28 34 9 15 28 35 8 15 28 36 7 15 28 37 6 15 28 39 5 15 28 41 4 15 28 43 3 15 28 44 2 15 28 46 1 15 28 48 0 15 29 1 47 15 29 2 45 15 29 3 44 15 29 4 42 15 29 5 40 15 29 6 38 15 29 7 37 15 29 8 36 15 29 9 35 15 29 10 34 15 29 11 33 15 29 12 32 15 29 13 31 15 29 14 30 15 29 15 29 15 29 16 28 15 29 17 27 15 29 18 26 15 29 19 25 15 29 20 24 15 29 21 23 15 29 22 22 15 29 23 21 15 29 24 20 15 29 25 19 15 29 26 18 15 29 27 17 15 29 28 16 15 29 29 15 15 29 30 14 15 29 31 13 15 29 32 12 15 29 33 11 15 29 34 10 15 29 35 9 15 29 36 8 15 29 37 7 15 29 38 6 15 29 40 5 15 29 42 4 15 29 44 3 15 29 45 2 15 29 47 1 15 30 1 48 15 30 2 46 15 30 3 45 15 30 4 43 15 30 5 41 15 30 6 39 15 30 7 38 15 30 8 37 15 30 9 36 15 30 10 35 15 30 11 34 15 30 12 33 15 30 13 32 15 30 14 31 15 30 15 30 15 30 16 29 15 30 17 28 15 30 18 27 15 30 19 26 15 30 20 25 15 30 21 24 15 30 22 23 15 30 23 22 15 30 24 21 15 30 25 20 15 30 26 19 15 30 27 18 15 30 28 17 15 30 29 16 15 30 30 15 15 30 31 14 15 30 32 13 15 30 33 12 15 30 34 11 15 30 35 10 15 30 36 9 15 30 37 8 15 30 38 7 15 30 39 6 15 30 41 5 15 30 43 4 15 30 45 3 15 30 46 2 15 30 48 1 15 31 1 49 15 31 2 47 15 31 3 46 15 31 4 44 15 31 5 42 15 31 6 40 15 31 7 39 15 31 8 38 15 31 9 37 15 31 10 36 15 31 11 35 15 31 12 34 15 31 13 33 15 31 14 32 15 31 15 31 15 31 16 30 15 31 17 29 15 31 18 28 15 31 19 27 15 31 20 26 15 31 21 25 15 31 22 24 15 31 23 23 15 31 24 22 15 31 25 21 15 31 26 20 15 31 27 19 15 31 28 18 15 31 29 17 15 31 30 16 15 31 31 15 15 31 32 14 15 31 33 13 15 31 34 12 15 31 35 11 15 31 36 10 15 31 37 9 15 31 38 8 15 31 39 7 15 31 40 6 15 31 42 5 15 31 44 4 15 31 46 3 15 31 47 2 15 31 49 1 15 32 1 50 15 32 2 48 15 32 3 47 15 32 4 45 15 32 5 43 15 32 6 41 15 32 7 40 15 32 8 39 15 32 9 38 15 32 10 37 15 32 11 36 15 32 12 35 15 32 13 34 15 32 14 33 15 32 15 32 15 32 16 31 15 32 17 30 15 32 18 29 15 32 19 28 15 32 20 27 15 32 21 26 15 32 22 25 15 32 23 24 15 32 24 23 15 32 25 22 15 32 26 21 15 32 27 20 15 32 28 19 15 32 29 18 15 32 30 17 15 32 31 16 15 32 32 15 15 32 33 14 15 32 34 13 15 32 35 12 15 32 36 11 15 32 37 10 15 32 38 9 15 32 39 8 15 32 40 7 15 32 41 6 15 32 43 5 15 32 45 4 15 32 47 3 15 32 48 2 15 32 50 1 15 33 1 51 15 33 2 49 15 33 3 48 15 33 4 46 15 33 5 44 15 33 6 42 15 33 7 41 15 33 8 40 15 33 9 39 15 33 10 38 15 33 11 37 15 33 12 36 15 33 13 35 15 33 14 34 15 33 15 33 15 33 16 32 15 33 17 31 15 33 18 30 15 33 19 29 15 33 20 28 15 33 21 27 15 33 22 26 15 33 23 25 15 33 24 24 15 33 25 23 15 33 26 22 15 33 27 21 15 33 28 20 15 33 29 19 15 33 30 18 15 33 31 17 15 33 32 16 15 33 33 15 15 33 34 14 15 33 35 13 15 33 36 12 15 33 37 11 15 33 38 10 15 33 39 9 15 33 40 8 15 33 41 7 15 33 42 6 15 33 44 5 15 33 46 4 15 33 48 3 15 33 49 2 15 33 51 1 15 34 1 52 15 34 2 50 15 34 3 49 15 34 4 47 15 34 5 45 15 34 6 43 15 34 7 42 15 34 8 41 15 34 9 40 15 34 10 39 15 34 11 38 15 34 12 37 15 34 13 36 15 34 14 35 15 34 15 34 15 34 16 33 15 34 17 32 15 34 18 31 15 34 19 30 15 34 20 29 15 34 21 28 15 34 22 27 15 34 23 26 15 34 24 25 15 34 25 24 15 34 26 23 15 34 27 22 15 34 28 21 15 34 29 20 15 34 30 19 15 34 31 18 15 34 32 17 15 34 33 16 15 34 34 15 15 34 35 14 15 34 36 13 15 34 37 12 15 34 38 11 15 34 39 10 15 34 40 9 15 34 41 8 15 34 42 7 15 34 43 6 15 34 45 5 15 34 47 4 15 34 49 3 15 34 50 2 15 34 52 1 15 35 1 53 15 35 2 51 15 35 3 50 15 35 4 48 15 35 5 46 15 35 6 44 15 35 7 43 15 35 8 42 15 35 9 41 15 35 10 40 15 35 11 39 15 35 12 38 15 35 13 37 15 35 14 36 15 35 15 35 15 35 16 34 15 35 17 33 15 35 18 32 15 35 19 31 15 35 20 30 15 35 21 29 15 35 22 28 15 35 23 27 15 35 24 26 15 35 25 25 15 35 26 24 15 35 27 23 15 35 28 22 15 35 29 21 15 35 30 20 15 35 31 19 15 35 32 18 15 35 33 17 15 35 34 16 15 35 35 15 15 35 36 14 15 35 37 13 15 35 38 12 15 35 39 11 15 35 40 10 15 35 41 9 15 35 42 8 15 35 43 7 15 35 44 6 15 35 46 5 15 35 48 4 15 35 50 3 15 35 51 2 15 35 53 1 15 36 1 54 15 36 2 52 15 36 3 51 15 36 4 49 15 36 5 47 15 36 6 45 15 36 7 44 15 36 8 43 15 36 9 42 15 36 10 41 15 36 11 40 15 36 12 39 15 36 13 38 15 36 14 37 15 36 15 36 15 36 16 35 15 36 17 34 15 36 18 33 15 36 19 32 15 36 20 31 15 36 21 30 15 36 22 29 15 36 23 28 15 36 24 27 15 36 25 26 15 36 26 25 15 36 27 24 15 36 28 23 15 36 29 22 15 36 30 21 15 36 31 20 15 36 32 19 15 36 33 18 15 36 34 17 15 36 35 16 15 36 36 15 15 36 37 14 15 36 38 13 15 36 39 12 15 36 40 11 15 36 41 10 15 36 42 9 15 36 43 8 15 36 44 7 15 36 45 6 15 36 47 5 15 36 49 4 15 36 51 3 15 36 52 2 15 36 54 1 15 37 1 55 15 37 2 53 15 37 3 52 15 37 4 50 15 37 5 48 15 37 6 46 15 37 7 45 15 37 8 44 15 37 9 43 15 37 10 42 15 37 11 41 15 37 12 40 15 37 13 39 15 37 14 38 15 37 15 37 15 37 16 36 15 37 17 35 15 37 18 34 15 37 19 33 15 37 20 32 15 37 21 31 15 37 22 30 15 37 23 29 15 37 24 28 15 37 25 27 15 37 26 26 15 37 27 25 15 37 28 24 15 37 29 23 15 37 30 22 15 37 31 21 15 37 32 20 15 37 33 19 15 37 34 18 15 37 35 17 15 37 36 16 15 37 37 15 15 37 38 14 15 37 39 13 15 37 40 12 15 37 41 11 15 37 42 10 15 37 43 9 15 37 44 8 15 37 45 7 15 37 46 6 15 37 48 5 15 37 50 4 15 37 52 3 15 37 53 2 15 37 55 1 15 38 1 56 15 38 2 54 15 38 3 53 15 38 4 51 15 38 5 49 15 38 6 47 15 38 7 46 15 38 8 45 15 38 9 44 15 38 10 43 15 38 11 42 15 38 12 41 15 38 13 40 15 38 14 39 15 38 15 38 15 38 16 37 15 38 17 36 15 38 18 35 15 38 19 34 15 38 20 33 15 38 21 32 15 38 22 31 15 38 23 30 15 38 24 29 15 38 25 28 15 38 26 27 15 38 27 26 15 38 28 25 15 38 29 24 15 38 30 23 15 38 31 22 15 38 32 21 15 38 33 20 15 38 34 19 15 38 35 18 15 38 36 17 15 38 37 16 15 38 38 15 15 38 39 14 15 38 40 13 15 38 41 12 15 38 42 11 15 38 43 10 15 38 44 9 15 38 45 8 15 38 46 7 15 38 47 6 15 38 49 5 15 38 51 4 15 38 53 3 15 38 54 2 15 38 56 1 15 39 1 57 15 39 2 55 15 39 3 54 15 39 4 52 15 39 5 50 15 39 6 48 15 39 7 47 15 39 8 46 15 39 9 45 15 39 10 44 15 39 11 43 15 39 12 42 15 39 13 41 15 39 14 40 15 39 15 39 15 39 16 38 15 39 17 37 15 39 18 36 15 39 19 35 15 39 20 34 15 39 21 33 15 39 22 32 15 39 23 31 15 39 24 30 15 39 25 29 15 39 26 28 15 39 27 27 15 39 28 26 15 39 29 25 15 39 30 24 15 39 31 23 15 39 32 22 15 39 33 21 15 39 34 20 15 39 35 19 15 39 36 18 15 39 37 17 15 39 38 16 15 39 39 15 15 39 40 14 15 39 41 13 15 39 42 12 15 39 43 11 15 39 44 10 15 39 45 9 15 39 46 8 15 39 47 7 15 39 48 6 15 39 50 5 15 39 52 4 15 39 54 3 15 39 55 2 15 39 57 1 15 40 1 58 15 40 2 56 15 40 3 55 15 40 4 53 15 40 5 51 15 40 6 49 15 40 7 48 15 40 8 47 15 40 9 46 15 40 10 45 15 40 11 44 15 40 12 43 15 40 13 42 15 40 14 41 15 40 15 40 15 40 16 39 15 40 17 38 15 40 18 37 15 40 19 36 15 40 20 35 15 40 21 34 15 40 22 33 15 40 23 32 15 40 24 31 15 40 25 30 15 40 26 29 15 40 27 28 15 40 28 27 15 40 29 26 15 40 30 25 15 40 31 24 15 40 32 23 15 40 33 22 15 40 34 21 15 40 35 20 15 40 36 19 15 40 37 18 15 40 38 17 15 40 39 16 15 40 40 15 15 40 41 14 15 40 42 13 15 40 43 12 15 40 44 11 15 40 45 10 15 40 46 9 15 40 47 8 15 40 48 7 15 40 49 6 15 40 51 5 15 40 53 4 15 40 55 3 15 40 56 2 15 40 58 1 15 41 1 59 15 41 2 57 15 41 3 56 15 41 4 54 15 41 5 52 15 41 6 50 15 41 7 49 15 41 8 48 15 41 9 47 15 41 10 46 15 41 11 45 15 41 12 44 15 41 13 43 15 41 14 42 15 41 15 41 15 41 16 40 15 41 17 39 15 41 18 38 15 41 19 37 15 41 20 36 15 41 21 35 15 41 22 34 15 41 23 33 15 41 24 32 15 41 25 31 15 41 26 30 15 41 27 29 15 41 28 28 15 41 29 27 15 41 30 26 15 41 31 25 15 41 32 24 15 41 33 23 15 41 34 22 15 41 35 21 15 41 36 20 15 41 37 19 15 41 38 18 15 41 39 17 15 41 40 16 15 41 41 15 15 41 42 14 15 41 43 13 15 41 44 12 15 41 45 11 15 41 46 10 15 41 47 9 15 41 48 8 15 41 49 7 15 41 50 6 15 41 52 5 15 41 54 4 15 41 56 3 15 41 57 2 15 41 59 1 15 42 1 60 15 42 2 58 15 42 3 57 15 42 4 55 15 42 5 53 15 42 6 51 15 42 7 50 15 42 8 49 15 42 9 48 15 42 10 47 15 42 11 46 15 42 12 45 15 42 13 44 15 42 14 43 15 42 15 42 15 42 16 41 15 42 17 40 15 42 18 39 15 42 19 38 15 42 20 37 15 42 21 36 15 42 22 35 15 42 23 34 15 42 24 33 15 42 25 32 15 42 26 31 15 42 27 30 15 42 28 29 15 42 29 28 15 42 30 27 15 42 31 26 15 42 32 25 15 42 33 24 15 42 34 23 15 42 35 22 15 42 36 21 15 42 37 20 15 42 38 19 15 42 39 18 15 42 40 17 15 42 41 16 15 42 42 15 15 42 43 14 15 42 44 13 15 42 45 12 15 42 46 11 15 42 47 10 15 42 48 9 15 42 49 8 15 42 50 7 15 42 51 6 15 42 53 5 15 42 55 4 15 42 57 3 15 42 58 2 15 42 60 1 15 43 1 61 15 43 2 59 15 43 3 58 15 43 4 56 15 43 5 54 15 43 6 52 15 43 7 51 15 43 8 50 15 43 9 49 15 43 10 48 15 43 11 47 15 43 12 46 15 43 13 45 15 43 14 44 15 43 15 43 15 43 16 42 15 43 17 41 15 43 18 40 15 43 19 39 15 43 20 38 15 43 21 37 15 43 22 36 15 43 23 35 15 43 24 34 15 43 25 33 15 43 26 32 15 43 27 31 15 43 28 30 15 43 29 29 15 43 30 28 15 43 31 27 15 43 32 26 15 43 33 25 15 43 34 24 15 43 35 23 15 43 36 22 15 43 37 21 15 43 38 20 15 43 39 19 15 43 40 18 15 43 41 17 15 43 42 16 15 43 43 15 15 43 44 14 15 43 45 13 15 43 46 12 15 43 47 11 15 43 48 10 15 43 49 9 15 43 50 8 15 43 51 7 15 43 52 6 15 43 54 5 15 43 56 4 15 43 58 3 15 43 59 2 15 43 61 1 15 44 2 60 15 44 3 59 15 44 4 57 15 44 5 55 15 44 6 53 15 44 7 52 15 44 8 51 15 44 9 50 15 44 10 49 15 44 11 48 15 44 12 47 15 44 13 46 15 44 14 45 15 44 15 44 15 44 16 43 15 44 17 42 15 44 18 41 15 44 19 40 15 44 20 39 15 44 21 38 15 44 22 37 15 44 23 36 15 44 24 35 15 44 25 34 15 44 26 33 15 44 27 32 15 44 28 31 15 44 29 30 15 44 30 29 15 44 31 28 15 44 32 27 15 44 33 26 15 44 34 25 15 44 35 24 15 44 36 23 15 44 37 22 15 44 38 21 15 44 39 20 15 44 40 19 15 44 41 18 15 44 42 17 15 44 43 16 15 44 44 15 15 44 45 14 15 44 46 13 15 44 47 12 15 44 48 11 15 44 49 10 15 44 50 9 15 44 51 8 15 44 52 7 15 44 53 6 15 44 55 5 15 44 57 4 15 44 59 3 15 44 60 2 15 45 2 61 15 45 3 60 15 45 4 58 15 45 5 56 15 45 6 54 15 45 7 53 15 45 8 52 15 45 9 51 15 45 10 50 15 45 11 49 15 45 12 48 15 45 13 47 15 45 14 46 15 45 15 45 15 45 16 44 15 45 17 43 15 45 18 42 15 45 19 41 15 45 20 40 15 45 21 39 15 45 22 38 15 45 23 37 15 45 24 36 15 45 25 35 15 45 26 34 15 45 27 33 15 45 28 32 15 45 29 31 15 45 30 30 15 45 31 29 15 45 32 28 15 45 33 27 15 45 34 26 15 45 35 25 15 45 36 24 15 45 37 23 15 45 38 22 15 45 39 21 15 45 40 20 15 45 41 19 15 45 42 18 15 45 43 17 15 45 44 16 15 45 45 15 15 45 46 14 15 45 47 13 15 45 48 12 15 45 49 11 15 45 50 10 15 45 51 9 15 45 52 8 15 45 53 7 15 45 54 6 15 45 56 5 15 45 58 4 15 45 60 3 15 45 61 2 15 46 2 62 15 46 3 61 15 46 4 59 15 46 5 57 15 46 6 55 15 46 7 54 15 46 8 53 15 46 9 52 15 46 10 51 15 46 11 50 15 46 12 49 15 46 13 48 15 46 14 47 15 46 15 46 15 46 16 45 15 46 17 44 15 46 18 43 15 46 19 42 15 46 20 41 15 46 21 40 15 46 22 39 15 46 23 38 15 46 24 37 15 46 25 36 15 46 26 35 15 46 27 34 15 46 28 33 15 46 29 32 15 46 30 31 15 46 31 30 15 46 32 29 15 46 33 28 15 46 34 27 15 46 35 26 15 46 36 25 15 46 37 24 15 46 38 23 15 46 39 22 15 46 40 21 15 46 41 20 15 46 42 19 15 46 43 18 15 46 44 17 15 46 45 16 15 46 46 15 15 46 47 14 15 46 48 13 15 46 49 12 15 46 50 11 15 46 51 10 15 46 52 9 15 46 53 8 15 46 54 7 15 46 55 6 15 46 57 5 15 46 59 4 15 46 61 3 15 46 62 2 15 47 2 63 15 47 3 62 15 47 4 60 15 47 5 58 15 47 6 56 15 47 7 55 15 47 8 54 15 47 9 53 15 47 10 52 15 47 11 51 15 47 12 50 15 47 13 49 15 47 14 48 15 47 15 47 15 47 16 46 15 47 17 45 15 47 18 44 15 47 19 43 15 47 20 42 15 47 21 41 15 47 22 40 15 47 23 39 15 47 24 38 15 47 25 37 15 47 26 36 15 47 27 35 15 47 28 34 15 47 29 33 15 47 30 32 15 47 31 31 15 47 32 30 15 47 33 29 15 47 34 28 15 47 35 27 15 47 36 26 15 47 37 25 15 47 38 24 15 47 39 23 15 47 40 22 15 47 41 21 15 47 42 20 15 47 43 19 15 47 44 18 15 47 45 17 15 47 46 16 15 47 47 15 15 47 48 14 15 47 49 13 15 47 50 12 15 47 51 11 15 47 52 10 15 47 53 9 15 47 54 8 15 47 55 7 15 47 56 6 15 47 58 5 15 47 60 4 15 47 62 3 15 47 63 2 15 48 2 64 15 48 3 63 15 48 4 61 15 48 5 59 15 48 6 57 15 48 7 56 15 48 8 55 15 48 9 54 15 48 10 53 15 48 11 52 15 48 12 51 15 48 13 50 15 48 14 49 15 48 15 48 15 48 16 47 15 48 17 46 15 48 18 45 15 48 19 44 15 48 20 43 15 48 21 42 15 48 22 41 15 48 23 40 15 48 24 39 15 48 25 38 15 48 26 37 15 48 27 36 15 48 28 35 15 48 29 34 15 48 30 33 15 48 31 32 15 48 32 31 15 48 33 30 15 48 34 29 15 48 35 28 15 48 36 27 15 48 37 26 15 48 38 25 15 48 39 24 15 48 40 23 15 48 41 22 15 48 42 21 15 48 43 20 15 48 44 19 15 48 45 18 15 48 46 17 15 48 47 16 15 48 48 15 15 48 49 14 15 48 50 13 15 48 51 12 15 48 52 11 15 48 53 10 15 48 54 9 15 48 55 8 15 48 56 7 15 48 57 6 15 48 59 5 15 48 61 4 15 48 63 3 15 48 64 2 15 49 2 65 15 49 3 64 15 49 4 62 15 49 5 60 15 49 6 58 15 49 7 57 15 49 8 56 15 49 9 55 15 49 10 54 15 49 11 53 15 49 12 52 15 49 13 51 15 49 14 50 15 49 15 49 15 49 16 48 15 49 17 47 15 49 18 46 15 49 19 45 15 49 20 44 15 49 21 43 15 49 22 42 15 49 23 41 15 49 24 40 15 49 25 39 15 49 26 38 15 49 27 37 15 49 28 36 15 49 29 35 15 49 30 34 15 49 31 33 15 49 32 32 15 49 33 31 15 49 34 30 15 49 35 29 15 49 36 28 15 49 37 27 15 49 38 26 15 49 39 25 15 49 40 24 15 49 41 23 15 49 42 22 15 49 43 21 15 49 44 20 15 49 45 19 15 49 46 18 15 49 47 17 15 49 48 16 15 49 49 15 15 49 50 14 15 49 51 13 15 49 52 12 15 49 53 11 15 49 54 10 15 49 55 9 15 49 56 8 15 49 57 7 15 49 58 6 15 49 60 5 15 49 62 4 15 49 64 3 15 49 65 2 15 50 3 65 15 50 4 63 15 50 5 61 15 50 6 59 15 50 7 58 15 50 8 57 15 50 9 56 15 50 10 55 15 50 11 54 15 50 12 53 15 50 13 52 15 50 14 51 15 50 15 50 15 50 16 49 15 50 17 48 15 50 18 47 15 50 19 46 15 50 20 45 15 50 21 44 15 50 22 43 15 50 23 42 15 50 24 41 15 50 25 40 15 50 26 39 15 50 27 38 15 50 28 37 15 50 29 36 15 50 30 35 15 50 31 34 15 50 32 33 15 50 33 32 15 50 34 31 15 50 35 30 15 50 36 29 15 50 37 28 15 50 38 27 15 50 39 26 15 50 40 25 15 50 41 24 15 50 42 23 15 50 43 22 15 50 44 21 15 50 45 20 15 50 46 19 15 50 47 18 15 50 48 17 15 50 49 16 15 50 50 15 15 50 51 14 15 50 52 13 15 50 53 12 15 50 54 11 15 50 55 10 15 50 56 9 15 50 57 8 15 50 58 7 15 50 59 6 15 50 61 5 15 50 63 4 15 50 65 3 15 51 3 66 15 51 4 64 15 51 5 62 15 51 6 60 15 51 7 59 15 51 8 58 15 51 9 57 15 51 10 56 15 51 11 55 15 51 12 54 15 51 13 53 15 51 14 52 15 51 15 51 15 51 16 50 15 51 17 49 15 51 18 48 15 51 19 47 15 51 20 46 15 51 21 45 15 51 22 44 15 51 23 43 15 51 24 42 15 51 25 41 15 51 26 40 15 51 27 39 15 51 28 38 15 51 29 37 15 51 30 36 15 51 31 35 15 51 32 34 15 51 33 33 15 51 34 32 15 51 35 31 15 51 36 30 15 51 37 29 15 51 38 28 15 51 39 27 15 51 40 26 15 51 41 25 15 51 42 24 15 51 43 23 15 51 44 22 15 51 45 21 15 51 46 20 15 51 47 19 15 51 48 18 15 51 49 17 15 51 50 16 15 51 51 15 15 51 52 14 15 51 53 13 15 51 54 12 15 51 55 11 15 51 56 10 15 51 57 9 15 51 58 8 15 51 59 7 15 51 60 6 15 51 62 5 15 51 64 4 15 51 66 3 15 52 3 67 15 52 4 65 15 52 5 63 15 52 6 61 15 52 7 60 15 52 8 59 15 52 9 58 15 52 10 57 15 52 11 56 15 52 12 55 15 52 13 54 15 52 14 53 15 52 15 52 15 52 16 51 15 52 17 50 15 52 18 49 15 52 19 48 15 52 20 47 15 52 21 46 15 52 22 45 15 52 23 44 15 52 24 43 15 52 25 42 15 52 26 41 15 52 27 40 15 52 28 39 15 52 29 38 15 52 30 37 15 52 31 36 15 52 32 35 15 52 33 34 15 52 34 33 15 52 35 32 15 52 36 31 15 52 37 30 15 52 38 29 15 52 39 28 15 52 40 27 15 52 41 26 15 52 42 25 15 52 43 24 15 52 44 23 15 52 45 22 15 52 46 21 15 52 47 20 15 52 48 19 15 52 49 18 15 52 50 17 15 52 51 16 15 52 52 15 15 52 53 14 15 52 54 13 15 52 55 12 15 52 56 11 15 52 57 10 15 52 58 9 15 52 59 8 15 52 60 7 15 52 61 6 15 52 63 5 15 52 65 4 15 52 67 3 15 53 3 68 15 53 4 66 15 53 5 64 15 53 6 62 15 53 7 61 15 53 8 60 15 53 9 59 15 53 10 58 15 53 11 57 15 53 12 56 15 53 13 55 15 53 14 54 15 53 15 53 15 53 16 52 15 53 17 51 15 53 18 50 15 53 19 49 15 53 20 48 15 53 21 47 15 53 22 46 15 53 23 45 15 53 24 44 15 53 25 43 15 53 26 42 15 53 27 41 15 53 28 40 15 53 29 39 15 53 30 38 15 53 31 37 15 53 32 36 15 53 33 35 15 53 34 34 15 53 35 33 15 53 36 32 15 53 37 31 15 53 38 30 15 53 39 29 15 53 40 28 15 53 41 27 15 53 42 26 15 53 43 25 15 53 44 24 15 53 45 23 15 53 46 22 15 53 47 21 15 53 48 20 15 53 49 19 15 53 50 18 15 53 51 17 15 53 52 16 15 53 53 15 15 53 54 14 15 53 55 13 15 53 56 12 15 53 57 11 15 53 58 10 15 53 59 9 15 53 60 8 15 53 61 7 15 53 62 6 15 53 64 5 15 53 66 4 15 53 68 3 15 54 4 67 15 54 5 65 15 54 6 63 15 54 7 62 15 54 8 61 15 54 9 60 15 54 10 59 15 54 11 58 15 54 12 57 15 54 13 56 15 54 14 55 15 54 15 54 15 54 16 53 15 54 17 52 15 54 18 51 15 54 19 50 15 54 20 49 15 54 21 48 15 54 22 47 15 54 23 46 15 54 24 45 15 54 25 44 15 54 26 43 15 54 27 42 15 54 28 41 15 54 29 40 15 54 30 39 15 54 31 38 15 54 32 37 15 54 33 36 15 54 34 35 15 54 35 34 15 54 36 33 15 54 37 32 15 54 38 31 15 54 39 30 15 54 40 29 15 54 41 28 15 54 42 27 15 54 43 26 15 54 44 25 15 54 45 24 15 54 46 23 15 54 47 22 15 54 48 21 15 54 49 20 15 54 50 19 15 54 51 18 15 54 52 17 15 54 53 16 15 54 54 15 15 54 55 14 15 54 56 13 15 54 57 12 15 54 58 11 15 54 59 10 15 54 60 9 15 54 61 8 15 54 62 7 15 54 63 6 15 54 65 5 15 54 67 4 15 55 4 68 15 55 5 66 15 55 6 64 15 55 7 63 15 55 8 62 15 55 9 61 15 55 10 60 15 55 11 59 15 55 12 58 15 55 13 57 15 55 14 56 15 55 15 55 15 55 16 54 15 55 17 53 15 55 18 52 15 55 19 51 15 55 20 50 15 55 21 49 15 55 22 48 15 55 23 47 15 55 24 46 15 55 25 45 15 55 26 44 15 55 27 43 15 55 28 42 15 55 29 41 15 55 30 40 15 55 31 39 15 55 32 38 15 55 33 37 15 55 34 36 15 55 35 35 15 55 36 34 15 55 37 33 15 55 38 32 15 55 39 31 15 55 40 30 15 55 41 29 15 55 42 28 15 55 43 27 15 55 44 26 15 55 45 25 15 55 46 24 15 55 47 23 15 55 48 22 15 55 49 21 15 55 50 20 15 55 51 19 15 55 52 18 15 55 53 17 15 55 54 16 15 55 55 15 15 55 56 14 15 55 57 13 15 55 58 12 15 55 59 11 15 55 60 10 15 55 61 9 15 55 62 8 15 55 63 7 15 55 64 6 15 55 66 5 15 55 68 4 15 56 4 69 15 56 5 67 15 56 6 65 15 56 7 64 15 56 8 63 15 56 9 62 15 56 10 61 15 56 11 60 15 56 12 59 15 56 13 58 15 56 14 57 15 56 15 56 15 56 16 55 15 56 17 54 15 56 18 53 15 56 19 52 15 56 20 51 15 56 21 50 15 56 22 49 15 56 23 48 15 56 24 47 15 56 25 46 15 56 26 45 15 56 27 44 15 56 28 43 15 56 29 42 15 56 30 41 15 56 31 40 15 56 32 39 15 56 33 38 15 56 34 37 15 56 35 36 15 56 36 35 15 56 37 34 15 56 38 33 15 56 39 32 15 56 40 31 15 56 41 30 15 56 42 29 15 56 43 28 15 56 44 27 15 56 45 26 15 56 46 25 15 56 47 24 15 56 48 23 15 56 49 22 15 56 50 21 15 56 51 20 15 56 52 19 15 56 53 18 15 56 54 17 15 56 55 16 15 56 56 15 15 56 57 14 15 56 58 13 15 56 59 12 15 56 60 11 15 56 61 10 15 56 62 9 15 56 63 8 15 56 64 7 15 56 65 6 15 56 67 5 15 56 69 4 15 57 4 70 15 57 5 68 15 57 6 66 15 57 7 65 15 57 8 64 15 57 9 63 15 57 10 62 15 57 11 61 15 57 12 60 15 57 13 59 15 57 14 58 15 57 15 57 15 57 16 56 15 57 17 55 15 57 18 54 15 57 19 53 15 57 20 52 15 57 21 51 15 57 22 50 15 57 23 49 15 57 24 48 15 57 25 47 15 57 26 46 15 57 27 45 15 57 28 44 15 57 29 43 15 57 30 42 15 57 31 41 15 57 32 40 15 57 33 39 15 57 34 38 15 57 35 37 15 57 36 36 15 57 37 35 15 57 38 34 15 57 39 33 15 57 40 32 15 57 41 31 15 57 42 30 15 57 43 29 15 57 44 28 15 57 45 27 15 57 46 26 15 57 47 25 15 57 48 24 15 57 49 23 15 57 50 22 15 57 51 21 15 57 52 20 15 57 53 19 15 57 54 18 15 57 55 17 15 57 56 16 15 57 57 15 15 57 58 14 15 57 59 13 15 57 60 12 15 57 61 11 15 57 62 10 15 57 63 9 15 57 64 8 15 57 65 7 15 57 66 6 15 57 68 5 15 57 70 4 15 58 5 69 15 58 6 67 15 58 7 66 15 58 8 65 15 58 9 64 15 58 10 63 15 58 11 62 15 58 12 61 15 58 13 60 15 58 14 59 15 58 15 58 15 58 16 57 15 58 17 56 15 58 18 55 15 58 19 54 15 58 20 53 15 58 21 52 15 58 22 51 15 58 23 50 15 58 24 49 15 58 25 48 15 58 26 47 15 58 27 46 15 58 28 45 15 58 29 44 15 58 30 43 15 58 31 42 15 58 32 41 15 58 33 40 15 58 34 39 15 58 35 38 15 58 36 37 15 58 37 36 15 58 38 35 15 58 39 34 15 58 40 33 15 58 41 32 15 58 42 31 15 58 43 30 15 58 44 29 15 58 45 28 15 58 46 27 15 58 47 26 15 58 48 25 15 58 49 24 15 58 50 23 15 58 51 22 15 58 52 21 15 58 53 20 15 58 54 19 15 58 55 18 15 58 56 17 15 58 57 16 15 58 58 15 15 58 59 14 15 58 60 13 15 58 61 12 15 58 62 11 15 58 63 10 15 58 64 9 15 58 65 8 15 58 66 7 15 58 67 6 15 58 69 5 15 59 5 70 15 59 6 68 15 59 7 67 15 59 8 66 15 59 9 65 15 59 10 64 15 59 11 63 15 59 12 62 15 59 13 61 15 59 14 60 15 59 15 59 15 59 16 58 15 59 17 57 15 59 18 56 15 59 19 55 15 59 20 54 15 59 21 53 15 59 22 52 15 59 23 51 15 59 24 50 15 59 25 49 15 59 26 48 15 59 27 47 15 59 28 46 15 59 29 45 15 59 30 44 15 59 31 43 15 59 32 42 15 59 33 41 15 59 34 40 15 59 35 39 15 59 36 38 15 59 37 37 15 59 38 36 15 59 39 35 15 59 40 34 15 59 41 33 15 59 42 32 15 59 43 31 15 59 44 30 15 59 45 29 15 59 46 28 15 59 47 27 15 59 48 26 15 59 49 25 15 59 50 24 15 59 51 23 15 59 52 22 15 59 53 21 15 59 54 20 15 59 55 19 15 59 56 18 15 59 57 17 15 59 58 16 15 59 59 15 15 59 60 14 15 59 61 13 15 59 62 12 15 59 63 11 15 59 64 10 15 59 65 9 15 59 66 8 15 59 67 7 15 59 68 6 15 59 70 5 15 60 5 71 15 60 6 69 15 60 7 68 15 60 8 67 15 60 9 66 15 60 10 65 15 60 11 64 15 60 12 63 15 60 13 62 15 60 14 61 15 60 15 60 15 60 16 59 15 60 17 58 15 60 18 57 15 60 19 56 15 60 20 55 15 60 21 54 15 60 22 53 15 60 23 52 15 60 24 51 15 60 25 50 15 60 26 49 15 60 27 48 15 60 28 47 15 60 29 46 15 60 30 45 15 60 31 44 15 60 32 43 15 60 33 42 15 60 34 41 15 60 35 40 15 60 36 39 15 60 37 38 15 60 38 37 15 60 39 36 15 60 40 35 15 60 41 34 15 60 42 33 15 60 43 32 15 60 44 31 15 60 45 30 15 60 46 29 15 60 47 28 15 60 48 27 15 60 49 26 15 60 50 25 15 60 51 24 15 60 52 23 15 60 53 22 15 60 54 21 15 60 55 20 15 60 56 19 15 60 57 18 15 60 58 17 15 60 59 16 15 60 60 15 15 60 61 14 15 60 62 13 15 60 63 12 15 60 64 11 15 60 65 10 15 60 66 9 15 60 67 8 15 60 68 7 15 60 69 6 15 60 71 5 15 61 5 72 15 61 6 70 15 61 7 69 15 61 8 68 15 61 9 67 15 61 10 66 15 61 11 65 15 61 12 64 15 61 13 63 15 61 14 62 15 61 15 61 15 61 16 60 15 61 17 59 15 61 18 58 15 61 19 57 15 61 20 56 15 61 21 55 15 61 22 54 15 61 23 53 15 61 24 52 15 61 25 51 15 61 26 50 15 61 27 49 15 61 28 48 15 61 29 47 15 61 30 46 15 61 31 45 15 61 32 44 15 61 33 43 15 61 34 42 15 61 35 41 15 61 36 40 15 61 37 39 15 61 38 38 15 61 39 37 15 61 40 36 15 61 41 35 15 61 42 34 15 61 43 33 15 61 44 32 15 61 45 31 15 61 46 30 15 61 47 29 15 61 48 28 15 61 49 27 15 61 50 26 15 61 51 25 15 61 52 24 15 61 53 23 15 61 54 22 15 61 55 21 15 61 56 20 15 61 57 19 15 61 58 18 15 61 59 17 15 61 60 16 15 61 61 15 15 61 62 14 15 61 63 13 15 61 64 12 15 61 65 11 15 61 66 10 15 61 67 9 15 61 68 8 15 61 69 7 15 61 70 6 15 61 72 5 15 62 6 71 15 62 7 70 15 62 8 69 15 62 9 68 15 62 10 67 15 62 11 66 15 62 12 65 15 62 13 64 15 62 14 63 15 62 15 62 15 62 16 61 15 62 17 60 15 62 18 59 15 62 19 58 15 62 20 57 15 62 21 56 15 62 22 55 15 62 23 54 15 62 24 53 15 62 25 52 15 62 26 51 15 62 27 50 15 62 28 49 15 62 29 48 15 62 30 47 15 62 31 46 15 62 32 45 15 62 33 44 15 62 34 43 15 62 35 42 15 62 36 41 15 62 37 40 15 62 38 39 15 62 39 38 15 62 40 37 15 62 41 36 15 62 42 35 15 62 43 34 15 62 44 33 15 62 45 32 15 62 46 31 15 62 47 30 15 62 48 29 15 62 49 28 15 62 50 27 15 62 51 26 15 62 52 25 15 62 53 24 15 62 54 23 15 62 55 22 15 62 56 21 15 62 57 20 15 62 58 19 15 62 59 18 15 62 60 17 15 62 61 16 15 62 62 15 15 62 63 14 15 62 64 13 15 62 65 12 15 62 66 11 15 62 67 10 15 62 68 9 15 62 69 8 15 62 70 7 15 62 71 6 15 63 6 72 15 63 7 71 15 63 8 70 15 63 9 69 15 63 10 68 15 63 11 67 15 63 12 66 15 63 13 65 15 63 14 64 15 63 15 63 15 63 16 62 15 63 17 61 15 63 18 60 15 63 19 59 15 63 20 58 15 63 21 57 15 63 22 56 15 63 23 55 15 63 24 54 15 63 25 53 15 63 26 52 15 63 27 51 15 63 28 50 15 63 29 49 15 63 30 48 15 63 31 47 15 63 32 46 15 63 33 45 15 63 34 44 15 63 35 43 15 63 36 42 15 63 37 41 15 63 38 40 15 63 39 39 15 63 40 38 15 63 41 37 15 63 42 36 15 63 43 35 15 63 44 34 15 63 45 33 15 63 46 32 15 63 47 31 15 63 48 30 15 63 49 29 15 63 50 28 15 63 51 27 15 63 52 26 15 63 53 25 15 63 54 24 15 63 55 23 15 63 56 22 15 63 57 21 15 63 58 20 15 63 59 19 15 63 60 18 15 63 61 17 15 63 62 16 15 63 63 15 15 63 64 14 15 63 65 13 15 63 66 12 15 63 67 11 15 63 68 10 15 63 69 9 15 63 70 8 15 63 71 7 15 63 72 6 15 64 7 72 15 64 8 71 15 64 9 70 15 64 10 69 15 64 11 68 15 64 12 67 15 64 13 66 15 64 14 65 15 64 15 64 15 64 16 63 15 64 17 62 15 64 18 61 15 64 19 60 15 64 20 59 15 64 21 58 15 64 22 57 15 64 23 56 15 64 24 55 15 64 25 54 15 64 26 53 15 64 27 52 15 64 28 51 15 64 29 50 15 64 30 49 15 64 31 48 15 64 32 47 15 64 33 46 15 64 34 45 15 64 35 44 15 64 36 43 15 64 37 42 15 64 38 41 15 64 39 40 15 64 40 39 15 64 41 38 15 64 42 37 15 64 43 36 15 64 44 35 15 64 45 34 15 64 46 33 15 64 47 32 15 64 48 31 15 64 49 30 15 64 50 29 15 64 51 28 15 64 52 27 15 64 53 26 15 64 54 25 15 64 55 24 15 64 56 23 15 64 57 22 15 64 58 21 15 64 59 20 15 64 60 19 15 64 61 18 15 64 62 17 15 64 63 16 15 64 64 15 15 64 65 14 15 64 66 13 15 64 67 12 15 64 68 11 15 64 69 10 15 64 70 9 15 64 71 8 15 64 72 7 15 65 8 72 15 65 9 71 15 65 10 70 15 65 11 69 15 65 12 68 15 65 13 67 15 65 14 66 15 65 15 65 15 65 16 64 15 65 17 63 15 65 18 62 15 65 19 61 15 65 20 60 15 65 21 59 15 65 22 58 15 65 23 57 15 65 24 56 15 65 25 55 15 65 26 54 15 65 27 53 15 65 28 52 15 65 29 51 15 65 30 50 15 65 31 49 15 65 32 48 15 65 33 47 15 65 34 46 15 65 35 45 15 65 36 44 15 65 37 43 15 65 38 42 15 65 39 41 15 65 40 40 15 65 41 39 15 65 42 38 15 65 43 37 15 65 44 36 15 65 45 35 15 65 46 34 15 65 47 33 15 65 48 32 15 65 49 31 15 65 50 30 15 65 51 29 15 65 52 28 15 65 53 27 15 65 54 26 15 65 55 25 15 65 56 24 15 65 57 23 15 65 58 22 15 65 59 21 15 65 60 20 15 65 61 19 15 65 62 18 15 65 63 17 15 65 64 16 15 65 65 15 15 65 66 14 15 65 67 13 15 65 68 12 15 65 69 11 15 65 70 10 15 65 71 9 15 65 72 8 15 66 9 72 15 66 10 71 15 66 11 70 15 66 12 69 15 66 13 68 15 66 14 67 15 66 15 66 15 66 16 65 15 66 17 64 15 66 18 63 15 66 19 62 15 66 20 61 15 66 21 60 15 66 22 59 15 66 23 58 15 66 24 57 15 66 25 56 15 66 26 55 15 66 27 54 15 66 28 53 15 66 29 52 15 66 30 51 15 66 31 50 15 66 32 49 15 66 33 48 15 66 34 47 15 66 35 46 15 66 36 45 15 66 37 44 15 66 38 43 15 66 39 42 15 66 40 41 15 66 41 40 15 66 42 39 15 66 43 38 15 66 44 37 15 66 45 36 15 66 46 35 15 66 47 34 15 66 48 33 15 66 49 32 15 66 50 31 15 66 51 30 15 66 52 29 15 66 53 28 15 66 54 27 15 66 55 26 15 66 56 25 15 66 57 24 15 66 58 23 15 66 59 22 15 66 60 21 15 66 61 20 15 66 62 19 15 66 63 18 15 66 64 17 15 66 65 16 15 66 66 15 15 66 67 14 15 66 68 13 15 66 69 12 15 66 70 11 15 66 71 10 15 66 72 9 15 67 10 72 15 67 11 71 15 67 12 70 15 67 13 69 15 67 14 68 15 67 15 67 15 67 16 66 15 67 17 65 15 67 18 64 15 67 19 63 15 67 20 62 15 67 21 61 15 67 22 60 15 67 23 59 15 67 24 58 15 67 25 57 15 67 26 56 15 67 27 55 15 67 28 54 15 67 29 53 15 67 30 52 15 67 31 51 15 67 32 50 15 67 33 49 15 67 34 48 15 67 35 47 15 67 36 46 15 67 37 45 15 67 38 44 15 67 39 43 15 67 40 42 15 67 41 41 15 67 42 40 15 67 43 39 15 67 44 38 15 67 45 37 15 67 46 36 15 67 47 35 15 67 48 34 15 67 49 33 15 67 50 32 15 67 51 31 15 67 52 30 15 67 53 29 15 67 54 28 15 67 55 27 15 67 56 26 15 67 57 25 15 67 58 24 15 67 59 23 15 67 60 22 15 67 61 21 15 67 62 20 15 67 63 19 15 67 64 18 15 67 65 17 15 67 66 16 15 67 67 15 15 67 68 14 15 67 69 13 15 67 70 12 15 67 71 11 15 67 72 10 15 68 11 72 15 68 12 71 15 68 13 70 15 68 14 69 15 68 15 68 15 68 16 67 15 68 17 66 15 68 18 65 15 68 19 64 15 68 20 63 15 68 21 62 15 68 22 61 15 68 23 60 15 68 24 59 15 68 25 58 15 68 26 57 15 68 27 56 15 68 28 55 15 68 29 54 15 68 30 53 15 68 31 52 15 68 32 51 15 68 33 50 15 68 34 49 15 68 35 48 15 68 36 47 15 68 37 46 15 68 38 45 15 68 39 44 15 68 40 43 15 68 41 42 15 68 42 41 15 68 43 40 15 68 44 39 15 68 45 38 15 68 46 37 15 68 47 36 15 68 48 35 15 68 49 34 15 68 50 33 15 68 51 32 15 68 52 31 15 68 53 30 15 68 54 29 15 68 55 28 15 68 56 27 15 68 57 26 15 68 58 25 15 68 59 24 15 68 60 23 15 68 61 22 15 68 62 21 15 68 63 20 15 68 64 19 15 68 65 18 15 68 66 17 15 68 67 16 15 68 68 15 15 68 69 14 15 68 70 13 15 68 71 12 15 68 72 11 15 69 12 72 15 69 13 71 15 69 14 70 15 69 15 69 15 69 16 68 15 69 17 67 15 69 18 66 15 69 19 65 15 69 20 64 15 69 21 63 15 69 22 62 15 69 23 61 15 69 24 60 15 69 25 59 15 69 26 58 15 69 27 57 15 69 28 56 15 69 29 55 15 69 30 54 15 69 31 53 15 69 32 52 15 69 33 51 15 69 34 50 15 69 35 49 15 69 36 48 15 69 37 47 15 69 38 46 15 69 39 45 15 69 40 44 15 69 41 43 15 69 42 42 15 69 43 41 15 69 44 40 15 69 45 39 15 69 46 38 15 69 47 37 15 69 48 36 15 69 49 35 15 69 50 34 15 69 51 33 15 69 52 32 15 69 53 31 15 69 54 30 15 69 55 29 15 69 56 28 15 69 57 27 15 69 58 26 15 69 59 25 15 69 60 24 15 69 61 23 15 69 62 22 15 69 63 21 15 69 64 20 15 69 65 19 15 69 66 18 15 69 67 17 15 69 68 16 15 69 69 15 15 69 70 14 15 69 71 13 15 69 72 12 15 70 13 72 15 70 14 71 15 70 15 70 15 70 16 69 15 70 17 68 15 70 18 67 15 70 19 66 15 70 20 65 15 70 21 64 15 70 22 63 15 70 23 62 15 70 24 61 15 70 25 60 15 70 26 59 15 70 27 58 15 70 28 57 15 70 29 56 15 70 30 55 15 70 31 54 15 70 32 53 15 70 33 52 15 70 34 51 15 70 35 50 15 70 36 49 15 70 37 48 15 70 38 47 15 70 39 46 15 70 40 45 15 70 41 44 15 70 42 43 15 70 43 42 15 70 44 41 15 70 45 40 15 70 46 39 15 70 47 38 15 70 48 37 15 70 49 36 15 70 50 35 15 70 51 34 15 70 52 33 15 70 53 32 15 70 54 31 15 70 55 30 15 70 56 29 15 70 57 28 15 70 58 27 15 70 59 26 15 70 60 25 15 70 61 24 15 70 62 23 15 70 63 22 15 70 64 21 15 70 65 20 15 70 66 19 15 70 67 18 15 70 68 17 15 70 69 16 15 70 70 15 15 70 71 14 15 70 72 13 15 71 14 72 15 71 15 71 15 71 16 70 15 71 17 69 15 71 18 68 15 71 19 67 15 71 20 66 15 71 21 65 15 71 22 64 15 71 23 63 15 71 24 62 15 71 25 61 15 71 26 60 15 71 27 59 15 71 28 58 15 71 29 57 15 71 30 56 15 71 31 55 15 71 32 54 15 71 33 53 15 71 34 52 15 71 35 51 15 71 36 50 15 71 37 49 15 71 38 48 15 71 39 47 15 71 40 46 15 71 41 45 15 71 42 44 15 71 43 43 15 71 44 42 15 71 45 41 15 71 46 40 15 71 47 39 15 71 48 38 15 71 49 37 15 71 50 36 15 71 51 35 15 71 52 34 15 71 53 33 15 71 54 32 15 71 55 31 15 71 56 30 15 71 57 29 15 71 58 28 15 71 59 27 15 71 60 26 15 71 61 25 15 71 62 24 15 71 63 23 15 71 64 22 15 71 65 21 15 71 66 20 15 71 67 19 15 71 68 18 15 71 69 17 15 71 70 16 15 71 71 15 15 71 72 14 15 72 15 72 15 72 16 71 15 72 17 70 15 72 18 69 15 72 19 68 15 72 20 67 15 72 21 66 15 72 22 65 15 72 23 64 15 72 24 63 15 72 25 62 15 72 26 61 15 72 27 60 15 72 28 59 15 72 29 58 15 72 30 57 15 72 31 56 15 72 32 55 15 72 33 54 15 72 34 53 15 72 35 52 15 72 36 51 15 72 37 50 15 72 38 49 15 72 39 48 15 72 40 47 15 72 41 46 15 72 42 45 15 72 43 44 15 72 44 43 15 72 45 42 15 72 46 41 15 72 47 40 15 72 48 39 15 72 49 38 15 72 50 37 15 72 51 36 15 72 52 35 15 72 53 34 15 72 54 33 15 72 55 32 15 72 56 31 15 72 57 30 15 72 58 29 15 72 59 28 15 72 60 27 15 72 61 26 15 72 62 25 15 72 63 24 15 72 64 23 15 72 65 22 15 72 66 21 15 72 67 20 15 72 68 19 15 72 69 18 15 72 70 17 15 72 71 16 15 72 72 15 























































71 0 0 71 71 0 1 69 71 0 69 1 71 0 71 0 71 1 1 71 71 1 2 69 71 1 3 68 71 1 68 3 71 1 69 2 71 1 71 1 71 2 2 71 71 2 3 70 71 2 4 68 71 2 5 66 71 2 66 5 71 2 68 4 71 2 70 3 71 2 71 2 71 3 2 72 71 3 3 71 71 3 4 69 71 3 5 67 71 3 6 65 71 3 7 64 71 3 64 7 71 3 65 6 71 3 67 5 71 3 69 4 71 3 71 3 71 3 72 2 71 4 4 71 71 4 5 69 71 4 6 67 71 4 7 66 71 4 8 65 71 4 9 64 71 4 10 63 71 4 11 62 71 4 13 60 71 4 60 13 71 4 62 11 71 4 63 10 71 4 64 9 71 4 65 8 71 4 66 7 71 4 67 6 71 4 69 5 71 4 71 4 71 5 5 71 71 5 6 69 71 5 7 68 71 5 8 67 71 5 9 66 71 5 10 65 71 5 11 64 71 5 12 63 71 5 13 62 71 5 14 61 71 5 15 60 71 5 16 59 71 5 17 58 71 5 18 57 71 5 19 56 71 5 20 55 71 5 21 54 71 5 22 53 71 5 23 52 71 5 25 50 71 5 27 48 71 5 48 27 71 5 50 25 71 5 52 23 71 5 53 22 71 5 54 21 71 5 55 20 71 5 56 19 71 5 57 18 71 5 58 17 71 5 59 16 71 5 60 15 71 5 61 14 71 5 62 13 71 5 63 12 71 5 64 11 71 5 65 10 71 5 66 9 71 5 67 8 71 5 68 7 71 5 69 6 71 5 71 5 71 6 6 71 71 6 7 70 71 6 8 69 71 6 9 68 71 6 10 67 71 6 11 66 71 6 12 65 71 6 13 64 71 6 14 63 71 6 15 62 71 6 16 61 71 6 17 60 71 6 18 59 71 6 19 58 71 6 20 57 71 6 21 56 71 6 22 55 71 6 23 54 71 6 24 53 71 6 25 52 71 6 26 51 71 6 27 50 71 6 28 49 71 6 29 48 71 6 30 47 71 6 31 46 71 6 33 44 71 6 34 43 71 6 36 41 71 6 38 39 71 6 39 38 71 6 41 36 71 6 43 34 71 6 44 33 71 6 46 31 71 6 47 30 71 6 48 29 71 6 49 28 71 6 50 27 71 6 51 26 71 6 52 25 71 6 53 24 71 6 54 23 71 6 55 22 71 6 56 21 71 6 57 20 71 6 58 19 71 6 59 18 71 6 60 17 71 6 61 16 71 6 62 15 71 6 63 14 71 6 64 13 71 6 65 12 71 6 66 11 71 6 67 10 71 6 68 9 71 6 69 8 71 6 70 7 71 6 71 6 71 7 6 72 71 7 7 71 71 7 8 70 71 7 9 69 71 7 10 68 71 7 11 67 71 7 12 66 71 7 13 65 71 7 14 64 71 7 15 63 71 7 16 62 71 7 17 61 71 7 18 60 71 7 19 59 71 7 20 58 71 7 21 57 71 7 22 56 71 7 23 55 71 7 24 54 71 7 25 53 71 7 26 52 71 7 27 51 71 7 28 50 71 7 29 49 71 7 30 48 71 7 31 47 71 7 32 46 71 7 33 45 71 7 34 44 71 7 35 43 71 7 36 42 71 7 37 41 71 7 38 40 71 7 39 39 71 7 40 38 71 7 41 37 71 7 42 36 71 7 43 35 71 7 44 34 71 7 45 33 71 7 46 32 71 7 47 31 71 7 48 30 71 7 49 29 71 7 50 28 71 7 51 27 71 7 52 26 71 7 53 25 71 7 54 24 71 7 55 23 71 7 56 22 71 7 57 21 71 7 58 20 71 7 59 19 71 7 60 18 71 7 61 17 71 7 62 16 71 7 63 15 71 7 64 14 71 7 65 13 71 7 66 12 71 7 67 11 71 7 68 10 71 7 69 9 71 7 70 8 71 7 71 7 71 7 72 6 71 8 7 72 71 8 8 71 71 8 9 70 71 8 10 69 71 8 11 68 71 8 12 67 71 8 13 66 71 8 14 65 71 8 15 64 71 8 16 63 71 8 17 62 71 8 18 61 71 8 19 60 71 8 20 59 71 8 21 58 71 8 22 57 71 8 23 56 71 8 24 55 71 8 25 54 71 8 26 53 71 8 27 52 71 8 28 51 71 8 29 50 71 8 30 49 71 8 31 48 71 8 32 47 71 8 33 46 71 8 34 45 71 8 35 44 71 8 36 43 71 8 37 42 71 8 38 41 71 8 39 40 71 8 40 39 71 8 41 38 71 8 42 37 71 8 43 36 71 8 44 35 71 8 45 34 71 8 46 33 71 8 47 32 71 8 48 31 71 8 49 30 71 8 50 29 71 8 51 28 71 8 52 27 71 8 53 26 71 8 54 25 71 8 55 24 71 8 56 23 71 8 57 22 71 8 58 21 71 8 59 20 71 8 60 19 71 8 61 18 71 8 62 17 71 8 63 16 71 8 64 15 71 8 65 14 71 8 66 13 71 8 67 12 71 8 68 11 71 8 69 10 71 8 70 9 71 8 71 8 71 8 72 7 71 9 8 72 71 9 9 71 71 9 10 70 71 9 11 69 71 9 12 68 71 9 13 67 71 9 14 66 71 9 15 65 71 9 16 64 71 9 17 63 71 9 18 62 71 9 19 61 71 9 20 60 71 9 21 59 71 9 22 58 71 9 23 57 71 9 24 56 71 9 25 55 71 9 26 54 71 9 27 53 71 9 28 52 71 9 29 51 71 9 30 50 71 9 31 49 71 9 32 48 71 9 33 47 71 9 34 46 71 9 35 45 71 9 36 44 71 9 37 43 71 9 38 42 71 9 39 41 71 9 40 40 71 9 41 39 71 9 42 38 71 9 43 37 71 9 44 36 71 9 45 35 71 9 46 34 71 9 47 33 71 9 48 32 71 9 49 31 71 9 50 30 71 9 51 29 71 9 52 28 71 9 53 27 71 9 54 26 71 9 55 25 71 9 56 24 71 9 57 23 71 9 58 22 71 9 59 21 71 9 60 20 71 9 61 19 71 9 62 18 71 9 63 17 71 9 64 16 71 9 65 15 71 9 66 14 71 9 67 13 71 9 68 12 71 9 69 11 71 9 70 10 71 9 71 9 71 9 72 8 71 10 9 72 71 10 10 71 71 10 11 70 71 10 12 69 71 10 13 68 71 10 14 67 71 10 15 66 71 10 16 65 71 10 17 64 71 10 18 63 71 10 19 62 71 10 20 61 71 10 21 60 71 10 22 59 71 10 23 58 71 10 24 57 71 10 25 56 71 10 26 55 71 10 27 54 71 10 28 53 71 10 29 52 71 10 30 51 71 10 31 50 71 10 32 49 71 10 33 48 71 10 34 47 71 10 35 46 71 10 36 45 71 10 37 44 71 10 38 43 71 10 39 42 71 10 40 41 71 10 41 40 71 10 42 39 71 10 43 38 71 10 44 37 71 10 45 36 71 10 46 35 71 10 47 34 71 10 48 33 71 10 49 32 71 10 50 31 71 10 51 30 71 10 52 29 71 10 53 28 71 10 54 27 71 10 55 26 71 10 56 25 71 10 57 24 71 10 58 23 71 10 59 22 71 10 60 21 71 10 61 20 71 10 62 19 71 10 63 18 71 10 64 17 71 10 65 16 71 10 66 15 71 10 67 14 71 10 68 13 71 10 69 12 71 10 70 11 71 10 71 10 71 10 72 9 71 11 10 72 71 11 11 71 71 11 12 70 71 11 13 69 71 11 14 68 71 11 15 67 71 11 16 66 71 11 17 65 71 11 18 64 71 11 19 63 71 11 20 62 71 11 21 61 71 11 22 60 71 11 23 59 71 11 24 58 71 11 25 57 71 11 26 56 71 11 27 55 71 11 28 54 71 11 29 53 71 11 30 52 71 11 31 51 71 11 32 50 71 11 33 49 71 11 34 48 71 11 35 47 71 11 36 46 71 11 37 45 71 11 38 44 71 11 39 43 71 11 40 42 71 11 41 41 71 11 42 40 71 11 43 39 71 11 44 38 71 11 45 37 71 11 46 36 71 11 47 35 71 11 48 34 71 11 49 33 71 11 50 32 71 11 51 31 71 11 52 30 71 11 53 29 71 11 54 28 71 11 55 27 71 11 56 26 71 11 57 25 71 11 58 24 71 11 59 23 71 11 60 22 71 11 61 21 71 11 62 20 71 11 63 19 71 11 64 18 71 11 65 17 71 11 66 16 71 11 67 15 71 11 68 14 71 11 69 13 71 11 70 12 71 11 71 11 71 11 72 10 71 12 11 72 71 12 12 71 71 12 13 70 71 12 14 69 71 12 15 68 71 12 16 67 71 12 17 66 71 12 18 65 71 12 19 64 71 12 20 63 71 12 21 62 71 12 22 61 71 12 23 60 71 12 24 59 71 12 25 58 71 12 26 57 71 12 27 56 71 12 28 55 71 12 29 54 71 12 30 53 71 12 31 52 71 12 32 51 71 12 33 50 71 12 34 49 71 12 35 48 71 12 36 47 71 12 37 46 71 12 38 45 71 12 39 44 71 12 40 43 71 12 41 42 71 12 42 41 71 12 43 40 71 12 44 39 71 12 45 38 71 12 46 37 71 12 47 36 71 12 48 35 71 12 49 34 71 12 50 33 71 12 51 32 71 12 52 31 71 12 53 30 71 12 54 29 71 12 55 28 71 12 56 27 71 12 57 26 71 12 58 25 71 12 59 24 71 12 60 23 71 12 61 22 71 12 62 21 71 12 63 20 71 12 64 19 71 12 65 18 71 12 66 17 71 12 67 16 71 12 68 15 71 12 69 14 71 12 70 13 71 12 71 12 71 12 72 11 71 13 12 72 71 13 13 71 71 13 14 70 71 13 15 69 71 13 16 68 71 13 17 67 71 13 18 66 71 13 19 65 71 13 20 64 71 13 21 63 71 13 22 62 71 13 23 61 71 13 24 60 71 13 25 59 71 13 26 58 71 13 27 57 71 13 28 56 71 13 29 55 71 13 30 54 71 13 31 53 71 13 32 52 71 13 33 51 71 13 34 50 71 13 35 49 71 13 36 48 71 13 37 47 71 13 38 46 71 13 39 45 71 13 40 44 71 13 41 43 71 13 42 42 71 13 43 41 71 13 44 40 71 13 45 39 71 13 46 38 71 13 47 37 71 13 48 36 71 13 49 35 71 13 50 34 71 13 51 33 71 13 52 32 71 13 53 31 71 13 54 30 71 13 55 29 71 13 56 28 71 13 57 27 71 13 58 26 71 13 59 25 71 13 60 24 71 13 61 23 71 13 62 22 71 13 63 21 71 13 64 20 71 13 65 19 71 13 66 18 71 13 67 17 71 13 68 16 71 13 69 15 71 13 70 14 71 13 71 13 71 13 72 12 71 14 13 72 71 14 14 71 71 14 15 70 71 14 16 69 71 14 17 68 71 14 18 67 71 14 19 66 71 14 20 65 71 14 21 64 71 14 22 63 71 14 23 62 71 14 24 61 71 14 25 60 71 14 26 59 71 14 27 58 71 14 28 57 71 14 29 56 71 14 30 55 71 14 31 54 71 14 32 53 71 14 33 52 71 14 34 51 71 14 35 50 71 14 36 49 71 14 37 48 71 14 38 47 71 14 39 46 71 14 40 45 71 14 41 44 71 14 42 43 71 14 43 42 71 14 44 41 71 14 45 40 71 14 46 39 71 14 47 38 71 14 48 37 71 14 49 36 71 14 50 35 71 14 51 34 71 14 52 33 71 14 53 32 71 14 54 31 71 14 55 30 71 14 56 29 71 14 57 28 71 14 58 27 71 14 59 26 71 14 60 25 71 14 61 24 71 14 62 23 71 14 63 22 71 14 64 21 71 14 65 20 71 14 66 19 71 14 67 18 71 14 68 17 71 14 69 16 71 14 70 15 71 14 71 14 71 14 72 13 71 15 14 72 71 15 15 71 71 15 16 70 71 15 17 69 71 15 18 68 71 15 19 67 71 15 20 66 71 15 21 65 71 15 22 64 71 15 23 63 71 15 24 62 71 15 25 61 71 15 26 60 71 15 27 59 71 15 28 58 71 15 29 57 71 15 30 56 71 15 31 55 71 15 32 54 71 15 33 53 71 15 34 52 71 15 35 51 71 15 36 50 71 15 37 49 71 15 38 48 71 15 39 47 71 15 40 46 71 15 41 45 71 15 42 44 71 15 43 43 71 15 44 42 71 15 45 41 71 15 46 40 71 15 47 39 71 15 48 38 71 15 49 37 71 15 50 36 71 15 51 35 71 15 52 34 71 15 53 33 71 15 54 32 71 15 55 31 71 15 56 30 71 15 57 29 71 15 58 28 71 15 59 27 71 15 60 26 71 15 61 25 71 15 62 24 71 15 63 23 71 15 64 22 71 15 65 21 71 15 66 20 71 15 67 19 71 15 68 18 71 15 69 17 71 15 70 16 71 15 71 15 71 15 72 14 71 16 15 72 71 16 16 71 71 16 17 70 71 16 18 69 71 16 19 68 71 16 20 67 71 16 21 66 71 16 22 65 71 16 23 64 71 16 24 63 71 16 25 62 71 16 26 61 71 16 27 60 71 16 28 59 71 16 29 58 71 16 30 57 71 16 31 56 71 16 32 55 71 16 33 54 71 16 34 53 71 16 35 52 71 16 36 51 71 16 37 50 71 16 38 49 71 16 39 48 71 16 40 47 71 16 41 46 71 16 42 45 71 16 43 44 71 16 44 43 71 16 45 42 71 16 46 41 71 16 47 40 71 16 48 39 71 16 49 38 71 16 50 37 71 16 51 36 71 16 52 35 71 16 53 34 71 16 54 33 71 16 55 32 71 16 56 31 71 16 57 30 71 16 58 29 71 16 59 28 71 16 60 27 71 16 61 26 71 16 62 25 71 16 63 24 71 16 64 23 71 16 65 22 71 16 66 21 71 16 67 20 71 16 68 19 71 16 69 18 71 16 70 17 71 16 71 16 71 16 72 15 71 17 16 72 71 17 17 71 71 17 18 70 71 17 19 69 71 17 20 68 71 17 21 67 71 17 22 66 71 17 23 65 71 17 24 64 71 17 25 63 71 17 26 62 71 17 27 61 71 17 28 60 71 17 29 59 71 17 30 58 71 17 31 57 71 17 32 56 71 17 33 55 71 17 34 54 71 17 35 53 71 17 36 52 71 17 37 51 71 17 38 50 71 17 39 49 71 17 40 48 71 17 41 47 71 17 42 46 71 17 43 45 71 17 44 44 71 17 45 43 71 17 46 42 71 17 47 41 71 17 48 40 71 17 49 39 71 17 50 38 71 17 51 37 71 17 52 36 71 17 53 35 71 17 54 34 71 17 55 33 71 17 56 32 71 17 57 31 71 17 58 30 71 17 59 29 71 17 60 28 71 17 61 27 71 17 62 26 71 17 63 25 71 17 64 24 71 17 65 23 71 17 66 22 71 17 67 21 71 17 68 20 71 17 69 19 71 17 70 18 71 17 71 17 71 17 72 16 71 18 17 72 71 18 18 71 71 18 19 70 71 18 20 69 71 18 21 68 71 18 22 67 71 18 23 66 71 18 24 65 71 18 25 64 71 18 26 63 71 18 27 62 71 18 28 61 71 18 29 60 71 18 30 59 71 18 31 58 71 18 32 57 71 18 33 56 71 18 34 55 71 18 35 54 71 18 36 53 71 18 37 52 71 18 38 51 71 18 39 50 71 18 40 49 71 18 41 48 71 18 42 47 71 18 43 46 71 18 44 45 71 18 45 44 71 18 46 43 71 18 47 42 71 18 48 41 71 18 49 40 71 18 50 39 71 18 51 38 71 18 52 37 71 18 53 36 71 18 54 35 71 18 55 34 71 18 56 33 71 18 57 32 71 18 58 31 71 18 59 30 71 18 60 29 71 18 61 28 71 18 62 27 71 18 63 26 71 18 64 25 71 18 65 24 71 18 66 23 71 18 67 22 71 18 68 21 71 18 69 20 71 18 70 19 71 18 71 18 71 18 72 17 71 19 18 72 71 19 19 71 71 19 20 70 71 19 21 69 71 19 22 68 71 19 23 67 71 19 24 66 71 19 25 65 71 19 26 64 71 19 27 63 71 19 28 62 71 19 29 61 71 19 30 60 71 19 31 59 71 19 32 58 71 19 33 57 71 19 34 56 71 19 35 55 71 19 36 54 71 19 37 53 71 19 38 52 71 19 39 51 71 19 40 50 71 19 41 49 71 19 42 48 71 19 43 47 71 19 44 46 71 19 45 45 71 19 46 44 71 19 47 43 71 19 48 42 71 19 49 41 71 19 50 40 71 19 51 39 71 19 52 38 71 19 53 37 71 19 54 36 71 19 55 35 71 19 56 34 71 19 57 33 71 19 58 32 71 19 59 31 71 19 60 30 71 19 61 29 71 19 62 28 71 19 63 27 71 19 64 26 71 19 65 25 71 19 66 24 71 19 67 23 71 19 68 22 71 19 69 21 71 19 70 20 71 19 71 19 71 19 72 18 71 20 19 72 71 20 20 71 71 20 21 70 71 20 22 69 71 20 23 68 71 20 24 67 71 20 25 66 71 20 26 65 71 20 27 64 71 20 28 63 71 20 29 62 71 20 30 61 71 20 31 60 71 20 32 59 71 20 33 58 71 20 34 57 71 20 35 56 71 20 36 55 71 20 37 54 71 20 38 53 71 20 39 52 71 20 40 51 71 20 41 50 71 20 42 49 71 20 43 48 71 20 44 47 71 20 45 46 71 20 46 45 71 20 47 44 71 20 48 43 71 20 49 42 71 20 50 41 71 20 51 40 71 20 52 39 71 20 53 38 71 20 54 37 71 20 55 36 71 20 56 35 71 20 57 34 71 20 58 33 71 20 59 32 71 20 60 31 71 20 61 30 71 20 62 29 71 20 63 28 71 20 64 27 71 20 65 26 71 20 66 25 71 20 67 24 71 20 68 23 71 20 69 22 71 20 70 21 71 20 71 20 71 20 72 19 71 21 20 72 71 21 21 71 71 21 22 70 71 21 23 69 71 21 24 68 71 21 25 67 71 21 26 66 71 21 27 65 71 21 28 64 71 21 29 63 71 21 30 62 71 21 31 61 71 21 32 60 71 21 33 59 71 21 34 58 71 21 35 57 71 21 36 56 71 21 37 55 71 21 38 54 71 21 39 53 71 21 40 52 71 21 41 51 71 21 42 50 71 21 43 49 71 21 44 48 71 21 45 47 71 21 46 46 71 21 47 45 71 21 48 44 71 21 49 43 71 21 50 42 71 21 51 41 71 21 52 40 71 21 53 39 71 21 54 38 71 21 55 37 71 21 56 36 71 21 57 35 71 21 58 34 71 21 59 33 71 21 60 32 71 21 61 31 71 21 62 30 71 21 63 29 71 21 64 28 71 21 65 27 71 21 66 26 71 21 67 25 71 21 68 24 71 21 69 23 71 21 70 22 71 21 71 21 71 21 72 20 71 22 21 72 71 22 22 71 71 22 23 70 71 22 24 69 71 22 25 68 71 22 26 67 71 22 27 66 71 22 28 65 71 22 29 64 71 22 30 63 71 22 31 62 71 22 32 61 71 22 33 60 71 22 34 59 71 22 35 58 71 22 36 57 71 22 37 56 71 22 38 55 71 22 39 54 71 22 40 53 71 22 41 52 71 22 42 51 71 22 43 50 71 22 44 49 71 22 45 48 71 22 46 47 71 22 47 46 71 22 48 45 71 22 49 44 71 22 50 43 71 22 51 42 71 22 52 41 71 22 53 40 71 22 54 39 71 22 55 38 71 22 56 37 71 22 57 36 71 22 58 35 71 22 59 34 71 22 60 33 71 22 61 32 71 22 62 31 71 22 63 30 71 22 64 29 71 22 65 28 71 22 66 27 71 22 67 26 71 22 68 25 71 22 69 24 71 22 70 23 71 22 71 22 71 22 72 21 71 23 22 72 71 23 23 71 71 23 24 70 71 23 25 69 71 23 26 68 71 23 27 67 71 23 28 66 71 23 29 65 71 23 30 64 71 23 31 63 71 23 32 62 71 23 33 61 71 23 34 60 71 23 35 59 71 23 36 58 71 23 37 57 71 23 38 56 71 23 39 55 71 23 40 54 71 23 41 53 71 23 42 52 71 23 43 51 71 23 44 50 71 23 45 49 71 23 46 48 71 23 47 47 71 23 48 46 71 23 49 45 71 23 50 44 71 23 51 43 71 23 52 42 71 23 53 41 71 23 54 40 71 23 55 39 71 23 56 38 71 23 57 37 71 23 58 36 71 23 59 35 71 23 60 34 71 23 61 33 71 23 62 32 71 23 63 31 71 23 64 30 71 23 65 29 71 23 66 28 71 23 67 27 71 23 68 26 71 23 69 25 71 23 70 24 71 23 71 23 71 23 72 22 71 24 23 72 71 24 24 71 71 24 25 70 71 24 26 69 71 24 27 68 71 24 28 67 71 24 29 66 71 24 30 65 71 24 31 64 71 24 32 63 71 24 33 62 71 24 34 61 71 24 35 60 71 24 36 59 71 24 37 58 71 24 38 57 71 24 39 56 71 24 40 55 71 24 41 54 71 24 42 53 71 24 43 52 71 24 44 51 71 24 45 50 71 24 46 49 71 24 47 48 71 24 48 47 71 24 49 46 71 24 50 45 71 24 51 44 71 24 52 43 71 24 53 42 71 24 54 41 71 24 55 40 71 24 56 39 71 24 57 38 71 24 58 37 71 24 59 36 71 24 60 35 71 24 61 34 71 24 62 33 71 24 63 32 71 24 64 31 71 24 65 30 71 24 66 29 71 24 67 28 71 24 68 27 71 24 69 26 71 24 70 25 71 24 71 24 71 24 72 23 71 25 24 72 71 25 25 71 71 25 26 70 71 25 27 69 71 25 28 68 71 25 29 67 71 25 30 66 71 25 31 65 71 25 32 64 71 25 33 63 71 25 34 62 71 25 35 61 71 25 36 60 71 25 37 59 71 25 38 58 71 25 39 57 71 25 40 56 71 25 41 55 71 25 42 54 71 25 43 53 71 25 44 52 71 25 45 51 71 25 46 50 71 25 47 49 71 25 48 48 71 25 49 47 71 25 50 46 71 25 51 45 71 25 52 44 71 25 53 43 71 25 54 42 71 25 55 41 71 25 56 40 71 25 57 39 71 25 58 38 71 25 59 37 71 25 60 36 71 25 61 35 71 25 62 34 71 25 63 33 71 25 64 32 71 25 65 31 71 25 66 30 71 25 67 29 71 25 68 28 71 25 69 27 71 25 70 26 71 25 71 25 71 25 72 24 71 26 25 72 71 26 26 71 71 26 27 70 71 26 28 69 71 26 29 68 71 26 30 67 71 26 31 66 71 26 32 65 71 26 33 64 71 26 34 63 71 26 35 62 71 26 36 61 71 26 37 60 71 26 38 59 71 26 39 58 71 26 40 57 71 26 41 56 71 26 42 55 71 26 43 54 71 26 44 53 71 26 45 52 71 26 46 51 71 26 47 50 71 26 48 49 71 26 49 48 71 26 50 47 71 26 51 46 71 26 52 45 71 26 53 44 71 26 54 43 71 26 55 42 71 26 56 41 71 26 57 40 71 26 58 39 71 26 59 38 71 26 60 37 71 26 61 36 71 26 62 35 71 26 63 34 71 26 64 33 71 26 65 32 71 26 66 31 71 26 67 30 71 26 68 29 71 26 69 28 71 26 70 27 71 26 71 26 71 26 72 25 71 27 26 72 71 27 27 71 71 27 28 70 71 27 29 69 71 27 30 68 71 27 31 67 71 27 32 66 71 27 33 65 71 27 34 64 71 27 35 63 71 27 36 62 71 27 37 61 71 27 38 60 71 27 39 59 71 27 40 58 71 27 41 57 71 27 42 56 71 27 43 55 71 27 44 54 71 27 45 53 71 27 46 52 71 27 47 51 71 27 48 50 71 27 49 49 71 27 50 48 71 27 51 47 71 27 52 46 71 27 53 45 71 27 54 44 71 27 55 43 71 27 56 42 71 27 57 41 71 27 58 40 71 27 59 39 71 27 60 38 71 27 61 37 71 27 62 36 71 27 63 35 71 27 64 34 71 27 65 33 71 27 66 32 71 27 67 31 71 27 68 30 71 27 69 29 71 27 70 28 71 27 71 27 71 27 72 26 71 28 27 72 71 28 28 71 71 28 29 70 71 28 30 69 71 28 31 68 71 28 32 67 71 28 33 66 71 28 34 65 71 28 35 64 71 28 36 63 71 28 37 62 71 28 38 61 71 28 39 60 71 28 40 59 71 28 41 58 71 28 42 57 71 28 43 56 71 28 44 55 71 28 45 54 71 28 46 53 71 28 47 52 71 28 48 51 71 28 49 50 71 28 50 49 71 28 51 48 71 28 52 47 71 28 53 46 71 28 54 45 71 28 55 44 71 28 56 43 71 28 57 42 71 28 58 41 71 28 59 40 71 28 60 39 71 28 61 38 71 28 62 37 71 28 63 36 71 28 64 35 71 28 65 34 71 28 66 33 71 28 67 32 71 28 68 31 71 28 69 30 71 28 70 29 71 28 71 28 71 28 72 27 71 29 28 72 71 29 29 71 71 29 30 70 71 29 31 69 71 29 32 68 71 29 33 67 71 29 34 66 71 29 35 65 71 29 36 64 71 29 37 63 71 29 38 62 71 29 39 61 71 29 40 60 71 29 41 59 71 29 42 58 71 29 43 57 71 29 44 56 71 29 45 55 71 29 46 54 71 29 47 53 71 29 48 52 71 29 49 51 71 29 50 50 71 29 51 49 71 29 52 48 71 29 53 47 71 29 54 46 71 29 55 45 71 29 56 44 71 29 57 43 71 29 58 42 71 29 59 41 71 29 60 40 71 29 61 39 71 29 62 38 71 29 63 37 71 29 64 36 71 29 65 35 71 29 66 34 71 29 67 33 71 29 68 32 71 29 69 31 71 29 70 30 71 29 71 29 71 29 72 28 71 30 29 72 71 30 30 71 71 30 31 70 71 30 32 69 71 30 33 68 71 30 34 67 71 30 35 66 71 30 36 65 71 30 37 64 71 30 38 63 71 30 39 62 71 30 40 61 71 30 41 60 71 30 42 59 71 30 43 58 71 30 44 57 71 30 45 56 71 30 46 55 71 30 47 54 71 30 48 53 71 30 49 52 71 30 50 51 71 30 51 50 71 30 52 49 71 30 53 48 71 30 54 47 71 30 55 46 71 30 56 45 71 30 57 44 71 30 58 43 71 30 59 42 71 30 60 41 71 30 61 40 71 30 62 39 71 30 63 38 71 30 64 37 71 30 65 36 71 30 66 35 71 30 67 34 71 30 68 33 71 30 69 32 71 30 70 31 71 30 71 30 71 30 72 29 71 31 30 72 71 31 31 71 71 31 32 70 71 31 33 69 71 31 34 68 71 31 35 67 71 31 36 66 71 31 37 65 71 31 38 64 71 31 39 63 71 31 40 62 71 31 41 61 71 31 42 60 71 31 43 59 71 31 44 58 71 31 45 57 71 31 46 56 71 31 47 55 71 31 48 54 71 31 49 53 71 31 50 52 71 31 51 51 71 31 52 50 71 31 53 49 71 31 54 48 71 31 55 47 71 31 56 46 71 31 57 45 71 31 58 44 71 31 59 43 71 31 60 42 71 31 61 41 71 31 62 40 71 31 63 39 71 31 64 38 71 31 65 37 71 31 66 36 71 31 67 35 71 31 68 34 71 31 69 33 71 31 70 32 71 31 71 31 71 31 72 30 71 32 31 72 71 32 32 71 71 32 33 70 71 32 34 69 71 32 35 68 71 32 36 67 71 32 37 66 71 32 38 65 71 32 39 64 71 32 40 63 71 32 41 62 71 32 42 61 71 32 43 60 71 32 44 59 71 32 45 58 71 32 46 57 71 32 47 56 71 32 48 55 71 32 49 54 71 32 50 53 71 32 51 52 71 32 52 51 71 32 53 50 71 32 54 49 71 32 55 48 71 32 56 47 71 32 57 46 71 32 58 45 71 32 59 44 71 32 60 43 71 32 61 42 71 32 62 41 71 32 63 40 71 32 64 39 71 32 65 38 71 32 66 37 71 32 67 36 71 32 68 35 71 32 69 34 71 32 70 33 71 32 71 32 71 32 72 31 71 33 32 72 71 33 33 71 71 33 34 70 71 33 35 69 71 33 36 68 71 33 37 67 71 33 38 66 71 33 39 65 71 33 40 64 71 33 41 63 71 33 42 62 71 33 43 61 71 33 44 60 71 33 45 59 71 33 46 58 71 33 47 57 71 33 48 56 71 33 49 55 71 33 50 54 71 33 51 53 71 33 52 52 71 33 53 51 71 33 54 50 71 33 55 49 71 33 56 48 71 33 57 47 71 33 58 46 71 33 59 45 71 33 60 44 71 33 61 43 71 33 62 42 71 33 63 41 71 33 64 40 71 33 65 39 71 33 66 38 71 33 67 37 71 33 68 36 71 33 69 35 71 33 70 34 71 33 71 33 71 33 72 32 71 34 33 72 71 34 34 71 71 34 35 70 71 34 36 69 71 34 37 68 71 34 38 67 71 34 39 66 71 34 40 65 71 34 41 64 71 34 42 63 71 34 43 62 71 34 44 61 71 34 45 60 71 34 46 59 71 34 47 58 71 34 48 57 71 34 49 56 71 34 50 55 71 34 51 54 71 34 52 53 71 34 53 52 71 34 54 51 71 34 55 50 71 34 56 49 71 34 57 48 71 34 58 47 71 34 59 46 71 34 60 45 71 34 61 44 71 34 62 43 71 34 63 42 71 34 64 41 71 34 65 40 71 34 66 39 71 34 67 38 71 34 68 37 71 34 69 36 71 34 70 35 71 34 71 34 71 34 72 33 71 35 34 72 71 35 35 71 71 35 36 70 71 35 37 69 71 35 38 68 71 35 39 67 71 35 40 66 71 35 41 65 71 35 42 64 71 35 43 63 71 35 44 62 71 35 45 61 71 35 46 60 71 35 47 59 71 35 48 58 71 35 49 57 71 35 50 56 71 35 51 55 71 35 52 54 71 35 53 53 71 35 54 52 71 35 55 51 71 35 56 50 71 35 57 49 71 35 58 48 71 35 59 47 71 35 60 46 71 35 61 45 71 35 62 44 71 35 63 43 71 35 64 42 71 35 65 41 71 35 66 40 71 35 67 39 71 35 68 38 71 35 69 37 71 35 70 36 71 35 71 35 71 35 72 34 71 36 35 72 71 36 36 71 71 36 37 70 71 36 38 69 71 36 39 68 71 36 40 67 71 36 41 66 71 36 42 65 71 36 43 64 71 36 44 63 71 36 45 62 71 36 46 61 71 36 47 60 71 36 48 59 71 36 49 58 71 36 50 57 71 36 51 56 71 36 52 55 71 36 53 54 71 36 54 53 71 36 55 52 71 36 56 51 71 36 57 50 71 36 58 49 71 36 59 48 71 36 60 47 71 36 61 46 71 36 62 45 71 36 63 44 71 36 64 43 71 36 65 42 71 36 66 41 71 36 67 40 71 36 68 39 71 36 69 38 71 36 70 37 71 36 71 36 71 36 72 35 71 37 36 72 71 37 37 71 71 37 38 70 71 37 39 69 71 37 40 68 71 37 41 67 71 37 42 66 71 37 43 65 71 37 44 64 71 37 45 63 71 37 46 62 71 37 47 61 71 37 48 60 71 37 49 59 71 37 50 58 71 37 51 57 71 37 52 56 71 37 53 55 71 37 54 54 71 37 55 53 71 37 56 52 71 37 57 51 71 37 58 50 71 37 59 49 71 37 60 48 71 37 61 47 71 37 62 46 71 37 63 45 71 37 64 44 71 37 65 43 71 37 66 42 71 37 67 41 71 37 68 40 71 37 69 39 71 37 70 38 71 37 71 37 71 37 72 36 71 38 37 72 71 38 38 71 71 38 39 70 71 38 40 69 71 38 41 68 71 38 42 67 71 38 43 66 71 38 44 65 71 38 45 64 71 38 46 63 71 38 47 62 71 38 48 61 71 38 49 60 71 38 50 59 71 38 51 58 71 38 52 57 71 38 53 56 71 38 54 55 71 38 55 54 71 38 56 53 71 38 57 52 71 38 58 51 71 38 59 50 71 38 60 49 71 38 61 48 71 38 62 47 71 38 63 46 71 38 64 45 71 38 65 44 71 38 66 43 71 38 67 42 71 38 68 41 71 38 69 40 71 38 70 39 71 38 71 38 71 38 72 37 71 39 38 72 71 39 39 71 71 39 40 70 71 39 41 69 71 39 42 68 71 39 43 67 71 39 44 66 71 39 45 65 71 39 46 64 71 39 47 63 71 39 48 62 71 39 49 61 71 39 50 60 71 39 51 59 71 39 52 58 71 39 53 57 71 39 54 56 71 39 55 55 71 39 56 54 71 39 57 53 71 39 58 52 71 39 59 51 71 39 60 50 71 39 61 49 71 39 62 48 71 39 63 47 71 39 64 46 71 39 65 45 71 39 66 44 71 39 67 43 71 39 68 42 71 39 69 41 71 39 70 40 71 39 71 39 71 39 72 38 71 40 39 72 71 40 40 71 71 40 41 70 71 40 42 69 71 40 43 68 71 40 44 67 71 40 45 66 71 40 46 65 71 40 47 64 71 40 48 63 71 40 49 62 71 40 50 61 71 40 51 60 71 40 52 59 71 40 53 58 71 40 54 57 71 40 55 56 71 40 56 55 71 40 57 54 71 40 58 53 71 40 59 52 71 40 60 51 71 40 61 50 71 40 62 49 71 40 63 48 71 40 64 47 71 40 65 46 71 40 66 45 71 40 67 44 71 40 68 43 71 40 69 42 71 40 70 41 71 40 71 40 71 40 72 39 71 41 40 72 71 41 41 71 71 41 42 70 71 41 43 69 71 41 44 68 71 41 45 67 71 41 46 66 71 41 47 65 71 41 48 64 71 41 49 63 71 41 50 62 71 41 51 61 71 41 52 60 71 41 53 59 71 41 54 58 71 41 55 57 71 41 56 56 71 41 57 55 71 41 58 54 71 41 59 53 71 41 60 52 71 41 61 51 71 41 62 50 71 41 63 49 71 41 64 48 71 41 65 47 71 41 66 46 71 41 67 45 71 41 68 44 71 41 69 43 71 41 70 42 71 41 71 41 71 41 72 40 71 42 41 72 71 42 42 71 71 42 43 70 71 42 44 69 71 42 45 68 71 42 46 67 71 42 47 66 71 42 48 65 71 42 49 64 71 42 50 63 71 42 51 62 71 42 52 61 71 42 53 60 71 42 54 59 71 42 55 58 71 42 56 57 71 42 57 56 71 42 58 55 71 42 59 54 71 42 60 53 71 42 61 52 71 42 62 51 71 42 63 50 71 42 64 49 71 42 65 48 71 42 66 47 71 42 67 46 71 42 68 45 71 42 69 44 71 42 70 43 71 42 71 42 71 42 72 41 71 43 42 72 71 43 43 71 71 43 44 70 71 43 45 69 71 43 46 68 71 43 47 67 71 43 48 66 71 43 49 65 71 43 50 64 71 43 51 63 71 43 52 62 71 43 53 61 71 43 54 60 71 43 55 59 71 43 56 58 71 43 57 57 71 43 58 56 71 43 59 55 71 43 60 54 71 43 61 53 71 43 62 52 71 43 63 51 71 43 64 50 71 43 65 49 71 43 66 48 71 43 67 47 71 43 68 46 71 43 69 45 71 43 70 44 71 43 71 43 71 43 72 42 71 44 43 72 71 44 44 71 71 44 45 70 71 44 46 69 71 44 47 68 71 44 48 67 71 44 49 66 71 44 50 65 71 44 51 64 71 44 52 63 71 44 53 62 71 44 54 61 71 44 55 60 71 44 56 59 71 44 57 58 71 44 58 57 71 44 59 56 71 44 60 55 71 44 61 54 71 44 62 53 71 44 63 52 71 44 64 51 71 44 65 50 71 44 66 49 71 44 67 48 71 44 68 47 71 44 69 46 71 44 70 45 71 44 71 44 71 44 72 43 71 45 44 72 71 45 45 71 71 45 46 70 71 45 47 69 71 45 48 68 71 45 49 67 71 45 50 66 71 45 51 65 71 45 52 64 71 45 53 63 71 45 54 62 71 45 55 61 71 45 56 60 71 45 57 59 71 45 58 58 71 45 59 57 71 45 60 56 71 45 61 55 71 45 62 54 71 45 63 53 71 45 64 52 71 45 65 51 71 45 66 50 71 45 67 49 71 45 68 48 71 45 69 47 71 45 70 46 71 45 71 45 71 45 72 44 71 46 45 72 71 46 46 71 71 46 47 70 71 46 48 69 71 46 49 68 71 46 50 67 71 46 51 66 71 46 52 65 71 46 53 64 71 46 54 63 71 46 55 62 71 46 56 61 71 46 57 60 71 46 58 59 71 46 59 58 71 46 60 57 71 46 61 56 71 46 62 55 71 46 63 54 71 46 64 53 71 46 65 52 71 46 66 51 71 46 67 50 71 46 68 49 71 46 69 48 71 46 70 47 71 46 71 46 71 46 72 45 71 47 46 72 71 47 47 71 71 47 48 70 71 47 49 69 71 47 50 68 71 47 51 67 71 47 52 66 71 47 53 65 71 47 54 64 71 47 55 63 71 47 56 62 71 47 57 61 71 47 58 60 71 47 59 59 71 47 60 58 71 47 61 57 71 47 62 56 71 47 63 55 71 47 64 54 71 47 65 53 71 47 66 52 71 47 67 51 71 47 68 50 71 47 69 49 71 47 70 48 71 47 71 47 71 47 72 46 71 48 47 72 71 48 48 71 71 48 49 70 71 48 50 69 71 48 51 68 71 48 52 67 71 48 53 66 71 48 54 65 71 48 55 64 71 48 56 63 71 48 57 62 71 48 58 61 71 48 59 60 71 48 60 59 71 48 61 58 71 48 62 57 71 48 63 56 71 48 64 55 71 48 65 54 71 48 66 53 71 48 67 52 71 48 68 51 71 48 69 50 71 48 70 49 71 48 71 48 71 48 72 47 71 49 48 72 71 49 49 71 71 49 50 70 71 49 51 69 71 49 52 68 71 49 53 67 71 49 54 66 71 49 55 65 71 49 56 64 71 49 57 63 71 49 58 62 71 49 59 61 71 49 60 60 71 49 61 59 71 49 62 58 71 49 63 57 71 49 64 56 71 49 65 55 71 49 66 54 71 49 67 53 71 49 68 52 71 49 69 51 71 49 70 50 71 49 71 49 71 49 72 48 71 50 49 72 71 50 50 71 71 50 51 70 71 50 52 69 71 50 53 68 71 50 54 67 71 50 55 66 71 50 56 65 71 50 57 64 71 50 58 63 71 50 59 62 71 50 60 61 71 50 61 60 71 50 62 59 71 50 63 58 71 50 64 57 71 50 65 56 71 50 66 55 71 50 67 54 71 50 68 53 71 50 69 52 71 50 70 51 71 50 71 50 71 50 72 49 71 51 50 72 71 51 51 71 71 51 52 70 71 51 53 69 71 51 54 68 71 51 55 67 71 51 56 66 71 51 57 65 71 51 58 64 71 51 59 63 71 51 60 62 71 51 61 61 71 51 62 60 71 51 63 59 71 51 64 58 71 51 65 57 71 51 66 56 71 51 67 55 71 51 68 54 71 51 69 53 71 51 70 52 71 51 71 51 71 51 72 50 71 52 51 72 71 52 52 71 71 52 53 70 71 52 54 69 71 52 55 68 71 52 56 67 71 52 57 66 71 52 58 65 71 52 59 64 71 52 60 63 71 52 61 62 71 52 62 61 71 52 63 60 71 52 64 59 71 52 65 58 71 52 66 57 71 52 67 56 71 52 68 55 71 52 69 54 71 52 70 53 71 52 71 52 71 52 72 51 71 53 52 72 71 53 53 71 71 53 54 70 71 53 55 69 71 53 56 68 71 53 57 67 71 53 58 66 71 53 59 65 71 53 60 64 71 53 61 63 71 53 62 62 71 53 63 61 71 53 64 60 71 53 65 59 71 53 66 58 71 53 67 57 71 53 68 56 71 53 69 55 71 53 70 54 71 53 71 53 71 53 72 52 71 54 53 72 71 54 54 71 71 54 55 70 71 54 56 69 71 54 57 68 71 54 58 67 71 54 59 66 71 54 60 65 71 54 61 64 71 54 62 63 71 54 63 62 71 54 64 61 71 54 65 60 71 54 66 59 71 54 67 58 71 54 68 57 71 54 69 56 71 54 70 55 71 54 71 54 71 54 72 53 71 55 54 72 71 55 55 71 71 55 56 70 71 55 57 69 71 55 58 68 71 55 59 67 71 55 60 66 71 55 61 65 71 55 62 64 71 55 63 63 71 55 64 62 71 55 65 61 71 55 66 60 71 55 67 59 71 55 68 58 71 55 69 57 71 55 70 56 71 55 71 55 71 55 72 54 71 56 55 72 71 56 56 71 71 56 57 70 71 56 58 69 71 56 59 68 71 56 60 67 71 56 61 66 71 56 62 65 71 56 63 64 71 56 64 63 71 56 65 62 71 56 66 61 71 56 67 60 71 56 68 59 71 56 69 58 71 56 70 57 71 56 71 56 71 56 72 55 71 57 56 72 71 57 57 71 71 57 58 70 71 57 59 69 71 57 60 68 71 57 61 67 71 57 62 66 71 57 63 65 71 57 64 64 71 57 65 63 71 57 66 62 71 57 67 61 71 57 68 60 71 57 69 59 71 57 70 58 71 57 71 57 71 57 72 56 71 58 57 72 71 58 58 71 71 58 59 70 71 58 60 69 71 58 61 68 71 58 62 67 71 58 63 66 71 58 64 65 71 58 65 64 71 58 66 63 71 58 67 62 71 58 68 61 71 58 69 60 71 58 70 59 71 58 71 58 71 58 72 57 71 59 58 72 71 59 59 71 71 59 60 70 71 59 61 69 71 59 62 68 71 59 63 67 71 59 64 66 71 59 65 65 71 59 66 64 71 59 67 63 71 59 68 62 71 59 69 61 71 59 70 60 71 59 71 59 71 59 72 58 71 60 59 72 71 60 60 71 71 60 61 70 71 60 62 69 71 60 63 68 71 60 64 67 71 60 65 66 71 60 66 65 71 60 67 64 71 60 68 63 71 60 69 62 71 60 70 61 71 60 71 60 71 60 72 59 71 61 60 72 71 61 61 71 71 61 62 70 71 61 63 69 71 61 64 68 71 61 65 67 71 61 66 66 71 61 67 65 71 61 68 64 71 61 69 63 71 61 70 62 71 61 71 61 71 61 72 60 71 62 61 72 71 62 62 71 71 62 63 70 71 62 64 69 71 62 65 68 71 62 66 67 71 62 67 66 71 62 68 65 71 62 69 64 71 62 70 63 71 62 71 62 71 62 72 61 71 63 62 72 71 63 63 71 71 63 64 70 71 63 65 69 71 63 66 68 71 63 67 67 71 63 68 66 71 63 69 65 71 63 70 64 71 63 71 63 71 63 72 62 71 64 63 72 71 64 64 71 71 64 65 70 71 64 66 69 71 64 67 68 71 64 68 67 71 64 69 66 71 64 70 65 71 64 71 64 71 64 72 63 71 65 64 72 71 65 65 71 71 65 66 70 71 65 67 69 71 65 68 68 71 65 69 67 71 65 70 66 71 65 71 65 71 65 72 64 71 66 65 72 71 66 66 71 71 66 67 70 71 66 68 69 71 66 69 68 71 66 70 67 71 66 71 66 71 66 72 65 71 67 66 72 71 67 67 71 71 67 68 70 71 67 69 69 71 67 70 68 71 67 71 67 71 67 72 66 71 68 67 72 71 68 68 71 71 68 69 70 71 68 70 69 71 68 71 68 71 68 72 67 71 69 68 72 71 69 69 71 71 69 70 70 71 69 71 69 71 69 72 68 71 70 69 72 71 70 70 71 71 70 71 70 71 70 72 69 71 71 70 72 71 71 71 71 71 71 72 70 71 72 71 72 71 72 72 71 

