




















21 0 0 21 21 0 1 19 21 0 2 17 21 0 3 16 21 0 4 14 21 0 5 12 21 0 6 10 21 0 7 9 21 0 8 8 21 0 9 7 21 0 10 6 21 0 12 5 21 0 14 4 21 0 16 3 21 0 17 2 21 0 19 1 21 0 21 0 21 1 0 23 21 1 1 21 21 1 2 19 21 1 3 18 21 1 4 16 21 1 5 14 21 1 6 12 21 1 7 11 21 1 8 10 21 1 9 9 21 1 10 8 21 1 11 7 21 1 12 6 21 1 14 5 21 1 16 4 21 1 18 3 21 1 19 2 21 1 21 1 21 1 23 0 21 2 0 25 21 2 1 23 21 2 2 21 21 2 3 20 21 2 4 18 21 2 5 16 21 2 6 14 21 2 7 13 21 2 8 12 21 2 9 11 21 2 10 10 21 2 11 9 21 2 12 8 21 2 13 7 21 2 14 6 21 2 16 5 21 2 18 4 21 2 20 3 21 2 21 2 21 2 23 1 21 2 25 0 21 3 0 26 21 3 1 24 21 3 2 22 21 3 3 21 21 3 4 19 21 3 5 17 21 3 6 15 21 3 7 14 21 3 8 13 21 3 9 12 21 3 10 11 21 3 11 10 21 3 12 9 21 3 13 8 21 3 14 7 21 3 15 6 21 3 17 5 21 3 19 4 21 3 21 3 21 3 22 2 21 3 24 1 21 3 26 0 21 4 0 28 21 4 1 26 21 4 2 24 21 4 3 23 21 4 4 21 21 4 5 19 21 4 6 17 21 4 7 16 21 4 8 15 21 4 9 14 21 4 10 13 21 4 11 12 21 4 12 11 21 4 13 10 21 4 14 9 21 4 15 8 21 4 16 7 21 4 17 6 21 4 19 5 21 4 21 4 21 4 23 3 21 4 24 2 21 4 26 1 21 4 28 0 21 5 0 30 21 5 1 28 21 5 2 26 21 5 3 25 21 5 4 23 21 5 5 21 21 5 6 19 21 5 7 18 21 5 8 17 21 5 9 16 21 5 10 15 21 5 11 14 21 5 12 13 21 5 13 12 21 5 14 11 21 5 15 10 21 5 16 9 21 5 17 8 21 5 18 7 21 5 19 6 21 5 21 5 21 5 23 4 21 5 25 3 21 5 26 2 21 5 28 1 21 5 30 0 21 6 0 32 21 6 1 30 21 6 2 28 21 6 3 27 21 6 4 25 21 6 5 23 21 6 6 21 21 6 7 20 21 6 8 19 21 6 9 18 21 6 10 17 21 6 11 16 21 6 12 15 21 6 13 14 21 6 14 13 21 6 15 12 21 6 16 11 21 6 17 10 21 6 18 9 21 6 19 8 21 6 20 7 21 6 21 6 21 6 23 5 21 6 25 4 21 6 27 3 21 6 28 2 21 6 30 1 21 6 32 0 21 7 0 33 21 7 1 31 21 7 2 29 21 7 3 28 21 7 4 26 21 7 5 24 21 7 6 22 21 7 7 21 21 7 8 20 21 7 9 19 21 7 10 18 21 7 11 17 21 7 12 16 21 7 13 15 21 7 14 14 21 7 15 13 21 7 16 12 21 7 17 11 21 7 18 10 21 7 19 9 21 7 20 8 21 7 21 7 21 7 22 6 21 7 24 5 21 7 26 4 21 7 28 3 21 7 29 2 21 7 31 1 21 7 33 0 21 8 0 34 21 8 1 32 21 8 2 30 21 8 3 29 21 8 4 27 21 8 5 25 21 8 6 23 21 8 7 22 21 8 8 21 21 8 9 20 21 8 10 19 21 8 12 17 21 8 13 16 21 8 14 15 21 8 15 14 21 8 16 13 21 8 17 12 21 8 19 10 21 8 20 9 21 8 21 8 21 8 22 7 21 8 23 6 21 8 25 5 21 8 27 4 21 8 29 3 21 8 30 2 21 8 32 1 21 8 34 0 21 9 0 35 21 9 1 33 21 9 2 31 21 9 3 30 21 9 4 28 21 9 5 26 21 9 6 24 21 9 7 23 21 9 8 22 21 9 9 21 21 9 10 20 21 9 11 19 21 9 12 18 21 9 13 17 21 9 14 16 21 9 15 15 21 9 16 14 21 9 17 13 21 9 18 12 21 9 19 11 21 9 20 10 21 9 21 9 21 9 22 8 21 9 23 7 21 9 24 6 21 9 26 5 21 9 28 4 21 9 30 3 21 9 31 2 21 9 33 1 21 9 35 0 21 10 0 36 21 10 1 34 21 10 2 32 21 10 3 31 21 10 4 29 21 10 5 27 21 10 6 25 21 10 7 24 21 10 8 23 21 10 9 22 21 10 10 21 21 10 11 20 21 10 12 19 21 10 13 18 21 10 14 17 21 10 15 16 21 10 16 15 21 10 17 14 21 10 18 13 21 10 19 12 21 10 20 11 21 10 21 10 21 10 22 9 21 10 23 8 21 10 24 7 21 10 25 6 21 10 27 5 21 10 29 4 21 10 31 3 21 10 32 2 21 10 34 1 21 10 36 0 21 11 0 37 21 11 1 35 21 11 3 32 21 11 4 30 21 11 5 28 21 11 6 26 21 11 7 25 21 11 8 24 21 11 9 23 21 11 10 22 21 11 11 21 21 11 13 19 21 11 14 18 21 11 15 17 21 11 16 16 21 11 17 15 21 11 18 14 21 11 19 13 21 11 21 11 21 11 22 10 21 11 23 9 21 11 24 8 21 11 25 7 21 11 26 6 21 11 28 5 21 11 30 4 21 11 32 3 21 11 35 1 21 11 37 0 21 12 0 38 21 12 1 36 21 12 2 34 21 12 3 33 21 12 4 31 21 12 5 29 21 12 6 27 21 12 7 26 21 12 8 25 21 12 10 23 21 12 11 22 21 12 12 21 21 12 13 20 21 12 14 19 21 12 16 17 21 12 17 16 21 12 19 14 21 12 20 13 21 12 21 12 21 12 22 11 21 12 23 10 21 12 25 8 21 12 26 7 21 12 27 6 21 12 29 5 21 12 31 4 21 12 33 3 21 12 34 2 21 12 36 1 21 12 38 0 21 13 0 39 21 13 1 37 21 13 2 35 21 13 3 34 21 13 4 32 21 13 5 30 21 13 6 28 21 13 7 27 21 13 8 26 21 13 9 25 21 13 10 24 21 13 11 23 21 13 12 22 21 13 13 21 21 13 14 20 21 13 15 19 21 13 16 18 21 13 17 17 21 13 18 16 21 13 19 15 21 13 20 14 21 13 21 13 21 13 22 12 21 13 23 11 21 13 24 10 21 13 25 9 21 13 26 8 21 13 27 7 21 13 28 6 21 13 30 5 21 13 32 4 21 13 34 3 21 13 35 2 21 13 37 1 21 13 39 0 21 14 0 40 21 14 1 38 21 14 2 36 21 14 3 35 21 14 4 33 21 14 5 31 21 14 6 29 21 14 7 28 21 14 8 27 21 14 9 26 21 14 10 25 21 14 11 24 21 14 12 23 21 14 13 22 21 14 14 21 21 14 15 20 21 14 16 19 21 14 17 18 21 14 18 17 21 14 19 16 21 14 20 15 21 14 21 14 21 14 22 13 21 14 23 12 21 14 24 11 21 14 25 10 21 14 26 9 21 14 27 8 21 14 28 7 21 14 29 6 21 14 31 5 21 14 33 4 21 14 35 3 21 14 36 2 21 14 38 1 21 14 40 0 21 15 0 41 21 15 1 39 21 15 2 37 21 15 3 36 21 15 4 34 21 15 5 32 21 15 6 30 21 15 7 29 21 15 8 28 21 15 9 27 21 15 10 26 21 15 11 25 21 15 12 24 21 15 13 23 21 15 14 22 21 15 15 21 21 15 16 20 21 15 17 19 21 15 18 18 21 15 19 17 21 15 20 16 21 15 21 15 21 15 22 14 21 15 23 13 21 15 24 12 21 15 25 11 21 15 26 10 21 15 27 9 21 15 28 8 21 15 29 7 21 15 30 6 21 15 32 5 21 15 34 4 21 15 36 3 21 15 37 2 21 15 39 1 21 15 41 0 21 16 0 42 21 16 1 40 21 16 2 38 21 16 3 37 21 16 4 35 21 16 5 33 21 16 6 31 21 16 7 30 21 16 8 29 21 16 9 28 21 16 10 27 21 16 11 26 21 16 12 25 21 16 13 24 21 16 14 23 21 16 15 22 21 16 16 21 21 16 17 20 21 16 18 19 21 16 19 18 21 16 20 17 21 16 21 16 21 16 22 15 21 16 23 14 21 16 24 13 21 16 25 12 21 16 26 11 21 16 27 10 21 16 28 9 21 16 29 8 21 16 30 7 21 16 31 6 21 16 33 5 21 16 35 4 21 16 37 3 21 16 38 2 21 16 40 1 21 16 42 0 21 17 0 43 21 17 1 41 21 17 2 39 21 17 3 38 21 17 4 36 21 17 5 34 21 17 6 32 21 17 7 31 21 17 8 30 21 17 9 29 21 17 10 28 21 17 11 27 21 17 12 26 21 17 13 25 21 17 14 24 21 17 15 23 21 17 16 22 21 17 17 21 21 17 18 20 21 17 19 19 21 17 20 18 21 17 21 17 21 17 22 16 21 17 23 15 21 17 24 14 21 17 25 13 21 17 26 12 21 17 27 11 21 17 28 10 21 17 29 9 21 17 30 8 21 17 31 7 21 17 32 6 21 17 34 5 21 17 36 4 21 17 38 3 21 17 39 2 21 17 41 1 21 17 43 0 21 18 0 44 21 18 1 42 21 18 2 40 21 18 3 39 21 18 4 37 21 18 5 35 21 18 6 33 21 18 7 32 21 18 8 31 21 18 9 30 21 18 10 29 21 18 11 28 21 18 12 27 21 18 13 26 21 18 14 25 21 18 15 24 21 18 16 23 21 18 17 22 21 18 18 21 21 18 19 20 21 18 20 19 21 18 21 18 21 18 22 17 21 18 23 16 21 18 24 15 21 18 25 14 21 18 26 13 21 18 27 12 21 18 28 11 21 18 29 10 21 18 30 9 21 18 31 8 21 18 32 7 21 18 33 6 21 18 35 5 21 18 37 4 21 18 39 3 21 18 40 2 21 18 42 1 21 18 44 0 21 19 0 45 21 19 1 43 21 19 2 41 21 19 3 40 21 19 4 38 21 19 5 36 21 19 6 34 21 19 7 33 21 19 8 32 21 19 9 31 21 19 10 30 21 19 11 29 21 19 12 28 21 19 13 27 21 19 14 26 21 19 15 25 21 19 16 24 21 19 17 23 21 19 18 22 21 19 19 21 21 19 20 20 21 19 21 19 21 19 22 18 21 19 23 17 21 19 24 16 21 19 25 15 21 19 26 14 21 19 27 13 21 19 28 12 21 19 29 11 21 19 30 10 21 19 31 9 21 19 32 8 21 19 33 7 21 19 34 6 21 19 36 5 21 19 38 4 21 19 40 3 21 19 41 2 21 19 43 1 21 19 45 0 21 20 0 46 21 20 1 44 21 20 2 42 21 20 3 41 21 20 4 39 21 20 5 37 21 20 6 35 21 20 7 34 21 20 8 33 21 20 9 32 21 20 10 31 21 20 11 30 21 20 12 29 21 20 13 28 21 20 14 27 21 20 15 26 21 20 16 25 21 20 17 24 21 20 18 23 21 20 19 22 21 20 20 21 21 20 21 20 21 20 22 19 21 20 23 18 21 20 24 17 21 20 25 16 21 20 26 15 21 20 27 14 21 20 28 13 21 20 29 12 21 20 30 11 21 20 31 10 21 20 32 9 21 20 33 8 21 20 34 7 21 20 35 6 21 20 37 5 21 20 39 4 21 20 41 3 21 20 42 2 21 20 44 1 21 20 46 0 21 21 1 45 21 21 2 43 21 21 3 42 21 21 4 40 21 21 5 38 21 21 6 36 21 21 7 35 21 21 8 34 21 21 9 33 21 21 10 32 21 21 11 31 21 21 12 30 21 21 13 29 21 21 14 28 21 21 15 27 21 21 16 26 21 21 17 25 21 21 18 24 21 21 19 23 21 21 20 22 21 21 21 21 21 21 22 20 21 21 23 19 21 21 24 18 21 21 25 17 21 21 26 16 21 21 27 15 21 21 28 14 21 21 29 13 21 21 30 12 21 21 31 11 21 21 32 10 21 21 33 9 21 21 34 8 21 21 35 7 21 21 36 6 21 21 38 5 21 21 40 4 21 21 42 3 21 21 43 2 21 21 45 1 21 22 1 46 21 22 2 44 21 22 3 43 21 22 4 41 21 22 5 39 21 22 6 37 21 22 7 36 21 22 8 35 21 22 9 34 21 22 10 33 21 22 11 32 21 22 12 31 21 22 13 30 21 22 14 29 21 22 15 28 21 22 16 27 21 22 17 26 21 22 18 25 21 22 19 24 21 22 20 23 21 22 21 22 21 22 22 21 21 22 23 20 21 22 24 19 21 22 25 18 21 22 26 17 21 22 27 16 21 22 28 15 21 22 29 14 21 22 30 13 21 22 31 12 21 22 32 11 21 22 33 10 21 22 34 9 21 22 35 8 21 22 36 7 21 22 37 6 21 22 39 5 21 22 41 4 21 22 43 3 21 22 44 2 21 22 46 1 21 23 1 47 21 23 2 45 21 23 3 44 21 23 4 42 21 23 5 40 21 23 6 38 21 23 7 37 21 23 8 36 21 23 9 35 21 23 10 34 21 23 11 33 21 23 12 32 21 23 13 31 21 23 14 30 21 23 15 29 21 23 16 28 21 23 17 27 21 23 18 26 21 23 19 25 21 23 20 24 21 23 21 23 21 23 22 22 21 23 23 21 21 23 24 20 21 23 25 19 21 23 26 18 21 23 27 17 21 23 28 16 21 23 29 15 21 23 30 14 21 23 31 13 21 23 32 12 21 23 33 11 21 23 34 10 21 23 35 9 21 23 36 8 21 23 37 7 21 23 38 6 21 23 40 5 21 23 42 4 21 23 44 3 21 23 45 2 21 23 47 1 21 24 1 48 21 24 2 46 21 24 3 45 21 24 4 43 21 24 5 41 21 24 6 39 21 24 7 38 21 24 8 37 21 24 9 36 21 24 10 35 21 24 11 34 21 24 12 33 21 24 13 32 21 24 14 31 21 24 15 30 21 24 16 29 21 24 17 28 21 24 18 27 21 24 19 26 21 24 20 25 21 24 21 24 21 24 22 23 21 24 23 22 21 24 24 21 21 24 25 20 21 24 26 19 21 24 27 18 21 24 28 17 21 24 29 16 21 24 30 15 21 24 31 14 21 24 32 13 21 24 33 12 21 24 34 11 21 24 35 10 21 24 36 9 21 24 37 8 21 24 38 7 21 24 39 6 21 24 41 5 21 24 43 4 21 24 45 3 21 24 46 2 21 24 48 1 21 25 1 49 21 25 2 47 21 25 3 46 21 25 4 44 21 25 5 42 21 25 6 40 21 25 7 39 21 25 8 38 21 25 9 37 21 25 10 36 21 25 11 35 21 25 12 34 21 25 13 33 21 25 14 32 21 25 15 31 21 25 16 30 21 25 17 29 21 25 18 28 21 25 19 27 21 25 20 26 21 25 21 25 21 25 22 24 21 25 23 23 21 25 24 22 21 25 25 21 21 25 26 20 21 25 27 19 21 25 28 18 21 25 29 17 21 25 30 16 21 25 31 15 21 25 32 14 21 25 33 13 21 25 34 12 21 25 35 11 21 25 36 10 21 25 37 9 21 25 38 8 21 25 39 7 21 25 40 6 21 25 42 5 21 25 44 4 21 25 46 3 21 25 47 2 21 25 49 1 21 26 1 50 21 26 2 48 21 26 3 47 21 26 4 45 21 26 5 43 21 26 6 41 21 26 7 40 21 26 8 39 21 26 9 38 21 26 10 37 21 26 11 36 21 26 12 35 21 26 13 34 21 26 14 33 21 26 15 32 21 26 16 31 21 26 17 30 21 26 18 29 21 26 19 28 21 26 20 27 21 26 21 26 21 26 22 25 21 26 23 24 21 26 24 23 21 26 25 22 21 26 26 21 21 26 27 20 21 26 28 19 21 26 29 18 21 26 30 17 21 26 31 16 21 26 32 15 21 26 33 14 21 26 34 13 21 26 35 12 21 26 36 11 21 26 37 10 21 26 38 9 21 26 39 8 21 26 40 7 21 26 41 6 21 26 43 5 21 26 45 4 21 26 47 3 21 26 48 2 21 26 50 1 21 27 1 51 21 27 2 49 21 27 3 48 21 27 4 46 21 27 5 44 21 27 6 42 21 27 7 41 21 27 8 40 21 27 9 39 21 27 10 38 21 27 11 37 21 27 12 36 21 27 13 35 21 27 14 34 21 27 15 33 21 27 16 32 21 27 17 31 21 27 18 30 21 27 19 29 21 27 20 28 21 27 21 27 21 27 22 26 21 27 23 25 21 27 25 23 21 27 26 22 21 27 27 21 21 27 28 20 21 27 29 19 21 27 30 18 21 27 31 17 21 27 32 16 21 27 33 15 21 27 34 14 21 27 35 13 21 27 36 12 21 27 37 11 21 27 38 10 21 27 39 9 21 27 40 8 21 27 41 7 21 27 42 6 21 27 44 5 21 27 46 4 21 27 48 3 21 27 49 2 21 27 51 1 21 28 1 52 21 28 2 50 21 28 3 49 21 28 4 47 21 28 5 45 21 28 6 43 21 28 7 42 21 28 8 41 21 28 9 40 21 28 10 39 21 28 11 38 21 28 12 37 21 28 13 36 21 28 14 35 21 28 15 34 21 28 16 33 21 28 17 32 21 28 18 31 21 28 19 30 21 28 20 29 21 28 21 28 21 28 22 27 21 28 23 26 21 28 24 25 21 28 25 24 21 28 26 23 21 28 27 22 21 28 28 21 21 28 29 20 21 28 30 19 21 28 31 18 21 28 32 17 21 28 33 16 21 28 34 15 21 28 35 14 21 28 36 13 21 28 37 12 21 28 38 11 21 28 39 10 21 28 40 9 21 28 41 8 21 28 42 7 21 28 43 6 21 28 45 5 21 28 47 4 21 28 49 3 21 28 50 2 21 28 52 1 21 29 1 53 21 29 2 51 21 29 3 50 21 29 4 48 21 29 5 46 21 29 6 44 21 29 7 43 21 29 8 42 21 29 9 41 21 29 10 40 21 29 11 39 21 29 12 38 21 29 13 37 21 29 14 36 21 29 15 35 21 29 16 34 21 29 17 33 21 29 18 32 21 29 19 31 21 29 20 30 21 29 21 29 21 29 22 28 21 29 23 27 21 29 24 26 21 29 25 25 21 29 26 24 21 29 27 23 21 29 28 22 21 29 29 21 21 29 30 20 21 29 31 19 21 29 32 18 21 29 33 17 21 29 34 16 21 29 35 15 21 29 36 14 21 29 37 13 21 29 38 12 21 29 39 11 21 29 40 10 21 29 41 9 21 29 42 8 21 29 43 7 21 29 44 6 21 29 46 5 21 29 48 4 21 29 50 3 21 29 51 2 21 29 53 1 21 30 1 54 21 30 2 52 21 30 3 51 21 30 4 49 21 30 5 47 21 30 6 45 21 30 7 44 21 30 8 43 21 30 9 42 21 30 10 41 21 30 11 40 21 30 12 39 21 30 13 38 21 30 14 37 21 30 15 36 21 30 16 35 21 30 17 34 21 30 18 33 21 30 19 32 21 30 20 31 21 30 21 30 21 30 22 29 21 30 23 28 21 30 24 27 21 30 25 26 21 30 26 25 21 30 27 24 21 30 28 23 21 30 29 22 21 30 30 21 21 30 31 20 21 30 32 19 21 30 33 18 21 30 34 17 21 30 35 16 21 30 36 15 21 30 37 14 21 30 38 13 21 30 39 12 21 30 40 11 21 30 41 10 21 30 42 9 21 30 43 8 21 30 44 7 21 30 45 6 21 30 47 5 21 30 49 4 21 30 51 3 21 30 52 2 21 30 54 1 21 31 1 55 21 31 2 53 21 31 3 52 21 31 4 50 21 31 5 48 21 31 6 46 21 31 7 45 21 31 8 44 21 31 9 43 21 31 10 42 21 31 11 41 21 31 12 40 21 31 13 39 21 31 14 38 21 31 15 37 21 31 16 36 21 31 17 35 21 31 18 34 21 31 19 33 21 31 20 32 21 31 21 31 21 31 22 30 21 31 23 29 21 31 24 28 21 31 25 27 21 31 26 26 21 31 27 25 21 31 28 24 21 31 29 23 21 31 30 22 21 31 31 21 21 31 32 20 21 31 33 19 21 31 34 18 21 31 35 17 21 31 36 16 21 31 37 15 21 31 38 14 21 31 39 13 21 31 40 12 21 31 41 11 21 31 42 10 21 31 43 9 21 31 44 8 21 31 45 7 21 31 46 6 21 31 48 5 21 31 50 4 21 31 52 3 21 31 53 2 21 31 55 1 21 32 1 56 21 32 2 54 21 32 3 53 21 32 4 51 21 32 5 49 21 32 6 47 21 32 7 46 21 32 8 45 21 32 9 44 21 32 10 43 21 32 11 42 21 32 12 41 21 32 13 40 21 32 14 39 21 32 15 38 21 32 16 37 21 32 17 36 21 32 18 35 21 32 19 34 21 32 20 33 21 32 21 32 21 32 22 31 21 32 23 30 21 32 24 29 21 32 25 28 21 32 26 27 21 32 27 26 21 32 28 25 21 32 29 24 21 32 30 23 21 32 31 22 21 32 32 21 21 32 33 20 21 32 34 19 21 32 35 18 21 32 36 17 21 32 37 16 21 32 38 15 21 32 39 14 21 32 40 13 21 32 41 12 21 32 42 11 21 32 43 10 21 32 44 9 21 32 45 8 21 32 46 7 21 32 47 6 21 32 49 5 21 32 51 4 21 32 53 3 21 32 54 2 21 32 56 1 21 33 1 57 21 33 2 55 21 33 3 54 21 33 4 52 21 33 5 50 21 33 6 48 21 33 7 47 21 33 8 46 21 33 9 45 21 33 10 44 21 33 11 43 21 33 12 42 21 33 13 41 21 33 14 40 21 33 15 39 21 33 16 38 21 33 17 37 21 33 18 36 21 33 19 35 21 33 20 34 21 33 21 33 21 33 22 32 21 33 23 31 21 33 24 30 21 33 25 29 21 33 26 28 21 33 27 27 21 33 28 26 21 33 29 25 21 33 30 24 21 33 31 23 21 33 32 22 21 33 33 21 21 33 34 20 21 33 35 19 21 33 36 18 21 33 37 17 21 33 38 16 21 33 39 15 21 33 40 14 21 33 41 13 21 33 42 12 21 33 43 11 21 33 44 10 21 33 45 9 21 33 46 8 21 33 47 7 21 33 48 6 21 33 50 5 21 33 52 4 21 33 54 3 21 33 55 2 21 33 57 1 21 34 1 58 21 34 2 56 21 34 3 55 21 34 4 53 21 34 5 51 21 34 6 49 21 34 7 48 21 34 8 47 21 34 9 46 21 34 10 45 21 34 11 44 21 34 12 43 21 34 13 42 21 34 14 41 21 34 15 40 21 34 16 39 21 34 17 38 21 34 18 37 21 34 19 36 21 34 20 35 21 34 21 34 21 34 22 33 21 34 23 32 21 34 24 31 21 34 25 30 21 34 26 29 21 34 27 28 21 34 28 27 21 34 29 26 21 34 30 25 21 34 31 24 21 34 32 23 21 34 33 22 21 34 34 21 21 34 35 20 21 34 36 19 21 34 37 18 21 34 38 17 21 34 39 16 21 34 40 15 21 34 41 14 21 34 42 13 21 34 43 12 21 34 44 11 21 34 45 10 21 34 46 9 21 34 47 8 21 34 48 7 21 34 49 6 21 34 51 5 21 34 53 4 21 34 55 3 21 34 56 2 21 34 58 1 21 35 2 57 21 35 3 56 21 35 4 54 21 35 5 52 21 35 6 50 21 35 7 49 21 35 8 48 21 35 9 47 21 35 10 46 21 35 11 45 21 35 12 44 21 35 13 43 21 35 14 42 21 35 15 41 21 35 16 40 21 35 17 39 21 35 18 38 21 35 19 37 21 35 20 36 21 35 21 35 21 35 22 34 21 35 23 33 21 35 24 32 21 35 25 31 21 35 26 30 21 35 27 29 21 35 28 28 21 35 29 27 21 35 30 26 21 35 31 25 21 35 32 24 21 35 33 23 21 35 34 22 21 35 35 21 21 35 36 20 21 35 37 19 21 35 38 18 21 35 39 17 21 35 40 16 21 35 41 15 21 35 42 14 21 35 43 13 21 35 44 12 21 35 45 11 21 35 46 10 21 35 47 9 21 35 48 8 21 35 49 7 21 35 50 6 21 35 52 5 21 35 54 4 21 35 56 3 21 35 57 2 21 36 2 58 21 36 3 57 21 36 4 55 21 36 5 53 21 36 6 51 21 36 7 50 21 36 8 49 21 36 9 48 21 36 10 47 21 36 11 46 21 36 12 45 21 36 13 44 21 36 14 43 21 36 15 42 21 36 16 41 21 36 17 40 21 36 18 39 21 36 19 38 21 36 20 37 21 36 21 36 21 36 22 35 21 36 23 34 21 36 24 33 21 36 25 32 21 36 26 31 21 36 27 30 21 36 28 29 21 36 29 28 21 36 30 27 21 36 31 26 21 36 32 25 21 36 33 24 21 36 34 23 21 36 35 22 21 36 36 21 21 36 37 20 21 36 38 19 21 36 39 18 21 36 40 17 21 36 41 16 21 36 42 15 21 36 43 14 21 36 44 13 21 36 45 12 21 36 46 11 21 36 47 10 21 36 48 9 21 36 49 8 21 36 50 7 21 36 51 6 21 36 53 5 21 36 55 4 21 36 57 3 21 36 58 2 21 37 2 59 21 37 3 58 21 37 4 56 21 37 5 54 21 37 6 52 21 37 7 51 21 37 8 50 21 37 9 49 21 37 10 48 21 37 11 47 21 37 12 46 21 37 13 45 21 37 14 44 21 37 15 43 21 37 16 42 21 37 17 41 21 37 18 40 21 37 19 39 21 37 20 38 21 37 21 37 21 37 22 36 21 37 23 35 21 37 24 34 21 37 25 33 21 37 26 32 21 37 27 31 21 37 28 30 21 37 29 29 21 37 30 28 21 37 31 27 21 37 32 26 21 37 33 25 21 37 34 24 21 37 35 23 21 37 36 22 21 37 37 21 21 37 38 20 21 37 39 19 21 37 40 18 21 37 41 17 21 37 42 16 21 37 43 15 21 37 44 14 21 37 45 13 21 37 46 12 21 37 47 11 21 37 48 10 21 37 49 9 21 37 50 8 21 37 51 7 21 37 52 6 21 37 54 5 21 37 56 4 21 37 58 3 21 37 59 2 21 38 2 60 21 38 3 59 21 38 4 57 21 38 5 55 21 38 6 53 21 38 7 52 21 38 8 51 21 38 9 50 21 38 10 49 21 38 11 48 21 38 12 47 21 38 13 46 21 38 14 45 21 38 15 44 21 38 16 43 21 38 17 42 21 38 18 41 21 38 19 40 21 38 20 39 21 38 21 38 21 38 22 37 21 38 23 36 21 38 24 35 21 38 25 34 21 38 26 33 21 38 27 32 21 38 28 31 21 38 29 30 21 38 30 29 21 38 31 28 21 38 32 27 21 38 33 26 21 38 34 25 21 38 35 24 21 38 36 23 21 38 37 22 21 38 38 21 21 38 39 20 21 38 40 19 21 38 41 18 21 38 42 17 21 38 43 16 21 38 44 15 21 38 45 14 21 38 46 13 21 38 47 12 21 38 48 11 21 38 49 10 21 38 50 9 21 38 51 8 21 38 52 7 21 38 53 6 21 38 55 5 21 38 57 4 21 38 59 3 21 38 60 2 21 39 2 61 21 39 3 60 21 39 4 58 21 39 5 56 21 39 6 54 21 39 7 53 21 39 8 52 21 39 9 51 21 39 10 50 21 39 11 49 21 39 12 48 21 39 13 47 21 39 14 46 21 39 15 45 21 39 16 44 21 39 17 43 21 39 18 42 21 39 19 41 21 39 20 40 21 39 21 39 21 39 22 38 21 39 23 37 21 39 24 36 21 39 25 35 21 39 26 34 21 39 27 33 21 39 28 32 21 39 29 31 21 39 30 30 21 39 31 29 21 39 32 28 21 39 33 27 21 39 34 26 21 39 35 25 21 39 36 24 21 39 37 23 21 39 38 22 21 39 39 21 21 39 40 20 21 39 41 19 21 39 42 18 21 39 43 17 21 39 44 16 21 39 45 15 21 39 46 14 21 39 47 13 21 39 48 12 21 39 49 11 21 39 50 10 21 39 51 9 21 39 52 8 21 39 53 7 21 39 54 6 21 39 56 5 21 39 58 4 21 39 60 3 21 39 61 2 21 40 2 62 21 40 3 61 21 40 4 59 21 40 5 57 21 40 6 55 21 40 7 54 21 40 8 53 21 40 9 52 21 40 10 51 21 40 11 50 21 40 12 49 21 40 13 48 21 40 14 47 21 40 15 46 21 40 16 45 21 40 17 44 21 40 18 43 21 40 19 42 21 40 20 41 21 40 21 40 21 40 22 39 21 40 23 38 21 40 24 37 21 40 25 36 21 40 26 35 21 40 27 34 21 40 28 33 21 40 29 32 21 40 30 31 21 40 31 30 21 40 32 29 21 40 33 28 21 40 34 27 21 40 35 26 21 40 36 25 21 40 37 24 21 40 38 23 21 40 39 22 21 40 40 21 21 40 41 20 21 40 42 19 21 40 43 18 21 40 44 17 21 40 45 16 21 40 46 15 21 40 47 14 21 40 48 13 21 40 49 12 21 40 50 11 21 40 51 10 21 40 52 9 21 40 53 8 21 40 54 7 21 40 55 6 21 40 57 5 21 40 59 4 21 40 61 3 21 40 62 2 21 41 2 63 21 41 3 62 21 41 4 60 21 41 5 58 21 41 6 56 21 41 7 55 21 41 8 54 21 41 9 53 21 41 10 52 21 41 11 51 21 41 12 50 21 41 13 49 21 41 14 48 21 41 15 47 21 41 16 46 21 41 17 45 21 41 18 44 21 41 19 43 21 41 20 42 21 41 21 41 21 41 22 40 21 41 23 39 21 41 24 38 21 41 25 37 21 41 26 36 21 41 27 35 21 41 28 34 21 41 29 33 21 41 30 32 21 41 31 31 21 41 32 30 21 41 33 29 21 41 34 28 21 41 35 27 21 41 36 26 21 41 37 25 21 41 38 24 21 41 39 23 21 41 40 22 21 41 41 21 21 41 42 20 21 41 43 19 21 41 44 18 21 41 45 17 21 41 46 16 21 41 47 15 21 41 48 14 21 41 49 13 21 41 50 12 21 41 51 11 21 41 52 10 21 41 53 9 21 41 54 8 21 41 55 7 21 41 56 6 21 41 58 5 21 41 60 4 21 41 62 3 21 41 63 2 21 42 3 63 21 42 4 61 21 42 5 59 21 42 6 57 21 42 7 56 21 42 8 55 21 42 9 54 21 42 10 53 21 42 11 52 21 42 12 51 21 42 13 50 21 42 14 49 21 42 15 48 21 42 16 47 21 42 17 46 21 42 18 45 21 42 19 44 21 42 20 43 21 42 21 42 21 42 22 41 21 42 23 40 21 42 24 39 21 42 25 38 21 42 26 37 21 42 27 36 21 42 28 35 21 42 29 34 21 42 30 33 21 42 31 32 21 42 32 31 21 42 33 30 21 42 34 29 21 42 35 28 21 42 36 27 21 42 37 26 21 42 38 25 21 42 39 24 21 42 40 23 21 42 41 22 21 42 42 21 21 42 43 20 21 42 44 19 21 42 45 18 21 42 46 17 21 42 47 16 21 42 48 15 21 42 49 14 21 42 50 13 21 42 51 12 21 42 52 11 21 42 53 10 21 42 54 9 21 42 55 8 21 42 56 7 21 42 57 6 21 42 59 5 21 42 61 4 21 42 63 3 21 43 3 64 21 43 4 62 21 43 5 60 21 43 6 58 21 43 7 57 21 43 8 56 21 43 9 55 21 43 10 54 21 43 11 53 21 43 12 52 21 43 13 51 21 43 14 50 21 43 15 49 21 43 16 48 21 43 17 47 21 43 18 46 21 43 19 45 21 43 20 44 21 43 21 43 21 43 22 42 21 43 23 41 21 43 24 40 21 43 25 39 21 43 26 38 21 43 27 37 21 43 28 36 21 43 29 35 21 43 30 34 21 43 31 33 21 43 32 32 21 43 33 31 21 43 34 30 21 43 35 29 21 43 36 28 21 43 37 27 21 43 38 26 21 43 39 25 21 43 40 24 21 43 41 23 21 43 42 22 21 43 43 21 21 43 44 20 21 43 45 19 21 43 46 18 21 43 47 17 21 43 48 16 21 43 49 15 21 43 50 14 21 43 51 13 21 43 52 12 21 43 53 11 21 43 54 10 21 43 55 9 21 43 56 8 21 43 57 7 21 43 58 6 21 43 60 5 21 43 62 4 21 43 64 3 21 44 3 65 21 44 4 63 21 44 5 61 21 44 6 59 21 44 7 58 21 44 8 57 21 44 9 56 21 44 10 55 21 44 11 54 21 44 12 53 21 44 13 52 21 44 14 51 21 44 15 50 21 44 16 49 21 44 17 48 21 44 18 47 21 44 19 46 21 44 20 45 21 44 21 44 21 44 22 43 21 44 23 42 21 44 24 41 21 44 25 40 21 44 26 39 21 44 27 38 21 44 28 37 21 44 29 36 21 44 30 35 21 44 31 34 21 44 32 33 21 44 33 32 21 44 34 31 21 44 35 30 21 44 36 29 21 44 37 28 21 44 38 27 21 44 39 26 21 44 40 25 21 44 41 24 21 44 42 23 21 44 43 22 21 44 44 21 21 44 45 20 21 44 46 19 21 44 47 18 21 44 48 17 21 44 49 16 21 44 50 15 21 44 51 14 21 44 52 13 21 44 53 12 21 44 54 11 21 44 55 10 21 44 56 9 21 44 57 8 21 44 58 7 21 44 59 6 21 44 61 5 21 44 63 4 21 44 65 3 21 45 3 66 21 45 4 64 21 45 5 62 21 45 6 60 21 45 7 59 21 45 8 58 21 45 9 57 21 45 10 56 21 45 11 55 21 45 12 54 21 45 13 53 21 45 14 52 21 45 15 51 21 45 16 50 21 45 17 49 21 45 18 48 21 45 19 47 21 45 20 46 21 45 21 45 21 45 22 44 21 45 23 43 21 45 24 42 21 45 25 41 21 45 26 40 21 45 27 39 21 45 28 38 21 45 29 37 21 45 30 36 21 45 31 35 21 45 32 34 21 45 33 33 21 45 34 32 21 45 35 31 21 45 36 30 21 45 37 29 21 45 38 28 21 45 39 27 21 45 40 26 21 45 41 25 21 45 42 24 21 45 43 23 21 45 44 22 21 45 45 21 21 45 46 20 21 45 47 19 21 45 48 18 21 45 49 17 21 45 50 16 21 45 51 15 21 45 52 14 21 45 53 13 21 45 54 12 21 45 55 11 21 45 56 10 21 45 57 9 21 45 58 8 21 45 59 7 21 45 60 6 21 45 62 5 21 45 64 4 21 45 66 3 21 46 4 65 21 46 5 63 21 46 6 61 21 46 7 60 21 46 8 59 21 46 9 58 21 46 10 57 21 46 11 56 21 46 12 55 21 46 13 54 21 46 14 53 21 46 15 52 21 46 16 51 21 46 17 50 21 46 18 49 21 46 19 48 21 46 20 47 21 46 21 46 21 46 22 45 21 46 23 44 21 46 24 43 21 46 25 42 21 46 26 41 21 46 27 40 21 46 28 39 21 46 29 38 21 46 30 37 21 46 31 36 21 46 32 35 21 46 33 34 21 46 34 33 21 46 35 32 21 46 36 31 21 46 37 30 21 46 38 29 21 46 39 28 21 46 40 27 21 46 41 26 21 46 42 25 21 46 43 24 21 46 44 23 21 46 45 22 21 46 46 21 21 46 47 20 21 46 48 19 21 46 49 18 21 46 50 17 21 46 51 16 21 46 52 15 21 46 53 14 21 46 54 13 21 46 55 12 21 46 56 11 21 46 57 10 21 46 58 9 21 46 59 8 21 46 60 7 21 46 61 6 21 46 63 5 21 46 65 4 21 47 4 66 21 47 5 64 21 47 6 62 21 47 7 61 21 47 8 60 21 47 9 59 21 47 10 58 21 47 11 57 21 47 12 56 21 47 13 55 21 47 14 54 21 47 15 53 21 47 16 52 21 47 17 51 21 47 18 50 21 47 19 49 21 47 20 48 21 47 21 47 21 47 22 46 21 47 23 45 21 47 24 44 21 47 25 43 21 47 26 42 21 47 27 41 21 47 28 40 21 47 29 39 21 47 30 38 21 47 31 37 21 47 32 36 21 47 33 35 21 47 34 34 21 47 35 33 21 47 36 32 21 47 37 31 21 47 38 30 21 47 39 29 21 47 40 28 21 47 41 27 21 47 42 26 21 47 43 25 21 47 44 24 21 47 45 23 21 47 46 22 21 47 47 21 21 47 48 20 21 47 49 19 21 47 50 18 21 47 51 17 21 47 52 16 21 47 53 15 21 47 54 14 21 47 55 13 21 47 56 12 21 47 57 11 21 47 58 10 21 47 59 9 21 47 60 8 21 47 61 7 21 47 62 6 21 47 64 5 21 47 66 4 21 48 4 67 21 48 5 65 21 48 6 63 21 48 7 62 21 48 8 61 21 48 9 60 21 48 10 59 21 48 11 58 21 48 12 57 21 48 13 56 21 48 14 55 21 48 15 54 21 48 16 53 21 48 17 52 21 48 18 51 21 48 19 50 21 48 20 49 21 48 21 48 21 48 22 47 21 48 23 46 21 48 24 45 21 48 25 44 21 48 26 43 21 48 27 42 21 48 28 41 21 48 29 40 21 48 30 39 21 48 31 38 21 48 32 37 21 48 33 36 21 48 34 35 21 48 35 34 21 48 36 33 21 48 37 32 21 48 38 31 21 48 39 30 21 48 40 29 21 48 41 28 21 48 42 27 21 48 43 26 21 48 44 25 21 48 45 24 21 48 46 23 21 48 47 22 21 48 48 21 21 48 49 20 21 48 50 19 21 48 51 18 21 48 52 17 21 48 53 16 21 48 54 15 21 48 55 14 21 48 56 13 21 48 57 12 21 48 58 11 21 48 59 10 21 48 60 9 21 48 61 8 21 48 62 7 21 48 63 6 21 48 65 5 21 48 67 4 21 49 4 68 21 49 5 66 21 49 6 64 21 49 7 63 21 49 8 62 21 49 9 61 21 49 10 60 21 49 11 59 21 49 12 58 21 49 13 57 21 49 14 56 21 49 15 55 21 49 16 54 21 49 17 53 21 49 18 52 21 49 19 51 21 49 20 50 21 49 21 49 21 49 22 48 21 49 23 47 21 49 24 46 21 49 25 45 21 49 26 44 21 49 27 43 21 49 28 42 21 49 29 41 21 49 30 40 21 49 31 39 21 49 32 38 21 49 33 37 21 49 34 36 21 49 35 35 21 49 36 34 21 49 37 33 21 49 38 32 21 49 39 31 21 49 40 30 21 49 41 29 21 49 42 28 21 49 43 27 21 49 44 26 21 49 45 25 21 49 46 24 21 49 47 23 21 49 48 22 21 49 49 21 21 49 50 20 21 49 51 19 21 49 52 18 21 49 53 17 21 49 54 16 21 49 55 15 21 49 56 14 21 49 57 13 21 49 58 12 21 49 59 11 21 49 60 10 21 49 61 9 21 49 62 8 21 49 63 7 21 49 64 6 21 49 66 5 21 49 68 4 21 50 5 67 21 50 6 65 21 50 7 64 21 50 8 63 21 50 9 62 21 50 10 61 21 50 11 60 21 50 12 59 21 50 13 58 21 50 14 57 21 50 15 56 21 50 16 55 21 50 17 54 21 50 18 53 21 50 19 52 21 50 20 51 21 50 21 50 21 50 22 49 21 50 23 48 21 50 24 47 21 50 25 46 21 50 26 45 21 50 27 44 21 50 28 43 21 50 29 42 21 50 30 41 21 50 31 40 21 50 32 39 21 50 33 38 21 50 34 37 21 50 35 36 21 50 36 35 21 50 37 34 21 50 38 33 21 50 39 32 21 50 40 31 21 50 41 30 21 50 42 29 21 50 43 28 21 50 44 27 21 50 45 26 21 50 46 25 21 50 47 24 21 50 48 23 21 50 49 22 21 50 50 21 21 50 51 20 21 50 52 19 21 50 53 18 21 50 54 17 21 50 55 16 21 50 56 15 21 50 57 14 21 50 58 13 21 50 59 12 21 50 60 11 21 50 61 10 21 50 62 9 21 50 63 8 21 50 64 7 21 50 65 6 21 50 67 5 21 51 5 68 21 51 6 66 21 51 7 65 21 51 8 64 21 51 9 63 21 51 10 62 21 51 11 61 21 51 12 60 21 51 13 59 21 51 14 58 21 51 15 57 21 51 16 56 21 51 17 55 21 51 18 54 21 51 19 53 21 51 20 52 21 51 21 51 21 51 22 50 21 51 23 49 21 51 24 48 21 51 25 47 21 51 26 46 21 51 27 45 21 51 28 44 21 51 29 43 21 51 30 42 21 51 31 41 21 51 32 40 21 51 33 39 21 51 34 38 21 51 35 37 21 51 36 36 21 51 37 35 21 51 38 34 21 51 39 33 21 51 40 32 21 51 41 31 21 51 42 30 21 51 43 29 21 51 44 28 21 51 45 27 21 51 46 26 21 51 47 25 21 51 48 24 21 51 49 23 21 51 50 22 21 51 51 21 21 51 52 20 21 51 53 19 21 51 54 18 21 51 55 17 21 51 56 16 21 51 57 15 21 51 58 14 21 51 59 13 21 51 60 12 21 51 61 11 21 51 62 10 21 51 63 9 21 51 64 8 21 51 65 7 21 51 66 6 21 51 68 5 21 52 5 69 21 52 6 67 21 52 7 66 21 52 8 65 21 52 9 64 21 52 10 63 21 52 11 62 21 52 12 61 21 52 13 60 21 52 14 59 21 52 15 58 21 52 16 57 21 52 17 56 21 52 18 55 21 52 19 54 21 52 20 53 21 52 21 52 21 52 22 51 21 52 23 50 21 52 24 49 21 52 25 48 21 52 26 47 21 52 27 46 21 52 28 45 21 52 29 44 21 52 30 43 21 52 31 42 21 52 32 41 21 52 33 40 21 52 34 39 21 52 35 38 21 52 36 37 21 52 37 36 21 52 38 35 21 52 39 34 21 52 40 33 21 52 41 32 21 52 42 31 21 52 43 30 21 52 44 29 21 52 45 28 21 52 46 27 21 52 47 26 21 52 48 25 21 52 49 24 21 52 50 23 21 52 51 22 21 52 52 21 21 52 53 20 21 52 54 19 21 52 55 18 21 52 56 17 21 52 57 16 21 52 58 15 21 52 59 14 21 52 60 13 21 52 61 12 21 52 62 11 21 52 63 10 21 52 64 9 21 52 65 8 21 52 66 7 21 52 67 6 21 52 69 5 21 53 5 70 21 53 6 68 21 53 7 67 21 53 8 66 21 53 9 65 21 53 10 64 21 53 11 63 21 53 12 62 21 53 13 61 21 53 14 60 21 53 15 59 21 53 16 58 21 53 17 57 21 53 18 56 21 53 19 55 21 53 20 54 21 53 21 53 21 53 22 52 21 53 23 51 21 53 24 50 21 53 25 49 21 53 26 48 21 53 27 47 21 53 28 46 21 53 29 45 21 53 30 44 21 53 31 43 21 53 32 42 21 53 33 41 21 53 34 40 21 53 35 39 21 53 36 38 21 53 37 37 21 53 38 36 21 53 39 35 21 53 40 34 21 53 41 33 21 53 42 32 21 53 43 31 21 53 44 30 21 53 45 29 21 53 46 28 21 53 47 27 21 53 48 26 21 53 49 25 21 53 50 24 21 53 51 23 21 53 52 22 21 53 53 21 21 53 54 20 21 53 55 19 21 53 56 18 21 53 57 17 21 53 58 16 21 53 59 15 21 53 60 14 21 53 61 13 21 53 62 12 21 53 63 11 21 53 64 10 21 53 65 9 21 53 66 8 21 53 67 7 21 53 68 6 21 53 70 5 21 54 5 71 21 54 6 69 21 54 7 68 21 54 8 67 21 54 9 66 21 54 10 65 21 54 11 64 21 54 12 63 21 54 13 62 21 54 14 61 21 54 15 60 21 54 16 59 21 54 17 58 21 54 18 57 21 54 19 56 21 54 20 55 21 54 21 54 21 54 22 53 21 54 23 52 21 54 24 51 21 54 25 50 21 54 26 49 21 54 27 48 21 54 28 47 21 54 29 46 21 54 30 45 21 54 31 44 21 54 32 43 21 54 33 42 21 54 34 41 21 54 35 40 21 54 36 39 21 54 37 38 21 54 38 37 21 54 39 36 21 54 40 35 21 54 41 34 21 54 42 33 21 54 43 32 21 54 44 31 21 54 45 30 21 54 46 29 21 54 47 28 21 54 48 27 21 54 49 26 21 54 50 25 21 54 51 24 21 54 52 23 21 54 53 22 21 54 54 21 21 54 55 20 21 54 56 19 21 54 57 18 21 54 58 17 21 54 59 16 21 54 60 15 21 54 61 14 21 54 62 13 21 54 63 12 21 54 64 11 21 54 65 10 21 54 66 9 21 54 67 8 21 54 68 7 21 54 69 6 21 54 71 5 21 55 6 70 21 55 7 69 21 55 8 68 21 55 9 67 21 55 10 66 21 55 11 65 21 55 12 64 21 55 13 63 21 55 14 62 21 55 15 61 21 55 16 60 21 55 17 59 21 55 18 58 21 55 19 57 21 55 20 56 21 55 21 55 21 55 22 54 21 55 23 53 21 55 24 52 21 55 25 51 21 55 26 50 21 55 27 49 21 55 28 48 21 55 29 47 21 55 30 46 21 55 31 45 21 55 32 44 21 55 33 43 21 55 34 42 21 55 35 41 21 55 36 40 21 55 37 39 21 55 38 38 21 55 39 37 21 55 40 36 21 55 41 35 21 55 42 34 21 55 43 33 21 55 44 32 21 55 45 31 21 55 46 30 21 55 47 29 21 55 48 28 21 55 49 27 21 55 50 26 21 55 51 25 21 55 52 24 21 55 53 23 21 55 54 22 21 55 55 21 21 55 56 20 21 55 57 19 21 55 58 18 21 55 59 17 21 55 60 16 21 55 61 15 21 55 62 14 21 55 63 13 21 55 64 12 21 55 65 11 21 55 66 10 21 55 67 9 21 55 68 8 21 55 69 7 21 55 70 6 21 56 6 71 21 56 7 70 21 56 8 69 21 56 9 68 21 56 10 67 21 56 11 66 21 56 12 65 21 56 13 64 21 56 14 63 21 56 15 62 21 56 16 61 21 56 17 60 21 56 18 59 21 56 19 58 21 56 20 57 21 56 21 56 21 56 22 55 21 56 23 54 21 56 24 53 21 56 25 52 21 56 26 51 21 56 27 50 21 56 28 49 21 56 29 48 21 56 30 47 21 56 31 46 21 56 32 45 21 56 33 44 21 56 34 43 21 56 35 42 21 56 36 41 21 56 37 40 21 56 38 39 21 56 39 38 21 56 40 37 21 56 41 36 21 56 42 35 21 56 43 34 21 56 44 33 21 56 45 32 21 56 46 31 21 56 47 30 21 56 48 29 21 56 49 28 21 56 50 27 21 56 51 26 21 56 52 25 21 56 53 24 21 56 54 23 21 56 55 22 21 56 56 21 21 56 57 20 21 56 58 19 21 56 59 18 21 56 60 17 21 56 61 16 21 56 62 15 21 56 63 14 21 56 64 13 21 56 65 12 21 56 66 11 21 56 67 10 21 56 68 9 21 56 69 8 21 56 70 7 21 56 71 6 21 57 6 72 21 57 7 71 21 57 8 70 21 57 9 69 21 57 10 68 21 57 11 67 21 57 12 66 21 57 13 65 21 57 14 64 21 57 15 63 21 57 16 62 21 57 17 61 21 57 18 60 21 57 19 59 21 57 20 58 21 57 21 57 21 57 22 56 21 57 23 55 21 57 24 54 21 57 25 53 21 57 26 52 21 57 27 51 21 57 28 50 21 57 29 49 21 57 30 48 21 57 31 47 21 57 32 46 21 57 33 45 21 57 34 44 21 57 35 43 21 57 36 42 21 57 37 41 21 57 38 40 21 57 39 39 21 57 40 38 21 57 41 37 21 57 42 36 21 57 43 35 21 57 44 34 21 57 45 33 21 57 46 32 21 57 47 31 21 57 48 30 21 57 49 29 21 57 50 28 21 57 51 27 21 57 52 26 21 57 53 25 21 57 54 24 21 57 55 23 21 57 56 22 21 57 57 21 21 57 58 20 21 57 59 19 21 57 60 18 21 57 61 17 21 57 62 16 21 57 63 15 21 57 64 14 21 57 65 13 21 57 66 12 21 57 67 11 21 57 68 10 21 57 69 9 21 57 70 8 21 57 71 7 21 57 72 6 21 58 7 72 21 58 8 71 21 58 9 70 21 58 10 69 21 58 11 68 21 58 12 67 21 58 13 66 21 58 14 65 21 58 15 64 21 58 16 63 21 58 17 62 21 58 18 61 21 58 19 60 21 58 20 59 21 58 21 58 21 58 22 57 21 58 23 56 21 58 24 55 21 58 25 54 21 58 26 53 21 58 27 52 21 58 28 51 21 58 29 50 21 58 30 49 21 58 31 48 21 58 32 47 21 58 33 46 21 58 34 45 21 58 35 44 21 58 36 43 21 58 37 42 21 58 38 41 21 58 39 40 21 58 40 39 21 58 41 38 21 58 42 37 21 58 43 36 21 58 44 35 21 58 45 34 21 58 46 33 21 58 47 32 21 58 48 31 21 58 49 30 21 58 50 29 21 58 51 28 21 58 52 27 21 58 53 26 21 58 54 25 21 58 55 24 21 58 56 23 21 58 57 22 21 58 58 21 21 58 59 20 21 58 60 19 21 58 61 18 21 58 62 17 21 58 63 16 21 58 64 15 21 58 65 14 21 58 66 13 21 58 67 12 21 58 68 11 21 58 69 10 21 58 70 9 21 58 71 8 21 58 72 7 21 59 8 72 21 59 9 71 21 59 10 70 21 59 11 69 21 59 12 68 21 59 13 67 21 59 14 66 21 59 15 65 21 59 16 64 21 59 17 63 21 59 18 62 21 59 19 61 21 59 20 60 21 59 21 59 21 59 22 58 21 59 23 57 21 59 24 56 21 59 25 55 21 59 26 54 21 59 27 53 21 59 28 52 21 59 29 51 21 59 30 50 21 59 31 49 21 59 32 48 21 59 33 47 21 59 34 46 21 59 35 45 21 59 36 44 21 59 37 43 21 59 38 42 21 59 39 41 21 59 40 40 21 59 41 39 21 59 42 38 21 59 43 37 21 59 44 36 21 59 45 35 21 59 46 34 21 59 47 33 21 59 48 32 21 59 49 31 21 59 50 30 21 59 51 29 21 59 52 28 21 59 53 27 21 59 54 26 21 59 55 25 21 59 56 24 21 59 57 23 21 59 58 22 21 59 59 21 21 59 60 20 21 59 61 19 21 59 62 18 21 59 63 17 21 59 64 16 21 59 65 15 21 59 66 14 21 59 67 13 21 59 68 12 21 59 69 11 21 59 70 10 21 59 71 9 21 59 72 8 21 60 9 72 21 60 10 71 21 60 11 70 21 60 12 69 21 60 13 68 21 60 14 67 21 60 15 66 21 60 16 65 21 60 17 64 21 60 18 63 21 60 19 62 21 60 20 61 21 60 21 60 21 60 22 59 21 60 23 58 21 60 24 57 21 60 25 56 21 60 26 55 21 60 27 54 21 60 28 53 21 60 29 52 21 60 30 51 21 60 31 50 21 60 32 49 21 60 33 48 21 60 34 47 21 60 35 46 21 60 36 45 21 60 37 44 21 60 38 43 21 60 39 42 21 60 40 41 21 60 41 40 21 60 42 39 21 60 43 38 21 60 44 37 21 60 45 36 21 60 46 35 21 60 47 34 21 60 48 33 21 60 49 32 21 60 50 31 21 60 51 30 21 60 52 29 21 60 53 28 21 60 54 27 21 60 55 26 21 60 56 25 21 60 57 24 21 60 58 23 21 60 59 22 21 60 60 21 21 60 61 20 21 60 62 19 21 60 63 18 21 60 64 17 21 60 65 16 21 60 66 15 21 60 67 14 21 60 68 13 21 60 69 12 21 60 70 11 21 60 71 10 21 60 72 9 21 61 10 72 21 61 11 71 21 61 12 70 21 61 13 69 21 61 14 68 21 61 15 67 21 61 16 66 21 61 17 65 21 61 18 64 21 61 19 63 21 61 20 62 21 61 21 61 21 61 22 60 21 61 23 59 21 61 24 58 21 61 25 57 21 61 26 56 21 61 27 55 21 61 28 54 21 61 29 53 21 61 30 52 21 61 31 51 21 61 32 50 21 61 33 49 21 61 34 48 21 61 35 47 21 61 36 46 21 61 37 45 21 61 38 44 21 61 39 43 21 61 40 42 21 61 41 41 21 61 42 40 21 61 43 39 21 61 44 38 21 61 45 37 21 61 46 36 21 61 47 35 21 61 48 34 21 61 49 33 21 61 50 32 21 61 51 31 21 61 52 30 21 61 53 29 21 61 54 28 21 61 55 27 21 61 56 26 21 61 57 25 21 61 58 24 21 61 59 23 21 61 60 22 21 61 61 21 21 61 62 20 21 61 63 19 21 61 64 18 21 61 65 17 21 61 66 16 21 61 67 15 21 61 68 14 21 61 69 13 21 61 70 12 21 61 71 11 21 61 72 10 21 62 11 72 21 62 12 71 21 62 13 70 21 62 14 69 21 62 15 68 21 62 16 67 21 62 17 66 21 62 18 65 21 62 19 64 21 62 20 63 21 62 21 62 21 62 22 61 21 62 23 60 21 62 24 59 21 62 25 58 21 62 26 57 21 62 27 56 21 62 28 55 21 62 29 54 21 62 30 53 21 62 31 52 21 62 32 51 21 62 33 50 21 62 34 49 21 62 35 48 21 62 36 47 21 62 37 46 21 62 38 45 21 62 39 44 21 62 40 43 21 62 41 42 21 62 42 41 21 62 43 40 21 62 44 39 21 62 45 38 21 62 46 37 21 62 47 36 21 62 48 35 21 62 49 34 21 62 50 33 21 62 51 32 21 62 52 31 21 62 53 30 21 62 54 29 21 62 55 28 21 62 56 27 21 62 57 26 21 62 58 25 21 62 59 24 21 62 60 23 21 62 61 22 21 62 62 21 21 62 63 20 21 62 64 19 21 62 65 18 21 62 66 17 21 62 67 16 21 62 68 15 21 62 69 14 21 62 70 13 21 62 71 12 21 62 72 11 21 63 12 72 21 63 13 71 21 63 14 70 21 63 15 69 21 63 16 68 21 63 17 67 21 63 18 66 21 63 19 65 21 63 20 64 21 63 21 63 21 63 22 62 21 63 23 61 21 63 24 60 21 63 25 59 21 63 26 58 21 63 27 57 21 63 28 56 21 63 29 55 21 63 30 54 21 63 31 53 21 63 32 52 21 63 33 51 21 63 34 50 21 63 35 49 21 63 36 48 21 63 37 47 21 63 38 46 21 63 39 45 21 63 40 44 21 63 41 43 21 63 42 42 21 63 43 41 21 63 44 40 21 63 45 39 21 63 46 38 21 63 47 37 21 63 48 36 21 63 49 35 21 63 50 34 21 63 51 33 21 63 52 32 21 63 53 31 21 63 54 30 21 63 55 29 21 63 56 28 21 63 57 27 21 63 58 26 21 63 59 25 21 63 60 24 21 63 61 23 21 63 62 22 21 63 63 21 21 63 64 20 21 63 65 19 21 63 66 18 21 63 67 17 21 63 68 16 21 63 69 15 21 63 70 14 21 63 71 13 21 63 72 12 21 64 13 72 21 64 14 71 21 64 15 70 21 64 16 69 21 64 17 68 21 64 18 67 21 64 19 66 21 64 20 65 21 64 21 64 21 64 22 63 21 64 23 62 21 64 24 61 21 64 25 60 21 64 26 59 21 64 27 58 21 64 28 57 21 64 29 56 21 64 30 55 21 64 31 54 21 64 32 53 21 64 33 52 21 64 34 51 21 64 35 50 21 64 36 49 21 64 37 48 21 64 38 47 21 64 39 46 21 64 40 45 21 64 41 44 21 64 42 43 21 64 43 42 21 64 44 41 21 64 45 40 21 64 46 39 21 64 47 38 21 64 48 37 21 64 49 36 21 64 50 35 21 64 51 34 21 64 52 33 21 64 53 32 21 64 54 31 21 64 55 30 21 64 56 29 21 64 57 28 21 64 58 27 21 64 59 26 21 64 60 25 21 64 61 24 21 64 62 23 21 64 63 22 21 64 64 21 21 64 65 20 21 64 66 19 21 64 67 18 21 64 68 17 21 64 69 16 21 64 70 15 21 64 71 14 21 64 72 13 21 65 14 72 21 65 15 71 21 65 16 70 21 65 17 69 21 65 18 68 21 65 19 67 21 65 20 66 21 65 21 65 21 65 22 64 21 65 23 63 21 65 24 62 21 65 25 61 21 65 26 60 21 65 27 59 21 65 28 58 21 65 29 57 21 65 30 56 21 65 31 55 21 65 32 54 21 65 33 53 21 65 34 52 21 65 35 51 21 65 36 50 21 65 37 49 21 65 38 48 21 65 39 47 21 65 40 46 21 65 41 45 21 65 42 44 21 65 43 43 21 65 44 42 21 65 45 41 21 65 46 40 21 65 47 39 21 65 48 38 21 65 49 37 21 65 50 36 21 65 51 35 21 65 52 34 21 65 53 33 21 65 54 32 21 65 55 31 21 65 56 30 21 65 57 29 21 65 58 28 21 65 59 27 21 65 60 26 21 65 61 25 21 65 62 24 21 65 63 23 21 65 64 22 21 65 65 21 21 65 66 20 21 65 67 19 21 65 68 18 21 65 69 17 21 65 70 16 21 65 71 15 21 65 72 14 21 66 15 72 21 66 16 71 21 66 17 70 21 66 18 69 21 66 19 68 21 66 20 67 21 66 21 66 21 66 22 65 21 66 23 64 21 66 24 63 21 66 25 62 21 66 26 61 21 66 27 60 21 66 28 59 21 66 29 58 21 66 30 57 21 66 31 56 21 66 32 55 21 66 33 54 21 66 34 53 21 66 35 52 21 66 36 51 21 66 37 50 21 66 38 49 21 66 39 48 21 66 40 47 21 66 41 46 21 66 42 45 21 66 43 44 21 66 44 43 21 66 45 42 21 66 46 41 21 66 47 40 21 66 48 39 21 66 49 38 21 66 50 37 21 66 51 36 21 66 52 35 21 66 53 34 21 66 54 33 21 66 55 32 21 66 56 31 21 66 57 30 21 66 58 29 21 66 59 28 21 66 60 27 21 66 61 26 21 66 62 25 21 66 63 24 21 66 64 23 21 66 65 22 21 66 66 21 21 66 67 20 21 66 68 19 21 66 69 18 21 66 70 17 21 66 71 16 21 66 72 15 21 67 16 72 21 67 17 71 21 67 18 70 21 67 19 69 21 67 20 68 21 67 21 67 21 67 22 66 21 67 23 65 21 67 24 64 21 67 25 63 21 67 26 62 21 67 27 61 21 67 28 60 21 67 29 59 21 67 30 58 21 67 31 57 21 67 32 56 21 67 33 55 21 67 34 54 21 67 35 53 21 67 36 52 21 67 37 51 21 67 38 50 21 67 39 49 21 67 40 48 21 67 41 47 21 67 42 46 21 67 43 45 21 67 44 44 21 67 45 43 21 67 46 42 21 67 47 41 21 67 48 40 21 67 49 39 21 67 50 38 21 67 51 37 21 67 52 36 21 67 53 35 21 67 54 34 21 67 55 33 21 67 56 32 21 67 57 31 21 67 58 30 21 67 59 29 21 67 60 28 21 67 61 27 21 67 62 26 21 67 63 25 21 67 64 24 21 67 65 23 21 67 66 22 21 67 67 21 21 67 68 20 21 67 69 19 21 67 70 18 21 67 71 17 21 67 72 16 21 68 17 72 21 68 18 71 21 68 19 70 21 68 20 69 21 68 21 68 21 68 22 67 21 68 23 66 21 68 24 65 21 68 25 64 21 68 26 63 21 68 27 62 21 68 28 61 21 68 29 60 21 68 30 59 21 68 31 58 21 68 32 57 21 68 33 56 21 68 34 55 21 68 35 54 21 68 36 53 21 68 37 52 21 68 38 51 21 68 39 50 21 68 40 49 21 68 41 48 21 68 42 47 21 68 43 46 21 68 44 45 21 68 45 44 21 68 46 43 21 68 47 42 21 68 48 41 21 68 49 40 21 68 50 39 21 68 51 38 21 68 52 37 21 68 53 36 21 68 54 35 21 68 55 34 21 68 56 33 21 68 57 32 21 68 58 31 21 68 59 30 21 68 60 29 21 68 61 28 21 68 62 27 21 68 63 26 21 68 64 25 21 68 65 24 21 68 66 23 21 68 67 22 21 68 68 21 21 68 69 20 21 68 70 19 21 68 71 18 21 68 72 17 21 69 18 72 21 69 19 71 21 69 20 70 21 69 21 69 21 69 22 68 21 69 23 67 21 69 24 66 21 69 25 65 21 69 26 64 21 69 27 63 21 69 28 62 21 69 29 61 21 69 30 60 21 69 31 59 21 69 32 58 21 69 33 57 21 69 34 56 21 69 35 55 21 69 36 54 21 69 37 53 21 69 38 52 21 69 39 51 21 69 40 50 21 69 41 49 21 69 42 48 21 69 43 47 21 69 44 46 21 69 45 45 21 69 46 44 21 69 47 43 21 69 48 42 21 69 49 41 21 69 50 40 21 69 51 39 21 69 52 38 21 69 53 37 21 69 54 36 21 69 55 35 21 69 56 34 21 69 57 33 21 69 58 32 21 69 59 31 21 69 60 30 21 69 61 29 21 69 62 28 21 69 63 27 21 69 64 26 21 69 65 25 21 69 66 24 21 69 67 23 21 69 68 22 21 69 69 21 21 69 70 20 21 69 71 19 21 69 72 18 21 70 19 72 21 70 20 71 21 70 21 70 21 70 22 69 21 70 23 68 21 70 24 67 21 70 25 66 21 70 26 65 21 70 27 64 21 70 28 63 21 70 29 62 21 70 30 61 21 70 31 60 21 70 32 59 21 70 33 58 21 70 34 57 21 70 35 56 21 70 36 55 21 70 37 54 21 70 38 53 21 70 39 52 21 70 40 51 21 70 41 50 21 70 42 49 21 70 43 48 21 70 44 47 21 70 45 46 21 70 46 45 21 70 47 44 21 70 48 43 21 70 49 42 21 70 50 41 21 70 51 40 21 70 52 39 21 70 53 38 21 70 54 37 21 70 55 36 21 70 56 35 21 70 57 34 21 70 58 33 21 70 59 32 21 70 60 31 21 70 61 30 21 70 62 29 21 70 63 28 21 70 64 27 21 70 65 26 21 70 66 25 21 70 67 24 21 70 68 23 21 70 69 22 21 70 70 21 21 70 71 20 21 70 72 19 21 71 20 72 21 71 21 71 21 71 22 70 21 71 23 69 21 71 24 68 21 71 25 67 21 71 26 66 21 71 27 65 21 71 28 64 21 71 29 63 21 71 30 62 21 71 31 61 21 71 32 60 21 71 33 59 21 71 34 58 21 71 35 57 21 71 36 56 21 71 37 55 21 71 38 54 21 71 39 53 21 71 40 52 21 71 41 51 21 71 42 50 21 71 43 49 21 71 44 48 21 71 45 47 21 71 46 46 21 71 47 45 21 71 48 44 21 71 49 43 21 71 50 42 21 71 51 41 21 71 52 40 21 71 53 39 21 71 54 38 21 71 55 37 21 71 56 36 21 71 57 35 21 71 58 34 21 71 59 33 21 71 60 32 21 71 61 31 21 71 62 30 21 71 63 29 21 71 64 28 21 71 65 27 21 71 66 26 21 71 67 25 21 71 68 24 21 71 69 23 21 71 70 22 21 71 71 21 21 71 72 20 21 72 21 72 21 72 22 71 21 72 23 70 21 72 24 69 21 72 25 68 21 72 26 67 21 72 27 66 21 72 28 65 21 72 29 64 21 72 30 63 21 72 31 62 21 72 32 61 21 72 33 60 21 72 34 59 21 72 35 58 21 72 36 57 21 72 37 56 21 72 38 55 21 72 39 54 21 72 40 53 21 72 41 52 21 72 42 51 21 72 43 50 21 72 44 49 21 72 45 48 21 72 46 47 21 72 47 46 21 72 48 45 21 72 49 44 21 72 50 43 21 72 51 42 21 72 52 41 21 72 53 40 21 72 54 39 21 72 55 38 21 72 56 37 21 72 57 36 21 72 58 35 21 72 59 34 21 72 60 33 21 72 61 32 21 72 62 31 21 72 63 30 21 72 64 29 21 72 65 28 21 72 66 27 21 72 67 26 21 72 68 25 21 72 69 24 21 72 70 23 21 72 71 22 21 72 72 21 



















































