















16 0 0 16 16 0 1 14 16 0 2 12 16 0 3 11 16 0 4 9 16 0 5 7 16 0 7 5 16 0 9 4 16 0 11 3 16 0 12 2 16 0 14 1 16 0 16 0 16 1 0 18 16 1 1 16 16 1 2 14 16 1 3 13 16 1 4 11 16 1 5 9 16 1 6 7 16 1 7 6 16 1 9 5 16 1 11 4 16 1 13 3 16 1 14 2 16 1 16 1 16 1 18 0 16 2 0 20 16 2 1 18 16 2 2 16 16 2 3 15 16 2 4 13 16 2 5 11 16 2 6 9 16 2 9 6 16 2 11 5 16 2 13 4 16 2 15 3 16 2 16 2 16 2 18 1 16 2 20 0 16 3 0 21 16 3 1 19 16 3 2 17 16 3 3 16 16 3 4 14 16 3 5 12 16 3 6 10 16 3 7 9 16 3 9 7 16 3 10 6 16 3 12 5 16 3 14 4 16 3 16 3 16 3 17 2 16 3 19 1 16 3 21 0 16 4 0 23 16 4 1 21 16 4 2 19 16 4 3 18 16 4 4 16 16 4 5 14 16 4 6 12 16 4 7 11 16 4 8 10 16 4 9 9 16 4 10 8 16 4 11 7 16 4 12 6 16 4 14 5 16 4 16 4 16 4 18 3 16 4 19 2 16 4 21 1 16 4 23 0 16 5 0 25 16 5 1 23 16 5 2 21 16 5 3 20 16 5 4 18 16 5 5 16 16 5 6 14 16 5 7 13 16 5 8 12 16 5 9 11 16 5 10 10 16 5 11 9 16 5 12 8 16 5 13 7 16 5 14 6 16 5 16 5 16 5 18 4 16 5 20 3 16 5 21 2 16 5 23 1 16 5 25 0 16 6 0 27 16 6 1 25 16 6 2 23 16 6 3 22 16 6 4 20 16 6 5 18 16 6 6 16 16 6 7 15 16 6 8 14 16 6 9 13 16 6 10 12 16 6 12 10 16 6 13 9 16 6 14 8 16 6 15 7 16 6 16 6 16 6 18 5 16 6 20 4 16 6 22 3 16 6 23 2 16 6 25 1 16 6 27 0 16 7 0 28 16 7 1 26 16 7 2 24 16 7 3 23 16 7 4 21 16 7 5 19 16 7 6 17 16 7 7 16 16 7 8 15 16 7 9 14 16 7 10 13 16 7 11 12 16 7 12 11 16 7 13 10 16 7 14 9 16 7 15 8 16 7 16 7 16 7 17 6 16 7 19 5 16 7 21 4 16 7 23 3 16 7 24 2 16 7 26 1 16 7 28 0 16 8 0 29 16 8 1 27 16 8 2 25 16 8 3 24 16 8 4 22 16 8 5 20 16 8 6 18 16 8 7 17 16 8 8 16 16 8 10 14 16 8 11 13 16 8 12 12 16 8 13 11 16 8 14 10 16 8 16 8 16 8 17 7 16 8 18 6 16 8 20 5 16 8 22 4 16 8 24 3 16 8 25 2 16 8 27 1 16 8 29 0 16 9 0 30 16 9 1 28 16 9 2 26 16 9 3 25 16 9 4 23 16 9 5 21 16 9 6 19 16 9 7 18 16 9 8 17 16 9 9 16 16 9 10 15 16 9 11 14 16 9 12 13 16 9 13 12 16 9 14 11 16 9 15 10 16 9 16 9 16 9 17 8 16 9 18 7 16 9 19 6 16 9 21 5 16 9 23 4 16 9 25 3 16 9 26 2 16 9 28 1 16 9 30 0 16 10 0 31 16 10 1 29 16 10 2 27 16 10 3 26 16 10 4 24 16 10 5 22 16 10 6 20 16 10 7 19 16 10 8 18 16 10 9 17 16 10 10 16 16 10 11 15 16 10 12 14 16 10 13 13 16 10 14 12 16 10 15 11 16 10 16 10 16 10 17 9 16 10 18 8 16 10 19 7 16 10 20 6 16 10 22 5 16 10 24 4 16 10 26 3 16 10 27 2 16 10 29 1 16 10 31 0 16 11 0 32 16 11 1 30 16 11 2 28 16 11 3 27 16 11 4 25 16 11 5 23 16 11 6 21 16 11 7 20 16 11 8 19 16 11 9 18 16 11 10 17 16 11 11 16 16 11 12 15 16 11 13 14 16 11 14 13 16 11 15 12 16 11 16 11 16 11 17 10 16 11 18 9 16 11 19 8 16 11 20 7 16 11 21 6 16 11 23 5 16 11 25 4 16 11 27 3 16 11 28 2 16 11 30 1 16 11 32 0 16 12 0 33 16 12 1 31 16 12 2 29 16 12 3 28 16 12 4 26 16 12 5 24 16 12 6 22 16 12 7 21 16 12 8 20 16 12 9 19 16 12 10 18 16 12 11 17 16 12 12 16 16 12 13 15 16 12 14 14 16 12 15 13 16 12 16 12 16 12 17 11 16 12 18 10 16 12 19 9 16 12 20 8 16 12 21 7 16 12 22 6 16 12 24 5 16 12 26 4 16 12 28 3 16 12 29 2 16 12 31 1 16 12 33 0 16 13 0 34 16 13 1 32 16 13 2 30 16 13 3 29 16 13 4 27 16 13 5 25 16 13 6 23 16 13 7 22 16 13 8 21 16 13 9 20 16 13 10 19 16 13 11 18 16 13 12 17 16 13 13 16 16 13 14 15 16 13 15 14 16 13 16 13 16 13 17 12 16 13 18 11 16 13 19 10 16 13 20 9 16 13 21 8 16 13 22 7 16 13 23 6 16 13 25 5 16 13 27 4 16 13 29 3 16 13 30 2 16 13 32 1 16 13 34 0 16 14 0 35 16 14 1 33 16 14 2 31 16 14 3 30 16 14 4 28 16 14 5 26 16 14 6 24 16 14 7 23 16 14 8 22 16 14 9 21 16 14 10 20 16 14 11 19 16 14 12 18 16 14 13 17 16 14 14 16 16 14 16 14 16 14 17 13 16 14 18 12 16 14 19 11 16 14 20 10 16 14 21 9 16 14 22 8 16 14 23 7 16 14 24 6 16 14 26 5 16 14 28 4 16 14 30 3 16 14 31 2 16 14 33 1 16 14 35 0 16 15 0 36 16 15 1 34 16 15 2 32 16 15 3 31 16 15 4 29 16 15 5 27 16 15 6 25 16 15 7 24 16 15 8 23 16 15 9 22 16 15 10 21 16 15 11 20 16 15 12 19 16 15 13 18 16 15 14 17 16 15 15 16 16 15 16 15 16 15 17 14 16 15 18 13 16 15 19 12 16 15 20 11 16 15 21 10 16 15 22 9 16 15 23 8 16 15 24 7 16 15 25 6 16 15 27 5 16 15 29 4 16 15 31 3 16 15 32 2 16 15 34 1 16 15 36 0 16 16 0 37 16 16 1 35 16 16 2 33 16 16 3 32 16 16 4 30 16 16 5 28 16 16 6 26 16 16 7 25 16 16 8 24 16 16 9 23 16 16 10 22 16 16 11 21 16 16 12 20 16 16 13 19 16 16 14 18 16 16 15 17 16 16 16 16 16 16 17 15 16 16 18 14 16 16 19 13 16 16 20 12 16 16 21 11 16 16 22 10 16 16 23 9 16 16 24 8 16 16 25 7 16 16 26 6 16 16 28 5 16 16 30 4 16 16 32 3 16 16 33 2 16 16 35 1 16 16 37 0 16 17 0 38 16 17 1 36 16 17 2 34 16 17 3 33 16 17 4 31 16 17 5 29 16 17 6 27 16 17 7 26 16 17 8 25 16 17 9 24 16 17 10 23 16 17 11 22 16 17 12 21 16 17 13 20 16 17 14 19 16 17 15 18 16 17 16 17 16 17 17 16 16 17 18 15 16 17 19 14 16 17 20 13 16 17 21 12 16 17 22 11 16 17 23 10 16 17 24 9 16 17 25 8 16 17 26 7 16 17 27 6 16 17 29 5 16 17 31 4 16 17 33 3 16 17 34 2 16 17 36 1 16 17 38 0 16 18 0 39 16 18 1 37 16 18 2 35 16 18 3 34 16 18 4 32 16 18 5 30 16 18 6 28 16 18 7 27 16 18 8 26 16 18 9 25 16 18 10 24 16 18 11 23 16 18 12 22 16 18 13 21 16 18 14 20 16 18 15 19 16 18 16 18 16 18 17 17 16 18 18 16 16 18 19 15 16 18 20 14 16 18 21 13 16 18 22 12 16 18 23 11 16 18 24 10 16 18 25 9 16 18 26 8 16 18 27 7 16 18 28 6 16 18 30 5 16 18 32 4 16 18 34 3 16 18 35 2 16 18 37 1 16 18 39 0 16 19 0 40 16 19 1 38 16 19 2 36 16 19 3 35 16 19 4 33 16 19 5 31 16 19 6 29 16 19 7 28 16 19 8 27 16 19 9 26 16 19 10 25 16 19 11 24 16 19 12 23 16 19 13 22 16 19 14 21 16 19 15 20 16 19 16 19 16 19 17 18 16 19 18 17 16 19 19 16 16 19 20 15 16 19 21 14 16 19 22 13 16 19 23 12 16 19 24 11 16 19 25 10 16 19 26 9 16 19 27 8 16 19 28 7 16 19 29 6 16 19 31 5 16 19 33 4 16 19 35 3 16 19 36 2 16 19 38 1 16 19 40 0 16 20 0 41 16 20 1 39 16 20 2 37 16 20 3 36 16 20 4 34 16 20 5 32 16 20 6 30 16 20 7 29 16 20 8 28 16 20 9 27 16 20 10 26 16 20 11 25 16 20 12 24 16 20 13 23 16 20 14 22 16 20 15 21 16 20 16 20 16 20 17 19 16 20 18 18 16 20 19 17 16 20 20 16 16 20 21 15 16 20 22 14 16 20 23 13 16 20 24 12 16 20 25 11 16 20 26 10 16 20 27 9 16 20 28 8 16 20 29 7 16 20 30 6 16 20 32 5 16 20 34 4 16 20 36 3 16 20 37 2 16 20 39 1 16 20 41 0 16 21 0 42 16 21 1 40 16 21 2 38 16 21 3 37 16 21 4 35 16 21 5 33 16 21 6 31 16 21 7 30 16 21 8 29 16 21 9 28 16 21 10 27 16 21 11 26 16 21 12 25 16 21 13 24 16 21 14 23 16 21 15 22 16 21 16 21 16 21 17 20 16 21 18 19 16 21 19 18 16 21 20 17 16 21 21 16 16 21 22 15 16 21 23 14 16 21 24 13 16 21 25 12 16 21 26 11 16 21 27 10 16 21 28 9 16 21 29 8 16 21 30 7 16 21 31 6 16 21 33 5 16 21 35 4 16 21 37 3 16 21 38 2 16 21 40 1 16 21 42 0 16 22 0 43 16 22 1 41 16 22 2 39 16 22 3 38 16 22 4 36 16 22 5 34 16 22 6 32 16 22 7 31 16 22 8 30 16 22 9 29 16 22 10 28 16 22 11 27 16 22 12 26 16 22 13 25 16 22 14 24 16 22 15 23 16 22 16 22 16 22 17 21 16 22 18 20 16 22 19 19 16 22 20 18 16 22 21 17 16 22 22 16 16 22 23 15 16 22 24 14 16 22 25 13 16 22 26 12 16 22 27 11 16 22 28 10 16 22 29 9 16 22 30 8 16 22 31 7 16 22 32 6 16 22 34 5 16 22 36 4 16 22 38 3 16 22 39 2 16 22 41 1 16 22 43 0 16 23 1 42 16 23 2 40 16 23 3 39 16 23 4 37 16 23 5 35 16 23 6 33 16 23 7 32 16 23 8 31 16 23 9 30 16 23 10 29 16 23 11 28 16 23 12 27 16 23 13 26 16 23 14 25 16 23 15 24 16 23 16 23 16 23 17 22 16 23 18 21 16 23 19 20 16 23 20 19 16 23 21 18 16 23 22 17 16 23 23 16 16 23 24 15 16 23 25 14 16 23 26 13 16 23 27 12 16 23 28 11 16 23 29 10 16 23 30 9 16 23 31 8 16 23 32 7 16 23 33 6 16 23 35 5 16 23 37 4 16 23 39 3 16 23 40 2 16 23 42 1 16 24 1 43 16 24 2 41 16 24 3 40 16 24 4 38 16 24 5 36 16 24 6 34 16 24 7 33 16 24 8 32 16 24 9 31 16 24 10 30 16 24 11 29 16 24 12 28 16 24 13 27 16 24 14 26 16 24 15 25 16 24 16 24 16 24 17 23 16 24 18 22 16 24 19 21 16 24 20 20 16 24 21 19 16 24 22 18 16 24 23 17 16 24 24 16 16 24 25 15 16 24 26 14 16 24 27 13 16 24 28 12 16 24 29 11 16 24 30 10 16 24 31 9 16 24 32 8 16 24 33 7 16 24 34 6 16 24 36 5 16 24 38 4 16 24 40 3 16 24 41 2 16 24 43 1 16 25 1 44 16 25 2 42 16 25 3 41 16 25 4 39 16 25 5 37 16 25 6 35 16 25 7 34 16 25 8 33 16 25 9 32 16 25 10 31 16 25 11 30 16 25 12 29 16 25 13 28 16 25 14 27 16 25 15 26 16 25 16 25 16 25 17 24 16 25 18 23 16 25 19 22 16 25 20 21 16 25 21 20 16 25 22 19 16 25 23 18 16 25 24 17 16 25 25 16 16 25 26 15 16 25 27 14 16 25 28 13 16 25 29 12 16 25 30 11 16 25 31 10 16 25 32 9 16 25 33 8 16 25 34 7 16 25 35 6 16 25 37 5 16 25 39 4 16 25 41 3 16 25 42 2 16 25 44 1 16 26 1 45 16 26 2 43 16 26 3 42 16 26 4 40 16 26 5 38 16 26 6 36 16 26 7 35 16 26 9 33 16 26 10 32 16 26 11 31 16 26 12 30 16 26 13 29 16 26 14 28 16 26 15 27 16 26 16 26 16 26 17 25 16 26 18 24 16 26 19 23 16 26 20 22 16 26 21 21 16 26 22 20 16 26 23 19 16 26 24 18 16 26 25 17 16 26 26 16 16 26 27 15 16 26 28 14 16 26 29 13 16 26 30 12 16 26 31 11 16 26 32 10 16 26 33 9 16 26 35 7 16 26 36 6 16 26 38 5 16 26 40 4 16 26 42 3 16 26 43 2 16 26 45 1 16 27 1 46 16 27 2 44 16 27 3 43 16 27 4 41 16 27 5 39 16 27 6 37 16 27 7 36 16 27 8 35 16 27 9 34 16 27 10 33 16 27 11 32 16 27 12 31 16 27 13 30 16 27 14 29 16 27 15 28 16 27 16 27 16 27 17 26 16 27 18 25 16 27 19 24 16 27 20 23 16 27 21 22 16 27 22 21 16 27 23 20 16 27 24 19 16 27 25 18 16 27 26 17 16 27 27 16 16 27 28 15 16 27 29 14 16 27 30 13 16 27 31 12 16 27 32 11 16 27 33 10 16 27 34 9 16 27 35 8 16 27 36 7 16 27 37 6 16 27 39 5 16 27 41 4 16 27 43 3 16 27 44 2 16 27 46 1 16 28 1 47 16 28 2 45 16 28 3 44 16 28 4 42 16 28 5 40 16 28 6 38 16 28 7 37 16 28 8 36 16 28 9 35 16 28 10 34 16 28 11 33 16 28 12 32 16 28 13 31 16 28 14 30 16 28 15 29 16 28 16 28 16 28 17 27 16 28 18 26 16 28 19 25 16 28 20 24 16 28 21 23 16 28 22 22 16 28 23 21 16 28 24 20 16 28 25 19 16 28 26 18 16 28 27 17 16 28 28 16 16 28 29 15 16 28 30 14 16 28 31 13 16 28 32 12 16 28 33 11 16 28 34 10 16 28 35 9 16 28 36 8 16 28 37 7 16 28 38 6 16 28 40 5 16 28 42 4 16 28 44 3 16 28 45 2 16 28 47 1 16 29 1 48 16 29 2 46 16 29 3 45 16 29 4 43 16 29 5 41 16 29 6 39 16 29 7 38 16 29 8 37 16 29 9 36 16 29 10 35 16 29 11 34 16 29 12 33 16 29 13 32 16 29 14 31 16 29 15 30 16 29 16 29 16 29 17 28 16 29 18 27 16 29 19 26 16 29 20 25 16 29 21 24 16 29 22 23 16 29 23 22 16 29 24 21 16 29 25 20 16 29 26 19 16 29 27 18 16 29 28 17 16 29 29 16 16 29 30 15 16 29 31 14 16 29 32 13 16 29 33 12 16 29 34 11 16 29 35 10 16 29 36 9 16 29 37 8 16 29 38 7 16 29 39 6 16 29 41 5 16 29 43 4 16 29 45 3 16 29 46 2 16 29 48 1 16 30 1 49 16 30 2 47 16 30 3 46 16 30 4 44 16 30 5 42 16 30 6 40 16 30 7 39 16 30 8 38 16 30 9 37 16 30 10 36 16 30 11 35 16 30 12 34 16 30 13 33 16 30 14 32 16 30 15 31 16 30 16 30 16 30 17 29 16 30 18 28 16 30 19 27 16 30 20 26 16 30 21 25 16 30 22 24 16 30 23 23 16 30 24 22 16 30 25 21 16 30 26 20 16 30 27 19 16 30 28 18 16 30 29 17 16 30 30 16 16 30 31 15 16 30 32 14 16 30 33 13 16 30 34 12 16 30 35 11 16 30 36 10 16 30 37 9 16 30 38 8 16 30 39 7 16 30 40 6 16 30 42 5 16 30 44 4 16 30 46 3 16 30 47 2 16 30 49 1 16 31 1 50 16 31 2 48 16 31 3 47 16 31 4 45 16 31 5 43 16 31 6 41 16 31 7 40 16 31 8 39 16 31 9 38 16 31 10 37 16 31 11 36 16 31 12 35 16 31 13 34 16 31 14 33 16 31 15 32 16 31 16 31 16 31 17 30 16 31 18 29 16 31 19 28 16 31 20 27 16 31 21 26 16 31 22 25 16 31 23 24 16 31 24 23 16 31 25 22 16 31 26 21 16 31 27 20 16 31 28 19 16 31 29 18 16 31 30 17 16 31 31 16 16 31 32 15 16 31 33 14 16 31 34 13 16 31 35 12 16 31 36 11 16 31 37 10 16 31 38 9 16 31 39 8 16 31 40 7 16 31 41 6 16 31 43 5 16 31 45 4 16 31 47 3 16 31 48 2 16 31 50 1 16 32 1 51 16 32 2 49 16 32 3 48 16 32 4 46 16 32 5 44 16 32 6 42 16 32 7 41 16 32 8 40 16 32 9 39 16 32 10 38 16 32 11 37 16 32 12 36 16 32 13 35 16 32 14 34 16 32 15 33 16 32 16 32 16 32 17 31 16 32 18 30 16 32 19 29 16 32 20 28 16 32 21 27 16 32 22 26 16 32 23 25 16 32 24 24 16 32 25 23 16 32 26 22 16 32 27 21 16 32 28 20 16 32 29 19 16 32 30 18 16 32 31 17 16 32 32 16 16 32 33 15 16 32 34 14 16 32 35 13 16 32 36 12 16 32 37 11 16 32 38 10 16 32 39 9 16 32 40 8 16 32 41 7 16 32 42 6 16 32 44 5 16 32 46 4 16 32 48 3 16 32 49 2 16 32 51 1 16 33 1 52 16 33 2 50 16 33 3 49 16 33 4 47 16 33 5 45 16 33 6 43 16 33 7 42 16 33 8 41 16 33 9 40 16 33 10 39 16 33 11 38 16 33 12 37 16 33 13 36 16 33 14 35 16 33 15 34 16 33 16 33 16 33 17 32 16 33 18 31 16 33 19 30 16 33 20 29 16 33 21 28 16 33 22 27 16 33 23 26 16 33 24 25 16 33 25 24 16 33 26 23 16 33 27 22 16 33 28 21 16 33 29 20 16 33 30 19 16 33 31 18 16 33 32 17 16 33 33 16 16 33 34 15 16 33 35 14 16 33 36 13 16 33 37 12 16 33 38 11 16 33 39 10 16 33 40 9 16 33 41 8 16 33 42 7 16 33 43 6 16 33 45 5 16 33 47 4 16 33 49 3 16 33 50 2 16 33 52 1 16 34 1 53 16 34 2 51 16 34 3 50 16 34 4 48 16 34 5 46 16 34 6 44 16 34 7 43 16 34 8 42 16 34 9 41 16 34 10 40 16 34 11 39 16 34 12 38 16 34 13 37 16 34 14 36 16 34 15 35 16 34 16 34 16 34 17 33 16 34 18 32 16 34 19 31 16 34 20 30 16 34 21 29 16 34 22 28 16 34 23 27 16 34 24 26 16 34 25 25 16 34 26 24 16 34 27 23 16 34 28 22 16 34 29 21 16 34 30 20 16 34 31 19 16 34 32 18 16 34 33 17 16 34 34 16 16 34 35 15 16 34 36 14 16 34 37 13 16 34 38 12 16 34 39 11 16 34 40 10 16 34 41 9 16 34 42 8 16 34 43 7 16 34 44 6 16 34 46 5 16 34 48 4 16 34 50 3 16 34 51 2 16 34 53 1 16 35 1 54 16 35 2 52 16 35 3 51 16 35 4 49 16 35 5 47 16 35 6 45 16 35 7 44 16 35 8 43 16 35 9 42 16 35 10 41 16 35 11 40 16 35 12 39 16 35 13 38 16 35 14 37 16 35 15 36 16 35 16 35 16 35 17 34 16 35 18 33 16 35 19 32 16 35 20 31 16 35 21 30 16 35 22 29 16 35 23 28 16 35 24 27 16 35 25 26 16 35 26 25 16 35 27 24 16 35 28 23 16 35 29 22 16 35 30 21 16 35 31 20 16 35 32 19 16 35 33 18 16 35 34 17 16 35 35 16 16 35 36 15 16 35 37 14 16 35 38 13 16 35 39 12 16 35 40 11 16 35 41 10 16 35 42 9 16 35 43 8 16 35 44 7 16 35 45 6 16 35 47 5 16 35 49 4 16 35 51 3 16 35 52 2 16 35 54 1 16 36 2 53 16 36 3 52 16 36 4 50 16 36 5 48 16 36 6 46 16 36 7 45 16 36 8 44 16 36 9 43 16 36 10 42 16 36 11 41 16 36 12 40 16 36 13 39 16 36 14 38 16 36 15 37 16 36 16 36 16 36 17 35 16 36 18 34 16 36 19 33 16 36 20 32 16 36 21 31 16 36 22 30 16 36 23 29 16 36 24 28 16 36 25 27 16 36 26 26 16 36 27 25 16 36 28 24 16 36 29 23 16 36 30 22 16 36 31 21 16 36 32 20 16 36 33 19 16 36 34 18 16 36 35 17 16 36 36 16 16 36 37 15 16 36 38 14 16 36 39 13 16 36 40 12 16 36 41 11 16 36 42 10 16 36 43 9 16 36 44 8 16 36 45 7 16 36 46 6 16 36 48 5 16 36 50 4 16 36 52 3 16 36 53 2 16 37 2 54 16 37 3 53 16 37 4 51 16 37 5 49 16 37 6 47 16 37 7 46 16 37 8 45 16 37 9 44 16 37 10 43 16 37 11 42 16 37 12 41 16 37 13 40 16 37 14 39 16 37 15 38 16 37 16 37 16 37 17 36 16 37 18 35 16 37 19 34 16 37 20 33 16 37 21 32 16 37 22 31 16 37 23 30 16 37 24 29 16 37 25 28 16 37 26 27 16 37 27 26 16 37 28 25 16 37 29 24 16 37 30 23 16 37 31 22 16 37 32 21 16 37 33 20 16 37 34 19 16 37 35 18 16 37 36 17 16 37 37 16 16 37 38 15 16 37 39 14 16 37 40 13 16 37 41 12 16 37 42 11 16 37 43 10 16 37 44 9 16 37 45 8 16 37 46 7 16 37 47 6 16 37 49 5 16 37 51 4 16 37 53 3 16 37 54 2 16 38 2 55 16 38 3 54 16 38 4 52 16 38 5 50 16 38 6 48 16 38 7 47 16 38 8 46 16 38 9 45 16 38 10 44 16 38 11 43 16 38 12 42 16 38 13 41 16 38 14 40 16 38 15 39 16 38 16 38 16 38 17 37 16 38 18 36 16 38 19 35 16 38 20 34 16 38 21 33 16 38 22 32 16 38 23 31 16 38 24 30 16 38 25 29 16 38 26 28 16 38 27 27 16 38 28 26 16 38 29 25 16 38 30 24 16 38 31 23 16 38 32 22 16 38 33 21 16 38 34 20 16 38 35 19 16 38 36 18 16 38 37 17 16 38 38 16 16 38 39 15 16 38 40 14 16 38 41 13 16 38 42 12 16 38 43 11 16 38 44 10 16 38 45 9 16 38 46 8 16 38 47 7 16 38 48 6 16 38 50 5 16 38 52 4 16 38 54 3 16 38 55 2 16 39 2 56 16 39 3 55 16 39 4 53 16 39 5 51 16 39 6 49 16 39 7 48 16 39 8 47 16 39 9 46 16 39 10 45 16 39 11 44 16 39 12 43 16 39 13 42 16 39 14 41 16 39 15 40 16 39 16 39 16 39 17 38 16 39 18 37 16 39 19 36 16 39 20 35 16 39 21 34 16 39 22 33 16 39 23 32 16 39 24 31 16 39 25 30 16 39 26 29 16 39 27 28 16 39 28 27 16 39 29 26 16 39 30 25 16 39 31 24 16 39 32 23 16 39 33 22 16 39 34 21 16 39 35 20 16 39 36 19 16 39 37 18 16 39 38 17 16 39 39 16 16 39 40 15 16 39 41 14 16 39 42 13 16 39 43 12 16 39 44 11 16 39 45 10 16 39 46 9 16 39 47 8 16 39 48 7 16 39 49 6 16 39 51 5 16 39 53 4 16 39 55 3 16 39 56 2 16 40 2 57 16 40 3 56 16 40 4 54 16 40 5 52 16 40 6 50 16 40 7 49 16 40 8 48 16 40 9 47 16 40 10 46 16 40 11 45 16 40 12 44 16 40 13 43 16 40 14 42 16 40 15 41 16 40 16 40 16 40 17 39 16 40 18 38 16 40 19 37 16 40 20 36 16 40 21 35 16 40 22 34 16 40 23 33 16 40 24 32 16 40 25 31 16 40 26 30 16 40 27 29 16 40 28 28 16 40 29 27 16 40 30 26 16 40 31 25 16 40 32 24 16 40 33 23 16 40 34 22 16 40 35 21 16 40 36 20 16 40 37 19 16 40 38 18 16 40 39 17 16 40 40 16 16 40 41 15 16 40 42 14 16 40 43 13 16 40 44 12 16 40 45 11 16 40 46 10 16 40 47 9 16 40 48 8 16 40 49 7 16 40 50 6 16 40 52 5 16 40 54 4 16 40 56 3 16 40 57 2 16 41 3 57 16 41 4 55 16 41 5 53 16 41 6 51 16 41 7 50 16 41 8 49 16 41 9 48 16 41 10 47 16 41 11 46 16 41 12 45 16 41 13 44 16 41 14 43 16 41 15 42 16 41 16 41 16 41 17 40 16 41 18 39 16 41 19 38 16 41 20 37 16 41 21 36 16 41 22 35 16 41 23 34 16 41 24 33 16 41 25 32 16 41 26 31 16 41 27 30 16 41 28 29 16 41 29 28 16 41 30 27 16 41 31 26 16 41 32 25 16 41 33 24 16 41 34 23 16 41 35 22 16 41 36 21 16 41 37 20 16 41 38 19 16 41 39 18 16 41 40 17 16 41 41 16 16 41 42 15 16 41 43 14 16 41 44 13 16 41 45 12 16 41 46 11 16 41 47 10 16 41 48 9 16 41 49 8 16 41 50 7 16 41 51 6 16 41 53 5 16 41 55 4 16 41 57 3 16 42 3 58 16 42 4 56 16 42 5 54 16 42 6 52 16 42 7 51 16 42 8 50 16 42 9 49 16 42 10 48 16 42 11 47 16 42 12 46 16 42 13 45 16 42 14 44 16 42 15 43 16 42 16 42 16 42 17 41 16 42 18 40 16 42 19 39 16 42 20 38 16 42 21 37 16 42 22 36 16 42 23 35 16 42 24 34 16 42 25 33 16 42 26 32 16 42 27 31 16 42 28 30 16 42 29 29 16 42 30 28 16 42 31 27 16 42 32 26 16 42 33 25 16 42 34 24 16 42 35 23 16 42 36 22 16 42 37 21 16 42 38 20 16 42 39 19 16 42 40 18 16 42 41 17 16 42 42 16 16 42 43 15 16 42 44 14 16 42 45 13 16 42 46 12 16 42 47 11 16 42 48 10 16 42 49 9 16 42 50 8 16 42 51 7 16 42 52 6 16 42 54 5 16 42 56 4 16 42 58 3 16 43 3 59 16 43 4 57 16 43 5 55 16 43 6 53 16 43 7 52 16 43 8 51 16 43 9 50 16 43 10 49 16 43 11 48 16 43 12 47 16 43 13 46 16 43 14 45 16 43 15 44 16 43 16 43 16 43 17 42 16 43 18 41 16 43 19 40 16 43 20 39 16 43 21 38 16 43 22 37 16 43 23 36 16 43 24 35 16 43 25 34 16 43 26 33 16 43 27 32 16 43 28 31 16 43 29 30 16 43 30 29 16 43 31 28 16 43 32 27 16 43 33 26 16 43 34 25 16 43 35 24 16 43 36 23 16 43 37 22 16 43 38 21 16 43 39 20 16 43 40 19 16 43 41 18 16 43 42 17 16 43 43 16 16 43 44 15 16 43 45 14 16 43 46 13 16 43 47 12 16 43 48 11 16 43 49 10 16 43 50 9 16 43 51 8 16 43 52 7 16 43 53 6 16 43 55 5 16 43 57 4 16 43 59 3 16 44 3 60 16 44 4 58 16 44 5 56 16 44 6 54 16 44 7 53 16 44 8 52 16 44 9 51 16 44 10 50 16 44 11 49 16 44 12 48 16 44 13 47 16 44 14 46 16 44 15 45 16 44 16 44 16 44 17 43 16 44 18 42 16 44 19 41 16 44 20 40 16 44 21 39 16 44 22 38 16 44 23 37 16 44 24 36 16 44 25 35 16 44 26 34 16 44 27 33 16 44 28 32 16 44 29 31 16 44 30 30 16 44 31 29 16 44 32 28 16 44 33 27 16 44 34 26 16 44 35 25 16 44 36 24 16 44 37 23 16 44 38 22 16 44 39 21 16 44 40 20 16 44 41 19 16 44 42 18 16 44 43 17 16 44 44 16 16 44 45 15 16 44 46 14 16 44 47 13 16 44 48 12 16 44 49 11 16 44 50 10 16 44 51 9 16 44 52 8 16 44 53 7 16 44 54 6 16 44 56 5 16 44 58 4 16 44 60 3 16 45 4 59 16 45 5 57 16 45 6 55 16 45 7 54 16 45 8 53 16 45 9 52 16 45 10 51 16 45 11 50 16 45 12 49 16 45 13 48 16 45 14 47 16 45 15 46 16 45 16 45 16 45 17 44 16 45 18 43 16 45 19 42 16 45 20 41 16 45 21 40 16 45 22 39 16 45 23 38 16 45 24 37 16 45 25 36 16 45 26 35 16 45 27 34 16 45 28 33 16 45 29 32 16 45 30 31 16 45 31 30 16 45 32 29 16 45 33 28 16 45 34 27 16 45 35 26 16 45 36 25 16 45 37 24 16 45 38 23 16 45 39 22 16 45 40 21 16 45 41 20 16 45 42 19 16 45 43 18 16 45 44 17 16 45 45 16 16 45 46 15 16 45 47 14 16 45 48 13 16 45 49 12 16 45 50 11 16 45 51 10 16 45 52 9 16 45 53 8 16 45 54 7 16 45 55 6 16 45 57 5 16 45 59 4 16 46 4 60 16 46 5 58 16 46 6 56 16 46 7 55 16 46 8 54 16 46 9 53 16 46 10 52 16 46 11 51 16 46 12 50 16 46 13 49 16 46 14 48 16 46 15 47 16 46 16 46 16 46 17 45 16 46 18 44 16 46 19 43 16 46 20 42 16 46 21 41 16 46 22 40 16 46 23 39 16 46 24 38 16 46 25 37 16 46 26 36 16 46 27 35 16 46 28 34 16 46 29 33 16 46 30 32 16 46 31 31 16 46 32 30 16 46 33 29 16 46 34 28 16 46 35 27 16 46 36 26 16 46 37 25 16 46 38 24 16 46 39 23 16 46 40 22 16 46 41 21 16 46 42 20 16 46 43 19 16 46 44 18 16 46 45 17 16 46 46 16 16 46 47 15 16 46 48 14 16 46 49 13 16 46 50 12 16 46 51 11 16 46 52 10 16 46 53 9 16 46 54 8 16 46 55 7 16 46 56 6 16 46 58 5 16 46 60 4 16 47 4 61 16 47 5 59 16 47 6 57 16 47 7 56 16 47 8 55 16 47 9 54 16 47 10 53 16 47 11 52 16 47 12 51 16 47 13 50 16 47 14 49 16 47 15 48 16 47 16 47 16 47 17 46 16 47 18 45 16 47 19 44 16 47 20 43 16 47 21 42 16 47 22 41 16 47 23 40 16 47 24 39 16 47 25 38 16 47 26 37 16 47 27 36 16 47 28 35 16 47 29 34 16 47 30 33 16 47 31 32 16 47 32 31 16 47 33 30 16 47 34 29 16 47 35 28 16 47 36 27 16 47 37 26 16 47 38 25 16 47 39 24 16 47 40 23 16 47 41 22 16 47 42 21 16 47 43 20 16 47 44 19 16 47 45 18 16 47 46 17 16 47 47 16 16 47 48 15 16 47 49 14 16 47 50 13 16 47 51 12 16 47 52 11 16 47 53 10 16 47 54 9 16 47 55 8 16 47 56 7 16 47 57 6 16 47 59 5 16 47 61 4 16 48 5 60 16 48 6 58 16 48 7 57 16 48 8 56 16 48 9 55 16 48 10 54 16 48 11 53 16 48 12 52 16 48 13 51 16 48 14 50 16 48 15 49 16 48 16 48 16 48 17 47 16 48 18 46 16 48 19 45 16 48 20 44 16 48 21 43 16 48 22 42 16 48 23 41 16 48 24 40 16 48 25 39 16 48 26 38 16 48 27 37 16 48 28 36 16 48 29 35 16 48 30 34 16 48 31 33 16 48 32 32 16 48 33 31 16 48 34 30 16 48 35 29 16 48 36 28 16 48 37 27 16 48 38 26 16 48 39 25 16 48 40 24 16 48 41 23 16 48 42 22 16 48 43 21 16 48 44 20 16 48 45 19 16 48 46 18 16 48 47 17 16 48 48 16 16 48 49 15 16 48 50 14 16 48 51 13 16 48 52 12 16 48 53 11 16 48 54 10 16 48 55 9 16 48 56 8 16 48 57 7 16 48 58 6 16 48 60 5 16 49 5 61 16 49 6 59 16 49 7 58 16 49 8 57 16 49 9 56 16 49 10 55 16 49 11 54 16 49 12 53 16 49 13 52 16 49 14 51 16 49 15 50 16 49 16 49 16 49 17 48 16 49 18 47 16 49 19 46 16 49 20 45 16 49 21 44 16 49 22 43 16 49 23 42 16 49 24 41 16 49 25 40 16 49 26 39 16 49 27 38 16 49 28 37 16 49 29 36 16 49 30 35 16 49 31 34 16 49 32 33 16 49 33 32 16 49 34 31 16 49 35 30 16 49 36 29 16 49 37 28 16 49 38 27 16 49 39 26 16 49 40 25 16 49 41 24 16 49 42 23 16 49 43 22 16 49 44 21 16 49 45 20 16 49 46 19 16 49 47 18 16 49 48 17 16 49 49 16 16 49 50 15 16 49 51 14 16 49 52 13 16 49 53 12 16 49 54 11 16 49 55 10 16 49 56 9 16 49 57 8 16 49 58 7 16 49 59 6 16 49 61 5 16 50 5 62 16 50 6 60 16 50 7 59 16 50 8 58 16 50 9 57 16 50 10 56 16 50 11 55 16 50 12 54 16 50 13 53 16 50 14 52 16 50 15 51 16 50 16 50 16 50 17 49 16 50 18 48 16 50 19 47 16 50 20 46 16 50 21 45 16 50 22 44 16 50 23 43 16 50 24 42 16 50 25 41 16 50 26 40 16 50 27 39 16 50 28 38 16 50 29 37 16 50 30 36 16 50 31 35 16 50 32 34 16 50 33 33 16 50 34 32 16 50 35 31 16 50 36 30 16 50 37 29 16 50 38 28 16 50 39 27 16 50 40 26 16 50 41 25 16 50 42 24 16 50 43 23 16 50 44 22 16 50 45 21 16 50 46 20 16 50 47 19 16 50 48 18 16 50 49 17 16 50 50 16 16 50 51 15 16 50 52 14 16 50 53 13 16 50 54 12 16 50 55 11 16 50 56 10 16 50 57 9 16 50 58 8 16 50 59 7 16 50 60 6 16 50 62 5 16 51 6 61 16 51 7 60 16 51 8 59 16 51 9 58 16 51 10 57 16 51 11 56 16 51 12 55 16 51 13 54 16 51 14 53 16 51 15 52 16 51 16 51 16 51 17 50 16 51 18 49 16 51 19 48 16 51 20 47 16 51 21 46 16 51 22 45 16 51 23 44 16 51 24 43 16 51 25 42 16 51 26 41 16 51 27 40 16 51 28 39 16 51 29 38 16 51 30 37 16 51 31 36 16 51 32 35 16 51 33 34 16 51 34 33 16 51 35 32 16 51 36 31 16 51 37 30 16 51 38 29 16 51 39 28 16 51 40 27 16 51 41 26 16 51 42 25 16 51 43 24 16 51 44 23 16 51 45 22 16 51 46 21 16 51 47 20 16 51 48 19 16 51 49 18 16 51 50 17 16 51 51 16 16 51 52 15 16 51 53 14 16 51 54 13 16 51 55 12 16 51 56 11 16 51 57 10 16 51 58 9 16 51 59 8 16 51 60 7 16 51 61 6 16 52 6 62 16 52 7 61 16 52 8 60 16 52 9 59 16 52 10 58 16 52 11 57 16 52 12 56 16 52 13 55 16 52 14 54 16 52 15 53 16 52 16 52 16 52 17 51 16 52 18 50 16 52 19 49 16 52 20 48 16 52 21 47 16 52 22 46 16 52 23 45 16 52 24 44 16 52 25 43 16 52 26 42 16 52 27 41 16 52 28 40 16 52 29 39 16 52 30 38 16 52 31 37 16 52 32 36 16 52 33 35 16 52 34 34 16 52 35 33 16 52 36 32 16 52 37 31 16 52 38 30 16 52 39 29 16 52 40 28 16 52 41 27 16 52 42 26 16 52 43 25 16 52 44 24 16 52 45 23 16 52 46 22 16 52 47 21 16 52 48 20 16 52 49 19 16 52 50 18 16 52 51 17 16 52 52 16 16 52 53 15 16 52 54 14 16 52 55 13 16 52 56 12 16 52 57 11 16 52 58 10 16 52 59 9 16 52 60 8 16 52 61 7 16 52 62 6 16 53 7 62 16 53 8 61 16 53 9 60 16 53 10 59 16 53 11 58 16 53 12 57 16 53 13 56 16 53 14 55 16 53 15 54 16 53 16 53 16 53 17 52 16 53 18 51 16 53 19 50 16 53 20 49 16 53 21 48 16 53 22 47 16 53 23 46 16 53 24 45 16 53 25 44 16 53 26 43 16 53 27 42 16 53 28 41 16 53 29 40 16 53 30 39 16 53 31 38 16 53 32 37 16 53 33 36 16 53 34 35 16 53 35 34 16 53 36 33 16 53 37 32 16 53 38 31 16 53 39 30 16 53 40 29 16 53 41 28 16 53 42 27 16 53 43 26 16 53 44 25 16 53 45 24 16 53 46 23 16 53 47 22 16 53 48 21 16 53 49 20 16 53 50 19 16 53 51 18 16 53 52 17 16 53 53 16 16 53 54 15 16 53 55 14 16 53 56 13 16 53 57 12 16 53 58 11 16 53 59 10 16 53 60 9 16 53 61 8 16 53 62 7 16 54 8 62 16 54 9 61 16 54 10 60 16 54 11 59 16 54 12 58 16 54 13 57 16 54 14 56 16 54 15 55 16 54 16 54 16 54 17 53 16 54 18 52 16 54 19 51 16 54 20 50 16 54 21 49 16 54 22 48 16 54 23 47 16 54 24 46 16 54 25 45 16 54 26 44 16 54 27 43 16 54 28 42 16 54 29 41 16 54 30 40 16 54 31 39 16 54 32 38 16 54 33 37 16 54 34 36 16 54 35 35 16 54 36 34 16 54 37 33 16 54 38 32 16 54 39 31 16 54 40 30 16 54 41 29 16 54 42 28 16 54 43 27 16 54 44 26 16 54 45 25 16 54 46 24 16 54 47 23 16 54 48 22 16 54 49 21 16 54 50 20 16 54 51 19 16 54 52 18 16 54 53 17 16 54 54 16 16 54 55 15 16 54 56 14 16 54 57 13 16 54 58 12 16 54 59 11 16 54 60 10 16 54 61 9 16 54 62 8 16 55 9 62 16 55 10 61 16 55 11 60 16 55 12 59 16 55 13 58 16 55 14 57 16 55 15 56 16 55 16 55 16 55 17 54 16 55 18 53 16 55 19 52 16 55 20 51 16 55 21 50 16 55 22 49 16 55 23 48 16 55 24 47 16 55 25 46 16 55 26 45 16 55 27 44 16 55 28 43 16 55 29 42 16 55 30 41 16 55 31 40 16 55 32 39 16 55 33 38 16 55 34 37 16 55 35 36 16 55 36 35 16 55 37 34 16 55 38 33 16 55 39 32 16 55 40 31 16 55 41 30 16 55 42 29 16 55 43 28 16 55 44 27 16 55 45 26 16 55 46 25 16 55 47 24 16 55 48 23 16 55 49 22 16 55 50 21 16 55 51 20 16 55 52 19 16 55 53 18 16 55 54 17 16 55 55 16 16 55 56 15 16 55 57 14 16 55 58 13 16 55 59 12 16 55 60 11 16 55 61 10 16 55 62 9 16 56 10 62 16 56 11 61 16 56 12 60 16 56 13 59 16 56 14 58 16 56 15 57 16 56 16 56 16 56 17 55 16 56 18 54 16 56 19 53 16 56 20 52 16 56 21 51 16 56 22 50 16 56 23 49 16 56 24 48 16 56 25 47 16 56 26 46 16 56 27 45 16 56 28 44 16 56 29 43 16 56 30 42 16 56 31 41 16 56 32 40 16 56 33 39 16 56 34 38 16 56 35 37 16 56 36 36 16 56 37 35 16 56 38 34 16 56 39 33 16 56 40 32 16 56 41 31 16 56 42 30 16 56 43 29 16 56 44 28 16 56 45 27 16 56 46 26 16 56 47 25 16 56 48 24 16 56 49 23 16 56 50 22 16 56 51 21 16 56 52 20 16 56 53 19 16 56 54 18 16 56 55 17 16 56 56 16 16 56 57 15 16 56 58 14 16 56 59 13 16 56 60 12 16 56 61 11 16 56 62 10 16 57 11 62 16 57 12 61 16 57 13 60 16 57 14 59 16 57 15 58 16 57 16 57 16 57 17 56 16 57 18 55 16 57 19 54 16 57 20 53 16 57 21 52 16 57 22 51 16 57 23 50 16 57 24 49 16 57 25 48 16 57 26 47 16 57 27 46 16 57 28 45 16 57 29 44 16 57 30 43 16 57 31 42 16 57 32 41 16 57 33 40 16 57 34 39 16 57 35 38 16 57 36 37 16 57 37 36 16 57 38 35 16 57 39 34 16 57 40 33 16 57 41 32 16 57 42 31 16 57 43 30 16 57 44 29 16 57 45 28 16 57 46 27 16 57 47 26 16 57 48 25 16 57 49 24 16 57 50 23 16 57 51 22 16 57 52 21 16 57 53 20 16 57 54 19 16 57 55 18 16 57 56 17 16 57 57 16 16 57 58 15 16 57 59 14 16 57 60 13 16 57 61 12 16 57 62 11 16 58 12 62 16 58 13 61 16 58 14 60 16 58 15 59 16 58 16 58 16 58 17 57 16 58 18 56 16 58 19 55 16 58 20 54 16 58 21 53 16 58 22 52 16 58 23 51 16 58 24 50 16 58 25 49 16 58 26 48 16 58 27 47 16 58 28 46 16 58 29 45 16 58 30 44 16 58 31 43 16 58 32 42 16 58 33 41 16 58 34 40 16 58 35 39 16 58 36 38 16 58 37 37 16 58 38 36 16 58 39 35 16 58 40 34 16 58 41 33 16 58 42 32 16 58 43 31 16 58 44 30 16 58 45 29 16 58 46 28 16 58 47 27 16 58 48 26 16 58 49 25 16 58 50 24 16 58 51 23 16 58 52 22 16 58 53 21 16 58 54 20 16 58 55 19 16 58 56 18 16 58 57 17 16 58 58 16 16 58 59 15 16 58 60 14 16 58 61 13 16 58 62 12 16 59 13 62 16 59 14 61 16 59 15 60 16 59 16 59 16 59 17 58 16 59 18 57 16 59 19 56 16 59 20 55 16 59 21 54 16 59 22 53 16 59 23 52 16 59 24 51 16 59 25 50 16 59 26 49 16 59 27 48 16 59 28 47 16 59 29 46 16 59 30 45 16 59 31 44 16 59 32 43 16 59 33 42 16 59 34 41 16 59 35 40 16 59 36 39 16 59 37 38 16 59 38 37 16 59 39 36 16 59 40 35 16 59 41 34 16 59 42 33 16 59 43 32 16 59 44 31 16 59 45 30 16 59 46 29 16 59 47 28 16 59 48 27 16 59 49 26 16 59 50 25 16 59 51 24 16 59 52 23 16 59 53 22 16 59 54 21 16 59 55 20 16 59 56 19 16 59 57 18 16 59 58 17 16 59 59 16 16 59 60 15 16 59 61 14 16 59 62 13 16 60 14 62 16 60 15 61 16 60 16 60 16 60 17 59 16 60 18 58 16 60 19 57 16 60 20 56 16 60 21 55 16 60 22 54 16 60 23 53 16 60 24 52 16 60 25 51 16 60 26 50 16 60 27 49 16 60 28 48 16 60 29 47 16 60 30 46 16 60 31 45 16 60 32 44 16 60 33 43 16 60 34 42 16 60 35 41 16 60 36 40 16 60 37 39 16 60 38 38 16 60 39 37 16 60 40 36 16 60 41 35 16 60 42 34 16 60 43 33 16 60 44 32 16 60 45 31 16 60 46 30 16 60 47 29 16 60 48 28 16 60 49 27 16 60 50 26 16 60 51 25 16 60 52 24 16 60 53 23 16 60 54 22 16 60 55 21 16 60 56 20 16 60 57 19 16 60 58 18 16 60 59 17 16 60 60 16 16 60 61 15 16 60 62 14 16 61 15 62 16 61 16 61 16 61 17 60 16 61 18 59 16 61 19 58 16 61 20 57 16 61 21 56 16 61 22 55 16 61 23 54 16 61 24 53 16 61 25 52 16 61 26 51 16 61 27 50 16 61 28 49 16 61 29 48 16 61 30 47 16 61 31 46 16 61 32 45 16 61 33 44 16 61 34 43 16 61 35 42 16 61 36 41 16 61 37 40 16 61 38 39 16 61 39 38 16 61 40 37 16 61 41 36 16 61 42 35 16 61 43 34 16 61 44 33 16 61 45 32 16 61 46 31 16 61 47 30 16 61 48 29 16 61 49 28 16 61 50 27 16 61 51 26 16 61 52 25 16 61 53 24 16 61 54 23 16 61 55 22 16 61 56 21 16 61 57 20 16 61 58 19 16 61 59 18 16 61 60 17 16 61 61 16 16 61 62 15 16 62 16 62 16 62 17 61 16 62 18 60 16 62 19 59 16 62 20 58 16 62 21 57 16 62 22 56 16 62 23 55 16 62 24 54 16 62 25 53 16 62 26 52 16 62 27 51 16 62 28 50 16 62 29 49 16 62 30 48 16 62 31 47 16 62 32 46 16 62 33 45 16 62 34 44 16 62 35 43 16 62 36 42 16 62 37 41 16 62 38 40 16 62 39 39 16 62 40 38 16 62 41 37 16 62 42 36 16 62 43 35 16 62 44 34 16 62 45 33 16 62 46 32 16 62 47 31 16 62 48 30 16 62 49 29 16 62 50 28 16 62 51 27 16 62 52 26 16 62 53 25 16 62 54 24 16 62 55 23 16 62 56 22 16 62 57 21 16 62 58 20 16 62 59 19 16 62 60 18 16 62 61 17 16 62 62 16 














































