





























30 0 0 30 30 0 1 28 30 0 2 26 30 0 3 25 30 0 25 3 30 0 26 2 30 0 28 1 30 0 30 0 30 1 0 32 30 1 1 30 30 1 2 28 30 1 3 27 30 1 4 25 30 1 5 24 30 1 6 23 30 1 7 21 30 1 8 20 30 1 9 19 30 1 10 18 30 1 11 17 30 1 12 16 30 1 13 15 30 1 14 14 30 1 15 13 30 1 16 12 30 1 17 11 30 1 18 10 30 1 19 9 30 1 20 8 30 1 21 7 30 1 23 6 30 1 24 5 30 1 25 4 30 1 27 3 30 1 28 2 30 1 30 1 30 1 32 0 30 2 1 32 30 2 2 30 30 2 3 29 30 2 4 27 30 2 5 26 30 2 6 25 30 2 7 23 30 2 8 22 30 2 9 21 30 2 10 20 30 2 11 19 30 2 12 18 30 2 13 17 30 2 14 16 30 2 15 15 30 2 16 14 30 2 17 13 30 2 18 12 30 2 19 11 30 2 20 10 30 2 21 9 30 2 22 8 30 2 23 7 30 2 25 6 30 2 26 5 30 2 27 4 30 2 29 3 30 2 30 2 30 2 32 1 30 3 1 33 30 3 2 31 30 3 3 30 30 3 4 28 30 3 5 27 30 3 6 26 30 3 7 24 30 3 8 23 30 3 9 22 30 3 10 21 30 3 11 20 30 3 12 19 30 3 13 18 30 3 14 17 30 3 15 16 30 3 16 15 30 3 17 14 30 3 18 13 30 3 19 12 30 3 20 11 30 3 21 10 30 3 22 9 30 3 23 8 30 3 24 7 30 3 26 6 30 3 27 5 30 3 28 4 30 3 30 3 30 3 31 2 30 3 33 1 30 4 2 33 30 4 3 32 30 4 4 30 30 4 5 29 30 4 6 28 30 4 7 26 30 4 8 25 30 4 9 24 30 4 10 23 30 4 11 22 30 4 12 21 30 4 13 20 30 4 14 19 30 4 15 18 30 4 16 17 30 4 17 16 30 4 18 15 30 4 19 14 30 4 20 13 30 4 21 12 30 4 22 11 30 4 23 10 30 4 24 9 30 4 25 8 30 4 26 7 30 4 28 6 30 4 29 5 30 4 30 4 30 4 32 3 30 4 33 2 30 5 3 33 30 5 4 31 30 5 5 30 30 5 6 29 30 5 7 27 30 5 8 26 30 5 9 25 30 5 10 24 30 5 11 23 30 5 12 22 30 5 13 21 30 5 14 20 30 5 15 19 30 5 16 18 30 5 17 17 30 5 18 16 30 5 19 15 30 5 20 14 30 5 21 13 30 5 22 12 30 5 23 11 30 5 24 10 30 5 25 9 30 5 26 8 30 5 27 7 30 5 29 6 30 5 30 5 30 5 31 4 30 5 33 3 30 6 4 32 30 6 5 31 30 6 6 30 30 6 7 28 30 6 8 27 30 6 9 26 30 6 10 25 30 6 11 24 30 6 12 23 30 6 13 22 30 6 14 21 30 6 15 20 30 6 16 19 30 6 17 18 30 6 18 17 30 6 19 16 30 6 20 15 30 6 21 14 30 6 22 13 30 6 23 12 30 6 24 11 30 6 25 10 30 6 26 9 30 6 27 8 30 6 28 7 30 6 30 6 30 6 31 5 30 6 32 4 30 7 5 33 30 7 6 32 30 7 7 30 30 7 8 29 30 7 9 28 30 7 10 27 30 7 11 26 30 7 12 25 30 7 13 24 30 7 14 23 30 7 15 22 30 7 16 21 30 7 17 20 30 7 18 19 30 7 19 18 30 7 20 17 30 7 21 16 30 7 22 15 30 7 23 14 30 7 24 13 30 7 25 12 30 7 26 11 30 7 27 10 30 7 28 9 30 7 29 8 30 7 30 7 30 7 32 6 30 7 33 5 30 8 6 33 30 8 7 31 30 8 8 30 30 8 9 29 30 8 10 28 30 8 11 27 30 8 12 26 30 8 13 25 30 8 14 24 30 8 15 23 30 8 16 22 30 8 17 21 30 8 18 20 30 8 19 19 30 8 20 18 30 8 21 17 30 8 22 16 30 8 23 15 30 8 24 14 30 8 25 13 30 8 26 12 30 8 27 11 30 8 28 10 30 8 29 9 30 8 30 8 30 8 31 7 30 8 33 6 30 9 7 32 30 9 8 31 30 9 9 30 30 9 10 29 30 9 11 28 30 9 12 27 30 9 13 26 30 9 14 25 30 9 15 24 30 9 16 23 30 9 17 22 30 9 18 21 30 9 19 20 30 9 20 19 30 9 21 18 30 9 22 17 30 9 23 16 30 9 24 15 30 9 25 14 30 9 26 13 30 9 27 12 30 9 28 11 30 9 29 10 30 9 30 9 30 9 31 8 30 9 32 7 30 10 7 33 30 10 8 32 30 10 9 31 30 10 10 30 30 10 11 29 30 10 12 28 30 10 13 27 30 10 14 26 30 10 15 25 30 10 16 24 30 10 17 23 30 10 18 22 30 10 19 21 30 10 20 20 30 10 21 19 30 10 22 18 30 10 23 17 30 10 24 16 30 10 25 15 30 10 26 14 30 10 27 13 30 10 28 12 30 10 29 11 30 10 30 10 30 10 31 9 30 10 32 8 30 10 33 7 30 11 8 33 30 11 9 32 30 11 10 31 30 11 11 30 30 11 12 29 30 11 13 28 30 11 14 27 30 11 15 26 30 11 16 25 30 11 17 24 30 11 18 23 30 11 19 22 30 11 20 21 30 11 21 20 30 11 22 19 30 11 23 18 30 11 24 17 30 11 25 16 30 11 26 15 30 11 27 14 30 11 28 13 30 11 29 12 30 11 30 11 30 11 31 10 30 11 32 9 30 11 33 8 30 12 9 33 30 12 10 32 30 12 11 31 30 12 12 30 30 12 13 29 30 12 14 28 30 12 15 27 30 12 16 26 30 12 17 25 30 12 18 24 30 12 19 23 30 12 20 22 30 12 21 21 30 12 22 20 30 12 23 19 30 12 24 18 30 12 25 17 30 12 26 16 30 12 27 15 30 12 28 14 30 12 29 13 30 12 30 12 30 12 31 11 30 12 32 10 30 12 33 9 30 13 10 33 30 13 11 32 30 13 12 31 30 13 13 30 30 13 14 29 30 13 15 28 30 13 16 27 30 13 17 26 30 13 18 25 30 13 19 24 30 13 20 23 30 13 21 22 30 13 22 21 30 13 23 20 30 13 24 19 30 13 25 18 30 13 26 17 30 13 27 16 30 13 28 15 30 13 29 14 30 13 30 13 30 13 31 12 30 13 32 11 30 13 33 10 30 14 11 33 30 14 12 32 30 14 13 31 30 14 14 30 30 14 15 29 30 14 16 28 30 14 17 27 30 14 18 26 30 14 19 25 30 14 20 24 30 14 21 23 30 14 22 22 30 14 23 21 30 14 24 20 30 14 25 19 30 14 26 18 30 14 27 17 30 14 28 16 30 14 29 15 30 14 30 14 30 14 31 13 30 14 32 12 30 14 33 11 30 15 12 33 30 15 13 32 30 15 14 31 30 15 15 30 30 15 16 29 30 15 17 28 30 15 18 27 30 15 19 26 30 15 20 25 30 15 21 24 30 15 22 23 30 15 23 22 30 15 24 21 30 15 25 20 30 15 26 19 30 15 27 18 30 15 28 17 30 15 29 16 30 15 30 15 30 15 31 14 30 15 32 13 30 15 33 12 30 16 13 33 30 16 14 32 30 16 15 31 30 16 16 30 30 16 17 29 30 16 18 28 30 16 19 27 30 16 20 26 30 16 21 25 30 16 22 24 30 16 23 23 30 16 24 22 30 16 25 21 30 16 26 20 30 16 27 19 30 16 28 18 30 16 29 17 30 16 30 16 30 16 31 15 30 16 32 14 30 16 33 13 30 17 14 33 30 17 15 32 30 17 16 31 30 17 17 30 30 17 18 29 30 17 19 28 30 17 20 27 30 17 21 26 30 17 22 25 30 17 23 24 30 17 24 23 30 17 25 22 30 17 26 21 30 17 27 20 30 17 28 19 30 17 29 18 30 17 30 17 30 17 31 16 30 17 32 15 30 17 33 14 30 18 15 33 30 18 16 32 30 18 17 31 30 18 18 30 30 18 19 29 30 18 20 28 30 18 21 27 30 18 22 26 30 18 23 25 30 18 24 24 30 18 25 23 30 18 26 22 30 18 27 21 30 18 28 20 30 18 29 19 30 18 30 18 30 18 31 17 30 18 32 16 30 18 33 15 30 19 16 33 30 19 17 32 30 19 18 31 30 19 19 30 30 19 20 29 30 19 21 28 30 19 22 27 30 19 23 26 30 19 24 25 30 19 25 24 30 19 26 23 30 19 27 22 30 19 28 21 30 19 29 20 30 19 30 19 30 19 31 18 30 19 32 17 30 19 33 16 30 20 17 33 30 20 18 32 30 20 19 31 30 20 20 30 30 20 21 29 30 20 22 28 30 20 23 27 30 20 24 26 30 20 25 25 30 20 26 24 30 20 27 23 30 20 28 22 30 20 29 21 30 20 30 20 30 20 31 19 30 20 32 18 30 20 33 17 30 21 18 33 30 21 19 32 30 21 20 31 30 21 21 30 30 21 22 29 30 21 23 28 30 21 24 27 30 21 25 26 30 21 26 25 30 21 27 24 30 21 28 23 30 21 29 22 30 21 30 21 30 21 31 20 30 21 32 19 30 21 33 18 30 22 19 33 30 22 20 32 30 22 21 31 30 22 22 30 30 22 23 29 30 22 24 28 30 22 25 27 30 22 26 26 30 22 27 25 30 22 28 24 30 22 29 23 30 22 30 22 30 22 31 21 30 22 32 20 30 22 33 19 30 23 20 33 30 23 21 32 30 23 22 31 30 23 23 30 30 23 24 29 30 23 25 28 30 23 26 27 30 23 27 26 30 23 28 25 30 23 29 24 30 23 30 23 30 23 31 22 30 23 32 21 30 23 33 20 30 24 21 33 30 24 22 32 30 24 23 31 30 24 24 30 30 24 25 29 30 24 26 28 30 24 27 27 30 24 28 26 30 24 29 25 30 24 30 24 30 24 31 23 30 24 32 22 30 24 33 21 30 25 22 33 30 25 23 32 30 25 24 31 30 25 25 30 30 25 26 29 30 25 27 28 30 25 28 27 30 25 29 26 30 25 30 25 30 25 31 24 30 25 32 23 30 25 33 22 30 26 23 33 30 26 24 32 30 26 25 31 30 26 26 30 30 26 27 29 30 26 28 28 30 26 29 27 30 26 30 26 30 26 31 25 30 26 32 24 30 26 33 23 30 27 24 33 30 27 25 32 30 27 26 31 30 27 27 30 30 27 28 29 30 27 29 28 30 27 30 27 30 27 31 26 30 27 32 25 30 27 33 24 30 28 25 33 30 28 26 32 30 28 27 31 30 28 28 30 30 28 29 29 30 28 30 28 30 28 31 27 30 28 32 26 30 28 33 25 30 29 26 33 30 29 27 32 30 29 28 31 30 29 29 30 30 29 30 29 30 29 31 28 30 29 32 27 30 29 33 26 30 30 27 33 30 30 28 32 30 30 29 31 30 30 30 30 30 30 31 29 30 30 32 28 30 30 33 27 30 31 28 33 30 31 29 32 30 31 30 31 30 31 31 30 30 31 32 29 30 31 33 28 30 32 29 33 30 32 30 32 30 32 31 31 30 32 32 30 30 32 33 29 30 33 30 33 30 33 31 32 30 33 32 31 30 33 33 30 



