






























31 0 0 31 31 0 1 29 31 0 2 27 31 0 27 2 31 0 29 1 31 0 31 0 31 1 0 33 31 1 1 31 31 1 2 29 31 1 3 28 31 1 4 26 31 1 5 25 31 1 6 24 31 1 7 22 31 1 8 21 31 1 9 20 31 1 10 19 31 1 11 18 31 1 12 17 31 1 13 16 31 1 14 15 31 1 15 14 31 1 16 13 31 1 17 12 31 1 18 11 31 1 19 10 31 1 20 9 31 1 21 8 31 1 22 7 31 1 24 6 31 1 25 5 31 1 26 4 31 1 28 3 31 1 29 2 31 1 31 1 31 1 33 0 31 2 1 33 31 2 2 31 31 2 3 30 31 2 4 28 31 2 5 27 31 2 6 26 31 2 7 24 31 2 8 23 31 2 9 22 31 2 10 21 31 2 11 20 31 2 12 19 31 2 13 18 31 2 14 17 31 2 15 16 31 2 16 15 31 2 17 14 31 2 18 13 31 2 19 12 31 2 20 11 31 2 21 10 31 2 22 9 31 2 23 8 31 2 24 7 31 2 26 6 31 2 27 5 31 2 28 4 31 2 30 3 31 2 31 2 31 2 33 1 31 3 2 32 31 3 3 31 31 3 4 29 31 3 5 28 31 3 6 27 31 3 7 25 31 3 8 24 31 3 9 23 31 3 10 22 31 3 11 21 31 3 12 20 31 3 13 19 31 3 14 18 31 3 15 17 31 3 16 16 31 3 17 15 31 3 18 14 31 3 19 13 31 3 20 12 31 3 21 11 31 3 22 10 31 3 23 9 31 3 24 8 31 3 25 7 31 3 27 6 31 3 28 5 31 3 29 4 31 3 31 3 31 3 32 2 31 4 3 33 31 4 4 31 31 4 5 30 31 4 6 29 31 4 7 27 31 4 8 26 31 4 9 25 31 4 10 24 31 4 11 23 31 4 12 22 31 4 13 21 31 4 14 20 31 4 15 19 31 4 16 18 31 4 17 17 31 4 18 16 31 4 19 15 31 4 20 14 31 4 21 13 31 4 22 12 31 4 23 11 31 4 24 10 31 4 25 9 31 4 26 8 31 4 27 7 31 4 29 6 31 4 30 5 31 4 31 4 31 4 33 3 31 5 4 32 31 5 5 31 31 5 6 30 31 5 7 28 31 5 8 27 31 5 9 26 31 5 10 25 31 5 11 24 31 5 12 23 31 5 13 22 31 5 14 21 31 5 15 20 31 5 16 19 31 5 17 18 31 5 18 17 31 5 19 16 31 5 20 15 31 5 21 14 31 5 22 13 31 5 23 12 31 5 24 11 31 5 25 10 31 5 26 9 31 5 27 8 31 5 28 7 31 5 30 6 31 5 31 5 31 5 32 4 31 6 4 33 31 6 5 32 31 6 6 31 31 6 7 29 31 6 8 28 31 6 9 27 31 6 10 26 31 6 11 25 31 6 12 24 31 6 13 23 31 6 14 22 31 6 15 21 31 6 16 20 31 6 17 19 31 6 18 18 31 6 19 17 31 6 20 16 31 6 21 15 31 6 22 14 31 6 23 13 31 6 24 12 31 6 25 11 31 6 26 10 31 6 27 9 31 6 28 8 31 6 29 7 31 6 31 6 31 6 32 5 31 6 33 4 31 7 6 33 31 7 7 31 31 7 8 30 31 7 9 29 31 7 10 28 31 7 11 27 31 7 12 26 31 7 13 25 31 7 14 24 31 7 15 23 31 7 16 22 31 7 17 21 31 7 18 20 31 7 19 19 31 7 20 18 31 7 21 17 31 7 22 16 31 7 23 15 31 7 24 14 31 7 25 13 31 7 26 12 31 7 27 11 31 7 28 10 31 7 29 9 31 7 30 8 31 7 31 7 31 7 33 6 31 8 7 32 31 8 8 31 31 8 9 30 31 8 10 29 31 8 11 28 31 8 12 27 31 8 13 26 31 8 14 25 31 8 15 24 31 8 16 23 31 8 17 22 31 8 18 21 31 8 19 20 31 8 20 19 31 8 21 18 31 8 22 17 31 8 23 16 31 8 24 15 31 8 25 14 31 8 26 13 31 8 27 12 31 8 28 11 31 8 29 10 31 8 30 9 31 8 31 8 31 8 32 7 31 9 7 33 31 9 8 32 31 9 9 31 31 9 10 30 31 9 11 29 31 9 12 28 31 9 13 27 31 9 14 26 31 9 15 25 31 9 16 24 31 9 17 23 31 9 18 22 31 9 19 21 31 9 20 20 31 9 21 19 31 9 22 18 31 9 23 17 31 9 24 16 31 9 25 15 31 9 26 14 31 9 27 13 31 9 28 12 31 9 29 11 31 9 30 10 31 9 31 9 31 9 32 8 31 9 33 7 31 10 8 33 31 10 9 32 31 10 10 31 31 10 11 30 31 10 12 29 31 10 13 28 31 10 14 27 31 10 15 26 31 10 16 25 31 10 17 24 31 10 18 23 31 10 19 22 31 10 20 21 31 10 21 20 31 10 22 19 31 10 23 18 31 10 24 17 31 10 25 16 31 10 26 15 31 10 27 14 31 10 28 13 31 10 29 12 31 10 30 11 31 10 31 10 31 10 32 9 31 10 33 8 31 11 9 33 31 11 10 32 31 11 11 31 31 11 12 30 31 11 13 29 31 11 14 28 31 11 15 27 31 11 16 26 31 11 17 25 31 11 18 24 31 11 19 23 31 11 20 22 31 11 21 21 31 11 22 20 31 11 23 19 31 11 24 18 31 11 25 17 31 11 26 16 31 11 27 15 31 11 28 14 31 11 29 13 31 11 30 12 31 11 31 11 31 11 32 10 31 11 33 9 31 12 10 33 31 12 11 32 31 12 12 31 31 12 13 30 31 12 14 29 31 12 15 28 31 12 16 27 31 12 17 26 31 12 18 25 31 12 19 24 31 12 20 23 31 12 21 22 31 12 22 21 31 12 23 20 31 12 24 19 31 12 25 18 31 12 26 17 31 12 27 16 31 12 28 15 31 12 29 14 31 12 30 13 31 12 31 12 31 12 32 11 31 12 33 10 31 13 11 33 31 13 12 32 31 13 13 31 31 13 14 30 31 13 15 29 31 13 16 28 31 13 17 27 31 13 18 26 31 13 19 25 31 13 20 24 31 13 21 23 31 13 22 22 31 13 23 21 31 13 24 20 31 13 25 19 31 13 26 18 31 13 27 17 31 13 28 16 31 13 29 15 31 13 30 14 31 13 31 13 31 13 32 12 31 13 33 11 31 14 12 33 31 14 13 32 31 14 14 31 31 14 15 30 31 14 16 29 31 14 17 28 31 14 18 27 31 14 19 26 31 14 20 25 31 14 21 24 31 14 22 23 31 14 23 22 31 14 24 21 31 14 25 20 31 14 26 19 31 14 27 18 31 14 28 17 31 14 29 16 31 14 30 15 31 14 31 14 31 14 32 13 31 14 33 12 31 15 13 33 31 15 14 32 31 15 15 31 31 15 16 30 31 15 17 29 31 15 18 28 31 15 19 27 31 15 20 26 31 15 21 25 31 15 22 24 31 15 23 23 31 15 24 22 31 15 25 21 31 15 26 20 31 15 27 19 31 15 28 18 31 15 29 17 31 15 30 16 31 15 31 15 31 15 32 14 31 15 33 13 31 16 14 33 31 16 15 32 31 16 16 31 31 16 17 30 31 16 18 29 31 16 19 28 31 16 20 27 31 16 21 26 31 16 22 25 31 16 23 24 31 16 24 23 31 16 25 22 31 16 26 21 31 16 27 20 31 16 28 19 31 16 29 18 31 16 30 17 31 16 31 16 31 16 32 15 31 16 33 14 31 17 15 33 31 17 16 32 31 17 17 31 31 17 18 30 31 17 19 29 31 17 20 28 31 17 21 27 31 17 22 26 31 17 23 25 31 17 24 24 31 17 25 23 31 17 26 22 31 17 27 21 31 17 28 20 31 17 29 19 31 17 30 18 31 17 31 17 31 17 32 16 31 17 33 15 31 18 16 33 31 18 17 32 31 18 18 31 31 18 19 30 31 18 20 29 31 18 21 28 31 18 22 27 31 18 23 26 31 18 24 25 31 18 25 24 31 18 26 23 31 18 27 22 31 18 28 21 31 18 29 20 31 18 30 19 31 18 31 18 31 18 32 17 31 18 33 16 31 19 17 33 31 19 18 32 31 19 19 31 31 19 20 30 31 19 21 29 31 19 22 28 31 19 23 27 31 19 24 26 31 19 25 25 31 19 26 24 31 19 27 23 31 19 28 22 31 19 29 21 31 19 30 20 31 19 31 19 31 19 32 18 31 19 33 17 31 20 18 33 31 20 19 32 31 20 20 31 31 20 21 30 31 20 22 29 31 20 23 28 31 20 24 27 31 20 25 26 31 20 26 25 31 20 27 24 31 20 28 23 31 20 29 22 31 20 30 21 31 20 31 20 31 20 32 19 31 20 33 18 31 21 19 33 31 21 20 32 31 21 21 31 31 21 22 30 31 21 23 29 31 21 24 28 31 21 25 27 31 21 26 26 31 21 27 25 31 21 28 24 31 21 29 23 31 21 30 22 31 21 31 21 31 21 32 20 31 21 33 19 31 22 20 33 31 22 21 32 31 22 22 31 31 22 23 30 31 22 24 29 31 22 25 28 31 22 26 27 31 22 27 26 31 22 28 25 31 22 29 24 31 22 30 23 31 22 31 22 31 22 32 21 31 22 33 20 31 23 21 33 31 23 22 32 31 23 23 31 31 23 24 30 31 23 25 29 31 23 26 28 31 23 27 27 31 23 28 26 31 23 29 25 31 23 30 24 31 23 31 23 31 23 32 22 31 23 33 21 31 24 22 33 31 24 23 32 31 24 24 31 31 24 25 30 31 24 26 29 31 24 27 28 31 24 28 27 31 24 29 26 31 24 30 25 31 24 31 24 31 24 32 23 31 24 33 22 31 25 23 33 31 25 24 32 31 25 25 31 31 25 26 30 31 25 27 29 31 25 28 28 31 25 29 27 31 25 30 26 31 25 31 25 31 25 32 24 31 25 33 23 31 26 24 33 31 26 25 32 31 26 26 31 31 26 27 30 31 26 28 29 31 26 29 28 31 26 30 27 31 26 31 26 31 26 32 25 31 26 33 24 31 27 25 33 31 27 26 32 31 27 27 31 31 27 28 30 31 27 29 29 31 27 30 28 31 27 31 27 31 27 32 26 31 27 33 25 31 28 26 33 31 28 27 32 31 28 28 31 31 28 29 30 31 28 30 29 31 28 31 28 31 28 32 27 31 28 33 26 31 29 27 33 31 29 28 32 31 29 29 31 31 29 30 30 31 29 31 29 31 29 32 28 31 29 33 27 31 30 28 33 31 30 29 32 31 30 30 31 31 30 31 30 31 30 32 29 31 30 33 28 31 31 29 33 31 31 30 32 31 31 31 31 31 31 32 30 31 31 33 29 31 32 30 33 31 32 31 32 31 32 32 31 31 32 33 30 31 33 31 33 31 33 32 32 31 33 33 31 


