

















18 0 0 18 18 0 1 16 18 0 2 14 18 0 3 13 18 0 4 12 18 0 5 10 18 0 6 9 18 0 7 8 18 0 8 7 18 0 9 6 18 0 10 5 18 0 12 4 18 0 13 3 18 0 14 2 18 0 16 1 18 0 18 0 18 1 0 20 18 1 1 18 18 1 2 16 18 1 3 15 18 1 4 14 18 1 5 12 18 1 6 11 18 1 7 10 18 1 8 9 18 1 9 8 18 1 10 7 18 1 11 6 18 1 12 5 18 1 14 4 18 1 15 3 18 1 16 2 18 1 18 1 18 1 20 0 18 2 0 22 18 2 1 20 18 2 2 18 18 2 3 17 18 2 4 16 18 2 5 14 18 2 6 13 18 2 7 12 18 2 8 11 18 2 9 10 18 2 10 9 18 2 11 8 18 2 12 7 18 2 13 6 18 2 14 5 18 2 16 4 18 2 17 3 18 2 18 2 18 2 20 1 18 2 22 0 18 3 0 23 18 3 1 21 18 3 2 19 18 3 3 18 18 3 4 17 18 3 5 15 18 3 6 14 18 3 7 13 18 3 8 12 18 3 9 11 18 3 10 10 18 3 11 9 18 3 12 8 18 3 13 7 18 3 14 6 18 3 15 5 18 3 17 4 18 3 18 3 18 3 19 2 18 3 21 1 18 3 23 0 18 4 1 22 18 4 2 20 18 4 3 19 18 4 4 18 18 4 5 16 18 4 6 15 18 4 7 14 18 4 8 13 18 4 9 12 18 4 10 11 18 4 11 10 18 4 12 9 18 4 13 8 18 4 14 7 18 4 15 6 18 4 16 5 18 4 18 4 18 4 19 3 18 4 20 2 18 4 22 1 18 5 1 24 18 5 2 22 18 5 3 21 18 5 4 20 18 5 5 18 18 5 6 17 18 5 7 16 18 5 8 15 18 5 9 14 18 5 10 13 18 5 11 12 18 5 12 11 18 5 13 10 18 5 14 9 18 5 15 8 18 5 16 7 18 5 17 6 18 5 18 5 18 5 20 4 18 5 21 3 18 5 22 2 18 5 24 1 18 6 2 23 18 6 3 22 18 6 4 21 18 6 5 19 18 6 6 18 18 6 7 17 18 6 8 16 18 6 9 15 18 6 10 14 18 6 11 13 18 6 12 12 18 6 13 11 18 6 14 10 18 6 15 9 18 6 16 8 18 6 17 7 18 6 18 6 18 6 19 5 18 6 21 4 18 6 22 3 18 6 23 2 18 7 2 24 18 7 3 23 18 7 4 22 18 7 5 20 18 7 6 19 18 7 7 18 18 7 8 17 18 7 9 16 18 7 10 15 18 7 11 14 18 7 12 13 18 7 13 12 18 7 14 11 18 7 15 10 18 7 16 9 18 7 17 8 18 7 18 7 18 7 19 6 18 7 20 5 18 7 22 4 18 7 23 3 18 7 24 2 18 8 3 24 18 8 4 23 18 8 5 21 18 8 6 20 18 8 7 19 18 8 8 18 18 8 9 17 18 8 10 16 18 8 11 15 18 8 12 14 18 8 13 13 18 8 14 12 18 8 15 11 18 8 16 10 18 8 17 9 18 8 18 8 18 8 19 7 18 8 20 6 18 8 21 5 18 8 23 4 18 8 24 3 18 9 4 24 18 9 5 22 18 9 6 21 18 9 7 20 18 9 8 19 18 9 9 18 18 9 10 17 18 9 11 16 18 9 12 15 18 9 13 14 18 9 14 13 18 9 15 12 18 9 16 11 18 9 17 10 18 9 18 9 18 9 19 8 18 9 20 7 18 9 21 6 18 9 22 5 18 9 24 4 18 10 5 23 18 10 6 22 18 10 7 21 18 10 8 20 18 10 9 19 18 10 10 18 18 10 11 17 18 10 12 16 18 10 13 15 18 10 14 14 18 10 15 13 18 10 16 12 18 10 17 11 18 10 18 10 18 10 19 9 18 10 20 8 18 10 21 7 18 10 22 6 18 10 23 5 18 11 5 24 18 11 6 23 18 11 7 22 18 11 8 21 18 11 9 20 18 11 10 19 18 11 11 18 18 11 12 17 18 11 13 16 18 11 14 15 18 11 15 14 18 11 16 13 18 11 17 12 18 11 18 11 18 11 19 10 18 11 20 9 18 11 21 8 18 11 22 7 18 11 23 6 18 11 24 5 18 12 6 24 18 12 7 23 18 12 8 22 18 12 9 21 18 12 10 20 18 12 11 19 18 12 12 18 18 12 13 17 18 12 14 16 18 12 15 15 18 12 16 14 18 12 17 13 18 12 18 12 18 12 19 11 18 12 20 10 18 12 21 9 18 12 22 8 18 12 23 7 18 12 24 6 18 13 7 24 18 13 8 23 18 13 9 22 18 13 10 21 18 13 11 20 18 13 12 19 18 13 13 18 18 13 14 17 18 13 15 16 18 13 16 15 18 13 17 14 18 13 18 13 18 13 19 12 18 13 20 11 18 13 21 10 18 13 22 9 18 13 23 8 18 13 24 7 18 14 8 24 18 14 9 23 18 14 10 22 18 14 11 21 18 14 12 20 18 14 13 19 18 14 14 18 18 14 15 17 18 14 16 16 18 14 17 15 18 14 18 14 18 14 19 13 18 14 20 12 18 14 21 11 18 14 22 10 18 14 23 9 18 14 24 8 18 15 9 24 18 15 10 23 18 15 11 22 18 15 12 21 18 15 13 20 18 15 14 19 18 15 15 18 18 15 16 17 18 15 17 16 18 15 18 15 18 15 19 14 18 15 20 13 18 15 21 12 18 15 22 11 18 15 23 10 18 15 24 9 18 16 10 24 18 16 11 23 18 16 12 22 18 16 13 21 18 16 14 20 18 16 15 19 18 16 16 18 18 16 17 17 18 16 18 16 18 16 19 15 18 16 20 14 18 16 21 13 18 16 22 12 18 16 23 11 18 16 24 10 18 17 11 24 18 17 12 23 18 17 13 22 18 17 14 21 18 17 15 20 18 17 16 19 18 17 17 18 18 17 18 17 18 17 19 16 18 17 20 15 18 17 21 14 18 17 22 13 18 17 23 12 18 17 24 11 18 18 12 24 18 18 13 23 18 18 14 22 18 18 15 21 18 18 16 20 18 18 17 19 18 18 18 18 18 18 19 17 18 18 20 16 18 18 21 15 18 18 22 14 18 18 23 13 18 18 24 12 18 19 13 24 18 19 14 23 18 19 15 22 18 19 16 21 18 19 17 20 18 19 18 19 18 19 19 18 18 19 20 17 18 19 21 16 18 19 22 15 18 19 23 14 18 19 24 13 18 20 14 24 18 20 15 23 18 20 16 22 18 20 17 21 18 20 18 20 18 20 19 19 18 20 20 18 18 20 21 17 18 20 22 16 18 20 23 15 18 20 24 14 18 21 15 24 18 21 16 23 18 21 17 22 18 21 18 21 18 21 19 20 18 21 20 19 18 21 21 18 18 21 22 17 18 21 23 16 18 21 24 15 18 22 16 24 18 22 17 23 18 22 18 22 18 22 19 21 18 22 20 20 18 22 21 19 18 22 22 18 18 22 23 17 18 22 24 16 18 23 17 24 18 23 18 23 18 23 19 22 18 23 20 21 18 23 21 20 18 23 22 19 18 23 23 18 18 23 24 17 18 24 18 24 18 24 19 23 18 24 20 22 18 24 21 21 18 24 22 20 18 24 23 19 18 24 24 18 






