





















22 0 0 22 22 0 1 20 22 0 2 18 22 0 3 17 22 0 4 15 22 0 5 14 22 0 6 13 22 0 7 11 22 0 8 10 22 0 10 8 22 0 11 7 22 0 13 6 22 0 14 5 22 0 15 4 22 0 17 3 22 0 18 2 22 0 20 1 22 0 22 0 22 1 0 24 22 1 1 22 22 1 2 20 22 1 3 19 22 1 4 17 22 1 5 16 22 1 6 15 22 1 7 13 22 1 8 12 22 1 9 11 22 1 11 9 22 1 12 8 22 1 13 7 22 1 15 6 22 1 16 5 22 1 17 4 22 1 19 3 22 1 20 2 22 1 22 1 22 1 24 0 22 2 0 26 22 2 1 24 22 2 2 22 22 2 3 21 22 2 5 18 22 2 6 17 22 2 7 15 22 2 8 14 22 2 10 11 22 2 11 10 22 2 14 8 22 2 15 7 22 2 17 6 22 2 18 5 22 2 21 3 22 2 22 2 22 2 24 1 22 2 26 0 22 3 0 27 22 3 1 25 22 3 2 23 22 3 3 22 22 3 4 20 22 3 5 19 22 3 6 18 22 3 7 16 22 3 8 15 22 3 9 14 22 3 10 12 22 3 11 11 22 3 12 10 22 3 14 9 22 3 15 8 22 3 16 7 22 3 18 6 22 3 19 5 22 3 20 4 22 3 22 3 22 3 23 2 22 3 25 1 22 3 27 0 22 4 0 29 22 4 1 27 22 4 2 25 22 4 3 24 22 4 4 22 22 4 5 21 22 4 6 20 22 4 7 18 22 4 8 17 22 4 9 16 22 4 10 14 22 4 12 12 22 4 14 10 22 4 16 9 22 4 17 8 22 4 18 7 22 4 20 6 22 4 21 5 22 4 22 4 22 4 24 3 22 4 25 2 22 4 27 1 22 4 29 0 22 5 0 30 22 5 1 28 22 5 2 26 22 5 3 25 22 5 4 23 22 5 5 22 22 5 6 21 22 5 8 18 22 5 9 17 22 5 10 15 22 5 12 13 22 5 13 12 22 5 15 10 22 5 17 9 22 5 18 8 22 5 21 6 22 5 22 5 22 5 23 4 22 5 25 3 22 5 26 2 22 5 28 1 22 5 30 0 22 6 0 31 22 6 1 29 22 6 2 27 22 6 3 26 22 6 4 24 22 6 5 23 22 6 6 22 22 6 7 20 22 6 8 19 22 6 9 18 22 6 10 16 22 6 11 15 22 6 12 14 22 6 13 13 22 6 14 12 22 6 15 11 22 6 16 10 22 6 18 9 22 6 19 8 22 6 20 7 22 6 22 6 22 6 23 5 22 6 24 4 22 6 26 3 22 6 27 2 22 6 29 1 22 6 31 0 22 7 1 31 22 7 2 29 22 7 3 28 22 7 4 26 22 7 6 24 22 7 7 22 22 7 8 21 22 7 9 20 22 7 10 18 22 7 11 17 22 7 12 16 22 7 13 15 22 7 14 14 22 7 15 13 22 7 16 12 22 7 17 11 22 7 18 10 22 7 20 9 22 7 21 8 22 7 22 7 22 7 24 6 22 7 26 4 22 7 28 3 22 7 29 2 22 7 31 1 22 8 1 32 22 8 2 30 22 8 3 29 22 8 4 27 22 8 5 26 22 8 6 25 22 8 7 23 22 8 8 22 22 8 9 21 22 8 10 19 22 8 11 18 22 8 12 17 22 8 13 16 22 8 14 15 22 8 15 14 22 8 16 13 22 8 17 12 22 8 18 11 22 8 19 10 22 8 21 9 22 8 22 8 22 8 23 7 22 8 25 6 22 8 26 5 22 8 27 4 22 8 29 3 22 8 30 2 22 8 32 1 22 9 1 33 22 9 2 31 22 9 3 30 22 9 4 28 22 9 5 27 22 9 6 26 22 9 7 24 22 9 8 23 22 9 9 22 22 9 10 20 22 9 11 19 22 9 12 18 22 9 13 17 22 9 14 16 22 9 15 15 22 9 16 14 22 9 17 13 22 9 18 12 22 9 19 11 22 9 20 10 22 9 22 9 22 9 23 8 22 9 24 7 22 9 26 6 22 9 27 5 22 9 28 4 22 9 30 3 22 9 31 2 22 9 33 1 22 10 1 35 22 10 2 33 22 10 3 32 22 10 4 30 22 10 5 29 22 10 6 28 22 10 7 26 22 10 8 25 22 10 9 24 22 10 10 22 22 10 11 21 22 10 12 20 22 10 13 19 22 10 14 18 22 10 15 17 22 10 16 16 22 10 17 15 22 10 18 14 22 10 19 13 22 10 20 12 22 10 21 11 22 10 22 10 22 10 24 9 22 10 25 8 22 10 26 7 22 10 28 6 22 10 29 5 22 10 30 4 22 10 32 3 22 10 33 2 22 10 35 1 22 11 1 36 22 11 2 34 22 11 3 33 22 11 4 31 22 11 5 30 22 11 6 29 22 11 7 27 22 11 8 26 22 11 9 25 22 11 10 23 22 11 11 22 22 11 12 21 22 11 13 20 22 11 14 19 22 11 15 18 22 11 16 17 22 11 17 16 22 11 18 15 22 11 19 14 22 11 20 13 22 11 21 12 22 11 22 11 22 11 23 10 22 11 25 9 22 11 26 8 22 11 27 7 22 11 29 6 22 11 30 5 22 11 31 4 22 11 33 3 22 11 34 2 22 11 36 1 22 12 1 37 22 12 2 35 22 12 3 34 22 12 4 32 22 12 5 31 22 12 6 30 22 12 7 28 22 12 8 27 22 12 9 26 22 12 10 24 22 12 11 23 22 12 12 22 22 12 13 21 22 12 14 20 22 12 15 19 22 12 16 18 22 12 17 17 22 12 18 16 22 12 19 15 22 12 20 14 22 12 21 13 22 12 22 12 22 12 23 11 22 12 24 10 22 12 26 9 22 12 27 8 22 12 28 7 22 12 30 6 22 12 31 5 22 12 32 4 22 12 34 3 22 12 35 2 22 12 37 1 22 13 1 38 22 13 2 36 22 13 3 35 22 13 4 33 22 13 5 32 22 13 6 31 22 13 7 29 22 13 8 28 22 13 9 27 22 13 10 25 22 13 11 24 22 13 12 23 22 13 13 22 22 13 14 21 22 13 15 20 22 13 16 19 22 13 17 18 22 13 18 17 22 13 19 16 22 13 20 15 22 13 21 14 22 13 22 13 22 13 23 12 22 13 24 11 22 13 25 10 22 13 27 9 22 13 28 8 22 13 29 7 22 13 31 6 22 13 32 5 22 13 33 4 22 13 35 3 22 13 36 2 22 13 38 1 22 14 2 37 22 14 3 36 22 14 4 34 22 14 5 33 22 14 6 32 22 14 7 30 22 14 8 29 22 14 9 28 22 14 10 26 22 14 11 25 22 14 12 24 22 14 13 23 22 14 14 22 22 14 15 21 22 14 16 20 22 14 17 19 22 14 18 18 22 14 19 17 22 14 20 16 22 14 21 15 22 14 22 14 22 14 23 13 22 14 24 12 22 14 25 11 22 14 26 10 22 14 28 9 22 14 29 8 22 14 30 7 22 14 32 6 22 14 33 5 22 14 34 4 22 14 36 3 22 14 37 2 22 15 2 38 22 15 3 37 22 15 4 35 22 15 5 34 22 15 6 33 22 15 7 31 22 15 8 30 22 15 9 29 22 15 10 27 22 15 11 26 22 15 12 25 22 15 13 24 22 15 14 23 22 15 15 22 22 15 16 21 22 15 17 20 22 15 18 19 22 15 19 18 22 15 20 17 22 15 21 16 22 15 22 15 22 15 23 14 22 15 24 13 22 15 25 12 22 15 26 11 22 15 27 10 22 15 29 9 22 15 30 8 22 15 31 7 22 15 33 6 22 15 34 5 22 15 35 4 22 15 37 3 22 15 38 2 22 16 2 39 22 16 3 38 22 16 4 36 22 16 5 35 22 16 6 34 22 16 7 32 22 16 8 31 22 16 9 30 22 16 10 28 22 16 11 27 22 16 12 26 22 16 13 25 22 16 14 24 22 16 15 23 22 16 16 22 22 16 17 21 22 16 18 20 22 16 19 19 22 16 20 18 22 16 21 17 22 16 22 16 22 16 23 15 22 16 24 14 22 16 25 13 22 16 26 12 22 16 27 11 22 16 28 10 22 16 30 9 22 16 31 8 22 16 32 7 22 16 34 6 22 16 35 5 22 16 36 4 22 16 38 3 22 16 39 2 22 17 3 39 22 17 4 37 22 17 5 36 22 17 6 35 22 17 7 33 22 17 8 32 22 17 9 31 22 17 10 29 22 17 11 28 22 17 12 27 22 17 13 26 22 17 14 25 22 17 15 24 22 17 16 23 22 17 17 22 22 17 18 21 22 17 21 18 22 17 22 17 22 17 23 16 22 17 24 15 22 17 25 14 22 17 26 13 22 17 27 12 22 17 28 11 22 17 29 10 22 17 31 9 22 17 32 8 22 17 33 7 22 17 35 6 22 17 36 5 22 17 37 4 22 17 39 3 22 18 3 40 22 18 4 38 22 18 5 37 22 18 6 36 22 18 7 34 22 18 8 33 22 18 9 32 22 18 10 30 22 18 11 29 22 18 12 28 22 18 13 27 22 18 14 26 22 18 15 25 22 18 16 24 22 18 17 23 22 18 18 22 22 18 19 21 22 18 20 20 22 18 21 19 22 18 22 18 22 18 23 17 22 18 24 16 22 18 25 15 22 18 26 14 22 18 27 13 22 18 28 12 22 18 29 11 22 18 30 10 22 18 32 9 22 18 33 8 22 18 34 7 22 18 36 6 22 18 37 5 22 18 38 4 22 18 40 3 22 19 3 41 22 19 4 39 22 19 5 38 22 19 6 37 22 19 7 35 22 19 8 34 22 19 9 33 22 19 10 31 22 19 11 30 22 19 12 29 22 19 13 28 22 19 14 27 22 19 15 26 22 19 16 25 22 19 17 24 22 19 18 23 22 19 19 22 22 19 20 21 22 19 21 20 22 19 22 19 22 19 23 18 22 19 24 17 22 19 25 16 22 19 26 15 22 19 27 14 22 19 28 13 22 19 29 12 22 19 30 11 22 19 31 10 22 19 33 9 22 19 34 8 22 19 35 7 22 19 37 6 22 19 38 5 22 19 39 4 22 19 41 3 22 20 4 40 22 20 5 39 22 20 6 38 22 20 7 36 22 20 8 35 22 20 9 34 22 20 10 32 22 20 11 31 22 20 12 30 22 20 13 29 22 20 14 28 22 20 15 27 22 20 16 26 22 20 17 25 22 20 18 24 22 20 19 23 22 20 20 22 22 20 21 21 22 20 22 20 22 20 23 19 22 20 24 18 22 20 25 17 22 20 26 16 22 20 27 15 22 20 28 14 22 20 29 13 22 20 30 12 22 20 31 11 22 20 32 10 22 20 34 9 22 20 35 8 22 20 36 7 22 20 38 6 22 20 39 5 22 20 40 4 22 21 4 41 22 21 5 40 22 21 6 39 22 21 7 37 22 21 8 36 22 21 9 35 22 21 10 33 22 21 11 32 22 21 12 31 22 21 13 30 22 21 14 29 22 21 15 28 22 21 16 27 22 21 17 26 22 21 18 25 22 21 19 24 22 21 20 23 22 21 21 22 22 21 22 21 22 21 23 20 22 21 24 19 22 21 25 18 22 21 26 17 22 21 27 16 22 21 28 15 22 21 29 14 22 21 30 13 22 21 31 12 22 21 32 11 22 21 33 10 22 21 35 9 22 21 36 8 22 21 37 7 22 21 39 6 22 21 40 5 22 21 41 4 22 22 4 42 22 22 5 41 22 22 6 40 22 22 7 38 22 22 8 37 22 22 9 36 22 22 10 34 22 22 11 33 22 22 12 32 22 22 13 31 22 22 14 30 22 22 15 29 22 22 16 28 22 22 17 27 22 22 18 26 22 22 19 25 22 22 20 24 22 22 21 23 22 22 22 22 22 22 23 21 22 22 24 20 22 22 25 19 22 22 26 18 22 22 27 17 22 22 28 16 22 22 29 15 22 22 30 14 22 22 31 13 22 22 32 12 22 22 33 11 22 22 34 10 22 22 36 9 22 22 37 8 22 22 38 7 22 22 40 6 22 22 41 5 22 22 42 4 22 23 5 42 22 23 6 41 22 23 7 39 22 23 8 38 22 23 9 37 22 23 10 35 22 23 11 34 22 23 12 33 22 23 13 32 22 23 14 31 22 23 15 30 22 23 16 29 22 23 17 28 22 23 18 27 22 23 19 26 22 23 20 25 22 23 21 24 22 23 22 23 22 23 23 22 22 23 24 21 22 23 25 20 22 23 26 19 22 23 27 18 22 23 28 17 22 23 29 16 22 23 30 15 22 23 31 14 22 23 32 13 22 23 33 12 22 23 34 11 22 23 35 10 22 23 37 9 22 23 38 8 22 23 39 7 22 23 41 6 22 23 42 5 22 24 6 42 22 24 7 40 22 24 8 39 22 24 9 38 22 24 10 36 22 24 11 35 22 24 12 34 22 24 13 33 22 24 14 32 22 24 15 31 22 24 16 30 22 24 17 29 22 24 18 28 22 24 19 27 22 24 20 26 22 24 21 25 22 24 22 24 22 24 23 23 22 24 24 22 22 24 25 21 22 24 26 20 22 24 27 19 22 24 28 18 22 24 29 17 22 24 30 16 22 24 31 15 22 24 32 14 22 24 33 13 22 24 34 12 22 24 35 11 22 24 36 10 22 24 38 9 22 24 39 8 22 24 40 7 22 24 42 6 22 25 7 41 22 25 8 40 22 25 9 39 22 25 10 37 22 25 11 36 22 25 12 35 22 25 13 34 22 25 14 33 22 25 15 32 22 25 16 31 22 25 17 30 22 25 18 29 22 25 19 28 22 25 20 27 22 25 21 26 22 25 22 25 22 25 23 24 22 25 24 23 22 25 25 22 22 25 26 21 22 25 27 20 22 25 28 19 22 25 29 18 22 25 30 17 22 25 31 16 22 25 32 15 22 25 33 14 22 25 34 13 22 25 35 12 22 25 36 11 22 25 37 10 22 25 39 9 22 25 40 8 22 25 41 7 22 26 7 42 22 26 8 41 22 26 9 40 22 26 10 38 22 26 11 37 22 26 12 36 22 26 13 35 22 26 14 34 22 26 15 33 22 26 16 32 22 26 17 31 22 26 18 30 22 26 19 29 22 26 20 28 22 26 21 27 22 26 22 26 22 26 23 25 22 26 24 24 22 26 25 23 22 26 26 22 22 26 27 21 22 26 28 20 22 26 29 19 22 26 30 18 22 26 31 17 22 26 32 16 22 26 33 15 22 26 34 14 22 26 35 13 22 26 36 12 22 26 37 11 22 26 38 10 22 26 40 9 22 26 41 8 22 26 42 7 22 27 8 42 22 27 9 41 22 27 10 39 22 27 11 38 22 27 12 37 22 27 13 36 22 27 14 35 22 27 15 34 22 27 16 33 22 27 17 32 22 27 18 31 22 27 19 30 22 27 20 29 22 27 21 28 22 27 22 27 22 27 23 26 22 27 24 25 22 27 25 24 22 27 26 23 22 27 27 22 22 27 28 21 22 27 29 20 22 27 30 19 22 27 31 18 22 27 32 17 22 27 33 16 22 27 34 15 22 27 35 14 22 27 36 13 22 27 37 12 22 27 38 11 22 27 39 10 22 27 41 9 22 27 42 8 22 28 9 42 22 28 10 40 22 28 11 39 22 28 12 38 22 28 13 37 22 28 14 36 22 28 15 35 22 28 16 34 22 28 17 33 22 28 18 32 22 28 19 31 22 28 20 30 22 28 21 29 22 28 22 28 22 28 23 27 22 28 24 26 22 28 25 25 22 28 26 24 22 28 27 23 22 28 28 22 22 28 29 21 22 28 30 20 22 28 31 19 22 28 32 18 22 28 33 17 22 28 34 16 22 28 35 15 22 28 36 14 22 28 37 13 22 28 38 12 22 28 39 11 22 28 40 10 22 28 42 9 22 29 10 41 22 29 11 40 22 29 12 39 22 29 13 38 22 29 14 37 22 29 15 36 22 29 16 35 22 29 17 34 22 29 18 33 22 29 19 32 22 29 20 31 22 29 21 30 22 29 22 29 22 29 23 28 22 29 24 27 22 29 25 26 22 29 26 25 22 29 27 24 22 29 28 23 22 29 29 22 22 29 30 21 22 29 31 20 22 29 32 19 22 29 33 18 22 29 34 17 22 29 35 16 22 29 36 15 22 29 37 14 22 29 38 13 22 29 39 12 22 29 40 11 22 29 41 10 22 30 10 42 22 30 11 41 22 30 12 40 22 30 13 39 22 30 14 38 22 30 15 37 22 30 16 36 22 30 17 35 22 30 18 34 22 30 19 33 22 30 20 32 22 30 21 31 22 30 22 30 22 30 23 29 22 30 24 28 22 30 25 27 22 30 26 26 22 30 27 25 22 30 28 24 22 30 29 23 22 30 30 22 22 30 31 21 22 30 32 20 22 30 33 19 22 30 34 18 22 30 35 17 22 30 36 16 22 30 37 15 22 30 38 14 22 30 39 13 22 30 40 12 22 30 41 11 22 30 42 10 22 31 11 42 22 31 12 41 22 31 13 40 22 31 14 39 22 31 15 38 22 31 16 37 22 31 17 36 22 31 18 35 22 31 19 34 22 31 20 33 22 31 21 32 22 31 22 31 22 31 23 30 22 31 24 29 22 31 25 28 22 31 26 27 22 31 27 26 22 31 28 25 22 31 29 24 22 31 30 23 22 31 31 22 22 31 32 21 22 31 33 20 22 31 34 19 22 31 35 18 22 31 36 17 22 31 37 16 22 31 38 15 22 31 39 14 22 31 40 13 22 31 41 12 22 31 42 11 22 32 12 42 22 32 13 41 22 32 14 40 22 32 15 39 22 32 16 38 22 32 17 37 22 32 18 36 22 32 19 35 22 32 20 34 22 32 21 33 22 32 22 32 22 32 23 31 22 32 24 30 22 32 25 29 22 32 26 28 22 32 27 27 22 32 28 26 22 32 29 25 22 32 30 24 22 32 31 23 22 32 32 22 22 32 33 21 22 32 34 20 22 32 35 19 22 32 36 18 22 32 37 17 22 32 38 16 22 32 39 15 22 32 40 14 22 32 41 13 22 32 42 12 22 33 13 42 22 33 14 41 22 33 15 40 22 33 16 39 22 33 17 38 22 33 18 37 22 33 19 36 22 33 20 35 22 33 21 34 22 33 22 33 22 33 23 32 22 33 24 31 22 33 25 30 22 33 26 29 22 33 27 28 22 33 28 27 22 33 29 26 22 33 30 25 22 33 31 24 22 33 32 23 22 33 33 22 22 33 34 21 22 33 35 20 22 33 36 19 22 33 37 18 22 33 38 17 22 33 39 16 22 33 40 15 22 33 41 14 22 33 42 13 22 34 14 42 22 34 15 41 22 34 16 40 22 34 17 39 22 34 18 38 22 34 19 37 22 34 20 36 22 34 21 35 22 34 22 34 22 34 23 33 22 34 24 32 22 34 25 31 22 34 26 30 22 34 27 29 22 34 28 28 22 34 29 27 22 34 30 26 22 34 31 25 22 34 32 24 22 34 33 23 22 34 34 22 22 34 35 21 22 34 36 20 22 34 37 19 22 34 38 18 22 34 39 17 22 34 40 16 22 34 41 15 22 34 42 14 22 35 15 42 22 35 16 41 22 35 17 40 22 35 18 39 22 35 19 38 22 35 20 37 22 35 21 36 22 35 22 35 22 35 23 34 22 35 24 33 22 35 25 32 22 35 26 31 22 35 27 30 22 35 28 29 22 35 29 28 22 35 30 27 22 35 31 26 22 35 32 25 22 35 33 24 22 35 34 23 22 35 35 22 22 35 36 21 22 35 37 20 22 35 38 19 22 35 39 18 22 35 40 17 22 35 41 16 22 35 42 15 22 36 16 42 22 36 17 41 22 36 18 40 22 36 19 39 22 36 20 38 22 36 21 37 22 36 22 36 22 36 23 35 22 36 24 34 22 36 25 33 22 36 26 32 22 36 27 31 22 36 28 30 22 36 29 29 22 36 30 28 22 36 31 27 22 36 32 26 22 36 33 25 22 36 34 24 22 36 35 23 22 36 36 22 22 36 37 21 22 36 38 20 22 36 39 19 22 36 40 18 22 36 41 17 22 36 42 16 22 37 17 42 22 37 18 41 22 37 19 40 22 37 20 39 22 37 21 38 22 37 22 37 22 37 23 36 22 37 24 35 22 37 25 34 22 37 26 33 22 37 27 32 22 37 28 31 22 37 29 30 22 37 30 29 22 37 31 28 22 37 32 27 22 37 33 26 22 37 34 25 22 37 35 24 22 37 36 23 22 37 37 22 22 37 38 21 22 37 39 20 22 37 40 19 22 37 41 18 22 37 42 17 22 38 18 42 22 38 19 41 22 38 20 40 22 38 21 39 22 38 22 38 22 38 23 37 22 38 24 36 22 38 25 35 22 38 26 34 22 38 27 33 22 38 28 32 22 38 29 31 22 38 30 30 22 38 31 29 22 38 32 28 22 38 33 27 22 38 34 26 22 38 35 25 22 38 36 24 22 38 37 23 22 38 38 22 22 38 39 21 22 38 40 20 22 38 41 19 22 38 42 18 22 39 19 42 22 39 20 41 22 39 21 40 22 39 22 39 22 39 23 38 22 39 24 37 22 39 25 36 22 39 26 35 22 39 27 34 22 39 28 33 22 39 29 32 22 39 30 31 22 39 31 30 22 39 32 29 22 39 33 28 22 39 34 27 22 39 35 26 22 39 36 25 22 39 37 24 22 39 38 23 22 39 39 22 22 39 40 21 22 39 41 20 22 39 42 19 22 40 20 42 22 40 21 41 22 40 22 40 22 40 23 39 22 40 24 38 22 40 25 37 22 40 26 36 22 40 27 35 22 40 28 34 22 40 29 33 22 40 30 32 22 40 31 31 22 40 32 30 22 40 33 29 22 40 34 28 22 40 35 27 22 40 36 26 22 40 37 25 22 40 38 24 22 40 39 23 22 40 40 22 22 40 41 21 22 40 42 20 22 41 21 42 22 41 22 41 22 41 23 40 22 41 24 39 22 41 25 38 22 41 26 37 22 41 27 36 22 41 28 35 22 41 29 34 22 41 30 33 22 41 31 32 22 41 32 31 22 41 33 30 22 41 34 29 22 41 35 28 22 41 36 27 22 41 37 26 22 41 38 25 22 41 39 24 22 41 40 23 22 41 41 22 22 41 42 21 22 42 22 42 22 42 23 41 22 42 24 40 22 42 25 39 22 42 26 38 22 42 27 37 22 42 28 36 22 42 29 35 22 42 30 34 22 42 31 33 22 42 32 32 22 42 33 31 22 42 34 30 22 42 35 29 22 42 36 28 22 42 37 27 22 42 38 26 22 42 39 25 22 42 40 24 22 42 41 23 22 42 42 22 




















