






















23 0 0 23 23 0 1 21 23 0 2 19 23 0 3 18 23 0 18 3 23 0 19 2 23 0 21 1 23 0 23 0 23 1 1 23 23 1 2 21 23 1 3 20 23 1 4 19 23 1 5 17 23 1 6 16 23 1 7 15 23 1 8 14 23 1 9 13 23 1 10 12 23 1 11 11 23 1 12 10 23 1 13 9 23 1 14 8 23 1 15 7 23 1 16 6 23 1 17 5 23 1 19 4 23 1 20 3 23 1 21 2 23 1 23 1 23 2 2 23 23 2 3 22 23 2 4 21 23 2 5 19 23 2 6 18 23 2 7 17 23 2 8 16 23 2 9 15 23 2 10 14 23 2 11 13 23 2 12 12 23 2 13 11 23 2 14 10 23 2 15 9 23 2 16 8 23 2 17 7 23 2 18 6 23 2 19 5 23 2 21 4 23 2 22 3 23 2 23 2 23 3 2 24 23 3 3 23 23 3 4 22 23 3 5 20 23 3 6 19 23 3 7 18 23 3 8 17 23 3 9 16 23 3 10 15 23 3 11 14 23 3 12 13 23 3 13 12 23 3 14 11 23 3 15 10 23 3 16 9 23 3 17 8 23 3 18 7 23 3 19 6 23 3 20 5 23 3 22 4 23 3 23 3 23 3 24 2 23 4 3 24 23 4 4 23 23 4 5 21 23 4 6 20 23 4 7 19 23 4 8 18 23 4 9 17 23 4 10 16 23 4 11 15 23 4 12 14 23 4 13 13 23 4 14 12 23 4 15 11 23 4 16 10 23 4 17 9 23 4 18 8 23 4 19 7 23 4 20 6 23 4 21 5 23 4 23 4 23 4 24 3 23 5 5 23 23 5 6 22 23 5 7 21 23 5 8 20 23 5 9 19 23 5 10 18 23 5 11 17 23 5 12 16 23 5 13 15 23 5 14 14 23 5 15 13 23 5 16 12 23 5 17 11 23 5 18 10 23 5 19 9 23 5 20 8 23 5 21 7 23 5 22 6 23 5 23 5 23 6 5 24 23 6 6 23 23 6 7 22 23 6 8 21 23 6 9 20 23 6 10 19 23 6 11 18 23 6 12 17 23 6 13 16 23 6 14 15 23 6 15 14 23 6 16 13 23 6 17 12 23 6 18 11 23 6 19 10 23 6 20 9 23 6 21 8 23 6 22 7 23 6 23 6 23 6 24 5 23 7 6 24 23 7 7 23 23 7 8 22 23 7 9 21 23 7 10 20 23 7 11 19 23 7 12 18 23 7 13 17 23 7 14 16 23 7 15 15 23 7 16 14 23 7 17 13 23 7 18 12 23 7 19 11 23 7 20 10 23 7 21 9 23 7 22 8 23 7 23 7 23 7 24 6 23 8 7 24 23 8 8 23 23 8 9 22 23 8 10 21 23 8 11 20 23 8 12 19 23 8 13 18 23 8 14 17 23 8 15 16 23 8 16 15 23 8 17 14 23 8 18 13 23 8 19 12 23 8 20 11 23 8 21 10 23 8 22 9 23 8 23 8 23 8 24 7 23 9 8 24 23 9 9 23 23 9 10 22 23 9 11 21 23 9 12 20 23 9 13 19 23 9 14 18 23 9 15 17 23 9 16 16 23 9 17 15 23 9 18 14 23 9 19 13 23 9 20 12 23 9 21 11 23 9 22 10 23 9 23 9 23 9 24 8 23 10 9 24 23 10 10 23 23 10 11 22 23 10 12 21 23 10 13 20 23 10 14 19 23 10 15 18 23 10 16 17 23 10 17 16 23 10 18 15 23 10 19 14 23 10 20 13 23 10 21 12 23 10 22 11 23 10 23 10 23 10 24 9 23 11 10 24 23 11 11 23 23 11 12 22 23 11 13 21 23 11 14 20 23 11 15 19 23 11 16 18 23 11 17 17 23 11 18 16 23 11 19 15 23 11 20 14 23 11 21 13 23 11 22 12 23 11 23 11 23 11 24 10 23 12 11 24 23 12 12 23 23 12 13 22 23 12 14 21 23 12 15 20 23 12 16 19 23 12 17 18 23 12 18 17 23 12 19 16 23 12 20 15 23 12 21 14 23 12 22 13 23 12 23 12 23 12 24 11 23 13 12 24 23 13 13 23 23 13 14 22 23 13 15 21 23 13 16 20 23 13 17 19 23 13 18 18 23 13 19 17 23 13 20 16 23 13 21 15 23 13 22 14 23 13 23 13 23 13 24 12 23 14 13 24 23 14 14 23 23 14 15 22 23 14 16 21 23 14 17 20 23 14 18 19 23 14 19 18 23 14 20 17 23 14 21 16 23 14 22 15 23 14 23 14 23 14 24 13 23 15 14 24 23 15 15 23 23 15 16 22 23 15 17 21 23 15 18 20 23 15 19 19 23 15 20 18 23 15 21 17 23 15 22 16 23 15 23 15 23 15 24 14 23 16 15 24 23 16 16 23 23 16 17 22 23 16 18 21 23 16 19 20 23 16 20 19 23 16 21 18 23 16 22 17 23 16 23 16 23 16 24 15 23 17 16 24 23 17 17 23 23 17 18 22 23 17 19 21 23 17 20 20 23 17 21 19 23 17 22 18 23 17 23 17 23 17 24 16 23 18 17 24 23 18 18 23 23 18 19 22 23 18 20 21 23 18 21 20 23 18 22 19 23 18 23 18 23 18 24 17 23 19 18 24 23 19 19 23 23 19 20 22 23 19 21 21 23 19 22 20 23 19 23 19 23 19 24 18 23 20 19 24 23 20 20 23 23 20 21 22 23 20 22 21 23 20 23 20 23 20 24 19 23 21 20 24 23 21 21 23 23 21 22 22 23 21 23 21 23 21 24 20 23 22 21 24 23 22 22 23 23 22 23 22 23 22 24 21 23 23 22 24 23 23 23 23 23 23 24 22 23 24 23 24 23 24 24 23 

