



















20 0 0 20 20 0 1 18 20 0 2 16 20 0 3 15 20 0 4 14 20 0 5 12 20 0 6 11 20 0 7 10 20 0 8 9 20 0 9 8 20 0 10 7 20 0 11 6 20 0 12 5 20 0 14 4 20 0 15 3 20 0 16 2 20 0 18 1 20 0 20 0 20 1 0 22 20 1 1 20 20 1 2 18 20 1 3 17 20 1 4 16 20 1 5 14 20 1 6 13 20 1 7 12 20 1 8 11 20 1 9 10 20 1 10 9 20 1 11 8 20 1 12 7 20 1 13 6 20 1 14 5 20 1 16 4 20 1 17 3 20 1 18 2 20 1 20 1 20 1 22 0 20 2 1 22 20 2 2 20 20 2 3 19 20 2 4 18 20 2 5 16 20 2 6 15 20 2 7 14 20 2 8 13 20 2 9 12 20 2 10 11 20 2 11 10 20 2 12 9 20 2 13 8 20 2 14 7 20 2 15 6 20 2 16 5 20 2 18 4 20 2 19 3 20 2 20 2 20 2 22 1 20 3 1 23 20 3 2 21 20 3 3 20 20 3 4 19 20 3 5 17 20 3 6 16 20 3 7 15 20 3 8 14 20 3 9 13 20 3 10 12 20 3 11 11 20 3 12 10 20 3 13 9 20 3 14 8 20 3 15 7 20 3 16 6 20 3 17 5 20 3 19 4 20 3 20 3 20 3 21 2 20 3 23 1 20 4 1 24 20 4 2 22 20 4 3 21 20 4 4 20 20 4 5 18 20 4 6 17 20 4 7 16 20 4 8 15 20 4 9 14 20 4 10 13 20 4 11 12 20 4 12 11 20 4 13 10 20 4 14 9 20 4 15 8 20 4 16 7 20 4 17 6 20 4 18 5 20 4 20 4 20 4 21 3 20 4 22 2 20 4 24 1 20 5 2 24 20 5 3 23 20 5 4 22 20 5 5 20 20 5 6 19 20 5 7 18 20 5 8 17 20 5 9 16 20 5 10 15 20 5 11 14 20 5 12 13 20 5 13 12 20 5 14 11 20 5 15 10 20 5 16 9 20 5 17 8 20 5 18 7 20 5 19 6 20 5 20 5 20 5 22 4 20 5 23 3 20 5 24 2 20 6 3 24 20 6 4 23 20 6 5 21 20 6 6 20 20 6 7 19 20 6 8 18 20 6 9 17 20 6 10 16 20 6 11 15 20 6 12 14 20 6 13 13 20 6 14 12 20 6 15 11 20 6 16 10 20 6 17 9 20 6 18 8 20 6 19 7 20 6 20 6 20 6 21 5 20 6 23 4 20 6 24 3 20 7 4 24 20 7 5 22 20 7 6 21 20 7 7 20 20 7 8 19 20 7 9 18 20 7 10 17 20 7 11 16 20 7 12 15 20 7 13 14 20 7 14 13 20 7 15 12 20 7 16 11 20 7 17 10 20 7 18 9 20 7 19 8 20 7 20 7 20 7 21 6 20 7 22 5 20 7 24 4 20 8 5 23 20 8 6 22 20 8 7 21 20 8 8 20 20 8 9 19 20 8 10 18 20 8 11 17 20 8 12 16 20 8 13 15 20 8 14 14 20 8 15 13 20 8 16 12 20 8 17 11 20 8 18 10 20 8 19 9 20 8 20 8 20 8 21 7 20 8 22 6 20 8 23 5 20 9 5 24 20 9 6 23 20 9 7 22 20 9 8 21 20 9 9 20 20 9 10 19 20 9 11 18 20 9 12 17 20 9 13 16 20 9 14 15 20 9 15 14 20 9 16 13 20 9 17 12 20 9 18 11 20 9 19 10 20 9 20 9 20 9 21 8 20 9 22 7 20 9 23 6 20 9 24 5 20 10 6 24 20 10 7 23 20 10 8 22 20 10 9 21 20 10 10 20 20 10 11 19 20 10 12 18 20 10 13 17 20 10 14 16 20 10 15 15 20 10 16 14 20 10 17 13 20 10 18 12 20 10 19 11 20 10 20 10 20 10 21 9 20 10 22 8 20 10 23 7 20 10 24 6 20 11 7 24 20 11 8 23 20 11 9 22 20 11 10 21 20 11 11 20 20 11 12 19 20 11 13 18 20 11 14 17 20 11 15 16 20 11 16 15 20 11 17 14 20 11 18 13 20 11 19 12 20 11 20 11 20 11 21 10 20 11 22 9 20 11 23 8 20 11 24 7 20 12 8 24 20 12 9 23 20 12 10 22 20 12 11 21 20 12 12 20 20 12 13 19 20 12 14 18 20 12 15 17 20 12 16 16 20 12 17 15 20 12 18 14 20 12 19 13 20 12 20 12 20 12 21 11 20 12 22 10 20 12 23 9 20 12 24 8 20 13 9 24 20 13 10 23 20 13 11 22 20 13 12 21 20 13 13 20 20 13 14 19 20 13 15 18 20 13 16 17 20 13 17 16 20 13 18 15 20 13 19 14 20 13 20 13 20 13 21 12 20 13 22 11 20 13 23 10 20 13 24 9 20 14 10 24 20 14 11 23 20 14 12 22 20 14 13 21 20 14 14 20 20 14 15 19 20 14 16 18 20 14 17 17 20 14 18 16 20 14 19 15 20 14 20 14 20 14 21 13 20 14 22 12 20 14 23 11 20 14 24 10 20 15 11 24 20 15 12 23 20 15 13 22 20 15 14 21 20 15 15 20 20 15 16 19 20 15 17 18 20 15 18 17 20 15 19 16 20 15 20 15 20 15 21 14 20 15 22 13 20 15 23 12 20 15 24 11 20 16 12 24 20 16 13 23 20 16 14 22 20 16 15 21 20 16 16 20 20 16 17 19 20 16 18 18 20 16 19 17 20 16 20 16 20 16 21 15 20 16 22 14 20 16 23 13 20 16 24 12 20 17 13 24 20 17 14 23 20 17 15 22 20 17 16 21 20 17 17 20 20 17 18 19 20 17 19 18 20 17 20 17 20 17 21 16 20 17 22 15 20 17 23 14 20 17 24 13 20 18 14 24 20 18 15 23 20 18 16 22 20 18 17 21 20 18 18 20 20 18 19 19 20 18 20 18 20 18 21 17 20 18 22 16 20 18 23 15 20 18 24 14 20 19 15 24 20 19 16 23 20 19 17 22 20 19 18 21 20 19 19 20 20 19 20 19 20 19 21 18 20 19 22 17 20 19 23 16 20 19 24 15 20 20 16 24 20 20 17 23 20 20 18 22 20 20 19 21 20 20 20 20 20 20 21 19 20 20 22 18 20 20 23 17 20 20 24 16 20 21 17 24 20 21 18 23 20 21 19 22 20 21 20 21 20 21 21 20 20 21 22 19 20 21 23 18 20 21 24 17 20 22 18 24 20 22 19 23 20 22 20 22 20 22 21 21 20 22 22 20 20 22 23 19 20 22 24 18 20 23 19 24 20 23 20 23 20 23 21 22 20 23 22 21 20 23 23 20 20 23 24 19 20 24 20 24 20 24 21 23 20 24 22 22 20 24 23 21 20 24 24 20 




