

























26 0 0 26 26 0 1 24 26 0 2 22 26 0 3 21 26 0 4 19 26 0 5 18 26 0 6 17 26 0 7 15 26 0 8 14 26 0 9 13 26 0 10 12 26 0 11 11 26 0 12 10 26 0 13 9 26 0 14 8 26 0 15 7 26 0 17 6 26 0 18 5 26 0 19 4 26 0 21 3 26 0 22 2 26 0 24 1 26 0 26 0 26 1 0 28 26 1 1 26 26 1 2 24 26 1 3 23 26 1 4 21 26 1 5 20 26 1 6 19 26 1 7 17 26 1 8 16 26 1 9 15 26 1 10 14 26 1 11 13 26 1 12 12 26 1 13 11 26 1 14 10 26 1 15 9 26 1 16 8 26 1 17 7 26 1 19 6 26 1 20 5 26 1 21 4 26 1 23 3 26 1 24 2 26 1 26 1 26 1 28 0 26 2 0 30 26 2 1 28 26 2 2 26 26 2 3 25 26 2 4 23 26 2 5 22 26 2 6 21 26 2 7 19 26 2 8 18 26 2 9 17 26 2 10 16 26 2 11 15 26 2 12 14 26 2 13 13 26 2 14 12 26 2 15 11 26 2 16 10 26 2 17 9 26 2 18 8 26 2 19 7 26 2 21 6 26 2 22 5 26 2 23 4 26 2 25 3 26 2 26 2 26 2 28 1 26 2 30 0 26 3 1 29 26 3 2 27 26 3 3 26 26 3 4 24 26 3 5 23 26 3 6 22 26 3 7 20 26 3 8 19 26 3 9 18 26 3 10 17 26 3 11 16 26 3 12 15 26 3 13 14 26 3 14 13 26 3 15 12 26 3 16 11 26 3 17 10 26 3 18 9 26 3 19 8 26 3 20 7 26 3 22 6 26 3 23 5 26 3 24 4 26 3 26 3 26 3 27 2 26 3 29 1 26 4 1 31 26 4 2 29 26 4 3 28 26 4 4 26 26 4 5 25 26 4 6 24 26 4 7 22 26 4 8 21 26 4 9 20 26 4 10 19 26 4 11 18 26 4 12 17 26 4 13 16 26 4 14 15 26 4 15 14 26 4 16 13 26 4 17 12 26 4 18 11 26 4 19 10 26 4 20 9 26 4 21 8 26 4 22 7 26 4 24 6 26 4 25 5 26 4 26 4 26 4 28 3 26 4 29 2 26 4 31 1 26 5 1 32 26 5 2 30 26 5 3 29 26 5 4 27 26 5 5 26 26 5 6 25 26 5 7 23 26 5 8 22 26 5 9 21 26 5 10 20 26 5 11 19 26 5 12 18 26 5 13 17 26 5 14 16 26 5 15 15 26 5 16 14 26 5 17 13 26 5 18 12 26 5 19 11 26 5 20 10 26 5 21 9 26 5 22 8 26 5 23 7 26 5 25 6 26 5 26 5 26 5 27 4 26 5 29 3 26 5 30 2 26 5 32 1 26 6 2 31 26 6 3 30 26 6 4 28 26 6 5 27 26 6 6 26 26 6 7 24 26 6 8 23 26 6 9 22 26 6 10 21 26 6 11 20 26 6 12 19 26 6 13 18 26 6 14 17 26 6 15 16 26 6 16 15 26 6 17 14 26 6 18 13 26 6 19 12 26 6 20 11 26 6 21 10 26 6 22 9 26 6 23 8 26 6 24 7 26 6 26 6 26 6 27 5 26 6 28 4 26 6 30 3 26 6 31 2 26 7 2 33 26 7 3 32 26 7 4 30 26 7 5 29 26 7 6 28 26 7 7 26 26 7 8 25 26 7 9 24 26 7 10 23 26 7 11 22 26 7 12 21 26 7 13 20 26 7 14 19 26 7 15 18 26 7 16 17 26 7 17 16 26 7 18 15 26 7 19 14 26 7 20 13 26 7 21 12 26 7 22 11 26 7 23 10 26 7 24 9 26 7 25 8 26 7 26 7 26 7 28 6 26 7 29 5 26 7 30 4 26 7 32 3 26 7 33 2 26 8 3 33 26 8 4 31 26 8 5 30 26 8 6 29 26 8 7 27 26 8 8 26 26 8 9 25 26 8 10 24 26 8 11 23 26 8 12 22 26 8 13 21 26 8 14 20 26 8 15 19 26 8 16 18 26 8 17 17 26 8 18 16 26 8 19 15 26 8 20 14 26 8 21 13 26 8 22 12 26 8 23 11 26 8 24 10 26 8 25 9 26 8 26 8 26 8 27 7 26 8 29 6 26 8 30 5 26 8 31 4 26 8 33 3 26 9 4 32 26 9 5 31 26 9 6 30 26 9 7 28 26 9 8 27 26 9 9 26 26 9 10 25 26 9 11 24 26 9 12 23 26 9 13 22 26 9 14 21 26 9 15 20 26 9 16 19 26 9 17 18 26 9 18 17 26 9 19 16 26 9 20 15 26 9 21 14 26 9 22 13 26 9 23 12 26 9 24 11 26 9 25 10 26 9 26 9 26 9 27 8 26 9 28 7 26 9 30 6 26 9 31 5 26 9 32 4 26 10 4 33 26 10 5 32 26 10 6 31 26 10 7 29 26 10 8 28 26 10 9 27 26 10 10 26 26 10 11 25 26 10 12 24 26 10 13 23 26 10 14 22 26 10 15 21 26 10 16 20 26 10 17 19 26 10 18 18 26 10 19 17 26 10 20 16 26 10 21 15 26 10 22 14 26 10 23 13 26 10 24 12 26 10 25 11 26 10 26 10 26 10 27 9 26 10 28 8 26 10 29 7 26 10 31 6 26 10 32 5 26 10 33 4 26 11 5 33 26 11 6 32 26 11 7 30 26 11 8 29 26 11 9 28 26 11 10 27 26 11 11 26 26 11 12 25 26 11 13 24 26 11 14 23 26 11 15 22 26 11 16 21 26 11 17 20 26 11 18 19 26 11 19 18 26 11 20 17 26 11 21 16 26 11 22 15 26 11 23 14 26 11 24 13 26 11 25 12 26 11 26 11 26 11 27 10 26 11 28 9 26 11 29 8 26 11 30 7 26 11 32 6 26 11 33 5 26 12 6 33 26 12 7 31 26 12 8 30 26 12 9 29 26 12 10 28 26 12 11 27 26 12 12 26 26 12 13 25 26 12 14 24 26 12 15 23 26 12 16 22 26 12 17 21 26 12 18 20 26 12 19 19 26 12 20 18 26 12 21 17 26 12 22 16 26 12 23 15 26 12 24 14 26 12 25 13 26 12 26 12 26 12 27 11 26 12 28 10 26 12 29 9 26 12 30 8 26 12 31 7 26 12 33 6 26 13 7 32 26 13 8 31 26 13 9 30 26 13 10 29 26 13 11 28 26 13 12 27 26 13 13 26 26 13 14 25 26 13 15 24 26 13 16 23 26 13 17 22 26 13 18 21 26 13 19 20 26 13 20 19 26 13 21 18 26 13 22 17 26 13 23 16 26 13 24 15 26 13 25 14 26 13 26 13 26 13 27 12 26 13 28 11 26 13 29 10 26 13 30 9 26 13 31 8 26 13 32 7 26 14 7 33 26 14 8 32 26 14 9 31 26 14 10 30 26 14 11 29 26 14 12 28 26 14 13 27 26 14 14 26 26 14 15 25 26 14 16 24 26 14 17 23 26 14 18 22 26 14 19 21 26 14 20 20 26 14 21 19 26 14 22 18 26 14 23 17 26 14 24 16 26 14 25 15 26 14 26 14 26 14 27 13 26 14 28 12 26 14 29 11 26 14 30 10 26 14 31 9 26 14 32 8 26 14 33 7 26 15 8 33 26 15 9 32 26 15 10 31 26 15 11 30 26 15 12 29 26 15 13 28 26 15 14 27 26 15 15 26 26 15 16 25 26 15 17 24 26 15 18 23 26 15 19 22 26 15 20 21 26 15 21 20 26 15 22 19 26 15 23 18 26 15 24 17 26 15 25 16 26 15 26 15 26 15 27 14 26 15 28 13 26 15 29 12 26 15 30 11 26 15 31 10 26 15 32 9 26 15 33 8 26 16 9 33 26 16 10 32 26 16 11 31 26 16 12 30 26 16 13 29 26 16 14 28 26 16 15 27 26 16 16 26 26 16 17 25 26 16 18 24 26 16 19 23 26 16 20 22 26 16 21 21 26 16 22 20 26 16 23 19 26 16 24 18 26 16 25 17 26 16 26 16 26 16 27 15 26 16 28 14 26 16 29 13 26 16 30 12 26 16 31 11 26 16 32 10 26 16 33 9 26 17 10 33 26 17 11 32 26 17 12 31 26 17 13 30 26 17 14 29 26 17 15 28 26 17 16 27 26 17 17 26 26 17 18 25 26 17 19 24 26 17 20 23 26 17 21 22 26 17 22 21 26 17 23 20 26 17 24 19 26 17 25 18 26 17 26 17 26 17 27 16 26 17 28 15 26 17 29 14 26 17 30 13 26 17 31 12 26 17 32 11 26 17 33 10 26 18 11 33 26 18 12 32 26 18 13 31 26 18 14 30 26 18 15 29 26 18 16 28 26 18 17 27 26 18 18 26 26 18 19 25 26 18 20 24 26 18 21 23 26 18 22 22 26 18 23 21 26 18 24 20 26 18 25 19 26 18 26 18 26 18 27 17 26 18 28 16 26 18 29 15 26 18 30 14 26 18 31 13 26 18 32 12 26 18 33 11 26 19 12 33 26 19 13 32 26 19 14 31 26 19 15 30 26 19 16 29 26 19 17 28 26 19 18 27 26 19 19 26 26 19 20 25 26 19 21 24 26 19 22 23 26 19 23 22 26 19 24 21 26 19 25 20 26 19 26 19 26 19 27 18 26 19 28 17 26 19 29 16 26 19 30 15 26 19 31 14 26 19 32 13 26 19 33 12 26 20 13 33 26 20 14 32 26 20 15 31 26 20 16 30 26 20 17 29 26 20 18 28 26 20 19 27 26 20 20 26 26 20 21 25 26 20 22 24 26 20 23 23 26 20 24 22 26 20 25 21 26 20 26 20 26 20 27 19 26 20 28 18 26 20 29 17 26 20 30 16 26 20 31 15 26 20 32 14 26 20 33 13 26 21 14 33 26 21 15 32 26 21 16 31 26 21 17 30 26 21 18 29 26 21 19 28 26 21 20 27 26 21 21 26 26 21 22 25 26 21 23 24 26 21 24 23 26 21 25 22 26 21 26 21 26 21 27 20 26 21 28 19 26 21 29 18 26 21 30 17 26 21 31 16 26 21 32 15 26 21 33 14 26 22 15 33 26 22 16 32 26 22 17 31 26 22 18 30 26 22 19 29 26 22 20 28 26 22 21 27 26 22 22 26 26 22 23 25 26 22 24 24 26 22 25 23 26 22 26 22 26 22 27 21 26 22 28 20 26 22 29 19 26 22 30 18 26 22 31 17 26 22 32 16 26 22 33 15 26 23 16 33 26 23 17 32 26 23 18 31 26 23 19 30 26 23 20 29 26 23 21 28 26 23 22 27 26 23 23 26 26 23 24 25 26 23 25 24 26 23 26 23 26 23 27 22 26 23 28 21 26 23 29 20 26 23 30 19 26 23 31 18 26 23 32 17 26 23 33 16 26 24 17 33 26 24 18 32 26 24 19 31 26 24 20 30 26 24 21 29 26 24 22 28 26 24 23 27 26 24 24 26 26 24 25 25 26 24 26 24 26 24 27 23 26 24 28 22 26 24 29 21 26 24 30 20 26 24 31 19 26 24 32 18 26 24 33 17 26 25 18 33 26 25 19 32 26 25 20 31 26 25 21 30 26 25 22 29 26 25 23 28 26 25 24 27 26 25 25 26 26 25 26 25 26 25 27 24 26 25 28 23 26 25 29 22 26 25 30 21 26 25 31 20 26 25 32 19 26 25 33 18 26 26 19 33 26 26 20 32 26 26 21 31 26 26 22 30 26 26 23 29 26 26 24 28 26 26 25 27 26 26 26 26 26 26 27 25 26 26 28 24 26 26 29 23 26 26 30 22 26 26 31 21 26 26 32 20 26 26 33 19 26 27 20 33 26 27 21 32 26 27 22 31 26 27 23 30 26 27 24 29 26 27 25 28 26 27 26 27 26 27 27 26 26 27 28 25 26 27 29 24 26 27 30 23 26 27 31 22 26 27 32 21 26 27 33 20 26 28 21 33 26 28 22 32 26 28 23 31 26 28 24 30 26 28 25 29 26 28 26 28 26 28 27 27 26 28 28 26 26 28 29 25 26 28 30 24 26 28 31 23 26 28 32 22 26 28 33 21 26 29 22 33 26 29 23 32 26 29 24 31 26 29 25 30 26 29 26 29 26 29 27 28 26 29 28 27 26 29 29 26 26 29 30 25 26 29 31 24 26 29 32 23 26 29 33 22 26 30 23 33 26 30 24 32 26 30 25 31 26 30 26 30 26 30 27 29 26 30 28 28 26 30 29 27 26 30 30 26 26 30 31 25 26 30 32 24 26 30 33 23 26 31 24 33 26 31 25 32 26 31 26 31 26 31 27 30 26 31 28 29 26 31 29 28 26 31 30 27 26 31 31 26 26 31 32 25 26 31 33 24 26 32 25 33 26 32 26 32 26 32 27 31 26 32 28 30 26 32 29 29 26 32 30 28 26 32 31 27 26 32 32 26 26 32 33 25 26 33 26 33 26 33 27 32 26 33 28 31 26 33 29 30 26 33 30 29 26 33 31 28 26 33 32 27 26 33 33 26 







