




















21 0 0 21 21 0 1 19 21 0 2 17 21 0 3 16 21 0 4 15 21 0 5 13 21 0 6 12 21 0 7 11 21 0 11 7 21 0 12 6 21 0 13 5 21 0 15 4 21 0 16 3 21 0 17 2 21 0 19 1 21 0 21 0 21 1 0 23 21 1 1 21 21 1 2 19 21 1 3 18 21 1 4 17 21 1 5 15 21 1 6 14 21 1 7 13 21 1 8 12 21 1 9 11 21 1 10 10 21 1 11 9 21 1 12 8 21 1 13 7 21 1 14 6 21 1 15 5 21 1 17 4 21 1 18 3 21 1 19 2 21 1 21 1 21 1 23 0 21 2 1 23 21 2 2 21 21 2 3 20 21 2 4 19 21 2 5 17 21 2 6 16 21 2 7 15 21 2 8 14 21 2 9 13 21 2 10 12 21 2 11 11 21 2 12 10 21 2 13 9 21 2 14 8 21 2 15 7 21 2 16 6 21 2 17 5 21 2 19 4 21 2 20 3 21 2 21 2 21 2 23 1 21 3 1 24 21 3 2 22 21 3 3 21 21 3 4 20 21 3 5 18 21 3 6 17 21 3 7 16 21 3 8 15 21 3 9 14 21 3 10 13 21 3 11 12 21 3 12 11 21 3 13 10 21 3 14 9 21 3 15 8 21 3 16 7 21 3 17 6 21 3 18 5 21 3 20 4 21 3 21 3 21 3 22 2 21 3 24 1 21 4 2 23 21 4 3 22 21 4 4 21 21 4 5 19 21 4 6 18 21 4 7 17 21 4 8 16 21 4 9 15 21 4 10 14 21 4 11 13 21 4 12 12 21 4 13 11 21 4 14 10 21 4 15 9 21 4 16 8 21 4 17 7 21 4 18 6 21 4 19 5 21 4 21 4 21 4 22 3 21 4 23 2 21 5 3 24 21 5 4 23 21 5 5 21 21 5 6 20 21 5 7 19 21 5 8 18 21 5 9 17 21 5 10 16 21 5 11 15 21 5 12 14 21 5 13 13 21 5 14 12 21 5 15 11 21 5 16 10 21 5 17 9 21 5 18 8 21 5 19 7 21 5 20 6 21 5 21 5 21 5 23 4 21 5 24 3 21 6 4 24 21 6 5 22 21 6 6 21 21 6 7 20 21 6 8 19 21 6 9 18 21 6 10 17 21 6 11 16 21 6 12 15 21 6 13 14 21 6 14 13 21 6 15 12 21 6 16 11 21 6 17 10 21 6 18 9 21 6 19 8 21 6 20 7 21 6 21 6 21 6 22 5 21 6 24 4 21 7 5 23 21 7 6 22 21 7 7 21 21 7 8 20 21 7 9 19 21 7 10 18 21 7 11 17 21 7 12 16 21 7 13 15 21 7 14 14 21 7 15 13 21 7 16 12 21 7 17 11 21 7 18 10 21 7 19 9 21 7 20 8 21 7 21 7 21 7 22 6 21 7 23 5 21 8 5 24 21 8 6 23 21 8 7 22 21 8 8 21 21 8 9 20 21 8 10 19 21 8 11 18 21 8 12 17 21 8 13 16 21 8 14 15 21 8 15 14 21 8 16 13 21 8 17 12 21 8 18 11 21 8 19 10 21 8 20 9 21 8 21 8 21 8 22 7 21 8 23 6 21 8 24 5 21 9 6 24 21 9 7 23 21 9 8 22 21 9 9 21 21 9 10 20 21 9 11 19 21 9 12 18 21 9 13 17 21 9 14 16 21 9 15 15 21 9 16 14 21 9 17 13 21 9 18 12 21 9 19 11 21 9 20 10 21 9 21 9 21 9 22 8 21 9 23 7 21 9 24 6 21 10 7 24 21 10 8 23 21 10 9 22 21 10 10 21 21 10 11 20 21 10 12 19 21 10 13 18 21 10 14 17 21 10 15 16 21 10 16 15 21 10 17 14 21 10 18 13 21 10 19 12 21 10 20 11 21 10 21 10 21 10 22 9 21 10 23 8 21 10 24 7 21 11 8 24 21 11 9 23 21 11 10 22 21 11 11 21 21 11 12 20 21 11 13 19 21 11 14 18 21 11 15 17 21 11 16 16 21 11 17 15 21 11 18 14 21 11 19 13 21 11 20 12 21 11 21 11 21 11 22 10 21 11 23 9 21 11 24 8 21 12 9 24 21 12 10 23 21 12 11 22 21 12 12 21 21 12 13 20 21 12 14 19 21 12 15 18 21 12 16 17 21 12 17 16 21 12 18 15 21 12 19 14 21 12 20 13 21 12 21 12 21 12 22 11 21 12 23 10 21 12 24 9 21 13 10 24 21 13 11 23 21 13 12 22 21 13 13 21 21 13 14 20 21 13 15 19 21 13 16 18 21 13 17 17 21 13 18 16 21 13 19 15 21 13 20 14 21 13 21 13 21 13 22 12 21 13 23 11 21 13 24 10 21 14 11 24 21 14 12 23 21 14 13 22 21 14 14 21 21 14 15 20 21 14 16 19 21 14 17 18 21 14 18 17 21 14 19 16 21 14 20 15 21 14 21 14 21 14 22 13 21 14 23 12 21 14 24 11 21 15 12 24 21 15 13 23 21 15 14 22 21 15 15 21 21 15 16 20 21 15 17 19 21 15 18 18 21 15 19 17 21 15 20 16 21 15 21 15 21 15 22 14 21 15 23 13 21 15 24 12 21 16 13 24 21 16 14 23 21 16 15 22 21 16 16 21 21 16 17 20 21 16 18 19 21 16 19 18 21 16 20 17 21 16 21 16 21 16 22 15 21 16 23 14 21 16 24 13 21 17 14 24 21 17 15 23 21 17 16 22 21 17 17 21 21 17 18 20 21 17 19 19 21 17 20 18 21 17 21 17 21 17 22 16 21 17 23 15 21 17 24 14 21 18 15 24 21 18 16 23 21 18 17 22 21 18 18 21 21 18 19 20 21 18 20 19 21 18 21 18 21 18 22 17 21 18 23 16 21 18 24 15 21 19 16 24 21 19 17 23 21 19 18 22 21 19 19 21 21 19 20 20 21 19 21 19 21 19 22 18 21 19 23 17 21 19 24 16 21 20 17 24 21 20 18 23 21 20 19 22 21 20 20 21 21 20 21 20 21 20 22 19 21 20 23 18 21 20 24 17 21 21 18 24 21 21 19 23 21 21 20 22 21 21 21 21 21 21 22 20 21 21 23 19 21 21 24 18 21 22 19 24 21 22 20 23 21 22 21 22 21 22 22 21 21 22 23 20 21 22 24 19 21 23 20 24 21 23 21 23 21 23 22 22 21 23 23 21 21 23 24 20 21 24 21 24 21 24 22 23 21 24 23 22 21 24 24 21 



