
































33 0 0 33 33 0 1 31 33 0 2 29 33 0 3 28 33 0 4 26 33 0 5 25 33 0 6 24 33 0 8 21 33 0 10 18 33 0 12 16 33 0 16 12 33 0 18 10 33 0 21 8 33 0 24 6 33 0 25 5 33 0 26 4 33 0 28 3 33 0 29 2 33 0 31 1 33 0 33 0 33 1 0 35 33 1 1 33 33 1 2 31 33 1 3 30 33 1 4 28 33 1 5 27 33 1 6 26 33 1 7 24 33 1 8 23 33 1 9 22 33 1 10 20 33 1 11 19 33 1 12 18 33 1 13 17 33 1 14 16 33 1 15 15 33 1 16 14 33 1 17 13 33 1 18 12 33 1 19 11 33 1 20 10 33 1 22 9 33 1 23 8 33 1 24 7 33 1 26 6 33 1 27 5 33 1 28 4 33 1 30 3 33 1 31 2 33 1 33 1 33 1 35 0 33 2 0 37 33 2 1 35 33 2 2 33 33 2 3 32 33 2 4 30 33 2 5 29 33 2 6 28 33 2 7 26 33 2 8 25 33 2 9 24 33 2 10 22 33 2 11 21 33 2 12 20 33 2 13 19 33 2 14 18 33 2 15 17 33 2 16 16 33 2 17 15 33 2 18 14 33 2 19 13 33 2 20 12 33 2 21 11 33 2 22 10 33 2 24 9 33 2 25 8 33 2 26 7 33 2 28 6 33 2 29 5 33 2 30 4 33 2 32 3 33 2 33 2 33 2 35 1 33 2 37 0 33 3 0 38 33 3 1 36 33 3 2 34 33 3 3 33 33 3 4 31 33 3 5 30 33 3 6 29 33 3 7 27 33 3 8 26 33 3 9 25 33 3 10 23 33 3 11 22 33 3 12 21 33 3 13 20 33 3 14 19 33 3 15 18 33 3 16 17 33 3 17 16 33 3 18 15 33 3 19 14 33 3 20 13 33 3 21 12 33 3 22 11 33 3 23 10 33 3 25 9 33 3 26 8 33 3 27 7 33 3 29 6 33 3 30 5 33 3 31 4 33 3 33 3 33 3 34 2 33 3 36 1 33 3 38 0 33 4 1 38 33 4 2 36 33 4 3 35 33 4 4 33 33 4 5 32 33 4 6 31 33 4 7 29 33 4 8 28 33 4 9 27 33 4 10 25 33 4 11 24 33 4 12 23 33 4 13 22 33 4 14 21 33 4 15 20 33 4 16 19 33 4 17 18 33 4 18 17 33 4 19 16 33 4 20 15 33 4 21 14 33 4 22 13 33 4 23 12 33 4 24 11 33 4 25 10 33 4 27 9 33 4 28 8 33 4 29 7 33 4 31 6 33 4 32 5 33 4 33 4 33 4 35 3 33 4 36 2 33 4 38 1 33 5 1 39 33 5 2 37 33 5 3 36 33 5 4 34 33 5 5 33 33 5 6 32 33 5 7 30 33 5 8 29 33 5 9 28 33 5 10 26 33 5 11 25 33 5 12 24 33 5 13 23 33 5 14 22 33 5 15 21 33 5 16 20 33 5 17 19 33 5 18 18 33 5 19 17 33 5 20 16 33 5 21 15 33 5 22 14 33 5 23 13 33 5 24 12 33 5 25 11 33 5 26 10 33 5 28 9 33 5 29 8 33 5 30 7 33 5 32 6 33 5 33 5 33 5 34 4 33 5 36 3 33 5 37 2 33 5 39 1 33 6 1 40 33 6 2 38 33 6 3 37 33 6 4 35 33 6 5 34 33 6 6 33 33 6 7 31 33 6 8 30 33 6 9 29 33 6 10 27 33 6 11 26 33 6 12 25 33 6 13 24 33 6 14 23 33 6 15 22 33 6 16 21 33 6 17 20 33 6 18 19 33 6 19 18 33 6 20 17 33 6 21 16 33 6 22 15 33 6 23 14 33 6 24 13 33 6 25 12 33 6 26 11 33 6 27 10 33 6 29 9 33 6 30 8 33 6 31 7 33 6 33 6 33 6 34 5 33 6 35 4 33 6 37 3 33 6 38 2 33 6 40 1 33 7 2 40 33 7 3 39 33 7 4 37 33 7 5 36 33 7 6 35 33 7 7 33 33 7 8 32 33 7 9 31 33 7 10 29 33 7 11 28 33 7 12 27 33 7 13 26 33 7 14 25 33 7 15 24 33 7 16 23 33 7 17 22 33 7 18 21 33 7 19 20 33 7 20 19 33 7 21 18 33 7 22 17 33 7 23 16 33 7 24 15 33 7 25 14 33 7 26 13 33 7 27 12 33 7 28 11 33 7 29 10 33 7 31 9 33 7 32 8 33 7 33 7 33 7 35 6 33 7 36 5 33 7 37 4 33 7 39 3 33 7 40 2 33 8 2 41 33 8 3 40 33 8 4 38 33 8 5 37 33 8 6 36 33 8 7 34 33 8 8 33 33 8 9 32 33 8 10 30 33 8 11 29 33 8 12 28 33 8 13 27 33 8 14 26 33 8 15 25 33 8 16 24 33 8 17 23 33 8 18 22 33 8 19 21 33 8 20 20 33 8 21 19 33 8 22 18 33 8 23 17 33 8 24 16 33 8 25 15 33 8 26 14 33 8 27 13 33 8 28 12 33 8 29 11 33 8 30 10 33 8 32 9 33 8 33 8 33 8 34 7 33 8 36 6 33 8 37 5 33 8 38 4 33 8 40 3 33 8 41 2 33 9 3 41 33 9 4 39 33 9 5 38 33 9 6 37 33 9 7 35 33 9 8 34 33 9 9 33 33 9 10 31 33 9 11 30 33 9 12 29 33 9 13 28 33 9 14 27 33 9 15 26 33 9 16 25 33 9 17 24 33 9 18 23 33 9 19 22 33 9 20 21 33 9 21 20 33 9 22 19 33 9 23 18 33 9 24 17 33 9 25 16 33 9 26 15 33 9 27 14 33 9 28 13 33 9 29 12 33 9 30 11 33 9 31 10 33 9 33 9 33 9 34 8 33 9 35 7 33 9 37 6 33 9 38 5 33 9 39 4 33 9 41 3 33 10 4 41 33 10 5 40 33 10 6 39 33 10 7 37 33 10 8 36 33 10 9 35 33 10 10 33 33 10 11 32 33 10 12 31 33 10 13 30 33 10 14 29 33 10 15 28 33 10 16 27 33 10 17 26 33 10 18 25 33 10 19 24 33 10 20 23 33 10 21 22 33 10 22 21 33 10 23 20 33 10 24 19 33 10 25 18 33 10 26 17 33 10 27 16 33 10 28 15 33 10 29 14 33 10 30 13 33 10 31 12 33 10 32 11 33 10 33 10 33 10 35 9 33 10 36 8 33 10 37 7 33 10 39 6 33 10 40 5 33 10 41 4 33 11 4 42 33 11 5 41 33 11 6 40 33 11 7 38 33 11 8 37 33 11 9 36 33 11 10 34 33 11 11 33 33 11 12 32 33 11 13 31 33 11 14 30 33 11 15 29 33 11 16 28 33 11 17 27 33 11 18 26 33 11 19 25 33 11 20 24 33 11 21 23 33 11 22 22 33 11 23 21 33 11 24 20 33 11 25 19 33 11 26 18 33 11 27 17 33 11 28 16 33 11 29 15 33 11 30 14 33 11 31 13 33 11 32 12 33 11 33 11 33 11 34 10 33 11 36 9 33 11 37 8 33 11 38 7 33 11 40 6 33 11 41 5 33 11 42 4 33 12 5 42 33 12 6 41 33 12 7 39 33 12 8 38 33 12 9 37 33 12 10 35 33 12 11 34 33 12 12 33 33 12 13 32 33 12 14 31 33 12 15 30 33 12 16 29 33 12 17 28 33 12 18 27 33 12 19 26 33 12 20 25 33 12 21 24 33 12 22 23 33 12 23 22 33 12 24 21 33 12 25 20 33 12 26 19 33 12 27 18 33 12 28 17 33 12 29 16 33 12 30 15 33 12 31 14 33 12 32 13 33 12 33 12 33 12 34 11 33 12 35 10 33 12 37 9 33 12 38 8 33 12 39 7 33 12 41 6 33 12 42 5 33 13 6 42 33 13 7 40 33 13 8 39 33 13 9 38 33 13 10 36 33 13 11 35 33 13 12 34 33 13 13 33 33 13 14 32 33 13 15 31 33 13 16 30 33 13 17 29 33 13 18 28 33 13 19 27 33 13 20 26 33 13 21 25 33 13 22 24 33 13 23 23 33 13 24 22 33 13 25 21 33 13 26 20 33 13 27 19 33 13 28 18 33 13 29 17 33 13 30 16 33 13 31 15 33 13 32 14 33 13 33 13 33 13 34 12 33 13 35 11 33 13 36 10 33 13 38 9 33 13 39 8 33 13 40 7 33 13 42 6 33 14 7 41 33 14 8 40 33 14 9 39 33 14 10 37 33 14 11 36 33 14 12 35 33 14 13 34 33 14 14 33 33 14 15 32 33 14 16 31 33 14 17 30 33 14 18 29 33 14 19 28 33 14 20 27 33 14 21 26 33 14 22 25 33 14 23 24 33 14 24 23 33 14 25 22 33 14 26 21 33 14 27 20 33 14 28 19 33 14 29 18 33 14 30 17 33 14 31 16 33 14 32 15 33 14 33 14 33 14 34 13 33 14 35 12 33 14 36 11 33 14 37 10 33 14 39 9 33 14 40 8 33 14 41 7 33 15 7 42 33 15 8 41 33 15 9 40 33 15 10 38 33 15 11 37 33 15 12 36 33 15 13 35 33 15 14 34 33 15 15 33 33 15 16 32 33 15 17 31 33 15 18 30 33 15 19 29 33 15 20 28 33 15 21 27 33 15 22 26 33 15 23 25 33 15 24 24 33 15 25 23 33 15 26 22 33 15 27 21 33 15 28 20 33 15 29 19 33 15 30 18 33 15 31 17 33 15 32 16 33 15 33 15 33 15 34 14 33 15 35 13 33 15 36 12 33 15 37 11 33 15 38 10 33 15 40 9 33 15 41 8 33 15 42 7 33 16 8 42 33 16 9 41 33 16 10 39 33 16 11 38 33 16 12 37 33 16 13 36 33 16 14 35 33 16 15 34 33 16 16 33 33 16 17 32 33 16 18 31 33 16 19 30 33 16 20 29 33 16 21 28 33 16 22 27 33 16 23 26 33 16 24 25 33 16 25 24 33 16 26 23 33 16 27 22 33 16 28 21 33 16 29 20 33 16 30 19 33 16 31 18 33 16 32 17 33 16 33 16 33 16 34 15 33 16 35 14 33 16 36 13 33 16 37 12 33 16 38 11 33 16 39 10 33 16 41 9 33 16 42 8 33 17 9 42 33 17 10 40 33 17 11 39 33 17 12 38 33 17 13 37 33 17 14 36 33 17 15 35 33 17 16 34 33 17 17 33 33 17 18 32 33 17 19 31 33 17 20 30 33 17 21 29 33 17 22 28 33 17 23 27 33 17 24 26 33 17 25 25 33 17 26 24 33 17 27 23 33 17 28 22 33 17 29 21 33 17 30 20 33 17 31 19 33 17 32 18 33 17 33 17 33 17 34 16 33 17 35 15 33 17 36 14 33 17 37 13 33 17 38 12 33 17 39 11 33 17 40 10 33 17 42 9 33 18 10 41 33 18 11 40 33 18 12 39 33 18 13 38 33 18 14 37 33 18 15 36 33 18 16 35 33 18 17 34 33 18 18 33 33 18 19 32 33 18 20 31 33 18 21 30 33 18 22 29 33 18 23 28 33 18 24 27 33 18 25 26 33 18 26 25 33 18 27 24 33 18 28 23 33 18 29 22 33 18 30 21 33 18 31 20 33 18 32 19 33 18 33 18 33 18 34 17 33 18 35 16 33 18 36 15 33 18 37 14 33 18 38 13 33 18 39 12 33 18 40 11 33 18 41 10 33 19 10 42 33 19 11 41 33 19 12 40 33 19 13 39 33 19 14 38 33 19 15 37 33 19 16 36 33 19 17 35 33 19 18 34 33 19 19 33 33 19 20 32 33 19 21 31 33 19 22 30 33 19 23 29 33 19 24 28 33 19 25 27 33 19 26 26 33 19 27 25 33 19 28 24 33 19 29 23 33 19 30 22 33 19 31 21 33 19 32 20 33 19 33 19 33 19 34 18 33 19 35 17 33 19 36 16 33 19 37 15 33 19 38 14 33 19 39 13 33 19 40 12 33 19 41 11 33 19 42 10 33 20 11 42 33 20 12 41 33 20 13 40 33 20 14 39 33 20 15 38 33 20 16 37 33 20 17 36 33 20 18 35 33 20 19 34 33 20 20 33 33 20 21 32 33 20 22 31 33 20 23 30 33 20 24 29 33 20 25 28 33 20 26 27 33 20 27 26 33 20 28 25 33 20 29 24 33 20 30 23 33 20 31 22 33 20 32 21 33 20 33 20 33 20 34 19 33 20 35 18 33 20 36 17 33 20 37 16 33 20 38 15 33 20 39 14 33 20 40 13 33 20 41 12 33 20 42 11 33 21 12 42 33 21 13 41 33 21 14 40 33 21 15 39 33 21 16 38 33 21 17 37 33 21 18 36 33 21 19 35 33 21 20 34 33 21 21 33 33 21 22 32 33 21 23 31 33 21 24 30 33 21 25 29 33 21 26 28 33 21 27 27 33 21 28 26 33 21 29 25 33 21 30 24 33 21 31 23 33 21 32 22 33 21 33 21 33 21 34 20 33 21 35 19 33 21 36 18 33 21 37 17 33 21 38 16 33 21 39 15 33 21 40 14 33 21 41 13 33 21 42 12 33 22 13 42 33 22 14 41 33 22 15 40 33 22 16 39 33 22 17 38 33 22 18 37 33 22 19 36 33 22 20 35 33 22 21 34 33 22 22 33 33 22 23 32 33 22 24 31 33 22 25 30 33 22 26 29 33 22 27 28 33 22 28 27 33 22 29 26 33 22 30 25 33 22 31 24 33 22 32 23 33 22 33 22 33 22 34 21 33 22 35 20 33 22 36 19 33 22 37 18 33 22 38 17 33 22 39 16 33 22 40 15 33 22 41 14 33 22 42 13 33 23 14 42 33 23 15 41 33 23 16 40 33 23 17 39 33 23 18 38 33 23 19 37 33 23 20 36 33 23 21 35 33 23 22 34 33 23 23 33 33 23 24 32 33 23 25 31 33 23 26 30 33 23 27 29 33 23 28 28 33 23 29 27 33 23 30 26 33 23 31 25 33 23 32 24 33 23 33 23 33 23 34 22 33 23 35 21 33 23 36 20 33 23 37 19 33 23 38 18 33 23 39 17 33 23 40 16 33 23 41 15 33 23 42 14 33 24 15 42 33 24 16 41 33 24 17 40 33 24 18 39 33 24 19 38 33 24 20 37 33 24 21 36 33 24 22 35 33 24 23 34 33 24 24 33 33 24 25 32 33 24 26 31 33 24 27 30 33 24 28 29 33 24 29 28 33 24 30 27 33 24 31 26 33 24 32 25 33 24 33 24 33 24 34 23 33 24 35 22 33 24 36 21 33 24 37 20 33 24 38 19 33 24 39 18 33 24 40 17 33 24 41 16 33 24 42 15 33 25 16 42 33 25 17 41 33 25 18 40 33 25 19 39 33 25 20 38 33 25 21 37 33 25 22 36 33 25 23 35 33 25 24 34 33 25 25 33 33 25 26 32 33 25 27 31 33 25 28 30 33 25 29 29 33 25 30 28 33 25 31 27 33 25 32 26 33 25 33 25 33 25 34 24 33 25 35 23 33 25 36 22 33 25 37 21 33 25 38 20 33 25 39 19 33 25 40 18 33 25 41 17 33 25 42 16 33 26 17 42 33 26 18 41 33 26 19 40 33 26 20 39 33 26 21 38 33 26 22 37 33 26 23 36 33 26 24 35 33 26 25 34 33 26 26 33 33 26 27 32 33 26 28 31 33 26 29 30 33 26 30 29 33 26 31 28 33 26 32 27 33 26 33 26 33 26 34 25 33 26 35 24 33 26 36 23 33 26 37 22 33 26 38 21 33 26 39 20 33 26 40 19 33 26 41 18 33 26 42 17 33 27 18 42 33 27 19 41 33 27 20 40 33 27 21 39 33 27 22 38 33 27 23 37 33 27 24 36 33 27 25 35 33 27 26 34 33 27 27 33 33 27 28 32 33 27 29 31 33 27 30 30 33 27 31 29 33 27 32 28 33 27 33 27 33 27 34 26 33 27 35 25 33 27 36 24 33 27 37 23 33 27 38 22 33 27 39 21 33 27 40 20 33 27 41 19 33 27 42 18 33 28 19 42 33 28 20 41 33 28 21 40 33 28 22 39 33 28 23 38 33 28 24 37 33 28 25 36 33 28 26 35 33 28 27 34 33 28 28 33 33 28 29 32 33 28 30 31 33 28 31 30 33 28 32 29 33 28 33 28 33 28 34 27 33 28 35 26 33 28 36 25 33 28 37 24 33 28 38 23 33 28 39 22 33 28 40 21 33 28 41 20 33 28 42 19 33 29 20 42 33 29 21 41 33 29 22 40 33 29 23 39 33 29 24 38 33 29 25 37 33 29 26 36 33 29 27 35 33 29 28 34 33 29 29 33 33 29 30 32 33 29 31 31 33 29 32 30 33 29 33 29 33 29 34 28 33 29 35 27 33 29 36 26 33 29 37 25 33 29 38 24 33 29 39 23 33 29 40 22 33 29 41 21 33 29 42 20 33 30 21 42 33 30 22 41 33 30 23 40 33 30 24 39 33 30 25 38 33 30 26 37 33 30 27 36 33 30 28 35 33 30 29 34 33 30 30 33 33 30 31 32 33 30 32 31 33 30 33 30 33 30 34 29 33 30 35 28 33 30 36 27 33 30 37 26 33 30 38 25 33 30 39 24 33 30 40 23 33 30 41 22 33 30 42 21 33 31 22 42 33 31 23 41 33 31 24 40 33 31 25 39 33 31 26 38 33 31 27 37 33 31 28 36 33 31 29 35 33 31 30 34 33 31 31 33 33 31 32 32 33 31 33 31 33 31 34 30 33 31 35 29 33 31 36 28 33 31 37 27 33 31 38 26 33 31 39 25 33 31 40 24 33 31 41 23 33 31 42 22 33 32 23 42 33 32 24 41 33 32 25 40 33 32 26 39 33 32 27 38 33 32 28 37 33 32 29 36 33 32 30 35 33 32 31 34 33 32 32 33 33 32 33 32 33 32 34 31 33 32 35 30 33 32 36 29 33 32 37 28 33 32 38 27 33 32 39 26 33 32 40 25 33 32 41 24 33 32 42 23 33 33 24 42 33 33 25 41 33 33 26 40 33 33 27 39 33 33 28 38 33 33 29 37 33 33 30 36 33 33 31 35 33 33 32 34 33 33 33 33 33 33 34 32 33 33 35 31 33 33 36 30 33 33 37 29 33 33 38 28 33 33 39 27 33 33 40 26 33 33 41 25 33 33 42 24 33 34 25 42 33 34 26 41 33 34 27 40 33 34 28 39 33 34 29 38 33 34 30 37 33 34 31 36 33 34 32 35 33 34 33 34 33 34 34 33 33 34 35 32 33 34 36 31 33 34 37 30 33 34 38 29 33 34 39 28 33 34 40 27 33 34 41 26 33 34 42 25 33 35 26 42 33 35 27 41 33 35 28 40 33 35 29 39 33 35 30 38 33 35 31 37 33 35 32 36 33 35 33 35 33 35 34 34 33 35 35 33 33 35 36 32 33 35 37 31 33 35 38 30 33 35 39 29 33 35 40 28 33 35 41 27 33 35 42 26 33 36 27 42 33 36 28 41 33 36 29 40 33 36 30 39 33 36 31 38 33 36 32 37 33 36 33 36 33 36 34 35 33 36 35 34 33 36 36 33 33 36 37 32 33 36 38 31 33 36 39 30 33 36 40 29 33 36 41 28 33 36 42 27 33 37 28 42 33 37 29 41 33 37 30 40 33 37 31 39 33 37 32 38 33 37 33 37 33 37 34 36 33 37 35 35 33 37 36 34 33 37 37 33 33 37 38 32 33 37 39 31 33 37 40 30 33 37 41 29 33 37 42 28 33 38 29 42 33 38 30 41 33 38 31 40 33 38 32 39 33 38 33 38 33 38 34 37 33 38 35 36 33 38 36 35 33 38 37 34 33 38 38 33 33 38 39 32 33 38 40 31 33 38 41 30 33 38 42 29 33 39 30 42 33 39 31 41 33 39 32 40 33 39 33 39 33 39 34 38 33 39 35 37 33 39 36 36 33 39 37 35 33 39 38 34 33 39 39 33 33 39 40 32 33 39 41 31 33 39 42 30 33 40 31 42 33 40 32 41 33 40 33 40 33 40 34 39 33 40 35 38 33 40 36 37 33 40 37 36 33 40 38 35 33 40 39 34 33 40 40 33 33 40 41 32 33 40 42 31 33 41 32 42 33 41 33 41 33 41 34 40 33 41 35 39 33 41 36 38 33 41 37 37 33 41 38 36 33 41 39 35 33 41 40 34 33 41 41 33 33 41 42 32 33 42 33 42 33 42 34 41 33 42 35 40 33 42 36 39 33 42 37 38 33 42 38 37 33 42 39 36 33 42 40 35 33 42 41 34 33 42 42 33 









