

















18 0 0 18 18 0 1 16 18 0 2 14 18 0 3 13 18 0 4 11 18 0 5 9 18 0 6 7 18 0 7 6 18 0 9 5 18 0 11 4 18 0 13 3 18 0 14 2 18 0 16 1 18 0 18 0 18 1 0 20 18 1 1 18 18 1 2 16 18 1 3 15 18 1 4 13 18 1 5 11 18 1 6 9 18 1 7 8 18 1 8 7 18 1 9 6 18 1 11 5 18 1 13 4 18 1 15 3 18 1 16 2 18 1 18 1 18 1 20 0 18 2 0 22 18 2 1 20 18 2 2 18 18 2 3 17 18 2 4 15 18 2 5 13 18 2 6 11 18 2 7 10 18 2 10 7 18 2 11 6 18 2 13 5 18 2 15 4 18 2 17 3 18 2 18 2 18 2 20 1 18 2 22 0 18 3 0 23 18 3 1 21 18 3 2 19 18 3 3 18 18 3 4 16 18 3 5 14 18 3 6 12 18 3 7 11 18 3 8 10 18 3 9 9 18 3 10 8 18 3 11 7 18 3 12 6 18 3 14 5 18 3 16 4 18 3 18 3 18 3 19 2 18 3 21 1 18 3 23 0 18 4 0 25 18 4 1 23 18 4 2 21 18 4 3 20 18 4 4 18 18 4 5 16 18 4 6 14 18 4 7 13 18 4 8 12 18 4 9 11 18 4 10 10 18 4 11 9 18 4 12 8 18 4 13 7 18 4 14 6 18 4 16 5 18 4 18 4 18 4 20 3 18 4 21 2 18 4 23 1 18 4 25 0 18 5 0 27 18 5 1 25 18 5 2 23 18 5 3 22 18 5 4 20 18 5 5 18 18 5 6 16 18 5 7 15 18 5 8 14 18 5 9 13 18 5 10 12 18 5 11 11 18 5 12 10 18 5 13 9 18 5 14 8 18 5 15 7 18 5 16 6 18 5 18 5 18 5 20 4 18 5 22 3 18 5 23 2 18 5 25 1 18 5 27 0 18 6 0 29 18 6 1 27 18 6 2 25 18 6 3 24 18 6 4 22 18 6 5 20 18 6 6 18 18 6 7 17 18 6 8 16 18 6 9 15 18 6 10 14 18 6 11 13 18 6 12 12 18 6 13 11 18 6 14 10 18 6 15 9 18 6 16 8 18 6 17 7 18 6 18 6 18 6 20 5 18 6 22 4 18 6 24 3 18 6 25 2 18 6 27 1 18 6 29 0 18 7 0 30 18 7 1 28 18 7 2 26 18 7 3 25 18 7 4 23 18 7 5 21 18 7 6 19 18 7 7 18 18 7 8 17 18 7 9 16 18 7 10 15 18 7 11 14 18 7 12 13 18 7 13 12 18 7 14 11 18 7 15 10 18 7 16 9 18 7 17 8 18 7 18 7 18 7 19 6 18 7 21 5 18 7 23 4 18 7 25 3 18 7 26 2 18 7 28 1 18 7 30 0 18 8 0 31 18 8 2 27 18 8 3 26 18 8 4 24 18 8 5 22 18 8 6 20 18 8 7 19 18 8 8 18 18 8 9 17 18 8 10 16 18 8 12 14 18 8 13 13 18 8 14 12 18 8 16 10 18 8 17 9 18 8 18 8 18 8 19 7 18 8 20 6 18 8 22 5 18 8 24 4 18 8 26 3 18 8 27 2 18 8 31 0 18 9 0 32 18 9 1 30 18 9 2 28 18 9 3 27 18 9 4 25 18 9 5 23 18 9 6 21 18 9 7 20 18 9 8 19 18 9 9 18 18 9 10 17 18 9 11 16 18 9 12 15 18 9 13 14 18 9 14 13 18 9 15 12 18 9 16 11 18 9 17 10 18 9 18 9 18 9 19 8 18 9 20 7 18 9 21 6 18 9 23 5 18 9 25 4 18 9 27 3 18 9 28 2 18 9 30 1 18 9 32 0 18 10 0 33 18 10 1 31 18 10 2 29 18 10 3 28 18 10 4 26 18 10 5 24 18 10 6 22 18 10 7 21 18 10 8 20 18 10 9 19 18 10 10 18 18 10 11 17 18 10 12 16 18 10 13 15 18 10 14 14 18 10 15 13 18 10 16 12 18 10 17 11 18 10 18 10 18 10 19 9 18 10 20 8 18 10 21 7 18 10 22 6 18 10 24 5 18 10 26 4 18 10 28 3 18 10 29 2 18 10 31 1 18 10 33 0 18 11 0 34 18 11 1 32 18 11 2 30 18 11 3 29 18 11 4 27 18 11 5 25 18 11 6 23 18 11 7 22 18 11 8 21 18 11 9 20 18 11 10 19 18 11 11 18 18 11 12 17 18 11 13 16 18 11 14 15 18 11 15 14 18 11 16 13 18 11 17 12 18 11 18 11 18 11 19 10 18 11 20 9 18 11 21 8 18 11 22 7 18 11 23 6 18 11 25 5 18 11 27 4 18 11 29 3 18 11 30 2 18 11 32 1 18 11 34 0 18 12 0 35 18 12 1 33 18 12 3 30 18 12 4 28 18 12 5 26 18 12 6 24 18 12 7 23 18 12 8 22 18 12 9 21 18 12 10 20 18 12 11 19 18 12 12 18 18 12 13 17 18 12 14 16 18 12 16 14 18 12 17 13 18 12 18 12 18 12 19 11 18 12 20 10 18 12 21 9 18 12 22 8 18 12 23 7 18 12 24 6 18 12 26 5 18 12 28 4 18 12 30 3 18 12 33 1 18 12 35 0 18 13 0 36 18 13 1 34 18 13 2 32 18 13 3 31 18 13 4 29 18 13 5 27 18 13 6 25 18 13 7 24 18 13 8 23 18 13 9 22 18 13 10 21 18 13 11 20 18 13 12 19 18 13 13 18 18 13 14 17 18 13 15 16 18 13 16 15 18 13 17 14 18 13 18 13 18 13 19 12 18 13 20 11 18 13 21 10 18 13 22 9 18 13 23 8 18 13 24 7 18 13 25 6 18 13 27 5 18 13 29 4 18 13 31 3 18 13 32 2 18 13 34 1 18 13 36 0 18 14 0 37 18 14 1 35 18 14 2 33 18 14 3 32 18 14 4 30 18 14 5 28 18 14 6 26 18 14 7 25 18 14 8 24 18 14 9 23 18 14 10 22 18 14 11 21 18 14 12 20 18 14 13 19 18 14 14 18 18 14 15 17 18 14 16 16 18 14 17 15 18 14 18 14 18 14 19 13 18 14 20 12 18 14 21 11 18 14 22 10 18 14 23 9 18 14 24 8 18 14 25 7 18 14 26 6 18 14 28 5 18 14 30 4 18 14 32 3 18 14 33 2 18 14 35 1 18 14 37 0 18 15 0 38 18 15 1 36 18 15 2 34 18 15 3 33 18 15 4 31 18 15 5 29 18 15 6 27 18 15 7 26 18 15 8 25 18 15 9 24 18 15 10 23 18 15 11 22 18 15 12 21 18 15 13 20 18 15 14 19 18 15 15 18 18 15 16 17 18 15 17 16 18 15 18 15 18 15 19 14 18 15 20 13 18 15 21 12 18 15 22 11 18 15 23 10 18 15 24 9 18 15 25 8 18 15 26 7 18 15 27 6 18 15 29 5 18 15 31 4 18 15 33 3 18 15 34 2 18 15 36 1 18 15 38 0 18 16 0 39 18 16 1 37 18 16 2 35 18 16 3 34 18 16 4 32 18 16 5 30 18 16 6 28 18 16 7 27 18 16 8 26 18 16 9 25 18 16 10 24 18 16 11 23 18 16 12 22 18 16 13 21 18 16 14 20 18 16 15 19 18 16 16 18 18 16 17 17 18 16 18 16 18 16 19 15 18 16 20 14 18 16 21 13 18 16 22 12 18 16 23 11 18 16 24 10 18 16 25 9 18 16 26 8 18 16 27 7 18 16 28 6 18 16 30 5 18 16 32 4 18 16 34 3 18 16 35 2 18 16 37 1 18 16 39 0 18 17 0 40 18 17 1 38 18 17 2 36 18 17 3 35 18 17 4 33 18 17 5 31 18 17 6 29 18 17 7 28 18 17 8 27 18 17 9 26 18 17 10 25 18 17 11 24 18 17 12 23 18 17 13 22 18 17 14 21 18 17 15 20 18 17 16 19 18 17 17 18 18 17 18 17 18 17 19 16 18 17 20 15 18 17 21 14 18 17 22 13 18 17 23 12 18 17 24 11 18 17 25 10 18 17 26 9 18 17 27 8 18 17 28 7 18 17 29 6 18 17 31 5 18 17 33 4 18 17 35 3 18 17 36 2 18 17 38 1 18 17 40 0 18 18 0 41 18 18 1 39 18 18 2 37 18 18 3 36 18 18 4 34 18 18 5 32 18 18 6 30 18 18 7 29 18 18 8 28 18 18 9 27 18 18 10 26 18 18 11 25 18 18 12 24 18 18 13 23 18 18 14 22 18 18 15 21 18 18 16 20 18 18 17 19 18 18 18 18 18 18 19 17 18 18 20 16 18 18 21 15 18 18 22 14 18 18 23 13 18 18 24 12 18 18 25 11 18 18 26 10 18 18 27 9 18 18 28 8 18 18 29 7 18 18 30 6 18 18 32 5 18 18 34 4 18 18 36 3 18 18 37 2 18 18 39 1 18 18 41 0 18 19 0 42 18 19 1 40 18 19 2 38 18 19 3 37 18 19 4 35 18 19 5 33 18 19 6 31 18 19 7 30 18 19 8 29 18 19 9 28 18 19 10 27 18 19 11 26 18 19 12 25 18 19 13 24 18 19 14 23 18 19 15 22 18 19 16 21 18 19 17 20 18 19 18 19 18 19 19 18 18 19 20 17 18 19 21 16 18 19 22 15 18 19 23 14 18 19 24 13 18 19 25 12 18 19 26 11 18 19 27 10 18 19 28 9 18 19 29 8 18 19 30 7 18 19 31 6 18 19 33 5 18 19 35 4 18 19 37 3 18 19 38 2 18 19 40 1 18 19 42 0 18 20 0 43 18 20 1 41 18 20 2 39 18 20 3 38 18 20 4 36 18 20 5 34 18 20 6 32 18 20 7 31 18 20 8 30 18 20 9 29 18 20 10 28 18 20 11 27 18 20 12 26 18 20 13 25 18 20 14 24 18 20 15 23 18 20 16 22 18 20 17 21 18 20 18 20 18 20 19 19 18 20 20 18 18 20 21 17 18 20 22 16 18 20 23 15 18 20 24 14 18 20 25 13 18 20 26 12 18 20 27 11 18 20 28 10 18 20 29 9 18 20 30 8 18 20 31 7 18 20 32 6 18 20 34 5 18 20 36 4 18 20 38 3 18 20 39 2 18 20 41 1 18 20 43 0 18 21 1 42 18 21 2 40 18 21 3 39 18 21 4 37 18 21 5 35 18 21 6 33 18 21 7 32 18 21 8 31 18 21 9 30 18 21 10 29 18 21 11 28 18 21 12 27 18 21 13 26 18 21 14 25 18 21 15 24 18 21 16 23 18 21 17 22 18 21 18 21 18 21 19 20 18 21 20 19 18 21 21 18 18 21 22 17 18 21 23 16 18 21 24 15 18 21 25 14 18 21 26 13 18 21 27 12 18 21 28 11 18 21 29 10 18 21 30 9 18 21 31 8 18 21 32 7 18 21 33 6 18 21 35 5 18 21 37 4 18 21 39 3 18 21 40 2 18 21 42 1 18 22 1 43 18 22 2 41 18 22 3 40 18 22 4 38 18 22 5 36 18 22 6 34 18 22 7 33 18 22 8 32 18 22 9 31 18 22 10 30 18 22 11 29 18 22 12 28 18 22 13 27 18 22 14 26 18 22 15 25 18 22 16 24 18 22 17 23 18 22 18 22 18 22 19 21 18 22 20 20 18 22 21 19 18 22 22 18 18 22 23 17 18 22 24 16 18 22 25 15 18 22 26 14 18 22 27 13 18 22 28 12 18 22 29 11 18 22 30 10 18 22 31 9 18 22 32 8 18 22 33 7 18 22 34 6 18 22 36 5 18 22 38 4 18 22 40 3 18 22 41 2 18 22 43 1 18 23 1 44 18 23 2 42 18 23 3 41 18 23 4 39 18 23 5 37 18 23 6 35 18 23 7 34 18 23 8 33 18 23 9 32 18 23 10 31 18 23 11 30 18 23 12 29 18 23 13 28 18 23 14 27 18 23 15 26 18 23 16 25 18 23 17 24 18 23 18 23 18 23 19 22 18 23 20 21 18 23 21 20 18 23 22 19 18 23 23 18 18 23 24 17 18 23 25 16 18 23 26 15 18 23 27 14 18 23 28 13 18 23 29 12 18 23 30 11 18 23 31 10 18 23 32 9 18 23 33 8 18 23 34 7 18 23 35 6 18 23 37 5 18 23 39 4 18 23 41 3 18 23 42 2 18 23 44 1 18 24 1 45 18 24 2 43 18 24 3 42 18 24 4 40 18 24 5 38 18 24 6 36 18 24 7 35 18 24 8 34 18 24 9 33 18 24 10 32 18 24 11 31 18 24 12 30 18 24 13 29 18 24 14 28 18 24 15 27 18 24 16 26 18 24 17 25 18 24 18 24 18 24 19 23 18 24 20 22 18 24 21 21 18 24 22 20 18 24 23 19 18 24 24 18 18 24 25 17 18 24 26 16 18 24 27 15 18 24 28 14 18 24 29 13 18 24 30 12 18 24 31 11 18 24 32 10 18 24 33 9 18 24 34 8 18 24 35 7 18 24 36 6 18 24 38 5 18 24 40 4 18 24 42 3 18 24 43 2 18 24 45 1 18 25 1 46 18 25 2 44 18 25 3 43 18 25 4 41 18 25 5 39 18 25 6 37 18 25 7 36 18 25 8 35 18 25 9 34 18 25 10 33 18 25 11 32 18 25 12 31 18 25 13 30 18 25 14 29 18 25 15 28 18 25 16 27 18 25 17 26 18 25 18 25 18 25 19 24 18 25 20 23 18 25 21 22 18 25 22 21 18 25 23 20 18 25 24 19 18 25 25 18 18 25 26 17 18 25 27 16 18 25 28 15 18 25 29 14 18 25 30 13 18 25 31 12 18 25 32 11 18 25 33 10 18 25 34 9 18 25 35 8 18 25 36 7 18 25 37 6 18 25 39 5 18 25 41 4 18 25 43 3 18 25 44 2 18 25 46 1 18 26 1 47 18 26 2 45 18 26 3 44 18 26 4 42 18 26 5 40 18 26 6 38 18 26 7 37 18 26 8 36 18 26 9 35 18 26 10 34 18 26 11 33 18 26 12 32 18 26 13 31 18 26 14 30 18 26 15 29 18 26 16 28 18 26 17 27 18 26 18 26 18 26 19 25 18 26 20 24 18 26 21 23 18 26 22 22 18 26 23 21 18 26 24 20 18 26 25 19 18 26 26 18 18 26 27 17 18 26 28 16 18 26 29 15 18 26 30 14 18 26 31 13 18 26 32 12 18 26 33 11 18 26 34 10 18 26 35 9 18 26 36 8 18 26 37 7 18 26 38 6 18 26 40 5 18 26 42 4 18 26 44 3 18 26 45 2 18 26 47 1 18 27 1 48 18 27 2 46 18 27 3 45 18 27 4 43 18 27 5 41 18 27 6 39 18 27 7 38 18 27 8 37 18 27 9 36 18 27 10 35 18 27 11 34 18 27 12 33 18 27 13 32 18 27 14 31 18 27 15 30 18 27 16 29 18 27 17 28 18 27 18 27 18 27 19 26 18 27 20 25 18 27 21 24 18 27 22 23 18 27 23 22 18 27 24 21 18 27 25 20 18 27 26 19 18 27 27 18 18 27 28 17 18 27 29 16 18 27 30 15 18 27 31 14 18 27 32 13 18 27 33 12 18 27 34 11 18 27 35 10 18 27 36 9 18 27 37 8 18 27 38 7 18 27 39 6 18 27 41 5 18 27 43 4 18 27 45 3 18 27 46 2 18 27 48 1 18 28 1 49 18 28 2 47 18 28 3 46 18 28 4 44 18 28 5 42 18 28 6 40 18 28 7 39 18 28 8 38 18 28 9 37 18 28 10 36 18 28 11 35 18 28 12 34 18 28 13 33 18 28 14 32 18 28 15 31 18 28 16 30 18 28 17 29 18 28 18 28 18 28 19 27 18 28 20 26 18 28 21 25 18 28 22 24 18 28 23 23 18 28 24 22 18 28 25 21 18 28 26 20 18 28 27 19 18 28 28 18 18 28 29 17 18 28 30 16 18 28 31 15 18 28 32 14 18 28 33 13 18 28 34 12 18 28 35 11 18 28 36 10 18 28 37 9 18 28 38 8 18 28 39 7 18 28 40 6 18 28 42 5 18 28 44 4 18 28 46 3 18 28 47 2 18 28 49 1 18 29 1 50 18 29 2 48 18 29 3 47 18 29 4 45 18 29 5 43 18 29 6 41 18 29 7 40 18 29 8 39 18 29 9 38 18 29 10 37 18 29 11 36 18 29 12 35 18 29 13 34 18 29 14 33 18 29 15 32 18 29 16 31 18 29 17 30 18 29 18 29 18 29 19 28 18 29 20 27 18 29 21 26 18 29 22 25 18 29 23 24 18 29 24 23 18 29 25 22 18 29 26 21 18 29 27 20 18 29 28 19 18 29 29 18 18 29 30 17 18 29 31 16 18 29 32 15 18 29 33 14 18 29 34 13 18 29 35 12 18 29 36 11 18 29 37 10 18 29 38 9 18 29 39 8 18 29 40 7 18 29 41 6 18 29 43 5 18 29 45 4 18 29 47 3 18 29 48 2 18 29 50 1 18 30 1 51 18 30 2 49 18 30 3 48 18 30 4 46 18 30 5 44 18 30 6 42 18 30 7 41 18 30 8 40 18 30 9 39 18 30 10 38 18 30 11 37 18 30 12 36 18 30 13 35 18 30 14 34 18 30 15 33 18 30 16 32 18 30 17 31 18 30 18 30 18 30 19 29 18 30 20 28 18 30 21 27 18 30 22 26 18 30 23 25 18 30 24 24 18 30 25 23 18 30 26 22 18 30 27 21 18 30 28 20 18 30 29 19 18 30 30 18 18 30 31 17 18 30 32 16 18 30 33 15 18 30 34 14 18 30 35 13 18 30 36 12 18 30 37 11 18 30 38 10 18 30 39 9 18 30 40 8 18 30 41 7 18 30 42 6 18 30 44 5 18 30 46 4 18 30 48 3 18 30 49 2 18 30 51 1 18 31 1 52 18 31 2 50 18 31 3 49 18 31 4 47 18 31 5 45 18 31 6 43 18 31 7 42 18 31 9 40 18 31 10 39 18 31 11 38 18 31 12 37 18 31 13 36 18 31 14 35 18 31 15 34 18 31 16 33 18 31 17 32 18 31 18 31 18 31 19 30 18 31 20 29 18 31 21 28 18 31 22 27 18 31 23 26 18 31 24 25 18 31 25 24 18 31 26 23 18 31 27 22 18 31 28 21 18 31 29 20 18 31 30 19 18 31 31 18 18 31 32 17 18 31 33 16 18 31 34 15 18 31 35 14 18 31 36 13 18 31 37 12 18 31 38 11 18 31 39 10 18 31 40 9 18 31 42 7 18 31 43 6 18 31 45 5 18 31 47 4 18 31 49 3 18 31 50 2 18 31 52 1 18 32 2 51 18 32 3 50 18 32 4 48 18 32 5 46 18 32 6 44 18 32 7 43 18 32 8 42 18 32 9 41 18 32 10 40 18 32 11 39 18 32 12 38 18 32 13 37 18 32 14 36 18 32 15 35 18 32 16 34 18 32 17 33 18 32 18 32 18 32 19 31 18 32 20 30 18 32 21 29 18 32 22 28 18 32 23 27 18 32 24 26 18 32 25 25 18 32 26 24 18 32 27 23 18 32 28 22 18 32 29 21 18 32 30 20 18 32 31 19 18 32 32 18 18 32 33 17 18 32 34 16 18 32 35 15 18 32 36 14 18 32 37 13 18 32 38 12 18 32 39 11 18 32 40 10 18 32 41 9 18 32 42 8 18 32 43 7 18 32 44 6 18 32 46 5 18 32 48 4 18 32 50 3 18 32 51 2 18 33 2 52 18 33 3 51 18 33 4 49 18 33 5 47 18 33 6 45 18 33 7 44 18 33 8 43 18 33 9 42 18 33 10 41 18 33 11 40 18 33 12 39 18 33 13 38 18 33 14 37 18 33 15 36 18 33 16 35 18 33 17 34 18 33 18 33 18 33 19 32 18 33 20 31 18 33 21 30 18 33 22 29 18 33 23 28 18 33 24 27 18 33 25 26 18 33 26 25 18 33 27 24 18 33 28 23 18 33 29 22 18 33 30 21 18 33 31 20 18 33 32 19 18 33 33 18 18 33 34 17 18 33 35 16 18 33 36 15 18 33 37 14 18 33 38 13 18 33 39 12 18 33 40 11 18 33 41 10 18 33 42 9 18 33 43 8 18 33 44 7 18 33 45 6 18 33 47 5 18 33 49 4 18 33 51 3 18 33 52 2 18 34 2 53 18 34 3 52 18 34 4 50 18 34 5 48 18 34 6 46 18 34 7 45 18 34 8 44 18 34 9 43 18 34 10 42 18 34 11 41 18 34 12 40 18 34 13 39 18 34 14 38 18 34 15 37 18 34 16 36 18 34 17 35 18 34 18 34 18 34 19 33 18 34 20 32 18 34 21 31 18 34 22 30 18 34 23 29 18 34 24 28 18 34 25 27 18 34 26 26 18 34 27 25 18 34 28 24 18 34 29 23 18 34 30 22 18 34 31 21 18 34 32 20 18 34 33 19 18 34 34 18 18 34 35 17 18 34 36 16 18 34 37 15 18 34 38 14 18 34 39 13 18 34 40 12 18 34 41 11 18 34 42 10 18 34 43 9 18 34 44 8 18 34 45 7 18 34 46 6 18 34 48 5 18 34 50 4 18 34 52 3 18 34 53 2 18 35 2 54 18 35 3 53 18 35 4 51 18 35 5 49 18 35 6 47 18 35 7 46 18 35 8 45 18 35 9 44 18 35 10 43 18 35 11 42 18 35 12 41 18 35 13 40 18 35 14 39 18 35 15 38 18 35 16 37 18 35 17 36 18 35 18 35 18 35 19 34 18 35 20 33 18 35 21 32 18 35 22 31 18 35 23 30 18 35 24 29 18 35 25 28 18 35 26 27 18 35 27 26 18 35 28 25 18 35 29 24 18 35 30 23 18 35 31 22 18 35 32 21 18 35 33 20 18 35 34 19 18 35 35 18 18 35 36 17 18 35 37 16 18 35 38 15 18 35 39 14 18 35 40 13 18 35 41 12 18 35 42 11 18 35 43 10 18 35 44 9 18 35 45 8 18 35 46 7 18 35 47 6 18 35 49 5 18 35 51 4 18 35 53 3 18 35 54 2 18 36 2 55 18 36 3 54 18 36 4 52 18 36 5 50 18 36 6 48 18 36 7 47 18 36 8 46 18 36 9 45 18 36 10 44 18 36 11 43 18 36 12 42 18 36 13 41 18 36 14 40 18 36 15 39 18 36 16 38 18 36 17 37 18 36 18 36 18 36 19 35 18 36 20 34 18 36 21 33 18 36 22 32 18 36 23 31 18 36 24 30 18 36 25 29 18 36 26 28 18 36 27 27 18 36 28 26 18 36 29 25 18 36 30 24 18 36 31 23 18 36 32 22 18 36 33 21 18 36 34 20 18 36 35 19 18 36 36 18 18 36 37 17 18 36 38 16 18 36 39 15 18 36 40 14 18 36 41 13 18 36 42 12 18 36 43 11 18 36 44 10 18 36 45 9 18 36 46 8 18 36 47 7 18 36 48 6 18 36 50 5 18 36 52 4 18 36 54 3 18 36 55 2 18 37 3 55 18 37 4 53 18 37 5 51 18 37 6 49 18 37 7 48 18 37 8 47 18 37 9 46 18 37 10 45 18 37 11 44 18 37 12 43 18 37 13 42 18 37 14 41 18 37 15 40 18 37 16 39 18 37 17 38 18 37 18 37 18 37 19 36 18 37 20 35 18 37 21 34 18 37 22 33 18 37 23 32 18 37 24 31 18 37 25 30 18 37 26 29 18 37 27 28 18 37 28 27 18 37 29 26 18 37 30 25 18 37 31 24 18 37 32 23 18 37 33 22 18 37 34 21 18 37 35 20 18 37 36 19 18 37 37 18 18 37 38 17 18 37 39 16 18 37 40 15 18 37 41 14 18 37 42 13 18 37 43 12 18 37 44 11 18 37 45 10 18 37 46 9 18 37 47 8 18 37 48 7 18 37 49 6 18 37 51 5 18 37 53 4 18 37 55 3 18 38 3 56 18 38 4 54 18 38 5 52 18 38 6 50 18 38 7 49 18 38 8 48 18 38 9 47 18 38 10 46 18 38 11 45 18 38 12 44 18 38 13 43 18 38 14 42 18 38 15 41 18 38 16 40 18 38 17 39 18 38 18 38 18 38 19 37 18 38 20 36 18 38 21 35 18 38 22 34 18 38 23 33 18 38 24 32 18 38 25 31 18 38 26 30 18 38 27 29 18 38 28 28 18 38 29 27 18 38 30 26 18 38 31 25 18 38 32 24 18 38 33 23 18 38 34 22 18 38 35 21 18 38 36 20 18 38 37 19 18 38 38 18 18 38 39 17 18 38 40 16 18 38 41 15 18 38 42 14 18 38 43 13 18 38 44 12 18 38 45 11 18 38 46 10 18 38 47 9 18 38 48 8 18 38 49 7 18 38 50 6 18 38 52 5 18 38 54 4 18 38 56 3 18 39 3 57 18 39 4 55 18 39 5 53 18 39 6 51 18 39 7 50 18 39 8 49 18 39 9 48 18 39 10 47 18 39 11 46 18 39 12 45 18 39 13 44 18 39 14 43 18 39 15 42 18 39 16 41 18 39 17 40 18 39 18 39 18 39 19 38 18 39 20 37 18 39 21 36 18 39 22 35 18 39 23 34 18 39 24 33 18 39 25 32 18 39 26 31 18 39 27 30 18 39 28 29 18 39 29 28 18 39 30 27 18 39 31 26 18 39 32 25 18 39 33 24 18 39 34 23 18 39 35 22 18 39 36 21 18 39 37 20 18 39 38 19 18 39 39 18 18 39 40 17 18 39 41 16 18 39 42 15 18 39 43 14 18 39 44 13 18 39 45 12 18 39 46 11 18 39 47 10 18 39 48 9 18 39 49 8 18 39 50 7 18 39 51 6 18 39 53 5 18 39 55 4 18 39 57 3 18 40 3 58 18 40 4 56 18 40 5 54 18 40 6 52 18 40 7 51 18 40 8 50 18 40 9 49 18 40 10 48 18 40 11 47 18 40 12 46 18 40 13 45 18 40 14 44 18 40 15 43 18 40 16 42 18 40 17 41 18 40 18 40 18 40 19 39 18 40 20 38 18 40 21 37 18 40 22 36 18 40 23 35 18 40 24 34 18 40 25 33 18 40 26 32 18 40 27 31 18 40 28 30 18 40 29 29 18 40 30 28 18 40 31 27 18 40 32 26 18 40 33 25 18 40 34 24 18 40 35 23 18 40 36 22 18 40 37 21 18 40 38 20 18 40 39 19 18 40 40 18 18 40 41 17 18 40 42 16 18 40 43 15 18 40 44 14 18 40 45 13 18 40 46 12 18 40 47 11 18 40 48 10 18 40 49 9 18 40 50 8 18 40 51 7 18 40 52 6 18 40 54 5 18 40 56 4 18 40 58 3 18 41 4 57 18 41 5 55 18 41 6 53 18 41 7 52 18 41 8 51 18 41 9 50 18 41 10 49 18 41 11 48 18 41 12 47 18 41 13 46 18 41 14 45 18 41 15 44 18 41 16 43 18 41 17 42 18 41 18 41 18 41 19 40 18 41 20 39 18 41 21 38 18 41 22 37 18 41 23 36 18 41 24 35 18 41 25 34 18 41 26 33 18 41 27 32 18 41 28 31 18 41 29 30 18 41 30 29 18 41 31 28 18 41 32 27 18 41 33 26 18 41 34 25 18 41 35 24 18 41 36 23 18 41 37 22 18 41 38 21 18 41 39 20 18 41 40 19 18 41 41 18 18 41 42 17 18 41 43 16 18 41 44 15 18 41 45 14 18 41 46 13 18 41 47 12 18 41 48 11 18 41 49 10 18 41 50 9 18 41 51 8 18 41 52 7 18 41 53 6 18 41 55 5 18 41 57 4 18 42 4 58 18 42 5 56 18 42 6 54 18 42 7 53 18 42 8 52 18 42 9 51 18 42 10 50 18 42 11 49 18 42 12 48 18 42 13 47 18 42 14 46 18 42 15 45 18 42 16 44 18 42 17 43 18 42 18 42 18 42 19 41 18 42 20 40 18 42 21 39 18 42 22 38 18 42 23 37 18 42 24 36 18 42 25 35 18 42 26 34 18 42 27 33 18 42 28 32 18 42 29 31 18 42 30 30 18 42 31 29 18 42 32 28 18 42 33 27 18 42 34 26 18 42 35 25 18 42 36 24 18 42 37 23 18 42 38 22 18 42 39 21 18 42 40 20 18 42 41 19 18 42 42 18 18 42 43 17 18 42 44 16 18 42 45 15 18 42 46 14 18 42 47 13 18 42 48 12 18 42 49 11 18 42 50 10 18 42 51 9 18 42 52 8 18 42 53 7 18 42 54 6 18 42 56 5 18 42 58 4 18 43 4 59 18 43 5 57 18 43 6 55 18 43 7 54 18 43 8 53 18 43 9 52 18 43 10 51 18 43 11 50 18 43 12 49 18 43 13 48 18 43 14 47 18 43 15 46 18 43 16 45 18 43 17 44 18 43 18 43 18 43 19 42 18 43 20 41 18 43 21 40 18 43 22 39 18 43 23 38 18 43 24 37 18 43 25 36 18 43 26 35 18 43 27 34 18 43 28 33 18 43 29 32 18 43 30 31 18 43 31 30 18 43 32 29 18 43 33 28 18 43 34 27 18 43 35 26 18 43 36 25 18 43 37 24 18 43 38 23 18 43 39 22 18 43 40 21 18 43 41 20 18 43 42 19 18 43 43 18 18 43 44 17 18 43 45 16 18 43 46 15 18 43 47 14 18 43 48 13 18 43 49 12 18 43 50 11 18 43 51 10 18 43 52 9 18 43 53 8 18 43 54 7 18 43 55 6 18 43 57 5 18 43 59 4 18 44 4 60 18 44 5 58 18 44 6 56 18 44 7 55 18 44 8 54 18 44 9 53 18 44 10 52 18 44 11 51 18 44 12 50 18 44 13 49 18 44 14 48 18 44 15 47 18 44 16 46 18 44 17 45 18 44 18 44 18 44 19 43 18 44 20 42 18 44 21 41 18 44 22 40 18 44 23 39 18 44 24 38 18 44 25 37 18 44 26 36 18 44 27 35 18 44 28 34 18 44 29 33 18 44 30 32 18 44 31 31 18 44 32 30 18 44 33 29 18 44 34 28 18 44 35 27 18 44 36 26 18 44 37 25 18 44 38 24 18 44 39 23 18 44 40 22 18 44 41 21 18 44 42 20 18 44 43 19 18 44 44 18 18 44 45 17 18 44 46 16 18 44 47 15 18 44 48 14 18 44 49 13 18 44 50 12 18 44 51 11 18 44 52 10 18 44 53 9 18 44 54 8 18 44 55 7 18 44 56 6 18 44 58 5 18 44 60 4 18 45 5 59 18 45 6 57 18 45 7 56 18 45 8 55 18 45 9 54 18 45 10 53 18 45 11 52 18 45 12 51 18 45 13 50 18 45 14 49 18 45 15 48 18 45 16 47 18 45 17 46 18 45 18 45 18 45 19 44 18 45 20 43 18 45 21 42 18 45 22 41 18 45 23 40 18 45 24 39 18 45 25 38 18 45 26 37 18 45 27 36 18 45 28 35 18 45 29 34 18 45 30 33 18 45 31 32 18 45 32 31 18 45 33 30 18 45 34 29 18 45 35 28 18 45 36 27 18 45 37 26 18 45 38 25 18 45 39 24 18 45 40 23 18 45 41 22 18 45 42 21 18 45 43 20 18 45 44 19 18 45 45 18 18 45 46 17 18 45 47 16 18 45 48 15 18 45 49 14 18 45 50 13 18 45 51 12 18 45 52 11 18 45 53 10 18 45 54 9 18 45 55 8 18 45 56 7 18 45 57 6 18 45 59 5 18 46 5 60 18 46 6 58 18 46 7 57 18 46 8 56 18 46 9 55 18 46 10 54 18 46 11 53 18 46 12 52 18 46 13 51 18 46 14 50 18 46 15 49 18 46 16 48 18 46 17 47 18 46 18 46 18 46 19 45 18 46 20 44 18 46 21 43 18 46 22 42 18 46 23 41 18 46 24 40 18 46 25 39 18 46 26 38 18 46 27 37 18 46 28 36 18 46 29 35 18 46 30 34 18 46 31 33 18 46 32 32 18 46 33 31 18 46 34 30 18 46 35 29 18 46 36 28 18 46 37 27 18 46 38 26 18 46 39 25 18 46 40 24 18 46 41 23 18 46 42 22 18 46 43 21 18 46 44 20 18 46 45 19 18 46 46 18 18 46 47 17 18 46 48 16 18 46 49 15 18 46 50 14 18 46 51 13 18 46 52 12 18 46 53 11 18 46 54 10 18 46 55 9 18 46 56 8 18 46 57 7 18 46 58 6 18 46 60 5 18 47 5 61 18 47 6 59 18 47 7 58 18 47 8 57 18 47 9 56 18 47 10 55 18 47 11 54 18 47 12 53 18 47 13 52 18 47 14 51 18 47 15 50 18 47 16 49 18 47 17 48 18 47 18 47 18 47 19 46 18 47 20 45 18 47 21 44 18 47 22 43 18 47 23 42 18 47 24 41 18 47 25 40 18 47 26 39 18 47 27 38 18 47 28 37 18 47 29 36 18 47 30 35 18 47 31 34 18 47 32 33 18 47 33 32 18 47 34 31 18 47 35 30 18 47 36 29 18 47 37 28 18 47 38 27 18 47 39 26 18 47 40 25 18 47 41 24 18 47 42 23 18 47 43 22 18 47 44 21 18 47 45 20 18 47 46 19 18 47 47 18 18 47 48 17 18 47 49 16 18 47 50 15 18 47 51 14 18 47 52 13 18 47 53 12 18 47 54 11 18 47 55 10 18 47 56 9 18 47 57 8 18 47 58 7 18 47 59 6 18 47 61 5 18 48 5 62 18 48 6 60 18 48 7 59 18 48 8 58 18 48 9 57 18 48 10 56 18 48 11 55 18 48 12 54 18 48 13 53 18 48 14 52 18 48 15 51 18 48 16 50 18 48 17 49 18 48 18 48 18 48 19 47 18 48 20 46 18 48 21 45 18 48 22 44 18 48 23 43 18 48 24 42 18 48 25 41 18 48 26 40 18 48 27 39 18 48 28 38 18 48 29 37 18 48 30 36 18 48 31 35 18 48 32 34 18 48 33 33 18 48 34 32 18 48 35 31 18 48 36 30 18 48 37 29 18 48 38 28 18 48 39 27 18 48 40 26 18 48 41 25 18 48 42 24 18 48 43 23 18 48 44 22 18 48 45 21 18 48 46 20 18 48 47 19 18 48 48 18 18 48 49 17 18 48 50 16 18 48 51 15 18 48 52 14 18 48 53 13 18 48 54 12 18 48 55 11 18 48 56 10 18 48 57 9 18 48 58 8 18 48 59 7 18 48 60 6 18 48 62 5 18 49 6 61 18 49 7 60 18 49 8 59 18 49 9 58 18 49 10 57 18 49 11 56 18 49 12 55 18 49 13 54 18 49 14 53 18 49 15 52 18 49 16 51 18 49 17 50 18 49 18 49 18 49 19 48 18 49 20 47 18 49 21 46 18 49 22 45 18 49 23 44 18 49 24 43 18 49 25 42 18 49 26 41 18 49 27 40 18 49 28 39 18 49 29 38 18 49 30 37 18 49 31 36 18 49 32 35 18 49 33 34 18 49 34 33 18 49 35 32 18 49 36 31 18 49 37 30 18 49 38 29 18 49 39 28 18 49 40 27 18 49 41 26 18 49 42 25 18 49 43 24 18 49 44 23 18 49 45 22 18 49 46 21 18 49 47 20 18 49 48 19 18 49 49 18 18 49 50 17 18 49 51 16 18 49 52 15 18 49 53 14 18 49 54 13 18 49 55 12 18 49 56 11 18 49 57 10 18 49 58 9 18 49 59 8 18 49 60 7 18 49 61 6 18 50 6 62 18 50 7 61 18 50 8 60 18 50 9 59 18 50 10 58 18 50 11 57 18 50 12 56 18 50 13 55 18 50 14 54 18 50 15 53 18 50 16 52 18 50 17 51 18 50 18 50 18 50 19 49 18 50 20 48 18 50 21 47 18 50 22 46 18 50 23 45 18 50 24 44 18 50 25 43 18 50 26 42 18 50 27 41 18 50 28 40 18 50 29 39 18 50 30 38 18 50 31 37 18 50 32 36 18 50 33 35 18 50 34 34 18 50 35 33 18 50 36 32 18 50 37 31 18 50 38 30 18 50 39 29 18 50 40 28 18 50 41 27 18 50 42 26 18 50 43 25 18 50 44 24 18 50 45 23 18 50 46 22 18 50 47 21 18 50 48 20 18 50 49 19 18 50 50 18 18 50 51 17 18 50 52 16 18 50 53 15 18 50 54 14 18 50 55 13 18 50 56 12 18 50 57 11 18 50 58 10 18 50 59 9 18 50 60 8 18 50 61 7 18 50 62 6 18 51 7 62 18 51 8 61 18 51 9 60 18 51 10 59 18 51 11 58 18 51 12 57 18 51 13 56 18 51 14 55 18 51 15 54 18 51 16 53 18 51 17 52 18 51 18 51 18 51 19 50 18 51 20 49 18 51 21 48 18 51 22 47 18 51 23 46 18 51 24 45 18 51 25 44 18 51 26 43 18 51 27 42 18 51 28 41 18 51 29 40 18 51 30 39 18 51 31 38 18 51 32 37 18 51 33 36 18 51 34 35 18 51 35 34 18 51 36 33 18 51 37 32 18 51 38 31 18 51 39 30 18 51 40 29 18 51 41 28 18 51 42 27 18 51 43 26 18 51 44 25 18 51 45 24 18 51 46 23 18 51 47 22 18 51 48 21 18 51 49 20 18 51 50 19 18 51 51 18 18 51 52 17 18 51 53 16 18 51 54 15 18 51 55 14 18 51 56 13 18 51 57 12 18 51 58 11 18 51 59 10 18 51 60 9 18 51 61 8 18 51 62 7 18 52 8 62 18 52 9 61 18 52 10 60 18 52 11 59 18 52 12 58 18 52 13 57 18 52 14 56 18 52 15 55 18 52 16 54 18 52 17 53 18 52 18 52 18 52 19 51 18 52 20 50 18 52 21 49 18 52 22 48 18 52 23 47 18 52 24 46 18 52 25 45 18 52 26 44 18 52 27 43 18 52 28 42 18 52 29 41 18 52 30 40 18 52 31 39 18 52 32 38 18 52 33 37 18 52 34 36 18 52 35 35 18 52 36 34 18 52 37 33 18 52 38 32 18 52 39 31 18 52 40 30 18 52 41 29 18 52 42 28 18 52 43 27 18 52 44 26 18 52 45 25 18 52 46 24 18 52 47 23 18 52 48 22 18 52 49 21 18 52 50 20 18 52 51 19 18 52 52 18 18 52 53 17 18 52 54 16 18 52 55 15 18 52 56 14 18 52 57 13 18 52 58 12 18 52 59 11 18 52 60 10 18 52 61 9 18 52 62 8 18 53 9 62 18 53 10 61 18 53 11 60 18 53 12 59 18 53 13 58 18 53 14 57 18 53 15 56 18 53 16 55 18 53 17 54 18 53 18 53 18 53 19 52 18 53 20 51 18 53 21 50 18 53 22 49 18 53 23 48 18 53 24 47 18 53 25 46 18 53 26 45 18 53 27 44 18 53 28 43 18 53 29 42 18 53 30 41 18 53 31 40 18 53 32 39 18 53 33 38 18 53 34 37 18 53 35 36 18 53 36 35 18 53 37 34 18 53 38 33 18 53 39 32 18 53 40 31 18 53 41 30 18 53 42 29 18 53 43 28 18 53 44 27 18 53 45 26 18 53 46 25 18 53 47 24 18 53 48 23 18 53 49 22 18 53 50 21 18 53 51 20 18 53 52 19 18 53 53 18 18 53 54 17 18 53 55 16 18 53 56 15 18 53 57 14 18 53 58 13 18 53 59 12 18 53 60 11 18 53 61 10 18 53 62 9 18 54 10 62 18 54 11 61 18 54 12 60 18 54 13 59 18 54 14 58 18 54 15 57 18 54 16 56 18 54 17 55 18 54 18 54 18 54 19 53 18 54 20 52 18 54 21 51 18 54 22 50 18 54 23 49 18 54 24 48 18 54 25 47 18 54 26 46 18 54 27 45 18 54 28 44 18 54 29 43 18 54 30 42 18 54 31 41 18 54 32 40 18 54 33 39 18 54 34 38 18 54 35 37 18 54 36 36 18 54 37 35 18 54 38 34 18 54 39 33 18 54 40 32 18 54 41 31 18 54 42 30 18 54 43 29 18 54 44 28 18 54 45 27 18 54 46 26 18 54 47 25 18 54 48 24 18 54 49 23 18 54 50 22 18 54 51 21 18 54 52 20 18 54 53 19 18 54 54 18 18 54 55 17 18 54 56 16 18 54 57 15 18 54 58 14 18 54 59 13 18 54 60 12 18 54 61 11 18 54 62 10 18 55 11 62 18 55 12 61 18 55 13 60 18 55 14 59 18 55 15 58 18 55 16 57 18 55 17 56 18 55 18 55 18 55 19 54 18 55 20 53 18 55 21 52 18 55 22 51 18 55 23 50 18 55 24 49 18 55 25 48 18 55 26 47 18 55 27 46 18 55 28 45 18 55 29 44 18 55 30 43 18 55 31 42 18 55 32 41 18 55 33 40 18 55 34 39 18 55 35 38 18 55 36 37 18 55 37 36 18 55 38 35 18 55 39 34 18 55 40 33 18 55 41 32 18 55 42 31 18 55 43 30 18 55 44 29 18 55 45 28 18 55 46 27 18 55 47 26 18 55 48 25 18 55 49 24 18 55 50 23 18 55 51 22 18 55 52 21 18 55 53 20 18 55 54 19 18 55 55 18 18 55 56 17 18 55 57 16 18 55 58 15 18 55 59 14 18 55 60 13 18 55 61 12 18 55 62 11 18 56 12 62 18 56 13 61 18 56 14 60 18 56 15 59 18 56 16 58 18 56 17 57 18 56 18 56 18 56 19 55 18 56 20 54 18 56 21 53 18 56 22 52 18 56 23 51 18 56 24 50 18 56 25 49 18 56 26 48 18 56 27 47 18 56 28 46 18 56 29 45 18 56 30 44 18 56 31 43 18 56 32 42 18 56 33 41 18 56 34 40 18 56 35 39 18 56 36 38 18 56 37 37 18 56 38 36 18 56 39 35 18 56 40 34 18 56 41 33 18 56 42 32 18 56 43 31 18 56 44 30 18 56 45 29 18 56 46 28 18 56 47 27 18 56 48 26 18 56 49 25 18 56 50 24 18 56 51 23 18 56 52 22 18 56 53 21 18 56 54 20 18 56 55 19 18 56 56 18 18 56 57 17 18 56 58 16 18 56 59 15 18 56 60 14 18 56 61 13 18 56 62 12 18 57 13 62 18 57 14 61 18 57 15 60 18 57 16 59 18 57 17 58 18 57 18 57 18 57 19 56 18 57 20 55 18 57 21 54 18 57 22 53 18 57 23 52 18 57 24 51 18 57 25 50 18 57 26 49 18 57 27 48 18 57 28 47 18 57 29 46 18 57 30 45 18 57 31 44 18 57 32 43 18 57 33 42 18 57 34 41 18 57 35 40 18 57 36 39 18 57 37 38 18 57 38 37 18 57 39 36 18 57 40 35 18 57 41 34 18 57 42 33 18 57 43 32 18 57 44 31 18 57 45 30 18 57 46 29 18 57 47 28 18 57 48 27 18 57 49 26 18 57 50 25 18 57 51 24 18 57 52 23 18 57 53 22 18 57 54 21 18 57 55 20 18 57 56 19 18 57 57 18 18 57 58 17 18 57 59 16 18 57 60 15 18 57 61 14 18 57 62 13 18 58 14 62 18 58 15 61 18 58 16 60 18 58 17 59 18 58 18 58 18 58 19 57 18 58 20 56 18 58 21 55 18 58 22 54 18 58 23 53 18 58 24 52 18 58 25 51 18 58 26 50 18 58 27 49 18 58 28 48 18 58 29 47 18 58 30 46 18 58 31 45 18 58 32 44 18 58 33 43 18 58 34 42 18 58 35 41 18 58 36 40 18 58 37 39 18 58 38 38 18 58 39 37 18 58 40 36 18 58 41 35 18 58 42 34 18 58 43 33 18 58 44 32 18 58 45 31 18 58 46 30 18 58 47 29 18 58 48 28 18 58 49 27 18 58 50 26 18 58 51 25 18 58 52 24 18 58 53 23 18 58 54 22 18 58 55 21 18 58 56 20 18 58 57 19 18 58 58 18 18 58 59 17 18 58 60 16 18 58 61 15 18 58 62 14 18 59 15 62 18 59 16 61 18 59 17 60 18 59 18 59 18 59 19 58 18 59 20 57 18 59 21 56 18 59 22 55 18 59 23 54 18 59 24 53 18 59 25 52 18 59 26 51 18 59 27 50 18 59 28 49 18 59 29 48 18 59 30 47 18 59 31 46 18 59 32 45 18 59 33 44 18 59 34 43 18 59 35 42 18 59 36 41 18 59 37 40 18 59 38 39 18 59 39 38 18 59 40 37 18 59 41 36 18 59 42 35 18 59 43 34 18 59 44 33 18 59 45 32 18 59 46 31 18 59 47 30 18 59 48 29 18 59 49 28 18 59 50 27 18 59 51 26 18 59 52 25 18 59 53 24 18 59 54 23 18 59 55 22 18 59 56 21 18 59 57 20 18 59 58 19 18 59 59 18 18 59 60 17 18 59 61 16 18 59 62 15 18 60 16 62 18 60 17 61 18 60 18 60 18 60 19 59 18 60 20 58 18 60 21 57 18 60 22 56 18 60 23 55 18 60 24 54 18 60 25 53 18 60 26 52 18 60 27 51 18 60 28 50 18 60 29 49 18 60 30 48 18 60 31 47 18 60 32 46 18 60 33 45 18 60 34 44 18 60 35 43 18 60 36 42 18 60 37 41 18 60 38 40 18 60 39 39 18 60 40 38 18 60 41 37 18 60 42 36 18 60 43 35 18 60 44 34 18 60 45 33 18 60 46 32 18 60 47 31 18 60 48 30 18 60 49 29 18 60 50 28 18 60 51 27 18 60 52 26 18 60 53 25 18 60 54 24 18 60 55 23 18 60 56 22 18 60 57 21 18 60 58 20 18 60 59 19 18 60 60 18 18 60 61 17 18 60 62 16 18 61 17 62 18 61 18 61 18 61 19 60 18 61 20 59 18 61 21 58 18 61 22 57 18 61 23 56 18 61 24 55 18 61 25 54 18 61 26 53 18 61 27 52 18 61 28 51 18 61 29 50 18 61 30 49 18 61 31 48 18 61 32 47 18 61 33 46 18 61 34 45 18 61 35 44 18 61 36 43 18 61 37 42 18 61 38 41 18 61 39 40 18 61 40 39 18 61 41 38 18 61 42 37 18 61 43 36 18 61 44 35 18 61 45 34 18 61 46 33 18 61 47 32 18 61 48 31 18 61 49 30 18 61 50 29 18 61 51 28 18 61 52 27 18 61 53 26 18 61 54 25 18 61 55 24 18 61 56 23 18 61 57 22 18 61 58 21 18 61 59 20 18 61 60 19 18 61 61 18 18 61 62 17 18 62 18 62 18 62 19 61 18 62 20 60 18 62 21 59 18 62 22 58 18 62 23 57 18 62 24 56 18 62 25 55 18 62 26 54 18 62 27 53 18 62 28 52 18 62 29 51 18 62 30 50 18 62 31 49 18 62 32 48 18 62 33 47 18 62 34 46 18 62 35 45 18 62 36 44 18 62 37 43 18 62 38 42 18 62 39 41 18 62 40 40 18 62 41 39 18 62 42 38 18 62 43 37 18 62 44 36 18 62 45 35 18 62 46 34 18 62 47 33 18 62 48 32 18 62 49 31 18 62 50 30 18 62 51 29 18 62 52 28 18 62 53 27 18 62 54 26 18 62 55 25 18 62 56 24 18 62 57 23 18 62 58 22 18 62 59 21 18 62 60 20 18 62 61 19 18 62 62 18 












































