


















































51 0 0 51 51 0 1 49 51 0 2 47 51 0 3 46 51 0 4 44 51 0 5 42 51 0 6 40 51 0 7 39 51 0 8 38 51 0 10 36 51 0 11 35 51 0 13 33 51 0 16 30 51 0 30 16 51 0 33 13 51 0 35 11 51 0 36 10 51 0 38 8 51 0 39 7 51 0 40 6 51 0 42 5 51 0 44 4 51 0 46 3 51 0 47 2 51 0 49 1 51 0 51 0 51 1 0 53 51 1 1 51 51 1 2 49 51 1 3 48 51 1 4 46 51 1 5 44 51 1 6 42 51 1 7 41 51 1 8 40 51 1 9 39 51 1 10 38 51 1 11 37 51 1 12 36 51 1 13 35 51 1 14 34 51 1 15 33 51 1 16 32 51 1 17 31 51 1 18 30 51 1 19 29 51 1 20 28 51 1 21 27 51 1 22 26 51 1 23 25 51 1 24 24 51 1 25 23 51 1 26 22 51 1 27 21 51 1 28 20 51 1 29 19 51 1 30 18 51 1 31 17 51 1 32 16 51 1 33 15 51 1 34 14 51 1 35 13 51 1 36 12 51 1 37 11 51 1 38 10 51 1 39 9 51 1 40 8 51 1 41 7 51 1 42 6 51 1 44 5 51 1 46 4 51 1 48 3 51 1 49 2 51 1 51 1 51 1 53 0 51 2 0 55 51 2 1 53 51 2 2 51 51 2 3 50 51 2 4 48 51 2 5 46 51 2 6 44 51 2 7 43 51 2 8 42 51 2 9 41 51 2 10 40 51 2 11 39 51 2 12 38 51 2 13 37 51 2 14 36 51 2 15 35 51 2 16 34 51 2 17 33 51 2 18 32 51 2 19 31 51 2 20 30 51 2 21 29 51 2 22 28 51 2 23 27 51 2 25 25 51 2 27 23 51 2 28 22 51 2 29 21 51 2 30 20 51 2 31 19 51 2 32 18 51 2 33 17 51 2 34 16 51 2 35 15 51 2 36 14 51 2 37 13 51 2 38 12 51 2 39 11 51 2 40 10 51 2 41 9 51 2 42 8 51 2 43 7 51 2 44 6 51 2 46 5 51 2 48 4 51 2 50 3 51 2 51 2 51 2 53 1 51 2 55 0 51 3 0 56 51 3 1 54 51 3 2 52 51 3 3 51 51 3 4 49 51 3 5 47 51 3 6 45 51 3 7 44 51 3 8 43 51 3 9 42 51 3 10 41 51 3 11 40 51 3 12 39 51 3 13 38 51 3 14 37 51 3 15 36 51 3 16 35 51 3 17 34 51 3 18 33 51 3 19 32 51 3 20 31 51 3 21 30 51 3 22 29 51 3 23 28 51 3 24 27 51 3 25 26 51 3 26 25 51 3 27 24 51 3 28 23 51 3 29 22 51 3 30 21 51 3 31 20 51 3 32 19 51 3 33 18 51 3 34 17 51 3 35 16 51 3 36 15 51 3 37 14 51 3 38 13 51 3 39 12 51 3 40 11 51 3 41 10 51 3 42 9 51 3 43 8 51 3 44 7 51 3 45 6 51 3 47 5 51 3 49 4 51 3 51 3 51 3 52 2 51 3 54 1 51 3 56 0 51 4 0 58 51 4 1 56 51 4 2 54 51 4 3 53 51 4 4 51 51 4 5 49 51 4 6 47 51 4 7 46 51 4 8 45 51 4 9 44 51 4 10 43 51 4 11 42 51 4 12 41 51 4 13 40 51 4 14 39 51 4 15 38 51 4 16 37 51 4 17 36 51 4 18 35 51 4 19 34 51 4 20 33 51 4 21 32 51 4 22 31 51 4 23 30 51 4 24 29 51 4 25 28 51 4 26 27 51 4 27 26 51 4 28 25 51 4 29 24 51 4 30 23 51 4 31 22 51 4 32 21 51 4 33 20 51 4 34 19 51 4 35 18 51 4 36 17 51 4 37 16 51 4 38 15 51 4 39 14 51 4 40 13 51 4 41 12 51 4 42 11 51 4 43 10 51 4 44 9 51 4 45 8 51 4 46 7 51 4 47 6 51 4 49 5 51 4 51 4 51 4 53 3 51 4 54 2 51 4 56 1 51 4 58 0 51 5 1 58 51 5 2 56 51 5 3 55 51 5 4 53 51 5 5 51 51 5 6 49 51 5 7 48 51 5 8 47 51 5 9 46 51 5 10 45 51 5 11 44 51 5 12 43 51 5 13 42 51 5 14 41 51 5 15 40 51 5 16 39 51 5 17 38 51 5 18 37 51 5 19 36 51 5 20 35 51 5 21 34 51 5 22 33 51 5 23 32 51 5 24 31 51 5 25 30 51 5 26 29 51 5 27 28 51 5 28 27 51 5 29 26 51 5 30 25 51 5 31 24 51 5 32 23 51 5 33 22 51 5 34 21 51 5 35 20 51 5 36 19 51 5 37 18 51 5 38 17 51 5 39 16 51 5 40 15 51 5 41 14 51 5 42 13 51 5 43 12 51 5 44 11 51 5 45 10 51 5 46 9 51 5 47 8 51 5 48 7 51 5 49 6 51 5 51 5 51 5 53 4 51 5 55 3 51 5 56 2 51 5 58 1 51 6 1 60 51 6 2 58 51 6 3 57 51 6 4 55 51 6 5 53 51 6 6 51 51 6 7 50 51 6 8 49 51 6 9 48 51 6 10 47 51 6 11 46 51 6 13 44 51 6 14 43 51 6 15 42 51 6 16 41 51 6 17 40 51 6 18 39 51 6 19 38 51 6 20 37 51 6 21 36 51 6 22 35 51 6 23 34 51 6 24 33 51 6 25 32 51 6 26 31 51 6 27 30 51 6 28 29 51 6 29 28 51 6 30 27 51 6 31 26 51 6 32 25 51 6 33 24 51 6 34 23 51 6 35 22 51 6 36 21 51 6 37 20 51 6 38 19 51 6 39 18 51 6 40 17 51 6 41 16 51 6 42 15 51 6 43 14 51 6 44 13 51 6 46 11 51 6 47 10 51 6 48 9 51 6 49 8 51 6 50 7 51 6 51 6 51 6 53 5 51 6 55 4 51 6 57 3 51 6 58 2 51 6 60 1 51 7 1 61 51 7 2 59 51 7 3 58 51 7 4 56 51 7 5 54 51 7 6 52 51 7 7 51 51 7 8 50 51 7 9 49 51 7 10 48 51 7 11 47 51 7 12 46 51 7 13 45 51 7 14 44 51 7 15 43 51 7 16 42 51 7 17 41 51 7 18 40 51 7 19 39 51 7 20 38 51 7 21 37 51 7 22 36 51 7 23 35 51 7 24 34 51 7 25 33 51 7 26 32 51 7 27 31 51 7 28 30 51 7 29 29 51 7 30 28 51 7 31 27 51 7 32 26 51 7 33 25 51 7 34 24 51 7 35 23 51 7 36 22 51 7 37 21 51 7 38 20 51 7 39 19 51 7 40 18 51 7 41 17 51 7 42 16 51 7 43 15 51 7 44 14 51 7 45 13 51 7 46 12 51 7 47 11 51 7 48 10 51 7 49 9 51 7 50 8 51 7 51 7 51 7 52 6 51 7 54 5 51 7 56 4 51 7 58 3 51 7 59 2 51 7 61 1 51 8 1 62 51 8 2 60 51 8 3 59 51 8 4 57 51 8 5 55 51 8 6 53 51 8 7 52 51 8 8 51 51 8 9 50 51 8 10 49 51 8 11 48 51 8 12 47 51 8 13 46 51 8 14 45 51 8 15 44 51 8 16 43 51 8 17 42 51 8 18 41 51 8 19 40 51 8 20 39 51 8 21 38 51 8 22 37 51 8 23 36 51 8 24 35 51 8 25 34 51 8 26 33 51 8 27 32 51 8 28 31 51 8 29 30 51 8 30 29 51 8 31 28 51 8 32 27 51 8 33 26 51 8 34 25 51 8 35 24 51 8 36 23 51 8 37 22 51 8 38 21 51 8 39 20 51 8 40 19 51 8 41 18 51 8 42 17 51 8 43 16 51 8 44 15 51 8 45 14 51 8 46 13 51 8 47 12 51 8 48 11 51 8 49 10 51 8 50 9 51 8 51 8 51 8 52 7 51 8 53 6 51 8 55 5 51 8 57 4 51 8 59 3 51 8 60 2 51 8 62 1 51 9 1 63 51 9 2 61 51 9 3 60 51 9 4 58 51 9 5 56 51 9 6 54 51 9 7 53 51 9 8 52 51 9 9 51 51 9 10 50 51 9 11 49 51 9 12 48 51 9 13 47 51 9 14 46 51 9 15 45 51 9 16 44 51 9 17 43 51 9 18 42 51 9 19 41 51 9 20 40 51 9 21 39 51 9 22 38 51 9 23 37 51 9 24 36 51 9 25 35 51 9 26 34 51 9 27 33 51 9 28 32 51 9 29 31 51 9 30 30 51 9 31 29 51 9 32 28 51 9 33 27 51 9 34 26 51 9 35 25 51 9 36 24 51 9 37 23 51 9 38 22 51 9 39 21 51 9 40 20 51 9 41 19 51 9 42 18 51 9 43 17 51 9 44 16 51 9 45 15 51 9 46 14 51 9 47 13 51 9 48 12 51 9 49 11 51 9 50 10 51 9 51 9 51 9 52 8 51 9 53 7 51 9 54 6 51 9 56 5 51 9 58 4 51 9 60 3 51 9 61 2 51 9 63 1 51 10 1 64 51 10 2 62 51 10 3 61 51 10 4 59 51 10 5 57 51 10 6 55 51 10 7 54 51 10 8 53 51 10 9 52 51 10 10 51 51 10 11 50 51 10 12 49 51 10 13 48 51 10 14 47 51 10 15 46 51 10 16 45 51 10 17 44 51 10 18 43 51 10 19 42 51 10 20 41 51 10 21 40 51 10 22 39 51 10 23 38 51 10 24 37 51 10 25 36 51 10 26 35 51 10 27 34 51 10 28 33 51 10 29 32 51 10 30 31 51 10 31 30 51 10 32 29 51 10 33 28 51 10 34 27 51 10 35 26 51 10 36 25 51 10 37 24 51 10 38 23 51 10 39 22 51 10 40 21 51 10 41 20 51 10 42 19 51 10 43 18 51 10 44 17 51 10 45 16 51 10 46 15 51 10 47 14 51 10 48 13 51 10 49 12 51 10 50 11 51 10 51 10 51 10 52 9 51 10 53 8 51 10 54 7 51 10 55 6 51 10 57 5 51 10 59 4 51 10 61 3 51 10 62 2 51 10 64 1 51 11 2 63 51 11 3 62 51 11 4 60 51 11 5 58 51 11 6 56 51 11 7 55 51 11 8 54 51 11 9 53 51 11 10 52 51 11 11 51 51 11 12 50 51 11 13 49 51 11 14 48 51 11 15 47 51 11 16 46 51 11 17 45 51 11 18 44 51 11 19 43 51 11 20 42 51 11 21 41 51 11 22 40 51 11 23 39 51 11 24 38 51 11 25 37 51 11 26 36 51 11 27 35 51 11 28 34 51 11 29 33 51 11 30 32 51 11 31 31 51 11 32 30 51 11 33 29 51 11 34 28 51 11 35 27 51 11 36 26 51 11 37 25 51 11 38 24 51 11 39 23 51 11 40 22 51 11 41 21 51 11 42 20 51 11 43 19 51 11 44 18 51 11 45 17 51 11 46 16 51 11 47 15 51 11 48 14 51 11 49 13 51 11 50 12 51 11 51 11 51 11 52 10 51 11 53 9 51 11 54 8 51 11 55 7 51 11 56 6 51 11 58 5 51 11 60 4 51 11 62 3 51 11 63 2 51 12 2 64 51 12 3 63 51 12 4 61 51 12 5 59 51 12 6 57 51 12 7 56 51 12 8 55 51 12 9 54 51 12 10 53 51 12 11 52 51 12 12 51 51 12 13 50 51 12 14 49 51 12 15 48 51 12 16 47 51 12 17 46 51 12 18 45 51 12 19 44 51 12 20 43 51 12 21 42 51 12 22 41 51 12 23 40 51 12 24 39 51 12 25 38 51 12 26 37 51 12 27 36 51 12 28 35 51 12 29 34 51 12 30 33 51 12 31 32 51 12 32 31 51 12 33 30 51 12 34 29 51 12 35 28 51 12 36 27 51 12 37 26 51 12 38 25 51 12 39 24 51 12 40 23 51 12 41 22 51 12 42 21 51 12 43 20 51 12 44 19 51 12 45 18 51 12 46 17 51 12 47 16 51 12 48 15 51 12 49 14 51 12 50 13 51 12 51 12 51 12 52 11 51 12 53 10 51 12 54 9 51 12 55 8 51 12 56 7 51 12 57 6 51 12 59 5 51 12 61 4 51 12 63 3 51 12 64 2 51 13 2 65 51 13 3 64 51 13 4 62 51 13 5 60 51 13 6 58 51 13 7 57 51 13 8 56 51 13 9 55 51 13 10 54 51 13 11 53 51 13 12 52 51 13 13 51 51 13 14 50 51 13 15 49 51 13 16 48 51 13 17 47 51 13 18 46 51 13 19 45 51 13 20 44 51 13 21 43 51 13 22 42 51 13 23 41 51 13 24 40 51 13 25 39 51 13 26 38 51 13 27 37 51 13 28 36 51 13 29 35 51 13 30 34 51 13 31 33 51 13 32 32 51 13 33 31 51 13 34 30 51 13 35 29 51 13 36 28 51 13 37 27 51 13 38 26 51 13 39 25 51 13 40 24 51 13 41 23 51 13 42 22 51 13 43 21 51 13 44 20 51 13 45 19 51 13 46 18 51 13 47 17 51 13 48 16 51 13 49 15 51 13 50 14 51 13 51 13 51 13 52 12 51 13 53 11 51 13 54 10 51 13 55 9 51 13 56 8 51 13 57 7 51 13 58 6 51 13 60 5 51 13 62 4 51 13 64 3 51 13 65 2 51 14 2 66 51 14 3 65 51 14 4 63 51 14 5 61 51 14 6 59 51 14 7 58 51 14 8 57 51 14 9 56 51 14 10 55 51 14 11 54 51 14 12 53 51 14 13 52 51 14 14 51 51 14 15 50 51 14 16 49 51 14 17 48 51 14 18 47 51 14 19 46 51 14 20 45 51 14 21 44 51 14 22 43 51 14 23 42 51 14 24 41 51 14 25 40 51 14 26 39 51 14 27 38 51 14 28 37 51 14 29 36 51 14 30 35 51 14 31 34 51 14 32 33 51 14 33 32 51 14 34 31 51 14 35 30 51 14 36 29 51 14 37 28 51 14 38 27 51 14 39 26 51 14 40 25 51 14 41 24 51 14 42 23 51 14 43 22 51 14 44 21 51 14 45 20 51 14 46 19 51 14 47 18 51 14 48 17 51 14 49 16 51 14 50 15 51 14 51 14 51 14 52 13 51 14 53 12 51 14 54 11 51 14 55 10 51 14 56 9 51 14 57 8 51 14 58 7 51 14 59 6 51 14 61 5 51 14 63 4 51 14 65 3 51 14 66 2 51 15 3 66 51 15 4 64 51 15 5 62 51 15 6 60 51 15 7 59 51 15 8 58 51 15 9 57 51 15 10 56 51 15 11 55 51 15 12 54 51 15 13 53 51 15 14 52 51 15 15 51 51 15 16 50 51 15 17 49 51 15 18 48 51 15 19 47 51 15 20 46 51 15 21 45 51 15 22 44 51 15 23 43 51 15 24 42 51 15 25 41 51 15 26 40 51 15 27 39 51 15 28 38 51 15 29 37 51 15 30 36 51 15 31 35 51 15 32 34 51 15 33 33 51 15 34 32 51 15 35 31 51 15 36 30 51 15 37 29 51 15 38 28 51 15 39 27 51 15 40 26 51 15 41 25 51 15 42 24 51 15 43 23 51 15 44 22 51 15 45 21 51 15 46 20 51 15 47 19 51 15 48 18 51 15 49 17 51 15 50 16 51 15 51 15 51 15 52 14 51 15 53 13 51 15 54 12 51 15 55 11 51 15 56 10 51 15 57 9 51 15 58 8 51 15 59 7 51 15 60 6 51 15 62 5 51 15 64 4 51 15 66 3 51 16 3 67 51 16 4 65 51 16 5 63 51 16 6 61 51 16 7 60 51 16 8 59 51 16 9 58 51 16 10 57 51 16 11 56 51 16 12 55 51 16 13 54 51 16 14 53 51 16 15 52 51 16 16 51 51 16 17 50 51 16 18 49 51 16 19 48 51 16 20 47 51 16 21 46 51 16 22 45 51 16 23 44 51 16 24 43 51 16 25 42 51 16 26 41 51 16 27 40 51 16 28 39 51 16 29 38 51 16 30 37 51 16 31 36 51 16 32 35 51 16 33 34 51 16 34 33 51 16 35 32 51 16 36 31 51 16 37 30 51 16 38 29 51 16 39 28 51 16 40 27 51 16 41 26 51 16 42 25 51 16 43 24 51 16 44 23 51 16 45 22 51 16 46 21 51 16 47 20 51 16 48 19 51 16 49 18 51 16 50 17 51 16 51 16 51 16 52 15 51 16 53 14 51 16 54 13 51 16 55 12 51 16 56 11 51 16 57 10 51 16 58 9 51 16 59 8 51 16 60 7 51 16 61 6 51 16 63 5 51 16 65 4 51 16 67 3 51 17 3 68 51 17 4 66 51 17 5 64 51 17 6 62 51 17 7 61 51 17 8 60 51 17 9 59 51 17 10 58 51 17 11 57 51 17 12 56 51 17 13 55 51 17 14 54 51 17 15 53 51 17 16 52 51 17 17 51 51 17 18 50 51 17 19 49 51 17 20 48 51 17 21 47 51 17 22 46 51 17 23 45 51 17 24 44 51 17 25 43 51 17 26 42 51 17 27 41 51 17 28 40 51 17 29 39 51 17 30 38 51 17 31 37 51 17 32 36 51 17 33 35 51 17 34 34 51 17 35 33 51 17 36 32 51 17 37 31 51 17 38 30 51 17 39 29 51 17 40 28 51 17 41 27 51 17 42 26 51 17 43 25 51 17 44 24 51 17 45 23 51 17 46 22 51 17 47 21 51 17 48 20 51 17 49 19 51 17 50 18 51 17 51 17 51 17 52 16 51 17 53 15 51 17 54 14 51 17 55 13 51 17 56 12 51 17 57 11 51 17 58 10 51 17 59 9 51 17 60 8 51 17 61 7 51 17 62 6 51 17 64 5 51 17 66 4 51 17 68 3 51 18 4 67 51 18 5 65 51 18 6 63 51 18 7 62 51 18 8 61 51 18 9 60 51 18 10 59 51 18 11 58 51 18 12 57 51 18 13 56 51 18 14 55 51 18 15 54 51 18 16 53 51 18 17 52 51 18 18 51 51 18 19 50 51 18 20 49 51 18 21 48 51 18 22 47 51 18 23 46 51 18 24 45 51 18 25 44 51 18 26 43 51 18 27 42 51 18 28 41 51 18 29 40 51 18 30 39 51 18 31 38 51 18 32 37 51 18 33 36 51 18 34 35 51 18 35 34 51 18 36 33 51 18 37 32 51 18 38 31 51 18 39 30 51 18 40 29 51 18 41 28 51 18 42 27 51 18 43 26 51 18 44 25 51 18 45 24 51 18 46 23 51 18 47 22 51 18 48 21 51 18 49 20 51 18 50 19 51 18 51 18 51 18 52 17 51 18 53 16 51 18 54 15 51 18 55 14 51 18 56 13 51 18 57 12 51 18 58 11 51 18 59 10 51 18 60 9 51 18 61 8 51 18 62 7 51 18 63 6 51 18 65 5 51 18 67 4 51 19 4 68 51 19 5 66 51 19 6 64 51 19 7 63 51 19 8 62 51 19 9 61 51 19 10 60 51 19 11 59 51 19 12 58 51 19 13 57 51 19 14 56 51 19 15 55 51 19 16 54 51 19 17 53 51 19 18 52 51 19 19 51 51 19 20 50 51 19 21 49 51 19 22 48 51 19 23 47 51 19 24 46 51 19 25 45 51 19 26 44 51 19 27 43 51 19 28 42 51 19 29 41 51 19 30 40 51 19 31 39 51 19 32 38 51 19 33 37 51 19 34 36 51 19 35 35 51 19 36 34 51 19 37 33 51 19 38 32 51 19 39 31 51 19 40 30 51 19 41 29 51 19 42 28 51 19 43 27 51 19 44 26 51 19 45 25 51 19 46 24 51 19 47 23 51 19 48 22 51 19 49 21 51 19 50 20 51 19 51 19 51 19 52 18 51 19 53 17 51 19 54 16 51 19 55 15 51 19 56 14 51 19 57 13 51 19 58 12 51 19 59 11 51 19 60 10 51 19 61 9 51 19 62 8 51 19 63 7 51 19 64 6 51 19 66 5 51 19 68 4 51 20 4 69 51 20 5 67 51 20 6 65 51 20 7 64 51 20 8 63 51 20 9 62 51 20 10 61 51 20 11 60 51 20 12 59 51 20 13 58 51 20 14 57 51 20 15 56 51 20 16 55 51 20 17 54 51 20 18 53 51 20 19 52 51 20 20 51 51 20 21 50 51 20 22 49 51 20 23 48 51 20 24 47 51 20 25 46 51 20 26 45 51 20 27 44 51 20 28 43 51 20 29 42 51 20 30 41 51 20 31 40 51 20 32 39 51 20 33 38 51 20 34 37 51 20 35 36 51 20 36 35 51 20 37 34 51 20 38 33 51 20 39 32 51 20 40 31 51 20 41 30 51 20 42 29 51 20 43 28 51 20 44 27 51 20 45 26 51 20 46 25 51 20 47 24 51 20 48 23 51 20 49 22 51 20 50 21 51 20 51 20 51 20 52 19 51 20 53 18 51 20 54 17 51 20 55 16 51 20 56 15 51 20 57 14 51 20 58 13 51 20 59 12 51 20 60 11 51 20 61 10 51 20 62 9 51 20 63 8 51 20 64 7 51 20 65 6 51 20 67 5 51 20 69 4 51 21 5 68 51 21 6 66 51 21 7 65 51 21 8 64 51 21 9 63 51 21 10 62 51 21 11 61 51 21 12 60 51 21 13 59 51 21 14 58 51 21 15 57 51 21 16 56 51 21 17 55 51 21 18 54 51 21 19 53 51 21 20 52 51 21 21 51 51 21 22 50 51 21 23 49 51 21 24 48 51 21 25 47 51 21 26 46 51 21 27 45 51 21 28 44 51 21 29 43 51 21 30 42 51 21 31 41 51 21 32 40 51 21 33 39 51 21 34 38 51 21 35 37 51 21 36 36 51 21 37 35 51 21 38 34 51 21 39 33 51 21 40 32 51 21 41 31 51 21 42 30 51 21 43 29 51 21 44 28 51 21 45 27 51 21 46 26 51 21 47 25 51 21 48 24 51 21 49 23 51 21 50 22 51 21 51 21 51 21 52 20 51 21 53 19 51 21 54 18 51 21 55 17 51 21 56 16 51 21 57 15 51 21 58 14 51 21 59 13 51 21 60 12 51 21 61 11 51 21 62 10 51 21 63 9 51 21 64 8 51 21 65 7 51 21 66 6 51 21 68 5 51 22 5 69 51 22 6 67 51 22 7 66 51 22 8 65 51 22 9 64 51 22 10 63 51 22 11 62 51 22 12 61 51 22 13 60 51 22 14 59 51 22 15 58 51 22 16 57 51 22 17 56 51 22 18 55 51 22 19 54 51 22 20 53 51 22 21 52 51 22 22 51 51 22 23 50 51 22 24 49 51 22 25 48 51 22 26 47 51 22 27 46 51 22 28 45 51 22 29 44 51 22 30 43 51 22 31 42 51 22 32 41 51 22 33 40 51 22 34 39 51 22 35 38 51 22 36 37 51 22 37 36 51 22 38 35 51 22 39 34 51 22 40 33 51 22 41 32 51 22 42 31 51 22 43 30 51 22 44 29 51 22 45 28 51 22 46 27 51 22 47 26 51 22 48 25 51 22 49 24 51 22 50 23 51 22 51 22 51 22 52 21 51 22 53 20 51 22 54 19 51 22 55 18 51 22 56 17 51 22 57 16 51 22 58 15 51 22 59 14 51 22 60 13 51 22 61 12 51 22 62 11 51 22 63 10 51 22 64 9 51 22 65 8 51 22 66 7 51 22 67 6 51 22 69 5 51 23 5 70 51 23 6 68 51 23 7 67 51 23 8 66 51 23 9 65 51 23 10 64 51 23 11 63 51 23 12 62 51 23 13 61 51 23 14 60 51 23 15 59 51 23 16 58 51 23 17 57 51 23 18 56 51 23 19 55 51 23 20 54 51 23 21 53 51 23 22 52 51 23 23 51 51 23 24 50 51 23 25 49 51 23 26 48 51 23 27 47 51 23 28 46 51 23 29 45 51 23 30 44 51 23 31 43 51 23 32 42 51 23 33 41 51 23 34 40 51 23 35 39 51 23 36 38 51 23 37 37 51 23 38 36 51 23 39 35 51 23 40 34 51 23 41 33 51 23 42 32 51 23 43 31 51 23 44 30 51 23 45 29 51 23 46 28 51 23 47 27 51 23 48 26 51 23 49 25 51 23 50 24 51 23 51 23 51 23 52 22 51 23 53 21 51 23 54 20 51 23 55 19 51 23 56 18 51 23 57 17 51 23 58 16 51 23 59 15 51 23 60 14 51 23 61 13 51 23 62 12 51 23 63 11 51 23 64 10 51 23 65 9 51 23 66 8 51 23 67 7 51 23 68 6 51 23 70 5 51 24 6 69 51 24 7 68 51 24 8 67 51 24 9 66 51 24 10 65 51 24 11 64 51 24 12 63 51 24 13 62 51 24 14 61 51 24 15 60 51 24 16 59 51 24 17 58 51 24 18 57 51 24 19 56 51 24 20 55 51 24 21 54 51 24 22 53 51 24 23 52 51 24 24 51 51 24 25 50 51 24 26 49 51 24 27 48 51 24 28 47 51 24 29 46 51 24 30 45 51 24 31 44 51 24 32 43 51 24 33 42 51 24 34 41 51 24 35 40 51 24 36 39 51 24 37 38 51 24 38 37 51 24 39 36 51 24 40 35 51 24 41 34 51 24 42 33 51 24 43 32 51 24 44 31 51 24 45 30 51 24 46 29 51 24 47 28 51 24 48 27 51 24 49 26 51 24 50 25 51 24 51 24 51 24 52 23 51 24 53 22 51 24 54 21 51 24 55 20 51 24 56 19 51 24 57 18 51 24 58 17 51 24 59 16 51 24 60 15 51 24 61 14 51 24 62 13 51 24 63 12 51 24 64 11 51 24 65 10 51 24 66 9 51 24 67 8 51 24 68 7 51 24 69 6 51 25 6 70 51 25 7 69 51 25 8 68 51 25 9 67 51 25 10 66 51 25 11 65 51 25 12 64 51 25 13 63 51 25 14 62 51 25 15 61 51 25 16 60 51 25 17 59 51 25 18 58 51 25 19 57 51 25 20 56 51 25 21 55 51 25 22 54 51 25 23 53 51 25 24 52 51 25 25 51 51 25 26 50 51 25 27 49 51 25 28 48 51 25 29 47 51 25 30 46 51 25 31 45 51 25 32 44 51 25 33 43 51 25 34 42 51 25 35 41 51 25 36 40 51 25 37 39 51 25 38 38 51 25 39 37 51 25 40 36 51 25 41 35 51 25 42 34 51 25 43 33 51 25 44 32 51 25 45 31 51 25 46 30 51 25 47 29 51 25 48 28 51 25 49 27 51 25 50 26 51 25 51 25 51 25 52 24 51 25 53 23 51 25 54 22 51 25 55 21 51 25 56 20 51 25 57 19 51 25 58 18 51 25 59 17 51 25 60 16 51 25 61 15 51 25 62 14 51 25 63 13 51 25 64 12 51 25 65 11 51 25 66 10 51 25 67 9 51 25 68 8 51 25 69 7 51 25 70 6 51 26 6 71 51 26 7 70 51 26 8 69 51 26 9 68 51 26 10 67 51 26 11 66 51 26 12 65 51 26 13 64 51 26 14 63 51 26 15 62 51 26 16 61 51 26 17 60 51 26 18 59 51 26 19 58 51 26 20 57 51 26 21 56 51 26 22 55 51 26 23 54 51 26 24 53 51 26 25 52 51 26 26 51 51 26 27 50 51 26 28 49 51 26 29 48 51 26 30 47 51 26 31 46 51 26 32 45 51 26 33 44 51 26 34 43 51 26 35 42 51 26 36 41 51 26 37 40 51 26 38 39 51 26 39 38 51 26 40 37 51 26 41 36 51 26 42 35 51 26 43 34 51 26 44 33 51 26 45 32 51 26 46 31 51 26 47 30 51 26 48 29 51 26 49 28 51 26 50 27 51 26 51 26 51 26 52 25 51 26 53 24 51 26 54 23 51 26 55 22 51 26 56 21 51 26 57 20 51 26 58 19 51 26 59 18 51 26 60 17 51 26 61 16 51 26 62 15 51 26 63 14 51 26 64 13 51 26 65 12 51 26 66 11 51 26 67 10 51 26 68 9 51 26 69 8 51 26 70 7 51 26 71 6 51 27 7 71 51 27 8 70 51 27 9 69 51 27 10 68 51 27 11 67 51 27 12 66 51 27 13 65 51 27 14 64 51 27 15 63 51 27 16 62 51 27 17 61 51 27 18 60 51 27 19 59 51 27 20 58 51 27 21 57 51 27 22 56 51 27 23 55 51 27 24 54 51 27 25 53 51 27 26 52 51 27 27 51 51 27 28 50 51 27 29 49 51 27 30 48 51 27 31 47 51 27 32 46 51 27 33 45 51 27 34 44 51 27 35 43 51 27 36 42 51 27 37 41 51 27 38 40 51 27 39 39 51 27 40 38 51 27 41 37 51 27 42 36 51 27 43 35 51 27 44 34 51 27 45 33 51 27 46 32 51 27 47 31 51 27 48 30 51 27 49 29 51 27 50 28 51 27 51 27 51 27 52 26 51 27 53 25 51 27 54 24 51 27 55 23 51 27 56 22 51 27 57 21 51 27 58 20 51 27 59 19 51 27 60 18 51 27 61 17 51 27 62 16 51 27 63 15 51 27 64 14 51 27 65 13 51 27 66 12 51 27 67 11 51 27 68 10 51 27 69 9 51 27 70 8 51 27 71 7 51 28 7 72 51 28 8 71 51 28 9 70 51 28 10 69 51 28 11 68 51 28 12 67 51 28 13 66 51 28 14 65 51 28 15 64 51 28 16 63 51 28 17 62 51 28 18 61 51 28 19 60 51 28 20 59 51 28 21 58 51 28 22 57 51 28 23 56 51 28 24 55 51 28 25 54 51 28 26 53 51 28 27 52 51 28 28 51 51 28 29 50 51 28 30 49 51 28 31 48 51 28 32 47 51 28 33 46 51 28 34 45 51 28 35 44 51 28 36 43 51 28 37 42 51 28 38 41 51 28 39 40 51 28 40 39 51 28 41 38 51 28 42 37 51 28 43 36 51 28 44 35 51 28 45 34 51 28 46 33 51 28 47 32 51 28 48 31 51 28 49 30 51 28 50 29 51 28 51 28 51 28 52 27 51 28 53 26 51 28 54 25 51 28 55 24 51 28 56 23 51 28 57 22 51 28 58 21 51 28 59 20 51 28 60 19 51 28 61 18 51 28 62 17 51 28 63 16 51 28 64 15 51 28 65 14 51 28 66 13 51 28 67 12 51 28 68 11 51 28 69 10 51 28 70 9 51 28 71 8 51 28 72 7 51 29 8 72 51 29 9 71 51 29 10 70 51 29 11 69 51 29 12 68 51 29 13 67 51 29 14 66 51 29 15 65 51 29 16 64 51 29 17 63 51 29 18 62 51 29 19 61 51 29 20 60 51 29 21 59 51 29 22 58 51 29 23 57 51 29 24 56 51 29 25 55 51 29 26 54 51 29 27 53 51 29 28 52 51 29 29 51 51 29 30 50 51 29 31 49 51 29 32 48 51 29 33 47 51 29 34 46 51 29 35 45 51 29 36 44 51 29 37 43 51 29 38 42 51 29 39 41 51 29 40 40 51 29 41 39 51 29 42 38 51 29 43 37 51 29 44 36 51 29 45 35 51 29 46 34 51 29 47 33 51 29 48 32 51 29 49 31 51 29 50 30 51 29 51 29 51 29 52 28 51 29 53 27 51 29 54 26 51 29 55 25 51 29 56 24 51 29 57 23 51 29 58 22 51 29 59 21 51 29 60 20 51 29 61 19 51 29 62 18 51 29 63 17 51 29 64 16 51 29 65 15 51 29 66 14 51 29 67 13 51 29 68 12 51 29 69 11 51 29 70 10 51 29 71 9 51 29 72 8 51 30 9 72 51 30 10 71 51 30 11 70 51 30 12 69 51 30 13 68 51 30 14 67 51 30 15 66 51 30 16 65 51 30 17 64 51 30 18 63 51 30 19 62 51 30 20 61 51 30 21 60 51 30 22 59 51 30 23 58 51 30 24 57 51 30 25 56 51 30 26 55 51 30 27 54 51 30 28 53 51 30 29 52 51 30 30 51 51 30 31 50 51 30 32 49 51 30 33 48 51 30 34 47 51 30 35 46 51 30 36 45 51 30 37 44 51 30 38 43 51 30 39 42 51 30 40 41 51 30 41 40 51 30 42 39 51 30 43 38 51 30 44 37 51 30 45 36 51 30 46 35 51 30 47 34 51 30 48 33 51 30 49 32 51 30 50 31 51 30 51 30 51 30 52 29 51 30 53 28 51 30 54 27 51 30 55 26 51 30 56 25 51 30 57 24 51 30 58 23 51 30 59 22 51 30 60 21 51 30 61 20 51 30 62 19 51 30 63 18 51 30 64 17 51 30 65 16 51 30 66 15 51 30 67 14 51 30 68 13 51 30 69 12 51 30 70 11 51 30 71 10 51 30 72 9 51 31 10 72 51 31 11 71 51 31 12 70 51 31 13 69 51 31 14 68 51 31 15 67 51 31 16 66 51 31 17 65 51 31 18 64 51 31 19 63 51 31 20 62 51 31 21 61 51 31 22 60 51 31 23 59 51 31 24 58 51 31 25 57 51 31 26 56 51 31 27 55 51 31 28 54 51 31 29 53 51 31 30 52 51 31 31 51 51 31 32 50 51 31 33 49 51 31 34 48 51 31 35 47 51 31 36 46 51 31 37 45 51 31 38 44 51 31 39 43 51 31 40 42 51 31 41 41 51 31 42 40 51 31 43 39 51 31 44 38 51 31 45 37 51 31 46 36 51 31 47 35 51 31 48 34 51 31 49 33 51 31 50 32 51 31 51 31 51 31 52 30 51 31 53 29 51 31 54 28 51 31 55 27 51 31 56 26 51 31 57 25 51 31 58 24 51 31 59 23 51 31 60 22 51 31 61 21 51 31 62 20 51 31 63 19 51 31 64 18 51 31 65 17 51 31 66 16 51 31 67 15 51 31 68 14 51 31 69 13 51 31 70 12 51 31 71 11 51 31 72 10 51 32 11 72 51 32 12 71 51 32 13 70 51 32 14 69 51 32 15 68 51 32 16 67 51 32 17 66 51 32 18 65 51 32 19 64 51 32 20 63 51 32 21 62 51 32 22 61 51 32 23 60 51 32 24 59 51 32 25 58 51 32 26 57 51 32 27 56 51 32 28 55 51 32 29 54 51 32 30 53 51 32 31 52 51 32 32 51 51 32 33 50 51 32 34 49 51 32 35 48 51 32 36 47 51 32 37 46 51 32 38 45 51 32 39 44 51 32 40 43 51 32 41 42 51 32 42 41 51 32 43 40 51 32 44 39 51 32 45 38 51 32 46 37 51 32 47 36 51 32 48 35 51 32 49 34 51 32 50 33 51 32 51 32 51 32 52 31 51 32 53 30 51 32 54 29 51 32 55 28 51 32 56 27 51 32 57 26 51 32 58 25 51 32 59 24 51 32 60 23 51 32 61 22 51 32 62 21 51 32 63 20 51 32 64 19 51 32 65 18 51 32 66 17 51 32 67 16 51 32 68 15 51 32 69 14 51 32 70 13 51 32 71 12 51 32 72 11 51 33 12 72 51 33 13 71 51 33 14 70 51 33 15 69 51 33 16 68 51 33 17 67 51 33 18 66 51 33 19 65 51 33 20 64 51 33 21 63 51 33 22 62 51 33 23 61 51 33 24 60 51 33 25 59 51 33 26 58 51 33 27 57 51 33 28 56 51 33 29 55 51 33 30 54 51 33 31 53 51 33 32 52 51 33 33 51 51 33 34 50 51 33 35 49 51 33 36 48 51 33 37 47 51 33 38 46 51 33 39 45 51 33 40 44 51 33 41 43 51 33 42 42 51 33 43 41 51 33 44 40 51 33 45 39 51 33 46 38 51 33 47 37 51 33 48 36 51 33 49 35 51 33 50 34 51 33 51 33 51 33 52 32 51 33 53 31 51 33 54 30 51 33 55 29 51 33 56 28 51 33 57 27 51 33 58 26 51 33 59 25 51 33 60 24 51 33 61 23 51 33 62 22 51 33 63 21 51 33 64 20 51 33 65 19 51 33 66 18 51 33 67 17 51 33 68 16 51 33 69 15 51 33 70 14 51 33 71 13 51 33 72 12 51 34 13 72 51 34 14 71 51 34 15 70 51 34 16 69 51 34 17 68 51 34 18 67 51 34 19 66 51 34 20 65 51 34 21 64 51 34 22 63 51 34 23 62 51 34 24 61 51 34 25 60 51 34 26 59 51 34 27 58 51 34 28 57 51 34 29 56 51 34 30 55 51 34 31 54 51 34 32 53 51 34 33 52 51 34 34 51 51 34 35 50 51 34 36 49 51 34 37 48 51 34 38 47 51 34 39 46 51 34 40 45 51 34 41 44 51 34 42 43 51 34 43 42 51 34 44 41 51 34 45 40 51 34 46 39 51 34 47 38 51 34 48 37 51 34 49 36 51 34 50 35 51 34 51 34 51 34 52 33 51 34 53 32 51 34 54 31 51 34 55 30 51 34 56 29 51 34 57 28 51 34 58 27 51 34 59 26 51 34 60 25 51 34 61 24 51 34 62 23 51 34 63 22 51 34 64 21 51 34 65 20 51 34 66 19 51 34 67 18 51 34 68 17 51 34 69 16 51 34 70 15 51 34 71 14 51 34 72 13 51 35 14 72 51 35 15 71 51 35 16 70 51 35 17 69 51 35 18 68 51 35 19 67 51 35 20 66 51 35 21 65 51 35 22 64 51 35 23 63 51 35 24 62 51 35 25 61 51 35 26 60 51 35 27 59 51 35 28 58 51 35 29 57 51 35 30 56 51 35 31 55 51 35 32 54 51 35 33 53 51 35 34 52 51 35 35 51 51 35 36 50 51 35 37 49 51 35 38 48 51 35 39 47 51 35 40 46 51 35 41 45 51 35 42 44 51 35 43 43 51 35 44 42 51 35 45 41 51 35 46 40 51 35 47 39 51 35 48 38 51 35 49 37 51 35 50 36 51 35 51 35 51 35 52 34 51 35 53 33 51 35 54 32 51 35 55 31 51 35 56 30 51 35 57 29 51 35 58 28 51 35 59 27 51 35 60 26 51 35 61 25 51 35 62 24 51 35 63 23 51 35 64 22 51 35 65 21 51 35 66 20 51 35 67 19 51 35 68 18 51 35 69 17 51 35 70 16 51 35 71 15 51 35 72 14 51 36 15 72 51 36 16 71 51 36 17 70 51 36 18 69 51 36 19 68 51 36 20 67 51 36 21 66 51 36 22 65 51 36 23 64 51 36 24 63 51 36 25 62 51 36 26 61 51 36 27 60 51 36 28 59 51 36 29 58 51 36 30 57 51 36 31 56 51 36 32 55 51 36 33 54 51 36 34 53 51 36 35 52 51 36 36 51 51 36 37 50 51 36 38 49 51 36 39 48 51 36 40 47 51 36 41 46 51 36 42 45 51 36 43 44 51 36 44 43 51 36 45 42 51 36 46 41 51 36 47 40 51 36 48 39 51 36 49 38 51 36 50 37 51 36 51 36 51 36 52 35 51 36 53 34 51 36 54 33 51 36 55 32 51 36 56 31 51 36 57 30 51 36 58 29 51 36 59 28 51 36 60 27 51 36 61 26 51 36 62 25 51 36 63 24 51 36 64 23 51 36 65 22 51 36 66 21 51 36 67 20 51 36 68 19 51 36 69 18 51 36 70 17 51 36 71 16 51 36 72 15 51 37 16 72 51 37 17 71 51 37 18 70 51 37 19 69 51 37 20 68 51 37 21 67 51 37 22 66 51 37 23 65 51 37 24 64 51 37 25 63 51 37 26 62 51 37 27 61 51 37 28 60 51 37 29 59 51 37 30 58 51 37 31 57 51 37 32 56 51 37 33 55 51 37 34 54 51 37 35 53 51 37 36 52 51 37 37 51 51 37 38 50 51 37 39 49 51 37 40 48 51 37 41 47 51 37 42 46 51 37 43 45 51 37 44 44 51 37 45 43 51 37 46 42 51 37 47 41 51 37 48 40 51 37 49 39 51 37 50 38 51 37 51 37 51 37 52 36 51 37 53 35 51 37 54 34 51 37 55 33 51 37 56 32 51 37 57 31 51 37 58 30 51 37 59 29 51 37 60 28 51 37 61 27 51 37 62 26 51 37 63 25 51 37 64 24 51 37 65 23 51 37 66 22 51 37 67 21 51 37 68 20 51 37 69 19 51 37 70 18 51 37 71 17 51 37 72 16 51 38 17 72 51 38 18 71 51 38 19 70 51 38 20 69 51 38 21 68 51 38 22 67 51 38 23 66 51 38 24 65 51 38 25 64 51 38 26 63 51 38 27 62 51 38 28 61 51 38 29 60 51 38 30 59 51 38 31 58 51 38 32 57 51 38 33 56 51 38 34 55 51 38 35 54 51 38 36 53 51 38 37 52 51 38 38 51 51 38 39 50 51 38 40 49 51 38 41 48 51 38 42 47 51 38 43 46 51 38 44 45 51 38 45 44 51 38 46 43 51 38 47 42 51 38 48 41 51 38 49 40 51 38 50 39 51 38 51 38 51 38 52 37 51 38 53 36 51 38 54 35 51 38 55 34 51 38 56 33 51 38 57 32 51 38 58 31 51 38 59 30 51 38 60 29 51 38 61 28 51 38 62 27 51 38 63 26 51 38 64 25 51 38 65 24 51 38 66 23 51 38 67 22 51 38 68 21 51 38 69 20 51 38 70 19 51 38 71 18 51 38 72 17 51 39 18 72 51 39 19 71 51 39 20 70 51 39 21 69 51 39 22 68 51 39 23 67 51 39 24 66 51 39 25 65 51 39 26 64 51 39 27 63 51 39 28 62 51 39 29 61 51 39 30 60 51 39 31 59 51 39 32 58 51 39 33 57 51 39 34 56 51 39 35 55 51 39 36 54 51 39 37 53 51 39 38 52 51 39 39 51 51 39 40 50 51 39 41 49 51 39 42 48 51 39 43 47 51 39 44 46 51 39 45 45 51 39 46 44 51 39 47 43 51 39 48 42 51 39 49 41 51 39 50 40 51 39 51 39 51 39 52 38 51 39 53 37 51 39 54 36 51 39 55 35 51 39 56 34 51 39 57 33 51 39 58 32 51 39 59 31 51 39 60 30 51 39 61 29 51 39 62 28 51 39 63 27 51 39 64 26 51 39 65 25 51 39 66 24 51 39 67 23 51 39 68 22 51 39 69 21 51 39 70 20 51 39 71 19 51 39 72 18 51 40 19 72 51 40 20 71 51 40 21 70 51 40 22 69 51 40 23 68 51 40 24 67 51 40 25 66 51 40 26 65 51 40 27 64 51 40 28 63 51 40 29 62 51 40 30 61 51 40 31 60 51 40 32 59 51 40 33 58 51 40 34 57 51 40 35 56 51 40 36 55 51 40 37 54 51 40 38 53 51 40 39 52 51 40 40 51 51 40 41 50 51 40 42 49 51 40 43 48 51 40 44 47 51 40 45 46 51 40 46 45 51 40 47 44 51 40 48 43 51 40 49 42 51 40 50 41 51 40 51 40 51 40 52 39 51 40 53 38 51 40 54 37 51 40 55 36 51 40 56 35 51 40 57 34 51 40 58 33 51 40 59 32 51 40 60 31 51 40 61 30 51 40 62 29 51 40 63 28 51 40 64 27 51 40 65 26 51 40 66 25 51 40 67 24 51 40 68 23 51 40 69 22 51 40 70 21 51 40 71 20 51 40 72 19 51 41 20 72 51 41 21 71 51 41 22 70 51 41 23 69 51 41 24 68 51 41 25 67 51 41 26 66 51 41 27 65 51 41 28 64 51 41 29 63 51 41 30 62 51 41 31 61 51 41 32 60 51 41 33 59 51 41 34 58 51 41 35 57 51 41 36 56 51 41 37 55 51 41 38 54 51 41 39 53 51 41 40 52 51 41 41 51 51 41 42 50 51 41 43 49 51 41 44 48 51 41 45 47 51 41 46 46 51 41 47 45 51 41 48 44 51 41 49 43 51 41 50 42 51 41 51 41 51 41 52 40 51 41 53 39 51 41 54 38 51 41 55 37 51 41 56 36 51 41 57 35 51 41 58 34 51 41 59 33 51 41 60 32 51 41 61 31 51 41 62 30 51 41 63 29 51 41 64 28 51 41 65 27 51 41 66 26 51 41 67 25 51 41 68 24 51 41 69 23 51 41 70 22 51 41 71 21 51 41 72 20 51 42 21 72 51 42 22 71 51 42 23 70 51 42 24 69 51 42 25 68 51 42 26 67 51 42 27 66 51 42 28 65 51 42 29 64 51 42 30 63 51 42 31 62 51 42 32 61 51 42 33 60 51 42 34 59 51 42 35 58 51 42 36 57 51 42 37 56 51 42 38 55 51 42 39 54 51 42 40 53 51 42 41 52 51 42 42 51 51 42 43 50 51 42 44 49 51 42 45 48 51 42 46 47 51 42 47 46 51 42 48 45 51 42 49 44 51 42 50 43 51 42 51 42 51 42 52 41 51 42 53 40 51 42 54 39 51 42 55 38 51 42 56 37 51 42 57 36 51 42 58 35 51 42 59 34 51 42 60 33 51 42 61 32 51 42 62 31 51 42 63 30 51 42 64 29 51 42 65 28 51 42 66 27 51 42 67 26 51 42 68 25 51 42 69 24 51 42 70 23 51 42 71 22 51 42 72 21 51 43 22 72 51 43 23 71 51 43 24 70 51 43 25 69 51 43 26 68 51 43 27 67 51 43 28 66 51 43 29 65 51 43 30 64 51 43 31 63 51 43 32 62 51 43 33 61 51 43 34 60 51 43 35 59 51 43 36 58 51 43 37 57 51 43 38 56 51 43 39 55 51 43 40 54 51 43 41 53 51 43 42 52 51 43 43 51 51 43 44 50 51 43 45 49 51 43 46 48 51 43 47 47 51 43 48 46 51 43 49 45 51 43 50 44 51 43 51 43 51 43 52 42 51 43 53 41 51 43 54 40 51 43 55 39 51 43 56 38 51 43 57 37 51 43 58 36 51 43 59 35 51 43 60 34 51 43 61 33 51 43 62 32 51 43 63 31 51 43 64 30 51 43 65 29 51 43 66 28 51 43 67 27 51 43 68 26 51 43 69 25 51 43 70 24 51 43 71 23 51 43 72 22 51 44 23 72 51 44 24 71 51 44 25 70 51 44 26 69 51 44 27 68 51 44 28 67 51 44 29 66 51 44 30 65 51 44 31 64 51 44 32 63 51 44 33 62 51 44 34 61 51 44 35 60 51 44 36 59 51 44 37 58 51 44 38 57 51 44 39 56 51 44 40 55 51 44 41 54 51 44 42 53 51 44 43 52 51 44 44 51 51 44 45 50 51 44 46 49 51 44 47 48 51 44 48 47 51 44 49 46 51 44 50 45 51 44 51 44 51 44 52 43 51 44 53 42 51 44 54 41 51 44 55 40 51 44 56 39 51 44 57 38 51 44 58 37 51 44 59 36 51 44 60 35 51 44 61 34 51 44 62 33 51 44 63 32 51 44 64 31 51 44 65 30 51 44 66 29 51 44 67 28 51 44 68 27 51 44 69 26 51 44 70 25 51 44 71 24 51 44 72 23 51 45 24 72 51 45 25 71 51 45 26 70 51 45 27 69 51 45 28 68 51 45 29 67 51 45 30 66 51 45 31 65 51 45 32 64 51 45 33 63 51 45 34 62 51 45 35 61 51 45 36 60 51 45 37 59 51 45 38 58 51 45 39 57 51 45 40 56 51 45 41 55 51 45 42 54 51 45 43 53 51 45 44 52 51 45 45 51 51 45 46 50 51 45 47 49 51 45 48 48 51 45 49 47 51 45 50 46 51 45 51 45 51 45 52 44 51 45 53 43 51 45 54 42 51 45 55 41 51 45 56 40 51 45 57 39 51 45 58 38 51 45 59 37 51 45 60 36 51 45 61 35 51 45 62 34 51 45 63 33 51 45 64 32 51 45 65 31 51 45 66 30 51 45 67 29 51 45 68 28 51 45 69 27 51 45 70 26 51 45 71 25 51 45 72 24 51 46 25 72 51 46 26 71 51 46 27 70 51 46 28 69 51 46 29 68 51 46 30 67 51 46 31 66 51 46 32 65 51 46 33 64 51 46 34 63 51 46 35 62 51 46 36 61 51 46 37 60 51 46 38 59 51 46 39 58 51 46 40 57 51 46 41 56 51 46 42 55 51 46 43 54 51 46 44 53 51 46 45 52 51 46 46 51 51 46 47 50 51 46 48 49 51 46 49 48 51 46 50 47 51 46 51 46 51 46 52 45 51 46 53 44 51 46 54 43 51 46 55 42 51 46 56 41 51 46 57 40 51 46 58 39 51 46 59 38 51 46 60 37 51 46 61 36 51 46 62 35 51 46 63 34 51 46 64 33 51 46 65 32 51 46 66 31 51 46 67 30 51 46 68 29 51 46 69 28 51 46 70 27 51 46 71 26 51 46 72 25 51 47 26 72 51 47 27 71 51 47 28 70 51 47 29 69 51 47 30 68 51 47 31 67 51 47 32 66 51 47 33 65 51 47 34 64 51 47 35 63 51 47 36 62 51 47 37 61 51 47 38 60 51 47 39 59 51 47 40 58 51 47 41 57 51 47 42 56 51 47 43 55 51 47 44 54 51 47 45 53 51 47 46 52 51 47 47 51 51 47 48 50 51 47 49 49 51 47 50 48 51 47 51 47 51 47 52 46 51 47 53 45 51 47 54 44 51 47 55 43 51 47 56 42 51 47 57 41 51 47 58 40 51 47 59 39 51 47 60 38 51 47 61 37 51 47 62 36 51 47 63 35 51 47 64 34 51 47 65 33 51 47 66 32 51 47 67 31 51 47 68 30 51 47 69 29 51 47 70 28 51 47 71 27 51 47 72 26 51 48 27 72 51 48 28 71 51 48 29 70 51 48 30 69 51 48 31 68 51 48 32 67 51 48 33 66 51 48 34 65 51 48 35 64 51 48 36 63 51 48 37 62 51 48 38 61 51 48 39 60 51 48 40 59 51 48 41 58 51 48 42 57 51 48 43 56 51 48 44 55 51 48 45 54 51 48 46 53 51 48 47 52 51 48 48 51 51 48 49 50 51 48 50 49 51 48 51 48 51 48 52 47 51 48 53 46 51 48 54 45 51 48 55 44 51 48 56 43 51 48 57 42 51 48 58 41 51 48 59 40 51 48 60 39 51 48 61 38 51 48 62 37 51 48 63 36 51 48 64 35 51 48 65 34 51 48 66 33 51 48 67 32 51 48 68 31 51 48 69 30 51 48 70 29 51 48 71 28 51 48 72 27 51 49 28 72 51 49 29 71 51 49 30 70 51 49 31 69 51 49 32 68 51 49 33 67 51 49 34 66 51 49 35 65 51 49 36 64 51 49 37 63 51 49 38 62 51 49 39 61 51 49 40 60 51 49 41 59 51 49 42 58 51 49 43 57 51 49 44 56 51 49 45 55 51 49 46 54 51 49 47 53 51 49 48 52 51 49 49 51 51 49 50 50 51 49 51 49 51 49 52 48 51 49 53 47 51 49 54 46 51 49 55 45 51 49 56 44 51 49 57 43 51 49 58 42 51 49 59 41 51 49 60 40 51 49 61 39 51 49 62 38 51 49 63 37 51 49 64 36 51 49 65 35 51 49 66 34 51 49 67 33 51 49 68 32 51 49 69 31 51 49 70 30 51 49 71 29 51 49 72 28 51 50 29 72 51 50 30 71 51 50 31 70 51 50 32 69 51 50 33 68 51 50 34 67 51 50 35 66 51 50 36 65 51 50 37 64 51 50 38 63 51 50 39 62 51 50 40 61 51 50 41 60 51 50 42 59 51 50 43 58 51 50 44 57 51 50 45 56 51 50 46 55 51 50 47 54 51 50 48 53 51 50 49 52 51 50 50 51 51 50 51 50 51 50 52 49 51 50 53 48 51 50 54 47 51 50 55 46 51 50 56 45 51 50 57 44 51 50 58 43 51 50 59 42 51 50 60 41 51 50 61 40 51 50 62 39 51 50 63 38 51 50 64 37 51 50 65 36 51 50 66 35 51 50 67 34 51 50 68 33 51 50 69 32 51 50 70 31 51 50 71 30 51 50 72 29 51 51 30 72 51 51 31 71 51 51 32 70 51 51 33 69 51 51 34 68 51 51 35 67 51 51 36 66 51 51 37 65 51 51 38 64 51 51 39 63 51 51 40 62 51 51 41 61 51 51 42 60 51 51 43 59 51 51 44 58 51 51 45 57 51 51 46 56 51 51 47 55 51 51 48 54 51 51 49 53 51 51 50 52 51 51 51 51 51 51 52 50 51 51 53 49 51 51 54 48 51 51 55 47 51 51 56 46 51 51 57 45 51 51 58 44 51 51 59 43 51 51 60 42 51 51 61 41 51 51 62 40 51 51 63 39 51 51 64 38 51 51 65 37 51 51 66 36 51 51 67 35 51 51 68 34 51 51 69 33 51 51 70 32 51 51 71 31 51 51 72 30 51 52 31 72 51 52 32 71 51 52 33 70 51 52 34 69 51 52 35 68 51 52 36 67 51 52 37 66 51 52 38 65 51 52 39 64 51 52 40 63 51 52 41 62 51 52 42 61 51 52 43 60 51 52 44 59 51 52 45 58 51 52 46 57 51 52 47 56 51 52 48 55 51 52 49 54 51 52 50 53 51 52 51 52 51 52 52 51 51 52 53 50 51 52 54 49 51 52 55 48 51 52 56 47 51 52 57 46 51 52 58 45 51 52 59 44 51 52 60 43 51 52 61 42 51 52 62 41 51 52 63 40 51 52 64 39 51 52 65 38 51 52 66 37 51 52 67 36 51 52 68 35 51 52 69 34 51 52 70 33 51 52 71 32 51 52 72 31 51 53 32 72 51 53 33 71 51 53 34 70 51 53 35 69 51 53 36 68 51 53 37 67 51 53 38 66 51 53 39 65 51 53 40 64 51 53 41 63 51 53 42 62 51 53 43 61 51 53 44 60 51 53 45 59 51 53 46 58 51 53 47 57 51 53 48 56 51 53 49 55 51 53 50 54 51 53 51 53 51 53 52 52 51 53 53 51 51 53 54 50 51 53 55 49 51 53 56 48 51 53 57 47 51 53 58 46 51 53 59 45 51 53 60 44 51 53 61 43 51 53 62 42 51 53 63 41 51 53 64 40 51 53 65 39 51 53 66 38 51 53 67 37 51 53 68 36 51 53 69 35 51 53 70 34 51 53 71 33 51 53 72 32 51 54 33 72 51 54 34 71 51 54 35 70 51 54 36 69 51 54 37 68 51 54 38 67 51 54 39 66 51 54 40 65 51 54 41 64 51 54 42 63 51 54 43 62 51 54 44 61 51 54 45 60 51 54 46 59 51 54 47 58 51 54 48 57 51 54 49 56 51 54 50 55 51 54 51 54 51 54 52 53 51 54 53 52 51 54 54 51 51 54 55 50 51 54 56 49 51 54 57 48 51 54 58 47 51 54 59 46 51 54 60 45 51 54 61 44 51 54 62 43 51 54 63 42 51 54 64 41 51 54 65 40 51 54 66 39 51 54 67 38 51 54 68 37 51 54 69 36 51 54 70 35 51 54 71 34 51 54 72 33 51 55 34 72 51 55 35 71 51 55 36 70 51 55 37 69 51 55 38 68 51 55 39 67 51 55 40 66 51 55 41 65 51 55 42 64 51 55 43 63 51 55 44 62 51 55 45 61 51 55 46 60 51 55 47 59 51 55 48 58 51 55 49 57 51 55 50 56 51 55 51 55 51 55 52 54 51 55 53 53 51 55 54 52 51 55 55 51 51 55 56 50 51 55 57 49 51 55 58 48 51 55 59 47 51 55 60 46 51 55 61 45 51 55 62 44 51 55 63 43 51 55 64 42 51 55 65 41 51 55 66 40 51 55 67 39 51 55 68 38 51 55 69 37 51 55 70 36 51 55 71 35 51 55 72 34 51 56 35 72 51 56 36 71 51 56 37 70 51 56 38 69 51 56 39 68 51 56 40 67 51 56 41 66 51 56 42 65 51 56 43 64 51 56 44 63 51 56 45 62 51 56 46 61 51 56 47 60 51 56 48 59 51 56 49 58 51 56 50 57 51 56 51 56 51 56 52 55 51 56 53 54 51 56 54 53 51 56 55 52 51 56 56 51 51 56 57 50 51 56 58 49 51 56 59 48 51 56 60 47 51 56 61 46 51 56 62 45 51 56 63 44 51 56 64 43 51 56 65 42 51 56 66 41 51 56 67 40 51 56 68 39 51 56 69 38 51 56 70 37 51 56 71 36 51 56 72 35 51 57 36 72 51 57 37 71 51 57 38 70 51 57 39 69 51 57 40 68 51 57 41 67 51 57 42 66 51 57 43 65 51 57 44 64 51 57 45 63 51 57 46 62 51 57 47 61 51 57 48 60 51 57 49 59 51 57 50 58 51 57 51 57 51 57 52 56 51 57 53 55 51 57 54 54 51 57 55 53 51 57 56 52 51 57 57 51 51 57 58 50 51 57 59 49 51 57 60 48 51 57 61 47 51 57 62 46 51 57 63 45 51 57 64 44 51 57 65 43 51 57 66 42 51 57 67 41 51 57 68 40 51 57 69 39 51 57 70 38 51 57 71 37 51 57 72 36 51 58 37 72 51 58 38 71 51 58 39 70 51 58 40 69 51 58 41 68 51 58 42 67 51 58 43 66 51 58 44 65 51 58 45 64 51 58 46 63 51 58 47 62 51 58 48 61 51 58 49 60 51 58 50 59 51 58 51 58 51 58 52 57 51 58 53 56 51 58 54 55 51 58 55 54 51 58 56 53 51 58 57 52 51 58 58 51 51 58 59 50 51 58 60 49 51 58 61 48 51 58 62 47 51 58 63 46 51 58 64 45 51 58 65 44 51 58 66 43 51 58 67 42 51 58 68 41 51 58 69 40 51 58 70 39 51 58 71 38 51 58 72 37 51 59 38 72 51 59 39 71 51 59 40 70 51 59 41 69 51 59 42 68 51 59 43 67 51 59 44 66 51 59 45 65 51 59 46 64 51 59 47 63 51 59 48 62 51 59 49 61 51 59 50 60 51 59 51 59 51 59 52 58 51 59 53 57 51 59 54 56 51 59 55 55 51 59 56 54 51 59 57 53 51 59 58 52 51 59 59 51 51 59 60 50 51 59 61 49 51 59 62 48 51 59 63 47 51 59 64 46 51 59 65 45 51 59 66 44 51 59 67 43 51 59 68 42 51 59 69 41 51 59 70 40 51 59 71 39 51 59 72 38 51 60 39 72 51 60 40 71 51 60 41 70 51 60 42 69 51 60 43 68 51 60 44 67 51 60 45 66 51 60 46 65 51 60 47 64 51 60 48 63 51 60 49 62 51 60 50 61 51 60 51 60 51 60 52 59 51 60 53 58 51 60 54 57 51 60 55 56 51 60 56 55 51 60 57 54 51 60 58 53 51 60 59 52 51 60 60 51 51 60 61 50 51 60 62 49 51 60 63 48 51 60 64 47 51 60 65 46 51 60 66 45 51 60 67 44 51 60 68 43 51 60 69 42 51 60 70 41 51 60 71 40 51 60 72 39 51 61 40 72 51 61 41 71 51 61 42 70 51 61 43 69 51 61 44 68 51 61 45 67 51 61 46 66 51 61 47 65 51 61 48 64 51 61 49 63 51 61 50 62 51 61 51 61 51 61 52 60 51 61 53 59 51 61 54 58 51 61 55 57 51 61 56 56 51 61 57 55 51 61 58 54 51 61 59 53 51 61 60 52 51 61 61 51 51 61 62 50 51 61 63 49 51 61 64 48 51 61 65 47 51 61 66 46 51 61 67 45 51 61 68 44 51 61 69 43 51 61 70 42 51 61 71 41 51 61 72 40 51 62 41 72 51 62 42 71 51 62 43 70 51 62 44 69 51 62 45 68 51 62 46 67 51 62 47 66 51 62 48 65 51 62 49 64 51 62 50 63 51 62 51 62 51 62 52 61 51 62 53 60 51 62 54 59 51 62 55 58 51 62 56 57 51 62 57 56 51 62 58 55 51 62 59 54 51 62 60 53 51 62 61 52 51 62 62 51 51 62 63 50 51 62 64 49 51 62 65 48 51 62 66 47 51 62 67 46 51 62 68 45 51 62 69 44 51 62 70 43 51 62 71 42 51 62 72 41 51 63 42 72 51 63 43 71 51 63 44 70 51 63 45 69 51 63 46 68 51 63 47 67 51 63 48 66 51 63 49 65 51 63 50 64 51 63 51 63 51 63 52 62 51 63 53 61 51 63 54 60 51 63 55 59 51 63 56 58 51 63 57 57 51 63 58 56 51 63 59 55 51 63 60 54 51 63 61 53 51 63 62 52 51 63 63 51 51 63 64 50 51 63 65 49 51 63 66 48 51 63 67 47 51 63 68 46 51 63 69 45 51 63 70 44 51 63 71 43 51 63 72 42 51 64 43 72 51 64 44 71 51 64 45 70 51 64 46 69 51 64 47 68 51 64 48 67 51 64 49 66 51 64 50 65 51 64 51 64 51 64 52 63 51 64 53 62 51 64 54 61 51 64 55 60 51 64 56 59 51 64 57 58 51 64 58 57 51 64 59 56 51 64 60 55 51 64 61 54 51 64 62 53 51 64 63 52 51 64 64 51 51 64 65 50 51 64 66 49 51 64 67 48 51 64 68 47 51 64 69 46 51 64 70 45 51 64 71 44 51 64 72 43 51 65 44 72 51 65 45 71 51 65 46 70 51 65 47 69 51 65 48 68 51 65 49 67 51 65 50 66 51 65 51 65 51 65 52 64 51 65 53 63 51 65 54 62 51 65 55 61 51 65 56 60 51 65 57 59 51 65 58 58 51 65 59 57 51 65 60 56 51 65 61 55 51 65 62 54 51 65 63 53 51 65 64 52 51 65 65 51 51 65 66 50 51 65 67 49 51 65 68 48 51 65 69 47 51 65 70 46 51 65 71 45 51 65 72 44 51 66 45 72 51 66 46 71 51 66 47 70 51 66 48 69 51 66 49 68 51 66 50 67 51 66 51 66 51 66 52 65 51 66 53 64 51 66 54 63 51 66 55 62 51 66 56 61 51 66 57 60 51 66 58 59 51 66 59 58 51 66 60 57 51 66 61 56 51 66 62 55 51 66 63 54 51 66 64 53 51 66 65 52 51 66 66 51 51 66 67 50 51 66 68 49 51 66 69 48 51 66 70 47 51 66 71 46 51 66 72 45 51 67 46 72 51 67 47 71 51 67 48 70 51 67 49 69 51 67 50 68 51 67 51 67 51 67 52 66 51 67 53 65 51 67 54 64 51 67 55 63 51 67 56 62 51 67 57 61 51 67 58 60 51 67 59 59 51 67 60 58 51 67 61 57 51 67 62 56 51 67 63 55 51 67 64 54 51 67 65 53 51 67 66 52 51 67 67 51 51 67 68 50 51 67 69 49 51 67 70 48 51 67 71 47 51 67 72 46 51 68 47 72 51 68 48 71 51 68 49 70 51 68 50 69 51 68 51 68 51 68 52 67 51 68 53 66 51 68 54 65 51 68 55 64 51 68 56 63 51 68 57 62 51 68 58 61 51 68 59 60 51 68 60 59 51 68 61 58 51 68 62 57 51 68 63 56 51 68 64 55 51 68 65 54 51 68 66 53 51 68 67 52 51 68 68 51 51 68 69 50 51 68 70 49 51 68 71 48 51 68 72 47 51 69 48 72 51 69 49 71 51 69 50 70 51 69 51 69 51 69 52 68 51 69 53 67 51 69 54 66 51 69 55 65 51 69 56 64 51 69 57 63 51 69 58 62 51 69 59 61 51 69 60 60 51 69 61 59 51 69 62 58 51 69 63 57 51 69 64 56 51 69 65 55 51 69 66 54 51 69 67 53 51 69 68 52 51 69 69 51 51 69 70 50 51 69 71 49 51 69 72 48 51 70 49 72 51 70 50 71 51 70 51 70 51 70 52 69 51 70 53 68 51 70 54 67 51 70 55 66 51 70 56 65 51 70 57 64 51 70 58 63 51 70 59 62 51 70 60 61 51 70 61 60 51 70 62 59 51 70 63 58 51 70 64 57 51 70 65 56 51 70 66 55 51 70 67 54 51 70 68 53 51 70 69 52 51 70 70 51 51 70 71 50 51 70 72 49 51 71 50 72 51 71 51 71 51 71 52 70 51 71 53 69 51 71 54 68 51 71 55 67 51 71 56 66 51 71 57 65 51 71 58 64 51 71 59 63 51 71 60 62 51 71 61 61 51 71 62 60 51 71 63 59 51 71 64 58 51 71 65 57 51 71 66 56 51 71 67 55 51 71 68 54 51 71 69 53 51 71 70 52 51 71 71 51 51 71 72 50 51 72 51 72 51 72 52 71 51 72 53 70 51 72 54 69 51 72 55 68 51 72 56 67 51 72 57 66 51 72 58 65 51 72 59 64 51 72 60 63 51 72 61 62 51 72 62 61 51 72 63 60 51 72 64 59 51 72 65 58 51 72 66 57 51 72 67 56 51 72 68 55 51 72 69 54 51 72 70 53 51 72 71 52 51 72 72 51 





















