

2 0 0 2 2 0 1 1 2 0 2 0 2 1 1 2 2 1 2 1 2 2 0 5 2 2 2 2 2 2 5 0 2 3 0 6 2 3 1 4 2 3 2 3 2 3 3 2 2 3 4 1 2 3 6 0 2 4 0 7 2 4 1 6 2 4 2 4 2 4 4 2 2 4 6 1 2 4 7 0 2 5 0 8 2 5 2 5 2 5 3 4 2 5 4 3 2 5 5 2 2 5 8 0 2 6 0 9 2 6 1 7 2 6 2 6 2 6 3 5 2 6 5 3 2 6 6 2 2 6 7 1 2 6 9 0 2 7 0 11 2 7 1 9 2 7 2 7 2 7 4 5 2 7 5 4 2 7 7 2 2 7 9 1 2 7 11 0 2 8 0 12 2 8 2 8 2 8 3 7 2 8 4 6 2 8 5 5 2 8 6 4 2 8 7 3 2 8 8 2 2 8 12 0 2 9 0 13 2 9 1 11 2 9 2 9 2 9 3 8 2 9 5 6 2 9 6 5 2 9 8 3 2 9 9 2 2 9 11 1 2 9 13 0 2 10 0 14 2 10 1 12 2 10 2 10 2 10 3 9 2 10 4 7 2 10 7 4 2 10 9 3 2 10 10 2 2 10 12 1 2 10 14 0 2 11 0 15 2 11 1 13 2 11 2 11 2 11 3 10 2 11 4 8 2 11 5 7 2 11 7 5 2 11 8 4 2 11 10 3 2 11 11 2 2 11 13 1 2 11 15 0 2 12 0 16 2 12 1 14 2 12 2 12 2 12 3 11 2 12 4 9 2 12 5 8 2 12 6 7 2 12 7 6 2 12 8 5 2 12 9 4 2 12 11 3 2 12 12 2 2 12 14 1 2 12 16 0 2 13 0 17 2 13 1 15 2 13 2 13 2 13 3 12 2 13 4 10 2 13 5 9 2 13 6 8 2 13 8 6 2 13 9 5 2 13 10 4 2 13 12 3 2 13 13 2 2 13 15 1 2 13 17 0 2 14 0 18 2 14 1 16 2 14 2 14 2 14 3 13 2 14 5 10 2 14 6 9 2 14 7 7 2 14 9 6 2 14 10 5 2 14 13 3 2 14 14 2 2 14 16 1 2 14 18 0 2 15 0 19 2 15 1 17 2 15 2 15 2 15 3 14 2 15 5 11 2 15 7 8 2 15 8 7 2 15 11 5 2 15 14 3 2 15 15 2 2 15 17 1 2 15 19 0 2 16 0 20 2 16 1 18 2 16 2 16 2 16 3 15 2 16 4 13 2 16 5 12 2 16 6 11 2 16 7 9 2 16 8 8 2 16 9 7 2 16 11 6 2 16 12 5 2 16 13 4 2 16 15 3 2 16 16 2 2 16 18 1 2 16 20 0 2 17 0 21 2 17 1 19 2 17 2 17 2 17 3 16 2 17 4 14 2 17 5 13 2 17 6 12 2 17 7 10 2 17 8 9 2 17 9 8 2 17 10 7 2 17 12 6 2 17 13 5 2 17 14 4 2 17 16 3 2 17 17 2 2 17 19 1 2 17 21 0 2 18 0 22 2 18 1 20 2 18 2 18 2 18 3 17 2 18 4 15 2 18 5 14 2 18 6 13 2 18 7 11 2 18 8 10 2 18 9 9 2 18 10 8 2 18 11 7 2 18 13 6 2 18 14 5 2 18 15 4 2 18 17 3 2 18 18 2 2 18 20 1 2 18 22 0 2 19 0 23 2 19 1 21 2 19 2 19 2 19 3 18 2 19 4 16 2 19 5 15 2 19 6 14 2 19 7 12 2 19 8 11 2 19 9 10 2 19 10 9 2 19 11 8 2 19 12 7 2 19 14 6 2 19 15 5 2 19 16 4 2 19 18 3 2 19 19 2 2 19 21 1 2 19 23 0 2 20 0 24 2 20 1 22 2 20 2 20 2 20 3 19 2 20 4 17 2 20 5 16 2 20 6 15 2 20 7 13 2 20 8 12 2 20 12 8 2 20 13 7 2 20 15 6 2 20 16 5 2 20 17 4 2 20 19 3 2 20 20 2 2 20 22 1 2 20 24 0 2 21 0 25 2 21 1 23 2 21 2 21 2 21 3 20 2 21 4 18 2 21 5 17 2 21 6 16 2 21 7 14 2 21 8 13 2 21 9 12 2 21 10 11 2 21 11 10 2 21 12 9 2 21 13 8 2 21 14 7 2 21 16 6 2 21 17 5 2 21 18 4 2 21 20 3 2 21 21 2 2 21 23 1 2 21 25 0 2 22 0 26 2 22 1 24 2 22 2 22 2 22 3 21 2 22 4 19 2 22 5 18 2 22 6 17 2 22 7 15 2 22 8 14 2 22 9 13 2 22 10 12 2 22 11 11 2 22 12 10 2 22 13 9 2 22 14 8 2 22 15 7 2 22 17 6 2 22 18 5 2 22 19 4 2 22 21 3 2 22 22 2 2 22 24 1 2 22 26 0 2 23 0 27 2 23 1 25 2 23 2 23 2 23 3 22 2 23 4 20 2 23 5 19 2 23 6 18 2 23 7 16 2 23 9 14 2 23 10 13 2 23 11 12 2 23 12 11 2 23 13 10 2 23 14 9 2 23 16 7 2 23 18 6 2 23 19 5 2 23 20 4 2 23 22 3 2 23 23 2 2 23 25 1 2 23 27 0 2 24 0 28 2 24 1 26 2 24 2 24 2 24 3 23 2 24 4 21 2 24 5 20 2 24 6 19 2 24 7 17 2 24 8 16 2 24 10 14 2 24 11 13 2 24 12 12 2 24 13 11 2 24 14 10 2 24 16 8 2 24 17 7 2 24 19 6 2 24 20 5 2 24 21 4 2 24 23 3 2 24 24 2 2 24 26 1 2 24 28 0 2 25 0 29 2 25 1 27 2 25 2 25 2 25 3 24 2 25 4 22 2 25 5 21 2 25 6 20 2 25 7 18 2 25 8 17 2 25 9 16 2 25 10 15 2 25 11 14 2 25 12 13 2 25 13 12 2 25 14 11 2 25 15 10 2 25 16 9 2 25 17 8 2 25 18 7 2 25 20 6 2 25 21 5 2 25 22 4 2 25 24 3 2 25 25 2 2 25 27 1 2 25 29 0 2 26 0 30 2 26 1 28 2 26 2 26 2 26 3 25 2 26 4 23 2 26 5 22 2 26 6 21 2 26 7 19 2 26 8 18 2 26 9 17 2 26 10 16 2 26 11 15 2 26 12 14 2 26 13 13 2 26 14 12 2 26 15 11 2 26 16 10 2 26 17 9 2 26 18 8 2 26 19 7 2 26 21 6 2 26 22 5 2 26 23 4 2 26 25 3 2 26 26 2 2 26 28 1 2 26 30 0 2 27 0 31 2 27 1 29 2 27 2 27 2 27 3 26 2 27 4 24 2 27 5 23 2 27 6 22 2 27 7 20 2 27 8 19 2 27 9 18 2 27 10 17 2 27 11 16 2 27 12 15 2 27 13 14 2 27 14 13 2 27 15 12 2 27 16 11 2 27 17 10 2 27 18 9 2 27 19 8 2 27 20 7 2 27 22 6 2 27 23 5 2 27 24 4 2 27 26 3 2 27 27 2 2 27 29 1 2 27 31 0 2 28 1 30 2 28 2 28 2 28 3 27 2 28 4 25 2 28 5 24 2 28 6 23 2 28 7 21 2 28 8 20 2 28 9 19 2 28 10 18 2 28 11 17 2 28 12 16 2 28 13 15 2 28 14 14 2 28 15 13 2 28 16 12 2 28 17 11 2 28 18 10 2 28 19 9 2 28 20 8 2 28 21 7 2 28 23 6 2 28 24 5 2 28 25 4 2 28 27 3 2 28 28 2 2 28 30 1 2 29 1 31 2 29 2 29 2 29 3 28 2 29 4 26 2 29 5 25 2 29 6 24 2 29 7 22 2 29 8 21 2 29 9 20 2 29 10 19 2 29 11 18 2 29 12 17 2 29 13 16 2 29 14 15 2 29 15 14 2 29 16 13 2 29 17 12 2 29 18 11 2 29 19 10 2 29 20 9 2 29 21 8 2 29 22 7 2 29 24 6 2 29 25 5 2 29 26 4 2 29 28 3 2 29 29 2 2 29 31 1 2 30 1 32 2 30 2 30 2 30 3 29 2 30 4 27 2 30 5 26 2 30 6 25 2 30 7 23 2 30 8 22 2 30 9 21 2 30 10 20 2 30 11 19 2 30 12 18 2 30 13 17 2 30 14 16 2 30 15 15 2 30 16 14 2 30 17 13 2 30 18 12 2 30 19 11 2 30 20 10 2 30 21 9 2 30 22 8 2 30 23 7 2 30 25 6 2 30 26 5 2 30 27 4 2 30 29 3 2 30 30 2 2 30 32 1 2 31 1 33 2 31 2 31 2 31 3 30 2 31 4 28 2 31 5 27 2 31 6 26 2 31 7 24 2 31 8 23 2 31 9 22 2 31 10 21 2 31 11 20 2 31 12 19 2 31 13 18 2 31 14 17 2 31 15 16 2 31 16 15 2 31 17 14 2 31 18 13 2 31 19 12 2 31 20 11 2 31 21 10 2 31 22 9 2 31 23 8 2 31 24 7 2 31 26 6 2 31 27 5 2 31 28 4 2 31 30 3 2 31 31 2 2 31 33 1 2 32 2 32 2 32 3 31 2 32 4 29 2 32 5 28 2 32 6 27 2 32 7 25 2 32 8 24 2 32 9 23 2 32 10 22 2 32 11 21 2 32 12 20 2 32 13 19 2 32 14 18 2 32 15 17 2 32 16 16 2 32 17 15 2 32 18 14 2 32 19 13 2 32 20 12 2 32 21 11 2 32 22 10 2 32 23 9 2 32 24 8 2 32 25 7 2 32 27 6 2 32 28 5 2 32 29 4 2 32 31 3 2 32 32 2 2 33 2 33 2 33 3 32 2 33 4 30 2 33 5 29 2 33 6 28 2 33 7 26 2 33 8 25 2 33 9 24 2 33 10 23 2 33 23 10 2 33 24 9 2 33 25 8 2 33 26 7 2 33 28 6 2 33 29 5 2 33 30 4 2 33 32 3 2 33 33 2 































