









































42 0 0 42 42 0 1 40 42 0 2 38 42 0 3 37 42 0 4 35 42 0 5 33 42 0 6 31 42 0 7 30 42 0 8 29 42 0 9 28 42 0 10 27 42 0 11 26 42 0 12 25 42 0 13 24 42 0 14 23 42 0 15 22 42 0 16 21 42 0 17 20 42 0 18 19 42 0 19 18 42 0 20 17 42 0 21 16 42 0 22 15 42 0 23 14 42 0 24 13 42 0 25 12 42 0 26 11 42 0 27 10 42 0 28 9 42 0 29 8 42 0 30 7 42 0 31 6 42 0 33 5 42 0 35 4 42 0 37 3 42 0 38 2 42 0 40 1 42 0 42 0 42 1 0 44 42 1 1 42 42 1 2 40 42 1 3 39 42 1 4 37 42 1 5 35 42 1 6 33 42 1 7 32 42 1 8 31 42 1 9 30 42 1 10 29 42 1 11 28 42 1 12 27 42 1 13 26 42 1 14 25 42 1 15 24 42 1 16 23 42 1 17 22 42 1 18 21 42 1 19 20 42 1 20 19 42 1 21 18 42 1 22 17 42 1 23 16 42 1 24 15 42 1 25 14 42 1 26 13 42 1 27 12 42 1 28 11 42 1 29 10 42 1 30 9 42 1 31 8 42 1 32 7 42 1 33 6 42 1 35 5 42 1 37 4 42 1 39 3 42 1 40 2 42 1 42 1 42 1 44 0 42 2 0 46 42 2 1 44 42 2 2 42 42 2 3 41 42 2 4 39 42 2 5 37 42 2 6 35 42 2 7 34 42 2 8 33 42 2 9 32 42 2 10 31 42 2 11 30 42 2 12 29 42 2 13 28 42 2 14 27 42 2 15 26 42 2 16 25 42 2 17 24 42 2 18 23 42 2 19 22 42 2 20 21 42 2 21 20 42 2 22 19 42 2 23 18 42 2 24 17 42 2 25 16 42 2 26 15 42 2 27 14 42 2 28 13 42 2 29 12 42 2 30 11 42 2 31 10 42 2 32 9 42 2 33 8 42 2 34 7 42 2 35 6 42 2 37 5 42 2 39 4 42 2 41 3 42 2 42 2 42 2 44 1 42 2 46 0 42 3 0 47 42 3 1 45 42 3 2 43 42 3 3 42 42 3 4 40 42 3 5 38 42 3 6 36 42 3 7 35 42 3 8 34 42 3 9 33 42 3 10 32 42 3 11 31 42 3 12 30 42 3 13 29 42 3 14 28 42 3 15 27 42 3 16 26 42 3 17 25 42 3 18 24 42 3 19 23 42 3 20 22 42 3 21 21 42 3 22 20 42 3 23 19 42 3 24 18 42 3 25 17 42 3 26 16 42 3 27 15 42 3 28 14 42 3 29 13 42 3 30 12 42 3 31 11 42 3 32 10 42 3 33 9 42 3 34 8 42 3 35 7 42 3 36 6 42 3 38 5 42 3 40 4 42 3 42 3 42 3 43 2 42 3 45 1 42 3 47 0 42 4 0 49 42 4 1 47 42 4 2 45 42 4 3 44 42 4 4 42 42 4 5 40 42 4 6 38 42 4 7 37 42 4 8 36 42 4 9 35 42 4 10 34 42 4 11 33 42 4 12 32 42 4 13 31 42 4 14 30 42 4 15 29 42 4 16 28 42 4 17 27 42 4 18 26 42 4 19 25 42 4 20 24 42 4 21 23 42 4 22 22 42 4 23 21 42 4 24 20 42 4 25 19 42 4 26 18 42 4 27 17 42 4 28 16 42 4 29 15 42 4 30 14 42 4 31 13 42 4 32 12 42 4 33 11 42 4 34 10 42 4 35 9 42 4 36 8 42 4 37 7 42 4 38 6 42 4 40 5 42 4 42 4 42 4 44 3 42 4 45 2 42 4 47 1 42 4 49 0 42 5 0 51 42 5 1 49 42 5 2 47 42 5 3 46 42 5 4 44 42 5 5 42 42 5 6 40 42 5 7 39 42 5 8 38 42 5 9 37 42 5 10 36 42 5 11 35 42 5 12 34 42 5 13 33 42 5 14 32 42 5 15 31 42 5 16 30 42 5 17 29 42 5 18 28 42 5 19 27 42 5 20 26 42 5 21 25 42 5 22 24 42 5 23 23 42 5 24 22 42 5 25 21 42 5 26 20 42 5 27 19 42 5 28 18 42 5 29 17 42 5 30 16 42 5 31 15 42 5 32 14 42 5 33 13 42 5 34 12 42 5 35 11 42 5 36 10 42 5 37 9 42 5 38 8 42 5 39 7 42 5 40 6 42 5 42 5 42 5 44 4 42 5 46 3 42 5 47 2 42 5 49 1 42 5 51 0 42 6 1 51 42 6 2 49 42 6 3 48 42 6 4 46 42 6 5 44 42 6 6 42 42 6 7 41 42 6 8 40 42 6 9 39 42 6 10 38 42 6 11 37 42 6 13 35 42 6 14 34 42 6 15 33 42 6 16 32 42 6 17 31 42 6 18 30 42 6 19 29 42 6 20 28 42 6 21 27 42 6 22 26 42 6 23 25 42 6 24 24 42 6 25 23 42 6 26 22 42 6 27 21 42 6 28 20 42 6 29 19 42 6 30 18 42 6 31 17 42 6 32 16 42 6 33 15 42 6 34 14 42 6 35 13 42 6 37 11 42 6 38 10 42 6 39 9 42 6 40 8 42 6 41 7 42 6 42 6 42 6 44 5 42 6 46 4 42 6 48 3 42 6 49 2 42 6 51 1 42 7 1 52 42 7 2 50 42 7 3 49 42 7 4 47 42 7 5 45 42 7 6 43 42 7 7 42 42 7 8 41 42 7 9 40 42 7 10 39 42 7 11 38 42 7 12 37 42 7 13 36 42 7 14 35 42 7 15 34 42 7 16 33 42 7 17 32 42 7 18 31 42 7 19 30 42 7 20 29 42 7 21 28 42 7 22 27 42 7 23 26 42 7 24 25 42 7 25 24 42 7 26 23 42 7 27 22 42 7 28 21 42 7 29 20 42 7 30 19 42 7 31 18 42 7 32 17 42 7 33 16 42 7 34 15 42 7 35 14 42 7 36 13 42 7 37 12 42 7 38 11 42 7 39 10 42 7 40 9 42 7 41 8 42 7 42 7 42 7 43 6 42 7 45 5 42 7 47 4 42 7 49 3 42 7 50 2 42 7 52 1 42 8 1 53 42 8 2 51 42 8 3 50 42 8 4 48 42 8 5 46 42 8 6 44 42 8 7 43 42 8 8 42 42 8 9 41 42 8 10 40 42 8 11 39 42 8 12 38 42 8 13 37 42 8 14 36 42 8 15 35 42 8 16 34 42 8 17 33 42 8 18 32 42 8 19 31 42 8 20 30 42 8 21 29 42 8 22 28 42 8 23 27 42 8 24 26 42 8 25 25 42 8 26 24 42 8 27 23 42 8 28 22 42 8 29 21 42 8 30 20 42 8 31 19 42 8 32 18 42 8 33 17 42 8 34 16 42 8 35 15 42 8 36 14 42 8 37 13 42 8 38 12 42 8 39 11 42 8 40 10 42 8 41 9 42 8 42 8 42 8 43 7 42 8 44 6 42 8 46 5 42 8 48 4 42 8 50 3 42 8 51 2 42 8 53 1 42 9 1 54 42 9 2 52 42 9 3 51 42 9 4 49 42 9 5 47 42 9 6 45 42 9 7 44 42 9 8 43 42 9 9 42 42 9 10 41 42 9 11 40 42 9 13 38 42 9 14 37 42 9 15 36 42 9 16 35 42 9 17 34 42 9 18 33 42 9 19 32 42 9 20 31 42 9 21 30 42 9 22 29 42 9 23 28 42 9 24 27 42 9 25 26 42 9 26 25 42 9 27 24 42 9 28 23 42 9 29 22 42 9 30 21 42 9 31 20 42 9 32 19 42 9 33 18 42 9 34 17 42 9 35 16 42 9 36 15 42 9 37 14 42 9 38 13 42 9 40 11 42 9 41 10 42 9 42 9 42 9 43 8 42 9 44 7 42 9 45 6 42 9 47 5 42 9 49 4 42 9 51 3 42 9 52 2 42 9 54 1 42 10 1 55 42 10 2 53 42 10 3 52 42 10 4 50 42 10 5 48 42 10 6 46 42 10 7 45 42 10 8 44 42 10 9 43 42 10 10 42 42 10 11 41 42 10 12 40 42 10 13 39 42 10 14 38 42 10 15 37 42 10 16 36 42 10 17 35 42 10 18 34 42 10 19 33 42 10 20 32 42 10 21 31 42 10 22 30 42 10 23 29 42 10 24 28 42 10 25 27 42 10 26 26 42 10 27 25 42 10 28 24 42 10 29 23 42 10 30 22 42 10 31 21 42 10 32 20 42 10 33 19 42 10 34 18 42 10 35 17 42 10 36 16 42 10 37 15 42 10 38 14 42 10 39 13 42 10 40 12 42 10 41 11 42 10 42 10 42 10 43 9 42 10 44 8 42 10 45 7 42 10 46 6 42 10 48 5 42 10 50 4 42 10 52 3 42 10 53 2 42 10 55 1 42 11 2 54 42 11 3 53 42 11 4 51 42 11 5 49 42 11 6 47 42 11 7 46 42 11 8 45 42 11 9 44 42 11 10 43 42 11 11 42 42 11 12 41 42 11 13 40 42 11 14 39 42 11 15 38 42 11 16 37 42 11 17 36 42 11 18 35 42 11 19 34 42 11 20 33 42 11 21 32 42 11 22 31 42 11 23 30 42 11 24 29 42 11 25 28 42 11 26 27 42 11 27 26 42 11 28 25 42 11 29 24 42 11 30 23 42 11 31 22 42 11 32 21 42 11 33 20 42 11 34 19 42 11 35 18 42 11 36 17 42 11 37 16 42 11 38 15 42 11 39 14 42 11 40 13 42 11 41 12 42 11 42 11 42 11 43 10 42 11 44 9 42 11 45 8 42 11 46 7 42 11 47 6 42 11 49 5 42 11 51 4 42 11 53 3 42 11 54 2 42 12 2 55 42 12 3 54 42 12 4 52 42 12 5 50 42 12 6 48 42 12 7 47 42 12 8 46 42 12 9 45 42 12 10 44 42 12 11 43 42 12 12 42 42 12 13 41 42 12 14 40 42 12 15 39 42 12 16 38 42 12 17 37 42 12 18 36 42 12 19 35 42 12 20 34 42 12 21 33 42 12 22 32 42 12 23 31 42 12 24 30 42 12 25 29 42 12 26 28 42 12 27 27 42 12 28 26 42 12 29 25 42 12 30 24 42 12 31 23 42 12 32 22 42 12 33 21 42 12 34 20 42 12 35 19 42 12 36 18 42 12 37 17 42 12 38 16 42 12 39 15 42 12 40 14 42 12 41 13 42 12 42 12 42 12 43 11 42 12 44 10 42 12 45 9 42 12 46 8 42 12 47 7 42 12 48 6 42 12 50 5 42 12 52 4 42 12 54 3 42 12 55 2 42 13 2 56 42 13 3 55 42 13 4 53 42 13 5 51 42 13 6 49 42 13 7 48 42 13 8 47 42 13 9 46 42 13 10 45 42 13 11 44 42 13 12 43 42 13 13 42 42 13 14 41 42 13 15 40 42 13 16 39 42 13 17 38 42 13 18 37 42 13 19 36 42 13 20 35 42 13 21 34 42 13 22 33 42 13 23 32 42 13 24 31 42 13 25 30 42 13 26 29 42 13 27 28 42 13 28 27 42 13 29 26 42 13 30 25 42 13 31 24 42 13 32 23 42 13 33 22 42 13 34 21 42 13 35 20 42 13 36 19 42 13 37 18 42 13 38 17 42 13 39 16 42 13 40 15 42 13 41 14 42 13 42 13 42 13 43 12 42 13 44 11 42 13 45 10 42 13 46 9 42 13 47 8 42 13 48 7 42 13 49 6 42 13 51 5 42 13 53 4 42 13 55 3 42 13 56 2 42 14 2 57 42 14 3 56 42 14 4 54 42 14 5 52 42 14 6 50 42 14 7 49 42 14 8 48 42 14 9 47 42 14 10 46 42 14 11 45 42 14 12 44 42 14 13 43 42 14 14 42 42 14 15 41 42 14 16 40 42 14 17 39 42 14 18 38 42 14 19 37 42 14 20 36 42 14 21 35 42 14 22 34 42 14 23 33 42 14 24 32 42 14 25 31 42 14 26 30 42 14 27 29 42 14 28 28 42 14 29 27 42 14 30 26 42 14 31 25 42 14 32 24 42 14 33 23 42 14 34 22 42 14 35 21 42 14 36 20 42 14 37 19 42 14 38 18 42 14 39 17 42 14 40 16 42 14 41 15 42 14 42 14 42 14 43 13 42 14 44 12 42 14 45 11 42 14 46 10 42 14 47 9 42 14 48 8 42 14 49 7 42 14 50 6 42 14 52 5 42 14 54 4 42 14 56 3 42 14 57 2 42 15 3 57 42 15 4 55 42 15 5 53 42 15 6 51 42 15 7 50 42 15 8 49 42 15 9 48 42 15 10 47 42 15 11 46 42 15 12 45 42 15 13 44 42 15 14 43 42 15 15 42 42 15 16 41 42 15 17 40 42 15 18 39 42 15 19 38 42 15 20 37 42 15 21 36 42 15 22 35 42 15 23 34 42 15 24 33 42 15 25 32 42 15 26 31 42 15 27 30 42 15 28 29 42 15 29 28 42 15 30 27 42 15 31 26 42 15 32 25 42 15 33 24 42 15 34 23 42 15 35 22 42 15 36 21 42 15 37 20 42 15 38 19 42 15 39 18 42 15 40 17 42 15 41 16 42 15 42 15 42 15 43 14 42 15 44 13 42 15 45 12 42 15 46 11 42 15 47 10 42 15 48 9 42 15 49 8 42 15 50 7 42 15 51 6 42 15 53 5 42 15 55 4 42 15 57 3 42 16 3 58 42 16 4 56 42 16 5 54 42 16 6 52 42 16 7 51 42 16 8 50 42 16 9 49 42 16 10 48 42 16 11 47 42 16 12 46 42 16 13 45 42 16 14 44 42 16 15 43 42 16 16 42 42 16 17 41 42 16 18 40 42 16 19 39 42 16 20 38 42 16 21 37 42 16 22 36 42 16 23 35 42 16 24 34 42 16 25 33 42 16 26 32 42 16 27 31 42 16 28 30 42 16 29 29 42 16 30 28 42 16 31 27 42 16 32 26 42 16 33 25 42 16 34 24 42 16 35 23 42 16 36 22 42 16 37 21 42 16 38 20 42 16 39 19 42 16 40 18 42 16 41 17 42 16 42 16 42 16 43 15 42 16 44 14 42 16 45 13 42 16 46 12 42 16 47 11 42 16 48 10 42 16 49 9 42 16 50 8 42 16 51 7 42 16 52 6 42 16 54 5 42 16 56 4 42 16 58 3 42 17 3 59 42 17 4 57 42 17 5 55 42 17 6 53 42 17 7 52 42 17 8 51 42 17 9 50 42 17 10 49 42 17 11 48 42 17 12 47 42 17 13 46 42 17 14 45 42 17 15 44 42 17 16 43 42 17 17 42 42 17 18 41 42 17 19 40 42 17 20 39 42 17 21 38 42 17 22 37 42 17 23 36 42 17 24 35 42 17 25 34 42 17 26 33 42 17 27 32 42 17 28 31 42 17 29 30 42 17 30 29 42 17 31 28 42 17 32 27 42 17 33 26 42 17 34 25 42 17 35 24 42 17 36 23 42 17 37 22 42 17 38 21 42 17 39 20 42 17 40 19 42 17 41 18 42 17 42 17 42 17 43 16 42 17 44 15 42 17 45 14 42 17 46 13 42 17 47 12 42 17 48 11 42 17 49 10 42 17 50 9 42 17 51 8 42 17 52 7 42 17 53 6 42 17 55 5 42 17 57 4 42 17 59 3 42 18 4 58 42 18 5 56 42 18 6 54 42 18 7 53 42 18 8 52 42 18 9 51 42 18 10 50 42 18 11 49 42 18 12 48 42 18 13 47 42 18 14 46 42 18 15 45 42 18 16 44 42 18 17 43 42 18 18 42 42 18 19 41 42 18 20 40 42 18 21 39 42 18 22 38 42 18 23 37 42 18 24 36 42 18 25 35 42 18 26 34 42 18 27 33 42 18 28 32 42 18 29 31 42 18 30 30 42 18 31 29 42 18 32 28 42 18 33 27 42 18 34 26 42 18 35 25 42 18 36 24 42 18 37 23 42 18 38 22 42 18 39 21 42 18 40 20 42 18 41 19 42 18 42 18 42 18 43 17 42 18 44 16 42 18 45 15 42 18 46 14 42 18 47 13 42 18 48 12 42 18 49 11 42 18 50 10 42 18 51 9 42 18 52 8 42 18 53 7 42 18 54 6 42 18 56 5 42 18 58 4 42 19 4 59 42 19 5 57 42 19 6 55 42 19 7 54 42 19 8 53 42 19 9 52 42 19 10 51 42 19 11 50 42 19 12 49 42 19 13 48 42 19 14 47 42 19 15 46 42 19 16 45 42 19 17 44 42 19 18 43 42 19 19 42 42 19 20 41 42 19 21 40 42 19 22 39 42 19 23 38 42 19 24 37 42 19 25 36 42 19 26 35 42 19 27 34 42 19 28 33 42 19 29 32 42 19 30 31 42 19 31 30 42 19 32 29 42 19 33 28 42 19 34 27 42 19 35 26 42 19 36 25 42 19 37 24 42 19 38 23 42 19 39 22 42 19 40 21 42 19 41 20 42 19 42 19 42 19 43 18 42 19 44 17 42 19 45 16 42 19 46 15 42 19 47 14 42 19 48 13 42 19 49 12 42 19 50 11 42 19 51 10 42 19 52 9 42 19 53 8 42 19 54 7 42 19 55 6 42 19 57 5 42 19 59 4 42 20 4 60 42 20 5 58 42 20 6 56 42 20 7 55 42 20 8 54 42 20 9 53 42 20 10 52 42 20 11 51 42 20 12 50 42 20 13 49 42 20 14 48 42 20 15 47 42 20 16 46 42 20 17 45 42 20 18 44 42 20 19 43 42 20 20 42 42 20 21 41 42 20 22 40 42 20 23 39 42 20 24 38 42 20 25 37 42 20 26 36 42 20 27 35 42 20 28 34 42 20 29 33 42 20 30 32 42 20 31 31 42 20 32 30 42 20 33 29 42 20 34 28 42 20 35 27 42 20 36 26 42 20 37 25 42 20 38 24 42 20 39 23 42 20 40 22 42 20 41 21 42 20 42 20 42 20 43 19 42 20 44 18 42 20 45 17 42 20 46 16 42 20 47 15 42 20 48 14 42 20 49 13 42 20 50 12 42 20 51 11 42 20 52 10 42 20 53 9 42 20 54 8 42 20 55 7 42 20 56 6 42 20 58 5 42 20 60 4 42 21 5 59 42 21 6 57 42 21 7 56 42 21 8 55 42 21 9 54 42 21 10 53 42 21 11 52 42 21 12 51 42 21 13 50 42 21 14 49 42 21 15 48 42 21 16 47 42 21 17 46 42 21 18 45 42 21 19 44 42 21 20 43 42 21 21 42 42 21 22 41 42 21 23 40 42 21 24 39 42 21 25 38 42 21 26 37 42 21 27 36 42 21 28 35 42 21 29 34 42 21 30 33 42 21 31 32 42 21 32 31 42 21 33 30 42 21 34 29 42 21 35 28 42 21 36 27 42 21 37 26 42 21 38 25 42 21 39 24 42 21 40 23 42 21 41 22 42 21 42 21 42 21 43 20 42 21 44 19 42 21 45 18 42 21 46 17 42 21 47 16 42 21 48 15 42 21 49 14 42 21 50 13 42 21 51 12 42 21 52 11 42 21 53 10 42 21 54 9 42 21 55 8 42 21 56 7 42 21 57 6 42 21 59 5 42 22 5 60 42 22 6 58 42 22 7 57 42 22 8 56 42 22 9 55 42 22 10 54 42 22 11 53 42 22 12 52 42 22 13 51 42 22 14 50 42 22 15 49 42 22 16 48 42 22 17 47 42 22 18 46 42 22 19 45 42 22 20 44 42 22 21 43 42 22 22 42 42 22 23 41 42 22 24 40 42 22 25 39 42 22 26 38 42 22 27 37 42 22 28 36 42 22 29 35 42 22 30 34 42 22 31 33 42 22 32 32 42 22 33 31 42 22 34 30 42 22 35 29 42 22 36 28 42 22 37 27 42 22 38 26 42 22 39 25 42 22 40 24 42 22 41 23 42 22 42 22 42 22 43 21 42 22 44 20 42 22 45 19 42 22 46 18 42 22 47 17 42 22 48 16 42 22 49 15 42 22 50 14 42 22 51 13 42 22 52 12 42 22 53 11 42 22 54 10 42 22 55 9 42 22 56 8 42 22 57 7 42 22 58 6 42 22 60 5 42 23 5 61 42 23 6 59 42 23 7 58 42 23 8 57 42 23 9 56 42 23 10 55 42 23 11 54 42 23 12 53 42 23 13 52 42 23 14 51 42 23 15 50 42 23 16 49 42 23 17 48 42 23 18 47 42 23 19 46 42 23 20 45 42 23 21 44 42 23 22 43 42 23 23 42 42 23 24 41 42 23 25 40 42 23 26 39 42 23 27 38 42 23 28 37 42 23 29 36 42 23 30 35 42 23 31 34 42 23 32 33 42 23 33 32 42 23 34 31 42 23 35 30 42 23 36 29 42 23 37 28 42 23 38 27 42 23 39 26 42 23 40 25 42 23 41 24 42 23 42 23 42 23 43 22 42 23 44 21 42 23 45 20 42 23 46 19 42 23 47 18 42 23 48 17 42 23 49 16 42 23 50 15 42 23 51 14 42 23 52 13 42 23 53 12 42 23 54 11 42 23 55 10 42 23 56 9 42 23 57 8 42 23 58 7 42 23 59 6 42 23 61 5 42 24 5 62 42 24 6 60 42 24 7 59 42 24 8 58 42 24 9 57 42 24 10 56 42 24 11 55 42 24 12 54 42 24 13 53 42 24 14 52 42 24 15 51 42 24 16 50 42 24 17 49 42 24 18 48 42 24 19 47 42 24 20 46 42 24 21 45 42 24 22 44 42 24 23 43 42 24 24 42 42 24 25 41 42 24 26 40 42 24 27 39 42 24 28 38 42 24 29 37 42 24 30 36 42 24 31 35 42 24 32 34 42 24 33 33 42 24 34 32 42 24 35 31 42 24 36 30 42 24 37 29 42 24 38 28 42 24 39 27 42 24 40 26 42 24 41 25 42 24 42 24 42 24 43 23 42 24 44 22 42 24 45 21 42 24 46 20 42 24 47 19 42 24 48 18 42 24 49 17 42 24 50 16 42 24 51 15 42 24 52 14 42 24 53 13 42 24 54 12 42 24 55 11 42 24 56 10 42 24 57 9 42 24 58 8 42 24 59 7 42 24 60 6 42 24 62 5 42 25 6 61 42 25 7 60 42 25 8 59 42 25 9 58 42 25 10 57 42 25 11 56 42 25 12 55 42 25 13 54 42 25 14 53 42 25 15 52 42 25 16 51 42 25 17 50 42 25 18 49 42 25 19 48 42 25 20 47 42 25 21 46 42 25 22 45 42 25 23 44 42 25 24 43 42 25 25 42 42 25 26 41 42 25 27 40 42 25 28 39 42 25 29 38 42 25 30 37 42 25 31 36 42 25 32 35 42 25 33 34 42 25 34 33 42 25 35 32 42 25 36 31 42 25 37 30 42 25 38 29 42 25 39 28 42 25 40 27 42 25 41 26 42 25 42 25 42 25 43 24 42 25 44 23 42 25 45 22 42 25 46 21 42 25 47 20 42 25 48 19 42 25 49 18 42 25 50 17 42 25 51 16 42 25 52 15 42 25 53 14 42 25 54 13 42 25 55 12 42 25 56 11 42 25 57 10 42 25 58 9 42 25 59 8 42 25 60 7 42 25 61 6 42 26 6 62 42 26 7 61 42 26 8 60 42 26 9 59 42 26 10 58 42 26 11 57 42 26 12 56 42 26 13 55 42 26 14 54 42 26 15 53 42 26 16 52 42 26 17 51 42 26 18 50 42 26 19 49 42 26 20 48 42 26 21 47 42 26 22 46 42 26 23 45 42 26 24 44 42 26 25 43 42 26 26 42 42 26 27 41 42 26 28 40 42 26 29 39 42 26 30 38 42 26 31 37 42 26 32 36 42 26 33 35 42 26 34 34 42 26 35 33 42 26 36 32 42 26 37 31 42 26 38 30 42 26 39 29 42 26 40 28 42 26 41 27 42 26 42 26 42 26 43 25 42 26 44 24 42 26 45 23 42 26 46 22 42 26 47 21 42 26 48 20 42 26 49 19 42 26 50 18 42 26 51 17 42 26 52 16 42 26 53 15 42 26 54 14 42 26 55 13 42 26 56 12 42 26 57 11 42 26 58 10 42 26 59 9 42 26 60 8 42 26 61 7 42 26 62 6 42 27 7 62 42 27 8 61 42 27 9 60 42 27 10 59 42 27 11 58 42 27 12 57 42 27 13 56 42 27 14 55 42 27 15 54 42 27 16 53 42 27 17 52 42 27 18 51 42 27 19 50 42 27 20 49 42 27 21 48 42 27 22 47 42 27 23 46 42 27 24 45 42 27 25 44 42 27 26 43 42 27 27 42 42 27 28 41 42 27 29 40 42 27 30 39 42 27 31 38 42 27 32 37 42 27 33 36 42 27 34 35 42 27 35 34 42 27 36 33 42 27 37 32 42 27 38 31 42 27 39 30 42 27 40 29 42 27 41 28 42 27 42 27 42 27 43 26 42 27 44 25 42 27 45 24 42 27 46 23 42 27 47 22 42 27 48 21 42 27 49 20 42 27 50 19 42 27 51 18 42 27 52 17 42 27 53 16 42 27 54 15 42 27 55 14 42 27 56 13 42 27 57 12 42 27 58 11 42 27 59 10 42 27 60 9 42 27 61 8 42 27 62 7 42 28 8 62 42 28 9 61 42 28 10 60 42 28 11 59 42 28 12 58 42 28 13 57 42 28 14 56 42 28 15 55 42 28 16 54 42 28 17 53 42 28 18 52 42 28 19 51 42 28 20 50 42 28 21 49 42 28 22 48 42 28 23 47 42 28 24 46 42 28 25 45 42 28 26 44 42 28 27 43 42 28 28 42 42 28 29 41 42 28 30 40 42 28 31 39 42 28 32 38 42 28 33 37 42 28 34 36 42 28 35 35 42 28 36 34 42 28 37 33 42 28 38 32 42 28 39 31 42 28 40 30 42 28 41 29 42 28 42 28 42 28 43 27 42 28 44 26 42 28 45 25 42 28 46 24 42 28 47 23 42 28 48 22 42 28 49 21 42 28 50 20 42 28 51 19 42 28 52 18 42 28 53 17 42 28 54 16 42 28 55 15 42 28 56 14 42 28 57 13 42 28 58 12 42 28 59 11 42 28 60 10 42 28 61 9 42 28 62 8 42 29 9 62 42 29 10 61 42 29 11 60 42 29 12 59 42 29 13 58 42 29 14 57 42 29 15 56 42 29 16 55 42 29 17 54 42 29 18 53 42 29 19 52 42 29 20 51 42 29 21 50 42 29 22 49 42 29 23 48 42 29 24 47 42 29 25 46 42 29 26 45 42 29 27 44 42 29 28 43 42 29 29 42 42 29 30 41 42 29 31 40 42 29 32 39 42 29 33 38 42 29 34 37 42 29 35 36 42 29 36 35 42 29 37 34 42 29 38 33 42 29 39 32 42 29 40 31 42 29 41 30 42 29 42 29 42 29 43 28 42 29 44 27 42 29 45 26 42 29 46 25 42 29 47 24 42 29 48 23 42 29 49 22 42 29 50 21 42 29 51 20 42 29 52 19 42 29 53 18 42 29 54 17 42 29 55 16 42 29 56 15 42 29 57 14 42 29 58 13 42 29 59 12 42 29 60 11 42 29 61 10 42 29 62 9 42 30 10 62 42 30 11 61 42 30 12 60 42 30 13 59 42 30 14 58 42 30 15 57 42 30 16 56 42 30 17 55 42 30 18 54 42 30 19 53 42 30 20 52 42 30 21 51 42 30 22 50 42 30 23 49 42 30 24 48 42 30 25 47 42 30 26 46 42 30 27 45 42 30 28 44 42 30 29 43 42 30 30 42 42 30 31 41 42 30 32 40 42 30 33 39 42 30 34 38 42 30 35 37 42 30 36 36 42 30 37 35 42 30 38 34 42 30 39 33 42 30 40 32 42 30 41 31 42 30 42 30 42 30 43 29 42 30 44 28 42 30 45 27 42 30 46 26 42 30 47 25 42 30 48 24 42 30 49 23 42 30 50 22 42 30 51 21 42 30 52 20 42 30 53 19 42 30 54 18 42 30 55 17 42 30 56 16 42 30 57 15 42 30 58 14 42 30 59 13 42 30 60 12 42 30 61 11 42 30 62 10 42 31 11 62 42 31 12 61 42 31 13 60 42 31 14 59 42 31 15 58 42 31 16 57 42 31 17 56 42 31 18 55 42 31 19 54 42 31 20 53 42 31 21 52 42 31 22 51 42 31 23 50 42 31 24 49 42 31 25 48 42 31 26 47 42 31 27 46 42 31 28 45 42 31 29 44 42 31 30 43 42 31 31 42 42 31 32 41 42 31 33 40 42 31 34 39 42 31 35 38 42 31 36 37 42 31 37 36 42 31 38 35 42 31 39 34 42 31 40 33 42 31 41 32 42 31 42 31 42 31 43 30 42 31 44 29 42 31 45 28 42 31 46 27 42 31 47 26 42 31 48 25 42 31 49 24 42 31 50 23 42 31 51 22 42 31 52 21 42 31 53 20 42 31 54 19 42 31 55 18 42 31 56 17 42 31 57 16 42 31 58 15 42 31 59 14 42 31 60 13 42 31 61 12 42 31 62 11 42 32 12 62 42 32 13 61 42 32 14 60 42 32 15 59 42 32 16 58 42 32 17 57 42 32 18 56 42 32 19 55 42 32 20 54 42 32 21 53 42 32 22 52 42 32 23 51 42 32 24 50 42 32 25 49 42 32 26 48 42 32 27 47 42 32 28 46 42 32 29 45 42 32 30 44 42 32 31 43 42 32 32 42 42 32 33 41 42 32 34 40 42 32 35 39 42 32 36 38 42 32 37 37 42 32 38 36 42 32 39 35 42 32 40 34 42 32 41 33 42 32 42 32 42 32 43 31 42 32 44 30 42 32 45 29 42 32 46 28 42 32 47 27 42 32 48 26 42 32 49 25 42 32 50 24 42 32 51 23 42 32 52 22 42 32 53 21 42 32 54 20 42 32 55 19 42 32 56 18 42 32 57 17 42 32 58 16 42 32 59 15 42 32 60 14 42 32 61 13 42 32 62 12 42 33 13 62 42 33 14 61 42 33 15 60 42 33 16 59 42 33 17 58 42 33 18 57 42 33 19 56 42 33 20 55 42 33 21 54 42 33 22 53 42 33 23 52 42 33 24 51 42 33 25 50 42 33 26 49 42 33 27 48 42 33 28 47 42 33 29 46 42 33 30 45 42 33 31 44 42 33 32 43 42 33 33 42 42 33 34 41 42 33 35 40 42 33 36 39 42 33 37 38 42 33 38 37 42 33 39 36 42 33 40 35 42 33 41 34 42 33 42 33 42 33 43 32 42 33 44 31 42 33 45 30 42 33 46 29 42 33 47 28 42 33 48 27 42 33 49 26 42 33 50 25 42 33 51 24 42 33 52 23 42 33 53 22 42 33 54 21 42 33 55 20 42 33 56 19 42 33 57 18 42 33 58 17 42 33 59 16 42 33 60 15 42 33 61 14 42 33 62 13 42 34 14 62 42 34 15 61 42 34 16 60 42 34 17 59 42 34 18 58 42 34 19 57 42 34 20 56 42 34 21 55 42 34 22 54 42 34 23 53 42 34 24 52 42 34 25 51 42 34 26 50 42 34 27 49 42 34 28 48 42 34 29 47 42 34 30 46 42 34 31 45 42 34 32 44 42 34 33 43 42 34 34 42 42 34 35 41 42 34 36 40 42 34 37 39 42 34 38 38 42 34 39 37 42 34 40 36 42 34 41 35 42 34 42 34 42 34 43 33 42 34 44 32 42 34 45 31 42 34 46 30 42 34 47 29 42 34 48 28 42 34 49 27 42 34 50 26 42 34 51 25 42 34 52 24 42 34 53 23 42 34 54 22 42 34 55 21 42 34 56 20 42 34 57 19 42 34 58 18 42 34 59 17 42 34 60 16 42 34 61 15 42 34 62 14 42 35 15 62 42 35 16 61 42 35 17 60 42 35 18 59 42 35 19 58 42 35 20 57 42 35 21 56 42 35 22 55 42 35 23 54 42 35 24 53 42 35 25 52 42 35 26 51 42 35 27 50 42 35 28 49 42 35 29 48 42 35 30 47 42 35 31 46 42 35 32 45 42 35 33 44 42 35 34 43 42 35 35 42 42 35 36 41 42 35 37 40 42 35 38 39 42 35 39 38 42 35 40 37 42 35 41 36 42 35 42 35 42 35 43 34 42 35 44 33 42 35 45 32 42 35 46 31 42 35 47 30 42 35 48 29 42 35 49 28 42 35 50 27 42 35 51 26 42 35 52 25 42 35 53 24 42 35 54 23 42 35 55 22 42 35 56 21 42 35 57 20 42 35 58 19 42 35 59 18 42 35 60 17 42 35 61 16 42 35 62 15 42 36 16 62 42 36 17 61 42 36 18 60 42 36 19 59 42 36 20 58 42 36 21 57 42 36 22 56 42 36 23 55 42 36 24 54 42 36 25 53 42 36 26 52 42 36 27 51 42 36 28 50 42 36 29 49 42 36 30 48 42 36 31 47 42 36 32 46 42 36 33 45 42 36 34 44 42 36 35 43 42 36 36 42 42 36 37 41 42 36 38 40 42 36 39 39 42 36 40 38 42 36 41 37 42 36 42 36 42 36 43 35 42 36 44 34 42 36 45 33 42 36 46 32 42 36 47 31 42 36 48 30 42 36 49 29 42 36 50 28 42 36 51 27 42 36 52 26 42 36 53 25 42 36 54 24 42 36 55 23 42 36 56 22 42 36 57 21 42 36 58 20 42 36 59 19 42 36 60 18 42 36 61 17 42 36 62 16 42 37 17 62 42 37 18 61 42 37 19 60 42 37 20 59 42 37 21 58 42 37 22 57 42 37 23 56 42 37 24 55 42 37 25 54 42 37 26 53 42 37 27 52 42 37 28 51 42 37 29 50 42 37 30 49 42 37 31 48 42 37 32 47 42 37 33 46 42 37 34 45 42 37 35 44 42 37 36 43 42 37 37 42 42 37 38 41 42 37 39 40 42 37 40 39 42 37 41 38 42 37 42 37 42 37 43 36 42 37 44 35 42 37 45 34 42 37 46 33 42 37 47 32 42 37 48 31 42 37 49 30 42 37 50 29 42 37 51 28 42 37 52 27 42 37 53 26 42 37 54 25 42 37 55 24 42 37 56 23 42 37 57 22 42 37 58 21 42 37 59 20 42 37 60 19 42 37 61 18 42 37 62 17 42 38 18 62 42 38 19 61 42 38 20 60 42 38 21 59 42 38 22 58 42 38 23 57 42 38 24 56 42 38 25 55 42 38 26 54 42 38 27 53 42 38 28 52 42 38 29 51 42 38 30 50 42 38 31 49 42 38 32 48 42 38 33 47 42 38 34 46 42 38 35 45 42 38 36 44 42 38 37 43 42 38 38 42 42 38 39 41 42 38 40 40 42 38 41 39 42 38 42 38 42 38 43 37 42 38 44 36 42 38 45 35 42 38 46 34 42 38 47 33 42 38 48 32 42 38 49 31 42 38 50 30 42 38 51 29 42 38 52 28 42 38 53 27 42 38 54 26 42 38 55 25 42 38 56 24 42 38 57 23 42 38 58 22 42 38 59 21 42 38 60 20 42 38 61 19 42 38 62 18 42 39 19 62 42 39 20 61 42 39 21 60 42 39 22 59 42 39 23 58 42 39 24 57 42 39 25 56 42 39 26 55 42 39 27 54 42 39 28 53 42 39 29 52 42 39 30 51 42 39 31 50 42 39 32 49 42 39 33 48 42 39 34 47 42 39 35 46 42 39 36 45 42 39 37 44 42 39 38 43 42 39 39 42 42 39 40 41 42 39 41 40 42 39 42 39 42 39 43 38 42 39 44 37 42 39 45 36 42 39 46 35 42 39 47 34 42 39 48 33 42 39 49 32 42 39 50 31 42 39 51 30 42 39 52 29 42 39 53 28 42 39 54 27 42 39 55 26 42 39 56 25 42 39 57 24 42 39 58 23 42 39 59 22 42 39 60 21 42 39 61 20 42 39 62 19 42 40 20 62 42 40 21 61 42 40 22 60 42 40 23 59 42 40 24 58 42 40 25 57 42 40 26 56 42 40 27 55 42 40 28 54 42 40 29 53 42 40 30 52 42 40 31 51 42 40 32 50 42 40 33 49 42 40 34 48 42 40 35 47 42 40 36 46 42 40 37 45 42 40 38 44 42 40 39 43 42 40 40 42 42 40 41 41 42 40 42 40 42 40 43 39 42 40 44 38 42 40 45 37 42 40 46 36 42 40 47 35 42 40 48 34 42 40 49 33 42 40 50 32 42 40 51 31 42 40 52 30 42 40 53 29 42 40 54 28 42 40 55 27 42 40 56 26 42 40 57 25 42 40 58 24 42 40 59 23 42 40 60 22 42 40 61 21 42 40 62 20 42 41 21 62 42 41 22 61 42 41 23 60 42 41 24 59 42 41 25 58 42 41 26 57 42 41 27 56 42 41 28 55 42 41 29 54 42 41 30 53 42 41 31 52 42 41 32 51 42 41 33 50 42 41 34 49 42 41 35 48 42 41 36 47 42 41 37 46 42 41 38 45 42 41 39 44 42 41 40 43 42 41 41 42 42 41 42 41 42 41 43 40 42 41 44 39 42 41 45 38 42 41 46 37 42 41 47 36 42 41 48 35 42 41 49 34 42 41 50 33 42 41 51 32 42 41 52 31 42 41 53 30 42 41 54 29 42 41 55 28 42 41 56 27 42 41 57 26 42 41 58 25 42 41 59 24 42 41 60 23 42 41 61 22 42 41 62 21 42 42 22 62 42 42 23 61 42 42 24 60 42 42 25 59 42 42 26 58 42 42 27 57 42 42 28 56 42 42 29 55 42 42 30 54 42 42 31 53 42 42 32 52 42 42 33 51 42 42 34 50 42 42 35 49 42 42 36 48 42 42 37 47 42 42 38 46 42 42 39 45 42 42 40 44 42 42 41 43 42 42 42 42 42 42 43 41 42 42 44 40 42 42 45 39 42 42 46 38 42 42 47 37 42 42 48 36 42 42 49 35 42 42 50 34 42 42 51 33 42 42 52 32 42 42 53 31 42 42 54 30 42 42 55 29 42 42 56 28 42 42 57 27 42 42 58 26 42 42 59 25 42 42 60 24 42 42 61 23 42 42 62 22 42 43 23 62 42 43 24 61 42 43 25 60 42 43 26 59 42 43 27 58 42 43 28 57 42 43 29 56 42 43 30 55 42 43 31 54 42 43 32 53 42 43 33 52 42 43 34 51 42 43 35 50 42 43 36 49 42 43 37 48 42 43 38 47 42 43 39 46 42 43 40 45 42 43 41 44 42 43 42 43 42 43 43 42 42 43 44 41 42 43 45 40 42 43 46 39 42 43 47 38 42 43 48 37 42 43 49 36 42 43 50 35 42 43 51 34 42 43 52 33 42 43 53 32 42 43 54 31 42 43 55 30 42 43 56 29 42 43 57 28 42 43 58 27 42 43 59 26 42 43 60 25 42 43 61 24 42 43 62 23 42 44 24 62 42 44 25 61 42 44 26 60 42 44 27 59 42 44 28 58 42 44 29 57 42 44 30 56 42 44 31 55 42 44 32 54 42 44 33 53 42 44 34 52 42 44 35 51 42 44 36 50 42 44 37 49 42 44 38 48 42 44 39 47 42 44 40 46 42 44 41 45 42 44 42 44 42 44 43 43 42 44 44 42 42 44 45 41 42 44 46 40 42 44 47 39 42 44 48 38 42 44 49 37 42 44 50 36 42 44 51 35 42 44 52 34 42 44 53 33 42 44 54 32 42 44 55 31 42 44 56 30 42 44 57 29 42 44 58 28 42 44 59 27 42 44 60 26 42 44 61 25 42 44 62 24 42 45 25 62 42 45 26 61 42 45 27 60 42 45 28 59 42 45 29 58 42 45 30 57 42 45 31 56 42 45 32 55 42 45 33 54 42 45 34 53 42 45 35 52 42 45 36 51 42 45 37 50 42 45 38 49 42 45 39 48 42 45 40 47 42 45 41 46 42 45 42 45 42 45 43 44 42 45 44 43 42 45 45 42 42 45 46 41 42 45 47 40 42 45 48 39 42 45 49 38 42 45 50 37 42 45 51 36 42 45 52 35 42 45 53 34 42 45 54 33 42 45 55 32 42 45 56 31 42 45 57 30 42 45 58 29 42 45 59 28 42 45 60 27 42 45 61 26 42 45 62 25 42 46 26 62 42 46 27 61 42 46 28 60 42 46 29 59 42 46 30 58 42 46 31 57 42 46 32 56 42 46 33 55 42 46 34 54 42 46 35 53 42 46 36 52 42 46 37 51 42 46 38 50 42 46 39 49 42 46 40 48 42 46 41 47 42 46 42 46 42 46 43 45 42 46 44 44 42 46 45 43 42 46 46 42 42 46 47 41 42 46 48 40 42 46 49 39 42 46 50 38 42 46 51 37 42 46 52 36 42 46 53 35 42 46 54 34 42 46 55 33 42 46 56 32 42 46 57 31 42 46 58 30 42 46 59 29 42 46 60 28 42 46 61 27 42 46 62 26 42 47 27 62 42 47 28 61 42 47 29 60 42 47 30 59 42 47 31 58 42 47 32 57 42 47 33 56 42 47 34 55 42 47 35 54 42 47 36 53 42 47 37 52 42 47 38 51 42 47 39 50 42 47 40 49 42 47 41 48 42 47 42 47 42 47 43 46 42 47 44 45 42 47 45 44 42 47 46 43 42 47 47 42 42 47 48 41 42 47 49 40 42 47 50 39 42 47 51 38 42 47 52 37 42 47 53 36 42 47 54 35 42 47 55 34 42 47 56 33 42 47 57 32 42 47 58 31 42 47 59 30 42 47 60 29 42 47 61 28 42 47 62 27 42 48 28 62 42 48 29 61 42 48 30 60 42 48 31 59 42 48 32 58 42 48 33 57 42 48 34 56 42 48 35 55 42 48 36 54 42 48 37 53 42 48 38 52 42 48 39 51 42 48 40 50 42 48 41 49 42 48 42 48 42 48 43 47 42 48 44 46 42 48 45 45 42 48 46 44 42 48 47 43 42 48 48 42 42 48 49 41 42 48 50 40 42 48 51 39 42 48 52 38 42 48 53 37 42 48 54 36 42 48 55 35 42 48 56 34 42 48 57 33 42 48 58 32 42 48 59 31 42 48 60 30 42 48 61 29 42 48 62 28 42 49 29 62 42 49 30 61 42 49 31 60 42 49 32 59 42 49 33 58 42 49 34 57 42 49 35 56 42 49 36 55 42 49 37 54 42 49 38 53 42 49 39 52 42 49 40 51 42 49 41 50 42 49 42 49 42 49 43 48 42 49 44 47 42 49 45 46 42 49 46 45 42 49 47 44 42 49 48 43 42 49 49 42 42 49 50 41 42 49 51 40 42 49 52 39 42 49 53 38 42 49 54 37 42 49 55 36 42 49 56 35 42 49 57 34 42 49 58 33 42 49 59 32 42 49 60 31 42 49 61 30 42 49 62 29 42 50 30 62 42 50 31 61 42 50 32 60 42 50 33 59 42 50 34 58 42 50 35 57 42 50 36 56 42 50 37 55 42 50 38 54 42 50 39 53 42 50 40 52 42 50 41 51 42 50 42 50 42 50 43 49 42 50 44 48 42 50 45 47 42 50 46 46 42 50 47 45 42 50 48 44 42 50 49 43 42 50 50 42 42 50 51 41 42 50 52 40 42 50 53 39 42 50 54 38 42 50 55 37 42 50 56 36 42 50 57 35 42 50 58 34 42 50 59 33 42 50 60 32 42 50 61 31 42 50 62 30 42 51 31 62 42 51 32 61 42 51 33 60 42 51 34 59 42 51 35 58 42 51 36 57 42 51 37 56 42 51 38 55 42 51 39 54 42 51 40 53 42 51 41 52 42 51 42 51 42 51 43 50 42 51 44 49 42 51 45 48 42 51 46 47 42 51 47 46 42 51 48 45 42 51 49 44 42 51 50 43 42 51 51 42 42 51 52 41 42 51 53 40 42 51 54 39 42 51 55 38 42 51 56 37 42 51 57 36 42 51 58 35 42 51 59 34 42 51 60 33 42 51 61 32 42 51 62 31 42 52 32 62 42 52 33 61 42 52 34 60 42 52 35 59 42 52 36 58 42 52 37 57 42 52 38 56 42 52 39 55 42 52 40 54 42 52 41 53 42 52 42 52 42 52 43 51 42 52 44 50 42 52 45 49 42 52 46 48 42 52 47 47 42 52 48 46 42 52 49 45 42 52 50 44 42 52 51 43 42 52 52 42 42 52 53 41 42 52 54 40 42 52 55 39 42 52 56 38 42 52 57 37 42 52 58 36 42 52 59 35 42 52 60 34 42 52 61 33 42 52 62 32 42 53 33 62 42 53 34 61 42 53 35 60 42 53 36 59 42 53 37 58 42 53 38 57 42 53 39 56 42 53 40 55 42 53 41 54 42 53 42 53 42 53 43 52 42 53 44 51 42 53 45 50 42 53 46 49 42 53 47 48 42 53 48 47 42 53 49 46 42 53 50 45 42 53 51 44 42 53 52 43 42 53 53 42 42 53 54 41 42 53 55 40 42 53 56 39 42 53 57 38 42 53 58 37 42 53 59 36 42 53 60 35 42 53 61 34 42 53 62 33 42 54 34 62 42 54 35 61 42 54 36 60 42 54 37 59 42 54 38 58 42 54 39 57 42 54 40 56 42 54 41 55 42 54 42 54 42 54 43 53 42 54 44 52 42 54 45 51 42 54 46 50 42 54 47 49 42 54 48 48 42 54 49 47 42 54 50 46 42 54 51 45 42 54 52 44 42 54 53 43 42 54 54 42 42 54 55 41 42 54 56 40 42 54 57 39 42 54 58 38 42 54 59 37 42 54 60 36 42 54 61 35 42 54 62 34 42 55 35 62 42 55 36 61 42 55 37 60 42 55 38 59 42 55 39 58 42 55 40 57 42 55 41 56 42 55 42 55 42 55 43 54 42 55 44 53 42 55 45 52 42 55 46 51 42 55 47 50 42 55 48 49 42 55 49 48 42 55 50 47 42 55 51 46 42 55 52 45 42 55 53 44 42 55 54 43 42 55 55 42 42 55 56 41 42 55 57 40 42 55 58 39 42 55 59 38 42 55 60 37 42 55 61 36 42 55 62 35 42 56 36 62 42 56 37 61 42 56 38 60 42 56 39 59 42 56 40 58 42 56 41 57 42 56 42 56 42 56 43 55 42 56 44 54 42 56 45 53 42 56 46 52 42 56 47 51 42 56 48 50 42 56 49 49 42 56 50 48 42 56 51 47 42 56 52 46 42 56 53 45 42 56 54 44 42 56 55 43 42 56 56 42 42 56 57 41 42 56 58 40 42 56 59 39 42 56 60 38 42 56 61 37 42 56 62 36 42 57 37 62 42 57 38 61 42 57 39 60 42 57 40 59 42 57 41 58 42 57 42 57 42 57 43 56 42 57 44 55 42 57 45 54 42 57 46 53 42 57 47 52 42 57 48 51 42 57 49 50 42 57 50 49 42 57 51 48 42 57 52 47 42 57 53 46 42 57 54 45 42 57 55 44 42 57 56 43 42 57 57 42 42 57 58 41 42 57 59 40 42 57 60 39 42 57 61 38 42 57 62 37 42 58 38 62 42 58 39 61 42 58 40 60 42 58 41 59 42 58 42 58 42 58 43 57 42 58 44 56 42 58 45 55 42 58 46 54 42 58 47 53 42 58 48 52 42 58 49 51 42 58 50 50 42 58 51 49 42 58 52 48 42 58 53 47 42 58 54 46 42 58 55 45 42 58 56 44 42 58 57 43 42 58 58 42 42 58 59 41 42 58 60 40 42 58 61 39 42 58 62 38 42 59 39 62 42 59 40 61 42 59 41 60 42 59 42 59 42 59 43 58 42 59 44 57 42 59 45 56 42 59 46 55 42 59 47 54 42 59 48 53 42 59 49 52 42 59 50 51 42 59 51 50 42 59 52 49 42 59 53 48 42 59 54 47 42 59 55 46 42 59 56 45 42 59 57 44 42 59 58 43 42 59 59 42 42 59 60 41 42 59 61 40 42 59 62 39 42 60 40 62 42 60 41 61 42 60 42 60 42 60 43 59 42 60 44 58 42 60 45 57 42 60 46 56 42 60 47 55 42 60 48 54 42 60 49 53 42 60 50 52 42 60 51 51 42 60 52 50 42 60 53 49 42 60 54 48 42 60 55 47 42 60 56 46 42 60 57 45 42 60 58 44 42 60 59 43 42 60 60 42 42 60 61 41 42 60 62 40 42 61 41 62 42 61 42 61 42 61 43 60 42 61 44 59 42 61 45 58 42 61 46 57 42 61 47 56 42 61 48 55 42 61 49 54 42 61 50 53 42 61 51 52 42 61 52 51 42 61 53 50 42 61 54 49 42 61 55 48 42 61 56 47 42 61 57 46 42 61 58 45 42 61 59 44 42 61 60 43 42 61 61 42 42 61 62 41 42 62 42 62 42 62 43 61 42 62 44 60 42 62 45 59 42 62 46 58 42 62 47 57 42 62 48 56 42 62 49 55 42 62 50 54 42 62 51 53 42 62 52 52 42 62 53 51 42 62 54 50 42 62 55 49 42 62 56 48 42 62 57 47 42 62 58 46 42 62 59 45 42 62 60 44 42 62 61 43 42 62 62 42 




















