























24 0 0 24 24 0 1 22 24 0 22 1 24 0 24 0 24 1 1 24 24 1 2 22 24 1 3 21 24 1 4 20 24 1 5 18 24 1 6 17 24 1 7 16 24 1 8 15 24 1 9 14 24 1 10 13 24 1 11 12 24 1 12 11 24 1 13 10 24 1 14 9 24 1 15 8 24 1 16 7 24 1 17 6 24 1 18 5 24 1 20 4 24 1 21 3 24 1 22 2 24 1 24 1 24 2 2 24 24 2 3 23 24 2 4 22 24 2 5 20 24 2 6 19 24 2 7 18 24 2 8 17 24 2 9 16 24 2 10 15 24 2 11 14 24 2 12 13 24 2 13 12 24 2 14 11 24 2 15 10 24 2 16 9 24 2 17 8 24 2 18 7 24 2 19 6 24 2 20 5 24 2 22 4 24 2 23 3 24 2 24 2 24 3 3 24 24 3 4 23 24 3 5 21 24 3 6 20 24 3 7 19 24 3 8 18 24 3 9 17 24 3 10 16 24 3 11 15 24 3 12 14 24 3 13 13 24 3 14 12 24 3 15 11 24 3 16 10 24 3 17 9 24 3 18 8 24 3 19 7 24 3 20 6 24 3 21 5 24 3 23 4 24 3 24 3 24 4 4 24 24 4 5 22 24 4 6 21 24 4 7 20 24 4 8 19 24 4 9 18 24 4 10 17 24 4 11 16 24 4 12 15 24 4 13 14 24 4 14 13 24 4 15 12 24 4 16 11 24 4 17 10 24 4 18 9 24 4 19 8 24 4 20 7 24 4 21 6 24 4 22 5 24 4 24 4 24 5 5 24 24 5 6 23 24 5 7 22 24 5 8 21 24 5 9 20 24 5 10 19 24 5 11 18 24 5 12 17 24 5 13 16 24 5 14 15 24 5 15 14 24 5 16 13 24 5 17 12 24 5 18 11 24 5 19 10 24 5 20 9 24 5 21 8 24 5 22 7 24 5 23 6 24 5 24 5 24 6 6 24 24 6 7 23 24 6 8 22 24 6 9 21 24 6 10 20 24 6 11 19 24 6 12 18 24 6 13 17 24 6 14 16 24 6 15 15 24 6 16 14 24 6 17 13 24 6 18 12 24 6 19 11 24 6 20 10 24 6 21 9 24 6 22 8 24 6 23 7 24 6 24 6 24 7 7 24 24 7 8 23 24 7 9 22 24 7 10 21 24 7 11 20 24 7 12 19 24 7 13 18 24 7 14 17 24 7 15 16 24 7 16 15 24 7 17 14 24 7 18 13 24 7 19 12 24 7 20 11 24 7 21 10 24 7 22 9 24 7 23 8 24 7 24 7 24 8 8 24 24 8 9 23 24 8 10 22 24 8 11 21 24 8 12 20 24 8 13 19 24 8 14 18 24 8 15 17 24 8 16 16 24 8 17 15 24 8 18 14 24 8 19 13 24 8 20 12 24 8 21 11 24 8 22 10 24 8 23 9 24 8 24 8 24 9 9 24 24 9 10 23 24 9 11 22 24 9 12 21 24 9 13 20 24 9 14 19 24 9 15 18 24 9 16 17 24 9 17 16 24 9 18 15 24 9 19 14 24 9 20 13 24 9 21 12 24 9 22 11 24 9 23 10 24 9 24 9 24 10 10 24 24 10 11 23 24 10 12 22 24 10 13 21 24 10 14 20 24 10 15 19 24 10 16 18 24 10 17 17 24 10 18 16 24 10 19 15 24 10 20 14 24 10 21 13 24 10 22 12 24 10 23 11 24 10 24 10 24 11 11 24 24 11 12 23 24 11 13 22 24 11 14 21 24 11 15 20 24 11 16 19 24 11 17 18 24 11 18 17 24 11 19 16 24 11 20 15 24 11 21 14 24 11 22 13 24 11 23 12 24 11 24 11 24 12 12 24 24 12 13 23 24 12 14 22 24 12 15 21 24 12 16 20 24 12 17 19 24 12 18 18 24 12 19 17 24 12 20 16 24 12 21 15 24 12 22 14 24 12 23 13 24 12 24 12 24 13 13 24 24 13 14 23 24 13 15 22 24 13 16 21 24 13 17 20 24 13 18 19 24 13 19 18 24 13 20 17 24 13 21 16 24 13 22 15 24 13 23 14 24 13 24 13 24 14 14 24 24 14 15 23 24 14 16 22 24 14 17 21 24 14 18 20 24 14 19 19 24 14 20 18 24 14 21 17 24 14 22 16 24 14 23 15 24 14 24 14 24 15 15 24 24 15 16 23 24 15 17 22 24 15 18 21 24 15 19 20 24 15 20 19 24 15 21 18 24 15 22 17 24 15 23 16 24 15 24 15 24 16 16 24 24 16 17 23 24 16 18 22 24 16 19 21 24 16 20 20 24 16 21 19 24 16 22 18 24 16 23 17 24 16 24 16 24 17 17 24 24 17 18 23 24 17 19 22 24 17 20 21 24 17 21 20 24 17 22 19 24 17 23 18 24 17 24 17 24 18 18 24 24 18 19 23 24 18 20 22 24 18 21 21 24 18 22 20 24 18 23 19 24 18 24 18 24 19 19 24 24 19 20 23 24 19 21 22 24 19 22 21 24 19 23 20 24 19 24 19 24 20 20 24 24 20 21 23 24 20 22 22 24 20 23 21 24 20 24 20 24 21 21 24 24 21 22 23 24 21 23 22 24 21 24 21 24 22 22 24 24 22 23 23 24 22 24 22 24 23 23 24 24 23 24 23 24 24 24 24 
