























24 0 0 24 24 0 1 22 24 0 2 20 24 0 3 19 24 0 4 17 24 0 5 15 24 0 6 13 24 0 7 12 24 0 9 10 24 0 10 9 24 0 12 7 24 0 13 6 24 0 15 5 24 0 17 4 24 0 19 3 24 0 20 2 24 0 22 1 24 0 24 0 24 1 0 26 24 1 1 24 24 1 2 22 24 1 3 21 24 1 4 19 24 1 5 17 24 1 6 15 24 1 7 14 24 1 8 13 24 1 10 11 24 1 11 10 24 1 13 8 24 1 14 7 24 1 15 6 24 1 17 5 24 1 19 4 24 1 21 3 24 1 22 2 24 1 24 1 24 1 26 0 24 2 0 28 24 2 1 26 24 2 2 24 24 2 3 23 24 2 4 21 24 2 5 19 24 2 7 16 24 2 10 13 24 2 13 10 24 2 16 7 24 2 19 5 24 2 21 4 24 2 23 3 24 2 24 2 24 2 26 1 24 2 28 0 24 3 0 29 24 3 1 27 24 3 2 25 24 3 3 24 24 3 4 22 24 3 5 20 24 3 6 18 24 3 7 17 24 3 8 16 24 3 10 14 24 3 11 13 24 3 13 11 24 3 14 10 24 3 16 8 24 3 17 7 24 3 18 6 24 3 20 5 24 3 22 4 24 3 24 3 24 3 25 2 24 3 27 1 24 3 29 0 24 4 0 31 24 4 1 29 24 4 2 27 24 4 3 26 24 4 4 24 24 4 5 22 24 4 7 19 24 4 8 18 24 4 9 17 24 4 10 16 24 4 11 15 24 4 12 14 24 4 13 13 24 4 14 12 24 4 15 11 24 4 16 10 24 4 17 9 24 4 18 8 24 4 19 7 24 4 22 5 24 4 24 4 24 4 26 3 24 4 27 2 24 4 29 1 24 4 31 0 24 5 0 33 24 5 1 31 24 5 2 29 24 5 3 28 24 5 4 26 24 5 5 24 24 5 6 22 24 5 7 21 24 5 8 20 24 5 9 19 24 5 10 18 24 5 11 17 24 5 12 16 24 5 13 15 24 5 14 14 24 5 15 13 24 5 16 12 24 5 17 11 24 5 18 10 24 5 19 9 24 5 20 8 24 5 21 7 24 5 22 6 24 5 24 5 24 5 26 4 24 5 28 3 24 5 29 2 24 5 31 1 24 5 33 0 24 6 0 35 24 6 1 33 24 6 2 31 24 6 3 30 24 6 4 28 24 6 5 26 24 6 6 24 24 6 7 23 24 6 8 22 24 6 9 21 24 6 10 20 24 6 11 19 24 6 12 18 24 6 13 17 24 6 14 16 24 6 15 15 24 6 16 14 24 6 17 13 24 6 18 12 24 6 19 11 24 6 20 10 24 6 21 9 24 6 22 8 24 6 23 7 24 6 24 6 24 6 26 5 24 6 28 4 24 6 30 3 24 6 31 2 24 6 33 1 24 6 35 0 24 7 0 36 24 7 1 34 24 7 2 32 24 7 3 31 24 7 4 29 24 7 5 27 24 7 6 25 24 7 7 24 24 7 9 22 24 7 10 21 24 7 11 20 24 7 12 19 24 7 13 18 24 7 14 17 24 7 15 16 24 7 16 15 24 7 17 14 24 7 18 13 24 7 19 12 24 7 20 11 24 7 21 10 24 7 22 9 24 7 24 7 24 7 25 6 24 7 27 5 24 7 29 4 24 7 31 3 24 7 32 2 24 7 34 1 24 7 36 0 24 8 0 37 24 8 1 35 24 8 4 30 24 8 5 28 24 8 6 26 24 8 7 25 24 8 8 24 24 8 9 23 24 8 10 22 24 8 11 21 24 8 13 19 24 8 14 18 24 8 15 17 24 8 16 16 24 8 17 15 24 8 18 14 24 8 19 13 24 8 21 11 24 8 22 10 24 8 23 9 24 8 24 8 24 8 25 7 24 8 26 6 24 8 28 5 24 8 30 4 24 8 35 1 24 8 37 0 24 9 0 38 24 9 1 36 24 9 3 33 24 9 4 31 24 9 5 29 24 9 6 27 24 9 7 26 24 9 8 25 24 9 9 24 24 9 10 23 24 9 11 22 24 9 13 20 24 9 14 19 24 9 15 18 24 9 16 17 24 9 17 16 24 9 18 15 24 9 19 14 24 9 20 13 24 9 22 11 24 9 23 10 24 9 24 9 24 9 25 8 24 9 26 7 24 9 27 6 24 9 29 5 24 9 31 4 24 9 33 3 24 9 36 1 24 9 38 0 24 10 0 39 24 10 1 37 24 10 2 35 24 10 3 34 24 10 4 32 24 10 5 30 24 10 6 28 24 10 7 27 24 10 8 26 24 10 9 25 24 10 10 24 24 10 11 23 24 10 12 22 24 10 13 21 24 10 14 20 24 10 15 19 24 10 16 18 24 10 17 17 24 10 18 16 24 10 19 15 24 10 20 14 24 10 21 13 24 10 22 12 24 10 23 11 24 10 24 10 24 10 25 9 24 10 26 8 24 10 27 7 24 10 28 6 24 10 30 5 24 10 32 4 24 10 34 3 24 10 35 2 24 10 37 1 24 10 39 0 24 11 0 40 24 11 1 38 24 11 2 36 24 11 3 35 24 11 4 33 24 11 5 31 24 11 6 29 24 11 7 28 24 11 8 27 24 11 9 26 24 11 10 25 24 11 11 24 24 11 13 22 24 11 14 21 24 11 16 19 24 11 17 18 24 11 18 17 24 11 19 16 24 11 21 14 24 11 22 13 24 11 24 11 24 11 25 10 24 11 26 9 24 11 27 8 24 11 28 7 24 11 29 6 24 11 31 5 24 11 33 4 24 11 35 3 24 11 36 2 24 11 38 1 24 11 40 0 24 12 0 41 24 12 3 36 24 12 4 34 24 12 5 32 24 12 6 30 24 12 7 29 24 12 8 28 24 12 9 27 24 12 10 26 24 12 11 25 24 12 12 24 24 12 13 23 24 12 14 22 24 12 15 21 24 12 16 20 24 12 17 19 24 12 19 17 24 12 20 16 24 12 21 15 24 12 22 14 24 12 23 13 24 12 24 12 24 12 25 11 24 12 26 10 24 12 27 9 24 12 28 8 24 12 29 7 24 12 30 6 24 12 32 5 24 12 34 4 24 12 36 3 24 12 41 0 24 13 0 42 24 13 1 40 24 13 2 38 24 13 3 37 24 13 4 35 24 13 5 33 24 13 6 31 24 13 7 30 24 13 9 28 24 13 10 27 24 13 11 26 24 13 12 25 24 13 13 24 24 13 14 23 24 13 15 22 24 13 16 21 24 13 17 20 24 13 18 19 24 13 19 18 24 13 20 17 24 13 21 16 24 13 22 15 24 13 23 14 24 13 24 13 24 13 25 12 24 13 26 11 24 13 27 10 24 13 28 9 24 13 30 7 24 13 31 6 24 13 33 5 24 13 35 4 24 13 37 3 24 13 38 2 24 13 40 1 24 13 42 0 24 14 0 43 24 14 1 41 24 14 2 39 24 14 3 38 24 14 4 36 24 14 5 34 24 14 6 32 24 14 7 31 24 14 8 30 24 14 9 29 24 14 10 28 24 14 11 27 24 14 12 26 24 14 13 25 24 14 14 24 24 14 15 23 24 14 16 22 24 14 17 21 24 14 18 20 24 14 19 19 24 14 20 18 24 14 21 17 24 14 22 16 24 14 23 15 24 14 24 14 24 14 25 13 24 14 26 12 24 14 27 11 24 14 28 10 24 14 29 9 24 14 30 8 24 14 31 7 24 14 32 6 24 14 34 5 24 14 36 4 24 14 38 3 24 14 39 2 24 14 41 1 24 14 43 0 24 15 0 44 24 15 3 39 24 15 4 37 24 15 5 35 24 15 6 33 24 15 7 32 24 15 8 31 24 15 9 30 24 15 10 29 24 15 11 28 24 15 13 26 24 15 14 25 24 15 15 24 24 15 17 22 24 15 18 21 24 15 21 18 24 15 22 17 24 15 24 15 24 15 25 14 24 15 26 13 24 15 28 11 24 15 29 10 24 15 30 9 24 15 31 8 24 15 32 7 24 15 33 6 24 15 35 5 24 15 37 4 24 15 39 3 24 15 44 0 24 16 0 45 24 16 1 43 24 16 2 41 24 16 3 40 24 16 4 38 24 16 5 36 24 16 6 34 24 16 7 33 24 16 8 32 24 16 9 31 24 16 10 30 24 16 11 29 24 16 12 28 24 16 13 27 24 16 14 26 24 16 15 25 24 16 16 24 24 16 17 23 24 16 18 22 24 16 19 21 24 16 20 20 24 16 21 19 24 16 22 18 24 16 23 17 24 16 24 16 24 16 25 15 24 16 26 14 24 16 27 13 24 16 28 12 24 16 29 11 24 16 30 10 24 16 31 9 24 16 32 8 24 16 33 7 24 16 34 6 24 16 36 5 24 16 38 4 24 16 40 3 24 16 41 2 24 16 43 1 24 16 45 0 24 17 0 46 24 17 1 44 24 17 2 42 24 17 3 41 24 17 4 39 24 17 5 37 24 17 6 35 24 17 7 34 24 17 8 33 24 17 9 32 24 17 10 31 24 17 11 30 24 17 13 28 24 17 14 27 24 17 15 26 24 17 16 25 24 17 17 24 24 17 18 23 24 17 19 22 24 17 20 21 24 17 21 20 24 17 22 19 24 17 23 18 24 17 24 17 24 17 25 16 24 17 26 15 24 17 27 14 24 17 28 13 24 17 30 11 24 17 31 10 24 17 32 9 24 17 33 8 24 17 34 7 24 17 35 6 24 17 37 5 24 17 39 4 24 17 41 3 24 17 42 2 24 17 44 1 24 17 46 0 24 18 0 47 24 18 1 45 24 18 2 43 24 18 3 42 24 18 4 40 24 18 5 38 24 18 6 36 24 18 7 35 24 18 8 34 24 18 9 33 24 18 10 32 24 18 11 31 24 18 13 29 24 18 14 28 24 18 15 27 24 18 16 26 24 18 18 24 24 18 19 23 24 18 20 22 24 18 21 21 24 18 22 20 24 18 23 19 24 18 24 18 24 18 26 16 24 18 27 15 24 18 28 14 24 18 29 13 24 18 31 11 24 18 32 10 24 18 33 9 24 18 34 8 24 18 35 7 24 18 36 6 24 18 38 5 24 18 40 4 24 18 42 3 24 18 43 2 24 18 45 1 24 18 47 0 24 19 0 48 24 19 1 46 24 19 2 44 24 19 3 43 24 19 4 41 24 19 5 39 24 19 6 37 24 19 7 36 24 19 8 35 24 19 9 34 24 19 10 33 24 19 11 32 24 19 12 31 24 19 13 30 24 19 14 29 24 19 15 28 24 19 16 27 24 19 17 26 24 19 18 25 24 19 19 24 24 19 20 23 24 19 21 22 24 19 22 21 24 19 23 20 24 19 24 19 24 19 25 18 24 19 26 17 24 19 27 16 24 19 28 15 24 19 29 14 24 19 30 13 24 19 31 12 24 19 32 11 24 19 33 10 24 19 34 9 24 19 35 8 24 19 36 7 24 19 37 6 24 19 39 5 24 19 41 4 24 19 43 3 24 19 44 2 24 19 46 1 24 19 48 0 24 20 1 47 24 20 2 45 24 20 3 44 24 20 4 42 24 20 5 40 24 20 6 38 24 20 7 37 24 20 8 36 24 20 9 35 24 20 10 34 24 20 13 31 24 20 14 30 24 20 15 29 24 20 16 28 24 20 17 27 24 20 18 26 24 20 19 25 24 20 20 24 24 20 21 23 24 20 23 21 24 20 24 20 24 20 25 19 24 20 26 18 24 20 27 17 24 20 28 16 24 20 29 15 24 20 30 14 24 20 31 13 24 20 34 10 24 20 35 9 24 20 36 8 24 20 37 7 24 20 38 6 24 20 40 5 24 20 42 4 24 20 44 3 24 20 45 2 24 20 47 1 24 21 1 48 24 21 2 46 24 21 3 45 24 21 4 43 24 21 5 41 24 21 6 39 24 21 7 38 24 21 8 37 24 21 9 36 24 21 10 35 24 21 11 34 24 21 12 33 24 21 13 32 24 21 14 31 24 21 15 30 24 21 16 29 24 21 17 28 24 21 18 27 24 21 19 26 24 21 20 25 24 21 21 24 24 21 22 23 24 21 23 22 24 21 24 21 24 21 25 20 24 21 26 19 24 21 27 18 24 21 28 17 24 21 29 16 24 21 30 15 24 21 31 14 24 21 32 13 24 21 33 12 24 21 34 11 24 21 35 10 24 21 36 9 24 21 37 8 24 21 38 7 24 21 39 6 24 21 41 5 24 21 43 4 24 21 45 3 24 21 46 2 24 21 48 1 24 22 1 49 24 22 2 47 24 22 3 46 24 22 4 44 24 22 5 42 24 22 6 40 24 22 7 39 24 22 8 38 24 22 9 37 24 22 10 36 24 22 11 35 24 22 12 34 24 22 13 33 24 22 14 32 24 22 15 31 24 22 16 30 24 22 17 29 24 22 18 28 24 22 19 27 24 22 20 26 24 22 21 25 24 22 22 24 24 22 23 23 24 22 24 22 24 22 25 21 24 22 26 20 24 22 27 19 24 22 28 18 24 22 29 17 24 22 30 16 24 22 31 15 24 22 32 14 24 22 33 13 24 22 34 12 24 22 35 11 24 22 36 10 24 22 37 9 24 22 38 8 24 22 39 7 24 22 40 6 24 22 42 5 24 22 44 4 24 22 46 3 24 22 47 2 24 22 49 1 24 23 1 50 24 23 2 48 24 23 3 47 24 23 4 45 24 23 5 43 24 23 6 41 24 23 7 40 24 23 8 39 24 23 9 38 24 23 10 37 24 23 11 36 24 23 13 34 24 23 14 33 24 23 15 32 24 23 16 31 24 23 17 30 24 23 18 29 24 23 19 28 24 23 20 27 24 23 21 26 24 23 22 25 24 23 23 24 24 23 24 23 24 23 25 22 24 23 26 21 24 23 27 20 24 23 28 19 24 23 29 18 24 23 30 17 24 23 31 16 24 23 32 15 24 23 33 14 24 23 34 13 24 23 36 11 24 23 37 10 24 23 38 9 24 23 39 8 24 23 40 7 24 23 41 6 24 23 43 5 24 23 45 4 24 23 47 3 24 23 48 2 24 23 50 1 24 24 1 51 24 24 2 49 24 24 3 48 24 24 4 46 24 24 5 44 24 24 6 42 24 24 7 41 24 24 8 40 24 24 9 39 24 24 10 38 24 24 11 37 24 24 13 35 24 24 14 34 24 24 15 33 24 24 16 32 24 24 17 31 24 24 18 30 24 24 19 29 24 24 22 26 24 24 24 24 24 24 26 22 24 24 29 19 24 24 30 18 24 24 31 17 24 24 32 16 24 24 33 15 24 24 34 14 24 24 35 13 24 24 37 11 24 24 38 10 24 24 39 9 24 24 40 8 24 24 41 7 24 24 42 6 24 24 44 5 24 24 46 4 24 24 48 3 24 24 49 2 24 24 51 1 24 25 1 52 24 25 2 50 24 25 3 49 24 25 4 47 24 25 5 45 24 25 6 43 24 25 7 42 24 25 8 41 24 25 9 40 24 25 10 39 24 25 11 38 24 25 12 37 24 25 13 36 24 25 14 35 24 25 15 34 24 25 16 33 24 25 17 32 24 25 18 31 24 25 19 30 24 25 20 29 24 25 21 28 24 25 22 27 24 25 23 26 24 25 24 25 24 25 25 24 24 25 26 23 24 25 27 22 24 25 28 21 24 25 29 20 24 25 30 19 24 25 31 18 24 25 32 17 24 25 33 16 24 25 34 15 24 25 35 14 24 25 36 13 24 25 37 12 24 25 38 11 24 25 39 10 24 25 40 9 24 25 41 8 24 25 42 7 24 25 43 6 24 25 45 5 24 25 47 4 24 25 49 3 24 25 50 2 24 25 52 1 24 26 1 53 24 26 3 50 24 26 4 48 24 26 5 46 24 26 6 44 24 26 7 43 24 26 8 42 24 26 9 41 24 26 10 40 24 26 11 39 24 26 12 38 24 26 13 37 24 26 14 36 24 26 15 35 24 26 16 34 24 26 17 33 24 26 18 32 24 26 19 31 24 26 20 30 24 26 21 29 24 26 22 28 24 26 23 27 24 26 24 26 24 26 25 25 24 26 26 24 24 26 27 23 24 26 28 22 24 26 29 21 24 26 30 20 24 26 31 19 24 26 32 18 24 26 33 17 24 26 34 16 24 26 35 15 24 26 36 14 24 26 37 13 24 26 38 12 24 26 39 11 24 26 40 10 24 26 41 9 24 26 42 8 24 26 43 7 24 26 44 6 24 26 46 5 24 26 48 4 24 26 50 3 24 26 53 1 24 27 1 54 24 27 2 52 24 27 3 51 24 27 4 49 24 27 5 47 24 27 6 45 24 27 7 44 24 27 8 43 24 27 9 42 24 27 10 41 24 27 11 40 24 27 12 39 24 27 13 38 24 27 14 37 24 27 15 36 24 27 16 35 24 27 17 34 24 27 18 33 24 27 19 32 24 27 20 31 24 27 21 30 24 27 22 29 24 27 23 28 24 27 24 27 24 27 25 26 24 27 26 25 24 27 27 24 24 27 28 23 24 27 29 22 24 27 30 21 24 27 31 20 24 27 32 19 24 27 33 18 24 27 34 17 24 27 35 16 24 27 36 15 24 27 37 14 24 27 38 13 24 27 39 12 24 27 40 11 24 27 41 10 24 27 42 9 24 27 43 8 24 27 44 7 24 27 45 6 24 27 47 5 24 27 49 4 24 27 51 3 24 27 52 2 24 27 54 1 24 28 1 55 24 28 2 53 24 28 3 52 24 28 4 50 24 28 5 48 24 28 6 46 24 28 7 45 24 28 8 44 24 28 9 43 24 28 10 42 24 28 11 41 24 28 12 40 24 28 13 39 24 28 14 38 24 28 15 37 24 28 16 36 24 28 17 35 24 28 18 34 24 28 19 33 24 28 20 32 24 28 21 31 24 28 22 30 24 28 23 29 24 28 24 28 24 28 25 27 24 28 26 26 24 28 27 25 24 28 28 24 24 28 29 23 24 28 30 22 24 28 31 21 24 28 32 20 24 28 33 19 24 28 34 18 24 28 35 17 24 28 36 16 24 28 37 15 24 28 38 14 24 28 39 13 24 28 40 12 24 28 41 11 24 28 42 10 24 28 43 9 24 28 44 8 24 28 45 7 24 28 46 6 24 28 48 5 24 28 50 4 24 28 52 3 24 28 53 2 24 28 55 1 24 29 1 56 24 29 2 54 24 29 3 53 24 29 4 51 24 29 5 49 24 29 6 47 24 29 7 46 24 29 8 45 24 29 9 44 24 29 10 43 24 29 11 42 24 29 13 40 24 29 14 39 24 29 15 38 24 29 16 37 24 29 17 36 24 29 18 35 24 29 19 34 24 29 20 33 24 29 21 32 24 29 22 31 24 29 23 30 24 29 24 29 24 29 25 28 24 29 26 27 24 29 27 26 24 29 28 25 24 29 29 24 24 29 30 23 24 29 31 22 24 29 32 21 24 29 33 20 24 29 34 19 24 29 35 18 24 29 36 17 24 29 37 16 24 29 38 15 24 29 39 14 24 29 40 13 24 29 42 11 24 29 43 10 24 29 44 9 24 29 45 8 24 29 46 7 24 29 47 6 24 29 49 5 24 29 51 4 24 29 53 3 24 29 54 2 24 29 56 1 24 30 1 57 24 30 2 55 24 30 3 54 24 30 4 52 24 30 5 50 24 30 6 48 24 30 7 47 24 30 8 46 24 30 9 45 24 30 10 44 24 30 11 43 24 30 12 42 24 30 13 41 24 30 14 40 24 30 15 39 24 30 16 38 24 30 17 37 24 30 18 36 24 30 19 35 24 30 20 34 24 30 21 33 24 30 22 32 24 30 23 31 24 30 24 30 24 30 25 29 24 30 26 28 24 30 27 27 24 30 28 26 24 30 29 25 24 30 30 24 24 30 31 23 24 30 32 22 24 30 33 21 24 30 34 20 24 30 35 19 24 30 36 18 24 30 37 17 24 30 38 16 24 30 39 15 24 30 40 14 24 30 41 13 24 30 42 12 24 30 43 11 24 30 44 10 24 30 45 9 24 30 46 8 24 30 47 7 24 30 48 6 24 30 50 5 24 30 52 4 24 30 54 3 24 30 55 2 24 30 57 1 24 31 1 58 24 31 2 56 24 31 3 55 24 31 4 53 24 31 5 51 24 31 6 49 24 31 7 48 24 31 8 47 24 31 9 46 24 31 10 45 24 31 11 44 24 31 12 43 24 31 13 42 24 31 14 41 24 31 15 40 24 31 16 39 24 31 17 38 24 31 18 37 24 31 19 36 24 31 20 35 24 31 21 34 24 31 22 33 24 31 23 32 24 31 24 31 24 31 25 30 24 31 26 29 24 31 27 28 24 31 28 27 24 31 29 26 24 31 30 25 24 31 31 24 24 31 32 23 24 31 33 22 24 31 34 21 24 31 35 20 24 31 36 19 24 31 37 18 24 31 38 17 24 31 39 16 24 31 40 15 24 31 41 14 24 31 42 13 24 31 43 12 24 31 44 11 24 31 45 10 24 31 46 9 24 31 47 8 24 31 48 7 24 31 49 6 24 31 51 5 24 31 53 4 24 31 55 3 24 31 56 2 24 31 58 1 24 32 1 59 24 32 2 57 24 32 3 56 24 32 4 54 24 32 5 52 24 32 6 50 24 32 7 49 24 32 8 48 24 32 9 47 24 32 10 46 24 32 11 45 24 32 12 44 24 32 13 43 24 32 14 42 24 32 15 41 24 32 16 40 24 32 17 39 24 32 18 38 24 32 19 37 24 32 20 36 24 32 21 35 24 32 22 34 24 32 23 33 24 32 24 32 24 32 25 31 24 32 26 30 24 32 27 29 24 32 28 28 24 32 29 27 24 32 30 26 24 32 31 25 24 32 32 24 24 32 33 23 24 32 34 22 24 32 35 21 24 32 36 20 24 32 37 19 24 32 38 18 24 32 39 17 24 32 40 16 24 32 41 15 24 32 42 14 24 32 43 13 24 32 44 12 24 32 45 11 24 32 46 10 24 32 47 9 24 32 48 8 24 32 49 7 24 32 50 6 24 32 52 5 24 32 54 4 24 32 56 3 24 32 57 2 24 32 59 1 24 33 2 58 24 33 3 57 24 33 4 55 24 33 5 53 24 33 6 51 24 33 7 50 24 33 8 49 24 33 9 48 24 33 10 47 24 33 11 46 24 33 12 45 24 33 13 44 24 33 14 43 24 33 15 42 24 33 16 41 24 33 17 40 24 33 18 39 24 33 19 38 24 33 20 37 24 33 21 36 24 33 22 35 24 33 23 34 24 33 24 33 24 33 25 32 24 33 26 31 24 33 27 30 24 33 28 29 24 33 29 28 24 33 30 27 24 33 31 26 24 33 32 25 24 33 33 24 24 33 34 23 24 33 35 22 24 33 36 21 24 33 37 20 24 33 38 19 24 33 39 18 24 33 40 17 24 33 41 16 24 33 42 15 24 33 43 14 24 33 44 13 24 33 45 12 24 33 46 11 24 33 47 10 24 33 48 9 24 33 49 8 24 33 50 7 24 33 51 6 24 33 53 5 24 33 55 4 24 33 57 3 24 33 58 2 24 34 2 59 24 34 3 58 24 34 4 56 24 34 5 54 24 34 6 52 24 34 7 51 24 34 8 50 24 34 9 49 24 34 10 48 24 34 11 47 24 34 12 46 24 34 13 45 24 34 14 44 24 34 15 43 24 34 16 42 24 34 17 41 24 34 18 40 24 34 19 39 24 34 20 38 24 34 21 37 24 34 22 36 24 34 23 35 24 34 24 34 24 34 25 33 24 34 26 32 24 34 27 31 24 34 28 30 24 34 29 29 24 34 30 28 24 34 31 27 24 34 32 26 24 34 33 25 24 34 34 24 24 34 35 23 24 34 36 22 24 34 37 21 24 34 38 20 24 34 39 19 24 34 40 18 24 34 41 17 24 34 42 16 24 34 43 15 24 34 44 14 24 34 45 13 24 34 46 12 24 34 47 11 24 34 48 10 24 34 49 9 24 34 50 8 24 34 51 7 24 34 52 6 24 34 54 5 24 34 56 4 24 34 58 3 24 34 59 2 24 35 2 60 24 35 3 59 24 35 4 57 24 35 5 55 24 35 6 53 24 35 7 52 24 35 8 51 24 35 9 50 24 35 10 49 24 35 11 48 24 35 12 47 24 35 13 46 24 35 14 45 24 35 15 44 24 35 16 43 24 35 17 42 24 35 18 41 24 35 19 40 24 35 20 39 24 35 21 38 24 35 22 37 24 35 23 36 24 35 24 35 24 35 25 34 24 35 26 33 24 35 27 32 24 35 28 31 24 35 29 30 24 35 30 29 24 35 31 28 24 35 32 27 24 35 33 26 24 35 34 25 24 35 35 24 24 35 36 23 24 35 37 22 24 35 38 21 24 35 39 20 24 35 40 19 24 35 41 18 24 35 42 17 24 35 43 16 24 35 44 15 24 35 45 14 24 35 46 13 24 35 47 12 24 35 48 11 24 35 49 10 24 35 50 9 24 35 51 8 24 35 52 7 24 35 53 6 24 35 55 5 24 35 57 4 24 35 59 3 24 35 60 2 24 36 2 61 24 36 3 60 24 36 4 58 24 36 5 56 24 36 6 54 24 36 7 53 24 36 8 52 24 36 9 51 24 36 10 50 24 36 11 49 24 36 12 48 24 36 13 47 24 36 14 46 24 36 15 45 24 36 16 44 24 36 17 43 24 36 18 42 24 36 19 41 24 36 20 40 24 36 21 39 24 36 22 38 24 36 23 37 24 36 24 36 24 36 25 35 24 36 26 34 24 36 27 33 24 36 28 32 24 36 29 31 24 36 30 30 24 36 31 29 24 36 32 28 24 36 33 27 24 36 34 26 24 36 35 25 24 36 36 24 24 36 37 23 24 36 38 22 24 36 39 21 24 36 40 20 24 36 41 19 24 36 42 18 24 36 43 17 24 36 44 16 24 36 45 15 24 36 46 14 24 36 47 13 24 36 48 12 24 36 49 11 24 36 50 10 24 36 51 9 24 36 52 8 24 36 53 7 24 36 54 6 24 36 56 5 24 36 58 4 24 36 60 3 24 36 61 2 24 37 2 62 24 37 3 61 24 37 4 59 24 37 5 57 24 37 6 55 24 37 7 54 24 37 8 53 24 37 9 52 24 37 10 51 24 37 11 50 24 37 12 49 24 37 13 48 24 37 14 47 24 37 15 46 24 37 16 45 24 37 17 44 24 37 18 43 24 37 19 42 24 37 20 41 24 37 21 40 24 37 22 39 24 37 23 38 24 37 24 37 24 37 25 36 24 37 26 35 24 37 27 34 24 37 28 33 24 37 29 32 24 37 30 31 24 37 31 30 24 37 32 29 24 37 33 28 24 37 34 27 24 37 35 26 24 37 36 25 24 37 37 24 24 37 38 23 24 37 39 22 24 37 40 21 24 37 41 20 24 37 42 19 24 37 43 18 24 37 44 17 24 37 45 16 24 37 46 15 24 37 47 14 24 37 48 13 24 37 49 12 24 37 50 11 24 37 51 10 24 37 52 9 24 37 53 8 24 37 54 7 24 37 55 6 24 37 57 5 24 37 59 4 24 37 61 3 24 37 62 2 24 38 2 63 24 38 3 62 24 38 4 60 24 38 5 58 24 38 6 56 24 38 7 55 24 38 8 54 24 38 9 53 24 38 10 52 24 38 11 51 24 38 12 50 24 38 13 49 24 38 14 48 24 38 15 47 24 38 16 46 24 38 17 45 24 38 18 44 24 38 19 43 24 38 20 42 24 38 21 41 24 38 22 40 24 38 23 39 24 38 24 38 24 38 25 37 24 38 26 36 24 38 27 35 24 38 28 34 24 38 29 33 24 38 30 32 24 38 31 31 24 38 32 30 24 38 33 29 24 38 34 28 24 38 35 27 24 38 36 26 24 38 37 25 24 38 38 24 24 38 39 23 24 38 40 22 24 38 41 21 24 38 42 20 24 38 43 19 24 38 44 18 24 38 45 17 24 38 46 16 24 38 47 15 24 38 48 14 24 38 49 13 24 38 50 12 24 38 51 11 24 38 52 10 24 38 53 9 24 38 54 8 24 38 55 7 24 38 56 6 24 38 58 5 24 38 60 4 24 38 62 3 24 38 63 2 24 39 3 63 24 39 4 61 24 39 5 59 24 39 6 57 24 39 7 56 24 39 8 55 24 39 9 54 24 39 10 53 24 39 11 52 24 39 12 51 24 39 13 50 24 39 14 49 24 39 15 48 24 39 16 47 24 39 17 46 24 39 18 45 24 39 19 44 24 39 20 43 24 39 21 42 24 39 22 41 24 39 23 40 24 39 24 39 24 39 25 38 24 39 26 37 24 39 27 36 24 39 28 35 24 39 29 34 24 39 30 33 24 39 31 32 24 39 32 31 24 39 33 30 24 39 34 29 24 39 35 28 24 39 36 27 24 39 37 26 24 39 38 25 24 39 39 24 24 39 40 23 24 39 41 22 24 39 42 21 24 39 43 20 24 39 44 19 24 39 45 18 24 39 46 17 24 39 47 16 24 39 48 15 24 39 49 14 24 39 50 13 24 39 51 12 24 39 52 11 24 39 53 10 24 39 54 9 24 39 55 8 24 39 56 7 24 39 57 6 24 39 59 5 24 39 61 4 24 39 63 3 24 40 3 64 24 40 4 62 24 40 5 60 24 40 6 58 24 40 7 57 24 40 8 56 24 40 9 55 24 40 10 54 24 40 11 53 24 40 13 51 24 40 14 50 24 40 15 49 24 40 16 48 24 40 17 47 24 40 18 46 24 40 19 45 24 40 20 44 24 40 21 43 24 40 22 42 24 40 23 41 24 40 24 40 24 40 25 39 24 40 26 38 24 40 27 37 24 40 28 36 24 40 29 35 24 40 30 34 24 40 31 33 24 40 32 32 24 40 33 31 24 40 34 30 24 40 35 29 24 40 36 28 24 40 37 27 24 40 38 26 24 40 39 25 24 40 40 24 24 40 41 23 24 40 42 22 24 40 43 21 24 40 44 20 24 40 45 19 24 40 46 18 24 40 47 17 24 40 48 16 24 40 49 15 24 40 50 14 24 40 51 13 24 40 53 11 24 40 54 10 24 40 55 9 24 40 56 8 24 40 57 7 24 40 58 6 24 40 60 5 24 40 62 4 24 40 64 3 24 41 3 65 24 41 4 63 24 41 5 61 24 41 6 59 24 41 7 58 24 41 8 57 24 41 9 56 24 41 10 55 24 41 11 54 24 41 12 53 24 41 13 52 24 41 14 51 24 41 15 50 24 41 16 49 24 41 17 48 24 41 18 47 24 41 19 46 24 41 20 45 24 41 21 44 24 41 22 43 24 41 23 42 24 41 24 41 24 41 25 40 24 41 26 39 24 41 27 38 24 41 28 37 24 41 29 36 24 41 30 35 24 41 31 34 24 41 32 33 24 41 33 32 24 41 34 31 24 41 35 30 24 41 36 29 24 41 37 28 24 41 38 27 24 41 39 26 24 41 40 25 24 41 41 24 24 41 42 23 24 41 43 22 24 41 44 21 24 41 45 20 24 41 46 19 24 41 47 18 24 41 48 17 24 41 49 16 24 41 50 15 24 41 51 14 24 41 52 13 24 41 53 12 24 41 54 11 24 41 55 10 24 41 56 9 24 41 57 8 24 41 58 7 24 41 59 6 24 41 61 5 24 41 63 4 24 41 65 3 24 42 3 66 24 42 4 64 24 42 5 62 24 42 6 60 24 42 7 59 24 42 8 58 24 42 9 57 24 42 10 56 24 42 11 55 24 42 12 54 24 42 13 53 24 42 14 52 24 42 15 51 24 42 16 50 24 42 17 49 24 42 18 48 24 42 19 47 24 42 20 46 24 42 21 45 24 42 22 44 24 42 23 43 24 42 24 42 24 42 25 41 24 42 26 40 24 42 27 39 24 42 28 38 24 42 29 37 24 42 30 36 24 42 31 35 24 42 32 34 24 42 33 33 24 42 34 32 24 42 35 31 24 42 36 30 24 42 37 29 24 42 38 28 24 42 39 27 24 42 40 26 24 42 41 25 24 42 42 24 24 42 43 23 24 42 44 22 24 42 45 21 24 42 46 20 24 42 47 19 24 42 48 18 24 42 49 17 24 42 50 16 24 42 51 15 24 42 52 14 24 42 53 13 24 42 54 12 24 42 55 11 24 42 56 10 24 42 57 9 24 42 58 8 24 42 59 7 24 42 60 6 24 42 62 5 24 42 64 4 24 42 66 3 24 43 4 65 24 43 5 63 24 43 6 61 24 43 7 60 24 43 8 59 24 43 9 58 24 43 10 57 24 43 11 56 24 43 12 55 24 43 13 54 24 43 14 53 24 43 15 52 24 43 16 51 24 43 17 50 24 43 18 49 24 43 19 48 24 43 20 47 24 43 21 46 24 43 22 45 24 43 23 44 24 43 24 43 24 43 25 42 24 43 26 41 24 43 27 40 24 43 28 39 24 43 29 38 24 43 30 37 24 43 31 36 24 43 32 35 24 43 33 34 24 43 34 33 24 43 35 32 24 43 36 31 24 43 37 30 24 43 38 29 24 43 39 28 24 43 40 27 24 43 41 26 24 43 42 25 24 43 43 24 24 43 44 23 24 43 45 22 24 43 46 21 24 43 47 20 24 43 48 19 24 43 49 18 24 43 50 17 24 43 51 16 24 43 52 15 24 43 53 14 24 43 54 13 24 43 55 12 24 43 56 11 24 43 57 10 24 43 58 9 24 43 59 8 24 43 60 7 24 43 61 6 24 43 63 5 24 43 65 4 24 44 4 66 24 44 5 64 24 44 6 62 24 44 7 61 24 44 8 60 24 44 9 59 24 44 10 58 24 44 11 57 24 44 12 56 24 44 13 55 24 44 14 54 24 44 15 53 24 44 16 52 24 44 17 51 24 44 18 50 24 44 19 49 24 44 20 48 24 44 21 47 24 44 22 46 24 44 23 45 24 44 24 44 24 44 25 43 24 44 26 42 24 44 27 41 24 44 28 40 24 44 29 39 24 44 30 38 24 44 31 37 24 44 32 36 24 44 33 35 24 44 34 34 24 44 35 33 24 44 36 32 24 44 37 31 24 44 38 30 24 44 39 29 24 44 40 28 24 44 41 27 24 44 42 26 24 44 43 25 24 44 44 24 24 44 45 23 24 44 46 22 24 44 47 21 24 44 48 20 24 44 49 19 24 44 50 18 24 44 51 17 24 44 52 16 24 44 53 15 24 44 54 14 24 44 55 13 24 44 56 12 24 44 57 11 24 44 58 10 24 44 59 9 24 44 60 8 24 44 61 7 24 44 62 6 24 44 64 5 24 44 66 4 24 45 4 67 24 45 5 65 24 45 6 63 24 45 7 62 24 45 8 61 24 45 9 60 24 45 10 59 24 45 11 58 24 45 12 57 24 45 13 56 24 45 14 55 24 45 15 54 24 45 16 53 24 45 17 52 24 45 18 51 24 45 19 50 24 45 20 49 24 45 21 48 24 45 22 47 24 45 23 46 24 45 24 45 24 45 25 44 24 45 26 43 24 45 27 42 24 45 28 41 24 45 29 40 24 45 30 39 24 45 31 38 24 45 32 37 24 45 33 36 24 45 34 35 24 45 35 34 24 45 36 33 24 45 37 32 24 45 38 31 24 45 39 30 24 45 40 29 24 45 41 28 24 45 42 27 24 45 43 26 24 45 44 25 24 45 45 24 24 45 46 23 24 45 47 22 24 45 48 21 24 45 49 20 24 45 50 19 24 45 51 18 24 45 52 17 24 45 53 16 24 45 54 15 24 45 55 14 24 45 56 13 24 45 57 12 24 45 58 11 24 45 59 10 24 45 60 9 24 45 61 8 24 45 62 7 24 45 63 6 24 45 65 5 24 45 67 4 24 46 4 68 24 46 5 66 24 46 6 64 24 46 7 63 24 46 8 62 24 46 9 61 24 46 10 60 24 46 11 59 24 46 12 58 24 46 13 57 24 46 14 56 24 46 15 55 24 46 16 54 24 46 17 53 24 46 18 52 24 46 19 51 24 46 20 50 24 46 21 49 24 46 22 48 24 46 23 47 24 46 24 46 24 46 25 45 24 46 26 44 24 46 27 43 24 46 28 42 24 46 29 41 24 46 30 40 24 46 31 39 24 46 32 38 24 46 33 37 24 46 34 36 24 46 35 35 24 46 36 34 24 46 37 33 24 46 38 32 24 46 39 31 24 46 40 30 24 46 41 29 24 46 42 28 24 46 43 27 24 46 44 26 24 46 45 25 24 46 46 24 24 46 47 23 24 46 48 22 24 46 49 21 24 46 50 20 24 46 51 19 24 46 52 18 24 46 53 17 24 46 54 16 24 46 55 15 24 46 56 14 24 46 57 13 24 46 58 12 24 46 59 11 24 46 60 10 24 46 61 9 24 46 62 8 24 46 63 7 24 46 64 6 24 46 66 5 24 46 68 4 24 47 5 67 24 47 6 65 24 47 7 64 24 47 8 63 24 47 9 62 24 47 10 61 24 47 11 60 24 47 12 59 24 47 13 58 24 47 14 57 24 47 15 56 24 47 16 55 24 47 17 54 24 47 18 53 24 47 19 52 24 47 20 51 24 47 21 50 24 47 22 49 24 47 23 48 24 47 24 47 24 47 25 46 24 47 26 45 24 47 27 44 24 47 28 43 24 47 29 42 24 47 30 41 24 47 31 40 24 47 32 39 24 47 33 38 24 47 34 37 24 47 35 36 24 47 36 35 24 47 37 34 24 47 38 33 24 47 39 32 24 47 40 31 24 47 41 30 24 47 42 29 24 47 43 28 24 47 44 27 24 47 45 26 24 47 46 25 24 47 47 24 24 47 48 23 24 47 49 22 24 47 50 21 24 47 51 20 24 47 52 19 24 47 53 18 24 47 54 17 24 47 55 16 24 47 56 15 24 47 57 14 24 47 58 13 24 47 59 12 24 47 60 11 24 47 61 10 24 47 62 9 24 47 63 8 24 47 64 7 24 47 65 6 24 47 67 5 24 48 5 68 24 48 6 66 24 48 7 65 24 48 8 64 24 48 9 63 24 48 10 62 24 48 11 61 24 48 12 60 24 48 13 59 24 48 14 58 24 48 15 57 24 48 16 56 24 48 17 55 24 48 18 54 24 48 19 53 24 48 20 52 24 48 21 51 24 48 22 50 24 48 23 49 24 48 24 48 24 48 25 47 24 48 26 46 24 48 27 45 24 48 28 44 24 48 29 43 24 48 30 42 24 48 31 41 24 48 32 40 24 48 33 39 24 48 34 38 24 48 35 37 24 48 36 36 24 48 37 35 24 48 38 34 24 48 39 33 24 48 40 32 24 48 41 31 24 48 42 30 24 48 43 29 24 48 44 28 24 48 45 27 24 48 46 26 24 48 47 25 24 48 48 24 24 48 49 23 24 48 50 22 24 48 51 21 24 48 52 20 24 48 53 19 24 48 54 18 24 48 55 17 24 48 56 16 24 48 57 15 24 48 58 14 24 48 59 13 24 48 60 12 24 48 61 11 24 48 62 10 24 48 63 9 24 48 64 8 24 48 65 7 24 48 66 6 24 48 68 5 24 49 5 69 24 49 6 67 24 49 7 66 24 49 8 65 24 49 9 64 24 49 10 63 24 49 11 62 24 49 12 61 24 49 13 60 24 49 14 59 24 49 15 58 24 49 16 57 24 49 17 56 24 49 18 55 24 49 19 54 24 49 20 53 24 49 21 52 24 49 22 51 24 49 23 50 24 49 24 49 24 49 25 48 24 49 26 47 24 49 27 46 24 49 28 45 24 49 29 44 24 49 30 43 24 49 31 42 24 49 32 41 24 49 33 40 24 49 34 39 24 49 35 38 24 49 36 37 24 49 37 36 24 49 38 35 24 49 39 34 24 49 40 33 24 49 41 32 24 49 42 31 24 49 43 30 24 49 44 29 24 49 45 28 24 49 46 27 24 49 47 26 24 49 48 25 24 49 49 24 24 49 50 23 24 49 51 22 24 49 52 21 24 49 53 20 24 49 54 19 24 49 55 18 24 49 56 17 24 49 57 16 24 49 58 15 24 49 59 14 24 49 60 13 24 49 61 12 24 49 62 11 24 49 63 10 24 49 64 9 24 49 65 8 24 49 66 7 24 49 67 6 24 49 69 5 24 50 5 70 24 50 6 68 24 50 7 67 24 50 8 66 24 50 9 65 24 50 10 64 24 50 11 63 24 50 12 62 24 50 13 61 24 50 14 60 24 50 15 59 24 50 16 58 24 50 17 57 24 50 18 56 24 50 19 55 24 50 20 54 24 50 21 53 24 50 22 52 24 50 23 51 24 50 24 50 24 50 25 49 24 50 26 48 24 50 27 47 24 50 28 46 24 50 29 45 24 50 30 44 24 50 31 43 24 50 32 42 24 50 33 41 24 50 34 40 24 50 35 39 24 50 36 38 24 50 37 37 24 50 38 36 24 50 39 35 24 50 40 34 24 50 41 33 24 50 42 32 24 50 43 31 24 50 44 30 24 50 45 29 24 50 46 28 24 50 47 27 24 50 48 26 24 50 49 25 24 50 50 24 24 50 51 23 24 50 52 22 24 50 53 21 24 50 54 20 24 50 55 19 24 50 56 18 24 50 57 17 24 50 58 16 24 50 59 15 24 50 60 14 24 50 61 13 24 50 62 12 24 50 63 11 24 50 64 10 24 50 65 9 24 50 66 8 24 50 67 7 24 50 68 6 24 50 70 5 24 51 6 69 24 51 7 68 24 51 8 67 24 51 9 66 24 51 10 65 24 51 11 64 24 51 12 63 24 51 13 62 24 51 14 61 24 51 15 60 24 51 16 59 24 51 17 58 24 51 18 57 24 51 19 56 24 51 20 55 24 51 21 54 24 51 22 53 24 51 23 52 24 51 24 51 24 51 25 50 24 51 26 49 24 51 27 48 24 51 28 47 24 51 29 46 24 51 30 45 24 51 31 44 24 51 32 43 24 51 33 42 24 51 34 41 24 51 35 40 24 51 36 39 24 51 37 38 24 51 38 37 24 51 39 36 24 51 40 35 24 51 41 34 24 51 42 33 24 51 43 32 24 51 44 31 24 51 45 30 24 51 46 29 24 51 47 28 24 51 48 27 24 51 49 26 24 51 50 25 24 51 51 24 24 51 52 23 24 51 53 22 24 51 54 21 24 51 55 20 24 51 56 19 24 51 57 18 24 51 58 17 24 51 59 16 24 51 60 15 24 51 61 14 24 51 62 13 24 51 63 12 24 51 64 11 24 51 65 10 24 51 66 9 24 51 67 8 24 51 68 7 24 51 69 6 24 52 6 70 24 52 7 69 24 52 8 68 24 52 9 67 24 52 10 66 24 52 11 65 24 52 12 64 24 52 13 63 24 52 14 62 24 52 15 61 24 52 16 60 24 52 17 59 24 52 18 58 24 52 19 57 24 52 20 56 24 52 21 55 24 52 22 54 24 52 23 53 24 52 24 52 24 52 25 51 24 52 26 50 24 52 27 49 24 52 28 48 24 52 29 47 24 52 30 46 24 52 31 45 24 52 32 44 24 52 33 43 24 52 34 42 24 52 35 41 24 52 36 40 24 52 37 39 24 52 38 38 24 52 39 37 24 52 40 36 24 52 41 35 24 52 42 34 24 52 43 33 24 52 44 32 24 52 45 31 24 52 46 30 24 52 47 29 24 52 48 28 24 52 49 27 24 52 50 26 24 52 51 25 24 52 52 24 24 52 53 23 24 52 54 22 24 52 55 21 24 52 56 20 24 52 57 19 24 52 58 18 24 52 59 17 24 52 60 16 24 52 61 15 24 52 62 14 24 52 63 13 24 52 64 12 24 52 65 11 24 52 66 10 24 52 67 9 24 52 68 8 24 52 69 7 24 52 70 6 24 53 6 71 24 53 7 70 24 53 8 69 24 53 9 68 24 53 10 67 24 53 11 66 24 53 12 65 24 53 13 64 24 53 14 63 24 53 15 62 24 53 16 61 24 53 17 60 24 53 18 59 24 53 19 58 24 53 20 57 24 53 21 56 24 53 22 55 24 53 23 54 24 53 24 53 24 53 25 52 24 53 26 51 24 53 27 50 24 53 28 49 24 53 29 48 24 53 30 47 24 53 31 46 24 53 32 45 24 53 33 44 24 53 34 43 24 53 35 42 24 53 36 41 24 53 37 40 24 53 38 39 24 53 39 38 24 53 40 37 24 53 41 36 24 53 42 35 24 53 43 34 24 53 44 33 24 53 45 32 24 53 46 31 24 53 47 30 24 53 48 29 24 53 49 28 24 53 50 27 24 53 51 26 24 53 52 25 24 53 53 24 24 53 54 23 24 53 55 22 24 53 56 21 24 53 57 20 24 53 58 19 24 53 59 18 24 53 60 17 24 53 61 16 24 53 62 15 24 53 63 14 24 53 64 13 24 53 65 12 24 53 66 11 24 53 67 10 24 53 68 9 24 53 69 8 24 53 70 7 24 53 71 6 24 54 7 71 24 54 8 70 24 54 9 69 24 54 10 68 24 54 11 67 24 54 12 66 24 54 13 65 24 54 14 64 24 54 15 63 24 54 16 62 24 54 17 61 24 54 18 60 24 54 19 59 24 54 20 58 24 54 21 57 24 54 22 56 24 54 23 55 24 54 24 54 24 54 25 53 24 54 26 52 24 54 27 51 24 54 28 50 24 54 29 49 24 54 30 48 24 54 31 47 24 54 32 46 24 54 33 45 24 54 34 44 24 54 35 43 24 54 36 42 24 54 37 41 24 54 38 40 24 54 39 39 24 54 40 38 24 54 41 37 24 54 42 36 24 54 43 35 24 54 44 34 24 54 45 33 24 54 46 32 24 54 47 31 24 54 48 30 24 54 49 29 24 54 50 28 24 54 51 27 24 54 52 26 24 54 53 25 24 54 54 24 24 54 55 23 24 54 56 22 24 54 57 21 24 54 58 20 24 54 59 19 24 54 60 18 24 54 61 17 24 54 62 16 24 54 63 15 24 54 64 14 24 54 65 13 24 54 66 12 24 54 67 11 24 54 68 10 24 54 69 9 24 54 70 8 24 54 71 7 24 55 7 72 24 55 8 71 24 55 9 70 24 55 10 69 24 55 11 68 24 55 12 67 24 55 13 66 24 55 14 65 24 55 15 64 24 55 16 63 24 55 17 62 24 55 18 61 24 55 19 60 24 55 20 59 24 55 21 58 24 55 22 57 24 55 23 56 24 55 24 55 24 55 25 54 24 55 26 53 24 55 27 52 24 55 28 51 24 55 29 50 24 55 30 49 24 55 31 48 24 55 32 47 24 55 33 46 24 55 34 45 24 55 35 44 24 55 36 43 24 55 37 42 24 55 38 41 24 55 39 40 24 55 40 39 24 55 41 38 24 55 42 37 24 55 43 36 24 55 44 35 24 55 45 34 24 55 46 33 24 55 47 32 24 55 48 31 24 55 49 30 24 55 50 29 24 55 51 28 24 55 52 27 24 55 53 26 24 55 54 25 24 55 55 24 24 55 56 23 24 55 57 22 24 55 58 21 24 55 59 20 24 55 60 19 24 55 61 18 24 55 62 17 24 55 63 16 24 55 64 15 24 55 65 14 24 55 66 13 24 55 67 12 24 55 68 11 24 55 69 10 24 55 70 9 24 55 71 8 24 55 72 7 24 56 8 72 24 56 9 71 24 56 10 70 24 56 11 69 24 56 12 68 24 56 13 67 24 56 14 66 24 56 15 65 24 56 16 64 24 56 17 63 24 56 18 62 24 56 19 61 24 56 20 60 24 56 21 59 24 56 22 58 24 56 23 57 24 56 24 56 24 56 25 55 24 56 26 54 24 56 27 53 24 56 28 52 24 56 29 51 24 56 30 50 24 56 31 49 24 56 32 48 24 56 33 47 24 56 34 46 24 56 35 45 24 56 36 44 24 56 37 43 24 56 38 42 24 56 39 41 24 56 40 40 24 56 41 39 24 56 42 38 24 56 43 37 24 56 44 36 24 56 45 35 24 56 46 34 24 56 47 33 24 56 48 32 24 56 49 31 24 56 50 30 24 56 51 29 24 56 52 28 24 56 53 27 24 56 54 26 24 56 55 25 24 56 56 24 24 56 57 23 24 56 58 22 24 56 59 21 24 56 60 20 24 56 61 19 24 56 62 18 24 56 63 17 24 56 64 16 24 56 65 15 24 56 66 14 24 56 67 13 24 56 68 12 24 56 69 11 24 56 70 10 24 56 71 9 24 56 72 8 24 57 9 72 24 57 10 71 24 57 11 70 24 57 12 69 24 57 13 68 24 57 14 67 24 57 15 66 24 57 16 65 24 57 17 64 24 57 18 63 24 57 19 62 24 57 20 61 24 57 21 60 24 57 22 59 24 57 23 58 24 57 24 57 24 57 25 56 24 57 26 55 24 57 27 54 24 57 28 53 24 57 29 52 24 57 30 51 24 57 31 50 24 57 32 49 24 57 33 48 24 57 34 47 24 57 35 46 24 57 36 45 24 57 37 44 24 57 38 43 24 57 39 42 24 57 40 41 24 57 41 40 24 57 42 39 24 57 43 38 24 57 44 37 24 57 45 36 24 57 46 35 24 57 47 34 24 57 48 33 24 57 49 32 24 57 50 31 24 57 51 30 24 57 52 29 24 57 53 28 24 57 54 27 24 57 55 26 24 57 56 25 24 57 57 24 24 57 58 23 24 57 59 22 24 57 60 21 24 57 61 20 24 57 62 19 24 57 63 18 24 57 64 17 24 57 65 16 24 57 66 15 24 57 67 14 24 57 68 13 24 57 69 12 24 57 70 11 24 57 71 10 24 57 72 9 24 58 10 72 24 58 11 71 24 58 12 70 24 58 13 69 24 58 14 68 24 58 15 67 24 58 16 66 24 58 17 65 24 58 18 64 24 58 19 63 24 58 20 62 24 58 21 61 24 58 22 60 24 58 23 59 24 58 24 58 24 58 25 57 24 58 26 56 24 58 27 55 24 58 28 54 24 58 29 53 24 58 30 52 24 58 31 51 24 58 32 50 24 58 33 49 24 58 34 48 24 58 35 47 24 58 36 46 24 58 37 45 24 58 38 44 24 58 39 43 24 58 40 42 24 58 41 41 24 58 42 40 24 58 43 39 24 58 44 38 24 58 45 37 24 58 46 36 24 58 47 35 24 58 48 34 24 58 49 33 24 58 50 32 24 58 51 31 24 58 52 30 24 58 53 29 24 58 54 28 24 58 55 27 24 58 56 26 24 58 57 25 24 58 58 24 24 58 59 23 24 58 60 22 24 58 61 21 24 58 62 20 24 58 63 19 24 58 64 18 24 58 65 17 24 58 66 16 24 58 67 15 24 58 68 14 24 58 69 13 24 58 70 12 24 58 71 11 24 58 72 10 24 59 11 72 24 59 12 71 24 59 13 70 24 59 14 69 24 59 15 68 24 59 16 67 24 59 17 66 24 59 18 65 24 59 19 64 24 59 20 63 24 59 21 62 24 59 22 61 24 59 23 60 24 59 24 59 24 59 25 58 24 59 26 57 24 59 27 56 24 59 28 55 24 59 29 54 24 59 30 53 24 59 31 52 24 59 32 51 24 59 33 50 24 59 34 49 24 59 35 48 24 59 36 47 24 59 37 46 24 59 38 45 24 59 39 44 24 59 40 43 24 59 41 42 24 59 42 41 24 59 43 40 24 59 44 39 24 59 45 38 24 59 46 37 24 59 47 36 24 59 48 35 24 59 49 34 24 59 50 33 24 59 51 32 24 59 52 31 24 59 53 30 24 59 54 29 24 59 55 28 24 59 56 27 24 59 57 26 24 59 58 25 24 59 59 24 24 59 60 23 24 59 61 22 24 59 62 21 24 59 63 20 24 59 64 19 24 59 65 18 24 59 66 17 24 59 67 16 24 59 68 15 24 59 69 14 24 59 70 13 24 59 71 12 24 59 72 11 24 60 12 72 24 60 13 71 24 60 14 70 24 60 15 69 24 60 16 68 24 60 17 67 24 60 18 66 24 60 19 65 24 60 20 64 24 60 21 63 24 60 22 62 24 60 23 61 24 60 24 60 24 60 25 59 24 60 26 58 24 60 27 57 24 60 28 56 24 60 29 55 24 60 30 54 24 60 31 53 24 60 32 52 24 60 33 51 24 60 34 50 24 60 35 49 24 60 36 48 24 60 37 47 24 60 38 46 24 60 39 45 24 60 40 44 24 60 41 43 24 60 42 42 24 60 43 41 24 60 44 40 24 60 45 39 24 60 46 38 24 60 47 37 24 60 48 36 24 60 49 35 24 60 50 34 24 60 51 33 24 60 52 32 24 60 53 31 24 60 54 30 24 60 55 29 24 60 56 28 24 60 57 27 24 60 58 26 24 60 59 25 24 60 60 24 24 60 61 23 24 60 62 22 24 60 63 21 24 60 64 20 24 60 65 19 24 60 66 18 24 60 67 17 24 60 68 16 24 60 69 15 24 60 70 14 24 60 71 13 24 60 72 12 24 61 13 72 24 61 14 71 24 61 15 70 24 61 16 69 24 61 17 68 24 61 18 67 24 61 19 66 24 61 20 65 24 61 21 64 24 61 22 63 24 61 23 62 24 61 24 61 24 61 25 60 24 61 26 59 24 61 27 58 24 61 28 57 24 61 29 56 24 61 30 55 24 61 31 54 24 61 32 53 24 61 33 52 24 61 34 51 24 61 35 50 24 61 36 49 24 61 37 48 24 61 38 47 24 61 39 46 24 61 40 45 24 61 41 44 24 61 42 43 24 61 43 42 24 61 44 41 24 61 45 40 24 61 46 39 24 61 47 38 24 61 48 37 24 61 49 36 24 61 50 35 24 61 51 34 24 61 52 33 24 61 53 32 24 61 54 31 24 61 55 30 24 61 56 29 24 61 57 28 24 61 58 27 24 61 59 26 24 61 60 25 24 61 61 24 24 61 62 23 24 61 63 22 24 61 64 21 24 61 65 20 24 61 66 19 24 61 67 18 24 61 68 17 24 61 69 16 24 61 70 15 24 61 71 14 24 61 72 13 24 62 14 72 24 62 15 71 24 62 16 70 24 62 17 69 24 62 18 68 24 62 19 67 24 62 20 66 24 62 21 65 24 62 22 64 24 62 23 63 24 62 24 62 24 62 25 61 24 62 26 60 24 62 27 59 24 62 28 58 24 62 29 57 24 62 30 56 24 62 31 55 24 62 32 54 24 62 33 53 24 62 34 52 24 62 35 51 24 62 36 50 24 62 37 49 24 62 38 48 24 62 39 47 24 62 40 46 24 62 41 45 24 62 42 44 24 62 43 43 24 62 44 42 24 62 45 41 24 62 46 40 24 62 47 39 24 62 48 38 24 62 49 37 24 62 50 36 24 62 51 35 24 62 52 34 24 62 53 33 24 62 54 32 24 62 55 31 24 62 56 30 24 62 57 29 24 62 58 28 24 62 59 27 24 62 60 26 24 62 61 25 24 62 62 24 24 62 63 23 24 62 64 22 24 62 65 21 24 62 66 20 24 62 67 19 24 62 68 18 24 62 69 17 24 62 70 16 24 62 71 15 24 62 72 14 24 63 15 72 24 63 16 71 24 63 17 70 24 63 18 69 24 63 19 68 24 63 20 67 24 63 21 66 24 63 22 65 24 63 23 64 24 63 24 63 24 63 25 62 24 63 26 61 24 63 27 60 24 63 28 59 24 63 29 58 24 63 30 57 24 63 31 56 24 63 32 55 24 63 33 54 24 63 34 53 24 63 35 52 24 63 36 51 24 63 37 50 24 63 38 49 24 63 39 48 24 63 40 47 24 63 41 46 24 63 42 45 24 63 43 44 24 63 44 43 24 63 45 42 24 63 46 41 24 63 47 40 24 63 48 39 24 63 49 38 24 63 50 37 24 63 51 36 24 63 52 35 24 63 53 34 24 63 54 33 24 63 55 32 24 63 56 31 24 63 57 30 24 63 58 29 24 63 59 28 24 63 60 27 24 63 61 26 24 63 62 25 24 63 63 24 24 63 64 23 24 63 65 22 24 63 66 21 24 63 67 20 24 63 68 19 24 63 69 18 24 63 70 17 24 63 71 16 24 63 72 15 24 64 16 72 24 64 17 71 24 64 18 70 24 64 19 69 24 64 20 68 24 64 21 67 24 64 22 66 24 64 23 65 24 64 24 64 24 64 25 63 24 64 26 62 24 64 27 61 24 64 28 60 24 64 29 59 24 64 30 58 24 64 31 57 24 64 32 56 24 64 33 55 24 64 34 54 24 64 35 53 24 64 36 52 24 64 37 51 24 64 38 50 24 64 39 49 24 64 40 48 24 64 41 47 24 64 42 46 24 64 43 45 24 64 44 44 24 64 45 43 24 64 46 42 24 64 47 41 24 64 48 40 24 64 49 39 24 64 50 38 24 64 51 37 24 64 52 36 24 64 53 35 24 64 54 34 24 64 55 33 24 64 56 32 24 64 57 31 24 64 58 30 24 64 59 29 24 64 60 28 24 64 61 27 24 64 62 26 24 64 63 25 24 64 64 24 24 64 65 23 24 64 66 22 24 64 67 21 24 64 68 20 24 64 69 19 24 64 70 18 24 64 71 17 24 64 72 16 24 65 17 72 24 65 18 71 24 65 19 70 24 65 20 69 24 65 21 68 24 65 22 67 24 65 23 66 24 65 24 65 24 65 25 64 24 65 26 63 24 65 27 62 24 65 28 61 24 65 29 60 24 65 30 59 24 65 31 58 24 65 32 57 24 65 33 56 24 65 34 55 24 65 35 54 24 65 36 53 24 65 37 52 24 65 38 51 24 65 39 50 24 65 40 49 24 65 41 48 24 65 42 47 24 65 43 46 24 65 44 45 24 65 45 44 24 65 46 43 24 65 47 42 24 65 48 41 24 65 49 40 24 65 50 39 24 65 51 38 24 65 52 37 24 65 53 36 24 65 54 35 24 65 55 34 24 65 56 33 24 65 57 32 24 65 58 31 24 65 59 30 24 65 60 29 24 65 61 28 24 65 62 27 24 65 63 26 24 65 64 25 24 65 65 24 24 65 66 23 24 65 67 22 24 65 68 21 24 65 69 20 24 65 70 19 24 65 71 18 24 65 72 17 24 66 18 72 24 66 19 71 24 66 20 70 24 66 21 69 24 66 22 68 24 66 23 67 24 66 24 66 24 66 25 65 24 66 26 64 24 66 27 63 24 66 28 62 24 66 29 61 24 66 30 60 24 66 31 59 24 66 32 58 24 66 33 57 24 66 34 56 24 66 35 55 24 66 36 54 24 66 37 53 24 66 38 52 24 66 39 51 24 66 40 50 24 66 41 49 24 66 42 48 24 66 43 47 24 66 44 46 24 66 45 45 24 66 46 44 24 66 47 43 24 66 48 42 24 66 49 41 24 66 50 40 24 66 51 39 24 66 52 38 24 66 53 37 24 66 54 36 24 66 55 35 24 66 56 34 24 66 57 33 24 66 58 32 24 66 59 31 24 66 60 30 24 66 61 29 24 66 62 28 24 66 63 27 24 66 64 26 24 66 65 25 24 66 66 24 24 66 67 23 24 66 68 22 24 66 69 21 24 66 70 20 24 66 71 19 24 66 72 18 24 67 19 72 24 67 20 71 24 67 21 70 24 67 22 69 24 67 23 68 24 67 24 67 24 67 25 66 24 67 26 65 24 67 27 64 24 67 28 63 24 67 29 62 24 67 30 61 24 67 31 60 24 67 32 59 24 67 33 58 24 67 34 57 24 67 35 56 24 67 36 55 24 67 37 54 24 67 38 53 24 67 39 52 24 67 40 51 24 67 41 50 24 67 42 49 24 67 43 48 24 67 44 47 24 67 45 46 24 67 46 45 24 67 47 44 24 67 48 43 24 67 49 42 24 67 50 41 24 67 51 40 24 67 52 39 24 67 53 38 24 67 54 37 24 67 55 36 24 67 56 35 24 67 57 34 24 67 58 33 24 67 59 32 24 67 60 31 24 67 61 30 24 67 62 29 24 67 63 28 24 67 64 27 24 67 65 26 24 67 66 25 24 67 67 24 24 67 68 23 24 67 69 22 24 67 70 21 24 67 71 20 24 67 72 19 24 68 20 72 24 68 21 71 24 68 22 70 24 68 23 69 24 68 24 68 24 68 25 67 24 68 26 66 24 68 27 65 24 68 28 64 24 68 29 63 24 68 30 62 24 68 31 61 24 68 32 60 24 68 33 59 24 68 34 58 24 68 35 57 24 68 36 56 24 68 37 55 24 68 38 54 24 68 39 53 24 68 40 52 24 68 41 51 24 68 42 50 24 68 43 49 24 68 44 48 24 68 45 47 24 68 46 46 24 68 47 45 24 68 48 44 24 68 49 43 24 68 50 42 24 68 51 41 24 68 52 40 24 68 53 39 24 68 54 38 24 68 55 37 24 68 56 36 24 68 57 35 24 68 58 34 24 68 59 33 24 68 60 32 24 68 61 31 24 68 62 30 24 68 63 29 24 68 64 28 24 68 65 27 24 68 66 26 24 68 67 25 24 68 68 24 24 68 69 23 24 68 70 22 24 68 71 21 24 68 72 20 24 69 21 72 24 69 22 71 24 69 23 70 24 69 24 69 24 69 25 68 24 69 26 67 24 69 27 66 24 69 28 65 24 69 29 64 24 69 30 63 24 69 31 62 24 69 32 61 24 69 33 60 24 69 34 59 24 69 35 58 24 69 36 57 24 69 37 56 24 69 38 55 24 69 39 54 24 69 40 53 24 69 41 52 24 69 42 51 24 69 43 50 24 69 44 49 24 69 45 48 24 69 46 47 24 69 47 46 24 69 48 45 24 69 49 44 24 69 50 43 24 69 51 42 24 69 52 41 24 69 53 40 24 69 54 39 24 69 55 38 24 69 56 37 24 69 57 36 24 69 58 35 24 69 59 34 24 69 60 33 24 69 61 32 24 69 62 31 24 69 63 30 24 69 64 29 24 69 65 28 24 69 66 27 24 69 67 26 24 69 68 25 24 69 69 24 24 69 70 23 24 69 71 22 24 69 72 21 24 70 22 72 24 70 23 71 24 70 24 70 24 70 25 69 24 70 26 68 24 70 27 67 24 70 28 66 24 70 29 65 24 70 30 64 24 70 31 63 24 70 32 62 24 70 33 61 24 70 34 60 24 70 35 59 24 70 36 58 24 70 37 57 24 70 38 56 24 70 39 55 24 70 40 54 24 70 41 53 24 70 42 52 24 70 43 51 24 70 44 50 24 70 45 49 24 70 46 48 24 70 47 47 24 70 48 46 24 70 49 45 24 70 50 44 24 70 51 43 24 70 52 42 24 70 53 41 24 70 54 40 24 70 55 39 24 70 56 38 24 70 57 37 24 70 58 36 24 70 59 35 24 70 60 34 24 70 61 33 24 70 62 32 24 70 63 31 24 70 64 30 24 70 65 29 24 70 66 28 24 70 67 27 24 70 68 26 24 70 69 25 24 70 70 24 24 70 71 23 24 70 72 22 24 71 23 72 24 71 24 71 24 71 25 70 24 71 26 69 24 71 27 68 24 71 28 67 24 71 29 66 24 71 30 65 24 71 31 64 24 71 32 63 24 71 33 62 24 71 34 61 24 71 35 60 24 71 36 59 24 71 37 58 24 71 38 57 24 71 39 56 24 71 40 55 24 71 41 54 24 71 42 53 24 71 43 52 24 71 44 51 24 71 45 50 24 71 46 49 24 71 47 48 24 71 48 47 24 71 49 46 24 71 50 45 24 71 51 44 24 71 52 43 24 71 53 42 24 71 54 41 24 71 55 40 24 71 56 39 24 71 57 38 24 71 58 37 24 71 59 36 24 71 60 35 24 71 61 34 24 71 62 33 24 71 63 32 24 71 64 31 24 71 65 30 24 71 66 29 24 71 67 28 24 71 68 27 24 71 69 26 24 71 70 25 24 71 71 24 24 71 72 23 24 72 24 72 24 72 25 71 24 72 26 70 24 72 27 69 24 72 28 68 24 72 29 67 24 72 30 66 24 72 31 65 24 72 32 64 24 72 33 63 24 72 34 62 24 72 35 61 24 72 36 60 24 72 37 59 24 72 38 58 24 72 39 57 24 72 40 56 24 72 41 55 24 72 42 54 24 72 43 53 24 72 44 52 24 72 45 51 24 72 46 50 24 72 47 49 24 72 48 48 24 72 49 47 24 72 50 46 24 72 51 45 24 72 52 44 24 72 53 43 24 72 54 42 24 72 55 41 24 72 56 40 24 72 57 39 24 72 58 38 24 72 59 37 24 72 60 36 24 72 61 35 24 72 62 34 24 72 63 33 24 72 64 32 24 72 65 31 24 72 66 30 24 72 67 29 24 72 68 28 24 72 69 27 24 72 70 26 24 72 71 25 24 72 72 24 
















































