













14 0 0 14 14 0 1 12 14 0 2 10 14 0 3 9 14 0 4 7 14 0 6 6 14 0 7 4 14 0 9 3 14 0 10 2 14 0 12 1 14 0 14 0 14 1 0 16 14 1 1 14 14 1 2 12 14 1 3 11 14 1 4 9 14 1 5 8 14 1 6 7 14 1 7 6 14 1 8 5 14 1 9 4 14 1 11 3 14 1 12 2 14 1 14 1 14 1 16 0 14 2 0 18 14 2 1 16 14 2 2 14 14 2 3 13 14 2 5 10 14 2 6 9 14 2 7 7 14 2 9 6 14 2 10 5 14 2 13 3 14 2 14 2 14 2 16 1 14 2 18 0 14 3 0 19 14 3 1 17 14 3 2 15 14 3 3 14 14 3 4 12 14 3 5 11 14 3 6 10 14 3 7 8 14 3 8 7 14 3 10 6 14 3 11 5 14 3 12 4 14 3 14 3 14 3 15 2 14 3 17 1 14 3 19 0 14 4 0 21 14 4 1 19 14 4 2 17 14 4 3 16 14 4 4 14 14 4 5 13 14 4 6 12 14 4 7 10 14 4 8 9 14 4 9 8 14 4 10 7 14 4 12 6 14 4 13 5 14 4 14 4 14 4 16 3 14 4 17 2 14 4 19 1 14 4 21 0 14 5 0 22 14 5 1 20 14 5 2 18 14 5 3 17 14 5 4 15 14 5 5 14 14 5 6 13 14 5 7 11 14 5 8 10 14 5 9 9 14 5 10 8 14 5 11 7 14 5 13 6 14 5 14 5 14 5 15 4 14 5 17 3 14 5 18 2 14 5 20 1 14 5 22 0 14 6 0 23 14 6 1 21 14 6 2 19 14 6 3 18 14 6 4 16 14 6 5 15 14 6 6 14 14 6 7 12 14 6 8 11 14 6 9 10 14 6 10 9 14 6 11 8 14 6 12 7 14 6 14 6 14 6 15 5 14 6 16 4 14 6 18 3 14 6 19 2 14 6 21 1 14 6 23 0 14 7 0 25 14 7 1 23 14 7 2 21 14 7 3 20 14 7 4 18 14 7 5 17 14 7 6 16 14 7 7 14 14 7 8 13 14 7 9 12 14 7 10 11 14 7 11 10 14 7 12 9 14 7 13 8 14 7 14 7 14 7 16 6 14 7 17 5 14 7 18 4 14 7 20 3 14 7 21 2 14 7 23 1 14 7 25 0 14 8 0 26 14 8 1 24 14 8 2 22 14 8 3 21 14 8 4 19 14 8 5 18 14 8 6 17 14 8 7 15 14 8 8 14 14 8 9 13 14 8 11 11 14 8 13 9 14 8 14 8 14 8 15 7 14 8 17 6 14 8 18 5 14 8 19 4 14 8 21 3 14 8 22 2 14 8 24 1 14 8 26 0 14 9 0 27 14 9 1 25 14 9 2 23 14 9 3 22 14 9 4 20 14 9 5 19 14 9 6 18 14 9 7 16 14 9 8 15 14 9 9 14 14 9 10 13 14 9 11 12 14 9 12 11 14 9 13 10 14 9 14 9 14 9 15 8 14 9 16 7 14 9 18 6 14 9 19 5 14 9 20 4 14 9 22 3 14 9 23 2 14 9 25 1 14 9 27 0 14 10 1 26 14 10 2 24 14 10 3 23 14 10 4 21 14 10 5 20 14 10 6 19 14 10 7 17 14 10 8 16 14 10 9 15 14 10 10 14 14 10 11 13 14 10 12 12 14 10 13 11 14 10 14 10 14 10 15 9 14 10 16 8 14 10 17 7 14 10 19 6 14 10 20 5 14 10 21 4 14 10 23 3 14 10 24 2 14 10 26 1 14 11 1 27 14 11 2 25 14 11 3 24 14 11 4 22 14 11 5 21 14 11 6 20 14 11 7 18 14 11 8 17 14 11 9 16 14 11 10 15 14 11 11 14 14 11 12 13 14 11 13 12 14 11 14 11 14 11 15 10 14 11 16 9 14 11 17 8 14 11 18 7 14 11 20 6 14 11 21 5 14 11 22 4 14 11 24 3 14 11 25 2 14 11 27 1 14 12 1 28 14 12 2 26 14 12 3 25 14 12 4 23 14 12 5 22 14 12 6 21 14 12 7 19 14 12 8 18 14 12 9 17 14 12 10 16 14 12 11 15 14 12 12 14 14 12 13 13 14 12 14 12 14 12 15 11 14 12 16 10 14 12 17 9 14 12 18 8 14 12 19 7 14 12 21 6 14 12 22 5 14 12 23 4 14 12 25 3 14 12 26 2 14 12 28 1 14 13 1 29 14 13 2 27 14 13 3 26 14 13 4 24 14 13 5 23 14 13 6 22 14 13 7 20 14 13 8 19 14 13 9 18 14 13 10 17 14 13 11 16 14 13 12 15 14 13 13 14 14 13 14 13 14 13 15 12 14 13 16 11 14 13 17 10 14 13 18 9 14 13 19 8 14 13 20 7 14 13 22 6 14 13 23 5 14 13 24 4 14 13 26 3 14 13 27 2 14 13 29 1 14 14 1 30 14 14 2 28 14 14 3 27 14 14 4 25 14 14 5 24 14 14 6 23 14 14 7 21 14 14 8 20 14 14 9 19 14 14 11 17 14 14 12 16 14 14 13 15 14 14 14 14 14 14 15 13 14 14 16 12 14 14 17 11 14 14 19 9 14 14 20 8 14 14 21 7 14 14 23 6 14 14 24 5 14 14 25 4 14 14 27 3 14 14 28 2 14 14 30 1 14 15 1 31 14 15 2 29 14 15 3 28 14 15 4 26 14 15 5 25 14 15 6 24 14 15 7 22 14 15 8 21 14 15 9 20 14 15 10 19 14 15 11 18 14 15 12 17 14 15 13 16 14 15 14 15 14 15 15 14 14 15 16 13 14 15 17 12 14 15 18 11 14 15 19 10 14 15 20 9 14 15 21 8 14 15 22 7 14 15 24 6 14 15 25 5 14 15 26 4 14 15 28 3 14 15 29 2 14 15 31 1 14 16 2 30 14 16 3 29 14 16 4 27 14 16 5 26 14 16 6 25 14 16 7 23 14 16 8 22 14 16 9 21 14 16 10 20 14 16 11 19 14 16 12 18 14 16 13 17 14 16 14 16 14 16 15 15 14 16 16 14 14 16 17 13 14 16 18 12 14 16 19 11 14 16 20 10 14 16 21 9 14 16 22 8 14 16 23 7 14 16 25 6 14 16 26 5 14 16 27 4 14 16 29 3 14 16 30 2 14 17 2 31 14 17 3 30 14 17 4 28 14 17 5 27 14 17 6 26 14 17 7 24 14 17 8 23 14 17 9 22 14 17 10 21 14 17 11 20 14 17 12 19 14 17 13 18 14 17 14 17 14 17 15 16 14 17 16 15 14 17 17 14 14 17 18 13 14 17 19 12 14 17 20 11 14 17 21 10 14 17 22 9 14 17 23 8 14 17 24 7 14 17 26 6 14 17 27 5 14 17 28 4 14 17 30 3 14 17 31 2 14 18 2 32 14 18 3 31 14 18 4 29 14 18 5 28 14 18 6 27 14 18 7 25 14 18 8 24 14 18 9 23 14 18 10 22 14 18 11 21 14 18 12 20 14 18 13 19 14 18 14 18 14 18 15 17 14 18 16 16 14 18 17 15 14 18 18 14 14 18 19 13 14 18 20 12 14 18 21 11 14 18 22 10 14 18 23 9 14 18 24 8 14 18 25 7 14 18 27 6 14 18 28 5 14 18 29 4 14 18 31 3 14 18 32 2 14 19 3 32 14 19 4 30 14 19 5 29 14 19 6 28 14 19 7 26 14 19 8 25 14 19 9 24 14 19 10 23 14 19 11 22 14 19 12 21 14 19 13 20 14 19 14 19 14 19 15 18 14 19 16 17 14 19 17 16 14 19 18 15 14 19 19 14 14 19 20 13 14 19 21 12 14 19 22 11 14 19 23 10 14 19 24 9 14 19 25 8 14 19 26 7 14 19 28 6 14 19 29 5 14 19 30 4 14 19 32 3 14 20 3 33 14 20 4 31 14 20 5 30 14 20 6 29 14 20 7 27 14 20 8 26 14 20 9 25 14 20 10 24 14 20 11 23 14 20 12 22 14 20 13 21 14 20 14 20 14 20 15 19 14 20 16 18 14 20 17 17 14 20 18 16 14 20 19 15 14 20 20 14 14 20 21 13 14 20 22 12 14 20 23 11 14 20 24 10 14 20 25 9 14 20 26 8 14 20 27 7 14 20 29 6 14 20 30 5 14 20 31 4 14 20 33 3 14 21 4 32 14 21 5 31 14 21 6 30 14 21 7 28 14 21 8 27 14 21 9 26 14 21 10 25 14 21 11 24 14 21 12 23 14 21 13 22 14 21 14 21 14 21 15 20 14 21 16 19 14 21 17 18 14 21 18 17 14 21 19 16 14 21 20 15 14 21 21 14 14 21 22 13 14 21 23 12 14 21 24 11 14 21 25 10 14 21 26 9 14 21 27 8 14 21 28 7 14 21 30 6 14 21 31 5 14 21 32 4 14 22 4 33 14 22 5 32 14 22 6 31 14 22 7 29 14 22 8 28 14 22 9 27 14 22 10 26 14 22 11 25 14 22 12 24 14 22 13 23 14 22 14 22 14 22 15 21 14 22 16 20 14 22 17 19 14 22 18 18 14 22 19 17 14 22 20 16 14 22 21 15 14 22 22 14 14 22 23 13 14 22 24 12 14 22 25 11 14 22 26 10 14 22 27 9 14 22 28 8 14 22 29 7 14 22 31 6 14 22 32 5 14 22 33 4 14 23 5 33 14 23 6 32 14 23 7 30 14 23 8 29 14 23 9 28 14 23 10 27 14 23 11 26 14 23 12 25 14 23 13 24 14 23 14 23 14 23 15 22 14 23 16 21 14 23 17 20 14 23 18 19 14 23 19 18 14 23 20 17 14 23 21 16 14 23 22 15 14 23 23 14 14 23 24 13 14 23 25 12 14 23 26 11 14 23 27 10 14 23 28 9 14 23 29 8 14 23 30 7 14 23 32 6 14 23 33 5 14 24 6 33 14 24 7 31 14 24 8 30 14 24 9 29 14 24 10 28 14 24 11 27 14 24 12 26 14 24 13 25 14 24 14 24 14 24 15 23 14 24 16 22 14 24 17 21 14 24 18 20 14 24 19 19 14 24 20 18 14 24 21 17 14 24 22 16 14 24 23 15 14 24 24 14 14 24 25 13 14 24 26 12 14 24 27 11 14 24 28 10 14 24 29 9 14 24 30 8 14 24 31 7 14 24 33 6 14 25 7 32 14 25 8 31 14 25 9 30 14 25 10 29 14 25 11 28 14 25 12 27 14 25 13 26 14 25 14 25 14 25 15 24 14 25 16 23 14 25 17 22 14 25 18 21 14 25 19 20 14 25 20 19 14 25 21 18 14 25 22 17 14 25 23 16 14 25 24 15 14 25 25 14 14 25 26 13 14 25 27 12 14 25 28 11 14 25 29 10 14 25 30 9 14 25 31 8 14 25 32 7 14 26 7 33 14 26 8 32 14 26 9 31 14 26 10 30 14 26 11 29 14 26 12 28 14 26 13 27 14 26 14 26 14 26 15 25 14 26 16 24 14 26 17 23 14 26 18 22 14 26 19 21 14 26 20 20 14 26 21 19 14 26 22 18 14 26 23 17 14 26 24 16 14 26 25 15 14 26 26 14 14 26 27 13 14 26 28 12 14 26 29 11 14 26 30 10 14 26 31 9 14 26 32 8 14 26 33 7 14 27 8 33 14 27 9 32 14 27 10 31 14 27 11 30 14 27 12 29 14 27 13 28 14 27 14 27 14 27 15 26 14 27 16 25 14 27 17 24 14 27 18 23 14 27 19 22 14 27 20 21 14 27 21 20 14 27 22 19 14 27 23 18 14 27 24 17 14 27 25 16 14 27 26 15 14 27 27 14 14 27 28 13 14 27 29 12 14 27 30 11 14 27 31 10 14 27 32 9 14 27 33 8 14 28 9 33 14 28 10 32 14 28 11 31 14 28 12 30 14 28 13 29 14 28 14 28 14 28 15 27 14 28 16 26 14 28 17 25 14 28 18 24 14 28 19 23 14 28 20 22 14 28 21 21 14 28 22 20 14 28 23 19 14 28 24 18 14 28 25 17 14 28 26 16 14 28 27 15 14 28 28 14 14 28 29 13 14 28 30 12 14 28 31 11 14 28 32 10 14 28 33 9 14 29 10 33 14 29 11 32 14 29 12 31 14 29 13 30 14 29 14 29 14 29 15 28 14 29 16 27 14 29 17 26 14 29 18 25 14 29 19 24 14 29 20 23 14 29 21 22 14 29 22 21 14 29 23 20 14 29 24 19 14 29 25 18 14 29 26 17 14 29 27 16 14 29 28 15 14 29 29 14 14 29 30 13 14 29 31 12 14 29 32 11 14 29 33 10 14 30 11 33 14 30 12 32 14 30 13 31 14 30 14 30 14 30 15 29 14 30 16 28 14 30 17 27 14 30 18 26 14 30 19 25 14 30 20 24 14 30 21 23 14 30 22 22 14 30 23 21 14 30 24 20 14 30 25 19 14 30 26 18 14 30 27 17 14 30 28 16 14 30 29 15 14 30 30 14 14 30 31 13 14 30 32 12 14 30 33 11 14 31 12 33 14 31 13 32 14 31 14 31 14 31 15 30 14 31 16 29 14 31 17 28 14 31 18 27 14 31 19 26 14 31 20 25 14 31 21 24 14 31 22 23 14 31 23 22 14 31 24 21 14 31 25 20 14 31 26 19 14 31 27 18 14 31 28 17 14 31 29 16 14 31 30 15 14 31 31 14 14 31 32 13 14 31 33 12 14 32 13 33 14 32 14 32 14 32 15 31 14 32 16 30 14 32 17 29 14 32 18 28 14 32 19 27 14 32 20 26 14 32 21 25 14 32 22 24 14 32 23 23 14 32 24 22 14 32 25 21 14 32 26 20 14 32 27 19 14 32 28 18 14 32 29 17 14 32 30 16 14 32 31 15 14 32 32 14 14 32 33 13 14 33 14 33 14 33 15 32 14 33 16 31 14 33 17 30 14 33 18 29 14 33 19 28 14 33 20 27 14 33 21 26 14 33 22 25 14 33 23 24 14 33 24 23 14 33 25 22 14 33 26 21 14 33 27 20 14 33 28 19 14 33 29 18 14 33 30 17 14 33 31 16 14 33 32 15 14 33 33 14 



















