









































42 0 0 42 42 0 1 40 42 0 2 38 42 0 3 37 42 0 4 35 42 0 5 33 42 0 6 31 42 0 7 30 42 0 8 29 42 0 9 28 42 0 10 27 42 0 11 26 42 0 12 25 42 0 13 24 42 0 14 23 42 0 15 22 42 0 16 21 42 0 17 20 42 0 18 19 42 0 19 18 42 0 20 17 42 0 21 16 42 0 22 15 42 0 23 14 42 0 24 13 42 0 25 12 42 0 26 11 42 0 27 10 42 0 28 9 42 0 29 8 42 0 30 7 42 0 31 6 42 0 33 5 42 0 35 4 42 0 37 3 42 0 38 2 42 0 40 1 42 0 42 0 42 1 0 44 42 1 1 42 42 1 2 40 42 1 3 39 42 1 4 37 42 1 5 35 42 1 6 33 42 1 7 32 42 1 8 31 42 1 9 30 42 1 10 29 42 1 11 28 42 1 12 27 42 1 13 26 42 1 14 25 42 1 15 24 42 1 16 23 42 1 17 22 42 1 18 21 42 1 19 20 42 1 20 19 42 1 21 18 42 1 22 17 42 1 23 16 42 1 24 15 42 1 25 14 42 1 26 13 42 1 27 12 42 1 28 11 42 1 29 10 42 1 30 9 42 1 31 8 42 1 32 7 42 1 33 6 42 1 35 5 42 1 37 4 42 1 39 3 42 1 40 2 42 1 42 1 42 1 44 0 42 2 0 46 42 2 1 44 42 2 2 42 42 2 3 41 42 2 4 39 42 2 5 37 42 2 6 35 42 2 7 34 42 2 8 33 42 2 9 32 42 2 10 31 42 2 11 30 42 2 12 29 42 2 13 28 42 2 14 27 42 2 15 26 42 2 16 25 42 2 17 24 42 2 18 23 42 2 19 22 42 2 20 21 42 2 21 20 42 2 22 19 42 2 23 18 42 2 24 17 42 2 25 16 42 2 26 15 42 2 27 14 42 2 28 13 42 2 29 12 42 2 30 11 42 2 31 10 42 2 32 9 42 2 33 8 42 2 34 7 42 2 35 6 42 2 37 5 42 2 39 4 42 2 41 3 42 2 42 2 42 2 44 1 42 2 46 0 42 3 0 47 42 3 1 45 42 3 2 43 42 3 3 42 42 3 4 40 42 3 5 38 42 3 6 36 42 3 7 35 42 3 8 34 42 3 9 33 42 3 10 32 42 3 11 31 42 3 12 30 42 3 13 29 42 3 14 28 42 3 15 27 42 3 16 26 42 3 17 25 42 3 18 24 42 3 19 23 42 3 20 22 42 3 21 21 42 3 22 20 42 3 23 19 42 3 24 18 42 3 25 17 42 3 26 16 42 3 27 15 42 3 28 14 42 3 29 13 42 3 30 12 42 3 31 11 42 3 32 10 42 3 33 9 42 3 34 8 42 3 35 7 42 3 36 6 42 3 38 5 42 3 40 4 42 3 42 3 42 3 43 2 42 3 45 1 42 3 47 0 42 4 0 49 42 4 1 47 42 4 2 45 42 4 3 44 42 4 4 42 42 4 5 40 42 4 6 38 42 4 7 37 42 4 8 36 42 4 9 35 42 4 10 34 42 4 11 33 42 4 12 32 42 4 13 31 42 4 14 30 42 4 15 29 42 4 16 28 42 4 17 27 42 4 18 26 42 4 19 25 42 4 20 24 42 4 21 23 42 4 22 22 42 4 23 21 42 4 24 20 42 4 25 19 42 4 26 18 42 4 27 17 42 4 28 16 42 4 29 15 42 4 30 14 42 4 31 13 42 4 32 12 42 4 33 11 42 4 34 10 42 4 35 9 42 4 36 8 42 4 37 7 42 4 38 6 42 4 40 5 42 4 42 4 42 4 44 3 42 4 45 2 42 4 47 1 42 4 49 0 42 5 0 51 42 5 1 49 42 5 2 47 42 5 3 46 42 5 4 44 42 5 5 42 42 5 6 40 42 5 7 39 42 5 8 38 42 5 9 37 42 5 10 36 42 5 11 35 42 5 12 34 42 5 13 33 42 5 14 32 42 5 15 31 42 5 16 30 42 5 17 29 42 5 18 28 42 5 19 27 42 5 20 26 42 5 21 25 42 5 22 24 42 5 23 23 42 5 24 22 42 5 25 21 42 5 26 20 42 5 27 19 42 5 28 18 42 5 29 17 42 5 30 16 42 5 31 15 42 5 32 14 42 5 33 13 42 5 34 12 42 5 35 11 42 5 36 10 42 5 37 9 42 5 38 8 42 5 39 7 42 5 40 6 42 5 42 5 42 5 44 4 42 5 46 3 42 5 47 2 42 5 49 1 42 5 51 0 42 6 0 53 42 6 1 51 42 6 2 49 42 6 3 48 42 6 4 46 42 6 5 44 42 6 6 42 42 6 7 41 42 6 8 40 42 6 9 39 42 6 10 38 42 6 11 37 42 6 12 36 42 6 13 35 42 6 14 34 42 6 15 33 42 6 16 32 42 6 17 31 42 6 18 30 42 6 19 29 42 6 20 28 42 6 21 27 42 6 22 26 42 6 23 25 42 6 24 24 42 6 25 23 42 6 26 22 42 6 27 21 42 6 28 20 42 6 29 19 42 6 30 18 42 6 31 17 42 6 32 16 42 6 33 15 42 6 34 14 42 6 35 13 42 6 36 12 42 6 37 11 42 6 38 10 42 6 39 9 42 6 40 8 42 6 41 7 42 6 42 6 42 6 44 5 42 6 46 4 42 6 48 3 42 6 49 2 42 6 51 1 42 6 53 0 42 7 0 54 42 7 1 52 42 7 2 50 42 7 3 49 42 7 4 47 42 7 5 45 42 7 6 43 42 7 7 42 42 7 8 41 42 7 9 40 42 7 10 39 42 7 11 38 42 7 12 37 42 7 13 36 42 7 14 35 42 7 15 34 42 7 16 33 42 7 17 32 42 7 18 31 42 7 19 30 42 7 20 29 42 7 21 28 42 7 22 27 42 7 23 26 42 7 24 25 42 7 25 24 42 7 26 23 42 7 27 22 42 7 28 21 42 7 29 20 42 7 30 19 42 7 31 18 42 7 32 17 42 7 33 16 42 7 34 15 42 7 35 14 42 7 36 13 42 7 37 12 42 7 38 11 42 7 39 10 42 7 40 9 42 7 41 8 42 7 42 7 42 7 43 6 42 7 45 5 42 7 47 4 42 7 49 3 42 7 50 2 42 7 52 1 42 7 54 0 42 8 0 55 42 8 1 53 42 8 2 51 42 8 3 50 42 8 4 48 42 8 5 46 42 8 6 44 42 8 7 43 42 8 8 42 42 8 9 41 42 8 10 40 42 8 11 39 42 8 12 38 42 8 13 37 42 8 14 36 42 8 15 35 42 8 16 34 42 8 17 33 42 8 18 32 42 8 19 31 42 8 20 30 42 8 21 29 42 8 22 28 42 8 23 27 42 8 24 26 42 8 25 25 42 8 26 24 42 8 27 23 42 8 28 22 42 8 29 21 42 8 30 20 42 8 31 19 42 8 32 18 42 8 33 17 42 8 34 16 42 8 35 15 42 8 36 14 42 8 37 13 42 8 38 12 42 8 39 11 42 8 40 10 42 8 41 9 42 8 42 8 42 8 43 7 42 8 44 6 42 8 46 5 42 8 48 4 42 8 50 3 42 8 51 2 42 8 53 1 42 8 55 0 42 9 0 56 42 9 1 54 42 9 2 52 42 9 3 51 42 9 4 49 42 9 5 47 42 9 6 45 42 9 7 44 42 9 8 43 42 9 9 42 42 9 10 41 42 9 11 40 42 9 12 39 42 9 13 38 42 9 14 37 42 9 15 36 42 9 16 35 42 9 17 34 42 9 18 33 42 9 19 32 42 9 20 31 42 9 21 30 42 9 22 29 42 9 23 28 42 9 24 27 42 9 25 26 42 9 26 25 42 9 27 24 42 9 28 23 42 9 29 22 42 9 30 21 42 9 31 20 42 9 32 19 42 9 33 18 42 9 34 17 42 9 35 16 42 9 36 15 42 9 37 14 42 9 38 13 42 9 39 12 42 9 40 11 42 9 41 10 42 9 42 9 42 9 43 8 42 9 44 7 42 9 45 6 42 9 47 5 42 9 49 4 42 9 51 3 42 9 52 2 42 9 54 1 42 9 56 0 42 10 0 57 42 10 1 55 42 10 2 53 42 10 3 52 42 10 4 50 42 10 5 48 42 10 6 46 42 10 7 45 42 10 8 44 42 10 9 43 42 10 10 42 42 10 11 41 42 10 12 40 42 10 13 39 42 10 14 38 42 10 15 37 42 10 16 36 42 10 17 35 42 10 18 34 42 10 19 33 42 10 20 32 42 10 21 31 42 10 22 30 42 10 23 29 42 10 24 28 42 10 25 27 42 10 26 26 42 10 27 25 42 10 28 24 42 10 29 23 42 10 30 22 42 10 31 21 42 10 32 20 42 10 33 19 42 10 34 18 42 10 35 17 42 10 36 16 42 10 37 15 42 10 38 14 42 10 39 13 42 10 40 12 42 10 41 11 42 10 42 10 42 10 43 9 42 10 44 8 42 10 45 7 42 10 46 6 42 10 48 5 42 10 50 4 42 10 52 3 42 10 53 2 42 10 55 1 42 10 57 0 42 11 0 58 42 11 1 56 42 11 2 54 42 11 3 53 42 11 4 51 42 11 5 49 42 11 6 47 42 11 7 46 42 11 8 45 42 11 9 44 42 11 10 43 42 11 11 42 42 11 12 41 42 11 13 40 42 11 14 39 42 11 15 38 42 11 16 37 42 11 17 36 42 11 18 35 42 11 19 34 42 11 20 33 42 11 21 32 42 11 22 31 42 11 23 30 42 11 24 29 42 11 25 28 42 11 26 27 42 11 27 26 42 11 28 25 42 11 29 24 42 11 30 23 42 11 31 22 42 11 32 21 42 11 33 20 42 11 34 19 42 11 35 18 42 11 36 17 42 11 37 16 42 11 38 15 42 11 39 14 42 11 40 13 42 11 41 12 42 11 42 11 42 11 43 10 42 11 44 9 42 11 45 8 42 11 46 7 42 11 47 6 42 11 49 5 42 11 51 4 42 11 53 3 42 11 54 2 42 11 56 1 42 11 58 0 42 12 1 57 42 12 2 55 42 12 3 54 42 12 4 52 42 12 5 50 42 12 6 48 42 12 7 47 42 12 8 46 42 12 9 45 42 12 10 44 42 12 11 43 42 12 12 42 42 12 13 41 42 12 14 40 42 12 15 39 42 12 16 38 42 12 17 37 42 12 18 36 42 12 19 35 42 12 20 34 42 12 21 33 42 12 22 32 42 12 23 31 42 12 24 30 42 12 25 29 42 12 26 28 42 12 27 27 42 12 28 26 42 12 29 25 42 12 30 24 42 12 31 23 42 12 32 22 42 12 33 21 42 12 34 20 42 12 35 19 42 12 36 18 42 12 37 17 42 12 38 16 42 12 39 15 42 12 40 14 42 12 41 13 42 12 42 12 42 12 43 11 42 12 44 10 42 12 45 9 42 12 46 8 42 12 47 7 42 12 48 6 42 12 50 5 42 12 52 4 42 12 54 3 42 12 55 2 42 12 57 1 42 13 1 58 42 13 2 56 42 13 3 55 42 13 4 53 42 13 5 51 42 13 6 49 42 13 7 48 42 13 8 47 42 13 9 46 42 13 10 45 42 13 11 44 42 13 12 43 42 13 13 42 42 13 14 41 42 13 15 40 42 13 16 39 42 13 17 38 42 13 18 37 42 13 19 36 42 13 20 35 42 13 21 34 42 13 22 33 42 13 23 32 42 13 24 31 42 13 25 30 42 13 26 29 42 13 27 28 42 13 28 27 42 13 29 26 42 13 30 25 42 13 31 24 42 13 32 23 42 13 33 22 42 13 34 21 42 13 35 20 42 13 36 19 42 13 37 18 42 13 38 17 42 13 39 16 42 13 40 15 42 13 41 14 42 13 42 13 42 13 43 12 42 13 44 11 42 13 45 10 42 13 46 9 42 13 47 8 42 13 48 7 42 13 49 6 42 13 51 5 42 13 53 4 42 13 55 3 42 13 56 2 42 13 58 1 42 14 1 59 42 14 2 57 42 14 3 56 42 14 4 54 42 14 5 52 42 14 6 50 42 14 7 49 42 14 8 48 42 14 9 47 42 14 10 46 42 14 11 45 42 14 12 44 42 14 13 43 42 14 14 42 42 14 15 41 42 14 16 40 42 14 17 39 42 14 18 38 42 14 19 37 42 14 20 36 42 14 21 35 42 14 22 34 42 14 23 33 42 14 24 32 42 14 25 31 42 14 26 30 42 14 27 29 42 14 28 28 42 14 29 27 42 14 30 26 42 14 31 25 42 14 32 24 42 14 33 23 42 14 34 22 42 14 35 21 42 14 36 20 42 14 37 19 42 14 38 18 42 14 39 17 42 14 40 16 42 14 41 15 42 14 42 14 42 14 43 13 42 14 44 12 42 14 45 11 42 14 46 10 42 14 47 9 42 14 48 8 42 14 49 7 42 14 50 6 42 14 52 5 42 14 54 4 42 14 56 3 42 14 57 2 42 14 59 1 42 15 1 60 42 15 2 58 42 15 3 57 42 15 4 55 42 15 5 53 42 15 6 51 42 15 7 50 42 15 8 49 42 15 9 48 42 15 10 47 42 15 11 46 42 15 12 45 42 15 13 44 42 15 14 43 42 15 15 42 42 15 16 41 42 15 17 40 42 15 18 39 42 15 19 38 42 15 20 37 42 15 21 36 42 15 22 35 42 15 23 34 42 15 24 33 42 15 25 32 42 15 26 31 42 15 27 30 42 15 28 29 42 15 29 28 42 15 30 27 42 15 31 26 42 15 32 25 42 15 33 24 42 15 34 23 42 15 35 22 42 15 36 21 42 15 37 20 42 15 38 19 42 15 39 18 42 15 40 17 42 15 41 16 42 15 42 15 42 15 43 14 42 15 44 13 42 15 45 12 42 15 46 11 42 15 47 10 42 15 48 9 42 15 49 8 42 15 50 7 42 15 51 6 42 15 53 5 42 15 55 4 42 15 57 3 42 15 58 2 42 15 60 1 42 16 1 61 42 16 2 59 42 16 3 58 42 16 4 56 42 16 5 54 42 16 6 52 42 16 7 51 42 16 8 50 42 16 9 49 42 16 10 48 42 16 11 47 42 16 12 46 42 16 13 45 42 16 14 44 42 16 15 43 42 16 16 42 42 16 17 41 42 16 18 40 42 16 19 39 42 16 20 38 42 16 21 37 42 16 22 36 42 16 23 35 42 16 24 34 42 16 25 33 42 16 26 32 42 16 27 31 42 16 28 30 42 16 29 29 42 16 30 28 42 16 31 27 42 16 32 26 42 16 33 25 42 16 34 24 42 16 35 23 42 16 36 22 42 16 37 21 42 16 38 20 42 16 39 19 42 16 40 18 42 16 41 17 42 16 42 16 42 16 43 15 42 16 44 14 42 16 45 13 42 16 46 12 42 16 47 11 42 16 48 10 42 16 49 9 42 16 50 8 42 16 51 7 42 16 52 6 42 16 54 5 42 16 56 4 42 16 58 3 42 16 59 2 42 16 61 1 42 17 1 62 42 17 2 60 42 17 3 59 42 17 4 57 42 17 5 55 42 17 6 53 42 17 7 52 42 17 8 51 42 17 9 50 42 17 10 49 42 17 11 48 42 17 12 47 42 17 13 46 42 17 14 45 42 17 15 44 42 17 16 43 42 17 17 42 42 17 18 41 42 17 19 40 42 17 20 39 42 17 21 38 42 17 22 37 42 17 23 36 42 17 24 35 42 17 25 34 42 17 26 33 42 17 27 32 42 17 28 31 42 17 29 30 42 17 30 29 42 17 31 28 42 17 32 27 42 17 33 26 42 17 34 25 42 17 35 24 42 17 36 23 42 17 37 22 42 17 38 21 42 17 39 20 42 17 40 19 42 17 41 18 42 17 42 17 42 17 43 16 42 17 44 15 42 17 45 14 42 17 46 13 42 17 47 12 42 17 48 11 42 17 49 10 42 17 50 9 42 17 51 8 42 17 52 7 42 17 53 6 42 17 55 5 42 17 57 4 42 17 59 3 42 17 60 2 42 17 62 1 42 18 1 63 42 18 2 61 42 18 3 60 42 18 4 58 42 18 5 56 42 18 6 54 42 18 7 53 42 18 8 52 42 18 9 51 42 18 10 50 42 18 11 49 42 18 12 48 42 18 13 47 42 18 14 46 42 18 15 45 42 18 16 44 42 18 17 43 42 18 18 42 42 18 19 41 42 18 20 40 42 18 21 39 42 18 22 38 42 18 23 37 42 18 24 36 42 18 25 35 42 18 26 34 42 18 27 33 42 18 28 32 42 18 29 31 42 18 30 30 42 18 31 29 42 18 32 28 42 18 33 27 42 18 34 26 42 18 35 25 42 18 36 24 42 18 37 23 42 18 38 22 42 18 39 21 42 18 40 20 42 18 41 19 42 18 42 18 42 18 43 17 42 18 44 16 42 18 45 15 42 18 46 14 42 18 47 13 42 18 48 12 42 18 49 11 42 18 50 10 42 18 51 9 42 18 52 8 42 18 53 7 42 18 54 6 42 18 56 5 42 18 58 4 42 18 60 3 42 18 61 2 42 18 63 1 42 19 1 64 42 19 2 62 42 19 3 61 42 19 4 59 42 19 5 57 42 19 6 55 42 19 7 54 42 19 8 53 42 19 9 52 42 19 10 51 42 19 11 50 42 19 12 49 42 19 13 48 42 19 14 47 42 19 15 46 42 19 16 45 42 19 17 44 42 19 18 43 42 19 19 42 42 19 20 41 42 19 21 40 42 19 22 39 42 19 23 38 42 19 24 37 42 19 25 36 42 19 26 35 42 19 27 34 42 19 28 33 42 19 29 32 42 19 30 31 42 19 31 30 42 19 32 29 42 19 33 28 42 19 34 27 42 19 35 26 42 19 36 25 42 19 37 24 42 19 38 23 42 19 39 22 42 19 40 21 42 19 41 20 42 19 42 19 42 19 43 18 42 19 44 17 42 19 45 16 42 19 46 15 42 19 47 14 42 19 48 13 42 19 49 12 42 19 50 11 42 19 51 10 42 19 52 9 42 19 53 8 42 19 54 7 42 19 55 6 42 19 57 5 42 19 59 4 42 19 61 3 42 19 62 2 42 19 64 1 42 20 1 65 42 20 2 63 42 20 3 62 42 20 4 60 42 20 5 58 42 20 6 56 42 20 7 55 42 20 8 54 42 20 9 53 42 20 10 52 42 20 11 51 42 20 12 50 42 20 13 49 42 20 14 48 42 20 15 47 42 20 16 46 42 20 17 45 42 20 18 44 42 20 19 43 42 20 20 42 42 20 21 41 42 20 22 40 42 20 23 39 42 20 24 38 42 20 25 37 42 20 26 36 42 20 27 35 42 20 28 34 42 20 29 33 42 20 30 32 42 20 31 31 42 20 32 30 42 20 33 29 42 20 34 28 42 20 35 27 42 20 36 26 42 20 37 25 42 20 38 24 42 20 39 23 42 20 40 22 42 20 41 21 42 20 42 20 42 20 43 19 42 20 44 18 42 20 45 17 42 20 46 16 42 20 47 15 42 20 48 14 42 20 49 13 42 20 50 12 42 20 51 11 42 20 52 10 42 20 53 9 42 20 54 8 42 20 55 7 42 20 56 6 42 20 58 5 42 20 60 4 42 20 62 3 42 20 63 2 42 20 65 1 42 21 1 66 42 21 2 64 42 21 3 63 42 21 4 61 42 21 5 59 42 21 6 57 42 21 7 56 42 21 8 55 42 21 9 54 42 21 10 53 42 21 11 52 42 21 12 51 42 21 13 50 42 21 14 49 42 21 15 48 42 21 16 47 42 21 17 46 42 21 18 45 42 21 19 44 42 21 20 43 42 21 21 42 42 21 22 41 42 21 23 40 42 21 24 39 42 21 25 38 42 21 26 37 42 21 27 36 42 21 28 35 42 21 29 34 42 21 30 33 42 21 31 32 42 21 32 31 42 21 33 30 42 21 34 29 42 21 35 28 42 21 36 27 42 21 37 26 42 21 38 25 42 21 39 24 42 21 40 23 42 21 41 22 42 21 42 21 42 21 43 20 42 21 44 19 42 21 45 18 42 21 46 17 42 21 47 16 42 21 48 15 42 21 49 14 42 21 50 13 42 21 51 12 42 21 52 11 42 21 53 10 42 21 54 9 42 21 55 8 42 21 56 7 42 21 57 6 42 21 59 5 42 21 61 4 42 21 63 3 42 21 64 2 42 21 66 1 42 22 1 67 42 22 2 65 42 22 3 64 42 22 4 62 42 22 5 60 42 22 6 58 42 22 7 57 42 22 8 56 42 22 9 55 42 22 10 54 42 22 11 53 42 22 12 52 42 22 13 51 42 22 14 50 42 22 15 49 42 22 16 48 42 22 17 47 42 22 18 46 42 22 19 45 42 22 20 44 42 22 21 43 42 22 22 42 42 22 23 41 42 22 24 40 42 22 25 39 42 22 26 38 42 22 27 37 42 22 28 36 42 22 29 35 42 22 30 34 42 22 31 33 42 22 32 32 42 22 33 31 42 22 34 30 42 22 35 29 42 22 36 28 42 22 37 27 42 22 38 26 42 22 39 25 42 22 40 24 42 22 41 23 42 22 42 22 42 22 43 21 42 22 44 20 42 22 45 19 42 22 46 18 42 22 47 17 42 22 48 16 42 22 49 15 42 22 50 14 42 22 51 13 42 22 52 12 42 22 53 11 42 22 54 10 42 22 55 9 42 22 56 8 42 22 57 7 42 22 58 6 42 22 60 5 42 22 62 4 42 22 64 3 42 22 65 2 42 22 67 1 42 23 2 66 42 23 3 65 42 23 4 63 42 23 5 61 42 23 6 59 42 23 7 58 42 23 8 57 42 23 9 56 42 23 10 55 42 23 11 54 42 23 12 53 42 23 13 52 42 23 14 51 42 23 15 50 42 23 16 49 42 23 17 48 42 23 18 47 42 23 19 46 42 23 20 45 42 23 21 44 42 23 22 43 42 23 23 42 42 23 24 41 42 23 25 40 42 23 26 39 42 23 27 38 42 23 28 37 42 23 29 36 42 23 30 35 42 23 31 34 42 23 32 33 42 23 33 32 42 23 34 31 42 23 35 30 42 23 36 29 42 23 37 28 42 23 38 27 42 23 39 26 42 23 40 25 42 23 41 24 42 23 42 23 42 23 43 22 42 23 44 21 42 23 45 20 42 23 46 19 42 23 47 18 42 23 48 17 42 23 49 16 42 23 50 15 42 23 51 14 42 23 52 13 42 23 53 12 42 23 54 11 42 23 55 10 42 23 56 9 42 23 57 8 42 23 58 7 42 23 59 6 42 23 61 5 42 23 63 4 42 23 65 3 42 23 66 2 42 24 2 67 42 24 3 66 42 24 4 64 42 24 5 62 42 24 6 60 42 24 7 59 42 24 8 58 42 24 9 57 42 24 10 56 42 24 11 55 42 24 12 54 42 24 13 53 42 24 14 52 42 24 15 51 42 24 16 50 42 24 17 49 42 24 18 48 42 24 19 47 42 24 20 46 42 24 21 45 42 24 22 44 42 24 23 43 42 24 24 42 42 24 25 41 42 24 26 40 42 24 27 39 42 24 28 38 42 24 29 37 42 24 30 36 42 24 31 35 42 24 32 34 42 24 33 33 42 24 34 32 42 24 35 31 42 24 36 30 42 24 37 29 42 24 38 28 42 24 39 27 42 24 40 26 42 24 41 25 42 24 42 24 42 24 43 23 42 24 44 22 42 24 45 21 42 24 46 20 42 24 47 19 42 24 48 18 42 24 49 17 42 24 50 16 42 24 51 15 42 24 52 14 42 24 53 13 42 24 54 12 42 24 55 11 42 24 56 10 42 24 57 9 42 24 58 8 42 24 59 7 42 24 60 6 42 24 62 5 42 24 64 4 42 24 66 3 42 24 67 2 42 25 2 68 42 25 3 67 42 25 4 65 42 25 5 63 42 25 6 61 42 25 7 60 42 25 8 59 42 25 9 58 42 25 10 57 42 25 11 56 42 25 12 55 42 25 13 54 42 25 14 53 42 25 15 52 42 25 16 51 42 25 17 50 42 25 18 49 42 25 19 48 42 25 20 47 42 25 21 46 42 25 22 45 42 25 23 44 42 25 24 43 42 25 25 42 42 25 26 41 42 25 27 40 42 25 28 39 42 25 29 38 42 25 30 37 42 25 31 36 42 25 32 35 42 25 33 34 42 25 34 33 42 25 35 32 42 25 36 31 42 25 37 30 42 25 38 29 42 25 39 28 42 25 40 27 42 25 41 26 42 25 42 25 42 25 43 24 42 25 44 23 42 25 45 22 42 25 46 21 42 25 47 20 42 25 48 19 42 25 49 18 42 25 50 17 42 25 51 16 42 25 52 15 42 25 53 14 42 25 54 13 42 25 55 12 42 25 56 11 42 25 57 10 42 25 58 9 42 25 59 8 42 25 60 7 42 25 61 6 42 25 63 5 42 25 65 4 42 25 67 3 42 25 68 2 42 26 2 69 42 26 3 68 42 26 4 66 42 26 5 64 42 26 6 62 42 26 7 61 42 26 8 60 42 26 9 59 42 26 10 58 42 26 11 57 42 26 12 56 42 26 13 55 42 26 14 54 42 26 15 53 42 26 16 52 42 26 17 51 42 26 18 50 42 26 19 49 42 26 20 48 42 26 21 47 42 26 22 46 42 26 23 45 42 26 24 44 42 26 25 43 42 26 26 42 42 26 27 41 42 26 28 40 42 26 29 39 42 26 30 38 42 26 31 37 42 26 32 36 42 26 33 35 42 26 34 34 42 26 35 33 42 26 36 32 42 26 37 31 42 26 38 30 42 26 39 29 42 26 40 28 42 26 41 27 42 26 42 26 42 26 43 25 42 26 44 24 42 26 45 23 42 26 46 22 42 26 47 21 42 26 48 20 42 26 49 19 42 26 50 18 42 26 51 17 42 26 52 16 42 26 53 15 42 26 54 14 42 26 55 13 42 26 56 12 42 26 57 11 42 26 58 10 42 26 59 9 42 26 60 8 42 26 61 7 42 26 62 6 42 26 64 5 42 26 66 4 42 26 68 3 42 26 69 2 42 27 2 70 42 27 3 69 42 27 4 67 42 27 5 65 42 27 6 63 42 27 7 62 42 27 8 61 42 27 9 60 42 27 10 59 42 27 11 58 42 27 12 57 42 27 13 56 42 27 14 55 42 27 15 54 42 27 16 53 42 27 17 52 42 27 18 51 42 27 19 50 42 27 20 49 42 27 21 48 42 27 22 47 42 27 23 46 42 27 24 45 42 27 25 44 42 27 26 43 42 27 27 42 42 27 28 41 42 27 29 40 42 27 30 39 42 27 31 38 42 27 32 37 42 27 33 36 42 27 34 35 42 27 35 34 42 27 36 33 42 27 37 32 42 27 38 31 42 27 39 30 42 27 40 29 42 27 41 28 42 27 42 27 42 27 43 26 42 27 44 25 42 27 45 24 42 27 46 23 42 27 47 22 42 27 48 21 42 27 49 20 42 27 50 19 42 27 51 18 42 27 52 17 42 27 53 16 42 27 54 15 42 27 55 14 42 27 56 13 42 27 57 12 42 27 58 11 42 27 59 10 42 27 60 9 42 27 61 8 42 27 62 7 42 27 63 6 42 27 65 5 42 27 67 4 42 27 69 3 42 27 70 2 42 28 2 71 42 28 3 70 42 28 4 68 42 28 5 66 42 28 6 64 42 28 7 63 42 28 8 62 42 28 9 61 42 28 10 60 42 28 11 59 42 28 12 58 42 28 13 57 42 28 14 56 42 28 15 55 42 28 16 54 42 28 17 53 42 28 18 52 42 28 19 51 42 28 20 50 42 28 21 49 42 28 22 48 42 28 23 47 42 28 24 46 42 28 25 45 42 28 26 44 42 28 27 43 42 28 28 42 42 28 29 41 42 28 30 40 42 28 31 39 42 28 32 38 42 28 33 37 42 28 34 36 42 28 35 35 42 28 36 34 42 28 37 33 42 28 38 32 42 28 39 31 42 28 40 30 42 28 41 29 42 28 42 28 42 28 43 27 42 28 44 26 42 28 45 25 42 28 46 24 42 28 47 23 42 28 48 22 42 28 49 21 42 28 50 20 42 28 51 19 42 28 52 18 42 28 53 17 42 28 54 16 42 28 55 15 42 28 56 14 42 28 57 13 42 28 58 12 42 28 59 11 42 28 60 10 42 28 61 9 42 28 62 8 42 28 63 7 42 28 64 6 42 28 66 5 42 28 68 4 42 28 70 3 42 28 71 2 42 29 3 71 42 29 4 69 42 29 5 67 42 29 6 65 42 29 7 64 42 29 8 63 42 29 9 62 42 29 10 61 42 29 11 60 42 29 12 59 42 29 13 58 42 29 14 57 42 29 15 56 42 29 16 55 42 29 17 54 42 29 18 53 42 29 19 52 42 29 20 51 42 29 21 50 42 29 22 49 42 29 23 48 42 29 24 47 42 29 25 46 42 29 26 45 42 29 27 44 42 29 28 43 42 29 29 42 42 29 30 41 42 29 31 40 42 29 32 39 42 29 33 38 42 29 34 37 42 29 35 36 42 29 36 35 42 29 37 34 42 29 38 33 42 29 39 32 42 29 40 31 42 29 41 30 42 29 42 29 42 29 43 28 42 29 44 27 42 29 45 26 42 29 46 25 42 29 47 24 42 29 48 23 42 29 49 22 42 29 50 21 42 29 51 20 42 29 52 19 42 29 53 18 42 29 54 17 42 29 55 16 42 29 56 15 42 29 57 14 42 29 58 13 42 29 59 12 42 29 60 11 42 29 61 10 42 29 62 9 42 29 63 8 42 29 64 7 42 29 65 6 42 29 67 5 42 29 69 4 42 29 71 3 42 30 3 72 42 30 4 70 42 30 5 68 42 30 6 66 42 30 7 65 42 30 8 64 42 30 9 63 42 30 10 62 42 30 11 61 42 30 12 60 42 30 13 59 42 30 14 58 42 30 15 57 42 30 16 56 42 30 17 55 42 30 18 54 42 30 19 53 42 30 20 52 42 30 21 51 42 30 22 50 42 30 23 49 42 30 24 48 42 30 25 47 42 30 26 46 42 30 27 45 42 30 28 44 42 30 29 43 42 30 30 42 42 30 31 41 42 30 32 40 42 30 33 39 42 30 34 38 42 30 35 37 42 30 36 36 42 30 37 35 42 30 38 34 42 30 39 33 42 30 40 32 42 30 41 31 42 30 42 30 42 30 43 29 42 30 44 28 42 30 45 27 42 30 46 26 42 30 47 25 42 30 48 24 42 30 49 23 42 30 50 22 42 30 51 21 42 30 52 20 42 30 53 19 42 30 54 18 42 30 55 17 42 30 56 16 42 30 57 15 42 30 58 14 42 30 59 13 42 30 60 12 42 30 61 11 42 30 62 10 42 30 63 9 42 30 64 8 42 30 65 7 42 30 66 6 42 30 68 5 42 30 70 4 42 30 72 3 42 31 3 73 42 31 4 71 42 31 5 69 42 31 6 67 42 31 7 66 42 31 8 65 42 31 9 64 42 31 10 63 42 31 11 62 42 31 12 61 42 31 13 60 42 31 14 59 42 31 15 58 42 31 16 57 42 31 17 56 42 31 18 55 42 31 19 54 42 31 20 53 42 31 21 52 42 31 22 51 42 31 23 50 42 31 24 49 42 31 25 48 42 31 26 47 42 31 27 46 42 31 28 45 42 31 29 44 42 31 30 43 42 31 31 42 42 31 32 41 42 31 33 40 42 31 34 39 42 31 35 38 42 31 36 37 42 31 37 36 42 31 38 35 42 31 39 34 42 31 40 33 42 31 41 32 42 31 42 31 42 31 43 30 42 31 44 29 42 31 45 28 42 31 46 27 42 31 47 26 42 31 48 25 42 31 49 24 42 31 50 23 42 31 51 22 42 31 52 21 42 31 53 20 42 31 54 19 42 31 55 18 42 31 56 17 42 31 57 16 42 31 58 15 42 31 59 14 42 31 60 13 42 31 61 12 42 31 62 11 42 31 63 10 42 31 64 9 42 31 65 8 42 31 66 7 42 31 67 6 42 31 69 5 42 31 71 4 42 31 73 3 42 32 4 72 42 32 5 70 42 32 6 68 42 32 7 67 42 32 8 66 42 32 9 65 42 32 10 64 42 32 11 63 42 32 12 62 42 32 13 61 42 32 14 60 42 32 15 59 42 32 16 58 42 32 17 57 42 32 18 56 42 32 19 55 42 32 20 54 42 32 21 53 42 32 22 52 42 32 23 51 42 32 24 50 42 32 25 49 42 32 26 48 42 32 27 47 42 32 28 46 42 32 29 45 42 32 30 44 42 32 31 43 42 32 32 42 42 32 33 41 42 32 34 40 42 32 35 39 42 32 36 38 42 32 37 37 42 32 38 36 42 32 39 35 42 32 40 34 42 32 41 33 42 32 42 32 42 32 43 31 42 32 44 30 42 32 45 29 42 32 46 28 42 32 47 27 42 32 48 26 42 32 49 25 42 32 50 24 42 32 51 23 42 32 52 22 42 32 53 21 42 32 54 20 42 32 55 19 42 32 56 18 42 32 57 17 42 32 58 16 42 32 59 15 42 32 60 14 42 32 61 13 42 32 62 12 42 32 63 11 42 32 64 10 42 32 65 9 42 32 66 8 42 32 67 7 42 32 68 6 42 32 70 5 42 32 72 4 42 33 4 73 42 33 5 71 42 33 6 69 42 33 7 68 42 33 8 67 42 33 9 66 42 33 10 65 42 33 11 64 42 33 12 63 42 33 13 62 42 33 14 61 42 33 15 60 42 33 16 59 42 33 17 58 42 33 18 57 42 33 19 56 42 33 20 55 42 33 21 54 42 33 22 53 42 33 23 52 42 33 24 51 42 33 25 50 42 33 26 49 42 33 27 48 42 33 28 47 42 33 29 46 42 33 30 45 42 33 31 44 42 33 32 43 42 33 33 42 42 33 34 41 42 33 35 40 42 33 36 39 42 33 37 38 42 33 38 37 42 33 39 36 42 33 40 35 42 33 41 34 42 33 42 33 42 33 43 32 42 33 44 31 42 33 45 30 42 33 46 29 42 33 47 28 42 33 48 27 42 33 49 26 42 33 50 25 42 33 51 24 42 33 52 23 42 33 53 22 42 33 54 21 42 33 55 20 42 33 56 19 42 33 57 18 42 33 58 17 42 33 59 16 42 33 60 15 42 33 61 14 42 33 62 13 42 33 63 12 42 33 64 11 42 33 65 10 42 33 66 9 42 33 67 8 42 33 68 7 42 33 69 6 42 33 71 5 42 33 73 4 42 34 4 74 42 34 5 72 42 34 6 70 42 34 7 69 42 34 8 68 42 34 9 67 42 34 10 66 42 34 11 65 42 34 12 64 42 34 13 63 42 34 14 62 42 34 15 61 42 34 16 60 42 34 17 59 42 34 18 58 42 34 19 57 42 34 20 56 42 34 21 55 42 34 22 54 42 34 23 53 42 34 24 52 42 34 25 51 42 34 26 50 42 34 27 49 42 34 28 48 42 34 29 47 42 34 30 46 42 34 31 45 42 34 32 44 42 34 33 43 42 34 34 42 42 34 35 41 42 34 36 40 42 34 37 39 42 34 38 38 42 34 39 37 42 34 40 36 42 34 41 35 42 34 42 34 42 34 43 33 42 34 44 32 42 34 45 31 42 34 46 30 42 34 47 29 42 34 48 28 42 34 49 27 42 34 50 26 42 34 51 25 42 34 52 24 42 34 53 23 42 34 54 22 42 34 55 21 42 34 56 20 42 34 57 19 42 34 58 18 42 34 59 17 42 34 60 16 42 34 61 15 42 34 62 14 42 34 63 13 42 34 64 12 42 34 65 11 42 34 66 10 42 34 67 9 42 34 68 8 42 34 69 7 42 34 70 6 42 34 72 5 42 34 74 4 42 35 4 75 42 35 5 73 42 35 6 71 42 35 7 70 42 35 8 69 42 35 9 68 42 35 10 67 42 35 11 66 42 35 12 65 42 35 13 64 42 35 14 63 42 35 15 62 42 35 16 61 42 35 17 60 42 35 18 59 42 35 19 58 42 35 20 57 42 35 21 56 42 35 22 55 42 35 23 54 42 35 24 53 42 35 25 52 42 35 26 51 42 35 27 50 42 35 28 49 42 35 29 48 42 35 30 47 42 35 31 46 42 35 32 45 42 35 33 44 42 35 34 43 42 35 35 42 42 35 36 41 42 35 37 40 42 35 38 39 42 35 39 38 42 35 40 37 42 35 41 36 42 35 42 35 42 35 43 34 42 35 44 33 42 35 45 32 42 35 46 31 42 35 47 30 42 35 48 29 42 35 49 28 42 35 50 27 42 35 51 26 42 35 52 25 42 35 53 24 42 35 54 23 42 35 55 22 42 35 56 21 42 35 57 20 42 35 58 19 42 35 59 18 42 35 60 17 42 35 61 16 42 35 62 15 42 35 63 14 42 35 64 13 42 35 65 12 42 35 66 11 42 35 67 10 42 35 68 9 42 35 69 8 42 35 70 7 42 35 71 6 42 35 73 5 42 35 75 4 42 36 4 76 42 36 5 74 42 36 6 72 42 36 7 71 42 36 8 70 42 36 9 69 42 36 10 68 42 36 11 67 42 36 12 66 42 36 13 65 42 36 14 64 42 36 15 63 42 36 16 62 42 36 17 61 42 36 18 60 42 36 19 59 42 36 20 58 42 36 21 57 42 36 22 56 42 36 23 55 42 36 24 54 42 36 25 53 42 36 26 52 42 36 27 51 42 36 28 50 42 36 29 49 42 36 30 48 42 36 31 47 42 36 32 46 42 36 33 45 42 36 34 44 42 36 35 43 42 36 36 42 42 36 37 41 42 36 38 40 42 36 39 39 42 36 40 38 42 36 41 37 42 36 42 36 42 36 43 35 42 36 44 34 42 36 45 33 42 36 46 32 42 36 47 31 42 36 48 30 42 36 49 29 42 36 50 28 42 36 51 27 42 36 52 26 42 36 53 25 42 36 54 24 42 36 55 23 42 36 56 22 42 36 57 21 42 36 58 20 42 36 59 19 42 36 60 18 42 36 61 17 42 36 62 16 42 36 63 15 42 36 64 14 42 36 65 13 42 36 66 12 42 36 67 11 42 36 68 10 42 36 69 9 42 36 70 8 42 36 71 7 42 36 72 6 42 36 74 5 42 36 76 4 42 37 5 75 42 37 6 73 42 37 7 72 42 37 8 71 42 37 9 70 42 37 10 69 42 37 11 68 42 37 12 67 42 37 13 66 42 37 14 65 42 37 15 64 42 37 16 63 42 37 17 62 42 37 18 61 42 37 19 60 42 37 20 59 42 37 21 58 42 37 22 57 42 37 23 56 42 37 24 55 42 37 25 54 42 37 26 53 42 37 27 52 42 37 28 51 42 37 29 50 42 37 30 49 42 37 31 48 42 37 32 47 42 37 33 46 42 37 34 45 42 37 35 44 42 37 36 43 42 37 37 42 42 37 38 41 42 37 39 40 42 37 40 39 42 37 41 38 42 37 42 37 42 37 43 36 42 37 44 35 42 37 45 34 42 37 46 33 42 37 47 32 42 37 48 31 42 37 49 30 42 37 50 29 42 37 51 28 42 37 52 27 42 37 53 26 42 37 54 25 42 37 55 24 42 37 56 23 42 37 57 22 42 37 58 21 42 37 59 20 42 37 60 19 42 37 61 18 42 37 62 17 42 37 63 16 42 37 64 15 42 37 65 14 42 37 66 13 42 37 67 12 42 37 68 11 42 37 69 10 42 37 70 9 42 37 71 8 42 37 72 7 42 37 73 6 42 37 75 5 42 38 5 76 42 38 6 74 42 38 7 73 42 38 8 72 42 38 9 71 42 38 10 70 42 38 11 69 42 38 12 68 42 38 13 67 42 38 14 66 42 38 15 65 42 38 16 64 42 38 17 63 42 38 18 62 42 38 19 61 42 38 20 60 42 38 21 59 42 38 22 58 42 38 23 57 42 38 24 56 42 38 25 55 42 38 26 54 42 38 27 53 42 38 28 52 42 38 29 51 42 38 30 50 42 38 31 49 42 38 32 48 42 38 33 47 42 38 34 46 42 38 35 45 42 38 36 44 42 38 37 43 42 38 38 42 42 38 39 41 42 38 40 40 42 38 41 39 42 38 42 38 42 38 43 37 42 38 44 36 42 38 45 35 42 38 46 34 42 38 47 33 42 38 48 32 42 38 49 31 42 38 50 30 42 38 51 29 42 38 52 28 42 38 53 27 42 38 54 26 42 38 55 25 42 38 56 24 42 38 57 23 42 38 58 22 42 38 59 21 42 38 60 20 42 38 61 19 42 38 62 18 42 38 63 17 42 38 64 16 42 38 65 15 42 38 66 14 42 38 67 13 42 38 68 12 42 38 69 11 42 38 70 10 42 38 71 9 42 38 72 8 42 38 73 7 42 38 74 6 42 38 76 5 42 39 5 77 42 39 6 75 42 39 7 74 42 39 8 73 42 39 9 72 42 39 10 71 42 39 11 70 42 39 12 69 42 39 13 68 42 39 14 67 42 39 15 66 42 39 16 65 42 39 17 64 42 39 18 63 42 39 19 62 42 39 20 61 42 39 21 60 42 39 22 59 42 39 23 58 42 39 24 57 42 39 25 56 42 39 26 55 42 39 27 54 42 39 28 53 42 39 29 52 42 39 30 51 42 39 31 50 42 39 32 49 42 39 33 48 42 39 34 47 42 39 35 46 42 39 36 45 42 39 37 44 42 39 38 43 42 39 39 42 42 39 40 41 42 39 41 40 42 39 42 39 42 39 43 38 42 39 44 37 42 39 45 36 42 39 46 35 42 39 47 34 42 39 48 33 42 39 49 32 42 39 50 31 42 39 51 30 42 39 52 29 42 39 53 28 42 39 54 27 42 39 55 26 42 39 56 25 42 39 57 24 42 39 58 23 42 39 59 22 42 39 60 21 42 39 61 20 42 39 62 19 42 39 63 18 42 39 64 17 42 39 65 16 42 39 66 15 42 39 67 14 42 39 68 13 42 39 69 12 42 39 70 11 42 39 71 10 42 39 72 9 42 39 73 8 42 39 74 7 42 39 75 6 42 39 77 5 42 40 5 78 42 40 6 76 42 40 7 75 42 40 8 74 42 40 9 73 42 40 10 72 42 40 11 71 42 40 12 70 42 40 13 69 42 40 14 68 42 40 15 67 42 40 16 66 42 40 17 65 42 40 18 64 42 40 19 63 42 40 20 62 42 40 21 61 42 40 22 60 42 40 23 59 42 40 24 58 42 40 25 57 42 40 26 56 42 40 27 55 42 40 28 54 42 40 29 53 42 40 30 52 42 40 31 51 42 40 32 50 42 40 33 49 42 40 34 48 42 40 35 47 42 40 36 46 42 40 37 45 42 40 38 44 42 40 39 43 42 40 40 42 42 40 41 41 42 40 42 40 42 40 43 39 42 40 44 38 42 40 45 37 42 40 46 36 42 40 47 35 42 40 48 34 42 40 49 33 42 40 50 32 42 40 51 31 42 40 52 30 42 40 53 29 42 40 54 28 42 40 55 27 42 40 56 26 42 40 57 25 42 40 58 24 42 40 59 23 42 40 60 22 42 40 61 21 42 40 62 20 42 40 63 19 42 40 64 18 42 40 65 17 42 40 66 16 42 40 67 15 42 40 68 14 42 40 69 13 42 40 70 12 42 40 71 11 42 40 72 10 42 40 73 9 42 40 74 8 42 40 75 7 42 40 76 6 42 40 78 5 42 41 6 77 42 41 7 76 42 41 8 75 42 41 9 74 42 41 10 73 42 41 11 72 42 41 12 71 42 41 13 70 42 41 14 69 42 41 15 68 42 41 16 67 42 41 17 66 42 41 18 65 42 41 19 64 42 41 20 63 42 41 21 62 42 41 22 61 42 41 23 60 42 41 24 59 42 41 25 58 42 41 26 57 42 41 27 56 42 41 28 55 42 41 29 54 42 41 30 53 42 41 31 52 42 41 32 51 42 41 33 50 42 41 34 49 42 41 35 48 42 41 36 47 42 41 37 46 42 41 38 45 42 41 39 44 42 41 40 43 42 41 41 42 42 41 42 41 42 41 43 40 42 41 44 39 42 41 45 38 42 41 46 37 42 41 47 36 42 41 48 35 42 41 49 34 42 41 50 33 42 41 51 32 42 41 52 31 42 41 53 30 42 41 54 29 42 41 55 28 42 41 56 27 42 41 57 26 42 41 58 25 42 41 59 24 42 41 60 23 42 41 61 22 42 41 62 21 42 41 63 20 42 41 64 19 42 41 65 18 42 41 66 17 42 41 67 16 42 41 68 15 42 41 69 14 42 41 70 13 42 41 71 12 42 41 72 11 42 41 73 10 42 41 74 9 42 41 75 8 42 41 76 7 42 41 77 6 42 42 6 78 42 42 7 77 42 42 8 76 42 42 9 75 42 42 10 74 42 42 11 73 42 42 12 72 42 42 13 71 42 42 14 70 42 42 15 69 42 42 16 68 42 42 17 67 42 42 18 66 42 42 19 65 42 42 20 64 42 42 21 63 42 42 22 62 42 42 23 61 42 42 24 60 42 42 25 59 42 42 26 58 42 42 27 57 42 42 28 56 42 42 29 55 42 42 30 54 42 42 31 53 42 42 32 52 42 42 33 51 42 42 34 50 42 42 35 49 42 42 36 48 42 42 37 47 42 42 38 46 42 42 39 45 42 42 40 44 42 42 41 43 42 42 42 42 42 42 43 41 42 42 44 40 42 42 45 39 42 42 46 38 42 42 47 37 42 42 48 36 42 42 49 35 42 42 50 34 42 42 51 33 42 42 52 32 42 42 53 31 42 42 54 30 42 42 55 29 42 42 56 28 42 42 57 27 42 42 58 26 42 42 59 25 42 42 60 24 42 42 61 23 42 42 62 22 42 42 63 21 42 42 64 20 42 42 65 19 42 42 66 18 42 42 67 17 42 42 68 16 42 42 69 15 42 42 70 14 42 42 71 13 42 42 72 12 42 42 73 11 42 42 74 10 42 42 75 9 42 42 76 8 42 42 77 7 42 42 78 6 42 43 6 79 42 43 7 78 42 43 8 77 42 43 9 76 42 43 10 75 42 43 11 74 42 43 12 73 42 43 13 72 42 43 14 71 42 43 15 70 42 43 16 69 42 43 17 68 42 43 18 67 42 43 19 66 42 43 20 65 42 43 21 64 42 43 22 63 42 43 23 62 42 43 24 61 42 43 25 60 42 43 26 59 42 43 27 58 42 43 28 57 42 43 29 56 42 43 30 55 42 43 31 54 42 43 32 53 42 43 33 52 42 43 34 51 42 43 35 50 42 43 36 49 42 43 37 48 42 43 38 47 42 43 39 46 42 43 40 45 42 43 41 44 42 43 42 43 42 43 43 42 42 43 44 41 42 43 45 40 42 43 46 39 42 43 47 38 42 43 48 37 42 43 49 36 42 43 50 35 42 43 51 34 42 43 52 33 42 43 53 32 42 43 54 31 42 43 55 30 42 43 56 29 42 43 57 28 42 43 58 27 42 43 59 26 42 43 60 25 42 43 61 24 42 43 62 23 42 43 63 22 42 43 64 21 42 43 65 20 42 43 66 19 42 43 67 18 42 43 68 17 42 43 69 16 42 43 70 15 42 43 71 14 42 43 72 13 42 43 73 12 42 43 74 11 42 43 75 10 42 43 76 9 42 43 77 8 42 43 78 7 42 43 79 6 42 44 6 80 42 44 7 79 42 44 8 78 42 44 9 77 42 44 10 76 42 44 11 75 42 44 12 74 42 44 13 73 42 44 14 72 42 44 15 71 42 44 16 70 42 44 17 69 42 44 18 68 42 44 19 67 42 44 20 66 42 44 21 65 42 44 22 64 42 44 23 63 42 44 24 62 42 44 25 61 42 44 26 60 42 44 27 59 42 44 28 58 42 44 29 57 42 44 30 56 42 44 31 55 42 44 32 54 42 44 33 53 42 44 34 52 42 44 35 51 42 44 36 50 42 44 37 49 42 44 38 48 42 44 39 47 42 44 40 46 42 44 41 45 42 44 42 44 42 44 43 43 42 44 44 42 42 44 45 41 42 44 46 40 42 44 47 39 42 44 48 38 42 44 49 37 42 44 50 36 42 44 51 35 42 44 52 34 42 44 53 33 42 44 54 32 42 44 55 31 42 44 56 30 42 44 57 29 42 44 58 28 42 44 59 27 42 44 60 26 42 44 61 25 42 44 62 24 42 44 63 23 42 44 64 22 42 44 65 21 42 44 66 20 42 44 67 19 42 44 68 18 42 44 69 17 42 44 70 16 42 44 71 15 42 44 72 14 42 44 73 13 42 44 74 12 42 44 75 11 42 44 76 10 42 44 77 9 42 44 78 8 42 44 79 7 42 44 80 6 42 45 7 80 42 45 8 79 42 45 9 78 42 45 10 77 42 45 11 76 42 45 12 75 42 45 13 74 42 45 14 73 42 45 15 72 42 45 16 71 42 45 17 70 42 45 18 69 42 45 19 68 42 45 20 67 42 45 21 66 42 45 22 65 42 45 23 64 42 45 24 63 42 45 25 62 42 45 26 61 42 45 27 60 42 45 28 59 42 45 29 58 42 45 30 57 42 45 31 56 42 45 32 55 42 45 33 54 42 45 34 53 42 45 35 52 42 45 36 51 42 45 37 50 42 45 38 49 42 45 39 48 42 45 40 47 42 45 41 46 42 45 42 45 42 45 43 44 42 45 44 43 42 45 45 42 42 45 46 41 42 45 47 40 42 45 48 39 42 45 49 38 42 45 50 37 42 45 51 36 42 45 52 35 42 45 53 34 42 45 54 33 42 45 55 32 42 45 56 31 42 45 57 30 42 45 58 29 42 45 59 28 42 45 60 27 42 45 61 26 42 45 62 25 42 45 63 24 42 45 64 23 42 45 65 22 42 45 66 21 42 45 67 20 42 45 68 19 42 45 69 18 42 45 70 17 42 45 71 16 42 45 72 15 42 45 73 14 42 45 74 13 42 45 75 12 42 45 76 11 42 45 77 10 42 45 78 9 42 45 79 8 42 45 80 7 42 46 8 80 42 46 9 79 42 46 10 78 42 46 11 77 42 46 12 76 42 46 13 75 42 46 14 74 42 46 15 73 42 46 16 72 42 46 17 71 42 46 18 70 42 46 19 69 42 46 20 68 42 46 21 67 42 46 22 66 42 46 23 65 42 46 24 64 42 46 25 63 42 46 26 62 42 46 27 61 42 46 28 60 42 46 29 59 42 46 30 58 42 46 31 57 42 46 32 56 42 46 33 55 42 46 34 54 42 46 35 53 42 46 36 52 42 46 37 51 42 46 38 50 42 46 39 49 42 46 40 48 42 46 41 47 42 46 42 46 42 46 43 45 42 46 44 44 42 46 45 43 42 46 46 42 42 46 47 41 42 46 48 40 42 46 49 39 42 46 50 38 42 46 51 37 42 46 52 36 42 46 53 35 42 46 54 34 42 46 55 33 42 46 56 32 42 46 57 31 42 46 58 30 42 46 59 29 42 46 60 28 42 46 61 27 42 46 62 26 42 46 63 25 42 46 64 24 42 46 65 23 42 46 66 22 42 46 67 21 42 46 68 20 42 46 69 19 42 46 70 18 42 46 71 17 42 46 72 16 42 46 73 15 42 46 74 14 42 46 75 13 42 46 76 12 42 46 77 11 42 46 78 10 42 46 79 9 42 46 80 8 42 47 9 80 42 47 10 79 42 47 11 78 42 47 12 77 42 47 13 76 42 47 14 75 42 47 15 74 42 47 16 73 42 47 17 72 42 47 18 71 42 47 19 70 42 47 20 69 42 47 21 68 42 47 22 67 42 47 23 66 42 47 24 65 42 47 25 64 42 47 26 63 42 47 27 62 42 47 28 61 42 47 29 60 42 47 30 59 42 47 31 58 42 47 32 57 42 47 33 56 42 47 34 55 42 47 35 54 42 47 36 53 42 47 37 52 42 47 38 51 42 47 39 50 42 47 40 49 42 47 41 48 42 47 42 47 42 47 43 46 42 47 44 45 42 47 45 44 42 47 46 43 42 47 47 42 42 47 48 41 42 47 49 40 42 47 50 39 42 47 51 38 42 47 52 37 42 47 53 36 42 47 54 35 42 47 55 34 42 47 56 33 42 47 57 32 42 47 58 31 42 47 59 30 42 47 60 29 42 47 61 28 42 47 62 27 42 47 63 26 42 47 64 25 42 47 65 24 42 47 66 23 42 47 67 22 42 47 68 21 42 47 69 20 42 47 70 19 42 47 71 18 42 47 72 17 42 47 73 16 42 47 74 15 42 47 75 14 42 47 76 13 42 47 77 12 42 47 78 11 42 47 79 10 42 47 80 9 42 48 9 81 42 48 10 80 42 48 11 79 42 48 12 78 42 48 13 77 42 48 14 76 42 48 15 75 42 48 16 74 42 48 17 73 42 48 18 72 42 48 19 71 42 48 20 70 42 48 21 69 42 48 22 68 42 48 23 67 42 48 24 66 42 48 25 65 42 48 26 64 42 48 27 63 42 48 28 62 42 48 29 61 42 48 30 60 42 48 31 59 42 48 32 58 42 48 33 57 42 48 34 56 42 48 35 55 42 48 36 54 42 48 37 53 42 48 38 52 42 48 39 51 42 48 40 50 42 48 41 49 42 48 42 48 42 48 43 47 42 48 44 46 42 48 45 45 42 48 46 44 42 48 47 43 42 48 48 42 42 48 49 41 42 48 50 40 42 48 51 39 42 48 52 38 42 48 53 37 42 48 54 36 42 48 55 35 42 48 56 34 42 48 57 33 42 48 58 32 42 48 59 31 42 48 60 30 42 48 61 29 42 48 62 28 42 48 63 27 42 48 64 26 42 48 65 25 42 48 66 24 42 48 67 23 42 48 68 22 42 48 69 21 42 48 70 20 42 48 71 19 42 48 72 18 42 48 73 17 42 48 74 16 42 48 75 15 42 48 76 14 42 48 77 13 42 48 78 12 42 48 79 11 42 48 80 10 42 48 81 9 42 49 10 81 42 49 11 80 42 49 12 79 42 49 13 78 42 49 14 77 42 49 15 76 42 49 16 75 42 49 17 74 42 49 18 73 42 49 19 72 42 49 20 71 42 49 21 70 42 49 22 69 42 49 23 68 42 49 24 67 42 49 25 66 42 49 26 65 42 49 27 64 42 49 28 63 42 49 29 62 42 49 30 61 42 49 31 60 42 49 32 59 42 49 33 58 42 49 34 57 42 49 35 56 42 49 36 55 42 49 37 54 42 49 38 53 42 49 39 52 42 49 40 51 42 49 41 50 42 49 42 49 42 49 43 48 42 49 44 47 42 49 45 46 42 49 46 45 42 49 47 44 42 49 48 43 42 49 49 42 42 49 50 41 42 49 51 40 42 49 52 39 42 49 53 38 42 49 54 37 42 49 55 36 42 49 56 35 42 49 57 34 42 49 58 33 42 49 59 32 42 49 60 31 42 49 61 30 42 49 62 29 42 49 63 28 42 49 64 27 42 49 65 26 42 49 66 25 42 49 67 24 42 49 68 23 42 49 69 22 42 49 70 21 42 49 71 20 42 49 72 19 42 49 73 18 42 49 74 17 42 49 75 16 42 49 76 15 42 49 77 14 42 49 78 13 42 49 79 12 42 49 80 11 42 49 81 10 42 50 10 82 42 50 11 81 42 50 12 80 42 50 13 79 42 50 14 78 42 50 15 77 42 50 16 76 42 50 17 75 42 50 18 74 42 50 19 73 42 50 20 72 42 50 21 71 42 50 22 70 42 50 23 69 42 50 24 68 42 50 25 67 42 50 26 66 42 50 27 65 42 50 28 64 42 50 29 63 42 50 30 62 42 50 31 61 42 50 32 60 42 50 33 59 42 50 34 58 42 50 35 57 42 50 36 56 42 50 37 55 42 50 38 54 42 50 39 53 42 50 40 52 42 50 41 51 42 50 42 50 42 50 43 49 42 50 44 48 42 50 45 47 42 50 46 46 42 50 47 45 42 50 48 44 42 50 49 43 42 50 50 42 42 50 51 41 42 50 52 40 42 50 53 39 42 50 54 38 42 50 55 37 42 50 56 36 42 50 57 35 42 50 58 34 42 50 59 33 42 50 60 32 42 50 61 31 42 50 62 30 42 50 63 29 42 50 64 28 42 50 65 27 42 50 66 26 42 50 67 25 42 50 68 24 42 50 69 23 42 50 70 22 42 50 71 21 42 50 72 20 42 50 73 19 42 50 74 18 42 50 75 17 42 50 76 16 42 50 77 15 42 50 78 14 42 50 79 13 42 50 80 12 42 50 81 11 42 50 82 10 42 51 11 82 42 51 12 81 42 51 13 80 42 51 14 79 42 51 15 78 42 51 16 77 42 51 17 76 42 51 18 75 42 51 19 74 42 51 20 73 42 51 21 72 42 51 22 71 42 51 23 70 42 51 24 69 42 51 25 68 42 51 26 67 42 51 27 66 42 51 28 65 42 51 29 64 42 51 30 63 42 51 31 62 42 51 32 61 42 51 33 60 42 51 34 59 42 51 35 58 42 51 36 57 42 51 37 56 42 51 38 55 42 51 39 54 42 51 40 53 42 51 41 52 42 51 42 51 42 51 43 50 42 51 44 49 42 51 45 48 42 51 46 47 42 51 47 46 42 51 48 45 42 51 49 44 42 51 50 43 42 51 51 42 42 51 52 41 42 51 53 40 42 51 54 39 42 51 55 38 42 51 56 37 42 51 57 36 42 51 58 35 42 51 59 34 42 51 60 33 42 51 61 32 42 51 62 31 42 51 63 30 42 51 64 29 42 51 65 28 42 51 66 27 42 51 67 26 42 51 68 25 42 51 69 24 42 51 70 23 42 51 71 22 42 51 72 21 42 51 73 20 42 51 74 19 42 51 75 18 42 51 76 17 42 51 77 16 42 51 78 15 42 51 79 14 42 51 80 13 42 51 81 12 42 51 82 11 42 52 12 82 42 52 13 81 42 52 14 80 42 52 15 79 42 52 16 78 42 52 17 77 42 52 18 76 42 52 19 75 42 52 20 74 42 52 21 73 42 52 22 72 42 52 23 71 42 52 24 70 42 52 25 69 42 52 26 68 42 52 27 67 42 52 28 66 42 52 29 65 42 52 30 64 42 52 31 63 42 52 32 62 42 52 33 61 42 52 34 60 42 52 35 59 42 52 36 58 42 52 37 57 42 52 38 56 42 52 39 55 42 52 40 54 42 52 41 53 42 52 42 52 42 52 43 51 42 52 44 50 42 52 45 49 42 52 46 48 42 52 47 47 42 52 48 46 42 52 49 45 42 52 50 44 42 52 51 43 42 52 52 42 42 52 53 41 42 52 54 40 42 52 55 39 42 52 56 38 42 52 57 37 42 52 58 36 42 52 59 35 42 52 60 34 42 52 61 33 42 52 62 32 42 52 63 31 42 52 64 30 42 52 65 29 42 52 66 28 42 52 67 27 42 52 68 26 42 52 69 25 42 52 70 24 42 52 71 23 42 52 72 22 42 52 73 21 42 52 74 20 42 52 75 19 42 52 76 18 42 52 77 17 42 52 78 16 42 52 79 15 42 52 80 14 42 52 81 13 42 52 82 12 42 53 13 82 42 53 14 81 42 53 15 80 42 53 16 79 42 53 17 78 42 53 18 77 42 53 19 76 42 53 20 75 42 53 21 74 42 53 22 73 42 53 23 72 42 53 24 71 42 53 25 70 42 53 26 69 42 53 27 68 42 53 28 67 42 53 29 66 42 53 30 65 42 53 31 64 42 53 32 63 42 53 33 62 42 53 34 61 42 53 35 60 42 53 36 59 42 53 37 58 42 53 38 57 42 53 39 56 42 53 40 55 42 53 41 54 42 53 42 53 42 53 43 52 42 53 44 51 42 53 45 50 42 53 46 49 42 53 47 48 42 53 48 47 42 53 49 46 42 53 50 45 42 53 51 44 42 53 52 43 42 53 53 42 42 53 54 41 42 53 55 40 42 53 56 39 42 53 57 38 42 53 58 37 42 53 59 36 42 53 60 35 42 53 61 34 42 53 62 33 42 53 63 32 42 53 64 31 42 53 65 30 42 53 66 29 42 53 67 28 42 53 68 27 42 53 69 26 42 53 70 25 42 53 71 24 42 53 72 23 42 53 73 22 42 53 74 21 42 53 75 20 42 53 76 19 42 53 77 18 42 53 78 17 42 53 79 16 42 53 80 15 42 53 81 14 42 53 82 13 42 54 14 82 42 54 15 81 42 54 16 80 42 54 17 79 42 54 18 78 42 54 19 77 42 54 20 76 42 54 21 75 42 54 22 74 42 54 23 73 42 54 24 72 42 54 25 71 42 54 26 70 42 54 27 69 42 54 28 68 42 54 29 67 42 54 30 66 42 54 31 65 42 54 32 64 42 54 33 63 42 54 34 62 42 54 35 61 42 54 36 60 42 54 37 59 42 54 38 58 42 54 39 57 42 54 40 56 42 54 41 55 42 54 42 54 42 54 43 53 42 54 44 52 42 54 45 51 42 54 46 50 42 54 47 49 42 54 48 48 42 54 49 47 42 54 50 46 42 54 51 45 42 54 52 44 42 54 53 43 42 54 54 42 42 54 55 41 42 54 56 40 42 54 57 39 42 54 58 38 42 54 59 37 42 54 60 36 42 54 61 35 42 54 62 34 42 54 63 33 42 54 64 32 42 54 65 31 42 54 66 30 42 54 67 29 42 54 68 28 42 54 69 27 42 54 70 26 42 54 71 25 42 54 72 24 42 54 73 23 42 54 74 22 42 54 75 21 42 54 76 20 42 54 77 19 42 54 78 18 42 54 79 17 42 54 80 16 42 54 81 15 42 54 82 14 42 55 15 82 42 55 16 81 42 55 17 80 42 55 18 79 42 55 19 78 42 55 20 77 42 55 21 76 42 55 22 75 42 55 23 74 42 55 24 73 42 55 25 72 42 55 26 71 42 55 27 70 42 55 28 69 42 55 29 68 42 55 30 67 42 55 31 66 42 55 32 65 42 55 33 64 42 55 34 63 42 55 35 62 42 55 36 61 42 55 37 60 42 55 38 59 42 55 39 58 42 55 40 57 42 55 41 56 42 55 42 55 42 55 43 54 42 55 44 53 42 55 45 52 42 55 46 51 42 55 47 50 42 55 48 49 42 55 49 48 42 55 50 47 42 55 51 46 42 55 52 45 42 55 53 44 42 55 54 43 42 55 55 42 42 55 56 41 42 55 57 40 42 55 58 39 42 55 59 38 42 55 60 37 42 55 61 36 42 55 62 35 42 55 63 34 42 55 64 33 42 55 65 32 42 55 66 31 42 55 67 30 42 55 68 29 42 55 69 28 42 55 70 27 42 55 71 26 42 55 72 25 42 55 73 24 42 55 74 23 42 55 75 22 42 55 76 21 42 55 77 20 42 55 78 19 42 55 79 18 42 55 80 17 42 55 81 16 42 55 82 15 42 56 16 82 42 56 17 81 42 56 18 80 42 56 19 79 42 56 20 78 42 56 21 77 42 56 22 76 42 56 23 75 42 56 24 74 42 56 25 73 42 56 26 72 42 56 27 71 42 56 28 70 42 56 29 69 42 56 30 68 42 56 31 67 42 56 32 66 42 56 33 65 42 56 34 64 42 56 35 63 42 56 36 62 42 56 37 61 42 56 38 60 42 56 39 59 42 56 40 58 42 56 41 57 42 56 42 56 42 56 43 55 42 56 44 54 42 56 45 53 42 56 46 52 42 56 47 51 42 56 48 50 42 56 49 49 42 56 50 48 42 56 51 47 42 56 52 46 42 56 53 45 42 56 54 44 42 56 55 43 42 56 56 42 42 56 57 41 42 56 58 40 42 56 59 39 42 56 60 38 42 56 61 37 42 56 62 36 42 56 63 35 42 56 64 34 42 56 65 33 42 56 66 32 42 56 67 31 42 56 68 30 42 56 69 29 42 56 70 28 42 56 71 27 42 56 72 26 42 56 73 25 42 56 74 24 42 56 75 23 42 56 76 22 42 56 77 21 42 56 78 20 42 56 79 19 42 56 80 18 42 56 81 17 42 56 82 16 42 57 17 82 42 57 18 81 42 57 19 80 42 57 20 79 42 57 21 78 42 57 22 77 42 57 23 76 42 57 24 75 42 57 25 74 42 57 26 73 42 57 27 72 42 57 28 71 42 57 29 70 42 57 30 69 42 57 31 68 42 57 32 67 42 57 33 66 42 57 34 65 42 57 35 64 42 57 36 63 42 57 37 62 42 57 38 61 42 57 39 60 42 57 40 59 42 57 41 58 42 57 42 57 42 57 43 56 42 57 44 55 42 57 45 54 42 57 46 53 42 57 47 52 42 57 48 51 42 57 49 50 42 57 50 49 42 57 51 48 42 57 52 47 42 57 53 46 42 57 54 45 42 57 55 44 42 57 56 43 42 57 57 42 42 57 58 41 42 57 59 40 42 57 60 39 42 57 61 38 42 57 62 37 42 57 63 36 42 57 64 35 42 57 65 34 42 57 66 33 42 57 67 32 42 57 68 31 42 57 69 30 42 57 70 29 42 57 71 28 42 57 72 27 42 57 73 26 42 57 74 25 42 57 75 24 42 57 76 23 42 57 77 22 42 57 78 21 42 57 79 20 42 57 80 19 42 57 81 18 42 57 82 17 42 58 18 82 42 58 19 81 42 58 20 80 42 58 21 79 42 58 22 78 42 58 23 77 42 58 24 76 42 58 25 75 42 58 26 74 42 58 27 73 42 58 28 72 42 58 29 71 42 58 30 70 42 58 31 69 42 58 32 68 42 58 33 67 42 58 34 66 42 58 35 65 42 58 36 64 42 58 37 63 42 58 38 62 42 58 39 61 42 58 40 60 42 58 41 59 42 58 42 58 42 58 43 57 42 58 44 56 42 58 45 55 42 58 46 54 42 58 47 53 42 58 48 52 42 58 49 51 42 58 50 50 42 58 51 49 42 58 52 48 42 58 53 47 42 58 54 46 42 58 55 45 42 58 56 44 42 58 57 43 42 58 58 42 42 58 59 41 42 58 60 40 42 58 61 39 42 58 62 38 42 58 63 37 42 58 64 36 42 58 65 35 42 58 66 34 42 58 67 33 42 58 68 32 42 58 69 31 42 58 70 30 42 58 71 29 42 58 72 28 42 58 73 27 42 58 74 26 42 58 75 25 42 58 76 24 42 58 77 23 42 58 78 22 42 58 79 21 42 58 80 20 42 58 81 19 42 58 82 18 42 59 19 82 42 59 20 81 42 59 21 80 42 59 22 79 42 59 23 78 42 59 24 77 42 59 25 76 42 59 26 75 42 59 27 74 42 59 28 73 42 59 29 72 42 59 30 71 42 59 31 70 42 59 32 69 42 59 33 68 42 59 34 67 42 59 35 66 42 59 36 65 42 59 37 64 42 59 38 63 42 59 39 62 42 59 40 61 42 59 41 60 42 59 42 59 42 59 43 58 42 59 44 57 42 59 45 56 42 59 46 55 42 59 47 54 42 59 48 53 42 59 49 52 42 59 50 51 42 59 51 50 42 59 52 49 42 59 53 48 42 59 54 47 42 59 55 46 42 59 56 45 42 59 57 44 42 59 58 43 42 59 59 42 42 59 60 41 42 59 61 40 42 59 62 39 42 59 63 38 42 59 64 37 42 59 65 36 42 59 66 35 42 59 67 34 42 59 68 33 42 59 69 32 42 59 70 31 42 59 71 30 42 59 72 29 42 59 73 28 42 59 74 27 42 59 75 26 42 59 76 25 42 59 77 24 42 59 78 23 42 59 79 22 42 59 80 21 42 59 81 20 42 59 82 19 42 60 20 82 42 60 21 81 42 60 22 80 42 60 23 79 42 60 24 78 42 60 25 77 42 60 26 76 42 60 27 75 42 60 28 74 42 60 29 73 42 60 30 72 42 60 31 71 42 60 32 70 42 60 33 69 42 60 34 68 42 60 35 67 42 60 36 66 42 60 37 65 42 60 38 64 42 60 39 63 42 60 40 62 42 60 41 61 42 60 42 60 42 60 43 59 42 60 44 58 42 60 45 57 42 60 46 56 42 60 47 55 42 60 48 54 42 60 49 53 42 60 50 52 42 60 51 51 42 60 52 50 42 60 53 49 42 60 54 48 42 60 55 47 42 60 56 46 42 60 57 45 42 60 58 44 42 60 59 43 42 60 60 42 42 60 61 41 42 60 62 40 42 60 63 39 42 60 64 38 42 60 65 37 42 60 66 36 42 60 67 35 42 60 68 34 42 60 69 33 42 60 70 32 42 60 71 31 42 60 72 30 42 60 73 29 42 60 74 28 42 60 75 27 42 60 76 26 42 60 77 25 42 60 78 24 42 60 79 23 42 60 80 22 42 60 81 21 42 60 82 20 42 61 21 82 42 61 22 81 42 61 23 80 42 61 24 79 42 61 25 78 42 61 26 77 42 61 27 76 42 61 28 75 42 61 29 74 42 61 30 73 42 61 31 72 42 61 32 71 42 61 33 70 42 61 34 69 42 61 35 68 42 61 36 67 42 61 37 66 42 61 38 65 42 61 39 64 42 61 40 63 42 61 41 62 42 61 42 61 42 61 43 60 42 61 44 59 42 61 45 58 42 61 46 57 42 61 47 56 42 61 48 55 42 61 49 54 42 61 50 53 42 61 51 52 42 61 52 51 42 61 53 50 42 61 54 49 42 61 55 48 42 61 56 47 42 61 57 46 42 61 58 45 42 61 59 44 42 61 60 43 42 61 61 42 42 61 62 41 42 61 63 40 42 61 64 39 42 61 65 38 42 61 66 37 42 61 67 36 42 61 68 35 42 61 69 34 42 61 70 33 42 61 71 32 42 61 72 31 42 61 73 30 42 61 74 29 42 61 75 28 42 61 76 27 42 61 77 26 42 61 78 25 42 61 79 24 42 61 80 23 42 61 81 22 42 61 82 21 42 62 22 82 42 62 23 81 42 62 24 80 42 62 25 79 42 62 26 78 42 62 27 77 42 62 28 76 42 62 29 75 42 62 30 74 42 62 31 73 42 62 32 72 42 62 33 71 42 62 34 70 42 62 35 69 42 62 36 68 42 62 37 67 42 62 38 66 42 62 39 65 42 62 40 64 42 62 41 63 42 62 42 62 42 62 43 61 42 62 44 60 42 62 45 59 42 62 46 58 42 62 47 57 42 62 48 56 42 62 49 55 42 62 50 54 42 62 51 53 42 62 52 52 42 62 53 51 42 62 54 50 42 62 55 49 42 62 56 48 42 62 57 47 42 62 58 46 42 62 59 45 42 62 60 44 42 62 61 43 42 62 62 42 42 62 63 41 42 62 64 40 42 62 65 39 42 62 66 38 42 62 67 37 42 62 68 36 42 62 69 35 42 62 70 34 42 62 71 33 42 62 72 32 42 62 73 31 42 62 74 30 42 62 75 29 42 62 76 28 42 62 77 27 42 62 78 26 42 62 79 25 42 62 80 24 42 62 81 23 42 62 82 22 42 63 23 82 42 63 24 81 42 63 25 80 42 63 26 79 42 63 27 78 42 63 28 77 42 63 29 76 42 63 30 75 42 63 31 74 42 63 32 73 42 63 33 72 42 63 34 71 42 63 35 70 42 63 36 69 42 63 37 68 42 63 38 67 42 63 39 66 42 63 40 65 42 63 41 64 42 63 42 63 42 63 43 62 42 63 44 61 42 63 45 60 42 63 46 59 42 63 47 58 42 63 48 57 42 63 49 56 42 63 50 55 42 63 51 54 42 63 52 53 42 63 53 52 42 63 54 51 42 63 55 50 42 63 56 49 42 63 57 48 42 63 58 47 42 63 59 46 42 63 60 45 42 63 61 44 42 63 62 43 42 63 63 42 42 63 64 41 42 63 65 40 42 63 66 39 42 63 67 38 42 63 68 37 42 63 69 36 42 63 70 35 42 63 71 34 42 63 72 33 42 63 73 32 42 63 74 31 42 63 75 30 42 63 76 29 42 63 77 28 42 63 78 27 42 63 79 26 42 63 80 25 42 63 81 24 42 63 82 23 42 64 24 82 42 64 25 81 42 64 26 80 42 64 27 79 42 64 28 78 42 64 29 77 42 64 30 76 42 64 31 75 42 64 32 74 42 64 33 73 42 64 34 72 42 64 35 71 42 64 36 70 42 64 37 69 42 64 38 68 42 64 39 67 42 64 40 66 42 64 41 65 42 64 42 64 42 64 43 63 42 64 44 62 42 64 45 61 42 64 46 60 42 64 47 59 42 64 48 58 42 64 49 57 42 64 50 56 42 64 51 55 42 64 52 54 42 64 53 53 42 64 54 52 42 64 55 51 42 64 56 50 42 64 57 49 42 64 58 48 42 64 59 47 42 64 60 46 42 64 61 45 42 64 62 44 42 64 63 43 42 64 64 42 42 64 65 41 42 64 66 40 42 64 67 39 42 64 68 38 42 64 69 37 42 64 70 36 42 64 71 35 42 64 72 34 42 64 73 33 42 64 74 32 42 64 75 31 42 64 76 30 42 64 77 29 42 64 78 28 42 64 79 27 42 64 80 26 42 64 81 25 42 64 82 24 42 65 25 82 42 65 26 81 42 65 27 80 42 65 28 79 42 65 29 78 42 65 30 77 42 65 31 76 42 65 32 75 42 65 33 74 42 65 34 73 42 65 35 72 42 65 36 71 42 65 37 70 42 65 38 69 42 65 39 68 42 65 40 67 42 65 41 66 42 65 42 65 42 65 43 64 42 65 44 63 42 65 45 62 42 65 46 61 42 65 47 60 42 65 48 59 42 65 49 58 42 65 50 57 42 65 51 56 42 65 52 55 42 65 53 54 42 65 54 53 42 65 55 52 42 65 56 51 42 65 57 50 42 65 58 49 42 65 59 48 42 65 60 47 42 65 61 46 42 65 62 45 42 65 63 44 42 65 64 43 42 65 65 42 42 65 66 41 42 65 67 40 42 65 68 39 42 65 69 38 42 65 70 37 42 65 71 36 42 65 72 35 42 65 73 34 42 65 74 33 42 65 75 32 42 65 76 31 42 65 77 30 42 65 78 29 42 65 79 28 42 65 80 27 42 65 81 26 42 65 82 25 42 66 26 82 42 66 27 81 42 66 28 80 42 66 29 79 42 66 30 78 42 66 31 77 42 66 32 76 42 66 33 75 42 66 34 74 42 66 35 73 42 66 36 72 42 66 37 71 42 66 38 70 42 66 39 69 42 66 40 68 42 66 41 67 42 66 42 66 42 66 43 65 42 66 44 64 42 66 45 63 42 66 46 62 42 66 47 61 42 66 48 60 42 66 49 59 42 66 50 58 42 66 51 57 42 66 52 56 42 66 53 55 42 66 54 54 42 66 55 53 42 66 56 52 42 66 57 51 42 66 58 50 42 66 59 49 42 66 60 48 42 66 61 47 42 66 62 46 42 66 63 45 42 66 64 44 42 66 65 43 42 66 66 42 42 66 67 41 42 66 68 40 42 66 69 39 42 66 70 38 42 66 71 37 42 66 72 36 42 66 73 35 42 66 74 34 42 66 75 33 42 66 76 32 42 66 77 31 42 66 78 30 42 66 79 29 42 66 80 28 42 66 81 27 42 66 82 26 42 67 27 82 42 67 28 81 42 67 29 80 42 67 30 79 42 67 31 78 42 67 32 77 42 67 33 76 42 67 34 75 42 67 35 74 42 67 36 73 42 67 37 72 42 67 38 71 42 67 39 70 42 67 40 69 42 67 41 68 42 67 42 67 42 67 43 66 42 67 44 65 42 67 45 64 42 67 46 63 42 67 47 62 42 67 48 61 42 67 49 60 42 67 50 59 42 67 51 58 42 67 52 57 42 67 53 56 42 67 54 55 42 67 55 54 42 67 56 53 42 67 57 52 42 67 58 51 42 67 59 50 42 67 60 49 42 67 61 48 42 67 62 47 42 67 63 46 42 67 64 45 42 67 65 44 42 67 66 43 42 67 67 42 42 67 68 41 42 67 69 40 42 67 70 39 42 67 71 38 42 67 72 37 42 67 73 36 42 67 74 35 42 67 75 34 42 67 76 33 42 67 77 32 42 67 78 31 42 67 79 30 42 67 80 29 42 67 81 28 42 67 82 27 42 68 28 82 42 68 29 81 42 68 30 80 42 68 31 79 42 68 32 78 42 68 33 77 42 68 34 76 42 68 35 75 42 68 36 74 42 68 37 73 42 68 38 72 42 68 39 71 42 68 40 70 42 68 41 69 42 68 42 68 42 68 43 67 42 68 44 66 42 68 45 65 42 68 46 64 42 68 47 63 42 68 48 62 42 68 49 61 42 68 50 60 42 68 51 59 42 68 52 58 42 68 53 57 42 68 54 56 42 68 55 55 42 68 56 54 42 68 57 53 42 68 58 52 42 68 59 51 42 68 60 50 42 68 61 49 42 68 62 48 42 68 63 47 42 68 64 46 42 68 65 45 42 68 66 44 42 68 67 43 42 68 68 42 42 68 69 41 42 68 70 40 42 68 71 39 42 68 72 38 42 68 73 37 42 68 74 36 42 68 75 35 42 68 76 34 42 68 77 33 42 68 78 32 42 68 79 31 42 68 80 30 42 68 81 29 42 68 82 28 42 69 29 82 42 69 30 81 42 69 31 80 42 69 32 79 42 69 33 78 42 69 34 77 42 69 35 76 42 69 36 75 42 69 37 74 42 69 38 73 42 69 39 72 42 69 40 71 42 69 41 70 42 69 42 69 42 69 43 68 42 69 44 67 42 69 45 66 42 69 46 65 42 69 47 64 42 69 48 63 42 69 49 62 42 69 50 61 42 69 51 60 42 69 52 59 42 69 53 58 42 69 54 57 42 69 55 56 42 69 56 55 42 69 57 54 42 69 58 53 42 69 59 52 42 69 60 51 42 69 61 50 42 69 62 49 42 69 63 48 42 69 64 47 42 69 65 46 42 69 66 45 42 69 67 44 42 69 68 43 42 69 69 42 42 69 70 41 42 69 71 40 42 69 72 39 42 69 73 38 42 69 74 37 42 69 75 36 42 69 76 35 42 69 77 34 42 69 78 33 42 69 79 32 42 69 80 31 42 69 81 30 42 69 82 29 42 70 30 82 42 70 31 81 42 70 32 80 42 70 33 79 42 70 34 78 42 70 35 77 42 70 36 76 42 70 37 75 42 70 38 74 42 70 39 73 42 70 40 72 42 70 41 71 42 70 42 70 42 70 43 69 42 70 44 68 42 70 45 67 42 70 46 66 42 70 47 65 42 70 48 64 42 70 49 63 42 70 50 62 42 70 51 61 42 70 52 60 42 70 53 59 42 70 54 58 42 70 55 57 42 70 56 56 42 70 57 55 42 70 58 54 42 70 59 53 42 70 60 52 42 70 61 51 42 70 62 50 42 70 63 49 42 70 64 48 42 70 65 47 42 70 66 46 42 70 67 45 42 70 68 44 42 70 69 43 42 70 70 42 42 70 71 41 42 70 72 40 42 70 73 39 42 70 74 38 42 70 75 37 42 70 76 36 42 70 77 35 42 70 78 34 42 70 79 33 42 70 80 32 42 70 81 31 42 70 82 30 42 71 31 82 42 71 32 81 42 71 33 80 42 71 34 79 42 71 35 78 42 71 36 77 42 71 37 76 42 71 38 75 42 71 39 74 42 71 40 73 42 71 41 72 42 71 42 71 42 71 43 70 42 71 44 69 42 71 45 68 42 71 46 67 42 71 47 66 42 71 48 65 42 71 49 64 42 71 50 63 42 71 51 62 42 71 52 61 42 71 53 60 42 71 54 59 42 71 55 58 42 71 56 57 42 71 57 56 42 71 58 55 42 71 59 54 42 71 60 53 42 71 61 52 42 71 62 51 42 71 63 50 42 71 64 49 42 71 65 48 42 71 66 47 42 71 67 46 42 71 68 45 42 71 69 44 42 71 70 43 42 71 71 42 42 71 72 41 42 71 73 40 42 71 74 39 42 71 75 38 42 71 76 37 42 71 77 36 42 71 78 35 42 71 79 34 42 71 80 33 42 71 81 32 42 71 82 31 42 72 32 82 42 72 33 81 42 72 34 80 42 72 35 79 42 72 36 78 42 72 37 77 42 72 38 76 42 72 39 75 42 72 40 74 42 72 41 73 42 72 42 72 42 72 43 71 42 72 44 70 42 72 45 69 42 72 46 68 42 72 47 67 42 72 48 66 42 72 49 65 42 72 50 64 42 72 51 63 42 72 52 62 42 72 53 61 42 72 54 60 42 72 55 59 42 72 56 58 42 72 57 57 42 72 58 56 42 72 59 55 42 72 60 54 42 72 61 53 42 72 62 52 42 72 63 51 42 72 64 50 42 72 65 49 42 72 66 48 42 72 67 47 42 72 68 46 42 72 69 45 42 72 70 44 42 72 71 43 42 72 72 42 42 72 73 41 42 72 74 40 42 72 75 39 42 72 76 38 42 72 77 37 42 72 78 36 42 72 79 35 42 72 80 34 42 72 81 33 42 72 82 32 42 73 33 82 42 73 34 81 42 73 35 80 42 73 36 79 42 73 37 78 42 73 38 77 42 73 39 76 42 73 40 75 42 73 41 74 42 73 42 73 42 73 43 72 42 73 44 71 42 73 45 70 42 73 46 69 42 73 47 68 42 73 48 67 42 73 49 66 42 73 50 65 42 73 51 64 42 73 52 63 42 73 53 62 42 73 54 61 42 73 55 60 42 73 56 59 42 73 57 58 42 73 58 57 42 73 59 56 42 73 60 55 42 73 61 54 42 73 62 53 42 73 63 52 42 73 64 51 42 73 65 50 42 73 66 49 42 73 67 48 42 73 68 47 42 73 69 46 42 73 70 45 42 73 71 44 42 73 72 43 42 73 73 42 42 73 74 41 42 73 75 40 42 73 76 39 42 73 77 38 42 73 78 37 42 73 79 36 42 73 80 35 42 73 81 34 42 73 82 33 42 74 34 82 42 74 35 81 42 74 36 80 42 74 37 79 42 74 38 78 42 74 39 77 42 74 40 76 42 74 41 75 42 74 42 74 42 74 43 73 42 74 44 72 42 74 45 71 42 74 46 70 42 74 47 69 42 74 48 68 42 74 49 67 42 74 50 66 42 74 51 65 42 74 52 64 42 74 53 63 42 74 54 62 42 74 55 61 42 74 56 60 42 74 57 59 42 74 58 58 42 74 59 57 42 74 60 56 42 74 61 55 42 74 62 54 42 74 63 53 42 74 64 52 42 74 65 51 42 74 66 50 42 74 67 49 42 74 68 48 42 74 69 47 42 74 70 46 42 74 71 45 42 74 72 44 42 74 73 43 42 74 74 42 42 74 75 41 42 74 76 40 42 74 77 39 42 74 78 38 42 74 79 37 42 74 80 36 42 74 81 35 42 74 82 34 42 75 35 82 42 75 36 81 42 75 37 80 42 75 38 79 42 75 39 78 42 75 40 77 42 75 41 76 42 75 42 75 42 75 43 74 42 75 44 73 42 75 45 72 42 75 46 71 42 75 47 70 42 75 48 69 42 75 49 68 42 75 50 67 42 75 51 66 42 75 52 65 42 75 53 64 42 75 54 63 42 75 55 62 42 75 56 61 42 75 57 60 42 75 58 59 42 75 59 58 42 75 60 57 42 75 61 56 42 75 62 55 42 75 63 54 42 75 64 53 42 75 65 52 42 75 66 51 42 75 67 50 42 75 68 49 42 75 69 48 42 75 70 47 42 75 71 46 42 75 72 45 42 75 73 44 42 75 74 43 42 75 75 42 42 75 76 41 42 75 77 40 42 75 78 39 42 75 79 38 42 75 80 37 42 75 81 36 42 75 82 35 42 76 36 82 42 76 37 81 42 76 38 80 42 76 39 79 42 76 40 78 42 76 41 77 42 76 42 76 42 76 43 75 42 76 44 74 42 76 45 73 42 76 46 72 42 76 47 71 42 76 48 70 42 76 49 69 42 76 50 68 42 76 51 67 42 76 52 66 42 76 53 65 42 76 54 64 42 76 55 63 42 76 56 62 42 76 57 61 42 76 58 60 42 76 59 59 42 76 60 58 42 76 61 57 42 76 62 56 42 76 63 55 42 76 64 54 42 76 65 53 42 76 66 52 42 76 67 51 42 76 68 50 42 76 69 49 42 76 70 48 42 76 71 47 42 76 72 46 42 76 73 45 42 76 74 44 42 76 75 43 42 76 76 42 42 76 77 41 42 76 78 40 42 76 79 39 42 76 80 38 42 76 81 37 42 76 82 36 42 77 37 82 42 77 38 81 42 77 39 80 42 77 40 79 42 77 41 78 42 77 42 77 42 77 43 76 42 77 44 75 42 77 45 74 42 77 46 73 42 77 47 72 42 77 48 71 42 77 49 70 42 77 50 69 42 77 51 68 42 77 52 67 42 77 53 66 42 77 54 65 42 77 55 64 42 77 56 63 42 77 57 62 42 77 58 61 42 77 59 60 42 77 60 59 42 77 61 58 42 77 62 57 42 77 63 56 42 77 64 55 42 77 65 54 42 77 66 53 42 77 67 52 42 77 68 51 42 77 69 50 42 77 70 49 42 77 71 48 42 77 72 47 42 77 73 46 42 77 74 45 42 77 75 44 42 77 76 43 42 77 77 42 42 77 78 41 42 77 79 40 42 77 80 39 42 77 81 38 42 77 82 37 42 78 38 82 42 78 39 81 42 78 40 80 42 78 41 79 42 78 42 78 42 78 43 77 42 78 44 76 42 78 45 75 42 78 46 74 42 78 47 73 42 78 48 72 42 78 49 71 42 78 50 70 42 78 51 69 42 78 52 68 42 78 53 67 42 78 54 66 42 78 55 65 42 78 56 64 42 78 57 63 42 78 58 62 42 78 59 61 42 78 60 60 42 78 61 59 42 78 62 58 42 78 63 57 42 78 64 56 42 78 65 55 42 78 66 54 42 78 67 53 42 78 68 52 42 78 69 51 42 78 70 50 42 78 71 49 42 78 72 48 42 78 73 47 42 78 74 46 42 78 75 45 42 78 76 44 42 78 77 43 42 78 78 42 42 78 79 41 42 78 80 40 42 78 81 39 42 78 82 38 42 79 39 82 42 79 40 81 42 79 41 80 42 79 42 79 42 79 43 78 42 79 44 77 42 79 45 76 42 79 46 75 42 79 47 74 42 79 48 73 42 79 49 72 42 79 50 71 42 79 51 70 42 79 52 69 42 79 53 68 42 79 54 67 42 79 55 66 42 79 56 65 42 79 57 64 42 79 58 63 42 79 59 62 42 79 60 61 42 79 61 60 42 79 62 59 42 79 63 58 42 79 64 57 42 79 65 56 42 79 66 55 42 79 67 54 42 79 68 53 42 79 69 52 42 79 70 51 42 79 71 50 42 79 72 49 42 79 73 48 42 79 74 47 42 79 75 46 42 79 76 45 42 79 77 44 42 79 78 43 42 79 79 42 42 79 80 41 42 79 81 40 42 79 82 39 42 80 40 82 42 80 41 81 42 80 42 80 42 80 43 79 42 80 44 78 42 80 45 77 42 80 46 76 42 80 47 75 42 80 48 74 42 80 49 73 42 80 50 72 42 80 51 71 42 80 52 70 42 80 53 69 42 80 54 68 42 80 55 67 42 80 56 66 42 80 57 65 42 80 58 64 42 80 59 63 42 80 60 62 42 80 61 61 42 80 62 60 42 80 63 59 42 80 64 58 42 80 65 57 42 80 66 56 42 80 67 55 42 80 68 54 42 80 69 53 42 80 70 52 42 80 71 51 42 80 72 50 42 80 73 49 42 80 74 48 42 80 75 47 42 80 76 46 42 80 77 45 42 80 78 44 42 80 79 43 42 80 80 42 42 80 81 41 42 80 82 40 42 81 41 82 42 81 42 81 42 81 43 80 42 81 44 79 42 81 45 78 42 81 46 77 42 81 47 76 42 81 48 75 42 81 49 74 42 81 50 73 42 81 51 72 42 81 52 71 42 81 53 70 42 81 54 69 42 81 55 68 42 81 56 67 42 81 57 66 42 81 58 65 42 81 59 64 42 81 60 63 42 81 61 62 42 81 62 61 42 81 63 60 42 81 64 59 42 81 65 58 42 81 66 57 42 81 67 56 42 81 68 55 42 81 69 54 42 81 70 53 42 81 71 52 42 81 72 51 42 81 73 50 42 81 74 49 42 81 75 48 42 81 76 47 42 81 77 46 42 81 78 45 42 81 79 44 42 81 80 43 42 81 81 42 42 81 82 41 42 82 42 82 42 82 43 81 42 82 44 80 42 82 45 79 42 82 46 78 42 82 47 77 42 82 48 76 42 82 49 75 42 82 50 74 42 82 51 73 42 82 52 72 42 82 53 71 42 82 54 70 42 82 55 69 42 82 56 68 42 82 57 67 42 82 58 66 42 82 59 65 42 82 60 64 42 82 61 63 42 82 62 62 42 82 63 61 42 82 64 60 42 82 65 59 42 82 66 58 42 82 67 57 42 82 68 56 42 82 69 55 42 82 70 54 42 82 71 53 42 82 72 52 42 82 73 51 42 82 74 50 42 82 75 49 42 82 76 48 42 82 77 47 42 82 78 46 42 82 79 45 42 82 80 44 42 82 81 43 42 82 82 42 








































