

2 0 0 2 2 0 1 1 2 0 2 0 2 1 0 4 2 1 1 2 2 1 2 1 2 1 4 0 2 2 0 5 2 2 1 4 2 2 2 2 2 2 4 1 2 2 5 0 2 3 0 6 2 3 2 3 2 3 3 2 2 3 6 0 2 4 0 7 2 4 1 5 2 4 2 4 2 4 3 3 2 4 4 2 2 4 5 1 2 4 7 0 2 5 0 9 2 5 1 7 2 5 2 5 2 5 4 4 2 5 5 2 2 5 7 1 2 5 9 0 2 6 0 10 2 6 2 6 2 6 3 5 2 6 5 3 2 6 6 2 2 6 10 0 2 7 0 11 2 7 1 9 2 7 2 7 2 7 3 6 2 7 4 5 2 7 5 4 2 7 6 3 2 7 7 2 2 7 9 1 2 7 11 0 2 8 0 12 2 8 1 10 2 8 2 8 2 8 3 7 2 8 4 6 2 8 6 4 2 8 7 3 2 8 8 2 2 8 10 1 2 8 12 0 2 9 0 13 2 9 1 11 2 9 2 9 2 9 3 8 2 9 4 7 2 9 5 5 2 9 7 4 2 9 8 3 2 9 9 2 2 9 11 1 2 9 13 0 2 10 0 14 2 10 1 12 2 10 2 10 2 10 3 9 2 10 5 6 2 10 6 5 2 10 9 3 2 10 10 2 2 10 12 1 2 10 14 0 2 11 0 15 2 11 1 13 2 11 2 11 2 11 3 10 2 11 4 9 2 11 5 7 2 11 6 6 2 11 7 5 2 11 9 4 2 11 10 3 2 11 11 2 2 11 13 1 2 11 15 0 2 12 0 16 2 12 1 14 2 12 2 12 2 12 3 11 2 12 4 10 2 12 5 8 2 12 6 7 2 12 7 6 2 12 8 5 2 12 10 4 2 12 11 3 2 12 12 2 2 12 14 1 2 12 16 0 2 13 0 17 2 13 1 15 2 13 2 13 2 13 3 12 2 13 4 11 2 13 5 9 2 13 6 8 2 13 7 7 2 13 8 6 2 13 9 5 2 13 11 4 2 13 12 3 2 13 13 2 2 13 15 1 2 13 17 0 2 14 0 18 2 14 1 16 2 14 2 14 2 14 3 13 2 14 4 12 2 14 5 10 2 14 6 9 2 14 7 8 2 14 8 7 2 14 9 6 2 14 10 5 2 14 12 4 2 14 13 3 2 14 14 2 2 14 16 1 2 14 18 0 2 15 0 19 2 15 1 17 2 15 2 15 2 15 3 14 2 15 4 13 2 15 5 11 2 15 7 9 2 15 8 8 2 15 9 7 2 15 11 5 2 15 13 4 2 15 14 3 2 15 15 2 2 15 17 1 2 15 19 0 2 16 0 20 2 16 1 18 2 16 2 16 2 16 3 15 2 16 4 14 2 16 5 12 2 16 6 11 2 16 7 10 2 16 8 9 2 16 9 8 2 16 10 7 2 16 11 6 2 16 12 5 2 16 14 4 2 16 15 3 2 16 16 2 2 16 18 1 2 16 20 0 2 17 0 21 2 17 1 19 2 17 2 17 2 17 3 16 2 17 4 15 2 17 5 13 2 17 7 11 2 17 8 10 2 17 10 8 2 17 11 7 2 17 13 5 2 17 15 4 2 17 16 3 2 17 17 2 2 17 19 1 2 17 21 0 2 18 0 22 2 18 1 20 2 18 2 18 2 18 3 17 2 18 4 16 2 18 5 14 2 18 6 13 2 18 7 12 2 18 8 11 2 18 9 10 2 18 10 9 2 18 11 8 2 18 12 7 2 18 13 6 2 18 14 5 2 18 16 4 2 18 17 3 2 18 18 2 2 18 20 1 2 18 22 0 2 19 0 23 2 19 1 21 2 19 2 19 2 19 3 18 2 19 4 17 2 19 5 15 2 19 6 14 2 19 7 13 2 19 8 12 2 19 9 11 2 19 10 10 2 19 11 9 2 19 12 8 2 19 13 7 2 19 14 6 2 19 15 5 2 19 17 4 2 19 18 3 2 19 19 2 2 19 21 1 2 19 23 0 2 20 1 22 2 20 2 20 2 20 3 19 2 20 4 18 2 20 5 16 2 20 6 15 2 20 7 14 2 20 8 13 2 20 9 12 2 20 10 11 2 20 11 10 2 20 12 9 2 20 13 8 2 20 14 7 2 20 15 6 2 20 16 5 2 20 18 4 2 20 19 3 2 20 20 2 2 20 22 1 2 21 1 23 2 21 2 21 2 21 3 20 2 21 4 19 2 21 5 17 2 21 6 16 2 21 7 15 2 21 8 14 2 21 9 13 2 21 10 12 2 21 11 11 2 21 12 10 2 21 13 9 2 21 14 8 2 21 15 7 2 21 16 6 2 21 17 5 2 21 19 4 2 21 20 3 2 21 21 2 2 21 23 1 2 22 1 24 2 22 2 22 2 22 3 21 2 22 4 20 2 22 5 18 2 22 6 17 2 22 7 16 2 22 8 15 2 22 9 14 2 22 10 13 2 22 11 12 2 22 12 11 2 22 13 10 2 22 14 9 2 22 15 8 2 22 16 7 2 22 17 6 2 22 18 5 2 22 20 4 2 22 21 3 2 22 22 2 2 22 24 1 2 23 2 23 2 23 3 22 2 23 4 21 2 23 5 19 2 23 6 18 2 23 7 17 2 23 8 16 2 23 9 15 2 23 10 14 2 23 11 13 2 23 12 12 2 23 13 11 2 23 14 10 2 23 15 9 2 23 16 8 2 23 17 7 2 23 18 6 2 23 19 5 2 23 21 4 2 23 22 3 2 23 23 2 2 24 2 24 2 24 3 23 2 24 4 22 2 24 5 20 2 24 6 19 2 24 7 18 2 24 8 17 2 24 9 16 2 24 10 15 2 24 11 14 2 24 12 13 2 24 13 12 2 24 14 11 2 24 15 10 2 24 16 9 2 24 17 8 2 24 18 7 2 24 19 6 2 24 20 5 2 24 22 4 2 24 23 3 2 24 24 2 






















