





























30 0 0 30 30 0 1 28 30 0 2 26 30 0 3 25 30 0 4 23 30 0 5 22 30 0 6 21 30 0 7 19 30 0 8 18 30 0 9 17 30 0 10 15 30 0 11 14 30 0 12 13 30 0 13 12 30 0 14 11 30 0 15 10 30 0 17 9 30 0 18 8 30 0 19 7 30 0 21 6 30 0 22 5 30 0 23 4 30 0 25 3 30 0 26 2 30 0 28 1 30 0 30 0 30 1 0 32 30 1 1 30 30 1 2 28 30 1 3 27 30 1 4 25 30 1 5 24 30 1 6 23 30 1 7 21 30 1 8 20 30 1 9 19 30 1 10 17 30 1 11 16 30 1 12 15 30 1 13 14 30 1 14 13 30 1 15 12 30 1 16 11 30 1 17 10 30 1 19 9 30 1 20 8 30 1 21 7 30 1 23 6 30 1 24 5 30 1 25 4 30 1 27 3 30 1 28 2 30 1 30 1 30 1 32 0 30 2 0 34 30 2 1 32 30 2 2 30 30 2 3 29 30 2 4 27 30 2 5 26 30 2 6 25 30 2 7 23 30 2 8 22 30 2 9 21 30 2 10 19 30 2 11 18 30 2 12 17 30 2 13 16 30 2 14 15 30 2 15 14 30 2 16 13 30 2 17 12 30 2 18 11 30 2 19 10 30 2 21 9 30 2 22 8 30 2 23 7 30 2 25 6 30 2 26 5 30 2 27 4 30 2 29 3 30 2 30 2 30 2 32 1 30 2 34 0 30 3 0 35 30 3 1 33 30 3 2 31 30 3 3 30 30 3 4 28 30 3 5 27 30 3 6 26 30 3 7 24 30 3 8 23 30 3 9 22 30 3 10 20 30 3 11 19 30 3 12 18 30 3 13 17 30 3 14 16 30 3 15 15 30 3 16 14 30 3 17 13 30 3 18 12 30 3 19 11 30 3 20 10 30 3 22 9 30 3 23 8 30 3 24 7 30 3 26 6 30 3 27 5 30 3 28 4 30 3 30 3 30 3 31 2 30 3 33 1 30 3 35 0 30 4 1 35 30 4 2 33 30 4 3 32 30 4 4 30 30 4 5 29 30 4 6 28 30 4 7 26 30 4 8 25 30 4 9 24 30 4 10 22 30 4 11 21 30 4 12 20 30 4 13 19 30 4 14 18 30 4 15 17 30 4 16 16 30 4 17 15 30 4 18 14 30 4 19 13 30 4 20 12 30 4 21 11 30 4 22 10 30 4 24 9 30 4 25 8 30 4 26 7 30 4 28 6 30 4 29 5 30 4 30 4 30 4 32 3 30 4 33 2 30 4 35 1 30 5 1 36 30 5 2 34 30 5 3 33 30 5 4 31 30 5 5 30 30 5 6 29 30 5 7 27 30 5 8 26 30 5 9 25 30 5 10 23 30 5 11 22 30 5 12 21 30 5 13 20 30 5 14 19 30 5 15 18 30 5 16 17 30 5 17 16 30 5 18 15 30 5 19 14 30 5 20 13 30 5 21 12 30 5 22 11 30 5 23 10 30 5 25 9 30 5 26 8 30 5 27 7 30 5 29 6 30 5 30 5 30 5 31 4 30 5 33 3 30 5 34 2 30 5 36 1 30 6 1 37 30 6 2 35 30 6 3 34 30 6 4 32 30 6 5 31 30 6 6 30 30 6 7 28 30 6 8 27 30 6 9 26 30 6 10 24 30 6 11 23 30 6 12 22 30 6 13 21 30 6 14 20 30 6 15 19 30 6 16 18 30 6 17 17 30 6 18 16 30 6 19 15 30 6 20 14 30 6 21 13 30 6 22 12 30 6 23 11 30 6 24 10 30 6 26 9 30 6 27 8 30 6 28 7 30 6 30 6 30 6 31 5 30 6 32 4 30 6 34 3 30 6 35 2 30 6 37 1 30 7 1 39 30 7 2 37 30 7 3 36 30 7 4 34 30 7 5 33 30 7 6 32 30 7 7 30 30 7 8 29 30 7 9 28 30 7 10 26 30 7 11 25 30 7 12 24 30 7 13 23 30 7 14 22 30 7 15 21 30 7 16 20 30 7 17 19 30 7 18 18 30 7 19 17 30 7 20 16 30 7 21 15 30 7 22 14 30 7 23 13 30 7 24 12 30 7 25 11 30 7 26 10 30 7 28 9 30 7 29 8 30 7 30 7 30 7 32 6 30 7 33 5 30 7 34 4 30 7 36 3 30 7 37 2 30 7 39 1 30 8 1 40 30 8 2 38 30 8 3 37 30 8 4 35 30 8 5 34 30 8 6 33 30 8 7 31 30 8 8 30 30 8 9 29 30 8 10 27 30 8 11 26 30 8 12 25 30 8 13 24 30 8 14 23 30 8 15 22 30 8 16 21 30 8 17 20 30 8 18 19 30 8 19 18 30 8 20 17 30 8 21 16 30 8 22 15 30 8 23 14 30 8 24 13 30 8 25 12 30 8 26 11 30 8 27 10 30 8 29 9 30 8 30 8 30 8 31 7 30 8 33 6 30 8 34 5 30 8 35 4 30 8 37 3 30 8 38 2 30 8 40 1 30 9 2 39 30 9 3 38 30 9 4 36 30 9 5 35 30 9 6 34 30 9 7 32 30 9 8 31 30 9 9 30 30 9 10 28 30 9 11 27 30 9 12 26 30 9 13 25 30 9 14 24 30 9 15 23 30 9 16 22 30 9 17 21 30 9 18 20 30 9 19 19 30 9 20 18 30 9 21 17 30 9 22 16 30 9 23 15 30 9 24 14 30 9 25 13 30 9 26 12 30 9 27 11 30 9 28 10 30 9 30 9 30 9 31 8 30 9 32 7 30 9 34 6 30 9 35 5 30 9 36 4 30 9 38 3 30 9 39 2 30 10 2 41 30 10 3 40 30 10 4 38 30 10 5 37 30 10 6 36 30 10 7 34 30 10 8 33 30 10 9 32 30 10 10 30 30 10 11 29 30 10 12 28 30 10 13 27 30 10 14 26 30 10 15 25 30 10 16 24 30 10 17 23 30 10 18 22 30 10 19 21 30 10 20 20 30 10 21 19 30 10 22 18 30 10 23 17 30 10 24 16 30 10 25 15 30 10 26 14 30 10 27 13 30 10 28 12 30 10 29 11 30 10 30 10 30 10 32 9 30 10 33 8 30 10 34 7 30 10 36 6 30 10 37 5 30 10 38 4 30 10 40 3 30 10 41 2 30 11 3 41 30 11 4 39 30 11 5 38 30 11 6 37 30 11 7 35 30 11 8 34 30 11 9 33 30 11 10 31 30 11 11 30 30 11 12 29 30 11 13 28 30 11 14 27 30 11 15 26 30 11 16 25 30 11 17 24 30 11 18 23 30 11 19 22 30 11 20 21 30 11 21 20 30 11 22 19 30 11 23 18 30 11 24 17 30 11 25 16 30 11 26 15 30 11 27 14 30 11 28 13 30 11 29 12 30 11 30 11 30 11 31 10 30 11 33 9 30 11 34 8 30 11 35 7 30 11 37 6 30 11 38 5 30 11 39 4 30 11 41 3 30 12 3 42 30 12 4 40 30 12 5 39 30 12 6 38 30 12 7 36 30 12 8 35 30 12 9 34 30 12 10 32 30 12 11 31 30 12 12 30 30 12 13 29 30 12 14 28 30 12 15 27 30 12 16 26 30 12 17 25 30 12 18 24 30 12 19 23 30 12 20 22 30 12 21 21 30 12 22 20 30 12 23 19 30 12 24 18 30 12 25 17 30 12 26 16 30 12 27 15 30 12 28 14 30 12 29 13 30 12 30 12 30 12 31 11 30 12 32 10 30 12 34 9 30 12 35 8 30 12 36 7 30 12 38 6 30 12 39 5 30 12 40 4 30 12 42 3 30 13 4 41 30 13 5 40 30 13 6 39 30 13 7 37 30 13 8 36 30 13 9 35 30 13 10 33 30 13 11 32 30 13 12 31 30 13 13 30 30 13 14 29 30 13 15 28 30 13 16 27 30 13 17 26 30 13 18 25 30 13 19 24 30 13 20 23 30 13 21 22 30 13 22 21 30 13 23 20 30 13 24 19 30 13 25 18 30 13 26 17 30 13 27 16 30 13 28 15 30 13 29 14 30 13 30 13 30 13 31 12 30 13 32 11 30 13 33 10 30 13 35 9 30 13 36 8 30 13 37 7 30 13 39 6 30 13 40 5 30 13 41 4 30 14 4 42 30 14 5 41 30 14 6 40 30 14 7 38 30 14 8 37 30 14 9 36 30 14 10 34 30 14 11 33 30 14 12 32 30 14 13 31 30 14 14 30 30 14 15 29 30 14 16 28 30 14 17 27 30 14 18 26 30 14 19 25 30 14 20 24 30 14 21 23 30 14 22 22 30 14 23 21 30 14 24 20 30 14 25 19 30 14 26 18 30 14 27 17 30 14 28 16 30 14 29 15 30 14 30 14 30 14 31 13 30 14 32 12 30 14 33 11 30 14 34 10 30 14 36 9 30 14 37 8 30 14 38 7 30 14 40 6 30 14 41 5 30 14 42 4 30 15 5 42 30 15 6 41 30 15 7 39 30 15 8 38 30 15 9 37 30 15 10 35 30 15 11 34 30 15 12 33 30 15 13 32 30 15 14 31 30 15 15 30 30 15 16 29 30 15 17 28 30 15 18 27 30 15 19 26 30 15 20 25 30 15 21 24 30 15 22 23 30 15 23 22 30 15 24 21 30 15 25 20 30 15 26 19 30 15 27 18 30 15 28 17 30 15 29 16 30 15 30 15 30 15 31 14 30 15 32 13 30 15 33 12 30 15 34 11 30 15 35 10 30 15 37 9 30 15 38 8 30 15 39 7 30 15 41 6 30 15 42 5 30 16 6 42 30 16 7 40 30 16 8 39 30 16 9 38 30 16 10 36 30 16 11 35 30 16 12 34 30 16 13 33 30 16 14 32 30 16 15 31 30 16 16 30 30 16 17 29 30 16 18 28 30 16 19 27 30 16 20 26 30 16 21 25 30 16 22 24 30 16 23 23 30 16 24 22 30 16 25 21 30 16 26 20 30 16 27 19 30 16 28 18 30 16 29 17 30 16 30 16 30 16 31 15 30 16 32 14 30 16 33 13 30 16 34 12 30 16 35 11 30 16 36 10 30 16 38 9 30 16 39 8 30 16 40 7 30 16 42 6 30 17 7 41 30 17 8 40 30 17 9 39 30 17 10 37 30 17 11 36 30 17 12 35 30 17 13 34 30 17 14 33 30 17 15 32 30 17 16 31 30 17 17 30 30 17 18 29 30 17 19 28 30 17 20 27 30 17 21 26 30 17 22 25 30 17 23 24 30 17 24 23 30 17 25 22 30 17 26 21 30 17 27 20 30 17 28 19 30 17 29 18 30 17 30 17 30 17 31 16 30 17 32 15 30 17 33 14 30 17 34 13 30 17 35 12 30 17 36 11 30 17 37 10 30 17 39 9 30 17 40 8 30 17 41 7 30 18 7 42 30 18 8 41 30 18 9 40 30 18 10 38 30 18 11 37 30 18 12 36 30 18 13 35 30 18 14 34 30 18 15 33 30 18 16 32 30 18 17 31 30 18 18 30 30 18 19 29 30 18 20 28 30 18 21 27 30 18 22 26 30 18 23 25 30 18 24 24 30 18 25 23 30 18 26 22 30 18 27 21 30 18 28 20 30 18 29 19 30 18 30 18 30 18 31 17 30 18 32 16 30 18 33 15 30 18 34 14 30 18 35 13 30 18 36 12 30 18 37 11 30 18 38 10 30 18 40 9 30 18 41 8 30 18 42 7 30 19 8 42 30 19 9 41 30 19 10 39 30 19 11 38 30 19 12 37 30 19 13 36 30 19 14 35 30 19 15 34 30 19 16 33 30 19 17 32 30 19 18 31 30 19 19 30 30 19 20 29 30 19 21 28 30 19 22 27 30 19 23 26 30 19 24 25 30 19 25 24 30 19 26 23 30 19 27 22 30 19 28 21 30 19 29 20 30 19 30 19 30 19 31 18 30 19 32 17 30 19 33 16 30 19 34 15 30 19 35 14 30 19 36 13 30 19 37 12 30 19 38 11 30 19 39 10 30 19 41 9 30 19 42 8 30 20 9 42 30 20 10 40 30 20 11 39 30 20 12 38 30 20 13 37 30 20 14 36 30 20 15 35 30 20 16 34 30 20 17 33 30 20 18 32 30 20 19 31 30 20 20 30 30 20 21 29 30 20 22 28 30 20 23 27 30 20 24 26 30 20 25 25 30 20 26 24 30 20 27 23 30 20 28 22 30 20 29 21 30 20 30 20 30 20 31 19 30 20 32 18 30 20 33 17 30 20 34 16 30 20 35 15 30 20 36 14 30 20 37 13 30 20 38 12 30 20 39 11 30 20 40 10 30 20 42 9 30 21 10 41 30 21 11 40 30 21 12 39 30 21 13 38 30 21 14 37 30 21 15 36 30 21 16 35 30 21 17 34 30 21 18 33 30 21 19 32 30 21 20 31 30 21 21 30 30 21 22 29 30 21 23 28 30 21 24 27 30 21 25 26 30 21 26 25 30 21 27 24 30 21 28 23 30 21 29 22 30 21 30 21 30 21 31 20 30 21 32 19 30 21 33 18 30 21 34 17 30 21 35 16 30 21 36 15 30 21 37 14 30 21 38 13 30 21 39 12 30 21 40 11 30 21 41 10 30 22 10 42 30 22 11 41 30 22 12 40 30 22 13 39 30 22 14 38 30 22 15 37 30 22 16 36 30 22 17 35 30 22 18 34 30 22 19 33 30 22 20 32 30 22 21 31 30 22 22 30 30 22 23 29 30 22 24 28 30 22 25 27 30 22 26 26 30 22 27 25 30 22 28 24 30 22 29 23 30 22 30 22 30 22 31 21 30 22 32 20 30 22 33 19 30 22 34 18 30 22 35 17 30 22 36 16 30 22 37 15 30 22 38 14 30 22 39 13 30 22 40 12 30 22 41 11 30 22 42 10 30 23 11 42 30 23 12 41 30 23 13 40 30 23 14 39 30 23 15 38 30 23 16 37 30 23 17 36 30 23 18 35 30 23 19 34 30 23 20 33 30 23 21 32 30 23 22 31 30 23 23 30 30 23 24 29 30 23 25 28 30 23 26 27 30 23 27 26 30 23 28 25 30 23 29 24 30 23 30 23 30 23 31 22 30 23 32 21 30 23 33 20 30 23 34 19 30 23 35 18 30 23 36 17 30 23 37 16 30 23 38 15 30 23 39 14 30 23 40 13 30 23 41 12 30 23 42 11 30 24 12 42 30 24 13 41 30 24 14 40 30 24 15 39 30 24 16 38 30 24 17 37 30 24 18 36 30 24 19 35 30 24 20 34 30 24 21 33 30 24 22 32 30 24 23 31 30 24 24 30 30 24 25 29 30 24 26 28 30 24 27 27 30 24 28 26 30 24 29 25 30 24 30 24 30 24 31 23 30 24 32 22 30 24 33 21 30 24 34 20 30 24 35 19 30 24 36 18 30 24 37 17 30 24 38 16 30 24 39 15 30 24 40 14 30 24 41 13 30 24 42 12 30 25 13 42 30 25 14 41 30 25 15 40 30 25 16 39 30 25 17 38 30 25 18 37 30 25 19 36 30 25 20 35 30 25 21 34 30 25 22 33 30 25 23 32 30 25 24 31 30 25 25 30 30 25 26 29 30 25 27 28 30 25 28 27 30 25 29 26 30 25 30 25 30 25 31 24 30 25 32 23 30 25 33 22 30 25 34 21 30 25 35 20 30 25 36 19 30 25 37 18 30 25 38 17 30 25 39 16 30 25 40 15 30 25 41 14 30 25 42 13 30 26 14 42 30 26 15 41 30 26 16 40 30 26 17 39 30 26 18 38 30 26 19 37 30 26 20 36 30 26 21 35 30 26 22 34 30 26 23 33 30 26 24 32 30 26 25 31 30 26 26 30 30 26 27 29 30 26 28 28 30 26 29 27 30 26 30 26 30 26 31 25 30 26 32 24 30 26 33 23 30 26 34 22 30 26 35 21 30 26 36 20 30 26 37 19 30 26 38 18 30 26 39 17 30 26 40 16 30 26 41 15 30 26 42 14 30 27 15 42 30 27 16 41 30 27 17 40 30 27 18 39 30 27 19 38 30 27 20 37 30 27 21 36 30 27 22 35 30 27 23 34 30 27 24 33 30 27 25 32 30 27 26 31 30 27 27 30 30 27 28 29 30 27 29 28 30 27 30 27 30 27 31 26 30 27 32 25 30 27 33 24 30 27 34 23 30 27 35 22 30 27 36 21 30 27 37 20 30 27 38 19 30 27 39 18 30 27 40 17 30 27 41 16 30 27 42 15 30 28 16 42 30 28 17 41 30 28 18 40 30 28 19 39 30 28 20 38 30 28 21 37 30 28 22 36 30 28 23 35 30 28 24 34 30 28 25 33 30 28 26 32 30 28 27 31 30 28 28 30 30 28 29 29 30 28 30 28 30 28 31 27 30 28 32 26 30 28 33 25 30 28 34 24 30 28 35 23 30 28 36 22 30 28 37 21 30 28 38 20 30 28 39 19 30 28 40 18 30 28 41 17 30 28 42 16 30 29 17 42 30 29 18 41 30 29 19 40 30 29 20 39 30 29 21 38 30 29 22 37 30 29 23 36 30 29 24 35 30 29 25 34 30 29 26 33 30 29 27 32 30 29 28 31 30 29 29 30 30 29 30 29 30 29 31 28 30 29 32 27 30 29 33 26 30 29 34 25 30 29 35 24 30 29 36 23 30 29 37 22 30 29 38 21 30 29 39 20 30 29 40 19 30 29 41 18 30 29 42 17 30 30 18 42 30 30 19 41 30 30 20 40 30 30 21 39 30 30 22 38 30 30 23 37 30 30 24 36 30 30 25 35 30 30 26 34 30 30 27 33 30 30 28 32 30 30 29 31 30 30 30 30 30 30 31 29 30 30 32 28 30 30 33 27 30 30 34 26 30 30 35 25 30 30 36 24 30 30 37 23 30 30 38 22 30 30 39 21 30 30 40 20 30 30 41 19 30 30 42 18 30 31 19 42 30 31 20 41 30 31 21 40 30 31 22 39 30 31 23 38 30 31 24 37 30 31 25 36 30 31 26 35 30 31 27 34 30 31 28 33 30 31 29 32 30 31 30 31 30 31 31 30 30 31 32 29 30 31 33 28 30 31 34 27 30 31 35 26 30 31 36 25 30 31 37 24 30 31 38 23 30 31 39 22 30 31 40 21 30 31 41 20 30 31 42 19 30 32 20 42 30 32 21 41 30 32 22 40 30 32 23 39 30 32 24 38 30 32 25 37 30 32 26 36 30 32 27 35 30 32 28 34 30 32 29 33 30 32 30 32 30 32 31 31 30 32 32 30 30 32 33 29 30 32 34 28 30 32 35 27 30 32 36 26 30 32 37 25 30 32 38 24 30 32 39 23 30 32 40 22 30 32 41 21 30 32 42 20 30 33 21 42 30 33 22 41 30 33 23 40 30 33 24 39 30 33 25 38 30 33 26 37 30 33 27 36 30 33 28 35 30 33 29 34 30 33 30 33 30 33 31 32 30 33 32 31 30 33 33 30 30 33 34 29 30 33 35 28 30 33 36 27 30 33 37 26 30 33 38 25 30 33 39 24 30 33 40 23 30 33 41 22 30 33 42 21 30 34 22 42 30 34 23 41 30 34 24 40 30 34 25 39 30 34 26 38 30 34 27 37 30 34 28 36 30 34 29 35 30 34 30 34 30 34 31 33 30 34 32 32 30 34 33 31 30 34 34 30 30 34 35 29 30 34 36 28 30 34 37 27 30 34 38 26 30 34 39 25 30 34 40 24 30 34 41 23 30 34 42 22 30 35 23 42 30 35 24 41 30 35 25 40 30 35 26 39 30 35 27 38 30 35 28 37 30 35 29 36 30 35 30 35 30 35 31 34 30 35 32 33 30 35 33 32 30 35 34 31 30 35 35 30 30 35 36 29 30 35 37 28 30 35 38 27 30 35 39 26 30 35 40 25 30 35 41 24 30 35 42 23 30 36 24 42 30 36 25 41 30 36 26 40 30 36 27 39 30 36 28 38 30 36 29 37 30 36 30 36 30 36 31 35 30 36 32 34 30 36 33 33 30 36 34 32 30 36 35 31 30 36 36 30 30 36 37 29 30 36 38 28 30 36 39 27 30 36 40 26 30 36 41 25 30 36 42 24 30 37 25 42 30 37 26 41 30 37 27 40 30 37 28 39 30 37 29 38 30 37 30 37 30 37 31 36 30 37 32 35 30 37 33 34 30 37 34 33 30 37 35 32 30 37 36 31 30 37 37 30 30 37 38 29 30 37 39 28 30 37 40 27 30 37 41 26 30 37 42 25 30 38 26 42 30 38 27 41 30 38 28 40 30 38 29 39 30 38 30 38 30 38 31 37 30 38 32 36 30 38 33 35 30 38 34 34 30 38 35 33 30 38 36 32 30 38 37 31 30 38 38 30 30 38 39 29 30 38 40 28 30 38 41 27 30 38 42 26 30 39 27 42 30 39 28 41 30 39 29 40 30 39 30 39 30 39 31 38 30 39 32 37 30 39 33 36 30 39 34 35 30 39 35 34 30 39 36 33 30 39 37 32 30 39 38 31 30 39 39 30 30 39 40 29 30 39 41 28 30 39 42 27 30 40 28 42 30 40 29 41 30 40 30 40 30 40 31 39 30 40 32 38 30 40 33 37 30 40 34 36 30 40 35 35 30 40 36 34 30 40 37 33 30 40 38 32 30 40 39 31 30 40 40 30 30 40 41 29 30 40 42 28 30 41 29 42 30 41 30 41 30 41 31 40 30 41 32 39 30 41 33 38 30 41 34 37 30 41 35 36 30 41 36 35 30 41 37 34 30 41 38 33 30 41 39 32 30 41 40 31 30 41 41 30 30 41 42 29 30 42 30 42 30 42 31 41 30 42 32 40 30 42 33 39 30 42 34 38 30 42 35 37 30 42 36 36 30 42 37 35 30 42 38 34 30 42 39 33 30 42 40 32 30 42 41 31 30 42 42 30 












