

































34 0 0 34 34 0 1 32 34 0 2 30 34 0 3 29 34 0 4 27 34 0 5 25 34 0 6 23 34 0 7 22 34 0 8 21 34 0 10 19 34 0 11 18 34 0 12 17 34 0 13 16 34 0 14 15 34 0 15 14 34 0 16 13 34 0 17 12 34 0 18 11 34 0 19 10 34 0 21 8 34 0 22 7 34 0 23 6 34 0 25 5 34 0 27 4 34 0 29 3 34 0 30 2 34 0 32 1 34 0 34 0 34 1 0 36 34 1 1 34 34 1 2 32 34 1 3 31 34 1 4 29 34 1 5 27 34 1 6 25 34 1 7 24 34 1 8 23 34 1 9 22 34 1 10 21 34 1 11 20 34 1 12 19 34 1 13 18 34 1 14 17 34 1 15 16 34 1 16 15 34 1 17 14 34 1 18 13 34 1 19 12 34 1 20 11 34 1 21 10 34 1 22 9 34 1 23 8 34 1 24 7 34 1 25 6 34 1 27 5 34 1 29 4 34 1 31 3 34 1 32 2 34 1 34 1 34 1 36 0 34 2 0 38 34 2 1 36 34 2 2 34 34 2 3 33 34 2 4 31 34 2 5 29 34 2 6 27 34 2 7 26 34 2 8 25 34 2 10 23 34 2 11 22 34 2 12 21 34 2 13 20 34 2 14 19 34 2 16 17 34 2 17 16 34 2 19 14 34 2 20 13 34 2 21 12 34 2 22 11 34 2 23 10 34 2 25 8 34 2 26 7 34 2 27 6 34 2 29 5 34 2 31 4 34 2 33 3 34 2 34 2 34 2 36 1 34 2 38 0 34 3 0 39 34 3 1 37 34 3 2 35 34 3 3 34 34 3 4 32 34 3 5 30 34 3 6 28 34 3 7 27 34 3 8 26 34 3 9 25 34 3 10 24 34 3 11 23 34 3 12 22 34 3 13 21 34 3 14 20 34 3 15 19 34 3 16 18 34 3 17 17 34 3 18 16 34 3 19 15 34 3 20 14 34 3 21 13 34 3 22 12 34 3 23 11 34 3 24 10 34 3 25 9 34 3 26 8 34 3 27 7 34 3 28 6 34 3 30 5 34 3 32 4 34 3 34 3 34 3 35 2 34 3 37 1 34 3 39 0 34 4 0 41 34 4 1 39 34 4 2 37 34 4 3 36 34 4 4 34 34 4 5 32 34 4 6 30 34 4 7 29 34 4 8 28 34 4 9 27 34 4 10 26 34 4 11 25 34 4 12 24 34 4 13 23 34 4 14 22 34 4 15 21 34 4 16 20 34 4 17 19 34 4 18 18 34 4 19 17 34 4 20 16 34 4 21 15 34 4 22 14 34 4 23 13 34 4 24 12 34 4 25 11 34 4 26 10 34 4 27 9 34 4 28 8 34 4 29 7 34 4 30 6 34 4 32 5 34 4 34 4 34 4 36 3 34 4 37 2 34 4 39 1 34 4 41 0 34 5 0 43 34 5 1 41 34 5 2 39 34 5 3 38 34 5 4 36 34 5 5 34 34 5 6 32 34 5 7 31 34 5 8 30 34 5 9 29 34 5 10 28 34 5 11 27 34 5 12 26 34 5 13 25 34 5 14 24 34 5 15 23 34 5 16 22 34 5 17 21 34 5 18 20 34 5 19 19 34 5 20 18 34 5 21 17 34 5 22 16 34 5 23 15 34 5 24 14 34 5 25 13 34 5 26 12 34 5 27 11 34 5 28 10 34 5 29 9 34 5 30 8 34 5 31 7 34 5 32 6 34 5 34 5 34 5 36 4 34 5 38 3 34 5 39 2 34 5 41 1 34 5 43 0 34 6 0 45 34 6 1 43 34 6 2 41 34 6 3 40 34 6 4 38 34 6 5 36 34 6 6 34 34 6 7 33 34 6 8 32 34 6 9 31 34 6 10 30 34 6 11 29 34 6 12 28 34 6 13 27 34 6 14 26 34 6 15 25 34 6 16 24 34 6 17 23 34 6 18 22 34 6 19 21 34 6 20 20 34 6 21 19 34 6 22 18 34 6 23 17 34 6 24 16 34 6 25 15 34 6 26 14 34 6 27 13 34 6 28 12 34 6 29 11 34 6 30 10 34 6 31 9 34 6 32 8 34 6 33 7 34 6 34 6 34 6 36 5 34 6 38 4 34 6 40 3 34 6 41 2 34 6 43 1 34 6 45 0 34 7 0 46 34 7 1 44 34 7 2 42 34 7 3 41 34 7 4 39 34 7 5 37 34 7 6 35 34 7 7 34 34 7 8 33 34 7 9 32 34 7 10 31 34 7 11 30 34 7 12 29 34 7 13 28 34 7 14 27 34 7 15 26 34 7 16 25 34 7 17 24 34 7 18 23 34 7 19 22 34 7 20 21 34 7 21 20 34 7 22 19 34 7 23 18 34 7 24 17 34 7 25 16 34 7 26 15 34 7 27 14 34 7 28 13 34 7 29 12 34 7 30 11 34 7 31 10 34 7 32 9 34 7 33 8 34 7 34 7 34 7 35 6 34 7 37 5 34 7 39 4 34 7 41 3 34 7 42 2 34 7 44 1 34 7 46 0 34 8 0 47 34 8 1 45 34 8 2 43 34 8 3 42 34 8 4 40 34 8 5 38 34 8 6 36 34 8 7 35 34 8 8 34 34 8 9 33 34 8 10 32 34 8 11 31 34 8 12 30 34 8 13 29 34 8 14 28 34 8 15 27 34 8 16 26 34 8 17 25 34 8 18 24 34 8 19 23 34 8 20 22 34 8 21 21 34 8 22 20 34 8 23 19 34 8 24 18 34 8 25 17 34 8 26 16 34 8 27 15 34 8 28 14 34 8 29 13 34 8 30 12 34 8 31 11 34 8 32 10 34 8 33 9 34 8 34 8 34 8 35 7 34 8 36 6 34 8 38 5 34 8 40 4 34 8 42 3 34 8 43 2 34 8 45 1 34 8 47 0 34 9 0 48 34 9 1 46 34 9 2 44 34 9 3 43 34 9 4 41 34 9 5 39 34 9 6 37 34 9 7 36 34 9 8 35 34 9 9 34 34 9 10 33 34 9 11 32 34 9 12 31 34 9 13 30 34 9 14 29 34 9 15 28 34 9 16 27 34 9 17 26 34 9 18 25 34 9 19 24 34 9 20 23 34 9 21 22 34 9 22 21 34 9 23 20 34 9 24 19 34 9 25 18 34 9 26 17 34 9 27 16 34 9 28 15 34 9 29 14 34 9 30 13 34 9 31 12 34 9 32 11 34 9 33 10 34 9 34 9 34 9 35 8 34 9 36 7 34 9 37 6 34 9 39 5 34 9 41 4 34 9 43 3 34 9 44 2 34 9 46 1 34 9 48 0 34 10 0 49 34 10 1 47 34 10 2 45 34 10 3 44 34 10 4 42 34 10 5 40 34 10 6 38 34 10 7 37 34 10 8 36 34 10 9 35 34 10 10 34 34 10 11 33 34 10 12 32 34 10 13 31 34 10 14 30 34 10 15 29 34 10 16 28 34 10 17 27 34 10 18 26 34 10 19 25 34 10 20 24 34 10 21 23 34 10 22 22 34 10 23 21 34 10 24 20 34 10 25 19 34 10 26 18 34 10 27 17 34 10 28 16 34 10 29 15 34 10 30 14 34 10 31 13 34 10 32 12 34 10 33 11 34 10 34 10 34 10 35 9 34 10 36 8 34 10 37 7 34 10 38 6 34 10 40 5 34 10 42 4 34 10 44 3 34 10 45 2 34 10 47 1 34 10 49 0 34 11 0 50 34 11 1 48 34 11 2 46 34 11 3 45 34 11 4 43 34 11 5 41 34 11 6 39 34 11 7 38 34 11 8 37 34 11 9 36 34 11 10 35 34 11 11 34 34 11 12 33 34 11 13 32 34 11 14 31 34 11 15 30 34 11 16 29 34 11 17 28 34 11 18 27 34 11 19 26 34 11 20 25 34 11 21 24 34 11 22 23 34 11 23 22 34 11 24 21 34 11 25 20 34 11 26 19 34 11 27 18 34 11 28 17 34 11 29 16 34 11 30 15 34 11 31 14 34 11 32 13 34 11 33 12 34 11 34 11 34 11 35 10 34 11 36 9 34 11 37 8 34 11 38 7 34 11 39 6 34 11 41 5 34 11 43 4 34 11 45 3 34 11 46 2 34 11 48 1 34 11 50 0 34 12 1 49 34 12 3 46 34 12 4 44 34 12 5 42 34 12 6 40 34 12 7 39 34 12 8 38 34 12 9 37 34 12 10 36 34 12 11 35 34 12 12 34 34 12 13 33 34 12 14 32 34 12 15 31 34 12 16 30 34 12 17 29 34 12 18 28 34 12 19 27 34 12 20 26 34 12 21 25 34 12 22 24 34 12 23 23 34 12 24 22 34 12 25 21 34 12 26 20 34 12 27 19 34 12 28 18 34 12 29 17 34 12 30 16 34 12 31 15 34 12 32 14 34 12 33 13 34 12 34 12 34 12 35 11 34 12 36 10 34 12 37 9 34 12 38 8 34 12 39 7 34 12 40 6 34 12 42 5 34 12 44 4 34 12 46 3 34 12 49 1 34 13 1 50 34 13 2 48 34 13 3 47 34 13 4 45 34 13 5 43 34 13 6 41 34 13 7 40 34 13 8 39 34 13 9 38 34 13 10 37 34 13 11 36 34 13 12 35 34 13 13 34 34 13 14 33 34 13 15 32 34 13 16 31 34 13 17 30 34 13 18 29 34 13 19 28 34 13 20 27 34 13 21 26 34 13 22 25 34 13 23 24 34 13 24 23 34 13 25 22 34 13 26 21 34 13 27 20 34 13 28 19 34 13 29 18 34 13 30 17 34 13 31 16 34 13 32 15 34 13 33 14 34 13 34 13 34 13 35 12 34 13 36 11 34 13 37 10 34 13 38 9 34 13 39 8 34 13 40 7 34 13 41 6 34 13 43 5 34 13 45 4 34 13 47 3 34 13 48 2 34 13 50 1 34 14 1 51 34 14 2 49 34 14 3 48 34 14 4 46 34 14 5 44 34 14 6 42 34 14 7 41 34 14 8 40 34 14 9 39 34 14 10 38 34 14 11 37 34 14 12 36 34 14 13 35 34 14 14 34 34 14 15 33 34 14 16 32 34 14 17 31 34 14 18 30 34 14 19 29 34 14 20 28 34 14 21 27 34 14 22 26 34 14 23 25 34 14 24 24 34 14 25 23 34 14 26 22 34 14 27 21 34 14 28 20 34 14 29 19 34 14 30 18 34 14 31 17 34 14 32 16 34 14 33 15 34 14 34 14 34 14 35 13 34 14 36 12 34 14 37 11 34 14 38 10 34 14 39 9 34 14 40 8 34 14 41 7 34 14 42 6 34 14 44 5 34 14 46 4 34 14 48 3 34 14 49 2 34 14 51 1 34 15 1 52 34 15 2 50 34 15 3 49 34 15 4 47 34 15 5 45 34 15 6 43 34 15 7 42 34 15 8 41 34 15 9 40 34 15 10 39 34 15 11 38 34 15 12 37 34 15 13 36 34 15 14 35 34 15 15 34 34 15 16 33 34 15 17 32 34 15 18 31 34 15 19 30 34 15 20 29 34 15 21 28 34 15 22 27 34 15 23 26 34 15 24 25 34 15 25 24 34 15 26 23 34 15 27 22 34 15 28 21 34 15 29 20 34 15 30 19 34 15 31 18 34 15 32 17 34 15 33 16 34 15 34 15 34 15 35 14 34 15 36 13 34 15 37 12 34 15 38 11 34 15 39 10 34 15 40 9 34 15 41 8 34 15 42 7 34 15 43 6 34 15 45 5 34 15 47 4 34 15 49 3 34 15 50 2 34 15 52 1 34 16 1 53 34 16 2 51 34 16 3 50 34 16 4 48 34 16 5 46 34 16 6 44 34 16 7 43 34 16 8 42 34 16 9 41 34 16 10 40 34 16 11 39 34 16 12 38 34 16 13 37 34 16 14 36 34 16 15 35 34 16 16 34 34 16 17 33 34 16 18 32 34 16 19 31 34 16 20 30 34 16 21 29 34 16 22 28 34 16 23 27 34 16 24 26 34 16 25 25 34 16 26 24 34 16 27 23 34 16 28 22 34 16 29 21 34 16 30 20 34 16 31 19 34 16 32 18 34 16 33 17 34 16 34 16 34 16 35 15 34 16 36 14 34 16 37 13 34 16 38 12 34 16 39 11 34 16 40 10 34 16 41 9 34 16 42 8 34 16 43 7 34 16 44 6 34 16 46 5 34 16 48 4 34 16 50 3 34 16 51 2 34 16 53 1 34 17 1 54 34 17 2 52 34 17 3 51 34 17 4 49 34 17 5 47 34 17 6 45 34 17 7 44 34 17 8 43 34 17 9 42 34 17 10 41 34 17 11 40 34 17 12 39 34 17 13 38 34 17 14 37 34 17 15 36 34 17 16 35 34 17 17 34 34 17 18 33 34 17 19 32 34 17 20 31 34 17 21 30 34 17 22 29 34 17 23 28 34 17 24 27 34 17 25 26 34 17 26 25 34 17 27 24 34 17 28 23 34 17 29 22 34 17 30 21 34 17 31 20 34 17 32 19 34 17 33 18 34 17 34 17 34 17 35 16 34 17 36 15 34 17 37 14 34 17 38 13 34 17 39 12 34 17 40 11 34 17 41 10 34 17 42 9 34 17 43 8 34 17 44 7 34 17 45 6 34 17 47 5 34 17 49 4 34 17 51 3 34 17 52 2 34 17 54 1 34 18 1 55 34 18 2 53 34 18 3 52 34 18 4 50 34 18 5 48 34 18 6 46 34 18 7 45 34 18 8 44 34 18 9 43 34 18 10 42 34 18 11 41 34 18 12 40 34 18 13 39 34 18 14 38 34 18 15 37 34 18 16 36 34 18 17 35 34 18 18 34 34 18 19 33 34 18 20 32 34 18 21 31 34 18 22 30 34 18 23 29 34 18 24 28 34 18 25 27 34 18 26 26 34 18 27 25 34 18 28 24 34 18 29 23 34 18 30 22 34 18 31 21 34 18 32 20 34 18 33 19 34 18 34 18 34 18 35 17 34 18 36 16 34 18 37 15 34 18 38 14 34 18 39 13 34 18 40 12 34 18 41 11 34 18 42 10 34 18 43 9 34 18 44 8 34 18 45 7 34 18 46 6 34 18 48 5 34 18 50 4 34 18 52 3 34 18 53 2 34 18 55 1 34 19 1 56 34 19 2 54 34 19 3 53 34 19 4 51 34 19 5 49 34 19 6 47 34 19 7 46 34 19 8 45 34 19 9 44 34 19 10 43 34 19 11 42 34 19 12 41 34 19 13 40 34 19 14 39 34 19 15 38 34 19 16 37 34 19 17 36 34 19 18 35 34 19 19 34 34 19 20 33 34 19 21 32 34 19 22 31 34 19 23 30 34 19 24 29 34 19 25 28 34 19 26 27 34 19 27 26 34 19 28 25 34 19 29 24 34 19 30 23 34 19 31 22 34 19 32 21 34 19 33 20 34 19 34 19 34 19 35 18 34 19 36 17 34 19 37 16 34 19 38 15 34 19 39 14 34 19 40 13 34 19 41 12 34 19 42 11 34 19 43 10 34 19 44 9 34 19 45 8 34 19 46 7 34 19 47 6 34 19 49 5 34 19 51 4 34 19 53 3 34 19 54 2 34 19 56 1 34 20 1 57 34 20 2 55 34 20 3 54 34 20 4 52 34 20 5 50 34 20 6 48 34 20 7 47 34 20 8 46 34 20 9 45 34 20 10 44 34 20 11 43 34 20 12 42 34 20 13 41 34 20 14 40 34 20 15 39 34 20 16 38 34 20 17 37 34 20 18 36 34 20 19 35 34 20 20 34 34 20 21 33 34 20 22 32 34 20 23 31 34 20 24 30 34 20 25 29 34 20 26 28 34 20 27 27 34 20 28 26 34 20 29 25 34 20 30 24 34 20 31 23 34 20 32 22 34 20 33 21 34 20 34 20 34 20 35 19 34 20 36 18 34 20 37 17 34 20 38 16 34 20 39 15 34 20 40 14 34 20 41 13 34 20 42 12 34 20 43 11 34 20 44 10 34 20 45 9 34 20 46 8 34 20 47 7 34 20 48 6 34 20 50 5 34 20 52 4 34 20 54 3 34 20 55 2 34 20 57 1 34 21 1 58 34 21 2 56 34 21 3 55 34 21 4 53 34 21 5 51 34 21 6 49 34 21 7 48 34 21 8 47 34 21 9 46 34 21 10 45 34 21 11 44 34 21 12 43 34 21 13 42 34 21 14 41 34 21 15 40 34 21 16 39 34 21 17 38 34 21 18 37 34 21 19 36 34 21 20 35 34 21 21 34 34 21 22 33 34 21 23 32 34 21 24 31 34 21 25 30 34 21 26 29 34 21 27 28 34 21 28 27 34 21 29 26 34 21 30 25 34 21 31 24 34 21 32 23 34 21 33 22 34 21 34 21 34 21 35 20 34 21 36 19 34 21 37 18 34 21 38 17 34 21 39 16 34 21 40 15 34 21 41 14 34 21 42 13 34 21 43 12 34 21 44 11 34 21 45 10 34 21 46 9 34 21 47 8 34 21 48 7 34 21 49 6 34 21 51 5 34 21 53 4 34 21 55 3 34 21 56 2 34 21 58 1 34 22 1 59 34 22 2 57 34 22 3 56 34 22 4 54 34 22 5 52 34 22 6 50 34 22 7 49 34 22 8 48 34 22 9 47 34 22 10 46 34 22 11 45 34 22 12 44 34 22 13 43 34 22 14 42 34 22 15 41 34 22 16 40 34 22 17 39 34 22 18 38 34 22 19 37 34 22 20 36 34 22 21 35 34 22 22 34 34 22 23 33 34 22 24 32 34 22 25 31 34 22 26 30 34 22 27 29 34 22 28 28 34 22 29 27 34 22 30 26 34 22 31 25 34 22 32 24 34 22 33 23 34 22 34 22 34 22 35 21 34 22 36 20 34 22 37 19 34 22 38 18 34 22 39 17 34 22 40 16 34 22 41 15 34 22 42 14 34 22 43 13 34 22 44 12 34 22 45 11 34 22 46 10 34 22 47 9 34 22 48 8 34 22 49 7 34 22 50 6 34 22 52 5 34 22 54 4 34 22 56 3 34 22 57 2 34 22 59 1 34 23 2 58 34 23 3 57 34 23 4 55 34 23 5 53 34 23 6 51 34 23 7 50 34 23 8 49 34 23 9 48 34 23 10 47 34 23 11 46 34 23 12 45 34 23 13 44 34 23 14 43 34 23 15 42 34 23 16 41 34 23 17 40 34 23 18 39 34 23 19 38 34 23 20 37 34 23 21 36 34 23 22 35 34 23 23 34 34 23 24 33 34 23 25 32 34 23 26 31 34 23 27 30 34 23 28 29 34 23 29 28 34 23 30 27 34 23 31 26 34 23 32 25 34 23 33 24 34 23 34 23 34 23 35 22 34 23 36 21 34 23 37 20 34 23 38 19 34 23 39 18 34 23 40 17 34 23 41 16 34 23 42 15 34 23 43 14 34 23 44 13 34 23 45 12 34 23 46 11 34 23 47 10 34 23 48 9 34 23 49 8 34 23 50 7 34 23 51 6 34 23 53 5 34 23 55 4 34 23 57 3 34 23 58 2 34 24 2 59 34 24 3 58 34 24 4 56 34 24 5 54 34 24 6 52 34 24 7 51 34 24 8 50 34 24 9 49 34 24 10 48 34 24 11 47 34 24 12 46 34 24 13 45 34 24 14 44 34 24 15 43 34 24 16 42 34 24 17 41 34 24 18 40 34 24 19 39 34 24 20 38 34 24 21 37 34 24 22 36 34 24 23 35 34 24 24 34 34 24 25 33 34 24 26 32 34 24 27 31 34 24 28 30 34 24 29 29 34 24 30 28 34 24 31 27 34 24 32 26 34 24 33 25 34 24 34 24 34 24 35 23 34 24 36 22 34 24 37 21 34 24 38 20 34 24 39 19 34 24 40 18 34 24 41 17 34 24 42 16 34 24 43 15 34 24 44 14 34 24 45 13 34 24 46 12 34 24 47 11 34 24 48 10 34 24 49 9 34 24 50 8 34 24 51 7 34 24 52 6 34 24 54 5 34 24 56 4 34 24 58 3 34 24 59 2 34 25 2 60 34 25 3 59 34 25 4 57 34 25 5 55 34 25 6 53 34 25 7 52 34 25 8 51 34 25 9 50 34 25 10 49 34 25 11 48 34 25 12 47 34 25 13 46 34 25 14 45 34 25 15 44 34 25 16 43 34 25 17 42 34 25 18 41 34 25 19 40 34 25 20 39 34 25 21 38 34 25 22 37 34 25 23 36 34 25 24 35 34 25 25 34 34 25 26 33 34 25 27 32 34 25 28 31 34 25 29 30 34 25 30 29 34 25 31 28 34 25 32 27 34 25 33 26 34 25 34 25 34 25 35 24 34 25 36 23 34 25 37 22 34 25 38 21 34 25 39 20 34 25 40 19 34 25 41 18 34 25 42 17 34 25 43 16 34 25 44 15 34 25 45 14 34 25 46 13 34 25 47 12 34 25 48 11 34 25 49 10 34 25 50 9 34 25 51 8 34 25 52 7 34 25 53 6 34 25 55 5 34 25 57 4 34 25 59 3 34 25 60 2 34 26 2 61 34 26 3 60 34 26 4 58 34 26 5 56 34 26 6 54 34 26 7 53 34 26 8 52 34 26 9 51 34 26 10 50 34 26 11 49 34 26 12 48 34 26 13 47 34 26 14 46 34 26 15 45 34 26 16 44 34 26 17 43 34 26 18 42 34 26 19 41 34 26 20 40 34 26 21 39 34 26 22 38 34 26 23 37 34 26 24 36 34 26 25 35 34 26 26 34 34 26 27 33 34 26 28 32 34 26 29 31 34 26 30 30 34 26 31 29 34 26 32 28 34 26 33 27 34 26 34 26 34 26 35 25 34 26 36 24 34 26 37 23 34 26 38 22 34 26 39 21 34 26 40 20 34 26 41 19 34 26 42 18 34 26 43 17 34 26 44 16 34 26 45 15 34 26 46 14 34 26 47 13 34 26 48 12 34 26 49 11 34 26 50 10 34 26 51 9 34 26 52 8 34 26 53 7 34 26 54 6 34 26 56 5 34 26 58 4 34 26 60 3 34 26 61 2 34 27 2 62 34 27 3 61 34 27 4 59 34 27 5 57 34 27 6 55 34 27 7 54 34 27 8 53 34 27 9 52 34 27 10 51 34 27 11 50 34 27 12 49 34 27 13 48 34 27 14 47 34 27 15 46 34 27 16 45 34 27 17 44 34 27 18 43 34 27 19 42 34 27 20 41 34 27 21 40 34 27 22 39 34 27 23 38 34 27 24 37 34 27 25 36 34 27 26 35 34 27 27 34 34 27 28 33 34 27 29 32 34 27 30 31 34 27 31 30 34 27 32 29 34 27 33 28 34 27 34 27 34 27 35 26 34 27 36 25 34 27 37 24 34 27 38 23 34 27 39 22 34 27 40 21 34 27 41 20 34 27 42 19 34 27 43 18 34 27 44 17 34 27 45 16 34 27 46 15 34 27 47 14 34 27 48 13 34 27 49 12 34 27 50 11 34 27 51 10 34 27 52 9 34 27 53 8 34 27 54 7 34 27 55 6 34 27 57 5 34 27 59 4 34 27 61 3 34 27 62 2 34 28 2 63 34 28 3 62 34 28 4 60 34 28 5 58 34 28 6 56 34 28 7 55 34 28 8 54 34 28 9 53 34 28 10 52 34 28 11 51 34 28 12 50 34 28 13 49 34 28 14 48 34 28 15 47 34 28 16 46 34 28 17 45 34 28 18 44 34 28 19 43 34 28 20 42 34 28 21 41 34 28 22 40 34 28 23 39 34 28 24 38 34 28 25 37 34 28 26 36 34 28 27 35 34 28 28 34 34 28 29 33 34 28 30 32 34 28 31 31 34 28 32 30 34 28 33 29 34 28 34 28 34 28 35 27 34 28 36 26 34 28 37 25 34 28 38 24 34 28 39 23 34 28 40 22 34 28 41 21 34 28 42 20 34 28 43 19 34 28 44 18 34 28 45 17 34 28 46 16 34 28 47 15 34 28 48 14 34 28 49 13 34 28 50 12 34 28 51 11 34 28 52 10 34 28 53 9 34 28 54 8 34 28 55 7 34 28 56 6 34 28 58 5 34 28 60 4 34 28 62 3 34 28 63 2 34 29 3 63 34 29 4 61 34 29 5 59 34 29 6 57 34 29 7 56 34 29 8 55 34 29 9 54 34 29 10 53 34 29 11 52 34 29 12 51 34 29 13 50 34 29 14 49 34 29 15 48 34 29 16 47 34 29 17 46 34 29 18 45 34 29 19 44 34 29 20 43 34 29 21 42 34 29 22 41 34 29 23 40 34 29 24 39 34 29 25 38 34 29 26 37 34 29 27 36 34 29 28 35 34 29 29 34 34 29 30 33 34 29 31 32 34 29 32 31 34 29 33 30 34 29 34 29 34 29 35 28 34 29 36 27 34 29 37 26 34 29 38 25 34 29 39 24 34 29 40 23 34 29 41 22 34 29 42 21 34 29 43 20 34 29 44 19 34 29 45 18 34 29 46 17 34 29 47 16 34 29 48 15 34 29 49 14 34 29 50 13 34 29 51 12 34 29 52 11 34 29 53 10 34 29 54 9 34 29 55 8 34 29 56 7 34 29 57 6 34 29 59 5 34 29 61 4 34 29 63 3 34 30 3 64 34 30 4 62 34 30 5 60 34 30 6 58 34 30 7 57 34 30 8 56 34 30 9 55 34 30 10 54 34 30 11 53 34 30 12 52 34 30 13 51 34 30 14 50 34 30 15 49 34 30 16 48 34 30 17 47 34 30 18 46 34 30 19 45 34 30 20 44 34 30 21 43 34 30 22 42 34 30 23 41 34 30 24 40 34 30 25 39 34 30 26 38 34 30 27 37 34 30 28 36 34 30 29 35 34 30 30 34 34 30 31 33 34 30 32 32 34 30 33 31 34 30 34 30 34 30 35 29 34 30 36 28 34 30 37 27 34 30 38 26 34 30 39 25 34 30 40 24 34 30 41 23 34 30 42 22 34 30 43 21 34 30 44 20 34 30 45 19 34 30 46 18 34 30 47 17 34 30 48 16 34 30 49 15 34 30 50 14 34 30 51 13 34 30 52 12 34 30 53 11 34 30 54 10 34 30 55 9 34 30 56 8 34 30 57 7 34 30 58 6 34 30 60 5 34 30 62 4 34 30 64 3 34 31 3 65 34 31 4 63 34 31 5 61 34 31 6 59 34 31 7 58 34 31 8 57 34 31 9 56 34 31 10 55 34 31 11 54 34 31 12 53 34 31 13 52 34 31 14 51 34 31 15 50 34 31 16 49 34 31 17 48 34 31 18 47 34 31 19 46 34 31 20 45 34 31 21 44 34 31 22 43 34 31 23 42 34 31 24 41 34 31 25 40 34 31 26 39 34 31 27 38 34 31 28 37 34 31 29 36 34 31 30 35 34 31 31 34 34 31 32 33 34 31 33 32 34 31 34 31 34 31 35 30 34 31 36 29 34 31 37 28 34 31 38 27 34 31 39 26 34 31 40 25 34 31 41 24 34 31 42 23 34 31 43 22 34 31 44 21 34 31 45 20 34 31 46 19 34 31 47 18 34 31 48 17 34 31 49 16 34 31 50 15 34 31 51 14 34 31 52 13 34 31 53 12 34 31 54 11 34 31 55 10 34 31 56 9 34 31 57 8 34 31 58 7 34 31 59 6 34 31 61 5 34 31 63 4 34 31 65 3 34 32 4 64 34 32 5 62 34 32 6 60 34 32 7 59 34 32 8 58 34 32 9 57 34 32 10 56 34 32 11 55 34 32 12 54 34 32 13 53 34 32 14 52 34 32 15 51 34 32 16 50 34 32 17 49 34 32 18 48 34 32 19 47 34 32 20 46 34 32 21 45 34 32 22 44 34 32 23 43 34 32 24 42 34 32 25 41 34 32 26 40 34 32 27 39 34 32 28 38 34 32 29 37 34 32 30 36 34 32 31 35 34 32 32 34 34 32 33 33 34 32 34 32 34 32 35 31 34 32 36 30 34 32 37 29 34 32 38 28 34 32 39 27 34 32 40 26 34 32 41 25 34 32 42 24 34 32 43 23 34 32 44 22 34 32 45 21 34 32 46 20 34 32 47 19 34 32 48 18 34 32 49 17 34 32 50 16 34 32 51 15 34 32 52 14 34 32 53 13 34 32 54 12 34 32 55 11 34 32 56 10 34 32 57 9 34 32 58 8 34 32 59 7 34 32 60 6 34 32 62 5 34 32 64 4 34 33 4 65 34 33 5 63 34 33 6 61 34 33 7 60 34 33 8 59 34 33 9 58 34 33 10 57 34 33 11 56 34 33 12 55 34 33 13 54 34 33 14 53 34 33 15 52 34 33 16 51 34 33 17 50 34 33 18 49 34 33 19 48 34 33 20 47 34 33 21 46 34 33 22 45 34 33 23 44 34 33 24 43 34 33 25 42 34 33 26 41 34 33 27 40 34 33 28 39 34 33 29 38 34 33 30 37 34 33 31 36 34 33 32 35 34 33 33 34 34 33 34 33 34 33 35 32 34 33 36 31 34 33 37 30 34 33 38 29 34 33 39 28 34 33 40 27 34 33 41 26 34 33 42 25 34 33 43 24 34 33 44 23 34 33 45 22 34 33 46 21 34 33 47 20 34 33 48 19 34 33 49 18 34 33 50 17 34 33 51 16 34 33 52 15 34 33 53 14 34 33 54 13 34 33 55 12 34 33 56 11 34 33 57 10 34 33 58 9 34 33 59 8 34 33 60 7 34 33 61 6 34 33 63 5 34 33 65 4 34 34 4 66 34 34 5 64 34 34 6 62 34 34 7 61 34 34 8 60 34 34 9 59 34 34 10 58 34 34 11 57 34 34 12 56 34 34 13 55 34 34 14 54 34 34 15 53 34 34 16 52 34 34 17 51 34 34 18 50 34 34 19 49 34 34 20 48 34 34 21 47 34 34 22 46 34 34 23 45 34 34 24 44 34 34 25 43 34 34 26 42 34 34 27 41 34 34 28 40 34 34 29 39 34 34 30 38 34 34 31 37 34 34 32 36 34 34 33 35 34 34 34 34 34 34 35 33 34 34 36 32 34 34 37 31 34 34 38 30 34 34 39 29 34 34 40 28 34 34 41 27 34 34 42 26 34 34 43 25 34 34 44 24 34 34 45 23 34 34 46 22 34 34 47 21 34 34 48 20 34 34 49 19 34 34 50 18 34 34 51 17 34 34 52 16 34 34 53 15 34 34 54 14 34 34 55 13 34 34 56 12 34 34 57 11 34 34 58 10 34 34 59 9 34 34 60 8 34 34 61 7 34 34 62 6 34 34 64 5 34 34 66 4 34 35 4 67 34 35 5 65 34 35 6 63 34 35 7 62 34 35 8 61 34 35 9 60 34 35 10 59 34 35 11 58 34 35 12 57 34 35 13 56 34 35 14 55 34 35 15 54 34 35 16 53 34 35 17 52 34 35 18 51 34 35 19 50 34 35 20 49 34 35 21 48 34 35 22 47 34 35 23 46 34 35 24 45 34 35 25 44 34 35 26 43 34 35 27 42 34 35 28 41 34 35 29 40 34 35 30 39 34 35 31 38 34 35 32 37 34 35 33 36 34 35 34 35 34 35 35 34 34 35 36 33 34 35 37 32 34 35 38 31 34 35 39 30 34 35 40 29 34 35 41 28 34 35 42 27 34 35 43 26 34 35 44 25 34 35 45 24 34 35 46 23 34 35 47 22 34 35 48 21 34 35 49 20 34 35 50 19 34 35 51 18 34 35 52 17 34 35 53 16 34 35 54 15 34 35 55 14 34 35 56 13 34 35 57 12 34 35 58 11 34 35 59 10 34 35 60 9 34 35 61 8 34 35 62 7 34 35 63 6 34 35 65 5 34 35 67 4 34 36 5 66 34 36 6 64 34 36 7 63 34 36 8 62 34 36 9 61 34 36 10 60 34 36 11 59 34 36 12 58 34 36 13 57 34 36 14 56 34 36 15 55 34 36 16 54 34 36 17 53 34 36 18 52 34 36 19 51 34 36 20 50 34 36 21 49 34 36 22 48 34 36 23 47 34 36 24 46 34 36 25 45 34 36 26 44 34 36 27 43 34 36 28 42 34 36 29 41 34 36 30 40 34 36 31 39 34 36 32 38 34 36 33 37 34 36 34 36 34 36 35 35 34 36 36 34 34 36 37 33 34 36 38 32 34 36 39 31 34 36 40 30 34 36 41 29 34 36 42 28 34 36 43 27 34 36 44 26 34 36 45 25 34 36 46 24 34 36 47 23 34 36 48 22 34 36 49 21 34 36 50 20 34 36 51 19 34 36 52 18 34 36 53 17 34 36 54 16 34 36 55 15 34 36 56 14 34 36 57 13 34 36 58 12 34 36 59 11 34 36 60 10 34 36 61 9 34 36 62 8 34 36 63 7 34 36 64 6 34 36 66 5 34 37 5 67 34 37 6 65 34 37 7 64 34 37 8 63 34 37 9 62 34 37 10 61 34 37 11 60 34 37 12 59 34 37 13 58 34 37 14 57 34 37 15 56 34 37 16 55 34 37 17 54 34 37 18 53 34 37 19 52 34 37 20 51 34 37 21 50 34 37 22 49 34 37 23 48 34 37 24 47 34 37 25 46 34 37 26 45 34 37 27 44 34 37 28 43 34 37 29 42 34 37 30 41 34 37 31 40 34 37 32 39 34 37 33 38 34 37 34 37 34 37 35 36 34 37 36 35 34 37 37 34 34 37 38 33 34 37 39 32 34 37 40 31 34 37 41 30 34 37 42 29 34 37 43 28 34 37 44 27 34 37 45 26 34 37 46 25 34 37 47 24 34 37 48 23 34 37 49 22 34 37 50 21 34 37 51 20 34 37 52 19 34 37 53 18 34 37 54 17 34 37 55 16 34 37 56 15 34 37 57 14 34 37 58 13 34 37 59 12 34 37 60 11 34 37 61 10 34 37 62 9 34 37 63 8 34 37 64 7 34 37 65 6 34 37 67 5 34 38 5 68 34 38 6 66 34 38 7 65 34 38 8 64 34 38 9 63 34 38 10 62 34 38 11 61 34 38 12 60 34 38 13 59 34 38 14 58 34 38 15 57 34 38 16 56 34 38 17 55 34 38 18 54 34 38 19 53 34 38 20 52 34 38 21 51 34 38 22 50 34 38 23 49 34 38 24 48 34 38 25 47 34 38 26 46 34 38 27 45 34 38 28 44 34 38 29 43 34 38 30 42 34 38 31 41 34 38 32 40 34 38 33 39 34 38 34 38 34 38 35 37 34 38 36 36 34 38 37 35 34 38 38 34 34 38 39 33 34 38 40 32 34 38 41 31 34 38 42 30 34 38 43 29 34 38 44 28 34 38 45 27 34 38 46 26 34 38 47 25 34 38 48 24 34 38 49 23 34 38 50 22 34 38 51 21 34 38 52 20 34 38 53 19 34 38 54 18 34 38 55 17 34 38 56 16 34 38 57 15 34 38 58 14 34 38 59 13 34 38 60 12 34 38 61 11 34 38 62 10 34 38 63 9 34 38 64 8 34 38 65 7 34 38 66 6 34 38 68 5 34 39 5 69 34 39 6 67 34 39 7 66 34 39 8 65 34 39 9 64 34 39 10 63 34 39 11 62 34 39 12 61 34 39 13 60 34 39 14 59 34 39 15 58 34 39 16 57 34 39 17 56 34 39 18 55 34 39 19 54 34 39 20 53 34 39 21 52 34 39 22 51 34 39 23 50 34 39 24 49 34 39 25 48 34 39 26 47 34 39 27 46 34 39 28 45 34 39 29 44 34 39 30 43 34 39 31 42 34 39 32 41 34 39 33 40 34 39 34 39 34 39 35 38 34 39 36 37 34 39 37 36 34 39 38 35 34 39 39 34 34 39 40 33 34 39 41 32 34 39 42 31 34 39 43 30 34 39 44 29 34 39 45 28 34 39 46 27 34 39 47 26 34 39 48 25 34 39 49 24 34 39 50 23 34 39 51 22 34 39 52 21 34 39 53 20 34 39 54 19 34 39 55 18 34 39 56 17 34 39 57 16 34 39 58 15 34 39 59 14 34 39 60 13 34 39 61 12 34 39 62 11 34 39 63 10 34 39 64 9 34 39 65 8 34 39 66 7 34 39 67 6 34 39 69 5 34 40 5 70 34 40 6 68 34 40 7 67 34 40 8 66 34 40 9 65 34 40 10 64 34 40 11 63 34 40 12 62 34 40 13 61 34 40 14 60 34 40 15 59 34 40 16 58 34 40 17 57 34 40 18 56 34 40 19 55 34 40 20 54 34 40 21 53 34 40 22 52 34 40 23 51 34 40 24 50 34 40 25 49 34 40 26 48 34 40 27 47 34 40 28 46 34 40 29 45 34 40 30 44 34 40 31 43 34 40 32 42 34 40 33 41 34 40 34 40 34 40 35 39 34 40 36 38 34 40 37 37 34 40 38 36 34 40 39 35 34 40 40 34 34 40 41 33 34 40 42 32 34 40 43 31 34 40 44 30 34 40 45 29 34 40 46 28 34 40 47 27 34 40 48 26 34 40 49 25 34 40 50 24 34 40 51 23 34 40 52 22 34 40 53 21 34 40 54 20 34 40 55 19 34 40 56 18 34 40 57 17 34 40 58 16 34 40 59 15 34 40 60 14 34 40 61 13 34 40 62 12 34 40 63 11 34 40 64 10 34 40 65 9 34 40 66 8 34 40 67 7 34 40 68 6 34 40 70 5 34 41 6 69 34 41 7 68 34 41 8 67 34 41 9 66 34 41 10 65 34 41 11 64 34 41 12 63 34 41 13 62 34 41 14 61 34 41 15 60 34 41 16 59 34 41 17 58 34 41 18 57 34 41 19 56 34 41 20 55 34 41 21 54 34 41 22 53 34 41 23 52 34 41 24 51 34 41 25 50 34 41 26 49 34 41 27 48 34 41 28 47 34 41 29 46 34 41 30 45 34 41 31 44 34 41 32 43 34 41 33 42 34 41 34 41 34 41 35 40 34 41 36 39 34 41 37 38 34 41 38 37 34 41 39 36 34 41 40 35 34 41 41 34 34 41 42 33 34 41 43 32 34 41 44 31 34 41 45 30 34 41 46 29 34 41 47 28 34 41 48 27 34 41 49 26 34 41 50 25 34 41 51 24 34 41 52 23 34 41 53 22 34 41 54 21 34 41 55 20 34 41 56 19 34 41 57 18 34 41 58 17 34 41 59 16 34 41 60 15 34 41 61 14 34 41 62 13 34 41 63 12 34 41 64 11 34 41 65 10 34 41 66 9 34 41 67 8 34 41 68 7 34 41 69 6 34 42 6 70 34 42 7 69 34 42 8 68 34 42 9 67 34 42 10 66 34 42 11 65 34 42 12 64 34 42 13 63 34 42 14 62 34 42 15 61 34 42 16 60 34 42 17 59 34 42 18 58 34 42 19 57 34 42 20 56 34 42 21 55 34 42 22 54 34 42 23 53 34 42 24 52 34 42 25 51 34 42 26 50 34 42 27 49 34 42 28 48 34 42 29 47 34 42 30 46 34 42 31 45 34 42 32 44 34 42 33 43 34 42 34 42 34 42 35 41 34 42 36 40 34 42 37 39 34 42 38 38 34 42 39 37 34 42 40 36 34 42 41 35 34 42 42 34 34 42 43 33 34 42 44 32 34 42 45 31 34 42 46 30 34 42 47 29 34 42 48 28 34 42 49 27 34 42 50 26 34 42 51 25 34 42 52 24 34 42 53 23 34 42 54 22 34 42 55 21 34 42 56 20 34 42 57 19 34 42 58 18 34 42 59 17 34 42 60 16 34 42 61 15 34 42 62 14 34 42 63 13 34 42 64 12 34 42 65 11 34 42 66 10 34 42 67 9 34 42 68 8 34 42 69 7 34 42 70 6 34 43 6 71 34 43 7 70 34 43 8 69 34 43 9 68 34 43 10 67 34 43 11 66 34 43 12 65 34 43 13 64 34 43 14 63 34 43 15 62 34 43 16 61 34 43 17 60 34 43 18 59 34 43 19 58 34 43 20 57 34 43 21 56 34 43 22 55 34 43 23 54 34 43 24 53 34 43 25 52 34 43 26 51 34 43 27 50 34 43 28 49 34 43 29 48 34 43 30 47 34 43 31 46 34 43 32 45 34 43 33 44 34 43 34 43 34 43 35 42 34 43 36 41 34 43 37 40 34 43 38 39 34 43 39 38 34 43 40 37 34 43 41 36 34 43 42 35 34 43 43 34 34 43 44 33 34 43 45 32 34 43 46 31 34 43 47 30 34 43 48 29 34 43 49 28 34 43 50 27 34 43 51 26 34 43 52 25 34 43 53 24 34 43 54 23 34 43 55 22 34 43 56 21 34 43 57 20 34 43 58 19 34 43 59 18 34 43 60 17 34 43 61 16 34 43 62 15 34 43 63 14 34 43 64 13 34 43 65 12 34 43 66 11 34 43 67 10 34 43 68 9 34 43 69 8 34 43 70 7 34 43 71 6 34 44 7 71 34 44 8 70 34 44 9 69 34 44 10 68 34 44 11 67 34 44 12 66 34 44 13 65 34 44 14 64 34 44 15 63 34 44 16 62 34 44 17 61 34 44 18 60 34 44 19 59 34 44 20 58 34 44 21 57 34 44 22 56 34 44 23 55 34 44 24 54 34 44 25 53 34 44 26 52 34 44 27 51 34 44 28 50 34 44 29 49 34 44 30 48 34 44 31 47 34 44 32 46 34 44 33 45 34 44 34 44 34 44 35 43 34 44 36 42 34 44 37 41 34 44 38 40 34 44 39 39 34 44 40 38 34 44 41 37 34 44 42 36 34 44 43 35 34 44 44 34 34 44 45 33 34 44 46 32 34 44 47 31 34 44 48 30 34 44 49 29 34 44 50 28 34 44 51 27 34 44 52 26 34 44 53 25 34 44 54 24 34 44 55 23 34 44 56 22 34 44 57 21 34 44 58 20 34 44 59 19 34 44 60 18 34 44 61 17 34 44 62 16 34 44 63 15 34 44 64 14 34 44 65 13 34 44 66 12 34 44 67 11 34 44 68 10 34 44 69 9 34 44 70 8 34 44 71 7 34 45 8 71 34 45 9 70 34 45 10 69 34 45 11 68 34 45 12 67 34 45 13 66 34 45 14 65 34 45 15 64 34 45 16 63 34 45 17 62 34 45 18 61 34 45 19 60 34 45 20 59 34 45 21 58 34 45 22 57 34 45 23 56 34 45 24 55 34 45 25 54 34 45 26 53 34 45 27 52 34 45 28 51 34 45 29 50 34 45 30 49 34 45 31 48 34 45 32 47 34 45 33 46 34 45 34 45 34 45 35 44 34 45 36 43 34 45 37 42 34 45 38 41 34 45 39 40 34 45 40 39 34 45 41 38 34 45 42 37 34 45 43 36 34 45 44 35 34 45 45 34 34 45 46 33 34 45 47 32 34 45 48 31 34 45 49 30 34 45 50 29 34 45 51 28 34 45 52 27 34 45 53 26 34 45 54 25 34 45 55 24 34 45 56 23 34 45 57 22 34 45 58 21 34 45 59 20 34 45 60 19 34 45 61 18 34 45 62 17 34 45 63 16 34 45 64 15 34 45 65 14 34 45 66 13 34 45 67 12 34 45 68 11 34 45 69 10 34 45 70 9 34 45 71 8 34 46 9 71 34 46 10 70 34 46 11 69 34 46 12 68 34 46 13 67 34 46 14 66 34 46 15 65 34 46 16 64 34 46 17 63 34 46 18 62 34 46 19 61 34 46 20 60 34 46 21 59 34 46 22 58 34 46 23 57 34 46 24 56 34 46 25 55 34 46 26 54 34 46 27 53 34 46 28 52 34 46 29 51 34 46 30 50 34 46 31 49 34 46 32 48 34 46 33 47 34 46 34 46 34 46 35 45 34 46 36 44 34 46 37 43 34 46 38 42 34 46 39 41 34 46 40 40 34 46 41 39 34 46 42 38 34 46 43 37 34 46 44 36 34 46 45 35 34 46 46 34 34 46 47 33 34 46 48 32 34 46 49 31 34 46 50 30 34 46 51 29 34 46 52 28 34 46 53 27 34 46 54 26 34 46 55 25 34 46 56 24 34 46 57 23 34 46 58 22 34 46 59 21 34 46 60 20 34 46 61 19 34 46 62 18 34 46 63 17 34 46 64 16 34 46 65 15 34 46 66 14 34 46 67 13 34 46 68 12 34 46 69 11 34 46 70 10 34 46 71 9 34 47 9 72 34 47 10 71 34 47 11 70 34 47 12 69 34 47 13 68 34 47 14 67 34 47 15 66 34 47 16 65 34 47 17 64 34 47 18 63 34 47 19 62 34 47 20 61 34 47 21 60 34 47 22 59 34 47 23 58 34 47 24 57 34 47 25 56 34 47 26 55 34 47 27 54 34 47 28 53 34 47 29 52 34 47 30 51 34 47 31 50 34 47 32 49 34 47 33 48 34 47 34 47 34 47 35 46 34 47 36 45 34 47 37 44 34 47 38 43 34 47 39 42 34 47 40 41 34 47 41 40 34 47 42 39 34 47 43 38 34 47 44 37 34 47 45 36 34 47 46 35 34 47 47 34 34 47 48 33 34 47 49 32 34 47 50 31 34 47 51 30 34 47 52 29 34 47 53 28 34 47 54 27 34 47 55 26 34 47 56 25 34 47 57 24 34 47 58 23 34 47 59 22 34 47 60 21 34 47 61 20 34 47 62 19 34 47 63 18 34 47 64 17 34 47 65 16 34 47 66 15 34 47 67 14 34 47 68 13 34 47 69 12 34 47 70 11 34 47 71 10 34 47 72 9 34 48 10 72 34 48 11 71 34 48 12 70 34 48 13 69 34 48 14 68 34 48 15 67 34 48 16 66 34 48 17 65 34 48 18 64 34 48 19 63 34 48 20 62 34 48 21 61 34 48 22 60 34 48 23 59 34 48 24 58 34 48 25 57 34 48 26 56 34 48 27 55 34 48 28 54 34 48 29 53 34 48 30 52 34 48 31 51 34 48 32 50 34 48 33 49 34 48 34 48 34 48 35 47 34 48 36 46 34 48 37 45 34 48 38 44 34 48 39 43 34 48 40 42 34 48 41 41 34 48 42 40 34 48 43 39 34 48 44 38 34 48 45 37 34 48 46 36 34 48 47 35 34 48 48 34 34 48 49 33 34 48 50 32 34 48 51 31 34 48 52 30 34 48 53 29 34 48 54 28 34 48 55 27 34 48 56 26 34 48 57 25 34 48 58 24 34 48 59 23 34 48 60 22 34 48 61 21 34 48 62 20 34 48 63 19 34 48 64 18 34 48 65 17 34 48 66 16 34 48 67 15 34 48 68 14 34 48 69 13 34 48 70 12 34 48 71 11 34 48 72 10 34 49 11 72 34 49 12 71 34 49 13 70 34 49 14 69 34 49 15 68 34 49 16 67 34 49 17 66 34 49 18 65 34 49 19 64 34 49 20 63 34 49 21 62 34 49 22 61 34 49 23 60 34 49 24 59 34 49 25 58 34 49 26 57 34 49 27 56 34 49 28 55 34 49 29 54 34 49 30 53 34 49 31 52 34 49 32 51 34 49 33 50 34 49 34 49 34 49 35 48 34 49 36 47 34 49 37 46 34 49 38 45 34 49 39 44 34 49 40 43 34 49 41 42 34 49 42 41 34 49 43 40 34 49 44 39 34 49 45 38 34 49 46 37 34 49 47 36 34 49 48 35 34 49 49 34 34 49 50 33 34 49 51 32 34 49 52 31 34 49 53 30 34 49 54 29 34 49 55 28 34 49 56 27 34 49 57 26 34 49 58 25 34 49 59 24 34 49 60 23 34 49 61 22 34 49 62 21 34 49 63 20 34 49 64 19 34 49 65 18 34 49 66 17 34 49 67 16 34 49 68 15 34 49 69 14 34 49 70 13 34 49 71 12 34 49 72 11 34 50 12 72 34 50 13 71 34 50 14 70 34 50 15 69 34 50 16 68 34 50 17 67 34 50 18 66 34 50 19 65 34 50 20 64 34 50 21 63 34 50 22 62 34 50 23 61 34 50 24 60 34 50 25 59 34 50 26 58 34 50 27 57 34 50 28 56 34 50 29 55 34 50 30 54 34 50 31 53 34 50 32 52 34 50 33 51 34 50 34 50 34 50 35 49 34 50 36 48 34 50 37 47 34 50 38 46 34 50 39 45 34 50 40 44 34 50 41 43 34 50 42 42 34 50 43 41 34 50 44 40 34 50 45 39 34 50 46 38 34 50 47 37 34 50 48 36 34 50 49 35 34 50 50 34 34 50 51 33 34 50 52 32 34 50 53 31 34 50 54 30 34 50 55 29 34 50 56 28 34 50 57 27 34 50 58 26 34 50 59 25 34 50 60 24 34 50 61 23 34 50 62 22 34 50 63 21 34 50 64 20 34 50 65 19 34 50 66 18 34 50 67 17 34 50 68 16 34 50 69 15 34 50 70 14 34 50 71 13 34 50 72 12 34 51 13 72 34 51 14 71 34 51 15 70 34 51 16 69 34 51 17 68 34 51 18 67 34 51 19 66 34 51 20 65 34 51 21 64 34 51 22 63 34 51 23 62 34 51 24 61 34 51 25 60 34 51 26 59 34 51 27 58 34 51 28 57 34 51 29 56 34 51 30 55 34 51 31 54 34 51 32 53 34 51 33 52 34 51 34 51 34 51 35 50 34 51 36 49 34 51 37 48 34 51 38 47 34 51 39 46 34 51 40 45 34 51 41 44 34 51 42 43 34 51 43 42 34 51 44 41 34 51 45 40 34 51 46 39 34 51 47 38 34 51 48 37 34 51 49 36 34 51 50 35 34 51 51 34 34 51 52 33 34 51 53 32 34 51 54 31 34 51 55 30 34 51 56 29 34 51 57 28 34 51 58 27 34 51 59 26 34 51 60 25 34 51 61 24 34 51 62 23 34 51 63 22 34 51 64 21 34 51 65 20 34 51 66 19 34 51 67 18 34 51 68 17 34 51 69 16 34 51 70 15 34 51 71 14 34 51 72 13 34 52 14 72 34 52 15 71 34 52 16 70 34 52 17 69 34 52 18 68 34 52 19 67 34 52 20 66 34 52 21 65 34 52 22 64 34 52 23 63 34 52 24 62 34 52 25 61 34 52 26 60 34 52 27 59 34 52 28 58 34 52 29 57 34 52 30 56 34 52 31 55 34 52 32 54 34 52 33 53 34 52 34 52 34 52 35 51 34 52 36 50 34 52 37 49 34 52 38 48 34 52 39 47 34 52 40 46 34 52 41 45 34 52 42 44 34 52 43 43 34 52 44 42 34 52 45 41 34 52 46 40 34 52 47 39 34 52 48 38 34 52 49 37 34 52 50 36 34 52 51 35 34 52 52 34 34 52 53 33 34 52 54 32 34 52 55 31 34 52 56 30 34 52 57 29 34 52 58 28 34 52 59 27 34 52 60 26 34 52 61 25 34 52 62 24 34 52 63 23 34 52 64 22 34 52 65 21 34 52 66 20 34 52 67 19 34 52 68 18 34 52 69 17 34 52 70 16 34 52 71 15 34 52 72 14 34 53 15 72 34 53 16 71 34 53 17 70 34 53 18 69 34 53 19 68 34 53 20 67 34 53 21 66 34 53 22 65 34 53 23 64 34 53 24 63 34 53 25 62 34 53 26 61 34 53 27 60 34 53 28 59 34 53 29 58 34 53 30 57 34 53 31 56 34 53 32 55 34 53 33 54 34 53 34 53 34 53 35 52 34 53 36 51 34 53 37 50 34 53 38 49 34 53 39 48 34 53 40 47 34 53 41 46 34 53 42 45 34 53 43 44 34 53 44 43 34 53 45 42 34 53 46 41 34 53 47 40 34 53 48 39 34 53 49 38 34 53 50 37 34 53 51 36 34 53 52 35 34 53 53 34 34 53 54 33 34 53 55 32 34 53 56 31 34 53 57 30 34 53 58 29 34 53 59 28 34 53 60 27 34 53 61 26 34 53 62 25 34 53 63 24 34 53 64 23 34 53 65 22 34 53 66 21 34 53 67 20 34 53 68 19 34 53 69 18 34 53 70 17 34 53 71 16 34 53 72 15 34 54 16 72 34 54 17 71 34 54 18 70 34 54 19 69 34 54 20 68 34 54 21 67 34 54 22 66 34 54 23 65 34 54 24 64 34 54 25 63 34 54 26 62 34 54 27 61 34 54 28 60 34 54 29 59 34 54 30 58 34 54 31 57 34 54 32 56 34 54 33 55 34 54 34 54 34 54 35 53 34 54 36 52 34 54 37 51 34 54 38 50 34 54 39 49 34 54 40 48 34 54 41 47 34 54 42 46 34 54 43 45 34 54 44 44 34 54 45 43 34 54 46 42 34 54 47 41 34 54 48 40 34 54 49 39 34 54 50 38 34 54 51 37 34 54 52 36 34 54 53 35 34 54 54 34 34 54 55 33 34 54 56 32 34 54 57 31 34 54 58 30 34 54 59 29 34 54 60 28 34 54 61 27 34 54 62 26 34 54 63 25 34 54 64 24 34 54 65 23 34 54 66 22 34 54 67 21 34 54 68 20 34 54 69 19 34 54 70 18 34 54 71 17 34 54 72 16 34 55 17 72 34 55 18 71 34 55 19 70 34 55 20 69 34 55 21 68 34 55 22 67 34 55 23 66 34 55 24 65 34 55 25 64 34 55 26 63 34 55 27 62 34 55 28 61 34 55 29 60 34 55 30 59 34 55 31 58 34 55 32 57 34 55 33 56 34 55 34 55 34 55 35 54 34 55 36 53 34 55 37 52 34 55 38 51 34 55 39 50 34 55 40 49 34 55 41 48 34 55 42 47 34 55 43 46 34 55 44 45 34 55 45 44 34 55 46 43 34 55 47 42 34 55 48 41 34 55 49 40 34 55 50 39 34 55 51 38 34 55 52 37 34 55 53 36 34 55 54 35 34 55 55 34 34 55 56 33 34 55 57 32 34 55 58 31 34 55 59 30 34 55 60 29 34 55 61 28 34 55 62 27 34 55 63 26 34 55 64 25 34 55 65 24 34 55 66 23 34 55 67 22 34 55 68 21 34 55 69 20 34 55 70 19 34 55 71 18 34 55 72 17 34 56 18 72 34 56 19 71 34 56 20 70 34 56 21 69 34 56 22 68 34 56 23 67 34 56 24 66 34 56 25 65 34 56 26 64 34 56 27 63 34 56 28 62 34 56 29 61 34 56 30 60 34 56 31 59 34 56 32 58 34 56 33 57 34 56 34 56 34 56 35 55 34 56 36 54 34 56 37 53 34 56 38 52 34 56 39 51 34 56 40 50 34 56 41 49 34 56 42 48 34 56 43 47 34 56 44 46 34 56 45 45 34 56 46 44 34 56 47 43 34 56 48 42 34 56 49 41 34 56 50 40 34 56 51 39 34 56 52 38 34 56 53 37 34 56 54 36 34 56 55 35 34 56 56 34 34 56 57 33 34 56 58 32 34 56 59 31 34 56 60 30 34 56 61 29 34 56 62 28 34 56 63 27 34 56 64 26 34 56 65 25 34 56 66 24 34 56 67 23 34 56 68 22 34 56 69 21 34 56 70 20 34 56 71 19 34 56 72 18 34 57 19 72 34 57 20 71 34 57 21 70 34 57 22 69 34 57 23 68 34 57 24 67 34 57 25 66 34 57 26 65 34 57 27 64 34 57 28 63 34 57 29 62 34 57 30 61 34 57 31 60 34 57 32 59 34 57 33 58 34 57 34 57 34 57 35 56 34 57 36 55 34 57 37 54 34 57 38 53 34 57 39 52 34 57 40 51 34 57 41 50 34 57 42 49 34 57 43 48 34 57 44 47 34 57 45 46 34 57 46 45 34 57 47 44 34 57 48 43 34 57 49 42 34 57 50 41 34 57 51 40 34 57 52 39 34 57 53 38 34 57 54 37 34 57 55 36 34 57 56 35 34 57 57 34 34 57 58 33 34 57 59 32 34 57 60 31 34 57 61 30 34 57 62 29 34 57 63 28 34 57 64 27 34 57 65 26 34 57 66 25 34 57 67 24 34 57 68 23 34 57 69 22 34 57 70 21 34 57 71 20 34 57 72 19 34 58 20 72 34 58 21 71 34 58 22 70 34 58 23 69 34 58 24 68 34 58 25 67 34 58 26 66 34 58 27 65 34 58 28 64 34 58 29 63 34 58 30 62 34 58 31 61 34 58 32 60 34 58 33 59 34 58 34 58 34 58 35 57 34 58 36 56 34 58 37 55 34 58 38 54 34 58 39 53 34 58 40 52 34 58 41 51 34 58 42 50 34 58 43 49 34 58 44 48 34 58 45 47 34 58 46 46 34 58 47 45 34 58 48 44 34 58 49 43 34 58 50 42 34 58 51 41 34 58 52 40 34 58 53 39 34 58 54 38 34 58 55 37 34 58 56 36 34 58 57 35 34 58 58 34 34 58 59 33 34 58 60 32 34 58 61 31 34 58 62 30 34 58 63 29 34 58 64 28 34 58 65 27 34 58 66 26 34 58 67 25 34 58 68 24 34 58 69 23 34 58 70 22 34 58 71 21 34 58 72 20 34 59 21 72 34 59 22 71 34 59 23 70 34 59 24 69 34 59 25 68 34 59 26 67 34 59 27 66 34 59 28 65 34 59 29 64 34 59 30 63 34 59 31 62 34 59 32 61 34 59 33 60 34 59 34 59 34 59 35 58 34 59 36 57 34 59 37 56 34 59 38 55 34 59 39 54 34 59 40 53 34 59 41 52 34 59 42 51 34 59 43 50 34 59 44 49 34 59 45 48 34 59 46 47 34 59 47 46 34 59 48 45 34 59 49 44 34 59 50 43 34 59 51 42 34 59 52 41 34 59 53 40 34 59 54 39 34 59 55 38 34 59 56 37 34 59 57 36 34 59 58 35 34 59 59 34 34 59 60 33 34 59 61 32 34 59 62 31 34 59 63 30 34 59 64 29 34 59 65 28 34 59 66 27 34 59 67 26 34 59 68 25 34 59 69 24 34 59 70 23 34 59 71 22 34 59 72 21 34 60 22 72 34 60 23 71 34 60 24 70 34 60 25 69 34 60 26 68 34 60 27 67 34 60 28 66 34 60 29 65 34 60 30 64 34 60 31 63 34 60 32 62 34 60 33 61 34 60 34 60 34 60 35 59 34 60 36 58 34 60 37 57 34 60 38 56 34 60 39 55 34 60 40 54 34 60 41 53 34 60 42 52 34 60 43 51 34 60 44 50 34 60 45 49 34 60 46 48 34 60 47 47 34 60 48 46 34 60 49 45 34 60 50 44 34 60 51 43 34 60 52 42 34 60 53 41 34 60 54 40 34 60 55 39 34 60 56 38 34 60 57 37 34 60 58 36 34 60 59 35 34 60 60 34 34 60 61 33 34 60 62 32 34 60 63 31 34 60 64 30 34 60 65 29 34 60 66 28 34 60 67 27 34 60 68 26 34 60 69 25 34 60 70 24 34 60 71 23 34 60 72 22 34 61 23 72 34 61 24 71 34 61 25 70 34 61 26 69 34 61 27 68 34 61 28 67 34 61 29 66 34 61 30 65 34 61 31 64 34 61 32 63 34 61 33 62 34 61 34 61 34 61 35 60 34 61 36 59 34 61 37 58 34 61 38 57 34 61 39 56 34 61 40 55 34 61 41 54 34 61 42 53 34 61 43 52 34 61 44 51 34 61 45 50 34 61 46 49 34 61 47 48 34 61 48 47 34 61 49 46 34 61 50 45 34 61 51 44 34 61 52 43 34 61 53 42 34 61 54 41 34 61 55 40 34 61 56 39 34 61 57 38 34 61 58 37 34 61 59 36 34 61 60 35 34 61 61 34 34 61 62 33 34 61 63 32 34 61 64 31 34 61 65 30 34 61 66 29 34 61 67 28 34 61 68 27 34 61 69 26 34 61 70 25 34 61 71 24 34 61 72 23 34 62 24 72 34 62 25 71 34 62 26 70 34 62 27 69 34 62 28 68 34 62 29 67 34 62 30 66 34 62 31 65 34 62 32 64 34 62 33 63 34 62 34 62 34 62 35 61 34 62 36 60 34 62 37 59 34 62 38 58 34 62 39 57 34 62 40 56 34 62 41 55 34 62 42 54 34 62 43 53 34 62 44 52 34 62 45 51 34 62 46 50 34 62 47 49 34 62 48 48 34 62 49 47 34 62 50 46 34 62 51 45 34 62 52 44 34 62 53 43 34 62 54 42 34 62 55 41 34 62 56 40 34 62 57 39 34 62 58 38 34 62 59 37 34 62 60 36 34 62 61 35 34 62 62 34 34 62 63 33 34 62 64 32 34 62 65 31 34 62 66 30 34 62 67 29 34 62 68 28 34 62 69 27 34 62 70 26 34 62 71 25 34 62 72 24 34 63 25 72 34 63 26 71 34 63 27 70 34 63 28 69 34 63 29 68 34 63 30 67 34 63 31 66 34 63 32 65 34 63 33 64 34 63 34 63 34 63 35 62 34 63 36 61 34 63 37 60 34 63 38 59 34 63 39 58 34 63 40 57 34 63 41 56 34 63 42 55 34 63 43 54 34 63 44 53 34 63 45 52 34 63 46 51 34 63 47 50 34 63 48 49 34 63 49 48 34 63 50 47 34 63 51 46 34 63 52 45 34 63 53 44 34 63 54 43 34 63 55 42 34 63 56 41 34 63 57 40 34 63 58 39 34 63 59 38 34 63 60 37 34 63 61 36 34 63 62 35 34 63 63 34 34 63 64 33 34 63 65 32 34 63 66 31 34 63 67 30 34 63 68 29 34 63 69 28 34 63 70 27 34 63 71 26 34 63 72 25 34 64 26 72 34 64 27 71 34 64 28 70 34 64 29 69 34 64 30 68 34 64 31 67 34 64 32 66 34 64 33 65 34 64 34 64 34 64 35 63 34 64 36 62 34 64 37 61 34 64 38 60 34 64 39 59 34 64 40 58 34 64 41 57 34 64 42 56 34 64 43 55 34 64 44 54 34 64 45 53 34 64 46 52 34 64 47 51 34 64 48 50 34 64 49 49 34 64 50 48 34 64 51 47 34 64 52 46 34 64 53 45 34 64 54 44 34 64 55 43 34 64 56 42 34 64 57 41 34 64 58 40 34 64 59 39 34 64 60 38 34 64 61 37 34 64 62 36 34 64 63 35 34 64 64 34 34 64 65 33 34 64 66 32 34 64 67 31 34 64 68 30 34 64 69 29 34 64 70 28 34 64 71 27 34 64 72 26 34 65 27 72 34 65 28 71 34 65 29 70 34 65 30 69 34 65 31 68 34 65 32 67 34 65 33 66 34 65 34 65 34 65 35 64 34 65 36 63 34 65 37 62 34 65 38 61 34 65 39 60 34 65 40 59 34 65 41 58 34 65 42 57 34 65 43 56 34 65 44 55 34 65 45 54 34 65 46 53 34 65 47 52 34 65 48 51 34 65 49 50 34 65 50 49 34 65 51 48 34 65 52 47 34 65 53 46 34 65 54 45 34 65 55 44 34 65 56 43 34 65 57 42 34 65 58 41 34 65 59 40 34 65 60 39 34 65 61 38 34 65 62 37 34 65 63 36 34 65 64 35 34 65 65 34 34 65 66 33 34 65 67 32 34 65 68 31 34 65 69 30 34 65 70 29 34 65 71 28 34 65 72 27 34 66 28 72 34 66 29 71 34 66 30 70 34 66 31 69 34 66 32 68 34 66 33 67 34 66 34 66 34 66 35 65 34 66 36 64 34 66 37 63 34 66 38 62 34 66 39 61 34 66 40 60 34 66 41 59 34 66 42 58 34 66 43 57 34 66 44 56 34 66 45 55 34 66 46 54 34 66 47 53 34 66 48 52 34 66 49 51 34 66 50 50 34 66 51 49 34 66 52 48 34 66 53 47 34 66 54 46 34 66 55 45 34 66 56 44 34 66 57 43 34 66 58 42 34 66 59 41 34 66 60 40 34 66 61 39 34 66 62 38 34 66 63 37 34 66 64 36 34 66 65 35 34 66 66 34 34 66 67 33 34 66 68 32 34 66 69 31 34 66 70 30 34 66 71 29 34 66 72 28 34 67 29 72 34 67 30 71 34 67 31 70 34 67 32 69 34 67 33 68 34 67 34 67 34 67 35 66 34 67 36 65 34 67 37 64 34 67 38 63 34 67 39 62 34 67 40 61 34 67 41 60 34 67 42 59 34 67 43 58 34 67 44 57 34 67 45 56 34 67 46 55 34 67 47 54 34 67 48 53 34 67 49 52 34 67 50 51 34 67 51 50 34 67 52 49 34 67 53 48 34 67 54 47 34 67 55 46 34 67 56 45 34 67 57 44 34 67 58 43 34 67 59 42 34 67 60 41 34 67 61 40 34 67 62 39 34 67 63 38 34 67 64 37 34 67 65 36 34 67 66 35 34 67 67 34 34 67 68 33 34 67 69 32 34 67 70 31 34 67 71 30 34 67 72 29 34 68 30 72 34 68 31 71 34 68 32 70 34 68 33 69 34 68 34 68 34 68 35 67 34 68 36 66 34 68 37 65 34 68 38 64 34 68 39 63 34 68 40 62 34 68 41 61 34 68 42 60 34 68 43 59 34 68 44 58 34 68 45 57 34 68 46 56 34 68 47 55 34 68 48 54 34 68 49 53 34 68 50 52 34 68 51 51 34 68 52 50 34 68 53 49 34 68 54 48 34 68 55 47 34 68 56 46 34 68 57 45 34 68 58 44 34 68 59 43 34 68 60 42 34 68 61 41 34 68 62 40 34 68 63 39 34 68 64 38 34 68 65 37 34 68 66 36 34 68 67 35 34 68 68 34 34 68 69 33 34 68 70 32 34 68 71 31 34 68 72 30 34 69 31 72 34 69 32 71 34 69 33 70 34 69 34 69 34 69 35 68 34 69 36 67 34 69 37 66 34 69 38 65 34 69 39 64 34 69 40 63 34 69 41 62 34 69 42 61 34 69 43 60 34 69 44 59 34 69 45 58 34 69 46 57 34 69 47 56 34 69 48 55 34 69 49 54 34 69 50 53 34 69 51 52 34 69 52 51 34 69 53 50 34 69 54 49 34 69 55 48 34 69 56 47 34 69 57 46 34 69 58 45 34 69 59 44 34 69 60 43 34 69 61 42 34 69 62 41 34 69 63 40 34 69 64 39 34 69 65 38 34 69 66 37 34 69 67 36 34 69 68 35 34 69 69 34 34 69 70 33 34 69 71 32 34 69 72 31 34 70 32 72 34 70 33 71 34 70 34 70 34 70 35 69 34 70 36 68 34 70 37 67 34 70 38 66 34 70 39 65 34 70 40 64 34 70 41 63 34 70 42 62 34 70 43 61 34 70 44 60 34 70 45 59 34 70 46 58 34 70 47 57 34 70 48 56 34 70 49 55 34 70 50 54 34 70 51 53 34 70 52 52 34 70 53 51 34 70 54 50 34 70 55 49 34 70 56 48 34 70 57 47 34 70 58 46 34 70 59 45 34 70 60 44 34 70 61 43 34 70 62 42 34 70 63 41 34 70 64 40 34 70 65 39 34 70 66 38 34 70 67 37 34 70 68 36 34 70 69 35 34 70 70 34 34 70 71 33 34 70 72 32 34 71 33 72 34 71 34 71 34 71 35 70 34 71 36 69 34 71 37 68 34 71 38 67 34 71 39 66 34 71 40 65 34 71 41 64 34 71 42 63 34 71 43 62 34 71 44 61 34 71 45 60 34 71 46 59 34 71 47 58 34 71 48 57 34 71 49 56 34 71 50 55 34 71 51 54 34 71 52 53 34 71 53 52 34 71 54 51 34 71 55 50 34 71 56 49 34 71 57 48 34 71 58 47 34 71 59 46 34 71 60 45 34 71 61 44 34 71 62 43 34 71 63 42 34 71 64 41 34 71 65 40 34 71 66 39 34 71 67 38 34 71 68 37 34 71 69 36 34 71 70 35 34 71 71 34 34 71 72 33 34 72 34 72 34 72 35 71 34 72 36 70 34 72 37 69 34 72 38 68 34 72 39 67 34 72 40 66 34 72 41 65 34 72 42 64 34 72 43 63 34 72 44 62 34 72 45 61 34 72 46 60 34 72 47 59 34 72 48 58 34 72 49 57 34 72 50 56 34 72 51 55 34 72 52 54 34 72 53 53 34 72 54 52 34 72 55 51 34 72 56 50 34 72 57 49 34 72 58 48 34 72 59 47 34 72 60 46 34 72 61 45 34 72 62 44 34 72 63 43 34 72 64 42 34 72 65 41 34 72 66 40 34 72 67 39 34 72 68 38 34 72 69 37 34 72 70 36 34 72 71 35 34 72 72 34 






































