





















22 0 0 22 22 0 1 20 22 0 2 18 22 0 3 17 22 0 4 15 22 0 5 13 22 0 6 11 22 0 7 10 22 0 10 7 22 0 11 6 22 0 13 5 22 0 15 4 22 0 17 3 22 0 18 2 22 0 20 1 22 0 22 0 22 1 0 24 22 1 1 22 22 1 2 20 22 1 3 19 22 1 4 17 22 1 5 15 22 1 6 13 22 1 7 12 22 1 8 11 22 1 9 10 22 1 10 9 22 1 11 8 22 1 12 7 22 1 13 6 22 1 15 5 22 1 17 4 22 1 19 3 22 1 20 2 22 1 22 1 22 1 24 0 22 2 0 26 22 2 1 24 22 2 2 22 22 2 3 21 22 2 4 19 22 2 5 17 22 2 6 15 22 2 7 14 22 2 8 13 22 2 10 11 22 2 11 10 22 2 13 8 22 2 14 7 22 2 15 6 22 2 17 5 22 2 19 4 22 2 21 3 22 2 22 2 22 2 24 1 22 2 26 0 22 3 0 27 22 3 1 25 22 3 2 23 22 3 3 22 22 3 4 20 22 3 5 18 22 3 6 16 22 3 7 15 22 3 8 14 22 3 9 13 22 3 10 12 22 3 11 11 22 3 12 10 22 3 13 9 22 3 14 8 22 3 15 7 22 3 16 6 22 3 18 5 22 3 20 4 22 3 22 3 22 3 23 2 22 3 25 1 22 3 27 0 22 4 0 29 22 4 1 27 22 4 2 25 22 4 3 24 22 4 4 22 22 4 5 20 22 4 6 18 22 4 7 17 22 4 8 16 22 4 9 15 22 4 10 14 22 4 11 13 22 4 13 11 22 4 14 10 22 4 15 9 22 4 16 8 22 4 17 7 22 4 18 6 22 4 20 5 22 4 22 4 22 4 24 3 22 4 25 2 22 4 27 1 22 4 29 0 22 5 0 31 22 5 1 29 22 5 2 27 22 5 3 26 22 5 4 24 22 5 5 22 22 5 6 20 22 5 7 19 22 5 8 18 22 5 9 17 22 5 10 16 22 5 11 15 22 5 12 14 22 5 13 13 22 5 14 12 22 5 15 11 22 5 16 10 22 5 17 9 22 5 18 8 22 5 19 7 22 5 20 6 22 5 22 5 22 5 24 4 22 5 26 3 22 5 27 2 22 5 29 1 22 5 31 0 22 6 0 33 22 6 1 31 22 6 2 29 22 6 3 28 22 6 4 26 22 6 5 24 22 6 6 22 22 6 7 21 22 6 9 19 22 6 10 18 22 6 11 17 22 6 12 16 22 6 13 15 22 6 14 14 22 6 15 13 22 6 16 12 22 6 17 11 22 6 18 10 22 6 19 9 22 6 21 7 22 6 22 6 22 6 24 5 22 6 26 4 22 6 28 3 22 6 29 2 22 6 31 1 22 6 33 0 22 7 0 34 22 7 1 32 22 7 2 30 22 7 3 29 22 7 4 27 22 7 5 25 22 7 6 23 22 7 7 22 22 7 8 21 22 7 9 20 22 7 10 19 22 7 11 18 22 7 13 16 22 7 14 15 22 7 15 14 22 7 16 13 22 7 18 11 22 7 19 10 22 7 20 9 22 7 21 8 22 7 22 7 22 7 23 6 22 7 25 5 22 7 27 4 22 7 29 3 22 7 30 2 22 7 32 1 22 7 34 0 22 8 0 35 22 8 1 33 22 8 2 31 22 8 3 30 22 8 4 28 22 8 5 26 22 8 6 24 22 8 7 23 22 8 8 22 22 8 9 21 22 8 10 20 22 8 11 19 22 8 12 18 22 8 13 17 22 8 14 16 22 8 16 14 22 8 17 13 22 8 18 12 22 8 19 11 22 8 20 10 22 8 21 9 22 8 22 8 22 8 23 7 22 8 24 6 22 8 26 5 22 8 28 4 22 8 30 3 22 8 31 2 22 8 33 1 22 8 35 0 22 9 0 36 22 9 1 34 22 9 2 32 22 9 3 31 22 9 4 29 22 9 5 27 22 9 6 25 22 9 7 24 22 9 8 23 22 9 9 22 22 9 10 21 22 9 11 20 22 9 12 19 22 9 13 18 22 9 14 17 22 9 15 16 22 9 16 15 22 9 17 14 22 9 18 13 22 9 19 12 22 9 20 11 22 9 21 10 22 9 22 9 22 9 23 8 22 9 24 7 22 9 25 6 22 9 27 5 22 9 29 4 22 9 31 3 22 9 32 2 22 9 34 1 22 9 36 0 22 10 0 37 22 10 1 35 22 10 2 33 22 10 3 32 22 10 4 30 22 10 5 28 22 10 6 26 22 10 7 25 22 10 8 24 22 10 9 23 22 10 10 22 22 10 11 21 22 10 12 20 22 10 13 19 22 10 14 18 22 10 15 17 22 10 16 16 22 10 17 15 22 10 18 14 22 10 19 13 22 10 20 12 22 10 21 11 22 10 22 10 22 10 23 9 22 10 24 8 22 10 25 7 22 10 26 6 22 10 28 5 22 10 30 4 22 10 32 3 22 10 33 2 22 10 35 1 22 10 37 0 22 11 0 38 22 11 1 36 22 11 2 34 22 11 3 33 22 11 4 31 22 11 5 29 22 11 6 27 22 11 7 26 22 11 8 25 22 11 9 24 22 11 10 23 22 11 11 22 22 11 12 21 22 11 13 20 22 11 14 19 22 11 15 18 22 11 16 17 22 11 17 16 22 11 18 15 22 11 19 14 22 11 20 13 22 11 21 12 22 11 22 11 22 11 23 10 22 11 24 9 22 11 25 8 22 11 26 7 22 11 27 6 22 11 29 5 22 11 31 4 22 11 33 3 22 11 34 2 22 11 36 1 22 11 38 0 22 12 0 39 22 12 1 37 22 12 2 35 22 12 3 34 22 12 4 32 22 12 5 30 22 12 6 28 22 12 7 27 22 12 8 26 22 12 9 25 22 12 10 24 22 12 11 23 22 12 12 22 22 12 13 21 22 12 15 19 22 12 16 18 22 12 17 17 22 12 18 16 22 12 19 15 22 12 21 13 22 12 22 12 22 12 23 11 22 12 24 10 22 12 25 9 22 12 26 8 22 12 27 7 22 12 28 6 22 12 30 5 22 12 32 4 22 12 34 3 22 12 35 2 22 12 37 1 22 12 39 0 22 13 0 40 22 13 1 38 22 13 2 36 22 13 3 35 22 13 4 33 22 13 5 31 22 13 6 29 22 13 7 28 22 13 8 27 22 13 9 26 22 13 10 25 22 13 11 24 22 13 12 23 22 13 13 22 22 13 14 21 22 13 15 20 22 13 16 19 22 13 17 18 22 13 18 17 22 13 19 16 22 13 20 15 22 13 21 14 22 13 22 13 22 13 23 12 22 13 24 11 22 13 25 10 22 13 26 9 22 13 27 8 22 13 28 7 22 13 29 6 22 13 31 5 22 13 33 4 22 13 35 3 22 13 36 2 22 13 38 1 22 13 40 0 22 14 0 41 22 14 1 39 22 14 2 37 22 14 3 36 22 14 4 34 22 14 5 32 22 14 6 30 22 14 7 29 22 14 8 28 22 14 9 27 22 14 10 26 22 14 11 25 22 14 12 24 22 14 13 23 22 14 14 22 22 14 15 21 22 14 16 20 22 14 17 19 22 14 18 18 22 14 19 17 22 14 20 16 22 14 21 15 22 14 22 14 22 14 23 13 22 14 24 12 22 14 25 11 22 14 26 10 22 14 27 9 22 14 28 8 22 14 29 7 22 14 30 6 22 14 32 5 22 14 34 4 22 14 36 3 22 14 37 2 22 14 39 1 22 14 41 0 22 15 0 42 22 15 1 40 22 15 2 38 22 15 3 37 22 15 4 35 22 15 5 33 22 15 6 31 22 15 7 30 22 15 9 28 22 15 10 27 22 15 11 26 22 15 12 25 22 15 13 24 22 15 14 23 22 15 15 22 22 15 16 21 22 15 17 20 22 15 18 19 22 15 19 18 22 15 20 17 22 15 21 16 22 15 22 15 22 15 23 14 22 15 24 13 22 15 25 12 22 15 26 11 22 15 27 10 22 15 28 9 22 15 30 7 22 15 31 6 22 15 33 5 22 15 35 4 22 15 37 3 22 15 38 2 22 15 40 1 22 15 42 0 22 16 0 43 22 16 1 41 22 16 2 39 22 16 3 38 22 16 4 36 22 16 5 34 22 16 6 32 22 16 7 31 22 16 8 30 22 16 9 29 22 16 10 28 22 16 11 27 22 16 12 26 22 16 13 25 22 16 14 24 22 16 15 23 22 16 16 22 22 16 17 21 22 16 18 20 22 16 19 19 22 16 20 18 22 16 21 17 22 16 22 16 22 16 23 15 22 16 24 14 22 16 25 13 22 16 26 12 22 16 27 11 22 16 28 10 22 16 29 9 22 16 30 8 22 16 31 7 22 16 32 6 22 16 34 5 22 16 36 4 22 16 38 3 22 16 39 2 22 16 41 1 22 16 43 0 22 17 0 44 22 17 1 42 22 17 2 40 22 17 3 39 22 17 4 37 22 17 5 35 22 17 6 33 22 17 7 32 22 17 8 31 22 17 9 30 22 17 10 29 22 17 11 28 22 17 12 27 22 17 13 26 22 17 14 25 22 17 15 24 22 17 16 23 22 17 17 22 22 17 18 21 22 17 19 20 22 17 20 19 22 17 21 18 22 17 22 17 22 17 23 16 22 17 24 15 22 17 25 14 22 17 26 13 22 17 27 12 22 17 28 11 22 17 29 10 22 17 30 9 22 17 31 8 22 17 32 7 22 17 33 6 22 17 35 5 22 17 37 4 22 17 39 3 22 17 40 2 22 17 42 1 22 17 44 0 22 18 0 45 22 18 1 43 22 18 2 41 22 18 3 40 22 18 4 38 22 18 5 36 22 18 6 34 22 18 7 33 22 18 8 32 22 18 9 31 22 18 10 30 22 18 11 29 22 18 12 28 22 18 13 27 22 18 14 26 22 18 15 25 22 18 16 24 22 18 17 23 22 18 18 22 22 18 19 21 22 18 20 20 22 18 21 19 22 18 22 18 22 18 23 17 22 18 24 16 22 18 25 15 22 18 26 14 22 18 27 13 22 18 28 12 22 18 29 11 22 18 30 10 22 18 31 9 22 18 32 8 22 18 33 7 22 18 34 6 22 18 36 5 22 18 38 4 22 18 40 3 22 18 41 2 22 18 43 1 22 18 45 0 22 19 0 46 22 19 1 44 22 19 2 42 22 19 3 41 22 19 4 39 22 19 5 37 22 19 6 35 22 19 7 34 22 19 8 33 22 19 9 32 22 19 10 31 22 19 11 30 22 19 12 29 22 19 13 28 22 19 14 27 22 19 15 26 22 19 16 25 22 19 17 24 22 19 18 23 22 19 19 22 22 19 20 21 22 19 21 20 22 19 22 19 22 19 23 18 22 19 24 17 22 19 25 16 22 19 26 15 22 19 27 14 22 19 28 13 22 19 29 12 22 19 30 11 22 19 31 10 22 19 32 9 22 19 33 8 22 19 34 7 22 19 35 6 22 19 37 5 22 19 39 4 22 19 41 3 22 19 42 2 22 19 44 1 22 19 46 0 22 20 0 47 22 20 1 45 22 20 2 43 22 20 3 42 22 20 4 40 22 20 5 38 22 20 6 36 22 20 7 35 22 20 8 34 22 20 9 33 22 20 10 32 22 20 11 31 22 20 12 30 22 20 13 29 22 20 14 28 22 20 15 27 22 20 16 26 22 20 17 25 22 20 18 24 22 20 19 23 22 20 20 22 22 20 21 21 22 20 22 20 22 20 23 19 22 20 24 18 22 20 25 17 22 20 26 16 22 20 27 15 22 20 28 14 22 20 29 13 22 20 30 12 22 20 31 11 22 20 32 10 22 20 33 9 22 20 34 8 22 20 35 7 22 20 36 6 22 20 38 5 22 20 40 4 22 20 42 3 22 20 43 2 22 20 45 1 22 20 47 0 22 21 1 46 22 21 2 44 22 21 3 43 22 21 4 41 22 21 5 39 22 21 6 37 22 21 7 36 22 21 8 35 22 21 9 34 22 21 10 33 22 21 11 32 22 21 12 31 22 21 13 30 22 21 14 29 22 21 15 28 22 21 16 27 22 21 17 26 22 21 18 25 22 21 19 24 22 21 20 23 22 21 21 22 22 21 22 21 22 21 23 20 22 21 24 19 22 21 25 18 22 21 26 17 22 21 27 16 22 21 28 15 22 21 29 14 22 21 30 13 22 21 31 12 22 21 32 11 22 21 33 10 22 21 34 9 22 21 35 8 22 21 36 7 22 21 37 6 22 21 39 5 22 21 41 4 22 21 43 3 22 21 44 2 22 21 46 1 22 22 0 49 22 22 1 47 22 22 2 45 22 22 3 44 22 22 4 42 22 22 5 40 22 22 6 38 22 22 7 37 22 22 8 36 22 22 9 35 22 22 10 34 22 22 11 33 22 22 12 32 22 22 13 31 22 22 14 30 22 22 15 29 22 22 16 28 22 22 17 27 22 22 18 26 22 22 19 25 22 22 21 23 22 22 22 22 22 22 23 21 22 22 25 19 22 22 26 18 22 22 27 17 22 22 28 16 22 22 29 15 22 22 30 14 22 22 31 13 22 22 32 12 22 22 33 11 22 22 34 10 22 22 35 9 22 22 36 8 22 22 37 7 22 22 38 6 22 22 40 5 22 22 42 4 22 22 44 3 22 22 45 2 22 22 47 1 22 22 49 0 22 23 1 48 22 23 2 46 22 23 3 45 22 23 4 43 22 23 5 41 22 23 6 39 22 23 7 38 22 23 8 37 22 23 9 36 22 23 10 35 22 23 11 34 22 23 12 33 22 23 13 32 22 23 14 31 22 23 15 30 22 23 16 29 22 23 17 28 22 23 18 27 22 23 19 26 22 23 20 25 22 23 21 24 22 23 22 23 22 23 23 22 22 23 24 21 22 23 25 20 22 23 26 19 22 23 27 18 22 23 28 17 22 23 29 16 22 23 30 15 22 23 31 14 22 23 32 13 22 23 33 12 22 23 34 11 22 23 35 10 22 23 36 9 22 23 37 8 22 23 38 7 22 23 39 6 22 23 41 5 22 23 43 4 22 23 45 3 22 23 46 2 22 23 48 1 22 24 1 49 22 24 2 47 22 24 3 46 22 24 4 44 22 24 5 42 22 24 6 40 22 24 7 39 22 24 8 38 22 24 9 37 22 24 10 36 22 24 11 35 22 24 12 34 22 24 13 33 22 24 14 32 22 24 15 31 22 24 16 30 22 24 17 29 22 24 18 28 22 24 19 27 22 24 20 26 22 24 21 25 22 24 22 24 22 24 23 23 22 24 24 22 22 24 25 21 22 24 26 20 22 24 27 19 22 24 28 18 22 24 29 17 22 24 30 16 22 24 31 15 22 24 32 14 22 24 33 13 22 24 34 12 22 24 35 11 22 24 36 10 22 24 37 9 22 24 38 8 22 24 39 7 22 24 40 6 22 24 42 5 22 24 44 4 22 24 46 3 22 24 47 2 22 24 49 1 22 25 1 50 22 25 2 48 22 25 3 47 22 25 4 45 22 25 5 43 22 25 6 41 22 25 7 40 22 25 8 39 22 25 9 38 22 25 10 37 22 25 11 36 22 25 12 35 22 25 13 34 22 25 14 33 22 25 15 32 22 25 16 31 22 25 17 30 22 25 18 29 22 25 19 28 22 25 20 27 22 25 21 26 22 25 22 25 22 25 23 24 22 25 24 23 22 25 25 22 22 25 26 21 22 25 27 20 22 25 28 19 22 25 29 18 22 25 30 17 22 25 31 16 22 25 32 15 22 25 33 14 22 25 34 13 22 25 35 12 22 25 36 11 22 25 37 10 22 25 38 9 22 25 39 8 22 25 40 7 22 25 41 6 22 25 43 5 22 25 45 4 22 25 47 3 22 25 48 2 22 25 50 1 22 26 1 51 22 26 2 49 22 26 3 48 22 26 4 46 22 26 5 44 22 26 6 42 22 26 7 41 22 26 8 40 22 26 9 39 22 26 10 38 22 26 11 37 22 26 12 36 22 26 13 35 22 26 14 34 22 26 15 33 22 26 16 32 22 26 17 31 22 26 18 30 22 26 19 29 22 26 20 28 22 26 21 27 22 26 22 26 22 26 23 25 22 26 24 24 22 26 25 23 22 26 26 22 22 26 27 21 22 26 28 20 22 26 29 19 22 26 30 18 22 26 31 17 22 26 32 16 22 26 33 15 22 26 34 14 22 26 35 13 22 26 36 12 22 26 37 11 22 26 38 10 22 26 39 9 22 26 40 8 22 26 41 7 22 26 42 6 22 26 44 5 22 26 46 4 22 26 48 3 22 26 49 2 22 26 51 1 22 27 1 52 22 27 2 50 22 27 3 49 22 27 4 47 22 27 5 45 22 27 6 43 22 27 7 42 22 27 8 41 22 27 9 40 22 27 10 39 22 27 11 38 22 27 12 37 22 27 13 36 22 27 14 35 22 27 15 34 22 27 16 33 22 27 17 32 22 27 18 31 22 27 19 30 22 27 20 29 22 27 21 28 22 27 22 27 22 27 23 26 22 27 24 25 22 27 25 24 22 27 26 23 22 27 27 22 22 27 28 21 22 27 29 20 22 27 30 19 22 27 31 18 22 27 32 17 22 27 33 16 22 27 34 15 22 27 35 14 22 27 36 13 22 27 37 12 22 27 38 11 22 27 39 10 22 27 40 9 22 27 41 8 22 27 42 7 22 27 43 6 22 27 45 5 22 27 47 4 22 27 49 3 22 27 50 2 22 27 52 1 22 28 1 53 22 28 2 51 22 28 3 50 22 28 4 48 22 28 5 46 22 28 6 44 22 28 7 43 22 28 8 42 22 28 9 41 22 28 10 40 22 28 11 39 22 28 12 38 22 28 13 37 22 28 14 36 22 28 15 35 22 28 16 34 22 28 17 33 22 28 18 32 22 28 19 31 22 28 20 30 22 28 21 29 22 28 22 28 22 28 23 27 22 28 24 26 22 28 25 25 22 28 26 24 22 28 27 23 22 28 28 22 22 28 29 21 22 28 30 20 22 28 31 19 22 28 32 18 22 28 33 17 22 28 34 16 22 28 35 15 22 28 36 14 22 28 37 13 22 28 38 12 22 28 39 11 22 28 40 10 22 28 41 9 22 28 42 8 22 28 43 7 22 28 44 6 22 28 46 5 22 28 48 4 22 28 50 3 22 28 51 2 22 28 53 1 22 29 1 54 22 29 2 52 22 29 3 51 22 29 4 49 22 29 5 47 22 29 6 45 22 29 7 44 22 29 8 43 22 29 9 42 22 29 10 41 22 29 11 40 22 29 12 39 22 29 13 38 22 29 14 37 22 29 15 36 22 29 16 35 22 29 17 34 22 29 18 33 22 29 19 32 22 29 20 31 22 29 21 30 22 29 22 29 22 29 23 28 22 29 24 27 22 29 25 26 22 29 26 25 22 29 27 24 22 29 28 23 22 29 29 22 22 29 30 21 22 29 31 20 22 29 32 19 22 29 33 18 22 29 34 17 22 29 35 16 22 29 36 15 22 29 37 14 22 29 38 13 22 29 39 12 22 29 40 11 22 29 41 10 22 29 42 9 22 29 43 8 22 29 44 7 22 29 45 6 22 29 47 5 22 29 49 4 22 29 51 3 22 29 52 2 22 29 54 1 22 30 1 55 22 30 2 53 22 30 3 52 22 30 4 50 22 30 5 48 22 30 6 46 22 30 7 45 22 30 8 44 22 30 9 43 22 30 10 42 22 30 11 41 22 30 12 40 22 30 13 39 22 30 14 38 22 30 15 37 22 30 16 36 22 30 17 35 22 30 18 34 22 30 19 33 22 30 20 32 22 30 21 31 22 30 22 30 22 30 23 29 22 30 24 28 22 30 25 27 22 30 26 26 22 30 27 25 22 30 28 24 22 30 29 23 22 30 30 22 22 30 31 21 22 30 32 20 22 30 33 19 22 30 34 18 22 30 35 17 22 30 36 16 22 30 37 15 22 30 38 14 22 30 39 13 22 30 40 12 22 30 41 11 22 30 42 10 22 30 43 9 22 30 44 8 22 30 45 7 22 30 46 6 22 30 48 5 22 30 50 4 22 30 52 3 22 30 53 2 22 30 55 1 22 31 1 56 22 31 2 54 22 31 3 53 22 31 4 51 22 31 5 49 22 31 6 47 22 31 7 46 22 31 8 45 22 31 9 44 22 31 10 43 22 31 11 42 22 31 12 41 22 31 13 40 22 31 14 39 22 31 15 38 22 31 16 37 22 31 17 36 22 31 18 35 22 31 19 34 22 31 20 33 22 31 21 32 22 31 22 31 22 31 23 30 22 31 24 29 22 31 25 28 22 31 26 27 22 31 27 26 22 31 28 25 22 31 29 24 22 31 30 23 22 31 31 22 22 31 32 21 22 31 33 20 22 31 34 19 22 31 35 18 22 31 36 17 22 31 37 16 22 31 38 15 22 31 39 14 22 31 40 13 22 31 41 12 22 31 42 11 22 31 43 10 22 31 44 9 22 31 45 8 22 31 46 7 22 31 47 6 22 31 49 5 22 31 51 4 22 31 53 3 22 31 54 2 22 31 56 1 22 32 1 57 22 32 2 55 22 32 3 54 22 32 4 52 22 32 5 50 22 32 6 48 22 32 7 47 22 32 8 46 22 32 9 45 22 32 10 44 22 32 11 43 22 32 12 42 22 32 13 41 22 32 14 40 22 32 15 39 22 32 16 38 22 32 17 37 22 32 18 36 22 32 19 35 22 32 20 34 22 32 21 33 22 32 22 32 22 32 23 31 22 32 24 30 22 32 25 29 22 32 26 28 22 32 27 27 22 32 28 26 22 32 29 25 22 32 30 24 22 32 31 23 22 32 32 22 22 32 33 21 22 32 34 20 22 32 35 19 22 32 36 18 22 32 37 17 22 32 38 16 22 32 39 15 22 32 40 14 22 32 41 13 22 32 42 12 22 32 43 11 22 32 44 10 22 32 45 9 22 32 46 8 22 32 47 7 22 32 48 6 22 32 50 5 22 32 52 4 22 32 54 3 22 32 55 2 22 32 57 1 22 33 1 58 22 33 2 56 22 33 3 55 22 33 4 53 22 33 5 51 22 33 6 49 22 33 7 48 22 33 8 47 22 33 9 46 22 33 10 45 22 33 11 44 22 33 12 43 22 33 13 42 22 33 14 41 22 33 15 40 22 33 16 39 22 33 17 38 22 33 18 37 22 33 19 36 22 33 20 35 22 33 21 34 22 33 22 33 22 33 23 32 22 33 24 31 22 33 25 30 22 33 26 29 22 33 27 28 22 33 28 27 22 33 29 26 22 33 30 25 22 33 31 24 22 33 32 23 22 33 33 22 22 33 34 21 22 33 35 20 22 33 36 19 22 33 37 18 22 33 38 17 22 33 39 16 22 33 40 15 22 33 41 14 22 33 42 13 22 33 43 12 22 33 44 11 22 33 45 10 22 33 46 9 22 33 47 8 22 33 48 7 22 33 49 6 22 33 51 5 22 33 53 4 22 33 55 3 22 33 56 2 22 33 58 1 22 34 1 59 22 34 2 57 22 34 3 56 22 34 4 54 22 34 5 52 22 34 6 50 22 34 7 49 22 34 8 48 22 34 9 47 22 34 10 46 22 34 11 45 22 34 12 44 22 34 13 43 22 34 14 42 22 34 15 41 22 34 16 40 22 34 17 39 22 34 18 38 22 34 19 37 22 34 20 36 22 34 21 35 22 34 22 34 22 34 23 33 22 34 24 32 22 34 25 31 22 34 26 30 22 34 27 29 22 34 28 28 22 34 29 27 22 34 30 26 22 34 31 25 22 34 32 24 22 34 33 23 22 34 34 22 22 34 35 21 22 34 36 20 22 34 37 19 22 34 38 18 22 34 39 17 22 34 40 16 22 34 41 15 22 34 42 14 22 34 43 13 22 34 44 12 22 34 45 11 22 34 46 10 22 34 47 9 22 34 48 8 22 34 49 7 22 34 50 6 22 34 52 5 22 34 54 4 22 34 56 3 22 34 57 2 22 34 59 1 22 35 2 58 22 35 3 57 22 35 4 55 22 35 5 53 22 35 6 51 22 35 7 50 22 35 8 49 22 35 9 48 22 35 10 47 22 35 11 46 22 35 12 45 22 35 13 44 22 35 14 43 22 35 15 42 22 35 16 41 22 35 17 40 22 35 18 39 22 35 19 38 22 35 20 37 22 35 21 36 22 35 22 35 22 35 23 34 22 35 24 33 22 35 25 32 22 35 26 31 22 35 27 30 22 35 28 29 22 35 29 28 22 35 30 27 22 35 31 26 22 35 32 25 22 35 33 24 22 35 34 23 22 35 35 22 22 35 36 21 22 35 37 20 22 35 38 19 22 35 39 18 22 35 40 17 22 35 41 16 22 35 42 15 22 35 43 14 22 35 44 13 22 35 45 12 22 35 46 11 22 35 47 10 22 35 48 9 22 35 49 8 22 35 50 7 22 35 51 6 22 35 53 5 22 35 55 4 22 35 57 3 22 35 58 2 22 36 2 59 22 36 3 58 22 36 4 56 22 36 5 54 22 36 6 52 22 36 7 51 22 36 8 50 22 36 9 49 22 36 10 48 22 36 11 47 22 36 12 46 22 36 13 45 22 36 14 44 22 36 15 43 22 36 16 42 22 36 17 41 22 36 18 40 22 36 19 39 22 36 20 38 22 36 21 37 22 36 22 36 22 36 23 35 22 36 24 34 22 36 25 33 22 36 26 32 22 36 27 31 22 36 28 30 22 36 29 29 22 36 30 28 22 36 31 27 22 36 32 26 22 36 33 25 22 36 34 24 22 36 35 23 22 36 36 22 22 36 37 21 22 36 38 20 22 36 39 19 22 36 40 18 22 36 41 17 22 36 42 16 22 36 43 15 22 36 44 14 22 36 45 13 22 36 46 12 22 36 47 11 22 36 48 10 22 36 49 9 22 36 50 8 22 36 51 7 22 36 52 6 22 36 54 5 22 36 56 4 22 36 58 3 22 36 59 2 22 37 2 60 22 37 3 59 22 37 4 57 22 37 5 55 22 37 6 53 22 37 7 52 22 37 8 51 22 37 9 50 22 37 10 49 22 37 11 48 22 37 12 47 22 37 13 46 22 37 14 45 22 37 15 44 22 37 16 43 22 37 17 42 22 37 18 41 22 37 19 40 22 37 20 39 22 37 21 38 22 37 22 37 22 37 23 36 22 37 24 35 22 37 25 34 22 37 26 33 22 37 27 32 22 37 28 31 22 37 29 30 22 37 30 29 22 37 31 28 22 37 32 27 22 37 33 26 22 37 34 25 22 37 35 24 22 37 36 23 22 37 37 22 22 37 38 21 22 37 39 20 22 37 40 19 22 37 41 18 22 37 42 17 22 37 43 16 22 37 44 15 22 37 45 14 22 37 46 13 22 37 47 12 22 37 48 11 22 37 49 10 22 37 50 9 22 37 51 8 22 37 52 7 22 37 53 6 22 37 55 5 22 37 57 4 22 37 59 3 22 37 60 2 22 38 2 61 22 38 3 60 22 38 4 58 22 38 5 56 22 38 6 54 22 38 7 53 22 38 8 52 22 38 9 51 22 38 10 50 22 38 11 49 22 38 12 48 22 38 13 47 22 38 14 46 22 38 15 45 22 38 16 44 22 38 17 43 22 38 18 42 22 38 19 41 22 38 20 40 22 38 21 39 22 38 22 38 22 38 23 37 22 38 24 36 22 38 25 35 22 38 26 34 22 38 27 33 22 38 28 32 22 38 29 31 22 38 30 30 22 38 31 29 22 38 32 28 22 38 33 27 22 38 34 26 22 38 35 25 22 38 36 24 22 38 37 23 22 38 38 22 22 38 39 21 22 38 40 20 22 38 41 19 22 38 42 18 22 38 43 17 22 38 44 16 22 38 45 15 22 38 46 14 22 38 47 13 22 38 48 12 22 38 49 11 22 38 50 10 22 38 51 9 22 38 52 8 22 38 53 7 22 38 54 6 22 38 56 5 22 38 58 4 22 38 60 3 22 38 61 2 22 39 2 62 22 39 3 61 22 39 4 59 22 39 5 57 22 39 6 55 22 39 7 54 22 39 8 53 22 39 9 52 22 39 10 51 22 39 11 50 22 39 12 49 22 39 13 48 22 39 14 47 22 39 15 46 22 39 16 45 22 39 17 44 22 39 18 43 22 39 19 42 22 39 20 41 22 39 21 40 22 39 22 39 22 39 23 38 22 39 24 37 22 39 25 36 22 39 26 35 22 39 27 34 22 39 28 33 22 39 29 32 22 39 30 31 22 39 31 30 22 39 32 29 22 39 33 28 22 39 34 27 22 39 35 26 22 39 36 25 22 39 37 24 22 39 38 23 22 39 39 22 22 39 40 21 22 39 41 20 22 39 42 19 22 39 43 18 22 39 44 17 22 39 45 16 22 39 46 15 22 39 47 14 22 39 48 13 22 39 49 12 22 39 50 11 22 39 51 10 22 39 52 9 22 39 53 8 22 39 54 7 22 39 55 6 22 39 57 5 22 39 59 4 22 39 61 3 22 39 62 2 22 40 2 63 22 40 3 62 22 40 4 60 22 40 5 58 22 40 6 56 22 40 7 55 22 40 8 54 22 40 9 53 22 40 10 52 22 40 11 51 22 40 12 50 22 40 13 49 22 40 14 48 22 40 15 47 22 40 16 46 22 40 17 45 22 40 18 44 22 40 19 43 22 40 20 42 22 40 21 41 22 40 22 40 22 40 23 39 22 40 24 38 22 40 25 37 22 40 26 36 22 40 27 35 22 40 28 34 22 40 29 33 22 40 30 32 22 40 31 31 22 40 32 30 22 40 33 29 22 40 34 28 22 40 35 27 22 40 36 26 22 40 37 25 22 40 38 24 22 40 39 23 22 40 40 22 22 40 41 21 22 40 42 20 22 40 43 19 22 40 44 18 22 40 45 17 22 40 46 16 22 40 47 15 22 40 48 14 22 40 49 13 22 40 50 12 22 40 51 11 22 40 52 10 22 40 53 9 22 40 54 8 22 40 55 7 22 40 56 6 22 40 58 5 22 40 60 4 22 40 62 3 22 40 63 2 22 41 2 64 22 41 3 63 22 41 4 61 22 41 5 59 22 41 6 57 22 41 7 56 22 41 8 55 22 41 9 54 22 41 10 53 22 41 11 52 22 41 12 51 22 41 13 50 22 41 14 49 22 41 15 48 22 41 16 47 22 41 17 46 22 41 18 45 22 41 19 44 22 41 20 43 22 41 21 42 22 41 22 41 22 41 23 40 22 41 24 39 22 41 25 38 22 41 26 37 22 41 27 36 22 41 28 35 22 41 29 34 22 41 30 33 22 41 31 32 22 41 32 31 22 41 33 30 22 41 34 29 22 41 35 28 22 41 36 27 22 41 37 26 22 41 38 25 22 41 39 24 22 41 40 23 22 41 41 22 22 41 42 21 22 41 43 20 22 41 44 19 22 41 45 18 22 41 46 17 22 41 47 16 22 41 48 15 22 41 49 14 22 41 50 13 22 41 51 12 22 41 52 11 22 41 53 10 22 41 54 9 22 41 55 8 22 41 56 7 22 41 57 6 22 41 59 5 22 41 61 4 22 41 63 3 22 41 64 2 22 42 3 64 22 42 4 62 22 42 5 60 22 42 6 58 22 42 7 57 22 42 8 56 22 42 9 55 22 42 10 54 22 42 11 53 22 42 12 52 22 42 13 51 22 42 14 50 22 42 15 49 22 42 16 48 22 42 17 47 22 42 18 46 22 42 19 45 22 42 20 44 22 42 21 43 22 42 22 42 22 42 23 41 22 42 24 40 22 42 25 39 22 42 26 38 22 42 27 37 22 42 28 36 22 42 29 35 22 42 30 34 22 42 31 33 22 42 32 32 22 42 33 31 22 42 34 30 22 42 35 29 22 42 36 28 22 42 37 27 22 42 38 26 22 42 39 25 22 42 40 24 22 42 41 23 22 42 42 22 22 42 43 21 22 42 44 20 22 42 45 19 22 42 46 18 22 42 47 17 22 42 48 16 22 42 49 15 22 42 50 14 22 42 51 13 22 42 52 12 22 42 53 11 22 42 54 10 22 42 55 9 22 42 56 8 22 42 57 7 22 42 58 6 22 42 60 5 22 42 62 4 22 42 64 3 22 43 3 65 22 43 4 63 22 43 5 61 22 43 6 59 22 43 7 58 22 43 8 57 22 43 9 56 22 43 10 55 22 43 11 54 22 43 12 53 22 43 13 52 22 43 14 51 22 43 15 50 22 43 16 49 22 43 17 48 22 43 18 47 22 43 19 46 22 43 20 45 22 43 21 44 22 43 22 43 22 43 23 42 22 43 24 41 22 43 25 40 22 43 26 39 22 43 27 38 22 43 28 37 22 43 29 36 22 43 30 35 22 43 31 34 22 43 32 33 22 43 33 32 22 43 34 31 22 43 35 30 22 43 36 29 22 43 37 28 22 43 38 27 22 43 39 26 22 43 40 25 22 43 41 24 22 43 42 23 22 43 43 22 22 43 44 21 22 43 45 20 22 43 46 19 22 43 47 18 22 43 48 17 22 43 49 16 22 43 50 15 22 43 51 14 22 43 52 13 22 43 53 12 22 43 54 11 22 43 55 10 22 43 56 9 22 43 57 8 22 43 58 7 22 43 59 6 22 43 61 5 22 43 63 4 22 43 65 3 22 44 3 66 22 44 4 64 22 44 5 62 22 44 6 60 22 44 7 59 22 44 8 58 22 44 9 57 22 44 10 56 22 44 11 55 22 44 12 54 22 44 13 53 22 44 14 52 22 44 15 51 22 44 16 50 22 44 17 49 22 44 18 48 22 44 19 47 22 44 20 46 22 44 21 45 22 44 22 44 22 44 23 43 22 44 24 42 22 44 25 41 22 44 26 40 22 44 27 39 22 44 28 38 22 44 29 37 22 44 30 36 22 44 31 35 22 44 32 34 22 44 33 33 22 44 34 32 22 44 35 31 22 44 36 30 22 44 37 29 22 44 38 28 22 44 39 27 22 44 40 26 22 44 41 25 22 44 42 24 22 44 43 23 22 44 44 22 22 44 45 21 22 44 46 20 22 44 47 19 22 44 48 18 22 44 49 17 22 44 50 16 22 44 51 15 22 44 52 14 22 44 53 13 22 44 54 12 22 44 55 11 22 44 56 10 22 44 57 9 22 44 58 8 22 44 59 7 22 44 60 6 22 44 62 5 22 44 64 4 22 44 66 3 22 45 4 65 22 45 5 63 22 45 6 61 22 45 7 60 22 45 8 59 22 45 9 58 22 45 10 57 22 45 11 56 22 45 12 55 22 45 13 54 22 45 14 53 22 45 15 52 22 45 16 51 22 45 17 50 22 45 18 49 22 45 19 48 22 45 20 47 22 45 21 46 22 45 22 45 22 45 23 44 22 45 24 43 22 45 25 42 22 45 26 41 22 45 27 40 22 45 28 39 22 45 29 38 22 45 30 37 22 45 31 36 22 45 32 35 22 45 33 34 22 45 34 33 22 45 35 32 22 45 36 31 22 45 37 30 22 45 38 29 22 45 39 28 22 45 40 27 22 45 41 26 22 45 42 25 22 45 43 24 22 45 44 23 22 45 45 22 22 45 46 21 22 45 47 20 22 45 48 19 22 45 49 18 22 45 50 17 22 45 51 16 22 45 52 15 22 45 53 14 22 45 54 13 22 45 55 12 22 45 56 11 22 45 57 10 22 45 58 9 22 45 59 8 22 45 60 7 22 45 61 6 22 45 63 5 22 45 65 4 22 46 4 66 22 46 5 64 22 46 6 62 22 46 7 61 22 46 8 60 22 46 9 59 22 46 10 58 22 46 11 57 22 46 12 56 22 46 13 55 22 46 14 54 22 46 15 53 22 46 16 52 22 46 17 51 22 46 18 50 22 46 19 49 22 46 20 48 22 46 21 47 22 46 22 46 22 46 23 45 22 46 24 44 22 46 25 43 22 46 26 42 22 46 27 41 22 46 28 40 22 46 29 39 22 46 30 38 22 46 31 37 22 46 32 36 22 46 33 35 22 46 34 34 22 46 35 33 22 46 36 32 22 46 37 31 22 46 38 30 22 46 39 29 22 46 40 28 22 46 41 27 22 46 42 26 22 46 43 25 22 46 44 24 22 46 45 23 22 46 46 22 22 46 47 21 22 46 48 20 22 46 49 19 22 46 50 18 22 46 51 17 22 46 52 16 22 46 53 15 22 46 54 14 22 46 55 13 22 46 56 12 22 46 57 11 22 46 58 10 22 46 59 9 22 46 60 8 22 46 61 7 22 46 62 6 22 46 64 5 22 46 66 4 22 47 4 67 22 47 5 65 22 47 6 63 22 47 7 62 22 47 8 61 22 47 9 60 22 47 10 59 22 47 11 58 22 47 12 57 22 47 13 56 22 47 14 55 22 47 15 54 22 47 16 53 22 47 17 52 22 47 18 51 22 47 19 50 22 47 20 49 22 47 21 48 22 47 22 47 22 47 23 46 22 47 24 45 22 47 25 44 22 47 26 43 22 47 27 42 22 47 28 41 22 47 29 40 22 47 30 39 22 47 31 38 22 47 32 37 22 47 33 36 22 47 34 35 22 47 35 34 22 47 36 33 22 47 37 32 22 47 38 31 22 47 39 30 22 47 40 29 22 47 41 28 22 47 42 27 22 47 43 26 22 47 44 25 22 47 45 24 22 47 46 23 22 47 47 22 22 47 48 21 22 47 49 20 22 47 50 19 22 47 51 18 22 47 52 17 22 47 53 16 22 47 54 15 22 47 55 14 22 47 56 13 22 47 57 12 22 47 58 11 22 47 59 10 22 47 60 9 22 47 61 8 22 47 62 7 22 47 63 6 22 47 65 5 22 47 67 4 22 48 4 68 22 48 5 66 22 48 6 64 22 48 7 63 22 48 8 62 22 48 9 61 22 48 10 60 22 48 11 59 22 48 12 58 22 48 13 57 22 48 14 56 22 48 15 55 22 48 16 54 22 48 17 53 22 48 18 52 22 48 19 51 22 48 20 50 22 48 21 49 22 48 22 48 22 48 23 47 22 48 24 46 22 48 25 45 22 48 26 44 22 48 27 43 22 48 28 42 22 48 29 41 22 48 30 40 22 48 31 39 22 48 32 38 22 48 33 37 22 48 34 36 22 48 35 35 22 48 36 34 22 48 37 33 22 48 38 32 22 48 39 31 22 48 40 30 22 48 41 29 22 48 42 28 22 48 43 27 22 48 44 26 22 48 45 25 22 48 46 24 22 48 47 23 22 48 48 22 22 48 49 21 22 48 50 20 22 48 51 19 22 48 52 18 22 48 53 17 22 48 54 16 22 48 55 15 22 48 56 14 22 48 57 13 22 48 58 12 22 48 59 11 22 48 60 10 22 48 61 9 22 48 62 8 22 48 63 7 22 48 64 6 22 48 66 5 22 48 68 4 22 49 4 69 22 49 5 67 22 49 6 65 22 49 7 64 22 49 8 63 22 49 9 62 22 49 10 61 22 49 11 60 22 49 12 59 22 49 13 58 22 49 14 57 22 49 15 56 22 49 16 55 22 49 17 54 22 49 18 53 22 49 19 52 22 49 20 51 22 49 21 50 22 49 22 49 22 49 23 48 22 49 24 47 22 49 25 46 22 49 26 45 22 49 27 44 22 49 28 43 22 49 29 42 22 49 30 41 22 49 31 40 22 49 32 39 22 49 33 38 22 49 34 37 22 49 35 36 22 49 36 35 22 49 37 34 22 49 38 33 22 49 39 32 22 49 40 31 22 49 41 30 22 49 42 29 22 49 43 28 22 49 44 27 22 49 45 26 22 49 46 25 22 49 47 24 22 49 48 23 22 49 49 22 22 49 50 21 22 49 51 20 22 49 52 19 22 49 53 18 22 49 54 17 22 49 55 16 22 49 56 15 22 49 57 14 22 49 58 13 22 49 59 12 22 49 60 11 22 49 61 10 22 49 62 9 22 49 63 8 22 49 64 7 22 49 65 6 22 49 67 5 22 49 69 4 22 50 5 68 22 50 6 66 22 50 7 65 22 50 8 64 22 50 9 63 22 50 10 62 22 50 11 61 22 50 12 60 22 50 13 59 22 50 14 58 22 50 15 57 22 50 16 56 22 50 17 55 22 50 18 54 22 50 19 53 22 50 20 52 22 50 21 51 22 50 22 50 22 50 23 49 22 50 24 48 22 50 25 47 22 50 26 46 22 50 27 45 22 50 28 44 22 50 29 43 22 50 30 42 22 50 31 41 22 50 32 40 22 50 33 39 22 50 34 38 22 50 35 37 22 50 36 36 22 50 37 35 22 50 38 34 22 50 39 33 22 50 40 32 22 50 41 31 22 50 42 30 22 50 43 29 22 50 44 28 22 50 45 27 22 50 46 26 22 50 47 25 22 50 48 24 22 50 49 23 22 50 50 22 22 50 51 21 22 50 52 20 22 50 53 19 22 50 54 18 22 50 55 17 22 50 56 16 22 50 57 15 22 50 58 14 22 50 59 13 22 50 60 12 22 50 61 11 22 50 62 10 22 50 63 9 22 50 64 8 22 50 65 7 22 50 66 6 22 50 68 5 22 51 5 69 22 51 6 67 22 51 7 66 22 51 8 65 22 51 9 64 22 51 10 63 22 51 11 62 22 51 12 61 22 51 13 60 22 51 14 59 22 51 15 58 22 51 16 57 22 51 17 56 22 51 18 55 22 51 19 54 22 51 20 53 22 51 21 52 22 51 22 51 22 51 23 50 22 51 24 49 22 51 25 48 22 51 26 47 22 51 27 46 22 51 28 45 22 51 29 44 22 51 30 43 22 51 31 42 22 51 32 41 22 51 33 40 22 51 34 39 22 51 35 38 22 51 36 37 22 51 37 36 22 51 38 35 22 51 39 34 22 51 40 33 22 51 41 32 22 51 42 31 22 51 43 30 22 51 44 29 22 51 45 28 22 51 46 27 22 51 47 26 22 51 48 25 22 51 49 24 22 51 50 23 22 51 51 22 22 51 52 21 22 51 53 20 22 51 54 19 22 51 55 18 22 51 56 17 22 51 57 16 22 51 58 15 22 51 59 14 22 51 60 13 22 51 61 12 22 51 62 11 22 51 63 10 22 51 64 9 22 51 65 8 22 51 66 7 22 51 67 6 22 51 69 5 22 52 5 70 22 52 6 68 22 52 7 67 22 52 8 66 22 52 9 65 22 52 10 64 22 52 11 63 22 52 12 62 22 52 13 61 22 52 14 60 22 52 15 59 22 52 16 58 22 52 17 57 22 52 18 56 22 52 19 55 22 52 20 54 22 52 21 53 22 52 22 52 22 52 23 51 22 52 24 50 22 52 25 49 22 52 26 48 22 52 27 47 22 52 28 46 22 52 29 45 22 52 30 44 22 52 31 43 22 52 32 42 22 52 33 41 22 52 34 40 22 52 35 39 22 52 36 38 22 52 37 37 22 52 38 36 22 52 39 35 22 52 40 34 22 52 41 33 22 52 42 32 22 52 43 31 22 52 44 30 22 52 45 29 22 52 46 28 22 52 47 27 22 52 48 26 22 52 49 25 22 52 50 24 22 52 51 23 22 52 52 22 22 52 53 21 22 52 54 20 22 52 55 19 22 52 56 18 22 52 57 17 22 52 58 16 22 52 59 15 22 52 60 14 22 52 61 13 22 52 62 12 22 52 63 11 22 52 64 10 22 52 65 9 22 52 66 8 22 52 67 7 22 52 68 6 22 52 70 5 22 53 5 71 22 53 6 69 22 53 7 68 22 53 8 67 22 53 9 66 22 53 10 65 22 53 11 64 22 53 12 63 22 53 13 62 22 53 14 61 22 53 15 60 22 53 16 59 22 53 17 58 22 53 18 57 22 53 19 56 22 53 20 55 22 53 21 54 22 53 22 53 22 53 23 52 22 53 24 51 22 53 25 50 22 53 26 49 22 53 27 48 22 53 28 47 22 53 29 46 22 53 30 45 22 53 31 44 22 53 32 43 22 53 33 42 22 53 34 41 22 53 35 40 22 53 36 39 22 53 37 38 22 53 38 37 22 53 39 36 22 53 40 35 22 53 41 34 22 53 42 33 22 53 43 32 22 53 44 31 22 53 45 30 22 53 46 29 22 53 47 28 22 53 48 27 22 53 49 26 22 53 50 25 22 53 51 24 22 53 52 23 22 53 53 22 22 53 54 21 22 53 55 20 22 53 56 19 22 53 57 18 22 53 58 17 22 53 59 16 22 53 60 15 22 53 61 14 22 53 62 13 22 53 63 12 22 53 64 11 22 53 65 10 22 53 66 9 22 53 67 8 22 53 68 7 22 53 69 6 22 53 71 5 22 54 6 70 22 54 7 69 22 54 8 68 22 54 9 67 22 54 10 66 22 54 11 65 22 54 12 64 22 54 13 63 22 54 14 62 22 54 15 61 22 54 16 60 22 54 17 59 22 54 18 58 22 54 19 57 22 54 20 56 22 54 21 55 22 54 22 54 22 54 23 53 22 54 24 52 22 54 25 51 22 54 26 50 22 54 27 49 22 54 28 48 22 54 29 47 22 54 30 46 22 54 31 45 22 54 32 44 22 54 33 43 22 54 34 42 22 54 35 41 22 54 36 40 22 54 37 39 22 54 38 38 22 54 39 37 22 54 40 36 22 54 41 35 22 54 42 34 22 54 43 33 22 54 44 32 22 54 45 31 22 54 46 30 22 54 47 29 22 54 48 28 22 54 49 27 22 54 50 26 22 54 51 25 22 54 52 24 22 54 53 23 22 54 54 22 22 54 55 21 22 54 56 20 22 54 57 19 22 54 58 18 22 54 59 17 22 54 60 16 22 54 61 15 22 54 62 14 22 54 63 13 22 54 64 12 22 54 65 11 22 54 66 10 22 54 67 9 22 54 68 8 22 54 69 7 22 54 70 6 22 55 6 71 22 55 7 70 22 55 8 69 22 55 9 68 22 55 10 67 22 55 11 66 22 55 12 65 22 55 13 64 22 55 14 63 22 55 15 62 22 55 16 61 22 55 17 60 22 55 18 59 22 55 19 58 22 55 20 57 22 55 21 56 22 55 22 55 22 55 23 54 22 55 24 53 22 55 25 52 22 55 26 51 22 55 27 50 22 55 28 49 22 55 29 48 22 55 30 47 22 55 31 46 22 55 32 45 22 55 33 44 22 55 34 43 22 55 35 42 22 55 36 41 22 55 37 40 22 55 38 39 22 55 39 38 22 55 40 37 22 55 41 36 22 55 42 35 22 55 43 34 22 55 44 33 22 55 45 32 22 55 46 31 22 55 47 30 22 55 48 29 22 55 49 28 22 55 50 27 22 55 51 26 22 55 52 25 22 55 53 24 22 55 54 23 22 55 55 22 22 55 56 21 22 55 57 20 22 55 58 19 22 55 59 18 22 55 60 17 22 55 61 16 22 55 62 15 22 55 63 14 22 55 64 13 22 55 65 12 22 55 66 11 22 55 67 10 22 55 68 9 22 55 69 8 22 55 70 7 22 55 71 6 22 56 6 72 22 56 7 71 22 56 8 70 22 56 9 69 22 56 10 68 22 56 11 67 22 56 12 66 22 56 13 65 22 56 14 64 22 56 15 63 22 56 16 62 22 56 17 61 22 56 18 60 22 56 19 59 22 56 20 58 22 56 21 57 22 56 22 56 22 56 23 55 22 56 24 54 22 56 25 53 22 56 26 52 22 56 27 51 22 56 28 50 22 56 29 49 22 56 30 48 22 56 31 47 22 56 32 46 22 56 33 45 22 56 34 44 22 56 35 43 22 56 36 42 22 56 37 41 22 56 38 40 22 56 39 39 22 56 40 38 22 56 41 37 22 56 42 36 22 56 43 35 22 56 44 34 22 56 45 33 22 56 46 32 22 56 47 31 22 56 48 30 22 56 49 29 22 56 50 28 22 56 51 27 22 56 52 26 22 56 53 25 22 56 54 24 22 56 55 23 22 56 56 22 22 56 57 21 22 56 58 20 22 56 59 19 22 56 60 18 22 56 61 17 22 56 62 16 22 56 63 15 22 56 64 14 22 56 65 13 22 56 66 12 22 56 67 11 22 56 68 10 22 56 69 9 22 56 70 8 22 56 71 7 22 56 72 6 22 57 7 72 22 57 8 71 22 57 9 70 22 57 10 69 22 57 11 68 22 57 12 67 22 57 13 66 22 57 14 65 22 57 15 64 22 57 16 63 22 57 17 62 22 57 18 61 22 57 19 60 22 57 20 59 22 57 21 58 22 57 22 57 22 57 23 56 22 57 24 55 22 57 25 54 22 57 26 53 22 57 27 52 22 57 28 51 22 57 29 50 22 57 30 49 22 57 31 48 22 57 32 47 22 57 33 46 22 57 34 45 22 57 35 44 22 57 36 43 22 57 37 42 22 57 38 41 22 57 39 40 22 57 40 39 22 57 41 38 22 57 42 37 22 57 43 36 22 57 44 35 22 57 45 34 22 57 46 33 22 57 47 32 22 57 48 31 22 57 49 30 22 57 50 29 22 57 51 28 22 57 52 27 22 57 53 26 22 57 54 25 22 57 55 24 22 57 56 23 22 57 57 22 22 57 58 21 22 57 59 20 22 57 60 19 22 57 61 18 22 57 62 17 22 57 63 16 22 57 64 15 22 57 65 14 22 57 66 13 22 57 67 12 22 57 68 11 22 57 69 10 22 57 70 9 22 57 71 8 22 57 72 7 22 58 8 72 22 58 9 71 22 58 10 70 22 58 11 69 22 58 12 68 22 58 13 67 22 58 14 66 22 58 15 65 22 58 16 64 22 58 17 63 22 58 18 62 22 58 19 61 22 58 20 60 22 58 21 59 22 58 22 58 22 58 23 57 22 58 24 56 22 58 25 55 22 58 26 54 22 58 27 53 22 58 28 52 22 58 29 51 22 58 30 50 22 58 31 49 22 58 32 48 22 58 33 47 22 58 34 46 22 58 35 45 22 58 36 44 22 58 37 43 22 58 38 42 22 58 39 41 22 58 40 40 22 58 41 39 22 58 42 38 22 58 43 37 22 58 44 36 22 58 45 35 22 58 46 34 22 58 47 33 22 58 48 32 22 58 49 31 22 58 50 30 22 58 51 29 22 58 52 28 22 58 53 27 22 58 54 26 22 58 55 25 22 58 56 24 22 58 57 23 22 58 58 22 22 58 59 21 22 58 60 20 22 58 61 19 22 58 62 18 22 58 63 17 22 58 64 16 22 58 65 15 22 58 66 14 22 58 67 13 22 58 68 12 22 58 69 11 22 58 70 10 22 58 71 9 22 58 72 8 22 59 9 72 22 59 10 71 22 59 11 70 22 59 12 69 22 59 13 68 22 59 14 67 22 59 15 66 22 59 16 65 22 59 17 64 22 59 18 63 22 59 19 62 22 59 20 61 22 59 21 60 22 59 22 59 22 59 23 58 22 59 24 57 22 59 25 56 22 59 26 55 22 59 27 54 22 59 28 53 22 59 29 52 22 59 30 51 22 59 31 50 22 59 32 49 22 59 33 48 22 59 34 47 22 59 35 46 22 59 36 45 22 59 37 44 22 59 38 43 22 59 39 42 22 59 40 41 22 59 41 40 22 59 42 39 22 59 43 38 22 59 44 37 22 59 45 36 22 59 46 35 22 59 47 34 22 59 48 33 22 59 49 32 22 59 50 31 22 59 51 30 22 59 52 29 22 59 53 28 22 59 54 27 22 59 55 26 22 59 56 25 22 59 57 24 22 59 58 23 22 59 59 22 22 59 60 21 22 59 61 20 22 59 62 19 22 59 63 18 22 59 64 17 22 59 65 16 22 59 66 15 22 59 67 14 22 59 68 13 22 59 69 12 22 59 70 11 22 59 71 10 22 59 72 9 22 60 10 72 22 60 11 71 22 60 12 70 22 60 13 69 22 60 14 68 22 60 15 67 22 60 16 66 22 60 17 65 22 60 18 64 22 60 19 63 22 60 20 62 22 60 21 61 22 60 22 60 22 60 23 59 22 60 24 58 22 60 25 57 22 60 26 56 22 60 27 55 22 60 28 54 22 60 29 53 22 60 30 52 22 60 31 51 22 60 32 50 22 60 33 49 22 60 34 48 22 60 35 47 22 60 36 46 22 60 37 45 22 60 38 44 22 60 39 43 22 60 40 42 22 60 41 41 22 60 42 40 22 60 43 39 22 60 44 38 22 60 45 37 22 60 46 36 22 60 47 35 22 60 48 34 22 60 49 33 22 60 50 32 22 60 51 31 22 60 52 30 22 60 53 29 22 60 54 28 22 60 55 27 22 60 56 26 22 60 57 25 22 60 58 24 22 60 59 23 22 60 60 22 22 60 61 21 22 60 62 20 22 60 63 19 22 60 64 18 22 60 65 17 22 60 66 16 22 60 67 15 22 60 68 14 22 60 69 13 22 60 70 12 22 60 71 11 22 60 72 10 22 61 11 72 22 61 12 71 22 61 13 70 22 61 14 69 22 61 15 68 22 61 16 67 22 61 17 66 22 61 18 65 22 61 19 64 22 61 20 63 22 61 21 62 22 61 22 61 22 61 23 60 22 61 24 59 22 61 25 58 22 61 26 57 22 61 27 56 22 61 28 55 22 61 29 54 22 61 30 53 22 61 31 52 22 61 32 51 22 61 33 50 22 61 34 49 22 61 35 48 22 61 36 47 22 61 37 46 22 61 38 45 22 61 39 44 22 61 40 43 22 61 41 42 22 61 42 41 22 61 43 40 22 61 44 39 22 61 45 38 22 61 46 37 22 61 47 36 22 61 48 35 22 61 49 34 22 61 50 33 22 61 51 32 22 61 52 31 22 61 53 30 22 61 54 29 22 61 55 28 22 61 56 27 22 61 57 26 22 61 58 25 22 61 59 24 22 61 60 23 22 61 61 22 22 61 62 21 22 61 63 20 22 61 64 19 22 61 65 18 22 61 66 17 22 61 67 16 22 61 68 15 22 61 69 14 22 61 70 13 22 61 71 12 22 61 72 11 22 62 12 72 22 62 13 71 22 62 14 70 22 62 15 69 22 62 16 68 22 62 17 67 22 62 18 66 22 62 19 65 22 62 20 64 22 62 21 63 22 62 22 62 22 62 23 61 22 62 24 60 22 62 25 59 22 62 26 58 22 62 27 57 22 62 28 56 22 62 29 55 22 62 30 54 22 62 31 53 22 62 32 52 22 62 33 51 22 62 34 50 22 62 35 49 22 62 36 48 22 62 37 47 22 62 38 46 22 62 39 45 22 62 40 44 22 62 41 43 22 62 42 42 22 62 43 41 22 62 44 40 22 62 45 39 22 62 46 38 22 62 47 37 22 62 48 36 22 62 49 35 22 62 50 34 22 62 51 33 22 62 52 32 22 62 53 31 22 62 54 30 22 62 55 29 22 62 56 28 22 62 57 27 22 62 58 26 22 62 59 25 22 62 60 24 22 62 61 23 22 62 62 22 22 62 63 21 22 62 64 20 22 62 65 19 22 62 66 18 22 62 67 17 22 62 68 16 22 62 69 15 22 62 70 14 22 62 71 13 22 62 72 12 22 63 13 72 22 63 14 71 22 63 15 70 22 63 16 69 22 63 17 68 22 63 18 67 22 63 19 66 22 63 20 65 22 63 21 64 22 63 22 63 22 63 23 62 22 63 24 61 22 63 25 60 22 63 26 59 22 63 27 58 22 63 28 57 22 63 29 56 22 63 30 55 22 63 31 54 22 63 32 53 22 63 33 52 22 63 34 51 22 63 35 50 22 63 36 49 22 63 37 48 22 63 38 47 22 63 39 46 22 63 40 45 22 63 41 44 22 63 42 43 22 63 43 42 22 63 44 41 22 63 45 40 22 63 46 39 22 63 47 38 22 63 48 37 22 63 49 36 22 63 50 35 22 63 51 34 22 63 52 33 22 63 53 32 22 63 54 31 22 63 55 30 22 63 56 29 22 63 57 28 22 63 58 27 22 63 59 26 22 63 60 25 22 63 61 24 22 63 62 23 22 63 63 22 22 63 64 21 22 63 65 20 22 63 66 19 22 63 67 18 22 63 68 17 22 63 69 16 22 63 70 15 22 63 71 14 22 63 72 13 22 64 14 72 22 64 15 71 22 64 16 70 22 64 17 69 22 64 18 68 22 64 19 67 22 64 20 66 22 64 21 65 22 64 22 64 22 64 23 63 22 64 24 62 22 64 25 61 22 64 26 60 22 64 27 59 22 64 28 58 22 64 29 57 22 64 30 56 22 64 31 55 22 64 32 54 22 64 33 53 22 64 34 52 22 64 35 51 22 64 36 50 22 64 37 49 22 64 38 48 22 64 39 47 22 64 40 46 22 64 41 45 22 64 42 44 22 64 43 43 22 64 44 42 22 64 45 41 22 64 46 40 22 64 47 39 22 64 48 38 22 64 49 37 22 64 50 36 22 64 51 35 22 64 52 34 22 64 53 33 22 64 54 32 22 64 55 31 22 64 56 30 22 64 57 29 22 64 58 28 22 64 59 27 22 64 60 26 22 64 61 25 22 64 62 24 22 64 63 23 22 64 64 22 22 64 65 21 22 64 66 20 22 64 67 19 22 64 68 18 22 64 69 17 22 64 70 16 22 64 71 15 22 64 72 14 22 65 15 72 22 65 16 71 22 65 17 70 22 65 18 69 22 65 19 68 22 65 20 67 22 65 21 66 22 65 22 65 22 65 23 64 22 65 24 63 22 65 25 62 22 65 26 61 22 65 27 60 22 65 28 59 22 65 29 58 22 65 30 57 22 65 31 56 22 65 32 55 22 65 33 54 22 65 34 53 22 65 35 52 22 65 36 51 22 65 37 50 22 65 38 49 22 65 39 48 22 65 40 47 22 65 41 46 22 65 42 45 22 65 43 44 22 65 44 43 22 65 45 42 22 65 46 41 22 65 47 40 22 65 48 39 22 65 49 38 22 65 50 37 22 65 51 36 22 65 52 35 22 65 53 34 22 65 54 33 22 65 55 32 22 65 56 31 22 65 57 30 22 65 58 29 22 65 59 28 22 65 60 27 22 65 61 26 22 65 62 25 22 65 63 24 22 65 64 23 22 65 65 22 22 65 66 21 22 65 67 20 22 65 68 19 22 65 69 18 22 65 70 17 22 65 71 16 22 65 72 15 22 66 16 72 22 66 17 71 22 66 18 70 22 66 19 69 22 66 20 68 22 66 21 67 22 66 22 66 22 66 23 65 22 66 24 64 22 66 25 63 22 66 26 62 22 66 27 61 22 66 28 60 22 66 29 59 22 66 30 58 22 66 31 57 22 66 32 56 22 66 33 55 22 66 34 54 22 66 35 53 22 66 36 52 22 66 37 51 22 66 38 50 22 66 39 49 22 66 40 48 22 66 41 47 22 66 42 46 22 66 43 45 22 66 44 44 22 66 45 43 22 66 46 42 22 66 47 41 22 66 48 40 22 66 49 39 22 66 50 38 22 66 51 37 22 66 52 36 22 66 53 35 22 66 54 34 22 66 55 33 22 66 56 32 22 66 57 31 22 66 58 30 22 66 59 29 22 66 60 28 22 66 61 27 22 66 62 26 22 66 63 25 22 66 64 24 22 66 65 23 22 66 66 22 22 66 67 21 22 66 68 20 22 66 69 19 22 66 70 18 22 66 71 17 22 66 72 16 22 67 17 72 22 67 18 71 22 67 19 70 22 67 20 69 22 67 21 68 22 67 22 67 22 67 23 66 22 67 24 65 22 67 25 64 22 67 26 63 22 67 27 62 22 67 28 61 22 67 29 60 22 67 30 59 22 67 31 58 22 67 32 57 22 67 33 56 22 67 34 55 22 67 35 54 22 67 36 53 22 67 37 52 22 67 38 51 22 67 39 50 22 67 40 49 22 67 41 48 22 67 42 47 22 67 43 46 22 67 44 45 22 67 45 44 22 67 46 43 22 67 47 42 22 67 48 41 22 67 49 40 22 67 50 39 22 67 51 38 22 67 52 37 22 67 53 36 22 67 54 35 22 67 55 34 22 67 56 33 22 67 57 32 22 67 58 31 22 67 59 30 22 67 60 29 22 67 61 28 22 67 62 27 22 67 63 26 22 67 64 25 22 67 65 24 22 67 66 23 22 67 67 22 22 67 68 21 22 67 69 20 22 67 70 19 22 67 71 18 22 67 72 17 22 68 18 72 22 68 19 71 22 68 20 70 22 68 21 69 22 68 22 68 22 68 23 67 22 68 24 66 22 68 25 65 22 68 26 64 22 68 27 63 22 68 28 62 22 68 29 61 22 68 30 60 22 68 31 59 22 68 32 58 22 68 33 57 22 68 34 56 22 68 35 55 22 68 36 54 22 68 37 53 22 68 38 52 22 68 39 51 22 68 40 50 22 68 41 49 22 68 42 48 22 68 43 47 22 68 44 46 22 68 45 45 22 68 46 44 22 68 47 43 22 68 48 42 22 68 49 41 22 68 50 40 22 68 51 39 22 68 52 38 22 68 53 37 22 68 54 36 22 68 55 35 22 68 56 34 22 68 57 33 22 68 58 32 22 68 59 31 22 68 60 30 22 68 61 29 22 68 62 28 22 68 63 27 22 68 64 26 22 68 65 25 22 68 66 24 22 68 67 23 22 68 68 22 22 68 69 21 22 68 70 20 22 68 71 19 22 68 72 18 22 69 19 72 22 69 20 71 22 69 21 70 22 69 22 69 22 69 23 68 22 69 24 67 22 69 25 66 22 69 26 65 22 69 27 64 22 69 28 63 22 69 29 62 22 69 30 61 22 69 31 60 22 69 32 59 22 69 33 58 22 69 34 57 22 69 35 56 22 69 36 55 22 69 37 54 22 69 38 53 22 69 39 52 22 69 40 51 22 69 41 50 22 69 42 49 22 69 43 48 22 69 44 47 22 69 45 46 22 69 46 45 22 69 47 44 22 69 48 43 22 69 49 42 22 69 50 41 22 69 51 40 22 69 52 39 22 69 53 38 22 69 54 37 22 69 55 36 22 69 56 35 22 69 57 34 22 69 58 33 22 69 59 32 22 69 60 31 22 69 61 30 22 69 62 29 22 69 63 28 22 69 64 27 22 69 65 26 22 69 66 25 22 69 67 24 22 69 68 23 22 69 69 22 22 69 70 21 22 69 71 20 22 69 72 19 22 70 20 72 22 70 21 71 22 70 22 70 22 70 23 69 22 70 24 68 22 70 25 67 22 70 26 66 22 70 27 65 22 70 28 64 22 70 29 63 22 70 30 62 22 70 31 61 22 70 32 60 22 70 33 59 22 70 34 58 22 70 35 57 22 70 36 56 22 70 37 55 22 70 38 54 22 70 39 53 22 70 40 52 22 70 41 51 22 70 42 50 22 70 43 49 22 70 44 48 22 70 45 47 22 70 46 46 22 70 47 45 22 70 48 44 22 70 49 43 22 70 50 42 22 70 51 41 22 70 52 40 22 70 53 39 22 70 54 38 22 70 55 37 22 70 56 36 22 70 57 35 22 70 58 34 22 70 59 33 22 70 60 32 22 70 61 31 22 70 62 30 22 70 63 29 22 70 64 28 22 70 65 27 22 70 66 26 22 70 67 25 22 70 68 24 22 70 69 23 22 70 70 22 22 70 71 21 22 70 72 20 22 71 21 72 22 71 22 71 22 71 23 70 22 71 24 69 22 71 25 68 22 71 26 67 22 71 27 66 22 71 28 65 22 71 29 64 22 71 30 63 22 71 31 62 22 71 32 61 22 71 33 60 22 71 34 59 22 71 35 58 22 71 36 57 22 71 37 56 22 71 38 55 22 71 39 54 22 71 40 53 22 71 41 52 22 71 42 51 22 71 43 50 22 71 44 49 22 71 45 48 22 71 46 47 22 71 47 46 22 71 48 45 22 71 49 44 22 71 50 43 22 71 51 42 22 71 52 41 22 71 53 40 22 71 54 39 22 71 55 38 22 71 56 37 22 71 57 36 22 71 58 35 22 71 59 34 22 71 60 33 22 71 61 32 22 71 62 31 22 71 63 30 22 71 64 29 22 71 65 28 22 71 66 27 22 71 67 26 22 71 68 25 22 71 69 24 22 71 70 23 22 71 71 22 22 71 72 21 22 72 22 72 22 72 23 71 22 72 24 70 22 72 25 69 22 72 26 68 22 72 27 67 22 72 28 66 22 72 29 65 22 72 30 64 22 72 31 63 22 72 32 62 22 72 33 61 22 72 34 60 22 72 35 59 22 72 36 58 22 72 37 57 22 72 38 56 22 72 39 55 22 72 40 54 22 72 41 53 22 72 42 52 22 72 43 51 22 72 44 50 22 72 45 49 22 72 46 48 22 72 47 47 22 72 48 46 22 72 49 45 22 72 50 44 22 72 51 43 22 72 52 42 22 72 53 41 22 72 54 40 22 72 55 39 22 72 56 38 22 72 57 37 22 72 58 36 22 72 59 35 22 72 60 34 22 72 61 33 22 72 62 32 22 72 63 31 22 72 64 30 22 72 65 29 22 72 66 28 22 72 67 27 22 72 68 26 22 72 69 25 22 72 70 24 22 72 71 23 22 72 72 22 


















































