









10 0 0 10 10 0 1 9 10 0 2 7 10 0 4 5 10 0 5 4 10 0 7 2 10 0 9 1 10 0 10 0 10 1 0 12 10 1 1 10 10 1 2 9 10 1 3 8 10 1 5 6 10 1 6 5 10 1 8 3 10 1 9 2 10 1 10 1 10 1 12 0 10 2 0 14 10 2 1 12 10 2 2 10 10 2 4 8 10 2 5 7 10 2 7 5 10 2 8 4 10 2 10 2 10 2 12 1 10 2 14 0 10 3 0 15 10 3 1 13 10 3 2 11 10 3 3 10 10 3 4 9 10 3 5 8 10 3 6 7 10 3 7 6 10 3 8 5 10 3 9 4 10 3 10 3 10 3 11 2 10 3 13 1 10 3 15 0 10 4 0 17 10 4 1 15 10 4 2 13 10 4 3 12 10 4 4 10 10 4 6 9 10 4 7 7 10 4 9 6 10 4 10 4 10 4 12 3 10 4 13 2 10 4 15 1 10 4 17 0 10 5 0 18 10 5 1 16 10 5 2 14 10 5 3 13 10 5 4 11 10 5 5 10 10 5 7 8 10 5 8 7 10 5 10 5 10 5 11 4 10 5 13 3 10 5 14 2 10 5 16 1 10 5 18 0 10 6 0 19 10 6 1 17 10 6 2 15 10 6 3 14 10 6 4 12 10 6 5 11 10 6 6 10 10 6 7 9 10 6 8 8 10 6 9 7 10 6 10 6 10 6 11 5 10 6 12 4 10 6 14 3 10 6 15 2 10 6 17 1 10 6 19 0 10 7 0 21 10 7 1 19 10 7 2 17 10 7 3 16 10 7 4 14 10 7 5 13 10 7 6 12 10 7 7 10 10 7 9 9 10 7 10 7 10 7 12 6 10 7 13 5 10 7 14 4 10 7 16 3 10 7 17 2 10 7 19 1 10 7 21 0 10 8 0 22 10 8 1 20 10 8 2 18 10 8 3 17 10 8 4 15 10 8 5 14 10 8 6 13 10 8 7 11 10 8 8 10 10 8 10 8 10 8 11 7 10 8 13 6 10 8 14 5 10 8 15 4 10 8 17 3 10 8 18 2 10 8 20 1 10 8 22 0 10 9 0 23 10 9 1 21 10 9 2 19 10 9 3 18 10 9 4 16 10 9 5 15 10 9 6 14 10 9 7 12 10 9 8 11 10 9 9 10 10 9 10 9 10 9 11 8 10 9 12 7 10 9 14 6 10 9 15 5 10 9 16 4 10 9 18 3 10 9 19 2 10 9 21 1 10 9 23 0 10 10 0 25 10 10 1 23 10 10 2 21 10 10 3 20 10 10 4 18 10 10 5 17 10 10 6 16 10 10 7 14 10 10 8 13 10 10 9 12 10 10 10 10 10 10 12 9 10 10 13 8 10 10 14 7 10 10 16 6 10 10 17 5 10 10 18 4 10 10 20 3 10 10 21 2 10 10 23 1 10 10 25 0 10 11 0 26 10 11 1 24 10 11 2 22 10 11 3 21 10 11 4 19 10 11 5 18 10 11 6 17 10 11 7 15 10 11 8 14 10 11 9 13 10 11 10 11 10 11 11 10 10 11 13 9 10 11 14 8 10 11 15 7 10 11 17 6 10 11 18 5 10 11 19 4 10 11 21 3 10 11 22 2 10 11 24 1 10 11 26 0 10 12 0 27 10 12 1 25 10 12 2 23 10 12 3 22 10 12 4 20 10 12 5 19 10 12 6 18 10 12 7 16 10 12 8 15 10 12 9 14 10 12 10 12 10 12 11 11 10 12 12 10 10 12 14 9 10 12 15 8 10 12 16 7 10 12 18 6 10 12 19 5 10 12 20 4 10 12 22 3 10 12 23 2 10 12 25 1 10 12 27 0 10 13 0 28 10 13 1 26 10 13 2 24 10 13 3 23 10 13 4 21 10 13 5 20 10 13 6 19 10 13 7 17 10 13 8 16 10 13 9 15 10 13 10 13 10 13 11 12 10 13 12 11 10 13 13 10 10 13 15 9 10 13 16 8 10 13 17 7 10 13 19 6 10 13 20 5 10 13 21 4 10 13 23 3 10 13 24 2 10 13 26 1 10 13 28 0 10 14 0 29 10 14 1 27 10 14 2 25 10 14 3 24 10 14 4 22 10 14 5 21 10 14 6 20 10 14 7 18 10 14 8 17 10 14 9 16 10 14 10 14 10 14 11 13 10 14 12 12 10 14 13 11 10 14 14 10 10 14 16 9 10 14 17 8 10 14 18 7 10 14 20 6 10 14 21 5 10 14 22 4 10 14 24 3 10 14 25 2 10 14 27 1 10 14 29 0 10 15 0 30 10 15 1 28 10 15 2 26 10 15 3 25 10 15 4 23 10 15 5 22 10 15 6 21 10 15 7 19 10 15 8 18 10 15 9 17 10 15 10 15 10 15 11 14 10 15 12 13 10 15 13 12 10 15 14 11 10 15 15 10 10 15 17 9 10 15 18 8 10 15 19 7 10 15 21 6 10 15 22 5 10 15 23 4 10 15 25 3 10 15 26 2 10 15 28 1 10 15 30 0 10 16 0 31 10 16 1 29 10 16 2 27 10 16 3 26 10 16 4 24 10 16 5 23 10 16 6 22 10 16 7 20 10 16 8 19 10 16 9 18 10 16 10 16 10 16 11 15 10 16 12 14 10 16 13 13 10 16 14 12 10 16 15 11 10 16 16 10 10 16 18 9 10 16 19 8 10 16 20 7 10 16 22 6 10 16 23 5 10 16 24 4 10 16 26 3 10 16 27 2 10 16 29 1 10 16 31 0 10 17 0 32 10 17 1 30 10 17 2 28 10 17 3 27 10 17 4 25 10 17 5 24 10 17 6 23 10 17 7 21 10 17 8 20 10 17 9 19 10 17 10 17 10 17 11 16 10 17 12 15 10 17 13 14 10 17 14 13 10 17 15 12 10 17 16 11 10 17 17 10 10 17 19 9 10 17 20 8 10 17 21 7 10 17 23 6 10 17 24 5 10 17 25 4 10 17 27 3 10 17 28 2 10 17 30 1 10 17 32 0 10 18 0 33 10 18 1 31 10 18 2 29 10 18 3 28 10 18 4 26 10 18 5 25 10 18 6 24 10 18 7 22 10 18 8 21 10 18 9 20 10 18 10 18 10 18 11 17 10 18 12 16 10 18 13 15 10 18 14 14 10 18 15 13 10 18 16 12 10 18 17 11 10 18 18 10 10 18 20 9 10 18 21 8 10 18 22 7 10 18 24 6 10 18 25 5 10 18 26 4 10 18 28 3 10 18 29 2 10 18 31 1 10 18 33 0 10 19 1 32 10 19 2 30 10 19 3 29 10 19 4 27 10 19 5 26 10 19 6 25 10 19 7 23 10 19 8 22 10 19 9 21 10 19 10 19 10 19 11 18 10 19 12 17 10 19 13 16 10 19 14 15 10 19 15 14 10 19 16 13 10 19 17 12 10 19 18 11 10 19 19 10 10 19 21 9 10 19 22 8 10 19 23 7 10 19 25 6 10 19 26 5 10 19 27 4 10 19 29 3 10 19 30 2 10 19 32 1 10 20 1 33 10 20 2 31 10 20 3 30 10 20 4 28 10 20 5 27 10 20 6 26 10 20 7 24 10 20 8 23 10 20 9 22 10 20 10 20 10 20 11 19 10 20 12 18 10 20 13 17 10 20 14 16 10 20 15 15 10 20 16 14 10 20 17 13 10 20 18 12 10 20 19 11 10 20 20 10 10 20 22 9 10 20 23 8 10 20 24 7 10 20 26 6 10 20 27 5 10 20 28 4 10 20 30 3 10 20 31 2 10 20 33 1 10 21 1 34 10 21 2 32 10 21 3 31 10 21 4 29 10 21 5 28 10 21 6 27 10 21 7 25 10 21 8 24 10 21 9 23 10 21 10 21 10 21 11 20 10 21 12 19 10 21 13 18 10 21 14 17 10 21 15 16 10 21 16 15 10 21 17 14 10 21 18 13 10 21 19 12 10 21 20 11 10 21 21 10 10 21 23 9 10 21 24 8 10 21 25 7 10 21 27 6 10 21 28 5 10 21 29 4 10 21 31 3 10 21 32 2 10 21 34 1 10 22 1 35 10 22 2 33 10 22 3 32 10 22 4 30 10 22 5 29 10 22 6 28 10 22 7 26 10 22 8 25 10 22 9 24 10 22 10 22 10 22 11 21 10 22 12 20 10 22 13 19 10 22 14 18 10 22 15 17 10 22 16 16 10 22 17 15 10 22 18 14 10 22 19 13 10 22 20 12 10 22 21 11 10 22 22 10 10 22 24 9 10 22 25 8 10 22 26 7 10 22 28 6 10 22 29 5 10 22 30 4 10 22 32 3 10 22 33 2 10 22 35 1 10 23 1 36 10 23 2 34 10 23 3 33 10 23 4 31 10 23 5 30 10 23 6 29 10 23 7 27 10 23 8 26 10 23 9 25 10 23 10 23 10 23 11 22 10 23 12 21 10 23 13 20 10 23 14 19 10 23 15 18 10 23 16 17 10 23 17 16 10 23 18 15 10 23 19 14 10 23 20 13 10 23 21 12 10 23 22 11 10 23 23 10 10 23 25 9 10 23 26 8 10 23 27 7 10 23 29 6 10 23 30 5 10 23 31 4 10 23 33 3 10 23 34 2 10 23 36 1 10 24 1 37 10 24 2 35 10 24 3 34 10 24 4 32 10 24 5 31 10 24 6 30 10 24 7 28 10 24 8 27 10 24 9 26 10 24 10 24 10 24 11 23 10 24 12 22 10 24 13 21 10 24 14 20 10 24 15 19 10 24 16 18 10 24 17 17 10 24 18 16 10 24 19 15 10 24 20 14 10 24 21 13 10 24 22 12 10 24 23 11 10 24 24 10 10 24 26 9 10 24 27 8 10 24 28 7 10 24 30 6 10 24 31 5 10 24 32 4 10 24 34 3 10 24 35 2 10 24 37 1 10 25 1 38 10 25 2 36 10 25 3 35 10 25 4 33 10 25 5 32 10 25 6 31 10 25 7 29 10 25 8 28 10 25 9 27 10 25 10 25 10 25 11 24 10 25 12 23 10 25 13 22 10 25 14 21 10 25 15 20 10 25 16 19 10 25 17 18 10 25 18 17 10 25 19 16 10 25 20 15 10 25 21 14 10 25 22 13 10 25 23 12 10 25 24 11 10 25 25 10 10 25 27 9 10 25 28 8 10 25 29 7 10 25 31 6 10 25 32 5 10 25 33 4 10 25 35 3 10 25 36 2 10 25 38 1 10 26 1 39 10 26 2 37 10 26 3 36 10 26 4 34 10 26 5 33 10 26 6 32 10 26 7 30 10 26 8 29 10 26 9 28 10 26 10 26 10 26 11 25 10 26 12 24 10 26 13 23 10 26 14 22 10 26 15 21 10 26 16 20 10 26 17 19 10 26 18 18 10 26 19 17 10 26 20 16 10 26 21 15 10 26 22 14 10 26 23 13 10 26 24 12 10 26 25 11 10 26 26 10 10 26 28 9 10 26 29 8 10 26 30 7 10 26 32 6 10 26 33 5 10 26 34 4 10 26 36 3 10 26 37 2 10 26 39 1 10 27 2 38 10 27 3 37 10 27 4 35 10 27 5 34 10 27 6 33 10 27 7 31 10 27 8 30 10 27 9 29 10 27 10 27 10 27 11 26 10 27 12 25 10 27 13 24 10 27 14 23 10 27 15 22 10 27 16 21 10 27 17 20 10 27 18 19 10 27 19 18 10 27 20 17 10 27 21 16 10 27 22 15 10 27 23 14 10 27 24 13 10 27 25 12 10 27 26 11 10 27 27 10 10 27 29 9 10 27 30 8 10 27 31 7 10 27 33 6 10 27 34 5 10 27 35 4 10 27 37 3 10 27 38 2 10 28 2 39 10 28 3 38 10 28 4 36 10 28 5 35 10 28 6 34 10 28 7 32 10 28 8 31 10 28 9 30 10 28 10 28 10 28 11 27 10 28 12 26 10 28 13 25 10 28 14 24 10 28 15 23 10 28 16 22 10 28 17 21 10 28 18 20 10 28 19 19 10 28 20 18 10 28 21 17 10 28 22 16 10 28 23 15 10 28 24 14 10 28 25 13 10 28 26 12 10 28 27 11 10 28 28 10 10 28 30 9 10 28 31 8 10 28 32 7 10 28 34 6 10 28 35 5 10 28 36 4 10 28 38 3 10 28 39 2 10 29 2 40 10 29 3 39 10 29 4 37 10 29 5 36 10 29 6 35 10 29 7 33 10 29 8 32 10 29 9 31 10 29 10 29 10 29 11 28 10 29 12 27 10 29 13 26 10 29 14 25 10 29 15 24 10 29 16 23 10 29 17 22 10 29 18 21 10 29 19 20 10 29 20 19 10 29 21 18 10 29 22 17 10 29 23 16 10 29 24 15 10 29 25 14 10 29 26 13 10 29 27 12 10 29 28 11 10 29 29 10 10 29 31 9 10 29 32 8 10 29 33 7 10 29 35 6 10 29 36 5 10 29 37 4 10 29 39 3 10 29 40 2 10 30 2 41 10 30 3 40 10 30 4 38 10 30 5 37 10 30 6 36 10 30 7 34 10 30 8 33 10 30 9 32 10 30 10 30 10 30 11 29 10 30 12 28 10 30 13 27 10 30 14 26 10 30 15 25 10 30 16 24 10 30 17 23 10 30 18 22 10 30 19 21 10 30 20 20 10 30 21 19 10 30 22 18 10 30 23 17 10 30 24 16 10 30 25 15 10 30 26 14 10 30 27 13 10 30 28 12 10 30 29 11 10 30 30 10 10 30 32 9 10 30 33 8 10 30 34 7 10 30 36 6 10 30 37 5 10 30 38 4 10 30 40 3 10 30 41 2 10 31 3 41 10 31 4 39 10 31 5 38 10 31 6 37 10 31 7 35 10 31 8 34 10 31 9 33 10 31 10 31 10 31 11 30 10 31 12 29 10 31 13 28 10 31 14 27 10 31 15 26 10 31 16 25 10 31 17 24 10 31 18 23 10 31 19 22 10 31 20 21 10 31 21 20 10 31 22 19 10 31 23 18 10 31 24 17 10 31 25 16 10 31 26 15 10 31 27 14 10 31 28 13 10 31 29 12 10 31 30 11 10 31 31 10 10 31 33 9 10 31 34 8 10 31 35 7 10 31 37 6 10 31 38 5 10 31 39 4 10 31 41 3 10 32 3 42 10 32 4 40 10 32 5 39 10 32 6 38 10 32 7 36 10 32 8 35 10 32 9 34 10 32 10 32 10 32 11 31 10 32 12 30 10 32 13 29 10 32 14 28 10 32 15 27 10 32 16 26 10 32 17 25 10 32 18 24 10 32 19 23 10 32 20 22 10 32 21 21 10 32 22 20 10 32 23 19 10 32 24 18 10 32 25 17 10 32 26 16 10 32 27 15 10 32 28 14 10 32 29 13 10 32 30 12 10 32 31 11 10 32 32 10 10 32 34 9 10 32 35 8 10 32 36 7 10 32 38 6 10 32 39 5 10 32 40 4 10 32 42 3 10 33 4 41 10 33 5 40 10 33 6 39 10 33 7 37 10 33 8 36 10 33 9 35 10 33 10 33 10 33 11 32 10 33 12 31 10 33 13 30 10 33 14 29 10 33 15 28 10 33 16 27 10 33 17 26 10 33 18 25 10 33 19 24 10 33 20 23 10 33 21 22 10 33 22 21 10 33 23 20 10 33 24 19 10 33 25 18 10 33 26 17 10 33 27 16 10 33 28 15 10 33 29 14 10 33 30 13 10 33 31 12 10 33 32 11 10 33 33 10 10 33 35 9 10 33 36 8 10 33 37 7 10 33 39 6 10 33 40 5 10 33 41 4 10 34 4 42 10 34 5 41 10 34 6 40 10 34 7 38 10 34 8 37 10 34 9 36 10 34 10 34 10 34 11 33 10 34 12 32 10 34 13 31 10 34 14 30 10 34 15 29 10 34 16 28 10 34 17 27 10 34 18 26 10 34 19 25 10 34 20 24 10 34 21 23 10 34 22 22 10 34 23 21 10 34 24 20 10 34 25 19 10 34 26 18 10 34 27 17 10 34 28 16 10 34 29 15 10 34 30 14 10 34 31 13 10 34 32 12 10 34 33 11 10 34 34 10 10 34 36 9 10 34 37 8 10 34 38 7 10 34 40 6 10 34 41 5 10 34 42 4 10 35 5 42 10 35 6 41 10 35 7 39 10 35 8 38 10 35 9 37 10 35 10 35 10 35 11 34 10 35 12 33 10 35 13 32 10 35 14 31 10 35 15 30 10 35 16 29 10 35 17 28 10 35 18 27 10 35 19 26 10 35 20 25 10 35 21 24 10 35 22 23 10 35 23 22 10 35 24 21 10 35 25 20 10 35 26 19 10 35 27 18 10 35 28 17 10 35 29 16 10 35 30 15 10 35 31 14 10 35 32 13 10 35 33 12 10 35 34 11 10 35 35 10 10 35 37 9 10 35 38 8 10 35 39 7 10 35 41 6 10 35 42 5 10 36 6 42 10 36 7 40 10 36 8 39 10 36 9 38 10 36 10 36 10 36 11 35 10 36 12 34 10 36 13 33 10 36 14 32 10 36 15 31 10 36 16 30 10 36 17 29 10 36 18 28 10 36 19 27 10 36 20 26 10 36 21 25 10 36 22 24 10 36 23 23 10 36 24 22 10 36 25 21 10 36 26 20 10 36 27 19 10 36 28 18 10 36 29 17 10 36 30 16 10 36 31 15 10 36 32 14 10 36 33 13 10 36 34 12 10 36 35 11 10 36 36 10 10 36 38 9 10 36 39 8 10 36 40 7 10 36 42 6 10 37 7 41 10 37 8 40 10 37 9 39 10 37 10 37 10 37 11 36 10 37 12 35 10 37 13 34 10 37 14 33 10 37 15 32 10 37 16 31 10 37 17 30 10 37 18 29 10 37 19 28 10 37 20 27 10 37 21 26 10 37 22 25 10 37 23 24 10 37 24 23 10 37 25 22 10 37 26 21 10 37 27 20 10 37 28 19 10 37 29 18 10 37 30 17 10 37 31 16 10 37 32 15 10 37 33 14 10 37 34 13 10 37 35 12 10 37 36 11 10 37 37 10 10 37 39 9 10 37 40 8 10 37 41 7 10 38 7 42 10 38 8 41 10 38 9 40 10 38 10 38 10 38 11 37 10 38 12 36 10 38 13 35 10 38 14 34 10 38 15 33 10 38 16 32 10 38 17 31 10 38 18 30 10 38 19 29 10 38 20 28 10 38 21 27 10 38 22 26 10 38 23 25 10 38 24 24 10 38 25 23 10 38 26 22 10 38 27 21 10 38 28 20 10 38 29 19 10 38 30 18 10 38 31 17 10 38 32 16 10 38 33 15 10 38 34 14 10 38 35 13 10 38 36 12 10 38 37 11 10 38 38 10 10 38 40 9 10 38 41 8 10 38 42 7 10 39 8 42 10 39 9 41 10 39 10 39 10 39 11 38 10 39 12 37 10 39 13 36 10 39 14 35 10 39 15 34 10 39 16 33 10 39 17 32 10 39 18 31 10 39 19 30 10 39 20 29 10 39 21 28 10 39 22 27 10 39 23 26 10 39 24 25 10 39 25 24 10 39 26 23 10 39 27 22 10 39 28 21 10 39 29 20 10 39 30 19 10 39 31 18 10 39 32 17 10 39 33 16 10 39 34 15 10 39 35 14 10 39 36 13 10 39 37 12 10 39 38 11 10 39 39 10 10 39 41 9 10 39 42 8 10 40 9 42 10 40 10 40 10 40 11 39 10 40 12 38 10 40 13 37 10 40 14 36 10 40 15 35 10 40 16 34 10 40 17 33 10 40 18 32 10 40 19 31 10 40 20 30 10 40 21 29 10 40 22 28 10 40 23 27 10 40 24 26 10 40 25 25 10 40 26 24 10 40 27 23 10 40 28 22 10 40 29 21 10 40 30 20 10 40 31 19 10 40 32 18 10 40 33 17 10 40 34 16 10 40 35 15 10 40 36 14 10 40 37 13 10 40 38 12 10 40 39 11 10 40 40 10 10 40 42 9 10 41 10 41 10 41 11 40 10 41 12 39 10 41 13 38 10 41 14 37 10 41 15 36 10 41 16 35 10 41 17 34 10 41 18 33 10 41 19 32 10 41 20 31 10 41 21 30 10 41 22 29 10 41 23 28 10 41 24 27 10 41 25 26 10 41 26 25 10 41 27 24 10 41 28 23 10 41 29 22 10 41 30 21 10 41 31 20 10 41 32 19 10 41 33 18 10 41 34 17 10 41 35 16 10 41 36 15 10 41 37 14 10 41 38 13 10 41 39 12 10 41 40 11 10 41 41 10 10 42 10 42 10 42 11 41 10 42 12 40 10 42 13 39 10 42 14 38 10 42 15 37 10 42 16 36 10 42 17 35 10 42 18 34 10 42 19 33 10 42 20 32 10 42 21 31 10 42 22 30 10 42 23 29 10 42 24 28 10 42 25 27 10 42 26 26 10 42 27 25 10 42 28 24 10 42 29 23 10 42 30 22 10 42 31 21 10 42 32 20 10 42 33 19 10 42 34 18 10 42 35 17 10 42 36 16 10 42 37 15 10 42 38 14 10 42 39 13 10 42 40 12 10 42 41 11 10 42 42 10 
































