







































40 0 0 40 40 0 1 38 40 0 2 36 40 0 3 35 40 0 4 33 40 0 5 31 40 0 7 28 40 0 28 7 40 0 31 5 40 0 33 4 40 0 35 3 40 0 36 2 40 0 38 1 40 0 40 0 40 1 0 42 40 1 1 40 40 1 2 38 40 1 3 37 40 1 4 35 40 1 5 33 40 1 6 31 40 1 7 30 40 1 8 29 40 1 9 27 40 1 10 26 40 1 11 25 40 1 12 24 40 1 13 23 40 1 14 22 40 1 15 21 40 1 16 20 40 1 17 19 40 1 18 18 40 1 19 17 40 1 20 16 40 1 21 15 40 1 22 14 40 1 23 13 40 1 24 12 40 1 25 11 40 1 26 10 40 1 27 9 40 1 29 8 40 1 30 7 40 1 31 6 40 1 33 5 40 1 35 4 40 1 37 3 40 1 38 2 40 1 40 1 40 1 42 0 40 2 0 44 40 2 1 42 40 2 2 40 40 2 3 39 40 2 4 37 40 2 5 35 40 2 6 33 40 2 7 32 40 2 8 31 40 2 9 29 40 2 10 28 40 2 11 27 40 2 12 26 40 2 13 25 40 2 14 24 40 2 15 23 40 2 16 22 40 2 17 21 40 2 18 20 40 2 19 19 40 2 20 18 40 2 21 17 40 2 22 16 40 2 23 15 40 2 24 14 40 2 25 13 40 2 26 12 40 2 27 11 40 2 28 10 40 2 29 9 40 2 31 8 40 2 32 7 40 2 33 6 40 2 35 5 40 2 37 4 40 2 39 3 40 2 40 2 40 2 42 1 40 2 44 0 40 3 0 45 40 3 1 43 40 3 2 41 40 3 3 40 40 3 4 38 40 3 5 36 40 3 6 34 40 3 7 33 40 3 8 32 40 3 9 30 40 3 10 29 40 3 11 28 40 3 12 27 40 3 13 26 40 3 14 25 40 3 15 24 40 3 16 23 40 3 17 22 40 3 18 21 40 3 19 20 40 3 20 19 40 3 21 18 40 3 22 17 40 3 23 16 40 3 24 15 40 3 25 14 40 3 26 13 40 3 27 12 40 3 28 11 40 3 29 10 40 3 30 9 40 3 32 8 40 3 33 7 40 3 34 6 40 3 36 5 40 3 38 4 40 3 40 3 40 3 41 2 40 3 43 1 40 3 45 0 40 4 1 45 40 4 2 43 40 4 3 42 40 4 4 40 40 4 5 38 40 4 6 36 40 4 7 35 40 4 8 34 40 4 9 32 40 4 10 31 40 4 11 30 40 4 12 29 40 4 13 28 40 4 14 27 40 4 15 26 40 4 16 25 40 4 17 24 40 4 18 23 40 4 19 22 40 4 20 21 40 4 21 20 40 4 22 19 40 4 23 18 40 4 24 17 40 4 25 16 40 4 26 15 40 4 27 14 40 4 28 13 40 4 29 12 40 4 30 11 40 4 31 10 40 4 32 9 40 4 34 8 40 4 35 7 40 4 36 6 40 4 38 5 40 4 40 4 40 4 42 3 40 4 43 2 40 4 45 1 40 5 1 47 40 5 2 45 40 5 3 44 40 5 4 42 40 5 5 40 40 5 6 38 40 5 7 37 40 5 8 36 40 5 9 34 40 5 10 33 40 5 11 32 40 5 12 31 40 5 13 30 40 5 14 29 40 5 15 28 40 5 16 27 40 5 17 26 40 5 18 25 40 5 19 24 40 5 20 23 40 5 21 22 40 5 22 21 40 5 23 20 40 5 24 19 40 5 25 18 40 5 26 17 40 5 27 16 40 5 28 15 40 5 29 14 40 5 30 13 40 5 31 12 40 5 32 11 40 5 33 10 40 5 34 9 40 5 36 8 40 5 37 7 40 5 38 6 40 5 40 5 40 5 42 4 40 5 44 3 40 5 45 2 40 5 47 1 40 6 2 47 40 6 3 46 40 6 4 44 40 6 5 42 40 6 6 40 40 6 7 39 40 6 8 38 40 6 9 36 40 6 10 35 40 6 11 34 40 6 12 33 40 6 13 32 40 6 14 31 40 6 15 30 40 6 16 29 40 6 17 28 40 6 18 27 40 6 19 26 40 6 20 25 40 6 21 24 40 6 22 23 40 6 23 22 40 6 24 21 40 6 25 20 40 6 26 19 40 6 27 18 40 6 28 17 40 6 29 16 40 6 30 15 40 6 31 14 40 6 32 13 40 6 33 12 40 6 34 11 40 6 35 10 40 6 36 9 40 6 38 8 40 6 39 7 40 6 40 6 40 6 42 5 40 6 44 4 40 6 46 3 40 6 47 2 40 7 2 48 40 7 3 47 40 7 4 45 40 7 5 43 40 7 6 41 40 7 7 40 40 7 8 39 40 7 9 37 40 7 10 36 40 7 11 35 40 7 12 34 40 7 13 33 40 7 14 32 40 7 15 31 40 7 16 30 40 7 17 29 40 7 18 28 40 7 19 27 40 7 20 26 40 7 21 25 40 7 22 24 40 7 23 23 40 7 24 22 40 7 25 21 40 7 26 20 40 7 27 19 40 7 28 18 40 7 29 17 40 7 30 16 40 7 31 15 40 7 32 14 40 7 33 13 40 7 34 12 40 7 35 11 40 7 36 10 40 7 37 9 40 7 39 8 40 7 40 7 40 7 41 6 40 7 43 5 40 7 45 4 40 7 47 3 40 7 48 2 40 8 2 49 40 8 3 48 40 8 4 46 40 8 5 44 40 8 6 42 40 8 7 41 40 8 8 40 40 8 9 38 40 8 10 37 40 8 11 36 40 8 12 35 40 8 13 34 40 8 14 33 40 8 15 32 40 8 16 31 40 8 17 30 40 8 18 29 40 8 19 28 40 8 20 27 40 8 21 26 40 8 22 25 40 8 23 24 40 8 24 23 40 8 25 22 40 8 26 21 40 8 27 20 40 8 28 19 40 8 29 18 40 8 30 17 40 8 31 16 40 8 32 15 40 8 33 14 40 8 34 13 40 8 35 12 40 8 36 11 40 8 37 10 40 8 38 9 40 8 40 8 40 8 41 7 40 8 42 6 40 8 44 5 40 8 46 4 40 8 48 3 40 8 49 2 40 9 3 50 40 9 4 48 40 9 5 46 40 9 6 44 40 9 7 43 40 9 8 42 40 9 9 40 40 9 10 39 40 9 11 38 40 9 12 37 40 9 13 36 40 9 14 35 40 9 15 34 40 9 16 33 40 9 17 32 40 9 18 31 40 9 19 30 40 9 20 29 40 9 21 28 40 9 22 27 40 9 23 26 40 9 24 25 40 9 25 24 40 9 26 23 40 9 27 22 40 9 28 21 40 9 29 20 40 9 30 19 40 9 31 18 40 9 32 17 40 9 33 16 40 9 34 15 40 9 35 14 40 9 36 13 40 9 37 12 40 9 38 11 40 9 39 10 40 9 40 9 40 9 42 8 40 9 43 7 40 9 44 6 40 9 46 5 40 9 48 4 40 9 50 3 40 10 4 49 40 10 5 47 40 10 6 45 40 10 7 44 40 10 8 43 40 10 9 41 40 10 10 40 40 10 11 39 40 10 12 38 40 10 13 37 40 10 14 36 40 10 15 35 40 10 16 34 40 10 17 33 40 10 18 32 40 10 19 31 40 10 20 30 40 10 21 29 40 10 22 28 40 10 23 27 40 10 24 26 40 10 25 25 40 10 26 24 40 10 27 23 40 10 28 22 40 10 29 21 40 10 30 20 40 10 31 19 40 10 32 18 40 10 33 17 40 10 34 16 40 10 35 15 40 10 36 14 40 10 37 13 40 10 38 12 40 10 39 11 40 10 40 10 40 10 41 9 40 10 43 8 40 10 44 7 40 10 45 6 40 10 47 5 40 10 49 4 40 11 4 50 40 11 5 48 40 11 6 46 40 11 7 45 40 11 8 44 40 11 9 42 40 11 10 41 40 11 11 40 40 11 12 39 40 11 13 38 40 11 14 37 40 11 15 36 40 11 16 35 40 11 17 34 40 11 18 33 40 11 19 32 40 11 20 31 40 11 21 30 40 11 22 29 40 11 23 28 40 11 24 27 40 11 25 26 40 11 26 25 40 11 27 24 40 11 28 23 40 11 29 22 40 11 30 21 40 11 31 20 40 11 32 19 40 11 33 18 40 11 34 17 40 11 35 16 40 11 36 15 40 11 37 14 40 11 38 13 40 11 39 12 40 11 40 11 40 11 41 10 40 11 42 9 40 11 44 8 40 11 45 7 40 11 46 6 40 11 48 5 40 11 50 4 40 12 4 51 40 12 5 49 40 12 6 47 40 12 7 46 40 12 8 45 40 12 9 43 40 12 10 42 40 12 11 41 40 12 12 40 40 12 13 39 40 12 14 38 40 12 15 37 40 12 16 36 40 12 17 35 40 12 18 34 40 12 19 33 40 12 20 32 40 12 21 31 40 12 22 30 40 12 23 29 40 12 24 28 40 12 25 27 40 12 26 26 40 12 27 25 40 12 28 24 40 12 29 23 40 12 30 22 40 12 31 21 40 12 32 20 40 12 33 19 40 12 34 18 40 12 35 17 40 12 36 16 40 12 37 15 40 12 38 14 40 12 39 13 40 12 40 12 40 12 41 11 40 12 42 10 40 12 43 9 40 12 45 8 40 12 46 7 40 12 47 6 40 12 49 5 40 12 51 4 40 13 5 50 40 13 6 48 40 13 7 47 40 13 8 46 40 13 9 44 40 13 10 43 40 13 11 42 40 13 12 41 40 13 13 40 40 13 14 39 40 13 15 38 40 13 16 37 40 13 17 36 40 13 18 35 40 13 19 34 40 13 20 33 40 13 21 32 40 13 22 31 40 13 23 30 40 13 24 29 40 13 25 28 40 13 26 27 40 13 27 26 40 13 28 25 40 13 29 24 40 13 30 23 40 13 31 22 40 13 32 21 40 13 33 20 40 13 34 19 40 13 35 18 40 13 36 17 40 13 37 16 40 13 38 15 40 13 39 14 40 13 40 13 40 13 41 12 40 13 42 11 40 13 43 10 40 13 44 9 40 13 46 8 40 13 47 7 40 13 48 6 40 13 50 5 40 14 5 51 40 14 6 49 40 14 7 48 40 14 8 47 40 14 9 45 40 14 10 44 40 14 11 43 40 14 12 42 40 14 13 41 40 14 14 40 40 14 15 39 40 14 16 38 40 14 17 37 40 14 18 36 40 14 19 35 40 14 20 34 40 14 21 33 40 14 22 32 40 14 23 31 40 14 24 30 40 14 25 29 40 14 26 28 40 14 27 27 40 14 28 26 40 14 29 25 40 14 30 24 40 14 31 23 40 14 32 22 40 14 33 21 40 14 34 20 40 14 35 19 40 14 36 18 40 14 37 17 40 14 38 16 40 14 39 15 40 14 40 14 40 14 41 13 40 14 42 12 40 14 43 11 40 14 44 10 40 14 45 9 40 14 47 8 40 14 48 7 40 14 49 6 40 14 51 5 40 15 6 50 40 15 7 49 40 15 8 48 40 15 9 46 40 15 10 45 40 15 11 44 40 15 12 43 40 15 13 42 40 15 14 41 40 15 15 40 40 15 16 39 40 15 17 38 40 15 18 37 40 15 19 36 40 15 20 35 40 15 21 34 40 15 22 33 40 15 23 32 40 15 24 31 40 15 25 30 40 15 26 29 40 15 27 28 40 15 28 27 40 15 29 26 40 15 30 25 40 15 31 24 40 15 32 23 40 15 33 22 40 15 34 21 40 15 35 20 40 15 36 19 40 15 37 18 40 15 38 17 40 15 39 16 40 15 40 15 40 15 41 14 40 15 42 13 40 15 43 12 40 15 44 11 40 15 45 10 40 15 46 9 40 15 48 8 40 15 49 7 40 15 50 6 40 16 6 51 40 16 7 50 40 16 8 49 40 16 9 47 40 16 10 46 40 16 11 45 40 16 12 44 40 16 13 43 40 16 14 42 40 16 15 41 40 16 16 40 40 16 17 39 40 16 18 38 40 16 19 37 40 16 20 36 40 16 21 35 40 16 22 34 40 16 23 33 40 16 24 32 40 16 25 31 40 16 26 30 40 16 27 29 40 16 28 28 40 16 29 27 40 16 30 26 40 16 31 25 40 16 32 24 40 16 33 23 40 16 34 22 40 16 35 21 40 16 36 20 40 16 37 19 40 16 38 18 40 16 39 17 40 16 40 16 40 16 41 15 40 16 42 14 40 16 43 13 40 16 44 12 40 16 45 11 40 16 46 10 40 16 47 9 40 16 49 8 40 16 50 7 40 16 51 6 40 17 7 51 40 17 8 50 40 17 9 48 40 17 10 47 40 17 11 46 40 17 12 45 40 17 13 44 40 17 14 43 40 17 15 42 40 17 16 41 40 17 17 40 40 17 18 39 40 17 19 38 40 17 20 37 40 17 21 36 40 17 22 35 40 17 23 34 40 17 24 33 40 17 25 32 40 17 26 31 40 17 27 30 40 17 28 29 40 17 29 28 40 17 30 27 40 17 31 26 40 17 32 25 40 17 33 24 40 17 34 23 40 17 35 22 40 17 36 21 40 17 37 20 40 17 38 19 40 17 39 18 40 17 40 17 40 17 41 16 40 17 42 15 40 17 43 14 40 17 44 13 40 17 45 12 40 17 46 11 40 17 47 10 40 17 48 9 40 17 50 8 40 17 51 7 40 18 8 51 40 18 9 49 40 18 10 48 40 18 11 47 40 18 12 46 40 18 13 45 40 18 14 44 40 18 15 43 40 18 16 42 40 18 17 41 40 18 18 40 40 18 19 39 40 18 20 38 40 18 21 37 40 18 22 36 40 18 23 35 40 18 24 34 40 18 25 33 40 18 26 32 40 18 27 31 40 18 28 30 40 18 29 29 40 18 30 28 40 18 31 27 40 18 32 26 40 18 33 25 40 18 34 24 40 18 35 23 40 18 36 22 40 18 37 21 40 18 38 20 40 18 39 19 40 18 40 18 40 18 41 17 40 18 42 16 40 18 43 15 40 18 44 14 40 18 45 13 40 18 46 12 40 18 47 11 40 18 48 10 40 18 49 9 40 18 51 8 40 19 9 50 40 19 10 49 40 19 11 48 40 19 12 47 40 19 13 46 40 19 14 45 40 19 15 44 40 19 16 43 40 19 17 42 40 19 18 41 40 19 19 40 40 19 20 39 40 19 21 38 40 19 22 37 40 19 23 36 40 19 24 35 40 19 25 34 40 19 26 33 40 19 27 32 40 19 28 31 40 19 29 30 40 19 30 29 40 19 31 28 40 19 32 27 40 19 33 26 40 19 34 25 40 19 35 24 40 19 36 23 40 19 37 22 40 19 38 21 40 19 39 20 40 19 40 19 40 19 41 18 40 19 42 17 40 19 43 16 40 19 44 15 40 19 45 14 40 19 46 13 40 19 47 12 40 19 48 11 40 19 49 10 40 19 50 9 40 20 9 51 40 20 10 50 40 20 11 49 40 20 12 48 40 20 13 47 40 20 14 46 40 20 15 45 40 20 16 44 40 20 17 43 40 20 18 42 40 20 19 41 40 20 20 40 40 20 21 39 40 20 22 38 40 20 23 37 40 20 24 36 40 20 25 35 40 20 26 34 40 20 27 33 40 20 28 32 40 20 29 31 40 20 30 30 40 20 31 29 40 20 32 28 40 20 33 27 40 20 34 26 40 20 35 25 40 20 36 24 40 20 37 23 40 20 38 22 40 20 39 21 40 20 40 20 40 20 41 19 40 20 42 18 40 20 43 17 40 20 44 16 40 20 45 15 40 20 46 14 40 20 47 13 40 20 48 12 40 20 49 11 40 20 50 10 40 20 51 9 40 21 10 51 40 21 11 50 40 21 12 49 40 21 13 48 40 21 14 47 40 21 15 46 40 21 16 45 40 21 17 44 40 21 18 43 40 21 19 42 40 21 20 41 40 21 21 40 40 21 22 39 40 21 23 38 40 21 24 37 40 21 25 36 40 21 26 35 40 21 27 34 40 21 28 33 40 21 29 32 40 21 30 31 40 21 31 30 40 21 32 29 40 21 33 28 40 21 34 27 40 21 35 26 40 21 36 25 40 21 37 24 40 21 38 23 40 21 39 22 40 21 40 21 40 21 41 20 40 21 42 19 40 21 43 18 40 21 44 17 40 21 45 16 40 21 46 15 40 21 47 14 40 21 48 13 40 21 49 12 40 21 50 11 40 21 51 10 40 22 11 51 40 22 12 50 40 22 13 49 40 22 14 48 40 22 15 47 40 22 16 46 40 22 17 45 40 22 18 44 40 22 19 43 40 22 20 42 40 22 21 41 40 22 22 40 40 22 23 39 40 22 24 38 40 22 25 37 40 22 26 36 40 22 27 35 40 22 28 34 40 22 29 33 40 22 30 32 40 22 31 31 40 22 32 30 40 22 33 29 40 22 34 28 40 22 35 27 40 22 36 26 40 22 37 25 40 22 38 24 40 22 39 23 40 22 40 22 40 22 41 21 40 22 42 20 40 22 43 19 40 22 44 18 40 22 45 17 40 22 46 16 40 22 47 15 40 22 48 14 40 22 49 13 40 22 50 12 40 22 51 11 40 23 12 51 40 23 13 50 40 23 14 49 40 23 15 48 40 23 16 47 40 23 17 46 40 23 18 45 40 23 19 44 40 23 20 43 40 23 21 42 40 23 22 41 40 23 23 40 40 23 24 39 40 23 25 38 40 23 26 37 40 23 27 36 40 23 28 35 40 23 29 34 40 23 30 33 40 23 31 32 40 23 32 31 40 23 33 30 40 23 34 29 40 23 35 28 40 23 36 27 40 23 37 26 40 23 38 25 40 23 39 24 40 23 40 23 40 23 41 22 40 23 42 21 40 23 43 20 40 23 44 19 40 23 45 18 40 23 46 17 40 23 47 16 40 23 48 15 40 23 49 14 40 23 50 13 40 23 51 12 40 24 13 51 40 24 14 50 40 24 15 49 40 24 16 48 40 24 17 47 40 24 18 46 40 24 19 45 40 24 20 44 40 24 21 43 40 24 22 42 40 24 23 41 40 24 24 40 40 24 25 39 40 24 26 38 40 24 27 37 40 24 28 36 40 24 29 35 40 24 30 34 40 24 31 33 40 24 32 32 40 24 33 31 40 24 34 30 40 24 35 29 40 24 36 28 40 24 37 27 40 24 38 26 40 24 39 25 40 24 40 24 40 24 41 23 40 24 42 22 40 24 43 21 40 24 44 20 40 24 45 19 40 24 46 18 40 24 47 17 40 24 48 16 40 24 49 15 40 24 50 14 40 24 51 13 40 25 14 51 40 25 15 50 40 25 16 49 40 25 17 48 40 25 18 47 40 25 19 46 40 25 20 45 40 25 21 44 40 25 22 43 40 25 23 42 40 25 24 41 40 25 25 40 40 25 26 39 40 25 27 38 40 25 28 37 40 25 29 36 40 25 30 35 40 25 31 34 40 25 32 33 40 25 33 32 40 25 34 31 40 25 35 30 40 25 36 29 40 25 37 28 40 25 38 27 40 25 39 26 40 25 40 25 40 25 41 24 40 25 42 23 40 25 43 22 40 25 44 21 40 25 45 20 40 25 46 19 40 25 47 18 40 25 48 17 40 25 49 16 40 25 50 15 40 25 51 14 40 26 15 51 40 26 16 50 40 26 17 49 40 26 18 48 40 26 19 47 40 26 20 46 40 26 21 45 40 26 22 44 40 26 23 43 40 26 24 42 40 26 25 41 40 26 26 40 40 26 27 39 40 26 28 38 40 26 29 37 40 26 30 36 40 26 31 35 40 26 32 34 40 26 33 33 40 26 34 32 40 26 35 31 40 26 36 30 40 26 37 29 40 26 38 28 40 26 39 27 40 26 40 26 40 26 41 25 40 26 42 24 40 26 43 23 40 26 44 22 40 26 45 21 40 26 46 20 40 26 47 19 40 26 48 18 40 26 49 17 40 26 50 16 40 26 51 15 40 27 16 51 40 27 17 50 40 27 18 49 40 27 19 48 40 27 20 47 40 27 21 46 40 27 22 45 40 27 23 44 40 27 24 43 40 27 25 42 40 27 26 41 40 27 27 40 40 27 28 39 40 27 29 38 40 27 30 37 40 27 31 36 40 27 32 35 40 27 33 34 40 27 34 33 40 27 35 32 40 27 36 31 40 27 37 30 40 27 38 29 40 27 39 28 40 27 40 27 40 27 41 26 40 27 42 25 40 27 43 24 40 27 44 23 40 27 45 22 40 27 46 21 40 27 47 20 40 27 48 19 40 27 49 18 40 27 50 17 40 27 51 16 40 28 17 51 40 28 18 50 40 28 19 49 40 28 20 48 40 28 21 47 40 28 22 46 40 28 23 45 40 28 24 44 40 28 25 43 40 28 26 42 40 28 27 41 40 28 28 40 40 28 29 39 40 28 30 38 40 28 31 37 40 28 32 36 40 28 33 35 40 28 34 34 40 28 35 33 40 28 36 32 40 28 37 31 40 28 38 30 40 28 39 29 40 28 40 28 40 28 41 27 40 28 42 26 40 28 43 25 40 28 44 24 40 28 45 23 40 28 46 22 40 28 47 21 40 28 48 20 40 28 49 19 40 28 50 18 40 28 51 17 40 29 18 51 40 29 19 50 40 29 20 49 40 29 21 48 40 29 22 47 40 29 23 46 40 29 24 45 40 29 25 44 40 29 26 43 40 29 27 42 40 29 28 41 40 29 29 40 40 29 30 39 40 29 31 38 40 29 32 37 40 29 33 36 40 29 34 35 40 29 35 34 40 29 36 33 40 29 37 32 40 29 38 31 40 29 39 30 40 29 40 29 40 29 41 28 40 29 42 27 40 29 43 26 40 29 44 25 40 29 45 24 40 29 46 23 40 29 47 22 40 29 48 21 40 29 49 20 40 29 50 19 40 29 51 18 40 30 19 51 40 30 20 50 40 30 21 49 40 30 22 48 40 30 23 47 40 30 24 46 40 30 25 45 40 30 26 44 40 30 27 43 40 30 28 42 40 30 29 41 40 30 30 40 40 30 31 39 40 30 32 38 40 30 33 37 40 30 34 36 40 30 35 35 40 30 36 34 40 30 37 33 40 30 38 32 40 30 39 31 40 30 40 30 40 30 41 29 40 30 42 28 40 30 43 27 40 30 44 26 40 30 45 25 40 30 46 24 40 30 47 23 40 30 48 22 40 30 49 21 40 30 50 20 40 30 51 19 40 31 20 51 40 31 21 50 40 31 22 49 40 31 23 48 40 31 24 47 40 31 25 46 40 31 26 45 40 31 27 44 40 31 28 43 40 31 29 42 40 31 30 41 40 31 31 40 40 31 32 39 40 31 33 38 40 31 34 37 40 31 35 36 40 31 36 35 40 31 37 34 40 31 38 33 40 31 39 32 40 31 40 31 40 31 41 30 40 31 42 29 40 31 43 28 40 31 44 27 40 31 45 26 40 31 46 25 40 31 47 24 40 31 48 23 40 31 49 22 40 31 50 21 40 31 51 20 40 32 21 51 40 32 22 50 40 32 23 49 40 32 24 48 40 32 25 47 40 32 26 46 40 32 27 45 40 32 28 44 40 32 29 43 40 32 30 42 40 32 31 41 40 32 32 40 40 32 33 39 40 32 34 38 40 32 35 37 40 32 36 36 40 32 37 35 40 32 38 34 40 32 39 33 40 32 40 32 40 32 41 31 40 32 42 30 40 32 43 29 40 32 44 28 40 32 45 27 40 32 46 26 40 32 47 25 40 32 48 24 40 32 49 23 40 32 50 22 40 32 51 21 40 33 22 51 40 33 23 50 40 33 24 49 40 33 25 48 40 33 26 47 40 33 27 46 40 33 28 45 40 33 29 44 40 33 30 43 40 33 31 42 40 33 32 41 40 33 33 40 40 33 34 39 40 33 35 38 40 33 36 37 40 33 37 36 40 33 38 35 40 33 39 34 40 33 40 33 40 33 41 32 40 33 42 31 40 33 43 30 40 33 44 29 40 33 45 28 40 33 46 27 40 33 47 26 40 33 48 25 40 33 49 24 40 33 50 23 40 33 51 22 40 34 23 51 40 34 24 50 40 34 25 49 40 34 26 48 40 34 27 47 40 34 28 46 40 34 29 45 40 34 30 44 40 34 31 43 40 34 32 42 40 34 33 41 40 34 34 40 40 34 35 39 40 34 36 38 40 34 37 37 40 34 38 36 40 34 39 35 40 34 40 34 40 34 41 33 40 34 42 32 40 34 43 31 40 34 44 30 40 34 45 29 40 34 46 28 40 34 47 27 40 34 48 26 40 34 49 25 40 34 50 24 40 34 51 23 40 35 24 51 40 35 25 50 40 35 26 49 40 35 27 48 40 35 28 47 40 35 29 46 40 35 30 45 40 35 31 44 40 35 32 43 40 35 33 42 40 35 34 41 40 35 35 40 40 35 36 39 40 35 37 38 40 35 38 37 40 35 39 36 40 35 40 35 40 35 41 34 40 35 42 33 40 35 43 32 40 35 44 31 40 35 45 30 40 35 46 29 40 35 47 28 40 35 48 27 40 35 49 26 40 35 50 25 40 35 51 24 40 36 25 51 40 36 26 50 40 36 27 49 40 36 28 48 40 36 29 47 40 36 30 46 40 36 31 45 40 36 32 44 40 36 33 43 40 36 34 42 40 36 35 41 40 36 36 40 40 36 37 39 40 36 38 38 40 36 39 37 40 36 40 36 40 36 41 35 40 36 42 34 40 36 43 33 40 36 44 32 40 36 45 31 40 36 46 30 40 36 47 29 40 36 48 28 40 36 49 27 40 36 50 26 40 36 51 25 40 37 26 51 40 37 27 50 40 37 28 49 40 37 29 48 40 37 30 47 40 37 31 46 40 37 32 45 40 37 33 44 40 37 34 43 40 37 35 42 40 37 36 41 40 37 37 40 40 37 38 39 40 37 39 38 40 37 40 37 40 37 41 36 40 37 42 35 40 37 43 34 40 37 44 33 40 37 45 32 40 37 46 31 40 37 47 30 40 37 48 29 40 37 49 28 40 37 50 27 40 37 51 26 40 38 27 51 40 38 28 50 40 38 29 49 40 38 30 48 40 38 31 47 40 38 32 46 40 38 33 45 40 38 34 44 40 38 35 43 40 38 36 42 40 38 37 41 40 38 38 40 40 38 39 39 40 38 40 38 40 38 41 37 40 38 42 36 40 38 43 35 40 38 44 34 40 38 45 33 40 38 46 32 40 38 47 31 40 38 48 30 40 38 49 29 40 38 50 28 40 38 51 27 40 39 28 51 40 39 29 50 40 39 30 49 40 39 31 48 40 39 32 47 40 39 33 46 40 39 34 45 40 39 35 44 40 39 36 43 40 39 37 42 40 39 38 41 40 39 39 40 40 39 40 39 40 39 41 38 40 39 42 37 40 39 43 36 40 39 44 35 40 39 45 34 40 39 46 33 40 39 47 32 40 39 48 31 40 39 49 30 40 39 50 29 40 39 51 28 40 40 29 51 40 40 30 50 40 40 31 49 40 40 32 48 40 40 33 47 40 40 34 46 40 40 35 45 40 40 36 44 40 40 37 43 40 40 38 42 40 40 39 41 40 40 40 40 40 40 41 39 40 40 42 38 40 40 43 37 40 40 44 36 40 40 45 35 40 40 46 34 40 40 47 33 40 40 48 32 40 40 49 31 40 40 50 30 40 40 51 29 40 41 30 51 40 41 31 50 40 41 32 49 40 41 33 48 40 41 34 47 40 41 35 46 40 41 36 45 40 41 37 44 40 41 38 43 40 41 39 42 40 41 40 41 40 41 41 40 40 41 42 39 40 41 43 38 40 41 44 37 40 41 45 36 40 41 46 35 40 41 47 34 40 41 48 33 40 41 49 32 40 41 50 31 40 41 51 30 40 42 31 51 40 42 32 50 40 42 33 49 40 42 34 48 40 42 35 47 40 42 36 46 40 42 37 45 40 42 38 44 40 42 39 43 40 42 40 42 40 42 41 41 40 42 42 40 40 42 43 39 40 42 44 38 40 42 45 37 40 42 46 36 40 42 47 35 40 42 48 34 40 42 49 33 40 42 50 32 40 42 51 31 40 43 32 51 40 43 33 50 40 43 34 49 40 43 35 48 40 43 36 47 40 43 37 46 40 43 38 45 40 43 39 44 40 43 40 43 40 43 41 42 40 43 42 41 40 43 43 40 40 43 44 39 40 43 45 38 40 43 46 37 40 43 47 36 40 43 48 35 40 43 49 34 40 43 50 33 40 43 51 32 40 44 33 51 40 44 34 50 40 44 35 49 40 44 36 48 40 44 37 47 40 44 38 46 40 44 39 45 40 44 40 44 40 44 41 43 40 44 42 42 40 44 43 41 40 44 44 40 40 44 45 39 40 44 46 38 40 44 47 37 40 44 48 36 40 44 49 35 40 44 50 34 40 44 51 33 40 45 34 51 40 45 35 50 40 45 36 49 40 45 37 48 40 45 38 47 40 45 39 46 40 45 40 45 40 45 41 44 40 45 42 43 40 45 43 42 40 45 44 41 40 45 45 40 40 45 46 39 40 45 47 38 40 45 48 37 40 45 49 36 40 45 50 35 40 45 51 34 40 46 35 51 40 46 36 50 40 46 37 49 40 46 38 48 40 46 39 47 40 46 40 46 40 46 41 45 40 46 42 44 40 46 43 43 40 46 44 42 40 46 45 41 40 46 46 40 40 46 47 39 40 46 48 38 40 46 49 37 40 46 50 36 40 46 51 35 40 47 36 51 40 47 37 50 40 47 38 49 40 47 39 48 40 47 40 47 40 47 41 46 40 47 42 45 40 47 43 44 40 47 44 43 40 47 45 42 40 47 46 41 40 47 47 40 40 47 48 39 40 47 49 38 40 47 50 37 40 47 51 36 40 48 37 51 40 48 38 50 40 48 39 49 40 48 40 48 40 48 41 47 40 48 42 46 40 48 43 45 40 48 44 44 40 48 45 43 40 48 46 42 40 48 47 41 40 48 48 40 40 48 49 39 40 48 50 38 40 48 51 37 40 49 38 51 40 49 39 50 40 49 40 49 40 49 41 48 40 49 42 47 40 49 43 46 40 49 44 45 40 49 45 44 40 49 46 43 40 49 47 42 40 49 48 41 40 49 49 40 40 49 50 39 40 49 51 38 40 50 39 51 40 50 40 50 40 50 41 49 40 50 42 48 40 50 43 47 40 50 44 46 40 50 45 45 40 50 46 44 40 50 47 43 40 50 48 42 40 50 49 41 40 50 50 40 40 50 51 39 40 51 40 51 40 51 41 50 40 51 42 49 40 51 43 48 40 51 44 47 40 51 45 46 40 51 46 45 40 51 47 44 40 51 48 43 40 51 49 42 40 51 50 41 40 51 51 40 











