



























28 0 0 28 28 0 1 26 28 0 2 24 28 0 3 23 28 0 4 21 28 0 5 20 28 0 6 19 28 0 7 17 28 0 17 7 28 0 19 6 28 0 20 5 28 0 21 4 28 0 23 3 28 0 24 2 28 0 26 1 28 0 28 0 28 1 0 30 28 1 1 28 28 1 2 26 28 1 3 25 28 1 4 23 28 1 5 22 28 1 6 21 28 1 7 19 28 1 8 18 28 1 9 17 28 1 10 16 28 1 11 15 28 1 12 14 28 1 13 13 28 1 14 12 28 1 15 11 28 1 16 10 28 1 17 9 28 1 18 8 28 1 19 7 28 1 21 6 28 1 22 5 28 1 23 4 28 1 25 3 28 1 26 2 28 1 28 1 28 1 30 0 28 2 1 30 28 2 2 28 28 2 3 27 28 2 4 25 28 2 5 24 28 2 6 23 28 2 7 21 28 2 8 20 28 2 9 19 28 2 10 18 28 2 11 17 28 2 12 16 28 2 13 15 28 2 14 14 28 2 15 13 28 2 16 12 28 2 17 11 28 2 18 10 28 2 19 9 28 2 20 8 28 2 21 7 28 2 23 6 28 2 24 5 28 2 25 4 28 2 27 3 28 2 28 2 28 2 30 1 28 3 1 31 28 3 2 29 28 3 3 28 28 3 4 26 28 3 5 25 28 3 6 24 28 3 7 22 28 3 8 21 28 3 9 20 28 3 10 19 28 3 11 18 28 3 12 17 28 3 13 16 28 3 14 15 28 3 15 14 28 3 16 13 28 3 17 12 28 3 18 11 28 3 19 10 28 3 20 9 28 3 21 8 28 3 22 7 28 3 24 6 28 3 25 5 28 3 26 4 28 3 28 3 28 3 29 2 28 3 31 1 28 4 1 33 28 4 2 31 28 4 3 30 28 4 4 28 28 4 5 27 28 4 6 26 28 4 7 24 28 4 8 23 28 4 9 22 28 4 10 21 28 4 11 20 28 4 12 19 28 4 13 18 28 4 14 17 28 4 15 16 28 4 16 15 28 4 17 14 28 4 18 13 28 4 19 12 28 4 20 11 28 4 21 10 28 4 22 9 28 4 23 8 28 4 24 7 28 4 26 6 28 4 27 5 28 4 28 4 28 4 30 3 28 4 31 2 28 4 33 1 28 5 2 32 28 5 3 31 28 5 4 29 28 5 5 28 28 5 6 27 28 5 7 25 28 5 8 24 28 5 9 23 28 5 10 22 28 5 11 21 28 5 12 20 28 5 13 19 28 5 14 18 28 5 15 17 28 5 16 16 28 5 17 15 28 5 18 14 28 5 19 13 28 5 20 12 28 5 21 11 28 5 22 10 28 5 23 9 28 5 24 8 28 5 25 7 28 5 27 6 28 5 28 5 28 5 29 4 28 5 31 3 28 5 32 2 28 6 2 33 28 6 3 32 28 6 4 30 28 6 5 29 28 6 6 28 28 6 7 26 28 6 8 25 28 6 9 24 28 6 10 23 28 6 11 22 28 6 12 21 28 6 13 20 28 6 14 19 28 6 15 18 28 6 16 17 28 6 17 16 28 6 18 15 28 6 19 14 28 6 20 13 28 6 21 12 28 6 22 11 28 6 23 10 28 6 24 9 28 6 25 8 28 6 26 7 28 6 28 6 28 6 29 5 28 6 30 4 28 6 32 3 28 6 33 2 28 7 4 32 28 7 5 31 28 7 6 30 28 7 7 28 28 7 8 27 28 7 9 26 28 7 10 25 28 7 11 24 28 7 12 23 28 7 13 22 28 7 14 21 28 7 15 20 28 7 16 19 28 7 17 18 28 7 18 17 28 7 19 16 28 7 20 15 28 7 21 14 28 7 22 13 28 7 23 12 28 7 24 11 28 7 25 10 28 7 26 9 28 7 27 8 28 7 28 7 28 7 30 6 28 7 31 5 28 7 32 4 28 8 4 33 28 8 5 32 28 8 6 31 28 8 7 29 28 8 8 28 28 8 9 27 28 8 10 26 28 8 11 25 28 8 12 24 28 8 13 23 28 8 14 22 28 8 15 21 28 8 16 20 28 8 17 19 28 8 18 18 28 8 19 17 28 8 20 16 28 8 21 15 28 8 22 14 28 8 23 13 28 8 24 12 28 8 25 11 28 8 26 10 28 8 27 9 28 8 28 8 28 8 29 7 28 8 31 6 28 8 32 5 28 8 33 4 28 9 5 33 28 9 6 32 28 9 7 30 28 9 8 29 28 9 9 28 28 9 10 27 28 9 11 26 28 9 12 25 28 9 13 24 28 9 14 23 28 9 15 22 28 9 16 21 28 9 17 20 28 9 18 19 28 9 19 18 28 9 20 17 28 9 21 16 28 9 22 15 28 9 23 14 28 9 24 13 28 9 25 12 28 9 26 11 28 9 27 10 28 9 28 9 28 9 29 8 28 9 30 7 28 9 32 6 28 9 33 5 28 10 6 33 28 10 7 31 28 10 8 30 28 10 9 29 28 10 10 28 28 10 11 27 28 10 12 26 28 10 13 25 28 10 14 24 28 10 15 23 28 10 16 22 28 10 17 21 28 10 18 20 28 10 19 19 28 10 20 18 28 10 21 17 28 10 22 16 28 10 23 15 28 10 24 14 28 10 25 13 28 10 26 12 28 10 27 11 28 10 28 10 28 10 29 9 28 10 30 8 28 10 31 7 28 10 33 6 28 11 7 32 28 11 8 31 28 11 9 30 28 11 10 29 28 11 11 28 28 11 12 27 28 11 13 26 28 11 14 25 28 11 15 24 28 11 16 23 28 11 17 22 28 11 18 21 28 11 19 20 28 11 20 19 28 11 21 18 28 11 22 17 28 11 23 16 28 11 24 15 28 11 25 14 28 11 26 13 28 11 27 12 28 11 28 11 28 11 29 10 28 11 30 9 28 11 31 8 28 11 32 7 28 12 7 33 28 12 8 32 28 12 9 31 28 12 10 30 28 12 11 29 28 12 12 28 28 12 13 27 28 12 14 26 28 12 15 25 28 12 16 24 28 12 17 23 28 12 18 22 28 12 19 21 28 12 20 20 28 12 21 19 28 12 22 18 28 12 23 17 28 12 24 16 28 12 25 15 28 12 26 14 28 12 27 13 28 12 28 12 28 12 29 11 28 12 30 10 28 12 31 9 28 12 32 8 28 12 33 7 28 13 8 33 28 13 9 32 28 13 10 31 28 13 11 30 28 13 12 29 28 13 13 28 28 13 14 27 28 13 15 26 28 13 16 25 28 13 17 24 28 13 18 23 28 13 19 22 28 13 20 21 28 13 21 20 28 13 22 19 28 13 23 18 28 13 24 17 28 13 25 16 28 13 26 15 28 13 27 14 28 13 28 13 28 13 29 12 28 13 30 11 28 13 31 10 28 13 32 9 28 13 33 8 28 14 9 33 28 14 10 32 28 14 11 31 28 14 12 30 28 14 13 29 28 14 14 28 28 14 15 27 28 14 16 26 28 14 17 25 28 14 18 24 28 14 19 23 28 14 20 22 28 14 21 21 28 14 22 20 28 14 23 19 28 14 24 18 28 14 25 17 28 14 26 16 28 14 27 15 28 14 28 14 28 14 29 13 28 14 30 12 28 14 31 11 28 14 32 10 28 14 33 9 28 15 10 33 28 15 11 32 28 15 12 31 28 15 13 30 28 15 14 29 28 15 15 28 28 15 16 27 28 15 17 26 28 15 18 25 28 15 19 24 28 15 20 23 28 15 21 22 28 15 22 21 28 15 23 20 28 15 24 19 28 15 25 18 28 15 26 17 28 15 27 16 28 15 28 15 28 15 29 14 28 15 30 13 28 15 31 12 28 15 32 11 28 15 33 10 28 16 11 33 28 16 12 32 28 16 13 31 28 16 14 30 28 16 15 29 28 16 16 28 28 16 17 27 28 16 18 26 28 16 19 25 28 16 20 24 28 16 21 23 28 16 22 22 28 16 23 21 28 16 24 20 28 16 25 19 28 16 26 18 28 16 27 17 28 16 28 16 28 16 29 15 28 16 30 14 28 16 31 13 28 16 32 12 28 16 33 11 28 17 12 33 28 17 13 32 28 17 14 31 28 17 15 30 28 17 16 29 28 17 17 28 28 17 18 27 28 17 19 26 28 17 20 25 28 17 21 24 28 17 22 23 28 17 23 22 28 17 24 21 28 17 25 20 28 17 26 19 28 17 27 18 28 17 28 17 28 17 29 16 28 17 30 15 28 17 31 14 28 17 32 13 28 17 33 12 28 18 13 33 28 18 14 32 28 18 15 31 28 18 16 30 28 18 17 29 28 18 18 28 28 18 19 27 28 18 20 26 28 18 21 25 28 18 22 24 28 18 23 23 28 18 24 22 28 18 25 21 28 18 26 20 28 18 27 19 28 18 28 18 28 18 29 17 28 18 30 16 28 18 31 15 28 18 32 14 28 18 33 13 28 19 14 33 28 19 15 32 28 19 16 31 28 19 17 30 28 19 18 29 28 19 19 28 28 19 20 27 28 19 21 26 28 19 22 25 28 19 23 24 28 19 24 23 28 19 25 22 28 19 26 21 28 19 27 20 28 19 28 19 28 19 29 18 28 19 30 17 28 19 31 16 28 19 32 15 28 19 33 14 28 20 15 33 28 20 16 32 28 20 17 31 28 20 18 30 28 20 19 29 28 20 20 28 28 20 21 27 28 20 22 26 28 20 23 25 28 20 24 24 28 20 25 23 28 20 26 22 28 20 27 21 28 20 28 20 28 20 29 19 28 20 30 18 28 20 31 17 28 20 32 16 28 20 33 15 28 21 16 33 28 21 17 32 28 21 18 31 28 21 19 30 28 21 20 29 28 21 21 28 28 21 22 27 28 21 23 26 28 21 24 25 28 21 25 24 28 21 26 23 28 21 27 22 28 21 28 21 28 21 29 20 28 21 30 19 28 21 31 18 28 21 32 17 28 21 33 16 28 22 17 33 28 22 18 32 28 22 19 31 28 22 20 30 28 22 21 29 28 22 22 28 28 22 23 27 28 22 24 26 28 22 25 25 28 22 26 24 28 22 27 23 28 22 28 22 28 22 29 21 28 22 30 20 28 22 31 19 28 22 32 18 28 22 33 17 28 23 18 33 28 23 19 32 28 23 20 31 28 23 21 30 28 23 22 29 28 23 23 28 28 23 24 27 28 23 25 26 28 23 26 25 28 23 27 24 28 23 28 23 28 23 29 22 28 23 30 21 28 23 31 20 28 23 32 19 28 23 33 18 28 24 19 33 28 24 20 32 28 24 21 31 28 24 22 30 28 24 23 29 28 24 24 28 28 24 25 27 28 24 26 26 28 24 27 25 28 24 28 24 28 24 29 23 28 24 30 22 28 24 31 21 28 24 32 20 28 24 33 19 28 25 20 33 28 25 21 32 28 25 22 31 28 25 23 30 28 25 24 29 28 25 25 28 28 25 26 27 28 25 27 26 28 25 28 25 28 25 29 24 28 25 30 23 28 25 31 22 28 25 32 21 28 25 33 20 28 26 21 33 28 26 22 32 28 26 23 31 28 26 24 30 28 26 25 29 28 26 26 28 28 26 27 27 28 26 28 26 28 26 29 25 28 26 30 24 28 26 31 23 28 26 32 22 28 26 33 21 28 27 22 33 28 27 23 32 28 27 24 31 28 27 25 30 28 27 26 29 28 27 27 28 28 27 28 27 28 27 29 26 28 27 30 25 28 27 31 24 28 27 32 23 28 27 33 22 28 28 23 33 28 28 24 32 28 28 25 31 28 28 26 30 28 28 27 29 28 28 28 28 28 28 29 27 28 28 30 26 28 28 31 25 28 28 32 24 28 28 33 23 28 29 24 33 28 29 25 32 28 29 26 31 28 29 27 30 28 29 28 29 28 29 29 28 28 29 30 27 28 29 31 26 28 29 32 25 28 29 33 24 28 30 25 33 28 30 26 32 28 30 27 31 28 30 28 30 28 30 29 29 28 30 30 28 28 30 31 27 28 30 32 26 28 30 33 25 28 31 26 33 28 31 27 32 28 31 28 31 28 31 29 30 28 31 30 29 28 31 31 28 28 31 32 27 28 31 33 26 28 32 27 33 28 32 28 32 28 32 29 31 28 32 30 30 28 32 31 29 28 32 32 28 28 32 33 27 28 33 28 33 28 33 29 32 28 33 30 31 28 33 31 30 28 33 32 29 28 33 33 28 





