




















21 0 0 21 21 0 1 19 21 0 2 17 21 0 3 16 21 0 4 14 21 0 5 12 21 0 6 10 21 0 7 9 21 0 9 7 21 0 10 6 21 0 12 5 21 0 14 4 21 0 16 3 21 0 17 2 21 0 19 1 21 0 21 0 21 1 0 23 21 1 1 21 21 1 2 19 21 1 3 18 21 1 4 16 21 1 5 14 21 1 6 12 21 1 7 11 21 1 8 10 21 1 10 8 21 1 11 7 21 1 12 6 21 1 14 5 21 1 16 4 21 1 18 3 21 1 19 2 21 1 21 1 21 1 23 0 21 2 0 25 21 2 1 23 21 2 2 21 21 2 3 20 21 2 4 18 21 2 5 16 21 2 7 13 21 2 8 12 21 2 9 10 21 2 10 9 21 2 12 8 21 2 13 7 21 2 16 5 21 2 18 4 21 2 20 3 21 2 21 2 21 2 23 1 21 2 25 0 21 3 0 26 21 3 1 24 21 3 2 22 21 3 3 21 21 3 4 19 21 3 5 17 21 3 6 15 21 3 8 13 21 3 9 11 21 3 11 9 21 3 13 8 21 3 15 6 21 3 17 5 21 3 19 4 21 3 21 3 21 3 22 2 21 3 24 1 21 3 26 0 21 4 0 28 21 4 1 26 21 4 2 24 21 4 3 23 21 4 4 21 21 4 5 19 21 4 6 17 21 4 7 16 21 4 8 15 21 4 9 13 21 4 10 12 21 4 11 11 21 4 12 10 21 4 13 9 21 4 15 8 21 4 16 7 21 4 17 6 21 4 19 5 21 4 21 4 21 4 23 3 21 4 24 2 21 4 26 1 21 4 28 0 21 5 0 30 21 5 1 28 21 5 2 26 21 5 3 25 21 5 4 23 21 5 5 21 21 5 6 19 21 5 7 18 21 5 8 17 21 5 9 15 21 5 10 14 21 5 11 13 21 5 12 12 21 5 13 11 21 5 14 10 21 5 15 9 21 5 17 8 21 5 18 7 21 5 19 6 21 5 21 5 21 5 23 4 21 5 25 3 21 5 26 2 21 5 28 1 21 5 30 0 21 6 0 32 21 6 1 30 21 6 2 28 21 6 3 27 21 6 4 25 21 6 5 23 21 6 6 21 21 6 7 20 21 6 8 19 21 6 9 17 21 6 10 16 21 6 11 15 21 6 12 14 21 6 13 13 21 6 14 12 21 6 15 11 21 6 16 10 21 6 17 9 21 6 19 8 21 6 20 7 21 6 21 6 21 6 23 5 21 6 25 4 21 6 27 3 21 6 28 2 21 6 30 1 21 6 32 0 21 7 0 33 21 7 1 31 21 7 2 29 21 7 3 28 21 7 4 26 21 7 5 24 21 7 6 22 21 7 7 21 21 7 8 20 21 7 9 18 21 7 10 17 21 7 11 16 21 7 12 15 21 7 13 14 21 7 14 13 21 7 15 12 21 7 16 11 21 7 17 10 21 7 18 9 21 7 20 8 21 7 21 7 21 7 22 6 21 7 24 5 21 7 26 4 21 7 28 3 21 7 29 2 21 7 31 1 21 7 33 0 21 8 0 34 21 8 1 32 21 8 2 30 21 8 3 29 21 8 4 27 21 8 5 25 21 8 6 23 21 8 7 22 21 8 8 21 21 8 9 19 21 8 10 18 21 8 11 17 21 8 12 16 21 8 13 15 21 8 15 13 21 8 16 12 21 8 17 11 21 8 18 10 21 8 19 9 21 8 21 8 21 8 22 7 21 8 23 6 21 8 25 5 21 8 27 4 21 8 29 3 21 8 30 2 21 8 32 1 21 8 34 0 21 9 0 36 21 9 1 34 21 9 2 32 21 9 3 31 21 9 4 29 21 9 5 27 21 9 6 25 21 9 7 24 21 9 8 23 21 9 9 21 21 9 10 20 21 9 11 19 21 9 12 18 21 9 13 17 21 9 14 16 21 9 15 15 21 9 16 14 21 9 17 13 21 9 18 12 21 9 19 11 21 9 20 10 21 9 21 9 21 9 23 8 21 9 24 7 21 9 25 6 21 9 27 5 21 9 29 4 21 9 31 3 21 9 32 2 21 9 34 1 21 9 36 0 21 10 0 37 21 10 1 35 21 10 2 33 21 10 3 32 21 10 4 30 21 10 5 28 21 10 6 26 21 10 7 25 21 10 8 24 21 10 9 22 21 10 10 21 21 10 11 20 21 10 12 19 21 10 13 18 21 10 14 17 21 10 15 16 21 10 16 15 21 10 17 14 21 10 18 13 21 10 19 12 21 10 20 11 21 10 21 10 21 10 22 9 21 10 24 8 21 10 25 7 21 10 26 6 21 10 28 5 21 10 30 4 21 10 32 3 21 10 33 2 21 10 35 1 21 10 37 0 21 11 3 33 21 11 4 31 21 11 5 29 21 11 6 27 21 11 7 26 21 11 8 25 21 11 9 23 21 11 10 22 21 11 11 21 21 11 12 20 21 11 13 19 21 11 14 18 21 11 15 17 21 11 17 15 21 11 18 14 21 11 19 13 21 11 20 12 21 11 21 11 21 11 22 10 21 11 23 9 21 11 25 8 21 11 26 7 21 11 27 6 21 11 29 5 21 11 31 4 21 11 33 3 21 12 1 37 21 12 2 35 21 12 3 34 21 12 4 32 21 12 5 30 21 12 6 28 21 12 7 27 21 12 8 26 21 12 9 24 21 12 10 23 21 12 11 22 21 12 12 21 21 12 13 20 21 12 14 19 21 12 15 18 21 12 16 17 21 12 17 16 21 12 18 15 21 12 19 14 21 12 20 13 21 12 21 12 21 12 22 11 21 12 23 10 21 12 24 9 21 12 26 8 21 12 27 7 21 12 28 6 21 12 30 5 21 12 32 4 21 12 34 3 21 12 35 2 21 12 37 1 21 13 1 38 21 13 2 36 21 13 3 35 21 13 4 33 21 13 5 31 21 13 6 29 21 13 7 28 21 13 8 27 21 13 9 25 21 13 10 24 21 13 11 23 21 13 12 22 21 13 13 21 21 13 14 20 21 13 15 19 21 13 16 18 21 13 17 17 21 13 18 16 21 13 19 15 21 13 20 14 21 13 21 13 21 13 22 12 21 13 23 11 21 13 24 10 21 13 25 9 21 13 27 8 21 13 28 7 21 13 29 6 21 13 31 5 21 13 33 4 21 13 35 3 21 13 36 2 21 13 38 1 21 14 1 39 21 14 2 37 21 14 3 36 21 14 4 34 21 14 5 32 21 14 6 30 21 14 7 29 21 14 8 28 21 14 9 26 21 14 10 25 21 14 11 24 21 14 12 23 21 14 13 22 21 14 14 21 21 14 15 20 21 14 16 19 21 14 17 18 21 14 18 17 21 14 19 16 21 14 20 15 21 14 21 14 21 14 22 13 21 14 23 12 21 14 24 11 21 14 25 10 21 14 26 9 21 14 28 8 21 14 29 7 21 14 30 6 21 14 32 5 21 14 34 4 21 14 36 3 21 14 37 2 21 14 39 1 21 15 1 40 21 15 2 38 21 15 3 37 21 15 4 35 21 15 5 33 21 15 6 31 21 15 7 30 21 15 8 29 21 15 9 27 21 15 10 26 21 15 11 25 21 15 12 24 21 15 13 23 21 15 14 22 21 15 15 21 21 15 16 20 21 15 17 19 21 15 18 18 21 15 19 17 21 15 20 16 21 15 21 15 21 15 22 14 21 15 23 13 21 15 24 12 21 15 25 11 21 15 26 10 21 15 27 9 21 15 29 8 21 15 30 7 21 15 31 6 21 15 33 5 21 15 35 4 21 15 37 3 21 15 38 2 21 15 40 1 21 16 1 41 21 16 2 39 21 16 3 38 21 16 4 36 21 16 5 34 21 16 6 32 21 16 7 31 21 16 8 30 21 16 9 28 21 16 10 27 21 16 11 26 21 16 12 25 21 16 13 24 21 16 14 23 21 16 15 22 21 16 16 21 21 16 17 20 21 16 18 19 21 16 19 18 21 16 20 17 21 16 21 16 21 16 22 15 21 16 23 14 21 16 24 13 21 16 25 12 21 16 26 11 21 16 27 10 21 16 28 9 21 16 30 8 21 16 31 7 21 16 32 6 21 16 34 5 21 16 36 4 21 16 38 3 21 16 39 2 21 16 41 1 21 17 1 42 21 17 2 40 21 17 3 39 21 17 4 37 21 17 5 35 21 17 6 33 21 17 7 32 21 17 8 31 21 17 9 29 21 17 10 28 21 17 11 27 21 17 12 26 21 17 13 25 21 17 14 24 21 17 15 23 21 17 16 22 21 17 17 21 21 17 18 20 21 17 19 19 21 17 20 18 21 17 21 17 21 17 22 16 21 17 23 15 21 17 24 14 21 17 25 13 21 17 26 12 21 17 27 11 21 17 28 10 21 17 29 9 21 17 31 8 21 17 32 7 21 17 33 6 21 17 35 5 21 17 37 4 21 17 39 3 21 17 40 2 21 17 42 1 21 18 1 43 21 18 2 41 21 18 3 40 21 18 4 38 21 18 5 36 21 18 6 34 21 18 7 33 21 18 8 32 21 18 9 30 21 18 10 29 21 18 11 28 21 18 12 27 21 18 13 26 21 18 14 25 21 18 15 24 21 18 16 23 21 18 17 22 21 18 18 21 21 18 19 20 21 18 20 19 21 18 21 18 21 18 22 17 21 18 23 16 21 18 24 15 21 18 25 14 21 18 26 13 21 18 27 12 21 18 28 11 21 18 29 10 21 18 30 9 21 18 32 8 21 18 33 7 21 18 34 6 21 18 36 5 21 18 38 4 21 18 40 3 21 18 41 2 21 18 43 1 21 19 1 44 21 19 2 42 21 19 3 41 21 19 4 39 21 19 5 37 21 19 6 35 21 19 7 34 21 19 8 33 21 19 9 31 21 19 10 30 21 19 11 29 21 19 12 28 21 19 13 27 21 19 14 26 21 19 15 25 21 19 16 24 21 19 17 23 21 19 18 22 21 19 19 21 21 19 20 20 21 19 21 19 21 19 22 18 21 19 23 17 21 19 24 16 21 19 25 15 21 19 26 14 21 19 27 13 21 19 28 12 21 19 29 11 21 19 30 10 21 19 31 9 21 19 33 8 21 19 34 7 21 19 35 6 21 19 37 5 21 19 39 4 21 19 41 3 21 19 42 2 21 19 44 1 21 20 1 45 21 20 2 43 21 20 3 42 21 20 4 40 21 20 5 38 21 20 6 36 21 20 7 35 21 20 8 34 21 20 9 32 21 20 10 31 21 20 11 30 21 20 12 29 21 20 13 28 21 20 14 27 21 20 15 26 21 20 16 25 21 20 17 24 21 20 18 23 21 20 19 22 21 20 20 21 21 20 21 20 21 20 22 19 21 20 23 18 21 20 24 17 21 20 25 16 21 20 26 15 21 20 27 14 21 20 28 13 21 20 29 12 21 20 30 11 21 20 31 10 21 20 32 9 21 20 34 8 21 20 35 7 21 20 36 6 21 20 38 5 21 20 40 4 21 20 42 3 21 20 43 2 21 20 45 1 21 21 2 44 21 21 3 43 21 21 4 41 21 21 5 39 21 21 6 37 21 21 7 36 21 21 8 35 21 21 9 33 21 21 10 32 21 21 11 31 21 21 12 30 21 21 13 29 21 21 14 28 21 21 15 27 21 21 16 26 21 21 17 25 21 21 18 24 21 21 19 23 21 21 20 22 21 21 21 21 21 21 22 20 21 21 23 19 21 21 24 18 21 21 25 17 21 21 26 16 21 21 27 15 21 21 28 14 21 21 29 13 21 21 30 12 21 21 31 11 21 21 32 10 21 21 33 9 21 21 35 8 21 21 36 7 21 21 37 6 21 21 39 5 21 21 41 4 21 21 43 3 21 21 44 2 21 22 2 45 21 22 3 44 21 22 4 42 21 22 5 40 21 22 6 38 21 22 7 37 21 22 8 36 21 22 9 34 21 22 10 33 21 22 11 32 21 22 12 31 21 22 13 30 21 22 14 29 21 22 15 28 21 22 16 27 21 22 17 26 21 22 18 25 21 22 19 24 21 22 20 23 21 22 21 22 21 22 22 21 21 22 23 20 21 22 24 19 21 22 25 18 21 22 26 17 21 22 27 16 21 22 28 15 21 22 29 14 21 22 30 13 21 22 31 12 21 22 32 11 21 22 33 10 21 22 34 9 21 22 36 8 21 22 37 7 21 22 38 6 21 22 40 5 21 22 42 4 21 22 44 3 21 22 45 2 21 23 2 46 21 23 3 45 21 23 4 43 21 23 5 41 21 23 6 39 21 23 7 38 21 23 8 37 21 23 9 35 21 23 10 34 21 23 11 33 21 23 12 32 21 23 13 31 21 23 14 30 21 23 15 29 21 23 16 28 21 23 17 27 21 23 18 26 21 23 19 25 21 23 20 24 21 23 21 23 21 23 22 22 21 23 23 21 21 23 24 20 21 23 25 19 21 23 26 18 21 23 27 17 21 23 28 16 21 23 29 15 21 23 30 14 21 23 31 13 21 23 32 12 21 23 33 11 21 23 34 10 21 23 35 9 21 23 37 8 21 23 38 7 21 23 39 6 21 23 41 5 21 23 43 4 21 23 45 3 21 23 46 2 21 24 2 47 21 24 3 46 21 24 4 44 21 24 5 42 21 24 6 40 21 24 7 39 21 24 8 38 21 24 9 36 21 24 10 35 21 24 11 34 21 24 12 33 21 24 13 32 21 24 14 31 21 24 15 30 21 24 16 29 21 24 17 28 21 24 18 27 21 24 19 26 21 24 20 25 21 24 21 24 21 24 22 23 21 24 23 22 21 24 24 21 21 24 25 20 21 24 26 19 21 24 27 18 21 24 28 17 21 24 29 16 21 24 30 15 21 24 31 14 21 24 32 13 21 24 33 12 21 24 34 11 21 24 35 10 21 24 36 9 21 24 38 8 21 24 39 7 21 24 40 6 21 24 42 5 21 24 44 4 21 24 46 3 21 24 47 2 21 25 3 47 21 25 4 45 21 25 5 43 21 25 6 41 21 25 7 40 21 25 8 39 21 25 9 37 21 25 10 36 21 25 11 35 21 25 12 34 21 25 13 33 21 25 14 32 21 25 15 31 21 25 16 30 21 25 17 29 21 25 18 28 21 25 19 27 21 25 20 26 21 25 21 25 21 25 22 24 21 25 23 23 21 25 24 22 21 25 25 21 21 25 26 20 21 25 27 19 21 25 28 18 21 25 29 17 21 25 30 16 21 25 31 15 21 25 32 14 21 25 33 13 21 25 34 12 21 25 35 11 21 25 36 10 21 25 37 9 21 25 39 8 21 25 40 7 21 25 41 6 21 25 43 5 21 25 45 4 21 25 47 3 21 26 3 48 21 26 4 46 21 26 5 44 21 26 6 42 21 26 7 41 21 26 8 40 21 26 9 38 21 26 10 37 21 26 11 36 21 26 12 35 21 26 13 34 21 26 14 33 21 26 15 32 21 26 16 31 21 26 17 30 21 26 18 29 21 26 19 28 21 26 20 27 21 26 21 26 21 26 22 25 21 26 23 24 21 26 24 23 21 26 25 22 21 26 26 21 21 26 27 20 21 26 28 19 21 26 29 18 21 26 30 17 21 26 31 16 21 26 32 15 21 26 33 14 21 26 34 13 21 26 35 12 21 26 36 11 21 26 37 10 21 26 38 9 21 26 40 8 21 26 41 7 21 26 42 6 21 26 44 5 21 26 46 4 21 26 48 3 21 27 3 49 21 27 4 47 21 27 5 45 21 27 6 43 21 27 7 42 21 27 8 41 21 27 9 39 21 27 10 38 21 27 11 37 21 27 12 36 21 27 13 35 21 27 14 34 21 27 15 33 21 27 16 32 21 27 17 31 21 27 18 30 21 27 19 29 21 27 20 28 21 27 21 27 21 27 22 26 21 27 23 25 21 27 24 24 21 27 25 23 21 27 26 22 21 27 27 21 21 27 28 20 21 27 29 19 21 27 30 18 21 27 31 17 21 27 32 16 21 27 33 15 21 27 34 14 21 27 35 13 21 27 36 12 21 27 37 11 21 27 38 10 21 27 39 9 21 27 41 8 21 27 42 7 21 27 43 6 21 27 45 5 21 27 47 4 21 27 49 3 21 28 4 48 21 28 5 46 21 28 6 44 21 28 7 43 21 28 8 42 21 28 9 40 21 28 10 39 21 28 11 38 21 28 12 37 21 28 13 36 21 28 14 35 21 28 15 34 21 28 16 33 21 28 17 32 21 28 18 31 21 28 19 30 21 28 20 29 21 28 21 28 21 28 22 27 21 28 23 26 21 28 24 25 21 28 25 24 21 28 26 23 21 28 27 22 21 28 28 21 21 28 29 20 21 28 30 19 21 28 31 18 21 28 32 17 21 28 33 16 21 28 34 15 21 28 35 14 21 28 36 13 21 28 37 12 21 28 38 11 21 28 39 10 21 28 40 9 21 28 42 8 21 28 43 7 21 28 44 6 21 28 46 5 21 28 48 4 21 29 4 49 21 29 5 47 21 29 6 45 21 29 7 44 21 29 8 43 21 29 9 41 21 29 10 40 21 29 11 39 21 29 12 38 21 29 13 37 21 29 14 36 21 29 15 35 21 29 16 34 21 29 17 33 21 29 18 32 21 29 19 31 21 29 20 30 21 29 21 29 21 29 22 28 21 29 23 27 21 29 24 26 21 29 25 25 21 29 26 24 21 29 27 23 21 29 28 22 21 29 29 21 21 29 30 20 21 29 31 19 21 29 32 18 21 29 33 17 21 29 34 16 21 29 35 15 21 29 36 14 21 29 37 13 21 29 38 12 21 29 39 11 21 29 40 10 21 29 41 9 21 29 43 8 21 29 44 7 21 29 45 6 21 29 47 5 21 29 49 4 21 30 4 50 21 30 5 48 21 30 6 46 21 30 7 45 21 30 8 44 21 30 9 42 21 30 10 41 21 30 11 40 21 30 12 39 21 30 13 38 21 30 14 37 21 30 15 36 21 30 16 35 21 30 17 34 21 30 18 33 21 30 19 32 21 30 20 31 21 30 21 30 21 30 22 29 21 30 23 28 21 30 24 27 21 30 25 26 21 30 26 25 21 30 27 24 21 30 28 23 21 30 29 22 21 30 30 21 21 30 31 20 21 30 32 19 21 30 33 18 21 30 34 17 21 30 35 16 21 30 36 15 21 30 37 14 21 30 38 13 21 30 39 12 21 30 40 11 21 30 41 10 21 30 42 9 21 30 44 8 21 30 45 7 21 30 46 6 21 30 48 5 21 30 50 4 21 31 5 49 21 31 6 47 21 31 7 46 21 31 8 45 21 31 9 43 21 31 10 42 21 31 11 41 21 31 12 40 21 31 13 39 21 31 14 38 21 31 15 37 21 31 16 36 21 31 17 35 21 31 18 34 21 31 19 33 21 31 20 32 21 31 21 31 21 31 22 30 21 31 23 29 21 31 24 28 21 31 25 27 21 31 26 26 21 31 27 25 21 31 28 24 21 31 29 23 21 31 30 22 21 31 31 21 21 31 32 20 21 31 33 19 21 31 34 18 21 31 35 17 21 31 36 16 21 31 37 15 21 31 38 14 21 31 39 13 21 31 40 12 21 31 41 11 21 31 42 10 21 31 43 9 21 31 45 8 21 31 46 7 21 31 47 6 21 31 49 5 21 32 5 50 21 32 6 48 21 32 7 47 21 32 8 46 21 32 9 44 21 32 10 43 21 32 11 42 21 32 12 41 21 32 13 40 21 32 14 39 21 32 15 38 21 32 16 37 21 32 17 36 21 32 18 35 21 32 19 34 21 32 20 33 21 32 21 32 21 32 22 31 21 32 23 30 21 32 24 29 21 32 25 28 21 32 26 27 21 32 27 26 21 32 28 25 21 32 29 24 21 32 30 23 21 32 31 22 21 32 32 21 21 32 33 20 21 32 34 19 21 32 35 18 21 32 36 17 21 32 37 16 21 32 38 15 21 32 39 14 21 32 40 13 21 32 41 12 21 32 42 11 21 32 43 10 21 32 44 9 21 32 46 8 21 32 47 7 21 32 48 6 21 32 50 5 21 33 5 51 21 33 6 49 21 33 7 48 21 33 8 47 21 33 9 45 21 33 10 44 21 33 11 43 21 33 12 42 21 33 13 41 21 33 14 40 21 33 15 39 21 33 16 38 21 33 17 37 21 33 18 36 21 33 19 35 21 33 20 34 21 33 21 33 21 33 22 32 21 33 23 31 21 33 24 30 21 33 25 29 21 33 26 28 21 33 27 27 21 33 28 26 21 33 29 25 21 33 30 24 21 33 31 23 21 33 32 22 21 33 33 21 21 33 34 20 21 33 35 19 21 33 36 18 21 33 37 17 21 33 38 16 21 33 39 15 21 33 40 14 21 33 41 13 21 33 42 12 21 33 43 11 21 33 44 10 21 33 45 9 21 33 47 8 21 33 48 7 21 33 49 6 21 33 51 5 21 34 6 50 21 34 7 49 21 34 8 48 21 34 9 46 21 34 10 45 21 34 11 44 21 34 12 43 21 34 13 42 21 34 14 41 21 34 15 40 21 34 16 39 21 34 17 38 21 34 18 37 21 34 19 36 21 34 20 35 21 34 21 34 21 34 22 33 21 34 23 32 21 34 24 31 21 34 25 30 21 34 26 29 21 34 27 28 21 34 28 27 21 34 29 26 21 34 30 25 21 34 31 24 21 34 32 23 21 34 33 22 21 34 34 21 21 34 35 20 21 34 36 19 21 34 37 18 21 34 38 17 21 34 39 16 21 34 40 15 21 34 41 14 21 34 42 13 21 34 43 12 21 34 44 11 21 34 45 10 21 34 46 9 21 34 48 8 21 34 49 7 21 34 50 6 21 35 6 51 21 35 7 50 21 35 8 49 21 35 9 47 21 35 10 46 21 35 11 45 21 35 12 44 21 35 13 43 21 35 14 42 21 35 15 41 21 35 16 40 21 35 17 39 21 35 18 38 21 35 19 37 21 35 20 36 21 35 21 35 21 35 22 34 21 35 23 33 21 35 24 32 21 35 25 31 21 35 26 30 21 35 27 29 21 35 28 28 21 35 29 27 21 35 30 26 21 35 31 25 21 35 32 24 21 35 33 23 21 35 34 22 21 35 35 21 21 35 36 20 21 35 37 19 21 35 38 18 21 35 39 17 21 35 40 16 21 35 41 15 21 35 42 14 21 35 43 13 21 35 44 12 21 35 45 11 21 35 46 10 21 35 47 9 21 35 49 8 21 35 50 7 21 35 51 6 21 36 7 51 21 36 8 50 21 36 9 48 21 36 10 47 21 36 11 46 21 36 12 45 21 36 13 44 21 36 14 43 21 36 15 42 21 36 16 41 21 36 17 40 21 36 18 39 21 36 19 38 21 36 20 37 21 36 21 36 21 36 22 35 21 36 23 34 21 36 24 33 21 36 25 32 21 36 26 31 21 36 27 30 21 36 28 29 21 36 29 28 21 36 30 27 21 36 31 26 21 36 32 25 21 36 33 24 21 36 34 23 21 36 35 22 21 36 36 21 21 36 37 20 21 36 38 19 21 36 39 18 21 36 40 17 21 36 41 16 21 36 42 15 21 36 43 14 21 36 44 13 21 36 45 12 21 36 46 11 21 36 47 10 21 36 48 9 21 36 50 8 21 36 51 7 21 37 8 51 21 37 9 49 21 37 10 48 21 37 11 47 21 37 12 46 21 37 13 45 21 37 14 44 21 37 15 43 21 37 16 42 21 37 17 41 21 37 18 40 21 37 19 39 21 37 20 38 21 37 21 37 21 37 22 36 21 37 23 35 21 37 24 34 21 37 25 33 21 37 26 32 21 37 27 31 21 37 28 30 21 37 29 29 21 37 30 28 21 37 31 27 21 37 32 26 21 37 33 25 21 37 34 24 21 37 35 23 21 37 36 22 21 37 37 21 21 37 38 20 21 37 39 19 21 37 40 18 21 37 41 17 21 37 42 16 21 37 43 15 21 37 44 14 21 37 45 13 21 37 46 12 21 37 47 11 21 37 48 10 21 37 49 9 21 37 51 8 21 38 9 50 21 38 10 49 21 38 11 48 21 38 12 47 21 38 13 46 21 38 14 45 21 38 15 44 21 38 16 43 21 38 17 42 21 38 18 41 21 38 19 40 21 38 20 39 21 38 21 38 21 38 22 37 21 38 23 36 21 38 24 35 21 38 25 34 21 38 26 33 21 38 27 32 21 38 28 31 21 38 29 30 21 38 30 29 21 38 31 28 21 38 32 27 21 38 33 26 21 38 34 25 21 38 35 24 21 38 36 23 21 38 37 22 21 38 38 21 21 38 39 20 21 38 40 19 21 38 41 18 21 38 42 17 21 38 43 16 21 38 44 15 21 38 45 14 21 38 46 13 21 38 47 12 21 38 48 11 21 38 49 10 21 38 50 9 21 39 9 51 21 39 10 50 21 39 11 49 21 39 12 48 21 39 13 47 21 39 14 46 21 39 15 45 21 39 16 44 21 39 17 43 21 39 18 42 21 39 19 41 21 39 20 40 21 39 21 39 21 39 22 38 21 39 23 37 21 39 24 36 21 39 25 35 21 39 26 34 21 39 27 33 21 39 28 32 21 39 29 31 21 39 30 30 21 39 31 29 21 39 32 28 21 39 33 27 21 39 34 26 21 39 35 25 21 39 36 24 21 39 37 23 21 39 38 22 21 39 39 21 21 39 40 20 21 39 41 19 21 39 42 18 21 39 43 17 21 39 44 16 21 39 45 15 21 39 46 14 21 39 47 13 21 39 48 12 21 39 49 11 21 39 50 10 21 39 51 9 21 40 10 51 21 40 11 50 21 40 12 49 21 40 13 48 21 40 14 47 21 40 15 46 21 40 16 45 21 40 17 44 21 40 18 43 21 40 19 42 21 40 20 41 21 40 21 40 21 40 22 39 21 40 23 38 21 40 24 37 21 40 25 36 21 40 26 35 21 40 27 34 21 40 28 33 21 40 29 32 21 40 30 31 21 40 31 30 21 40 32 29 21 40 33 28 21 40 34 27 21 40 35 26 21 40 36 25 21 40 37 24 21 40 38 23 21 40 39 22 21 40 40 21 21 40 41 20 21 40 42 19 21 40 43 18 21 40 44 17 21 40 45 16 21 40 46 15 21 40 47 14 21 40 48 13 21 40 49 12 21 40 50 11 21 40 51 10 21 41 11 51 21 41 12 50 21 41 13 49 21 41 14 48 21 41 15 47 21 41 16 46 21 41 17 45 21 41 18 44 21 41 19 43 21 41 20 42 21 41 21 41 21 41 22 40 21 41 23 39 21 41 24 38 21 41 25 37 21 41 26 36 21 41 27 35 21 41 28 34 21 41 29 33 21 41 30 32 21 41 31 31 21 41 32 30 21 41 33 29 21 41 34 28 21 41 35 27 21 41 36 26 21 41 37 25 21 41 38 24 21 41 39 23 21 41 40 22 21 41 41 21 21 41 42 20 21 41 43 19 21 41 44 18 21 41 45 17 21 41 46 16 21 41 47 15 21 41 48 14 21 41 49 13 21 41 50 12 21 41 51 11 21 42 12 51 21 42 13 50 21 42 14 49 21 42 15 48 21 42 16 47 21 42 17 46 21 42 18 45 21 42 19 44 21 42 20 43 21 42 21 42 21 42 22 41 21 42 23 40 21 42 24 39 21 42 25 38 21 42 26 37 21 42 27 36 21 42 28 35 21 42 29 34 21 42 30 33 21 42 31 32 21 42 32 31 21 42 33 30 21 42 34 29 21 42 35 28 21 42 36 27 21 42 37 26 21 42 38 25 21 42 39 24 21 42 40 23 21 42 41 22 21 42 42 21 21 42 43 20 21 42 44 19 21 42 45 18 21 42 46 17 21 42 47 16 21 42 48 15 21 42 49 14 21 42 50 13 21 42 51 12 21 43 13 51 21 43 14 50 21 43 15 49 21 43 16 48 21 43 17 47 21 43 18 46 21 43 19 45 21 43 20 44 21 43 21 43 21 43 22 42 21 43 23 41 21 43 24 40 21 43 25 39 21 43 26 38 21 43 27 37 21 43 28 36 21 43 29 35 21 43 30 34 21 43 31 33 21 43 32 32 21 43 33 31 21 43 34 30 21 43 35 29 21 43 36 28 21 43 37 27 21 43 38 26 21 43 39 25 21 43 40 24 21 43 41 23 21 43 42 22 21 43 43 21 21 43 44 20 21 43 45 19 21 43 46 18 21 43 47 17 21 43 48 16 21 43 49 15 21 43 50 14 21 43 51 13 21 44 14 51 21 44 15 50 21 44 16 49 21 44 17 48 21 44 18 47 21 44 19 46 21 44 20 45 21 44 21 44 21 44 22 43 21 44 23 42 21 44 24 41 21 44 25 40 21 44 26 39 21 44 27 38 21 44 28 37 21 44 29 36 21 44 30 35 21 44 31 34 21 44 32 33 21 44 33 32 21 44 34 31 21 44 35 30 21 44 36 29 21 44 37 28 21 44 38 27 21 44 39 26 21 44 40 25 21 44 41 24 21 44 42 23 21 44 43 22 21 44 44 21 21 44 45 20 21 44 46 19 21 44 47 18 21 44 48 17 21 44 49 16 21 44 50 15 21 44 51 14 21 45 15 51 21 45 16 50 21 45 17 49 21 45 18 48 21 45 19 47 21 45 20 46 21 45 21 45 21 45 22 44 21 45 23 43 21 45 24 42 21 45 25 41 21 45 26 40 21 45 27 39 21 45 28 38 21 45 29 37 21 45 30 36 21 45 31 35 21 45 32 34 21 45 33 33 21 45 34 32 21 45 35 31 21 45 36 30 21 45 37 29 21 45 38 28 21 45 39 27 21 45 40 26 21 45 41 25 21 45 42 24 21 45 43 23 21 45 44 22 21 45 45 21 21 45 46 20 21 45 47 19 21 45 48 18 21 45 49 17 21 45 50 16 21 45 51 15 21 46 16 51 21 46 17 50 21 46 18 49 21 46 19 48 21 46 20 47 21 46 21 46 21 46 22 45 21 46 23 44 21 46 24 43 21 46 25 42 21 46 26 41 21 46 27 40 21 46 28 39 21 46 29 38 21 46 30 37 21 46 31 36 21 46 32 35 21 46 33 34 21 46 34 33 21 46 35 32 21 46 36 31 21 46 37 30 21 46 38 29 21 46 39 28 21 46 40 27 21 46 41 26 21 46 42 25 21 46 43 24 21 46 44 23 21 46 45 22 21 46 46 21 21 46 47 20 21 46 48 19 21 46 49 18 21 46 50 17 21 46 51 16 21 47 17 51 21 47 18 50 21 47 19 49 21 47 20 48 21 47 21 47 21 47 22 46 21 47 23 45 21 47 24 44 21 47 25 43 21 47 26 42 21 47 27 41 21 47 28 40 21 47 29 39 21 47 30 38 21 47 31 37 21 47 32 36 21 47 33 35 21 47 34 34 21 47 35 33 21 47 36 32 21 47 37 31 21 47 38 30 21 47 39 29 21 47 40 28 21 47 41 27 21 47 42 26 21 47 43 25 21 47 44 24 21 47 45 23 21 47 46 22 21 47 47 21 21 47 48 20 21 47 49 19 21 47 50 18 21 47 51 17 21 48 18 51 21 48 19 50 21 48 20 49 21 48 21 48 21 48 22 47 21 48 23 46 21 48 24 45 21 48 25 44 21 48 26 43 21 48 27 42 21 48 28 41 21 48 29 40 21 48 30 39 21 48 31 38 21 48 32 37 21 48 33 36 21 48 34 35 21 48 35 34 21 48 36 33 21 48 37 32 21 48 38 31 21 48 39 30 21 48 40 29 21 48 41 28 21 48 42 27 21 48 43 26 21 48 44 25 21 48 45 24 21 48 46 23 21 48 47 22 21 48 48 21 21 48 49 20 21 48 50 19 21 48 51 18 21 49 19 51 21 49 20 50 21 49 21 49 21 49 22 48 21 49 23 47 21 49 24 46 21 49 25 45 21 49 26 44 21 49 27 43 21 49 28 42 21 49 29 41 21 49 30 40 21 49 31 39 21 49 32 38 21 49 33 37 21 49 34 36 21 49 35 35 21 49 36 34 21 49 37 33 21 49 38 32 21 49 39 31 21 49 40 30 21 49 41 29 21 49 42 28 21 49 43 27 21 49 44 26 21 49 45 25 21 49 46 24 21 49 47 23 21 49 48 22 21 49 49 21 21 49 50 20 21 49 51 19 21 50 20 51 21 50 21 50 21 50 22 49 21 50 23 48 21 50 24 47 21 50 25 46 21 50 26 45 21 50 27 44 21 50 28 43 21 50 29 42 21 50 30 41 21 50 31 40 21 50 32 39 21 50 33 38 21 50 34 37 21 50 35 36 21 50 36 35 21 50 37 34 21 50 38 33 21 50 39 32 21 50 40 31 21 50 41 30 21 50 42 29 21 50 43 28 21 50 44 27 21 50 45 26 21 50 46 25 21 50 47 24 21 50 48 23 21 50 49 22 21 50 50 21 21 50 51 20 21 51 21 51 21 51 22 50 21 51 23 49 21 51 24 48 21 51 25 47 21 51 26 46 21 51 27 45 21 51 28 44 21 51 29 43 21 51 30 42 21 51 31 41 21 51 32 40 21 51 33 39 21 51 34 38 21 51 35 37 21 51 36 36 21 51 37 35 21 51 38 34 21 51 39 33 21 51 40 32 21 51 41 31 21 51 42 30 21 51 43 29 21 51 44 28 21 51 45 27 21 51 46 26 21 51 47 25 21 51 48 24 21 51 49 23 21 51 50 22 21 51 51 21 






























