






































39 0 0 39 39 0 1 37 39 0 2 35 39 0 3 34 39 0 4 32 39 0 5 30 39 0 6 28 39 0 7 27 39 0 8 26 39 0 26 8 39 0 27 7 39 0 28 6 39 0 30 5 39 0 32 4 39 0 34 3 39 0 35 2 39 0 37 1 39 0 39 0 39 1 0 41 39 1 1 39 39 1 2 37 39 1 3 36 39 1 4 34 39 1 5 32 39 1 6 30 39 1 7 29 39 1 8 28 39 1 9 26 39 1 10 25 39 1 11 24 39 1 12 23 39 1 13 22 39 1 14 21 39 1 15 20 39 1 16 19 39 1 17 18 39 1 18 17 39 1 19 16 39 1 20 15 39 1 21 14 39 1 22 13 39 1 23 12 39 1 24 11 39 1 25 10 39 1 26 9 39 1 28 8 39 1 29 7 39 1 30 6 39 1 32 5 39 1 34 4 39 1 36 3 39 1 37 2 39 1 39 1 39 1 41 0 39 2 0 43 39 2 1 41 39 2 2 39 39 2 3 38 39 2 4 36 39 2 5 34 39 2 6 32 39 2 7 31 39 2 8 30 39 2 9 28 39 2 10 27 39 2 11 26 39 2 12 25 39 2 13 24 39 2 14 23 39 2 15 22 39 2 16 21 39 2 17 20 39 2 18 19 39 2 19 18 39 2 20 17 39 2 21 16 39 2 22 15 39 2 23 14 39 2 24 13 39 2 25 12 39 2 26 11 39 2 27 10 39 2 28 9 39 2 30 8 39 2 31 7 39 2 32 6 39 2 34 5 39 2 36 4 39 2 38 3 39 2 39 2 39 2 41 1 39 2 43 0 39 3 0 44 39 3 1 42 39 3 2 40 39 3 3 39 39 3 4 37 39 3 5 35 39 3 6 33 39 3 7 32 39 3 8 31 39 3 9 29 39 3 10 28 39 3 11 27 39 3 12 26 39 3 13 25 39 3 14 24 39 3 15 23 39 3 16 22 39 3 17 21 39 3 18 20 39 3 19 19 39 3 20 18 39 3 21 17 39 3 22 16 39 3 23 15 39 3 24 14 39 3 25 13 39 3 26 12 39 3 27 11 39 3 28 10 39 3 29 9 39 3 31 8 39 3 32 7 39 3 33 6 39 3 35 5 39 3 37 4 39 3 39 3 39 3 40 2 39 3 42 1 39 3 44 0 39 4 1 44 39 4 2 42 39 4 3 41 39 4 4 39 39 4 5 37 39 4 6 35 39 4 7 34 39 4 8 33 39 4 9 31 39 4 10 30 39 4 11 29 39 4 12 28 39 4 13 27 39 4 14 26 39 4 15 25 39 4 16 24 39 4 17 23 39 4 18 22 39 4 19 21 39 4 20 20 39 4 21 19 39 4 22 18 39 4 23 17 39 4 24 16 39 4 25 15 39 4 26 14 39 4 27 13 39 4 28 12 39 4 29 11 39 4 30 10 39 4 31 9 39 4 33 8 39 4 34 7 39 4 35 6 39 4 37 5 39 4 39 4 39 4 41 3 39 4 42 2 39 4 44 1 39 5 1 46 39 5 2 44 39 5 3 43 39 5 4 41 39 5 5 39 39 5 6 37 39 5 7 36 39 5 8 35 39 5 9 33 39 5 10 32 39 5 11 31 39 5 12 30 39 5 13 29 39 5 14 28 39 5 15 27 39 5 16 26 39 5 17 25 39 5 18 24 39 5 19 23 39 5 20 22 39 5 21 21 39 5 22 20 39 5 23 19 39 5 24 18 39 5 25 17 39 5 26 16 39 5 27 15 39 5 28 14 39 5 29 13 39 5 30 12 39 5 31 11 39 5 32 10 39 5 33 9 39 5 35 8 39 5 36 7 39 5 37 6 39 5 39 5 39 5 41 4 39 5 43 3 39 5 44 2 39 5 46 1 39 6 2 46 39 6 3 45 39 6 4 43 39 6 5 41 39 6 6 39 39 6 7 38 39 6 8 37 39 6 9 35 39 6 10 34 39 6 11 33 39 6 12 32 39 6 13 31 39 6 14 30 39 6 15 29 39 6 16 28 39 6 17 27 39 6 18 26 39 6 19 25 39 6 20 24 39 6 21 23 39 6 22 22 39 6 23 21 39 6 24 20 39 6 25 19 39 6 26 18 39 6 27 17 39 6 28 16 39 6 29 15 39 6 30 14 39 6 31 13 39 6 32 12 39 6 33 11 39 6 34 10 39 6 35 9 39 6 37 8 39 6 38 7 39 6 39 6 39 6 41 5 39 6 43 4 39 6 45 3 39 6 46 2 39 7 2 47 39 7 3 46 39 7 4 44 39 7 5 42 39 7 6 40 39 7 7 39 39 7 8 38 39 7 9 36 39 7 10 35 39 7 11 34 39 7 12 33 39 7 13 32 39 7 14 31 39 7 15 30 39 7 16 29 39 7 17 28 39 7 18 27 39 7 19 26 39 7 20 25 39 7 21 24 39 7 22 23 39 7 23 22 39 7 24 21 39 7 25 20 39 7 26 19 39 7 27 18 39 7 28 17 39 7 29 16 39 7 30 15 39 7 31 14 39 7 32 13 39 7 33 12 39 7 34 11 39 7 35 10 39 7 36 9 39 7 38 8 39 7 39 7 39 7 40 6 39 7 42 5 39 7 44 4 39 7 46 3 39 7 47 2 39 8 2 48 39 8 3 47 39 8 4 45 39 8 5 43 39 8 6 41 39 8 7 40 39 8 8 39 39 8 9 37 39 8 10 36 39 8 11 35 39 8 12 34 39 8 13 33 39 8 14 32 39 8 15 31 39 8 16 30 39 8 17 29 39 8 18 28 39 8 19 27 39 8 20 26 39 8 21 25 39 8 22 24 39 8 23 23 39 8 24 22 39 8 25 21 39 8 26 20 39 8 27 19 39 8 28 18 39 8 29 17 39 8 30 16 39 8 31 15 39 8 32 14 39 8 33 13 39 8 34 12 39 8 35 11 39 8 36 10 39 8 37 9 39 8 39 8 39 8 40 7 39 8 41 6 39 8 43 5 39 8 45 4 39 8 47 3 39 8 48 2 39 9 3 49 39 9 4 47 39 9 5 45 39 9 6 43 39 9 7 42 39 9 8 41 39 9 9 39 39 9 10 38 39 9 11 37 39 9 12 36 39 9 13 35 39 9 14 34 39 9 15 33 39 9 16 32 39 9 17 31 39 9 18 30 39 9 19 29 39 9 20 28 39 9 21 27 39 9 22 26 39 9 23 25 39 9 24 24 39 9 25 23 39 9 26 22 39 9 27 21 39 9 28 20 39 9 29 19 39 9 30 18 39 9 31 17 39 9 32 16 39 9 33 15 39 9 34 14 39 9 35 13 39 9 36 12 39 9 37 11 39 9 38 10 39 9 39 9 39 9 41 8 39 9 42 7 39 9 43 6 39 9 45 5 39 9 47 4 39 9 49 3 39 10 3 50 39 10 4 48 39 10 5 46 39 10 6 44 39 10 7 43 39 10 8 42 39 10 9 40 39 10 10 39 39 10 11 38 39 10 12 37 39 10 13 36 39 10 14 35 39 10 15 34 39 10 16 33 39 10 17 32 39 10 18 31 39 10 19 30 39 10 20 29 39 10 21 28 39 10 22 27 39 10 23 26 39 10 24 25 39 10 25 24 39 10 26 23 39 10 27 22 39 10 28 21 39 10 29 20 39 10 30 19 39 10 31 18 39 10 32 17 39 10 33 16 39 10 34 15 39 10 35 14 39 10 36 13 39 10 37 12 39 10 38 11 39 10 39 10 39 10 40 9 39 10 42 8 39 10 43 7 39 10 44 6 39 10 46 5 39 10 48 4 39 10 50 3 39 11 4 49 39 11 5 47 39 11 6 45 39 11 7 44 39 11 8 43 39 11 9 41 39 11 10 40 39 11 11 39 39 11 12 38 39 11 13 37 39 11 14 36 39 11 15 35 39 11 16 34 39 11 17 33 39 11 18 32 39 11 19 31 39 11 20 30 39 11 21 29 39 11 22 28 39 11 23 27 39 11 24 26 39 11 25 25 39 11 26 24 39 11 27 23 39 11 28 22 39 11 29 21 39 11 30 20 39 11 31 19 39 11 32 18 39 11 33 17 39 11 34 16 39 11 35 15 39 11 36 14 39 11 37 13 39 11 38 12 39 11 39 11 39 11 40 10 39 11 41 9 39 11 43 8 39 11 44 7 39 11 45 6 39 11 47 5 39 11 49 4 39 12 4 50 39 12 5 48 39 12 6 46 39 12 7 45 39 12 8 44 39 12 9 42 39 12 10 41 39 12 11 40 39 12 12 39 39 12 13 38 39 12 14 37 39 12 15 36 39 12 16 35 39 12 17 34 39 12 18 33 39 12 19 32 39 12 20 31 39 12 21 30 39 12 22 29 39 12 23 28 39 12 24 27 39 12 25 26 39 12 26 25 39 12 27 24 39 12 28 23 39 12 29 22 39 12 30 21 39 12 31 20 39 12 32 19 39 12 33 18 39 12 34 17 39 12 35 16 39 12 36 15 39 12 37 14 39 12 38 13 39 12 39 12 39 12 40 11 39 12 41 10 39 12 42 9 39 12 44 8 39 12 45 7 39 12 46 6 39 12 48 5 39 12 50 4 39 13 4 51 39 13 5 49 39 13 6 47 39 13 7 46 39 13 8 45 39 13 9 43 39 13 10 42 39 13 11 41 39 13 12 40 39 13 13 39 39 13 14 38 39 13 15 37 39 13 16 36 39 13 17 35 39 13 18 34 39 13 19 33 39 13 20 32 39 13 21 31 39 13 22 30 39 13 23 29 39 13 24 28 39 13 25 27 39 13 26 26 39 13 27 25 39 13 28 24 39 13 29 23 39 13 30 22 39 13 31 21 39 13 32 20 39 13 33 19 39 13 34 18 39 13 35 17 39 13 36 16 39 13 37 15 39 13 38 14 39 13 39 13 39 13 40 12 39 13 41 11 39 13 42 10 39 13 43 9 39 13 45 8 39 13 46 7 39 13 47 6 39 13 49 5 39 13 51 4 39 14 5 50 39 14 6 48 39 14 7 47 39 14 8 46 39 14 9 44 39 14 10 43 39 14 11 42 39 14 12 41 39 14 13 40 39 14 14 39 39 14 15 38 39 14 16 37 39 14 17 36 39 14 18 35 39 14 19 34 39 14 20 33 39 14 21 32 39 14 22 31 39 14 23 30 39 14 24 29 39 14 25 28 39 14 26 27 39 14 27 26 39 14 28 25 39 14 29 24 39 14 30 23 39 14 31 22 39 14 32 21 39 14 33 20 39 14 34 19 39 14 35 18 39 14 36 17 39 14 37 16 39 14 38 15 39 14 39 14 39 14 40 13 39 14 41 12 39 14 42 11 39 14 43 10 39 14 44 9 39 14 46 8 39 14 47 7 39 14 48 6 39 14 50 5 39 15 5 51 39 15 6 49 39 15 7 48 39 15 8 47 39 15 9 45 39 15 10 44 39 15 11 43 39 15 12 42 39 15 13 41 39 15 14 40 39 15 15 39 39 15 16 38 39 15 17 37 39 15 18 36 39 15 19 35 39 15 20 34 39 15 21 33 39 15 22 32 39 15 23 31 39 15 24 30 39 15 25 29 39 15 26 28 39 15 27 27 39 15 28 26 39 15 29 25 39 15 30 24 39 15 31 23 39 15 32 22 39 15 33 21 39 15 34 20 39 15 35 19 39 15 36 18 39 15 37 17 39 15 38 16 39 15 39 15 39 15 40 14 39 15 41 13 39 15 42 12 39 15 43 11 39 15 44 10 39 15 45 9 39 15 47 8 39 15 48 7 39 15 49 6 39 15 51 5 39 16 6 50 39 16 7 49 39 16 8 48 39 16 9 46 39 16 10 45 39 16 11 44 39 16 12 43 39 16 13 42 39 16 14 41 39 16 15 40 39 16 16 39 39 16 17 38 39 16 18 37 39 16 19 36 39 16 20 35 39 16 21 34 39 16 22 33 39 16 23 32 39 16 24 31 39 16 25 30 39 16 26 29 39 16 27 28 39 16 28 27 39 16 29 26 39 16 30 25 39 16 31 24 39 16 32 23 39 16 33 22 39 16 34 21 39 16 35 20 39 16 36 19 39 16 37 18 39 16 38 17 39 16 39 16 39 16 40 15 39 16 41 14 39 16 42 13 39 16 43 12 39 16 44 11 39 16 45 10 39 16 46 9 39 16 48 8 39 16 49 7 39 16 50 6 39 17 6 51 39 17 7 50 39 17 8 49 39 17 9 47 39 17 10 46 39 17 11 45 39 17 12 44 39 17 13 43 39 17 14 42 39 17 15 41 39 17 16 40 39 17 17 39 39 17 18 38 39 17 19 37 39 17 20 36 39 17 21 35 39 17 22 34 39 17 23 33 39 17 24 32 39 17 25 31 39 17 26 30 39 17 27 29 39 17 28 28 39 17 29 27 39 17 30 26 39 17 31 25 39 17 32 24 39 17 33 23 39 17 34 22 39 17 35 21 39 17 36 20 39 17 37 19 39 17 38 18 39 17 39 17 39 17 40 16 39 17 41 15 39 17 42 14 39 17 43 13 39 17 44 12 39 17 45 11 39 17 46 10 39 17 47 9 39 17 49 8 39 17 50 7 39 17 51 6 39 18 7 51 39 18 8 50 39 18 9 48 39 18 10 47 39 18 11 46 39 18 12 45 39 18 13 44 39 18 14 43 39 18 15 42 39 18 16 41 39 18 17 40 39 18 18 39 39 18 19 38 39 18 20 37 39 18 21 36 39 18 22 35 39 18 23 34 39 18 24 33 39 18 25 32 39 18 26 31 39 18 27 30 39 18 28 29 39 18 29 28 39 18 30 27 39 18 31 26 39 18 32 25 39 18 33 24 39 18 34 23 39 18 35 22 39 18 36 21 39 18 37 20 39 18 38 19 39 18 39 18 39 18 40 17 39 18 41 16 39 18 42 15 39 18 43 14 39 18 44 13 39 18 45 12 39 18 46 11 39 18 47 10 39 18 48 9 39 18 50 8 39 18 51 7 39 19 8 51 39 19 9 49 39 19 10 48 39 19 11 47 39 19 12 46 39 19 13 45 39 19 14 44 39 19 15 43 39 19 16 42 39 19 17 41 39 19 18 40 39 19 19 39 39 19 20 38 39 19 21 37 39 19 22 36 39 19 23 35 39 19 24 34 39 19 25 33 39 19 26 32 39 19 27 31 39 19 28 30 39 19 29 29 39 19 30 28 39 19 31 27 39 19 32 26 39 19 33 25 39 19 34 24 39 19 35 23 39 19 36 22 39 19 37 21 39 19 38 20 39 19 39 19 39 19 40 18 39 19 41 17 39 19 42 16 39 19 43 15 39 19 44 14 39 19 45 13 39 19 46 12 39 19 47 11 39 19 48 10 39 19 49 9 39 19 51 8 39 20 9 50 39 20 10 49 39 20 11 48 39 20 12 47 39 20 13 46 39 20 14 45 39 20 15 44 39 20 16 43 39 20 17 42 39 20 18 41 39 20 19 40 39 20 20 39 39 20 21 38 39 20 22 37 39 20 23 36 39 20 24 35 39 20 25 34 39 20 26 33 39 20 27 32 39 20 28 31 39 20 29 30 39 20 30 29 39 20 31 28 39 20 32 27 39 20 33 26 39 20 34 25 39 20 35 24 39 20 36 23 39 20 37 22 39 20 38 21 39 20 39 20 39 20 40 19 39 20 41 18 39 20 42 17 39 20 43 16 39 20 44 15 39 20 45 14 39 20 46 13 39 20 47 12 39 20 48 11 39 20 49 10 39 20 50 9 39 21 9 51 39 21 10 50 39 21 11 49 39 21 12 48 39 21 13 47 39 21 14 46 39 21 15 45 39 21 16 44 39 21 17 43 39 21 18 42 39 21 19 41 39 21 20 40 39 21 21 39 39 21 22 38 39 21 23 37 39 21 24 36 39 21 25 35 39 21 26 34 39 21 27 33 39 21 28 32 39 21 29 31 39 21 30 30 39 21 31 29 39 21 32 28 39 21 33 27 39 21 34 26 39 21 35 25 39 21 36 24 39 21 37 23 39 21 38 22 39 21 39 21 39 21 40 20 39 21 41 19 39 21 42 18 39 21 43 17 39 21 44 16 39 21 45 15 39 21 46 14 39 21 47 13 39 21 48 12 39 21 49 11 39 21 50 10 39 21 51 9 39 22 10 51 39 22 11 50 39 22 12 49 39 22 13 48 39 22 14 47 39 22 15 46 39 22 16 45 39 22 17 44 39 22 18 43 39 22 19 42 39 22 20 41 39 22 21 40 39 22 22 39 39 22 23 38 39 22 24 37 39 22 25 36 39 22 26 35 39 22 27 34 39 22 28 33 39 22 29 32 39 22 30 31 39 22 31 30 39 22 32 29 39 22 33 28 39 22 34 27 39 22 35 26 39 22 36 25 39 22 37 24 39 22 38 23 39 22 39 22 39 22 40 21 39 22 41 20 39 22 42 19 39 22 43 18 39 22 44 17 39 22 45 16 39 22 46 15 39 22 47 14 39 22 48 13 39 22 49 12 39 22 50 11 39 22 51 10 39 23 11 51 39 23 12 50 39 23 13 49 39 23 14 48 39 23 15 47 39 23 16 46 39 23 17 45 39 23 18 44 39 23 19 43 39 23 20 42 39 23 21 41 39 23 22 40 39 23 23 39 39 23 24 38 39 23 25 37 39 23 26 36 39 23 27 35 39 23 28 34 39 23 29 33 39 23 30 32 39 23 31 31 39 23 32 30 39 23 33 29 39 23 34 28 39 23 35 27 39 23 36 26 39 23 37 25 39 23 38 24 39 23 39 23 39 23 40 22 39 23 41 21 39 23 42 20 39 23 43 19 39 23 44 18 39 23 45 17 39 23 46 16 39 23 47 15 39 23 48 14 39 23 49 13 39 23 50 12 39 23 51 11 39 24 12 51 39 24 13 50 39 24 14 49 39 24 15 48 39 24 16 47 39 24 17 46 39 24 18 45 39 24 19 44 39 24 20 43 39 24 21 42 39 24 22 41 39 24 23 40 39 24 24 39 39 24 25 38 39 24 26 37 39 24 27 36 39 24 28 35 39 24 29 34 39 24 30 33 39 24 31 32 39 24 32 31 39 24 33 30 39 24 34 29 39 24 35 28 39 24 36 27 39 24 37 26 39 24 38 25 39 24 39 24 39 24 40 23 39 24 41 22 39 24 42 21 39 24 43 20 39 24 44 19 39 24 45 18 39 24 46 17 39 24 47 16 39 24 48 15 39 24 49 14 39 24 50 13 39 24 51 12 39 25 13 51 39 25 14 50 39 25 15 49 39 25 16 48 39 25 17 47 39 25 18 46 39 25 19 45 39 25 20 44 39 25 21 43 39 25 22 42 39 25 23 41 39 25 24 40 39 25 25 39 39 25 26 38 39 25 27 37 39 25 28 36 39 25 29 35 39 25 30 34 39 25 31 33 39 25 32 32 39 25 33 31 39 25 34 30 39 25 35 29 39 25 36 28 39 25 37 27 39 25 38 26 39 25 39 25 39 25 40 24 39 25 41 23 39 25 42 22 39 25 43 21 39 25 44 20 39 25 45 19 39 25 46 18 39 25 47 17 39 25 48 16 39 25 49 15 39 25 50 14 39 25 51 13 39 26 14 51 39 26 15 50 39 26 16 49 39 26 17 48 39 26 18 47 39 26 19 46 39 26 20 45 39 26 21 44 39 26 22 43 39 26 23 42 39 26 24 41 39 26 25 40 39 26 26 39 39 26 27 38 39 26 28 37 39 26 29 36 39 26 30 35 39 26 31 34 39 26 32 33 39 26 33 32 39 26 34 31 39 26 35 30 39 26 36 29 39 26 37 28 39 26 38 27 39 26 39 26 39 26 40 25 39 26 41 24 39 26 42 23 39 26 43 22 39 26 44 21 39 26 45 20 39 26 46 19 39 26 47 18 39 26 48 17 39 26 49 16 39 26 50 15 39 26 51 14 39 27 15 51 39 27 16 50 39 27 17 49 39 27 18 48 39 27 19 47 39 27 20 46 39 27 21 45 39 27 22 44 39 27 23 43 39 27 24 42 39 27 25 41 39 27 26 40 39 27 27 39 39 27 28 38 39 27 29 37 39 27 30 36 39 27 31 35 39 27 32 34 39 27 33 33 39 27 34 32 39 27 35 31 39 27 36 30 39 27 37 29 39 27 38 28 39 27 39 27 39 27 40 26 39 27 41 25 39 27 42 24 39 27 43 23 39 27 44 22 39 27 45 21 39 27 46 20 39 27 47 19 39 27 48 18 39 27 49 17 39 27 50 16 39 27 51 15 39 28 16 51 39 28 17 50 39 28 18 49 39 28 19 48 39 28 20 47 39 28 21 46 39 28 22 45 39 28 23 44 39 28 24 43 39 28 25 42 39 28 26 41 39 28 27 40 39 28 28 39 39 28 29 38 39 28 30 37 39 28 31 36 39 28 32 35 39 28 33 34 39 28 34 33 39 28 35 32 39 28 36 31 39 28 37 30 39 28 38 29 39 28 39 28 39 28 40 27 39 28 41 26 39 28 42 25 39 28 43 24 39 28 44 23 39 28 45 22 39 28 46 21 39 28 47 20 39 28 48 19 39 28 49 18 39 28 50 17 39 28 51 16 39 29 17 51 39 29 18 50 39 29 19 49 39 29 20 48 39 29 21 47 39 29 22 46 39 29 23 45 39 29 24 44 39 29 25 43 39 29 26 42 39 29 27 41 39 29 28 40 39 29 29 39 39 29 30 38 39 29 31 37 39 29 32 36 39 29 33 35 39 29 34 34 39 29 35 33 39 29 36 32 39 29 37 31 39 29 38 30 39 29 39 29 39 29 40 28 39 29 41 27 39 29 42 26 39 29 43 25 39 29 44 24 39 29 45 23 39 29 46 22 39 29 47 21 39 29 48 20 39 29 49 19 39 29 50 18 39 29 51 17 39 30 18 51 39 30 19 50 39 30 20 49 39 30 21 48 39 30 22 47 39 30 23 46 39 30 24 45 39 30 25 44 39 30 26 43 39 30 27 42 39 30 28 41 39 30 29 40 39 30 30 39 39 30 31 38 39 30 32 37 39 30 33 36 39 30 34 35 39 30 35 34 39 30 36 33 39 30 37 32 39 30 38 31 39 30 39 30 39 30 40 29 39 30 41 28 39 30 42 27 39 30 43 26 39 30 44 25 39 30 45 24 39 30 46 23 39 30 47 22 39 30 48 21 39 30 49 20 39 30 50 19 39 30 51 18 39 31 19 51 39 31 20 50 39 31 21 49 39 31 22 48 39 31 23 47 39 31 24 46 39 31 25 45 39 31 26 44 39 31 27 43 39 31 28 42 39 31 29 41 39 31 30 40 39 31 31 39 39 31 32 38 39 31 33 37 39 31 34 36 39 31 35 35 39 31 36 34 39 31 37 33 39 31 38 32 39 31 39 31 39 31 40 30 39 31 41 29 39 31 42 28 39 31 43 27 39 31 44 26 39 31 45 25 39 31 46 24 39 31 47 23 39 31 48 22 39 31 49 21 39 31 50 20 39 31 51 19 39 32 20 51 39 32 21 50 39 32 22 49 39 32 23 48 39 32 24 47 39 32 25 46 39 32 26 45 39 32 27 44 39 32 28 43 39 32 29 42 39 32 30 41 39 32 31 40 39 32 32 39 39 32 33 38 39 32 34 37 39 32 35 36 39 32 36 35 39 32 37 34 39 32 38 33 39 32 39 32 39 32 40 31 39 32 41 30 39 32 42 29 39 32 43 28 39 32 44 27 39 32 45 26 39 32 46 25 39 32 47 24 39 32 48 23 39 32 49 22 39 32 50 21 39 32 51 20 39 33 21 51 39 33 22 50 39 33 23 49 39 33 24 48 39 33 25 47 39 33 26 46 39 33 27 45 39 33 28 44 39 33 29 43 39 33 30 42 39 33 31 41 39 33 32 40 39 33 33 39 39 33 34 38 39 33 35 37 39 33 36 36 39 33 37 35 39 33 38 34 39 33 39 33 39 33 40 32 39 33 41 31 39 33 42 30 39 33 43 29 39 33 44 28 39 33 45 27 39 33 46 26 39 33 47 25 39 33 48 24 39 33 49 23 39 33 50 22 39 33 51 21 39 34 22 51 39 34 23 50 39 34 24 49 39 34 25 48 39 34 26 47 39 34 27 46 39 34 28 45 39 34 29 44 39 34 30 43 39 34 31 42 39 34 32 41 39 34 33 40 39 34 34 39 39 34 35 38 39 34 36 37 39 34 37 36 39 34 38 35 39 34 39 34 39 34 40 33 39 34 41 32 39 34 42 31 39 34 43 30 39 34 44 29 39 34 45 28 39 34 46 27 39 34 47 26 39 34 48 25 39 34 49 24 39 34 50 23 39 34 51 22 39 35 23 51 39 35 24 50 39 35 25 49 39 35 26 48 39 35 27 47 39 35 28 46 39 35 29 45 39 35 30 44 39 35 31 43 39 35 32 42 39 35 33 41 39 35 34 40 39 35 35 39 39 35 36 38 39 35 37 37 39 35 38 36 39 35 39 35 39 35 40 34 39 35 41 33 39 35 42 32 39 35 43 31 39 35 44 30 39 35 45 29 39 35 46 28 39 35 47 27 39 35 48 26 39 35 49 25 39 35 50 24 39 35 51 23 39 36 24 51 39 36 25 50 39 36 26 49 39 36 27 48 39 36 28 47 39 36 29 46 39 36 30 45 39 36 31 44 39 36 32 43 39 36 33 42 39 36 34 41 39 36 35 40 39 36 36 39 39 36 37 38 39 36 38 37 39 36 39 36 39 36 40 35 39 36 41 34 39 36 42 33 39 36 43 32 39 36 44 31 39 36 45 30 39 36 46 29 39 36 47 28 39 36 48 27 39 36 49 26 39 36 50 25 39 36 51 24 39 37 25 51 39 37 26 50 39 37 27 49 39 37 28 48 39 37 29 47 39 37 30 46 39 37 31 45 39 37 32 44 39 37 33 43 39 37 34 42 39 37 35 41 39 37 36 40 39 37 37 39 39 37 38 38 39 37 39 37 39 37 40 36 39 37 41 35 39 37 42 34 39 37 43 33 39 37 44 32 39 37 45 31 39 37 46 30 39 37 47 29 39 37 48 28 39 37 49 27 39 37 50 26 39 37 51 25 39 38 26 51 39 38 27 50 39 38 28 49 39 38 29 48 39 38 30 47 39 38 31 46 39 38 32 45 39 38 33 44 39 38 34 43 39 38 35 42 39 38 36 41 39 38 37 40 39 38 38 39 39 38 39 38 39 38 40 37 39 38 41 36 39 38 42 35 39 38 43 34 39 38 44 33 39 38 45 32 39 38 46 31 39 38 47 30 39 38 48 29 39 38 49 28 39 38 50 27 39 38 51 26 39 39 27 51 39 39 28 50 39 39 29 49 39 39 30 48 39 39 31 47 39 39 32 46 39 39 33 45 39 39 34 44 39 39 35 43 39 39 36 42 39 39 37 41 39 39 38 40 39 39 39 39 39 39 40 38 39 39 41 37 39 39 42 36 39 39 43 35 39 39 44 34 39 39 45 33 39 39 46 32 39 39 47 31 39 39 48 30 39 39 49 29 39 39 50 28 39 39 51 27 39 40 28 51 39 40 29 50 39 40 30 49 39 40 31 48 39 40 32 47 39 40 33 46 39 40 34 45 39 40 35 44 39 40 36 43 39 40 37 42 39 40 38 41 39 40 39 40 39 40 40 39 39 40 41 38 39 40 42 37 39 40 43 36 39 40 44 35 39 40 45 34 39 40 46 33 39 40 47 32 39 40 48 31 39 40 49 30 39 40 50 29 39 40 51 28 39 41 29 51 39 41 30 50 39 41 31 49 39 41 32 48 39 41 33 47 39 41 34 46 39 41 35 45 39 41 36 44 39 41 37 43 39 41 38 42 39 41 39 41 39 41 40 40 39 41 41 39 39 41 42 38 39 41 43 37 39 41 44 36 39 41 45 35 39 41 46 34 39 41 47 33 39 41 48 32 39 41 49 31 39 41 50 30 39 41 51 29 39 42 30 51 39 42 31 50 39 42 32 49 39 42 33 48 39 42 34 47 39 42 35 46 39 42 36 45 39 42 37 44 39 42 38 43 39 42 39 42 39 42 40 41 39 42 41 40 39 42 42 39 39 42 43 38 39 42 44 37 39 42 45 36 39 42 46 35 39 42 47 34 39 42 48 33 39 42 49 32 39 42 50 31 39 42 51 30 39 43 31 51 39 43 32 50 39 43 33 49 39 43 34 48 39 43 35 47 39 43 36 46 39 43 37 45 39 43 38 44 39 43 39 43 39 43 40 42 39 43 41 41 39 43 42 40 39 43 43 39 39 43 44 38 39 43 45 37 39 43 46 36 39 43 47 35 39 43 48 34 39 43 49 33 39 43 50 32 39 43 51 31 39 44 32 51 39 44 33 50 39 44 34 49 39 44 35 48 39 44 36 47 39 44 37 46 39 44 38 45 39 44 39 44 39 44 40 43 39 44 41 42 39 44 42 41 39 44 43 40 39 44 44 39 39 44 45 38 39 44 46 37 39 44 47 36 39 44 48 35 39 44 49 34 39 44 50 33 39 44 51 32 39 45 33 51 39 45 34 50 39 45 35 49 39 45 36 48 39 45 37 47 39 45 38 46 39 45 39 45 39 45 40 44 39 45 41 43 39 45 42 42 39 45 43 41 39 45 44 40 39 45 45 39 39 45 46 38 39 45 47 37 39 45 48 36 39 45 49 35 39 45 50 34 39 45 51 33 39 46 34 51 39 46 35 50 39 46 36 49 39 46 37 48 39 46 38 47 39 46 39 46 39 46 40 45 39 46 41 44 39 46 42 43 39 46 43 42 39 46 44 41 39 46 45 40 39 46 46 39 39 46 47 38 39 46 48 37 39 46 49 36 39 46 50 35 39 46 51 34 39 47 35 51 39 47 36 50 39 47 37 49 39 47 38 48 39 47 39 47 39 47 40 46 39 47 41 45 39 47 42 44 39 47 43 43 39 47 44 42 39 47 45 41 39 47 46 40 39 47 47 39 39 47 48 38 39 47 49 37 39 47 50 36 39 47 51 35 39 48 36 51 39 48 37 50 39 48 38 49 39 48 39 48 39 48 40 47 39 48 41 46 39 48 42 45 39 48 43 44 39 48 44 43 39 48 45 42 39 48 46 41 39 48 47 40 39 48 48 39 39 48 49 38 39 48 50 37 39 48 51 36 39 49 37 51 39 49 38 50 39 49 39 49 39 49 40 48 39 49 41 47 39 49 42 46 39 49 43 45 39 49 44 44 39 49 45 43 39 49 46 42 39 49 47 41 39 49 48 40 39 49 49 39 39 49 50 38 39 49 51 37 39 50 38 51 39 50 39 50 39 50 40 49 39 50 41 48 39 50 42 47 39 50 43 46 39 50 44 45 39 50 45 44 39 50 46 43 39 50 47 42 39 50 48 41 39 50 49 40 39 50 50 39 39 50 51 38 39 51 39 51 39 51 40 50 39 51 41 49 39 51 42 48 39 51 43 47 39 51 44 46 39 51 45 45 39 51 46 44 39 51 47 43 39 51 48 42 39 51 49 41 39 51 50 40 39 51 51 39 












