



















3.17316394746e-06 1.03011130872e-06 1.537016411e-06 1.66695959688e-06 2.28400981765e-06 2.39192613402e-06 2.4163227934e-06 3.78663334093e-06 9.14348520201e-07 3.9468910318e-06 2.45342447626e-06 2.56302033024e-06 2.7759076181e-06 2.02846326144e-06 1.5954038266e-06 1.36172615248e-06 2.37019497241e-06 3.71544371314e-06 8.21159569415e-06 6.79390105193e-07 2.10619167358e-06 1.39715239075e-06 4.20574075458e-06 3.48451539684e-06 2.0213190014e-06 8.34057863533e-08 2.86092044185e-06 1.3182221052e-07 2.3015969454e-06 4.0143668897e-06 4.44466170078e-06 1.64200060539e-06 2.39707168551e-06 8.69913513213e-07 6.10646612294e-06 4.65363405811e-06 1.20279314684e-06 2.74754377553e-06 3.14339716992e-06 2.58321792643e-06 9.56882690726e-07 2.10354794377e-06 1.09823582811e-06 1.152754651e-06 2.49885292357e-08 2.72962432994e-08 8.36235013311e-07 1.27091677067e-06 1.93449010121e-06 1.18524943405e-06 1.5696756336e-06 2.60372319533e-06 2.97241211483e-06 1.5188717652e-06 9.78936627523e-07 2.40114395454e-06 3.67799888672e-06 7.3209905073e-06 1.36197153861e-06 4.57477965609e-06 3.42979878735e-06 4.34026840237e-06 2.11825990428e-06 2.67421907738e-06 6.72898480948e-08 3.81743357789e-08 2.5020894022e-06 2.52086231102e-06 4.59055370992e-06 2.8813574919e-06 4.13941520283e-06 1.39758292584e-06 5.8343482785e-06 2.20133240009e-06 2.58771649358e-06 1.50015085765e-06 6.66652322585e-07 8.07030461817e-07 2.80656274524e-07 3.40612966898e-06 6.25490520452e-06 5.29099272302e-06 1.96762198345e-06 5.31669217891e-06 1.16116358355e-06 4.44470747401e-06 4.82532024038e-07 2.52394089844e-06 2.16315631418e-06 4.39782483894e-07 4.23346920209e-06 1.35749445772e-06 4.73848655761e-06 1.99844943314e-06 3.7888170481e-06 5.47258951803e-06 3.46118075681e-06 1.08668461343e-07 1.20011313112e-06 8.82817325507e-07 4.33215208871e-07 2.01054008731e-06 9.20042126687e-07 4.38039681199e-06 6.4449925847e-06 1.36635166885e-05 8.44461254467e-06 5.67372108845e-06 2.98329804249e-06 2.3433163055e-06 1.60229401049e-06 4.76016791704e-06 8.67899804705e-07 4.41031476562e-06 1.60218310296e-06 2.45810129816e-06 3.25432568505e-06 5.49258467896e-06 4.59156154562e-06 1.04578312884e-05 4.80189139121e-06 3.46426632348e-06 1.50934333504e-06 3.35122426773e-06 5.13598799373e-07 2.24473945672e-06 4.28520352323e-07 2.10545270264e-06 2.81405422648e-06 7.35752576597e-06 7.95273248191e-06 4.54291198955e-06 1.43516940911e-06 4.88998891144e-06 9.83767787564e-08 2.85223239531e-06 2.25201784102e-06 1.26472138259e-06 2.84310893225e-06 5.05057619463e-07 4.15240018603e-06 1.48222594578e-06 2.92048722739e-06 6.52644213214e-06 4.2152258283e-06 3.11858651543e-06 2.51588461631e-06 4.57428816776e-07 3.35364564528e-06 2.52605240826e-06 2.2705657488e-06 1.68124695555e-06 2.67910096907e-06 5.64723881764e-06 3.36526002808e-06 1.63329247649e-05 8.16235722815e-06 4.54717699899e-06 3.02557534434e-06 9.59548061367e-06 2.59513111227e-06 9.23282295933e-06 9.35605534164e-06 2.88133648123e-06 7.92894010072e-06 2.98387555648e-06 3.90177994285e-06 4.62195146996e-06 1.37634174728e-05 3.89047481352e-06 4.64947167957e-06 3.33025304896e-06 2.24329904147e-06 2.64847106401e-06 3.69878245328e-06 1.14949355024e-06 2.77201087712e-07 1.37680142536e-06 1.79768252274e-06 1.64285855632e-06 1.54543291889e-06 6.41508639706e-06 6.20894493451e-06 3.6559402491e-06 3.90203980301e-07 3.0120114105e-06 4.09832071605e-06 3.61773648655e-06 2.92964434088e-06 3.92548870149e-06 2.90265059301e-06 2.4286194645e-06 1.20091604448e-07 2.44639014172e-06 6.08753971747e-06 4.37794318619e-06 5.02100742843e-07 2.89194621237e-06 1.67621071403e-06 1.47903858725e-06 2.97629873869e-07 1.56883645609e-06 1.69323109777e-07 4.01468670596e-07 1.05067598291e-06 1.94804696443e-06 2.80998736173e-06 1.86480192595e-06 7.60364582729e-06 5.47076966595e-06 1.1200672394e-05 2.55506779648e-06 5.26291857514e-06 2.78833040403e-06 7.38085261603e-06 3.06432146703e-06 3.02466709178e-06 6.44693924606e-06 3.12666583466e-06 4.44893962508e-06 9.45514671774e-07 1.01598724683e-05 2.84908801105e-06 7.75257303131e-06 2.01332814149e-06 2.69906811832e-06 1.98773591246e-06 1.40112683607e-06 7.57844604768e-07 2.32109716064e-07 4.52560683117e-07 1.27580983856e-06 2.23215738709e-06 7.9277239468e-07 3.05452676736e-06 5.05623551821e-06 1.7116702105e-06 4.68919974732e-06 7.1266849431e-06 5.80352445364e-06 2.25374286877e-06 5.48602810683e-06 4.69097552237e-06 7.23133765296e-07 3.40307163695e-06 5.72386829909e-06 1.26335812542e-06 3.95433833172e-06 6.80525493085e-06 2.80078308339e-06 1.6495074116e-06 3.94783225504e-06 3.00978478945e-06 9.51188628914e-07 2.66062099079e-06 2.02816618157e-06 4.48138610129e-07 1.10856386487e-06 2.21232230729e-06 1.68307604397e-06 4.47667669207e-06 4.1177063209e-06 7.46677253633e-06 3.03988098454e-06 6.60408809402e-06 8.00210826125e-06 1.62072598448e-05 7.89803943876e-06 5.7831131136e-06 5.97919901147e-06 4.61336210407e-06 4.20567240447e-06 5.6835907423e-06 5.32017715769e-06 6.62941594614e-06 1.516443414e-05 3.64912785138e-06 7.34750152439e-06 1.98851895945e-06 7.77654686572e-06 3.77523050609e-06 4.44249914202e-06 1.80796444288e-06 3.1559458285e-06 1.53302596487e-06 5.40681851914e-07 1.58192367754e-06 1.35963642123e-06 2.80377936606e-06 3.17884270017e-06 4.455366877e-06 1.98146988896e-06 4.27787482789e-06 3.44376597969e-06 1.12057231021e-05 1.20767870853e-05 1.45920643441e-05 3.86214781658e-06 2.60354647097e-06 6.07424368269e-06 2.39933398594e-06 3.45208956968e-06 8.93775543883e-06 1.16698391815e-05 7.58279407535e-06 2.62665096396e-06 3.74266055109e-06 1.1085935831e-06 4.02261452905e-06 2.99180821371e-06 3.02753261405e-06 1.29601022386e-06 2.17600731459e-06 6.93785530591e-07 2.38680300305e-06 2.68508679869e-06 4.12057298226e-06 2.76245354566e-06 6.23761622101e-06 2.95273903924e-06 4.89632095034e-06 6.96079094127e-06 1.11542597224e-05 1.72382769258e-05 2.77186733485e-05 1.1612353863e-05 4.792192636e-06 1.39723498034e-05 1.33801718893e-05 3.12044964148e-06 9.53256610587e-06 2.63153021522e-05 1.1836228494e-05 1.10632156943e-05 5.5611613049e-06 4.97078216402e-06 3.06686065546e-06 7.02269957682e-06 2.79521821906e-06 4.90769745372e-06 3.40701676009e-06 3.09742020974e-06 5.73016421512e-07 2.71833933001e-06 3.97198667231e-06 2.2709393621e-06 5.37316477755e-06 1.4375781691e-06 3.08569523586e-06 3.96202371733e-06 8.33576558778e-06 8.13013538623e-06 1.94317946107e-05 1.6047462082e-05 7.74080060413e-06 4.66743045171e-06 3.75745614049e-06 4.59707506496e-06 4.74988149584e-06 1.57238484798e-05 1.09093493432e-05 8.73569915043e-06 7.26145157901e-06 4.18977992344e-06 2.97335656874e-06 1.51615876553e-06 5.33825532409e-06 2.20879726153e-06 4.5092794348e-06 3.35615157459e-06 7.32330117872e-07 1.49227598287e-06 1.18791090306e-06 6.83012399074e-07 1.41116761388e-06 1.19171972343e-06 2.41408287561e-06 1.59711631399e-06 5.52499136198e-06 3.55831927962e-06 6.66790680355e-06 5.51783715777e-06 7.07497931717e-06 5.49758112892e-06 1.79826863146e-06 2.41071296812e-06 3.6728782424e-06 7.23325304686e-06 4.50506817558e-06 6.71995117552e-06 3.30225269764e-06 5.07151225435e-06 1.64438684184e-06 2.55975018307e-06 1.01802137599e-06 1.69361044464e-06 8.08879473794e-07 1.60411340379e-06 1.60544506725e-06 4.80726999348e-06 5.84314842313e-06 2.50024665143e-06 6.45611044896e-06 5.95503543184e-06 1.00329197943e-05 3.40786235896e-06 1.30277059551e-05 7.96831907845e-06 1.81823399465e-05 1.2317447772e-05 1.23457948515e-05 2.44349753423e-05 1.44989305336e-05 6.39067663979e-06 1.0072960764e-05 2.89602319974e-05 8.51354578822e-06 1.13869017939e-05 1.63549555101e-05 8.28454751237e-06 1.15381851335e-05 2.66807755832e-06 1.07822051867e-05 3.88693642234e-06 7.75226775094e-06 3.87061888454e-06 7.34318713772e-06 5.14534338136e-06 3.71106358969e-06 2.54789331028e-06 4.50725545716e-06 2.7105051269e-06 2.56333173851e-06 4.4387418524e-06 4.7532710837e-06 3.0549676126e-06 8.97414804206e-06 6.95579917435e-06 5.04836921205e-06 1.18738919539e-05 1.46344458936e-05 6.34746141008e-06 4.88913006139e-06 1.64258648088e-05 9.17238382136e-06 5.38341451232e-06 5.65792079992e-06 1.17089310263e-05 3.00354327654e-06 5.30830596479e-06 4.58930188134e-06 3.27668986287e-06 2.45849553723e-06 4.22829981194e-06 2.86029554508e-06 3.88159931541e-06 4.7503537658e-06 3.72754769571e-06 2.46212302196e-06 7.73298397404e-07 2.3419248751e-06 8.20144411149e-06 2.36460520912e-06 8.99219950954e-06 4.86506887885e-06 4.58663758612e-06 1.20912984787e-05 1.09329899183e-05 1.31296307009e-05 1.47114835534e-05 1.67467389132e-05 8.31795292641e-06 1.4831488108e-05 3.80598485368e-06 4.38823955706e-06 8.35145085592e-06 2.91351821713e-06 6.68730952634e-06 2.2780619925e-06 1.53749270421e-06 1.71320117449e-06 3.69442648493e-06 4.96869752892e-06 8.39320932814e-06 4.77098433674e-06 5.73794618746e-06 2.79717479108e-06 8.10489293068e-06 6.15400487598e-06 1.28521333462e-05 1.20288888214e-05 2.84781734987e-06 2.09708913403e-05 1.14434254081e-05 1.62418294783e-05 2.87386538776e-05 3.72773922336e-05 1.32726594473e-05 1.36150774987e-05 1.81731764939e-05 3.91383713718e-06 8.80015505338e-06 1.38097982489e-05 5.82160327234e-06 8.86622857203e-06 2.74453183985e-06 6.48647332282e-06 4.32382157603e-06 8.18472166848e-06 1.19325840317e-05 1.24034134593e-06 2.175326955e-06 3.15336988178e-06 4.63147377322e-06 2.12135513172e-06 1.22430548879e-05 6.35611114669e-06 1.06200173981e-06 1.23910238324e-05 6.5958275498e-06 5.27202758033e-06 1.48441227328e-05 3.08767763124e-05 1.48441227328e-05 5.27202758033e-06 6.5958275498e-06 1.23910238324e-05 1.06200173981e-06 6.35611114669e-06 1.22430548879e-05 2.12135513172e-06 4.63147377322e-06 3.15336988178e-06 2.175326955e-06 1.24034134593e-06 1.19325840317e-05 2.32291780069e-05 7.41550593169e-06 6.29834466855e-06 1.37203538741e-05 5.7324171485e-06 2.12568290765e-05 2.12839831067e-05 3.30125489321e-06 2.81645113613e-05 1.22647749585e-05 1.45558228184e-05 2.82569184087e-05 4.99036928874e-05 3.87073192625e-05 3.52998312407e-05 1.73933401922e-05 1.50816668468e-05 2.77700288474e-05 4.98079066218e-06 1.9444796754e-05 2.07000047502e-05 8.0799087648e-06 1.36123769143e-05 4.63646683947e-06 8.82067621599e-06 2.07960415693e-05 2.96452616353e-05 7.43986770082e-06 6.48095902321e-06 5.32055546104e-06 1.41928381399e-05 7.78487326665e-06 3.11654278822e-06 1.98452678416e-05 9.55944903025e-06 1.0071378709e-05 2.06247195402e-05 3.52382710616e-05 2.99350023656e-05 3.18626252358e-05 2.55476204986e-05 1.04927761914e-05 1.06825984129e-05 1.97201538786e-05 3.91003977994e-06 7.11101399174e-06 1.23798973703e-05 4.9341407992e-06 5.98969834912e-06 6.75383571812e-06 2.33362876015e-05 2.67329448611e-05 1.95527968202e-05 1.12022494365e-05 3.0437179092e-05 1.05325635796e-05 3.83231291954e-06 3.6481297173e-05 1.04649080927e-05 1.37944430291e-05 2.42500602192e-05 4.42038733667e-05 3.10223421077e-05 3.74817985689e-05 3.43588397828e-05 3.25660579228e-05 1.79153917724e-05 1.50104008423e-05 3.80409268844e-05 7.25511019226e-06 1.25733275764e-05 2.59427936372e-05 1.15603440832e-05 2.00809204674e-05 2.24186385734e-05 5.5569946787e-05 1.43680275491e-05 2.51890571821e-05 1.0827744036e-05 2.78703458427e-06 2.50705382439e-05 1.35982306773e-05 9.07185082182e-06 2.27642970979e-05 3.90608413036e-05 2.28838336718e-05 2.62634549148e-05 2.94306566917e-05 3.21584107939e-05 3.01414578397e-05 9.00473899564e-06 1.40583685089e-05 2.60655607615e-05 2.98562324457e-06 1.14833444044e-05 2.19749801203e-05 1.13349102551e-05 3.77426474857e-05 5.91856940554e-05 4.12550188388e-05 1.94905366392e-05 9.64254423927e-06 2.6039971894e-05 1.84210373954e-05 2.42963325162e-05 2.58714101984e-05 5.36704181724e-05 3.8149400007e-05 3.75733166473e-05 3.40875995701e-05 4.3597389836e-05 4.40224260913e-05 3.39159167606e-05 2.98781797129e-05 2.33765222953e-05 2.67018573123e-05 1.05426025392e-05 1.95016079124e-05 3.29378102536e-05 3.61216245162e-05 8.78247759662e-05 1.84282440661e-05 7.34432186771e-06 3.06289973554e-05 8.78940045248e-06 1.55347766005e-05 3.97387950692e-05 3.98082948337e-05 3.09480152029e-05 3.02465682918e-05 2.47770811447e-05 3.04378192119e-05 3.80384134041e-05 3.12107278795e-05 4.52074736617e-05 1.96242735743e-05 8.76763670747e-06 2.82620535827e-05 6.33142107465e-06 1.38229691688e-05 5.33960877118e-05 0.000121916034267 2.53353098226e-05 7.30873737223e-05 3.25800321149e-05 2.77576640435e-05 7.7082371547e-05 9.47879274311e-05 5.34932881703e-05 5.82932531737e-05 5.22899303638e-05 5.44078188894e-05 5.89517672531e-05 5.99068296177e-05 7.99603752162e-05 7.94328351612e-05 3.30311764364e-05 3.46684489447e-05 6.23729855271e-05 2.01823695081e-05 6.96479314575e-05 5.80186858614e-05 9.51412045718e-05 3.42530232254e-05 4.16434245432e-05 7.01961270296e-05 9.17083745293e-05 9.98213915541e-05 3.33296465411e-05 5.51761021531e-05 3.50414460856e-05 5.64306490932e-05 3.28034292944e-05 0.000103114270781 7.10175497047e-05 7.25646282862e-05 4.51449793609e-05 3.37706879648e-05 7.50571926761e-05 3.31631756557e-05 0.000204574914359 4.79216832509e-05 4.31713801947e-05 9.38620028409e-05 8.53092876062e-05 7.66190182967e-05 6.0147435618e-05 3.63329633623e-05 3.57177961608e-05 3.80956640642e-05 3.31172295549e-05 6.27045242487e-05 7.75388256392e-05 6.25175256071e-05 8.59259071081e-05 4.14517269268e-05 4.32259537321e-05 0.000110749740736 0.000176031036674 9.20239397598e-05 0.000149572729233 0.00014240566966 0.000121358791905 8.31080700245e-05 0.000115560846719 3.78867291996e-05 8.07543067836e-05 3.51130808985e-05 0.000111708348056 7.92678335551e-05 0.000112479789078 0.000109301801243 0.000129297213802 7.51358035674e-05 0.000113421293643 0.000230795034671 0.000215406936858 0.000167846841576 0.000197088034372 8.10056189493e-05 0.000105526469431 8.21765487501e-05 5.01998185483e-05 4.48562275504e-05 7.97413625421e-05 9.88050088254e-05 6.9724192401e-05 0.000178962402426 0.000123076246172 0.000178804083416 0.000140057409716 0.000745754897434 0.000298390003593 0.000284710988483 0.000147575899484 0.000125752241731 9.0446065776e-05 0.000138763648617 3.57274043369e-05 0.000127048588829 8.85959261729e-05 0.000100462752324 0.000129019273694 0.000235154268461 0.000202380150227 0.000453987637426 0.0021867433836 0.00105783533542 0.000330704185029 0.000439142963165 0.000155053982078 0.000272971787694 0.000158604969344 0.000165661003042 0.000213358538255 0.000136623854901 0.000298669277939 0.000261375676832 0.000604430854094 0.0011136819453 













