
















































4.01810991546e-07 3.55899697831e-07 4.33283715421e-08 3.64700877809e-07 2.31621011213e-07 3.48944061532e-07 3.98483007097e-08 2.49398111524e-07 1.6350150167e-08 1.12884571162e-07 3.89880110781e-07 1.28509733916e-07 6.87604692221e-07 5.32859951395e-08 1.72243194134e-07 5.47322658196e-07 2.06717582799e-07 8.45622469305e-08 6.42215793765e-07 2.77318566394e-08 1.08635264053e-07 5.22165848357e-07 1.09140603666e-07 2.81291775924e-08 6.51182162568e-07 8.63140599173e-08 2.14510029796e-07 5.60184901166e-07 1.83235837829e-07 5.54661661283e-08 7.25115561989e-07 1.44636731368e-07 4.25819886539e-07 1.30729549114e-07 1.98025429355e-08 2.99301854693e-07 4.55668166227e-08 4.28255385399e-07 3.23979666381e-07 4.11266667246e-07 8.36458774546e-08 4.30719459456e-07 2.89748385031e-07 1.48579460862e-07 8.99269910225e-07 1.54749700923e-07 1.49112105667e-07 2.05088676805e-07 5.2096616986e-07 1.22705243862e-07 3.42184722337e-07 3.61918737056e-08 7.09516172475e-08 3.49835809566e-07 5.86518536213e-08 7.93877198575e-09 2.73619345496e-07 3.47899538022e-08 1.57576414086e-07 8.927964976e-08 1.63773322962e-07 7.50390969528e-08 1.77155144622e-07 1.17973701246e-07 2.06044103702e-07 1.55836438982e-07 6.26397201339e-08 1.55309568816e-07 2.18583711106e-07 1.23089077489e-07 1.86819528084e-07 8.60678930114e-08 1.88154838934e-07 1.00347875108e-07 1.96625322734e-07 4.37679784952e-08 3.26715870492e-07 1.99725887103e-08 7.80729015347e-08 4.13458560296e-07 9.8650934772e-08 5.21684105723e-08 4.24104148101e-07 1.65936886269e-07 7.16394959983e-07 3.01723904267e-07 1.87478944289e-07 2.19444777957e-07 6.09872221864e-07 1.83573324776e-07 1.70155793212e-08 1.01827204068e-07 3.56397795748e-07 1.35513190274e-07 3.71924823633e-08 3.07533490012e-07 1.86424807406e-08 4.14379694541e-08 1.43546352699e-08 3.2115244682e-08 5.42065847517e-08 2.96165559817e-08 2.45571308083e-09 1.18654461733e-07 5.30271309378e-08 2.74451776193e-08 3.56246899497e-08 1.10737479514e-07 4.22619071192e-08 1.16183228984e-07 2.14815379905e-08 9.34876800609e-08 6.84685249576e-08 5.5581109849e-08 4.93972674262e-08 5.11590608816e-08 7.08091028633e-08 9.92915412581e-08 2.19173420113e-08 1.22678977745e-07 4.36228617367e-08 1.3889398542e-07 4.26576575499e-08 4.07294186146e-08 5.85337741667e-08 1.44724421422e-07 8.45037614664e-09 3.7239573316e-08 6.83041169412e-08 5.04110758297e-08 1.90643141127e-08 5.69357004788e-08 2.499425264e-08 3.5808441387e-07 2.23746747075e-08 8.4949040214e-08 2.552183004e-07 1.12427063147e-07 3.0802783039e-08 4.6661987092e-07 5.02485061103e-07 9.36820087821e-08 8.95413771994e-07 2.70225850375e-07 1.92989192046e-07 6.38693283526e-08 1.47334794047e-07 3.12621018523e-08 1.041884129e-07 2.05021841656e-07 1.85069326642e-08 5.38810182947e-08 1.20502736337e-07 7.20031050871e-08 9.04489062849e-08 6.66050343549e-08 7.66538304079e-08 1.07567047245e-07 1.16589089774e-07 2.90965222484e-08 1.3030921483e-07 1.31538898409e-07 1.09148780698e-07 1.18568966675e-07 1.24530148982e-07 1.07196402426e-07 1.3553698369e-07 1.54540200948e-07 2.16202488318e-08 1.31378205216e-07 1.29807111517e-07 9.2459152578e-08 7.35239854561e-08 1.22907791896e-07 7.67724523418e-08 1.60572994587e-07 6.57061942178e-08 1.93437802474e-08 2.78358370637e-07 1.28108871065e-07 4.02048595171e-08 1.64269257737e-07 7.73261137225e-08 1.86990595879e-07 2.32673267287e-07 5.99167035368e-07 5.58191089e-08 5.18047398966e-07 4.98686691188e-07 1.43762103446e-07 2.60058378566e-07 1.99398228665e-07 1.56812710568e-07 8.36216989742e-07 8.91072001307e-07 1.18442301009e-07 4.46836561675e-07 2.1937577795e-08 1.62694434268e-07 1.18500190611e-07 7.08922822717e-08 9.75104570083e-09 1.316113851e-07 1.22989380007e-07 1.4469232734e-07 2.30529504721e-07 1.6597873338e-07 5.61538640322e-08 1.35730186665e-07 1.79551125082e-07 6.09629330885e-08 1.71588340188e-07 1.46234312965e-07 7.47556480343e-08 2.51753190954e-07 2.50477317889e-07 7.56878611563e-08 1.53072146685e-07 1.80881159263e-07 6.64325508912e-08 2.04615039978e-07 1.44681150637e-07 6.72716344974e-08 1.87494630946e-07 2.64310458015e-07 1.59264275916e-07 1.37248220953e-07 1.42174175507e-07 7.96869475439e-09 8.11644376412e-08 1.37154745641e-07 1.83372691153e-07 1.55613788959e-08 4.642817395e-07 1.09947962681e-07 8.28370568402e-07 5.69256902216e-07 1.50233087231e-07 2.00936889762e-07 3.91202425633e-07 2.14836233108e-07 4.22286754593e-07 4.36797889942e-07 4.51845666242e-07 1.64955437279e-07 4.19865311913e-07 3.08060368466e-06 6.95974511436e-07 6.0415563889e-07 9.39721719969e-08 3.76746758567e-07 3.86971941838e-07 3.77020371835e-07 6.47681931892e-08 6.07103838489e-07 2.3288268076e-07 1.16731980083e-07 3.40198138638e-07 3.60093137825e-07 1.71421784152e-07 5.34177222963e-07 1.14239918875e-07 1.38906373923e-07 6.26420327167e-07 1.22749694378e-07 1.86822493481e-07 4.48212830211e-07 3.13454548028e-07 2.96106968234e-07 4.72692724365e-07 1.89323893145e-07 1.13229331702e-07 6.46572122061e-07 1.4911953232e-07 1.25973962493e-07 5.84041993736e-07 1.78629173886e-07 4.05166501649e-07 3.60543747244e-07 1.2925529919e-07 2.74989769915e-07 6.51831374614e-07 6.64811366314e-08 4.03067598102e-07 3.69067263045e-07 3.82604601793e-07 9.54975574947e-08 5.35160477543e-07 5.70265165589e-07 1.93048374397e-06 3.57705084759e-07 1.71453589939e-07 5.05165881473e-07 6.32757881362e-07 5.20777963088e-07 3.23254487723e-08 8.47312997802e-08 3.08590333796e-08 1.17706856654e-07 8.9858809916e-08 3.86964759256e-07 7.57786256959e-07 3.74377050471e-07 1.80676555568e-07 3.2729134481e-08 3.9709992919e-07 1.64397355572e-07 5.69699646742e-07 3.89135404124e-08 6.25409842229e-08 3.51937519633e-07 4.58697138032e-08 6.6418835276e-08 3.75489954154e-07 6.05338753499e-08 1.01216391872e-07 2.45812914348e-07 3.47725025336e-08 1.58470869877e-07 1.09481603703e-07 4.87523162743e-08 1.57389055686e-07 1.38164806434e-07 5.74964625516e-08 1.21361370084e-07 1.55333159008e-07 3.69530442474e-08 2.57179756928e-07 1.00974540275e-07 5.89267045937e-08 3.9058008448e-07 7.28618566216e-08 3.907999551e-08 3.71003694551e-07 5.11438017704e-08 3.8728762248e-08 5.8574152564e-07 1.50409518074e-07 3.43588184735e-07 2.88686196508e-08 2.16721622102e-07 2.0417366403e-07 5.46146702566e-07 3.34624373314e-07 9.73097983037e-08 1.47146437499e-07 3.97785917619e-08 1.46877740224e-07 3.83393948515e-08 2.24260867963e-07 3.26027977292e-07 1.72831914729e-07 1.07781612788e-07 5.96203916837e-07 1.74593337363e-06 2.38946441833e-07 2.40858674634e-06 2.24838498016e-07 3.28026741714e-07 6.44303395505e-07 2.29066597906e-07 1.06418880578e-07 2.60554606027e-07 2.10834698239e-07 2.51109674388e-07 2.49895462043e-07 3.55771096668e-07 4.45481518888e-08 5.07998246099e-07 4.67234358712e-08 3.96319624302e-07 9.85096345583e-08 2.01352737069e-07 6.08281328728e-08 4.47818021618e-07 1.05362990613e-07 3.96440058363e-07 4.50056628665e-08 4.03314257692e-07 1.0338163439e-07 4.75019248186e-07 6.02689738812e-08 2.23231605542e-07 9.86491197079e-08 4.13174840199e-07 4.3205937734e-08 5.26429502428e-07 4.36055061529e-08 4.19851252902e-07 2.35531298733e-07 2.32896556256e-07 2.12413157127e-07 2.17197511135e-07 9.65292785133e-08 1.43234378582e-07 6.08769987278e-07 2.81163815751e-07 8.67106968968e-08 1.52035347086e-06 1.30700766729e-07 1.63255001764e-06 6.02414952778e-07 1.35833045747e-07 2.21073446411e-07 4.34095789172e-07 2.36812310733e-07 2.79879449387e-08 1.66987075481e-09 6.88863672747e-08 3.51204285037e-08 8.59563921644e-08 1.33569540893e-07 1.31701371382e-07 2.87838786804e-07 1.0066623862e-07 2.9732604008e-07 3.36158932061e-08 2.32643504199e-07 3.59081342267e-08 1.43158123079e-07 5.64084121638e-08 7.27420921198e-08 1.02403798629e-07 7.38870522502e-08 6.51205359497e-08 8.59426170462e-08 1.55405420045e-07 6.63141991155e-08 4.06675031365e-08 7.83245246927e-08 2.16328693996e-07 3.52084575026e-09 1.30546264827e-07 1.37990491842e-07 3.89163800655e-09 2.27172187189e-07 7.40640850961e-08 4.15485629043e-08 6.84064026231e-08 1.59997262766e-07 8.1913570781e-08 6.45630339617e-08 7.82639559856e-08 1.07381068816e-07 7.59118057892e-08 5.25761010468e-08 1.46339029617e-07 3.7302911094e-08 2.03148840945e-07 2.88993247401e-08 2.85714936312e-07 6.11927664047e-08 2.32418008657e-07 6.87094932904e-08 1.21967458971e-07 8.90911070553e-08 3.32108940191e-08 9.11241929069e-08 8.98326452693e-09 5.06840356698e-08 1.42588355813e-07 6.25852051762e-08 9.98345293586e-08 1.76268353464e-07 4.47090702936e-07 2.85193258492e-07 3.21555208945e-07 5.73619623062e-08 7.19078544829e-07 5.06353454092e-07 3.23530601351e-07 8.31260224019e-08 2.89106136063e-07 1.54575463553e-07 3.98636568244e-08 4.37992508886e-07 6.13981686679e-08 4.15048984852e-08 4.70668455442e-07 2.69827243315e-08 8.36361564787e-08 2.83008715285e-07 6.16010952677e-08 1.10053924063e-07 2.17889003555e-07 4.23854330137e-08 1.45993464888e-07 9.78354458542e-08 9.34771621427e-08 9.79690433614e-08 1.31782404621e-07 4.96753862966e-08 2.26422536519e-07 1.11082026086e-07 5.38536506864e-08 2.76662785775e-07 8.64794361043e-08 1.84082965005e-08 5.00396321655e-07 3.59109520884e-08 5.60460803352e-08 4.33145039748e-07 3.59388931781e-08 1.3724509841e-07 2.5380786135e-07 9.37256773009e-08 3.11209382457e-07 2.94716065762e-07 5.3545434306e-07 2.72058998314e-08 2.22856128833e-07 2.23996361787e-07 4.59901550729e-07 2.02885189371e-07 1.46145069564e-07 1.2093812195e-07 2.03142186223e-07 3.29098058499e-07 8.29739527711e-08 2.47203327785e-07 3.43127227028e-07 7.19093402433e-07 2.19274521703e-07 1.97868409205e-06 2.08259297971e-07 5.09227967778e-07 3.40337515892e-06 4.33275635788e-07 3.89731195104e-07 9.17529317374e-07 3.32804995392e-07 7.60894631294e-07 2.94186825994e-07 8.6488847261e-07 1.2356471627e-07 9.06911881792e-07 2.71407430997e-07 1.6695321705e-07 6.0526099518e-07 2.73896418082e-07 3.35963317406e-07 5.19799479029e-07 4.30077226667e-07 2.13952511362e-07 5.82263519108e-07 2.11998224955e-07 2.21581429966e-07 5.72016409771e-07 2.22184535229e-07 4.16816450515e-07 5.44388535643e-07 3.15955468277e-07 2.85475151141e-07 5.87074447967e-07 1.6537606222e-07 2.64268206068e-07 8.14915754214e-07 1.06588819517e-07 8.59063446286e-07 2.44598187192e-07 6.8846229099e-07 2.36703090786e-07 7.15634861694e-07 2.74225517444e-07 2.71966847747e-07 2.21730611278e-06 2.91950755996e-07 1.57941511803e-07 1.73789102414e-06 1.78955556718e-07 7.67243514488e-07 4.04119506656e-07 3.76386659795e-07 1.20325880604e-07 4.60090513818e-07 1.63228455687e-07 8.41523880691e-08 9.18281347717e-08 1.54872682985e-07 3.50198846186e-07 2.2187365305e-07 1.17241197164e-07 8.50404773005e-08 1.49334730355e-07 5.45550660487e-07 6.49663212866e-07 1.14197656373e-07 6.81767549904e-07 5.33495743756e-08 1.35218700465e-07 3.10181221556e-07 6.26784651791e-08 8.25977487381e-08 1.22819927773e-07 3.55577005955e-08 1.5797375073e-07 4.75024830104e-08 8.74740430312e-08 5.17568460051e-08 1.80211964166e-07 8.80680033796e-08 9.84816132977e-08 4.66653902471e-08 1.76945732309e-07 3.54339614542e-09 1.66029593538e-07 6.13986727266e-08 9.59904724859e-08 6.83803140241e-08 1.91424961518e-07 4.31034654223e-08 8.79012511684e-08 4.47717191196e-08 1.55525667635e-07 1.39076806708e-08 1.13693112149e-07 4.82510899253e-08 4.39113534274e-08 2.9860276149e-07 8.92722879291e-08 2.53357103685e-08 6.07334525923e-07 4.92000379082e-08 5.14158750666e-07 2.88795124008e-07 1.48566688856e-07 5.86950874049e-08 1.09200837322e-07 2.01231954733e-07 3.78905776424e-07 1.83720058544e-07 1.22796004755e-07 1.19214033852e-07 2.15633105991e-07 8.03877994619e-08 3.62497417671e-08 6.34963493696e-08 2.25404276073e-08 1.07746313109e-07 2.30376781781e-08 1.22489302179e-07 2.14178438518e-08 1.23217468205e-07 1.73429877508e-07 9.42662707031e-08 2.86074218238e-07 2.20600155402e-07 1.45889667312e-08 3.3101996401e-08 8.37688251793e-08 1.72137043741e-07 2.86594225987e-08 2.40214594689e-07 1.60731665566e-08 4.28604812125e-08 1.76824766424e-07 3.47579561345e-08 5.1691068003e-08 1.43239277567e-07 1.03582304792e-07 8.24408308593e-08 1.07641420259e-07 3.99416959503e-08 1.06156418457e-07 1.08194155803e-07 3.07383333144e-08 1.03540341319e-07 7.93351376177e-08 1.07406510638e-07 1.3870155988e-07 5.54780050845e-08 3.68452536269e-08 1.74730714474e-07 5.59231817607e-08 1.68565183284e-08 2.04780973707e-07 2.60620939769e-08 1.51735514674e-07 4.96075395794e-08 2.76930602852e-08 1.08973518996e-08 1.12979717273e-07 2.4099650637e-07 5.05404591828e-08 1.51494943858e-07 1.09541235223e-07 1.58163869847e-08 1.10719928167e-07 1.92550749338e-08 1.24244991939e-07 2.3645100827e-08 9.43155729877e-08 4.5880972414e-08 1.19522791457e-07 3.61902105393e-07 5.61414333065e-08 1.9681829557e-07 2.8923281933e-07 7.00725607609e-07 5.67353282152e-07 5.25663128497e-07 2.56537255833e-07 1.75114829356e-07 2.31379984652e-06 3.5525980497e-07 1.19144378071e-07 3.41680693693e-06 3.66076345682e-07 1.09774167718e-06 5.70292307356e-07 6.26938624968e-07 4.77696798266e-07 5.0421348179e-07 3.55376399278e-07 3.02179295697e-07 6.76153155909e-07 4.568198517e-07 1.05679117081e-07 7.93406891502e-07 3.72923810884e-07 5.47367032513e-07 3.79378830639e-07 4.2509895918e-07 9.68023074896e-08 1.08480314093e-06 9.19554175191e-08 4.26352851555e-07 3.45244353166e-07 5.36494783095e-07 3.69692329916e-07 7.66973805876e-07 1.09097358804e-07 4.59083926032e-07 6.04673792387e-07 2.5906658774e-07 3.72778125021e-07 4.26441738679e-07 3.90551959989e-07 4.24239050895e-07 4.93561786351e-07 7.49589169781e-07 2.29006803472e-07 2.25339034896e-06 5.78788723872e-08 2.42339626792e-07 2.0302839238e-06 1.10730999502e-07 2.21055331139e-07 5.53093943601e-07 5.81208767015e-07 8.03285177052e-07 3.52535400771e-07 2.96338531624e-07 9.587913143e-08 4.56758834212e-07 1.21393481752e-07 1.23891279039e-08 1.33466702094e-07 1.62398604554e-07 2.50542522161e-07 1.06232225438e-07 2.2512991664e-07 6.81636047892e-08 2.59646797298e-07 1.70629244552e-07 2.48963978027e-07 5.28728050982e-07 6.18405708463e-07 3.17392961029e-07 4.56584657864e-07 2.52552211497e-07 3.27522773063e-08 6.1706662286e-07 2.38712822613e-08 2.68659080635e-07 7.28620261424e-08 1.1108343035e-07 9.5463299935e-08 9.11105918881e-08 9.58538343749e-08 1.15911195819e-07 1.57056890711e-07 1.00685895457e-07 7.4439191669e-08 9.15999039551e-08 1.20680920572e-07 6.89130587179e-08 1.03451739884e-07 1.42849119696e-07 1.12888404593e-07 7.2853898945e-08 8.47832103303e-08 6.72747144979e-08 1.0101110686e-07 5.80195397194e-08 2.71744648105e-07 6.5592461531e-09 6.14237643172e-07 8.47270894894e-09 2.04558129217e-07 3.85271243522e-07 1.81872289522e-07 5.09580618024e-07 2.75579692096e-07 2.16250724894e-07 1.53775935453e-07 2.21476497451e-07 7.59679942166e-08 1.93473138602e-07 1.09014033355e-07 3.02977119365e-07 2.0550290101e-07 1.69711981397e-07 1.78928749325e-08 1.58396636847e-07 7.20806910454e-08 7.47695323454e-08 1.37278523739e-07 1.9645294416e-07 3.92513450912e-07 2.25381714405e-07 3.33625132672e-07 1.95614160313e-07 1.20923085715e-07 8.69368390439e-07 1.78506325469e-07 2.19376252429e-07 6.75844110921e-07 3.17340087244e-07 1.79360374839e-06 5.14916703661e-07 1.10492827011e-06 1.30010038465e-07 6.15383496442e-07 2.44871840652e-07 1.20674826311e-07 7.3613306287e-07 1.49827148121e-07 1.57433460761e-07 7.34157086363e-07 9.89779934263e-08 2.23157583558e-07 4.12512379492e-07 2.40974897759e-07 1.94599696477e-07 4.87450422977e-07 6.92173758502e-08 4.89805015266e-07 1.90620294687e-07 2.3004031509e-07 3.94835941334e-07 2.3719569995e-07 8.62236963212e-08 7.31095546486e-07 1.58697787232e-07 1.39375282079e-07 6.28972841258e-07 1.0333363349e-07 2.26997057778e-07 4.99985368807e-07 8.30584318886e-08 1.03622834635e-06 2.3932322512e-07 1.32191647358e-06 1.87852660513e-07 5.03898633645e-07 1.84843563592e-07 1.27713163205e-07 7.90019866067e-07 1.01497495411e-07 1.95913030297e-07 3.75287857789e-07 2.13805567592e-07 4.8752277937e-07 2.49438993148e-07 1.89244329988e-07 1.22490469374e-07 9.33501499493e-08 2.58897893211e-07 4.68029364198e-08 3.07225550113e-07 3.937023372e-07 4.48875618696e-07 3.70844717692e-07 2.40402525515e-07 5.56566957478e-08 3.53753264319e-07 4.17837400944e-07 4.98208920753e-07 5.74415270166e-08 1.70513699409e-06 1.55887818185e-07 2.81397742608e-07 2.29777135787e-06 6.39734472611e-07 2.01046062452e-07 6.35278870599e-07 1.00432625582e-07 4.79020158715e-07 2.19485758275e-07 3.32884907438e-07 1.70358280858e-07 6.34826334357e-07 4.15059566364e-07 1.72360462309e-07 2.96729863172e-07 2.08489712871e-07 2.65668810473e-07 3.72674267965e-07 1.35304831217e-07 1.54603841858e-07 3.59825773693e-07 2.71407268075e-07 2.1572028015e-07 2.68763519084e-07 1.50155434138e-07 4.32122124459e-07 5.30434177978e-07 1.36186321872e-07 2.7487017258e-07 2.06275038751e-07 3.52769983665e-07 1.00725455233e-07 5.04159746641e-07 1.07021194504e-07 2.70856668131e-07 1.54858539233e-06 1.37316599723e-07 8.43609265592e-08 1.62168983657e-06 3.54889364821e-08 4.72882638625e-07 4.3044195879e-07 3.54185879256e-07 5.92612573872e-08 2.21165726556e-07 4.34087081711e-07 5.22212509635e-07 4.29039698252e-07 3.66894265443e-07 7.17930399141e-08 3.03221778375e-07 1.04668152831e-08 1.01134604955e-07 2.31737976493e-07 1.85777428241e-07 3.90443116455e-07 1.78679216894e-07 3.84524710744e-07 1.5275724886e-07 1.13017720366e-07 8.01996950644e-07 1.56584812974e-07 2.21559496262e-07 4.57691286328e-07 5.95389325644e-07 5.78347574998e-07 5.80516909168e-07 2.10281664707e-06 2.98708089761e-07 1.78459886864e-06 1.72120364652e-07 4.3485706225e-07 9.44878471298e-07 1.9504498856e-07 5.84133313515e-07 4.00666594724e-07 3.76003962234e-07 6.13892002631e-07 2.57985616461e-07 4.39093849331e-07 2.64695300765e-07 8.60232634846e-07 2.0238999508e-07 4.20403091692e-07 2.02391765428e-07 8.32297497991e-07 2.43016376635e-07 4.37689073047e-07 2.23754611254e-07 6.18538416527e-07 3.50205958689e-07 3.62528809935e-07 5.80582461203e-07 1.50002783105e-07 8.44218923965e-07 3.15448723366e-07 8.12114481112e-08 1.45741947046e-06 1.87408362939e-07 1.58510315277e-06 2.97118347078e-07 5.20158146437e-07 4.2878423203e-07 3.06804303433e-07 1.9000560536e-07 1.19346812463e-07 8.03333181028e-07 9.05212848341e-08 1.38849160529e-07 4.82011834093e-07 1.8041230514e-07 4.73438359713e-07 2.61745324857e-07 3.18080852422e-07 1.43646499905e-07 1.21843531045e-08 1.00364824584e-07 9.04874396901e-08 4.93088680403e-08 1.86084827347e-07 7.36994715988e-08 9.44060769486e-08 6.17798041087e-08 7.64903364181e-08 2.90092745417e-07 1.10858925485e-07 5.57482710168e-08 5.11388028832e-07 6.51113821425e-08 3.58486579964e-07 2.66234826784e-07 4.24168558235e-07 6.09962678896e-07 5.60808649596e-07 2.24339222714e-07 2.62901190136e-07 3.01181954328e-07 2.91219686885e-07 2.42367471995e-08 6.45809840148e-07 5.33675701973e-08 2.0250343704e-07 4.03541451664e-07 4.35723787352e-08 3.4592488613e-08 3.38002664093e-07 6.63186666382e-08 1.69059616582e-07 1.73610140233e-07 4.33104152649e-08 3.43315993616e-07 2.64932295007e-08 4.93973274163e-08 4.06794960549e-07 1.94985877542e-07 2.60508532814e-08 5.98729286971e-07 3.60111483495e-09 2.85024520016e-07 2.35175859638e-07 2.15053000964e-07 1.83443315095e-07 3.41417734943e-07 5.18798247483e-07 2.28393918462e-07 1.3116765861e-07 2.9477216074e-07 4.47897410243e-08 4.70319641552e-07 7.11661775905e-08 7.15974374692e-08 2.81112153108e-07 6.66106397704e-08 5.70031018041e-08 1.15408392175e-07 7.48672479632e-08 2.33244400344e-07 7.25180483677e-08 1.15678446854e-07 1.37006546146e-07 1.68028694156e-07 5.19929499824e-07 2.17942874125e-07 6.38468144637e-07 2.33593990546e-07 5.39120380658e-07 1.74206003309e-07 5.23136092765e-07 8.87142722484e-07 3.20914172295e-07 2.82093873494e-07 9.44647631372e-07 9.08685835881e-07 4.74526473535e-07 1.99179715746e-06 9.95339535274e-07 4.0611388003e-07 4.60262961977e-06 4.3665218999e-07 1.61067481046e-06 9.20091355545e-07 4.96349496022e-07 8.1226142785e-07 6.17038770166e-07 1.20228215727e-06 3.96985586959e-07 9.3950406674e-07 8.69078172828e-07 1.25910908944e-07 1.33460970119e-06 3.31720789553e-07 7.20247743101e-07 6.76197791124e-07 6.5444162309e-07 3.63739807029e-07 1.24181772599e-06 1.05730668485e-07 8.90770679698e-07 7.92920444059e-07 3.48910610577e-07 1.09785163427e-06 5.11953494064e-07 6.48963150445e-07 4.27238853449e-07 7.06539454686e-07 1.22361661131e-06 2.36390274615e-07 3.17680291912e-06 2.43059575753e-07 7.49083163658e-07 1.71047632767e-06 3.74306407344e-07 8.57652050381e-07 8.06483051935e-07 2.5449090419e-07 3.22205154479e-07 9.17318174831e-07 5.28506308211e-07 1.77615812598e-07 6.10216993905e-07 2.94342329123e-07 8.12907703095e-07 3.30071682498e-07 6.6034016266e-07 2.1791829572e-07 1.23423800254e-07 6.53783533678e-08 1.44243866092e-08 1.40393905876e-07 1.66140784484e-07 8.01624720633e-08 8.22210303653e-08 7.7078036089e-08 2.77438982053e-07 8.32832332725e-08 2.43827957822e-08 3.24317681552e-07 6.7607685649e-08 3.27068697741e-07 1.24847150109e-07 4.75440541991e-07 8.1392960126e-08 5.52563936161e-07 6.11966587528e-07 2.58546504546e-07 5.21118368245e-07 1.00247236293e-07 8.48999773112e-08 5.91810926351e-07 8.4354412727e-08 3.08926622625e-07 6.61431476305e-08 1.66333683404e-07 1.36733621109e-07 1.2763452362e-07 1.16199373313e-07 2.41068621262e-07 1.29579271286e-07 1.31996054528e-07 2.26417208764e-07 1.17933909887e-07 1.30718188531e-07 1.46674832948e-07 1.44072650301e-07 7.04145078304e-08 2.256523389e-07 4.654768783e-08 5.69311239722e-07 5.34490311885e-08 5.31676557713e-08 4.25745434713e-07 1.11491856509e-07 5.31581264959e-07 2.74318825046e-07 4.89831820944e-08 3.32072082617e-07 1.0194143426e-07 3.05069097347e-07 4.49452537374e-08 3.09258907205e-07 2.61686873143e-08 6.44770161309e-08 2.80682661491e-07 7.25799645152e-08 7.46754135588e-08 8.49612213598e-08 2.0683858292e-07 1.79457496867e-07 1.74161585816e-08 7.69318962186e-08 1.46319620266e-07 8.89148985967e-09 1.93335482908e-07 2.03573048216e-07 4.20664234406e-07 1.36899643372e-07 3.88124885631e-07 6.45836686059e-08 1.43713946561e-07 4.84520267503e-07 1.09802600383e-07 1.38289864939e-07 5.57804832209e-07 2.77905146409e-07 3.31056798277e-07 5.43195285893e-07 3.97873371265e-07 5.68732212257e-07 9.15440053854e-07 3.13060934228e-07 2.05918113373e-06 8.09120051847e-07 9.04660925164e-07 2.76018118119e-07 8.07496800501e-07 9.63941953949e-07 2.25284897237e-07 8.77816183209e-07 2.47823492455e-07 2.47731853815e-07 1.25299570458e-06 8.03566288081e-08 5.57517293204e-07 5.26884746355e-07 5.16349447729e-07 5.25287814646e-07 5.25432250372e-07 6.09900963761e-08 1.20554361279e-06 2.39089493779e-07 2.27640443818e-07 7.40727767728e-07 2.03142350217e-07 8.11355225043e-07 6.20741570666e-07 2.16972477297e-07 8.08128311818e-07 4.73935809391e-07 1.61241529672e-06 1.78529197143e-07 7.12777502172e-07 4.03917758083e-07 2.83502091844e-07 4.06877538035e-07 2.51333839995e-07 2.73041488025e-07 5.09210139689e-07 1.23696725609e-07 9.53876131507e-08 5.33114927263e-07 1.38524826772e-07 4.9183250317e-08 4.95294905125e-07 1.58489904103e-07 5.82264538484e-07 2.98626465351e-07 2.80434261326e-07 9.93043316984e-09 3.01456545337e-08 7.84375273526e-08 1.05908798547e-07 4.64113639979e-07 3.90130614794e-07 2.70751576508e-07 3.95093481185e-07 2.08635690447e-07 7.17724209095e-07 7.97451636577e-08 9.97170053287e-08 5.63780809505e-07 3.28447248174e-07 6.65491920055e-07 4.78023451111e-07 1.18368971411e-06 1.16754920856e-07 2.36015258612e-06 2.76031490055e-07 7.08365741782e-07 3.29869759266e-06 6.33825627307e-07 7.45211125603e-07 1.0233104611e-06 6.25047750605e-07 8.61830476279e-07 3.10517781378e-07 9.92169429093e-07 1.82065958898e-07 1.21727031237e-06 3.45691274967e-07 2.31170989716e-07 6.78447907575e-07 6.2268701609e-07 6.25012120615e-07 6.97031002207e-07 2.21740249938e-07 3.54487809716e-07 1.11106019182e-06 1.14615591808e-07 8.70472969201e-07 3.36610348763e-07 6.68635642565e-07 4.93941973925e-07 7.9247517295e-07 5.4137703677e-07 3.34059801907e-07 2.33578240342e-06 3.87827573046e-07 1.48703086926e-07 2.10164125629e-06 7.52163890832e-08 1.06571984606e-06 5.07315419913e-07 5.91783615474e-07 3.19604648346e-07 5.28360015161e-07 9.76665785082e-08 1.05790544249e-07 7.53402262043e-07 2.52250924456e-07 4.26904389125e-07 3.26256039561e-07 4.46295283776e-07 5.99615597523e-07 1.38253991405e-07 1.08130868437e-07 3.30024759318e-08 3.06987998562e-08 1.42546658106e-07 3.66254463587e-07 1.01947638288e-07 2.313363589e-07 5.00193685033e-08 1.52945277747e-07 3.46344220674e-07 8.13040554759e-08 8.19466467981e-08 4.48393040943e-07 1.38055373802e-07 2.18908920809e-07 2.7063927017e-07 3.53542887942e-07 3.8447122696e-07 5.03916768853e-07 4.4612381988e-07 4.85857760833e-07 7.02032207694e-07 1.40687981948e-06 4.05607543172e-07 1.29302922901e-06 3.89272492307e-07 3.50374627123e-07 6.5422134921e-07 2.46305101262e-07 4.11810343111e-07 4.69423904697e-07 1.69377463286e-07 4.44384444008e-07 1.72251505265e-07 4.38883282111e-07 5.49552114666e-07 4.49599513182e-07 1.34667091143e-07 4.28916142006e-07 1.54600310085e-07 4.14025389268e-07 3.66978719728e-07 2.02741193735e-07 5.83184618157e-07 2.91085343255e-07 2.93487369864e-07 1.08500007628e-06 1.9797470593e-07 1.177742684e-06 3.71664314653e-07 4.22300417416e-07 2.91603271405e-07 3.34467327817e-07 3.75386255084e-07 2.29729594636e-07 1.92804550832e-07 1.7787010984e-07 1.58882616611e-07 4.53697177011e-07 8.37210097183e-08 1.05216114308e-07 3.51709426363e-07 1.81929072836e-07 6.30305323877e-08 2.968899418e-07 1.23436971982e-07 4.95464645699e-07 2.10552552285e-07 3.87630030885e-08 7.73408100684e-08 1.818232171e-07 2.19258004355e-07 1.07446787848e-07 3.02968905702e-07 1.86125441686e-08 1.61475777841e-07 3.67486216793e-07 1.0623284518e-07 8.34929042426e-08 3.50564878884e-07 1.18734298948e-07 3.79993453979e-07 3.12396835571e-07 6.47978852355e-07 1.33841828169e-07 1.00203491115e-06 1.2238518781e-07 8.99578068601e-07 5.29937088465e-07 4.28849469631e-07 1.41153829103e-06 9.87760477395e-07 9.68298513413e-07 6.82117609637e-07 5.46388251456e-07 9.2596903523e-07 1.16994322541e-07 1.5181901807e-06 9.95181280703e-08 5.20400431766e-07 6.82472862699e-07 1.87543065189e-07 6.24990087041e-07 5.80326226045e-07 2.01796806099e-07 6.684458486e-07 4.7184482262e-07 7.98179850774e-08 1.39121603914e-06 8.34479304616e-08 8.65850259567e-07 4.52620198278e-07 6.14687969184e-07 8.54335727406e-07 6.06375278873e-07 1.16509701463e-06 2.32027654144e-07 3.42776936843e-07 6.48520546109e-07 7.13052656274e-08 8.64292760533e-07 8.75500586721e-08 6.20567587328e-07 3.06986405983e-07 3.56114666788e-07 7.76107760476e-08 3.71292498037e-07 6.7277373095e-08 1.18737094775e-07 4.0412599922e-07 1.96379252187e-07 3.83463937747e-08 3.61288523926e-07 1.6138293583e-07 3.06504401464e-07 2.50289959389e-07 1.0182073569e-07 1.75054931606e-07 3.35257599743e-07 9.19663825584e-07 1.97281501818e-07 3.45857341613e-07 1.1497795812e-07 2.14351794555e-07 7.46405410223e-07 2.06734145386e-07 1.11537055839e-07 1.08365078043e-06 2.2070299177e-07 8.4105052952e-07 5.18673977105e-07 8.69089575268e-07 5.7483770527e-07 1.13376488838e-06 8.80414933118e-07 4.97073086993e-07 2.68560178491e-06 5.83854522973e-07 8.75703739426e-07 5.04411562135e-06 1.31289944793e-06 1.96086720629e-06 1.10719779818e-06 1.03861547869e-06 8.54732930692e-07 9.00146276143e-07 8.84801189729e-07 5.36778251035e-07 1.12874037545e-06 1.50196400432e-06 3.78032240879e-07 1.30543471907e-06 3.31301634057e-07 1.57027153778e-06 1.03151477809e-06 4.82776698977e-07 8.36830887153e-07 7.73699978429e-07 6.81706638705e-07 7.4211558601e-07 9.17802152175e-07 1.58122202646e-06 7.29818508442e-07 3.63429066749e-06 5.13187973265e-07 4.61566910357e-07 2.26272964203e-06 3.50127011676e-07 8.168441937e-07 8.95890309173e-07 5.41456367306e-07 7.61785996272e-07 4.3241749671e-07 8.06760300191e-07 2.39189093859e-07 1.10512232301e-06 1.14211232889e-07 1.97204552454e-07 8.77934122814e-07 2.72250870018e-07 1.33784946886e-07 4.35714341662e-07 2.58313226019e-07 1.1786605274e-06 4.29277981401e-07 2.07089487793e-07 7.08205719137e-09 3.76946815185e-07 5.60183550884e-07 1.01095087557e-07 3.76566403448e-07 8.62048587699e-08 2.7635239133e-07 4.61211128631e-07 1.86887375584e-07 2.20366965308e-07 5.15073169776e-07 1.41075496682e-07 4.86678719254e-07 4.46778270914e-07 7.00063232193e-07 1.95308408894e-07 1.05366586704e-06 2.23386007336e-07 1.13731924723e-06 4.38349803766e-07 1.01773370368e-06 5.67141826149e-07 1.48055550324e-06 2.7106193904e-06 8.73590434978e-07 1.48267242799e-06 7.26668615376e-07 2.53015536956e-07 2.16222791777e-06 1.38647229507e-07 1.21664501666e-06 3.53465797376e-07 8.50390045965e-07 1.1630263366e-06 2.57751360752e-07 2.39783648181e-07 1.21965106555e-06 7.65458339375e-07 2.97932478484e-07 1.16632219936e-06 7.32807049208e-08 1.90289867949e-06 2.14477685699e-07 5.73377780828e-07 1.3414269463e-06 5.20737295997e-07 2.06399839759e-06 8.09384452847e-07 4.35895209e-07 8.27720066774e-07 3.47596459108e-07 1.02574181887e-06 1.85775794419e-07 1.02369745103e-06 1.49256418901e-07 6.12746245964e-07 4.81422749694e-07 4.64261002628e-07 1.46728693612e-07 5.08867711103e-07 2.18093847364e-07 2.38456191133e-07 5.37506968727e-07 3.32384287018e-07 1.10788149205e-07 4.74395616468e-07 1.47561593637e-07 7.22731896259e-07 4.54703863991e-07 8.36904354793e-09 1.48063211899e-07 4.3883791065e-07 1.96772368265e-07 2.42846565494e-07 4.9544654524e-08 1.53450085713e-07 6.3398589563e-07 1.63541982766e-07 1.04656786208e-07 6.88203093592e-07 1.68680573267e-07 3.60726466147e-07 3.40692839227e-07 5.66088506852e-07 2.50046132579e-07 7.23193210293e-07 2.30348264727e-07 5.95023180738e-07 1.09093065614e-06 3.23043530412e-07 1.3389314185e-06 1.13242504221e-06 8.5351486637e-07 2.61844122148e-06 8.72355033369e-07 1.63911747621e-06 2.87786156936e-07 1.16948661405e-06 6.93230034639e-07 3.90536028432e-07 1.11389430736e-06 4.10683426488e-07 7.34846937058e-07 1.06760824811e-06 6.41429566036e-08 1.19027673838e-06 6.5609480943e-07 3.75274409784e-07 1.05531659656e-06 3.0124606204e-07 6.51552442589e-07 9.11591199487e-07 2.21162776307e-07 1.57281204252e-06 5.23108149834e-07 2.12791013685e-06 5.02196522981e-07 9.44501248543e-07 1.12430224807e-06 2.71189026992e-07 8.23857406266e-07 4.49728862075e-07 1.35848348977e-07 5.41028271609e-07 2.25713844022e-07 5.45705911257e-07 3.50219556796e-07 2.94011899938e-07 1.61101345489e-07 7.80012503019e-07 7.12467119363e-08 1.9413351657e-07 7.34066455047e-07 1.53269483876e-07 7.1503772285e-08 2.67186749495e-07 2.93773729866e-07 6.11703332811e-07 1.81992770607e-07 2.92510586491e-07 6.09298200862e-07 7.12371960425e-08 6.20257497313e-07 1.81548978426e-08 3.80197659721e-07 5.45361022858e-07 1.2117062076e-07 4.26753495717e-07 4.96534263776e-07 1.2764260805e-07 3.29967360894e-07 2.28206943079e-07 4.33957005732e-07 5.37579343298e-07 6.98444538531e-07 3.64693451306e-07 7.71655766063e-07 6.17358801016e-07 8.7532581499e-07 2.42344285387e-07 2.67145936475e-06 4.93946967453e-07 5.54747736444e-07 4.08591153442e-06 9.94545254238e-07 5.78381078716e-07 9.9968695356e-07 3.2972629904e-07 1.24060090642e-06 3.52014309119e-07 1.11063340256e-06 3.88030263952e-07 8.17096777657e-07 2.95906916064e-07 3.13477032102e-07 7.19557683938e-07 3.16398768188e-07 8.70529895277e-07 2.80736925989e-07 1.1711531483e-06 2.16669562483e-07 8.47548357251e-07 2.5396603222e-07 3.66040929472e-07 2.88396609864e-06 2.3994405625e-07 3.60525986791e-07 2.55506460405e-06 1.57923746791e-07 7.83216462534e-07 6.77789171854e-07 6.27909682938e-07 3.53828695566e-07 6.47004756592e-07 5.3886208772e-07 4.26254028113e-07 1.65786133448e-07 4.05918062588e-07 1.3982015969e-07 4.44919359066e-07 4.63487912122e-07 1.30644032678e-07 5.81168858515e-07 4.23580547903e-07 1.49783444055e-08 7.37747257858e-07 8.32929708736e-08 6.90007926349e-07 3.36137276248e-07 3.46661635978e-08 5.81784493749e-07 1.41803341268e-07 4.34270570687e-07 7.50087132521e-08 1.97345419785e-07 5.60529807903e-07 1.3009267037e-07 1.02917601022e-07 4.82642161823e-07 1.83782264999e-07 4.97252028596e-07 4.28089289246e-07 5.20265611666e-07 2.38208765369e-07 9.85624477737e-07 2.35920925085e-07 6.03474860183e-07 9.65948878092e-07 4.88955368218e-07 1.17312270974e-06 7.97129191676e-07 1.85850274451e-06 9.44914678964e-07 9.55566148297e-07 2.79814253935e-06 6.5692220398e-07 2.56570031028e-06 4.83800968718e-07 7.51167379037e-07 1.41006770046e-06 5.31079568473e-07 1.4238679181e-06 7.30776152981e-07 3.77767741385e-07 1.4428641654e-06 3.67703804051e-07 6.30249546266e-07 1.27474768563e-06 4.1796842299e-07 1.2820873546e-06 6.03685455183e-07 3.60798322355e-07 2.15169048485e-06 3.84668827801e-07 2.34004015232e-06 5.31611126318e-07 8.23153890655e-07 1.36110278447e-06 5.80101027563e-07 1.09377745837e-06 3.85929987652e-07 7.95076498526e-07 4.77664273883e-07 1.74985243387e-07 8.72875339932e-07 2.11000342487e-07 4.96332372107e-07 4.83319496367e-07 4.39230716168e-07 2.3089182747e-07 5.87119974557e-07 7.66837684664e-08 1.60937481006e-07 7.18711740055e-07 1.91561260424e-07 1.09052023762e-07 5.39956817476e-07 2.21658708503e-07 7.74919918464e-07 3.87874191037e-08 2.77290093432e-07 5.53809214207e-08 2.23864302356e-07 4.82298517917e-08 1.09609336721e-07 2.21063583658e-07 1.34473419162e-07 6.5042720517e-08 3.10244801758e-07 1.01143327313e-07 3.19942101204e-07 2.69504128824e-07 3.12864086098e-07 1.11315511147e-07 4.89188088153e-07 1.72363923381e-07 4.29909722352e-07 3.06896036127e-07 3.81576107764e-07 3.01826633768e-07 1.08601735324e-06 3.044340556e-07 8.88443159299e-07 5.36257691847e-07 6.41257302725e-07 1.3048191645e-06 1.22157451574e-06 4.78616252891e-07 5.47607283556e-07 5.29880224101e-07 1.12717093586e-06 3.04380178628e-07 1.20127226189e-06 7.49260631848e-08 8.33409204686e-07 8.02434030334e-07 7.65010456563e-08 1.21475925243e-06 2.46955752898e-07 1.16579000903e-06 4.11244875206e-07 3.97953803342e-07 4.90416345251e-07 8.50654987283e-07 1.18475479045e-06 3.98944541013e-07 3.0151881712e-07 6.80677879554e-07 2.20558077637e-07 8.84771009059e-07 2.61805397222e-07 3.56295782174e-07 2.96702199292e-07 4.0384345177e-07 1.67302971037e-07 5.15896732445e-07 9.35041752629e-08 2.76970575902e-07 3.2428387128e-07 3.14462220805e-07 1.56862170282e-07 3.45622145641e-07 4.86819560499e-08 1.73524154339e-07 2.70889923161e-07 1.20575043108e-07 8.49803616744e-08 2.80779531846e-07 6.7128545559e-08 3.42691001329e-07 5.2021120826e-07 2.22207852724e-07 9.14863446506e-07 1.1380726472e-07 3.17685421193e-07 8.59002966221e-07 1.96485389851e-07 1.52968970138e-07 6.84453875332e-07 2.59263389508e-07 9.07409718773e-07 5.58979060998e-07 1.35847518643e-06 3.89304496314e-07 1.59750301364e-06 3.69382859776e-07 1.37331894116e-06 1.12671631172e-06 9.15098585839e-07 1.30448358802e-06 1.60197166832e-06 2.75667411086e-06 6.05978515034e-07 3.69504371722e-06 1.29384074245e-06 9.20315983222e-07 8.04022505755e-06 1.01224613791e-06 2.85533099238e-06 1.2620359124e-06 1.54915832126e-06 2.81550878158e-06 9.10293623561e-07 1.06838658084e-06 1.15664221965e-06 1.90851399985e-06 1.04966988944e-06 1.02515661119e-06 7.16383214162e-07 2.61173347188e-06 1.11607985529e-06 9.89717147506e-07 2.57421004087e-06 5.31028645796e-07 5.78690662945e-06 5.22207827332e-07 1.00077231309e-06 3.4718951902e-06 4.800106116e-07 2.50329751288e-06 1.3738923723e-06 1.15474266026e-06 7.88466289933e-07 1.02256285427e-06 1.26778784029e-06 3.70540571351e-07 1.46593950522e-06 3.98527124373e-07 1.34384955015e-06 5.60157966885e-07 9.29043567849e-07 2.64078036744e-07 7.20684873578e-07 1.83169700905e-07 2.11365061561e-07 1.0654771108e-06 3.82138858259e-07 1.50620020601e-07 1.05872882874e-06 3.17908876316e-07 6.40424442189e-07 2.48348781325e-07 9.00711530729e-08 3.06896781595e-07 2.98230876438e-08 7.35897644645e-08 3.18632399738e-07 1.56953363593e-07 3.61265361539e-08 3.37544942079e-07 1.01484512562e-07 3.41477931363e-07 1.87272023495e-07 3.77766538049e-07 1.40288281256e-07 4.81631471656e-07 1.19296000726e-07 3.13924427524e-07 4.32218261006e-07 3.77855994705e-07 2.79446187413e-07 7.55898272085e-07 4.23531786337e-07 8.11704118807e-07 3.40085262741e-07 1.12726832782e-06 3.55149216002e-07 1.33980958554e-06 1.27633795195e-06 6.93977822664e-07 9.29479765069e-07 5.90758349823e-07 5.63461124185e-07 1.14185111548e-06 5.21235666428e-08 1.33080440461e-06 3.26535381322e-07 2.96331815478e-07 1.39660223106e-06 2.4034464723e-08 1.05055904635e-06 5.18083020477e-07 5.00339678821e-07 8.60931308425e-07 5.09281727145e-07 1.20393620372e-06 7.99658094764e-07 2.82351409059e-07 8.78124481505e-07 2.53179787079e-07 7.87984507887e-07 3.08432352897e-07 7.46025404765e-07 2.56986918174e-07 3.74257849953e-07 3.89315914208e-07 3.15556969887e-07 8.01524464887e-08 4.82104890329e-07 1.20637351836e-07 4.11279700977e-07 2.03182932441e-07 3.81461490399e-07 1.09102917121e-07 3.63169092418e-07 4.30451067705e-08 1.6041548302e-07 4.13869345038e-07 9.07364412518e-08 2.86283461263e-08 3.85575192276e-07 1.21469771576e-07 3.15688691167e-07 2.37969703751e-07 1.67179339531e-07 4.96831846135e-07 6.83697496188e-08 1.03564660098e-07 3.53139097911e-07 2.15022524008e-07 6.89453777861e-08 3.67628513984e-07 1.37809003141e-07 3.85338207837e-07 3.80479909046e-07 6.28256866722e-07 1.66253563339e-07 9.62058964829e-07 1.82428237646e-07 6.96836992971e-07 4.33404910052e-07 5.98207829508e-07 5.49951870146e-07 9.36303656887e-07 1.03239074315e-06 5.06547744859e-07 1.52251565631e-06 5.47481539486e-07 9.83688841331e-07 1.58276400221e-06 5.16834726971e-07 2.87749011911e-06 1.24524029883e-06 2.14146005392e-06 8.51166375127e-07 1.27867074022e-06 5.57351250365e-07 6.9045459257e-07 1.92706545026e-06 2.79153617785e-07 1.89890269746e-06 5.97469293845e-07 4.10023962274e-07 9.86795916893e-07 7.76758321871e-07 1.86981600166e-06 6.65329096627e-07 2.53151018894e-06 3.24884305411e-07 1.27577542684e-06 6.47039763018e-07 3.81828819619e-07 1.49405721232e-06 3.48368831497e-07 9.18298154892e-07 7.9274978388e-07 5.13444668507e-07 5.17815383264e-07 3.63196154738e-07 6.78514221599e-07 1.85573802098e-07 9.10321540311e-07 1.85304288287e-07 6.42922361069e-07 4.2630675793e-07 3.96941766537e-07 1.16688710998e-07 4.06094886054e-07 7.7820248524e-08 2.38792486922e-07 3.9480343808e-07 1.51234429408e-07 1.0492201621e-07 6.077068758e-07 2.24261554966e-07 2.78800349161e-07 2.49624091612e-07 2.56659186628e-07 4.15513374782e-07 5.72140221262e-08 9.44540025526e-08 6.71461231599e-07 3.31987216442e-07 5.63366490214e-08 7.45940037331e-07 1.13164131564e-07 5.77413527322e-07 3.00845825005e-07 6.27340625392e-07 1.35130268171e-07 8.97937820654e-07 2.26519720513e-07 4.88992574828e-07 9.02871965745e-07 5.38877271385e-07 7.2024139732e-07 1.1642220998e-06 8.6944244083e-07 1.12962567821e-06 8.76693144268e-07 1.86297969468e-06 2.55840560219e-07 3.75522082604e-06 5.27189857742e-07 1.15391831466e-06 3.7927658904e-06 1.69256251394e-06 2.21824268283e-06 1.55216903846e-06 4.03536989319e-07 2.66935486818e-06 7.2922120508e-07 1.035127913e-06 1.00540797944e-06 6.46512033523e-07 2.44153477534e-06 4.13216371116e-07 1.30644308253e-06 2.11522319825e-06 9.50846153218e-07 3.09111678516e-06 6.91726951453e-07 3.51189439091e-07 3.23768114928e-06 1.61536633734e-07 1.63360319586e-06 8.65351071062e-07 1.02992858171e-06 7.81540738449e-07 1.17304324984e-06 6.66044341414e-07 5.265363438e-07 8.52014685344e-07 4.73429274017e-07 2.07660711248e-07 8.80103669786e-07 1.77713286927e-07 6.46143075676e-07 2.60469738017e-07 6.42302264874e-07 1.36762532305e-07 7.92094615332e-07 8.66248448141e-08 3.42023234325e-07 7.98658453247e-07 1.33331272532e-07 6.19573380226e-08 4.57041539186e-07 3.14528114578e-07 2.8762893634e-07 2.86994825299e-07 5.31323566945e-07 7.21797601469e-08 2.18998879393e-07 7.66212695018e-07 2.28726380581e-07 8.87378322386e-08 6.93950141025e-07 2.61625644242e-07 3.43564342692e-07 5.31734394573e-07 5.22213572984e-07 2.37395221249e-07 1.06014333507e-06 3.12490307409e-07 9.1219401253e-07 9.15308215542e-07 5.84338952777e-07 7.33085036541e-07 1.58288392446e-06 1.13315270136e-06 8.11295667032e-07 1.27653316935e-06 1.14239150729e-06 1.41387297331e-06 1.43948857376e-06 1.4999488796e-06 1.3288351605e-06 1.80634607205e-06 4.74401631196e-06 1.6366776928e-06 3.30334082305e-06 6.7421754911e-07 1.94887801608e-06 2.78612443042e-06 4.22375062262e-07 3.93740694947e-06 4.00672091521e-07 2.80389904606e-06 1.71309552375e-06 5.85365455383e-07 3.0853912277e-06 1.07498024977e-06 4.06890763806e-06 1.05804405482e-06 1.08337813222e-06 1.18820480899e-06 1.13069319608e-06 1.41134482745e-06 9.39658041465e-07 8.92793596337e-07 6.91323860224e-07 9.8016645588e-07 1.44452255447e-06 6.96743833293e-07 5.2393288251e-07 8.6724435026e-07 8.65372703743e-07 3.3404504406e-07 1.0072505725e-06 2.64431567107e-07 4.48870827487e-07 6.19656608031e-07 3.44985525517e-07 2.66604879551e-07 7.95586056157e-07 1.09822692796e-07 2.90609418493e-07 9.25162405133e-07 2.90707197759e-07 1.06792484413e-07 6.68363094337e-07 3.38781550627e-07 3.51569002438e-07 3.01267935004e-07 4.76164820763e-08 9.63170118724e-08 7.03614805669e-07 1.45334080702e-07 4.51481636681e-08 6.44384245887e-07 2.14912471638e-07 6.98607864586e-07 2.63089252681e-07 6.79705634081e-07 1.29028801973e-07 1.0711185262e-06 1.59226549268e-07 7.02718834037e-07 9.03365615916e-07 4.58611685647e-07 7.74718788492e-07 8.72693118934e-07 1.37757817265e-06 7.90505868778e-07 1.00942693856e-06 1.28106757453e-06 3.67213920988e-07 3.56197200474e-06 3.02741687644e-07 2.01336975158e-06 1.12235617433e-06 1.33317937601e-06 4.11297467056e-06 1.89339098284e-06 8.51121008092e-07 1.55815897431e-06 1.26641409441e-06 1.01490543517e-06 9.97472730334e-07 9.84050454635e-07 9.47777897159e-07 9.3823304081e-07 1.37363890665e-06 7.2985663519e-07 1.07725497777e-06 3.38398902196e-06 7.69536189838e-07 9.0932560756e-07 1.90258532705e-06 1.77562661595e-07 3.34384663225e-06 3.08713849294e-07 1.12695966961e-06 1.05010423243e-06 6.74951749003e-07 1.34300691497e-06 7.79023470365e-07 7.237801242e-07 4.57418342186e-07 9.36795870641e-07 7.39302686141e-07 1.10103219542e-07 1.10251358883e-06 1.29207518031e-07 7.60445335219e-07 2.24830837698e-07 7.73201681746e-07 2.53931899619e-07 6.96495597871e-07 6.35475132004e-08 1.53297623531e-07 8.3827317174e-07 1.17773361141e-07 6.67432082883e-08 3.25685939134e-07 3.89167888402e-07 4.50756144207e-08 2.08408601463e-07 1.68048069275e-07 2.1219332808e-07 7.37018734485e-07 1.88374896068e-07 5.9638992273e-08 7.33534513822e-07 1.88469880335e-07 6.06632384874e-07 5.72142657844e-07 5.80628109781e-07 2.90834199778e-07 1.04097332687e-06 3.25848467663e-07 7.72756429177e-07 8.2710958924e-07 8.58924537551e-07 7.66280595655e-07 1.54938217772e-06 1.03793059385e-06 1.19857759259e-06 1.14801702175e-06 1.3224597555e-06 1.06875414196e-06 2.07153495485e-06 1.38267283944e-06 7.34343295464e-07 3.42183203459e-06 1.90127131035e-06 1.83543207996e-06 5.63094336945e-06 7.74215433975e-07 3.91068049731e-06 2.05382426541e-06 5.82156516932e-07 4.40366362286e-06 3.76518127919e-07 4.20144047772e-06 5.89250713368e-07 1.8115540572e-06 3.52801994297e-06 4.57430856245e-07 4.74546747675e-06 1.14121816693e-06 1.58438801758e-06 2.97538587557e-06 6.4466566231e-07 1.24489167658e-06 1.73087498965e-06 9.76902923677e-07 1.14787129319e-06 1.01512227481e-06 1.09228666984e-06 9.19990015132e-07 1.46718447671e-06 6.61221400077e-07 8.70458744117e-07 7.50931960754e-07 7.49078909639e-07 3.4889033786e-07 1.06487219435e-06 2.9345008561e-07 5.85334811997e-07 6.97503381222e-07 6.32452441862e-07 2.10482708303e-07 8.78641927315e-07 8.11618293107e-08 2.4631536469e-07 8.48493755222e-07 2.75923028416e-07 2.08515501891e-07 2.73700825293e-07 4.74134742579e-08 1.86651414685e-07 1.00204516432e-07 1.12719081826e-07 3.2314044718e-07 5.45582181741e-08 2.17611301141e-08 2.90744614084e-07 1.28226407135e-07 1.6641647368e-07 1.46644372157e-07 3.68079762699e-07 9.09985714666e-08 5.27919647402e-07 6.5926361508e-08 3.8950696694e-07 2.52155962152e-07 2.97099541446e-07 2.77058754907e-07 5.33091260825e-07 3.86556329521e-07 3.59278726302e-07 3.43515687729e-07 5.76804652648e-07 2.66232021903e-07 1.01195162069e-06 2.14760015362e-07 7.59028066457e-07 5.27250574681e-07 1.50596611279e-06 7.17275496514e-07 1.08621393173e-06 1.2981694775e-06 1.11165565036e-06 1.19521788557e-06 3.28811451865e-07 1.13769937126e-06 5.23551958239e-07 5.67772742761e-07 9.85246267986e-07 3.59328651089e-07 1.18592300939e-06 9.02825290341e-07 1.30881070571e-06 7.50610823548e-07 5.32675625097e-07 1.36796906914e-06 4.31612572398e-07 5.20294716634e-07 1.44038926425e-07 9.42129286095e-07 2.32097490445e-07 5.69002389139e-07 3.70352043075e-07 3.5833384175e-07 3.60829055953e-07 5.37103202222e-07 2.44418577741e-07 2.77894985889e-07 2.79529601491e-07 4.02819453333e-07 9.50281886172e-08 5.11502128653e-07 1.15283899953e-07 4.137186621e-07 1.30555315997e-07 1.9327903157e-07 1.27824813526e-07 3.66024063989e-07 2.41321407521e-08 8.76905664617e-08 3.87107662269e-07 1.39045494115e-07 1.27607444366e-07 2.37473051989e-07 2.90277161128e-07 2.55283737403e-07 3.65168990765e-07 1.09006270337e-06 1.70723371201e-07 9.56280895825e-08 7.92229279964e-07 4.16579849753e-07 7.01021824745e-07 4.08634849142e-07 7.77465262293e-07 2.45811798146e-07 1.05875683709e-06 2.45272199215e-07 8.41099657697e-07 8.99410745416e-07 5.48723183723e-07 7.26383198409e-07 1.67460421094e-06 9.91981264338e-07 1.34155325684e-06 6.46767220187e-07 1.6442408573e-06 7.7398590503e-07 2.36954406182e-06 1.26083982138e-06 1.0663346855e-06 3.24606120042e-06 9.89296378866e-07 3.7392191681e-06 1.97822160289e-06 8.05703457712e-07 7.71316829171e-06 2.38083760857e-06 1.54872834327e-06 3.04590611654e-06 7.39602315813e-07 4.66634070056e-06 6.95386444683e-07 2.84539757067e-06 1.25157838369e-06 1.43864192872e-06 5.99843893009e-06 4.34835966338e-07 1.62090203816e-06 3.48300230845e-06 7.25448259158e-07 3.06087469581e-06 9.18907110882e-07 1.14981882649e-06 2.18737291256e-06 7.07637112988e-07 1.49923785903e-06 5.4090787433e-07 1.24108817335e-06 1.03097171918e-06 1.56815239145e-06 7.84092309782e-07 5.0825796047e-07 9.122619857e-07 8.67021714978e-07 2.71519834683e-07 1.08080824356e-06 2.31145740424e-07 8.21946438558e-07 4.34550204858e-07 7.26263317034e-07 4.73992931686e-07 9.17692720447e-07 1.10388789714e-07 2.26197977542e-07 1.28898298357e-06 4.27263489184e-07 2.79578789376e-07 3.2604925107e-07 2.21079614289e-07 8.4149421453e-07 2.31550009161e-07 8.6124157941e-08 6.63547503545e-07 3.24102841168e-07 5.10485303792e-07 4.8870586749e-07 5.21544763377e-07 2.79968611632e-07 1.44961483755e-06 1.83988479333e-07 9.53822346068e-07 6.71766483944e-07 8.57476140042e-07 6.65791122627e-07 1.36460181841e-06 1.1328466129e-06 9.1932154163e-07 9.64414602488e-07 1.15179519431e-06 8.32940864899e-07 2.29888254857e-06 8.24728022545e-07 1.69368146777e-06 1.69559114268e-06 3.57951875632e-06 9.95517836593e-07 4.3532860676e-06 7.02535249877e-07 2.77389853182e-06 4.69462056076e-06 1.21120170792e-06 4.48894082027e-06 8.82487379456e-07 2.32339463736e-06 2.25067717207e-06 8.84553308284e-07 4.0501332696e-06 8.05634950041e-07 4.37609284803e-06 1.94609462655e-06 6.03889879154e-07 3.7845261112e-06 7.15007242628e-07 3.50790644048e-06 1.55032123584e-06 1.63269550102e-06 6.98930534261e-07 2.18396539624e-06 7.74669906992e-07 1.14329504211e-06 9.76422416497e-07 8.09607524069e-07 1.11375773435e-06 1.32991758642e-06 6.43716905789e-07 8.92280838705e-07 7.30113074289e-07 9.40027759567e-07 2.2018348265e-07 1.46135093808e-06 3.11906214834e-07 5.78064300772e-07 6.16451548724e-07 5.32314056595e-07 3.19146322022e-07 7.30049017301e-07 1.14656776347e-07 2.71790872075e-07 1.01967177594e-06 2.48738524472e-07 5.35833342326e-08 3.47889015105e-07 2.00890244438e-07 4.33240196882e-08 4.78744506669e-07 1.23415087705e-07 2.74083766659e-07 2.79896213379e-07 3.53432385641e-07 1.25388408446e-07 5.28002516461e-07 1.55267003008e-07 3.18685392042e-07 5.04121725301e-07 2.4720536835e-07 3.54805940638e-07 7.39475828086e-07 4.04696844266e-07 6.01496333231e-07 5.00903008401e-07 6.40674793033e-07 3.01101012696e-07 1.12609840083e-06 4.86053558911e-07 5.25972226289e-07 1.1314913929e-06 1.05647544584e-06 1.43069873644e-06 8.2106618326e-07 8.6363168175e-07 1.20539157111e-06 1.19938837871e-06 1.80096873483e-06 1.99767613971e-06 8.02488903481e-07 1.55348831609e-06 8.08245760592e-07 1.46982628777e-06 9.17425190319e-07 1.52324511246e-06 1.95322083687e-06 8.40576621988e-07 9.4957119586e-07 8.32736113477e-07 6.15089278618e-07 1.2672017969e-06 9.48131111587e-07 1.01539353884e-06 5.01159373019e-07 4.18771185537e-07 1.1110513723e-06 2.85002993623e-07 5.49140398886e-07 4.92623537759e-07 5.40871993159e-07 3.20376788627e-07 7.62899806333e-07 3.25100156703e-07 2.10250605052e-07 5.40318783527e-07 2.69864443191e-07 1.7838721685e-07 4.94932647729e-07 1.55695580531e-07 4.00008816787e-07 3.01804450244e-07 3.26612525811e-07 1.29769463588e-07 5.61981763651e-07 4.33165209915e-08 2.37102750941e-07 4.27288118457e-07 6.25595750309e-08 9.25074279388e-07 5.90299178481e-07 1.31117294887e-07 1.50077382653e-06 2.60427640365e-07 4.33984871889e-07 7.07401820319e-07 9.94964463231e-07 3.46638056975e-07 1.55696626575e-06 2.74535077301e-07 1.46080272774e-06 7.77433274816e-07 1.05129302995e-06 1.01653795825e-06 2.05357205643e-06 1.56268905392e-06 1.40823032601e-06 9.98020591321e-07 1.4032968605e-06 1.35500249921e-06 2.34873766468e-06 1.57429368421e-06 1.70669076511e-06 2.38660877202e-06 3.59869007478e-06 2.05279853988e-06 5.4741586067e-06 4.00302248358e-07 7.63195863621e-06 2.13263582466e-06 1.34048998516e-06 1.14423707275e-05 1.60682789389e-06 6.80956783137e-06 1.79646948472e-06 1.86179559201e-06 6.36224300058e-06 1.01940995707e-06 8.85100340193e-06 8.27116987505e-07 1.78314177644e-06 7.32613455019e-06 3.00068937106e-07 5.18986237836e-06 2.02846468772e-06 3.32220433556e-06 2.28321859941e-06 1.71643282426e-06 1.47134070745e-06 2.20346136004e-06 1.25647166228e-06 1.31441520271e-06 1.0112170159e-06 1.41206410773e-06 1.53427564247e-06 1.98023729807e-06 1.02557072019e-06 1.02921544742e-06 7.61674456065e-07 1.53208932296e-06 2.81643949867e-07 1.58340483238e-06 3.68525616815e-07 9.91123127383e-07 7.82174409e-07 4.58550579766e-07 2.9495270891e-07 1.62150201767e-06 1.60975656415e-07 6.57192860748e-07 1.03659922887e-06 1.08177031739e-07 1.04756186672e-07 8.10351081928e-08 5.3725887112e-07 1.02799367593e-07 1.79869706419e-07 1.99078420851e-07 3.53425475272e-07 1.43779082341e-07 5.39171825963e-07 7.40350578078e-08 4.46556445589e-07 5.12581447306e-07 1.99686687042e-07 3.5057545522e-07 5.37481121192e-07 5.03419814791e-07 4.84625236178e-07 4.41267336887e-07 7.45188090243e-07 3.04436698862e-07 1.02520383427e-06 3.84461337396e-07 6.72580907386e-07 9.46869070857e-07 9.02970448375e-07 1.02612756424e-06 1.02065179981e-06 6.97532859631e-07 8.89460828556e-07 2.22356463785e-06 5.31139748415e-07 1.89383687761e-06 1.92436120626e-06 1.8299520986e-06 1.50443568161e-06 1.28386713639e-06 1.70321735534e-06 1.51739088258e-06 2.029838699e-06 1.33148025784e-06 5.00791028652e-07 2.04912871724e-06 7.0424416444e-07 7.10452662928e-07 8.85639515292e-07 9.4695434289e-07 7.88315479932e-07 9.02520870625e-07 6.69031687613e-07 3.16572670994e-07 1.05257355624e-06 2.33917053202e-07 7.23497737796e-07 4.75202234608e-07 4.62896097911e-07 4.1840323676e-07 5.4450848644e-07 3.4134658175e-07 1.3721040805e-07 5.36088171678e-07 4.39704113179e-07 7.66695100283e-08 5.15324998406e-07 1.49990849981e-07 3.84771636158e-07 2.03991914156e-07 2.00654811465e-07 1.3524255196e-07 6.21003066377e-07 1.06839918589e-07 1.30076336525e-07 1.2380068608e-07 2.04166045776e-07 2.2102096884e-07 1.37484756493e-06 2.65655199931e-07 4.90947547215e-07 7.88772315698e-07 5.97778772726e-07 3.31696004205e-07 1.40411534188e-06 2.44378752371e-07 9.10571216246e-07 9.99805554507e-07 1.14339431857e-06 7.81716245876e-07 1.97728840847e-06 1.17062509693e-06 1.4956296193e-06 8.03489209696e-07 1.58498671294e-06 1.5491863335e-06 2.24009964453e-06 1.33639041741e-06 1.08376531047e-06 2.53024824042e-06 2.58336651449e-06 1.86876151057e-06 3.72156491946e-06 7.53932929584e-07 5.84011803331e-06 1.28433606921e-06 2.57570093215e-06 3.71227477748e-06 1.35775102827e-06 9.17056740987e-06 2.27036997709e-06 3.90121211464e-06 3.99320761754e-06 1.56073248845e-06 7.94162851107e-06 9.54269915975e-07 3.23263470993e-06 2.42050993336e-06 1.17898420402e-06 5.54356657164e-06 6.87518617911e-07 3.64270646151e-06 1.78036891772e-06 2.49130340329e-06 2.52170193105e-06 1.05422688526e-06 1.29744121085e-06 2.11701838842e-06 1.48705308158e-06 1.56412785445e-06 8.62814553037e-07 1.45993295049e-06 1.13525011895e-06 1.98129100264e-06 7.81039581675e-07 1.1156556009e-06 1.01448010497e-06 8.85047523972e-07 2.77323324392e-07 1.43921299436e-06 3.05820630981e-07 6.3923601541e-07 8.52160548474e-07 5.44062065398e-07 3.22448817759e-07 1.49836898224e-06 2.42837544521e-07 2.25572428927e-07 1.6718341918e-07 5.96243103854e-07 2.64135684331e-07 2.62286798247e-07 7.96765764398e-07 6.16900205938e-07 3.74105367378e-07 9.97554503868e-07 2.48592055295e-07 8.70664523313e-07 4.53117715252e-07 6.5742463232e-07 6.82218511418e-07 9.12627080428e-07 7.64416727013e-07 8.04181850505e-07 6.23782001245e-07 1.02036290745e-06 7.05578495053e-07 2.01638239281e-06 5.39436155512e-07 1.14421818415e-06 1.22816931894e-06 1.75572950911e-06 1.5808233254e-06 1.60474849499e-06 9.74419600088e-07 2.10196962092e-06 2.91311235938e-06 4.25718393972e-07 5.77680061716e-06 8.24187897882e-07 2.99772930916e-06 4.72158722903e-06 1.59180990553e-06 4.16662955853e-06 1.23148250202e-06 4.58297234746e-06 2.15956708204e-06 7.9686221764e-07 5.49878648254e-06 4.33408817814e-07 2.75387945325e-06 2.11935968946e-06 9.65558782642e-07 1.44993583446e-06 1.7203260322e-06 1.61447237498e-06 1.15665126745e-06 1.17370499942e-06 4.73671368252e-07 2.09603244733e-06 6.00079354831e-07 1.01489967051e-06 6.37143264523e-07 8.19031095571e-07 7.16010542904e-07 9.82010660189e-07 6.67145088539e-07 6.6609651553e-07 4.05268060927e-07 9.88981885366e-07 2.66148432452e-07 9.89449041297e-07 3.53503856235e-07 6.25745737017e-07 9.09806524452e-07 2.0957314811e-07 2.75873974417e-07 5.91389796532e-07 1.74644212262e-07 3.97279213636e-07 2.8977879876e-07 4.41972596844e-07 6.74549332074e-07 5.54053948131e-07 2.20061351297e-07 7.20717887212e-07 3.04669486812e-07 6.27347530327e-07 7.26977459823e-07 4.52106193521e-07 5.2670800641e-07 1.34626666787e-06 6.95184458904e-07 8.81835728063e-07 6.57765796586e-07 1.20990804237e-06 6.01233588028e-07 1.53435127641e-06 6.27272102053e-07 1.02121981125e-06 1.48775312209e-06 1.46159139775e-06 1.35300608409e-06 2.04229599804e-06 6.3129792545e-07 2.5007979338e-06 1.91996744547e-06 1.67450199611e-06 1.67497629962e-06 2.01094898967e-06 2.56406751318e-06 1.52164121837e-06 4.5116369788e-06 2.94885702447e-06 2.37800438125e-06 4.63681073817e-06 1.05201652939e-06 2.42634342399e-06 1.98426933616e-06 1.47387217212e-06 1.64798020614e-06 1.71936445972e-06 2.32648300853e-06 5.67243175771e-07 1.90395470921e-06 1.20139609769e-06 1.48459662377e-06 1.33717870498e-06 9.35595444293e-07 5.43275107327e-07 1.49441583032e-06 5.24044501962e-07 1.1811288255e-06 7.83505231719e-07 7.65194959618e-07 6.78685714917e-07 1.38511125685e-06 4.94029401799e-07 3.89276850571e-07 8.77200398734e-07 5.27487515933e-07 3.2269768861e-07 7.16952126377e-07 2.19885703514e-07 6.32512603294e-07 6.77137043828e-07 5.61113519757e-07 3.23309247777e-07 4.79681810765e-07 3.93174811479e-07 8.20627576784e-07 1.33258047894e-06 5.38068540187e-07 3.02067248566e-07 9.45773561361e-07 2.38228466193e-07 1.08024949511e-06 9.98651990461e-07 1.08783824705e-06 4.42402920523e-07 1.73154990991e-06 1.21583657818e-06 1.10035917406e-06 8.10022102954e-07 1.42907195771e-06 1.23221327484e-06 2.29641545925e-06 8.5941694434e-07 1.81911046653e-06 1.54447136049e-06 2.9961407021e-06 1.36844264304e-06 3.3466172969e-06 8.29726783752e-07 3.35039943617e-06 3.40217158494e-06 1.07674766054e-06 7.99505224247e-06 5.96667185902e-07 7.77161809716e-06 1.68080872028e-06 2.31007008311e-06 1.16322871847e-05 2.420279251e-06 9.49059125112e-06 1.99644123804e-06 1.49699030077e-06 7.58941068697e-06 5.9749941762e-07 7.90103788258e-06 9.87286047769e-07 3.28440563127e-06 3.38771066585e-06 7.7510791721e-07 3.32190586593e-06 1.34313171239e-06 2.91926920027e-06 1.58986288399e-06 1.76804573637e-06 8.94878802316e-07 2.27197891999e-06 1.20050764383e-06 1.43847597271e-06 7.14782425697e-07 1.14213936051e-06 1.23083087186e-06 1.73766689305e-06 4.78068601131e-07 1.12444924403e-06 9.6039395531e-07 1.16218520825e-06 2.17957746964e-07 9.82812779902e-07 3.11839196423e-07 5.20701628286e-07 1.37646632799e-06 8.42205692551e-07 4.05335557434e-07 1.00193141209e-06 6.3896626128e-07 5.56605737346e-07 2.01767154088e-07 1.0109573516e-06 3.47863042319e-07 5.20947316844e-07 7.68572664443e-07 5.94252256084e-07 5.9954902627e-07 1.14205040699e-06 9.59787977017e-07 1.27236139306e-06 6.99924773846e-07 1.38471809533e-06 5.97993191297e-07 2.23821023742e-06 6.60480747582e-07 1.27664479297e-06 1.68321599272e-06 1.73852037553e-06 1.49446340249e-06 1.96084449647e-06 7.87661865567e-07 2.7582822687e-06 2.1406742438e-06 1.52570089725e-06 3.48279536865e-06 2.05611253948e-06 2.25994868551e-06 3.5770706238e-06 1.86816342714e-06 3.68639390297e-06 4.81384220088e-06 5.49672590346e-06 2.79644769758e-06 1.82638760956e-06 3.76983491487e-06 2.04253310373e-06 2.07926108686e-06 3.21529631512e-06 1.65437578673e-06 2.00568104373e-06 2.68425040368e-06 7.6398517586e-07 1.93299785773e-06 1.53807216736e-06 1.65781386193e-06 1.6759900315e-06 1.32213366244e-06 5.94333571236e-07 2.39778594075e-06 4.60425219957e-07 1.32728135916e-06 8.25603688816e-07 1.20989029505e-06 9.49175462515e-07 1.04607294678e-06 7.38598592359e-07 5.5780752366e-07 7.71456322801e-07 6.03376822512e-07 3.33203938522e-07 1.14156679313e-06 1.95074904007e-07 5.44108388332e-07 6.11896419498e-07 1.06549774927e-06 2.0703553155e-06 9.22154839772e-07 2.59444699497e-07 1.28853119646e-06 4.37990891931e-07 5.84359606182e-07 8.12574540736e-07 8.30775662464e-07 5.28524448568e-07 1.9035124487e-06 6.47112092683e-07 1.30260041701e-06 9.04982547149e-07 1.10503057636e-06 1.08695110769e-06 1.73895978019e-06 9.44789594146e-07 1.47079973397e-06 1.53421724747e-06 3.29728012776e-06 1.29315962893e-06 2.9891045903e-06 7.79006404699e-07 3.93046262581e-06 2.64796359048e-06 1.10238115485e-06 5.99436030625e-06 1.26206941932e-06 6.63293323888e-06 8.87156951906e-07 4.24511718098e-06 3.25709012235e-06 2.05370641007e-06 1.26941107175e-05 2.05370641007e-06 3.25709012235e-06 4.24511718098e-06 8.87156951906e-07 6.63293323888e-06 1.26206941932e-06 5.99436030625e-06 1.10238115485e-06 2.64796359048e-06 3.93046262581e-06 7.79006404699e-07 2.9891045903e-06 1.29315962893e-06 3.29728012776e-06 1.53421724747e-06 1.47079973397e-06 9.44789594146e-07 1.73895978019e-06 1.08695110769e-06 1.10503057636e-06 9.04982547149e-07 1.30260041701e-06 6.47112092683e-07 1.9035124487e-06 5.28524448568e-07 8.30775662464e-07 8.12574540736e-07 5.84359606182e-07 4.37990891931e-07 1.28853119646e-06 2.59444699497e-07 9.22154839772e-07 2.0703553155e-06 2.12072531763e-06 2.6544498729e-07 1.34650627932e-06 4.80906769143e-07 7.00423877832e-07 8.82722115932e-07 4.30347284091e-07 5.88121242709e-07 1.35759575912e-06 7.05425675074e-07 7.45592335882e-07 7.31692000068e-07 1.36071136975e-06 5.97161240113e-07 1.94707879798e-06 6.19042058272e-07 1.13871247332e-06 1.1579859718e-06 1.74758139523e-06 1.40322176886e-06 1.51029218039e-06 6.5460592949e-07 1.9658502332e-06 2.22831199218e-06 1.15015395593e-06 3.29272073287e-06 1.51304254234e-06 3.09585035076e-06 2.96441431008e-06 1.06364655819e-06 5.74804034758e-06 1.6639211485e-06 5.38782249013e-06 4.4183855536e-06 2.05168605273e-06 5.74996426357e-06 1.09098774524e-06 3.18758408616e-06 3.11852214298e-06 1.5363966079e-06 3.06715491946e-06 1.18250743266e-06 2.21835036615e-06 1.94600745352e-06 5.5670045862e-07 1.48910393912e-06 1.52632962322e-06 1.67233437882e-06 1.15951422869e-06 1.12268798855e-06 5.77358136647e-07 2.03562803007e-06 5.00957944728e-07 1.27430708255e-06 7.29154574697e-07 6.31165848096e-07 7.6816986775e-07 1.35309523631e-06 5.817486442e-07 5.03023833304e-07 8.69657502174e-07 6.64931227403e-07 4.61939379374e-07 1.31876392857e-06 2.85385865854e-07 2.10859572738e-06 9.59109421343e-07 1.25173935367e-06 2.86610195967e-07 5.32441756973e-07 7.21671455366e-07 3.89043049272e-07 4.23638913704e-07 1.16896723353e-06 6.28578010789e-07 9.09101932492e-07 5.49710555124e-07 1.04836872841e-06 5.52595504731e-07 1.18060952647e-06 6.28305847086e-07 8.73253649585e-07 1.29287023553e-06 1.3352716468e-06 1.10490881664e-06 1.82940390543e-06 6.20575708201e-07 2.03392858997e-06 1.56781339808e-06 9.66477648248e-07 3.09687433129e-06 1.13466885184e-06 3.13033735433e-06 1.60325997144e-06 2.82941235067e-06 2.20827549051e-06 3.20568544199e-06 4.59790112533e-06 1.48267120123e-06 4.08450525684e-06 3.78410422478e-06 1.80806784195e-06 3.22593039417e-06 1.57302724257e-06 3.30365188108e-06 1.15379621402e-06 3.09815770702e-06 1.00956862804e-06 1.62190837392e-06 1.94964106928e-06 5.76513852656e-07 1.89761187918e-06 1.12253472432e-06 1.21832729773e-06 1.31303633618e-06 8.81296189019e-07 5.74924620607e-07 1.1844673737e-06 4.818840832e-07 1.01665619379e-06 6.51161802037e-07 8.51518370421e-07 7.88543897521e-07 1.16185613087e-06 3.31211613911e-07 4.32243166182e-07 6.62005956673e-07 5.0975497014e-07 3.19639647428e-07 1.240663348e-06 9.29687891957e-07 1.09156453888e-05 4.95636524127e-07 9.1725155965e-07 1.7213244501e-06 9.35520616824e-07 1.51378406846e-06 2.39261025177e-06 1.3822770656e-06 1.97394480974e-06 1.30182124192e-06 2.0822761051e-06 1.3728066021e-06 3.89469097435e-06 1.1972496473e-06 2.23070751179e-06 2.13798371622e-06 3.78183154635e-06 2.26061604129e-06 3.44412287962e-06 2.22529561104e-06 3.80731689332e-06 4.63598905402e-06 1.74370897812e-06 7.90109916868e-06 2.52100176874e-06 5.56447016665e-06 5.1888355316e-06 3.40063047905e-06 1.1410020652e-05 1.53083969199e-06 1.44746464126e-05 2.72143192148e-06 3.27203864923e-06 1.70521080866e-05 2.27561490334e-06 1.15951867415e-05 3.7881142067e-06 5.26847180194e-06 5.91736184574e-06 2.53227000044e-06 8.05624024695e-06 1.79941466207e-06 4.79517214727e-06 3.91132479044e-06 2.15013116401e-06 3.4858453392e-06 2.27769605341e-06 3.76867687792e-06 2.19462441186e-06 2.28578800138e-06 1.17116431609e-06 4.01272580783e-06 1.39303125881e-06 2.04360363941e-06 1.31820256665e-06 1.97820063692e-06 1.43258108252e-06 2.35542723801e-06 1.57081665159e-06 9.16744147459e-07 1.68629288646e-06 8.67693415133e-07 5.32775195307e-07 9.69932146245e-06 1.23853659754e-06 3.56462598839e-07 7.17305594517e-07 3.91159814635e-07 4.69823729114e-07 9.13175120184e-07 3.95859089992e-07 7.4860898802e-07 4.38892844471e-07 8.50286964572e-07 4.04867743404e-07 1.26974064697e-06 5.19171459272e-07 6.01332806626e-07 1.05086039572e-06 1.07883251037e-06 1.08924901689e-06 1.09509569402e-06 5.89814547969e-07 1.83464228165e-06 1.23122137224e-06 7.38052951051e-07 2.04338072592e-06 9.56410623506e-07 2.35301642063e-06 1.45821525462e-06 1.74084108774e-06 2.35520722572e-06 2.37533093487e-06 3.30511878923e-06 2.33349918397e-06 1.28950021771e-06 2.97984395342e-06 2.90929009788e-06 2.97700385117e-06 2.33652393489e-06 1.96434681242e-06 1.56135680229e-06 2.53967674764e-06 1.04380852014e-06 2.12928561024e-06 7.62018852846e-07 1.2481528207e-06 1.95474321461e-06 5.02848801785e-07 1.03695273071e-06 1.17631683305e-06 9.46360789917e-07 1.02236591195e-06 6.35911995411e-07 4.50762904507e-07 1.21837467764e-06 4.09459981577e-07 8.56072021407e-07 3.58360080713e-07 7.31186220361e-07 3.85464035145e-07 8.2228328092e-07 4.71617794708e-07 3.72856996569e-07 7.2655492633e-07 2.88178113809e-07 1.05634729783e-06 7.9354701641e-06 4.69246048305e-06 1.24255069337e-06 9.93528597094e-07 2.31445857969e-06 1.30063019466e-06 1.72180420178e-06 1.4494777202e-06 2.03941631157e-06 1.00964833464e-06 2.78448270233e-06 1.30075221496e-06 2.24333808156e-06 1.81562323081e-06 3.59495149684e-06 1.91898398131e-06 3.93172052009e-06 1.72687068704e-06 3.23369636778e-06 4.71705809952e-06 1.56157384391e-06 7.12402498157e-06 1.84005664273e-06 5.98130382861e-06 4.16482348858e-06 3.36403232588e-06 8.28624142602e-06 3.02688366617e-06 1.33160126724e-05 1.55852072344e-06 5.45500615597e-06 5.56434141759e-06 2.1570180253e-06 1.52449198225e-05 3.96129436388e-06 8.50873236757e-06 3.77397340276e-06 4.29060796445e-06 6.35661176829e-06 1.9487108911e-06 7.24113361531e-06 1.67277626332e-06 4.88135951856e-06 3.35743821789e-06 1.73585017138e-06 3.94471526876e-06 1.97987331437e-06 3.56738699571e-06 1.87576431468e-06 2.38456036243e-06 1.20495122774e-06 2.80820371046e-06 1.00983958013e-06 1.94038422035e-06 1.44444192193e-06 1.65799903883e-06 1.26094208819e-06 2.11991943845e-06 9.26924668735e-07 1.16229555952e-06 4.13882654805e-06 6.4738565448e-06 5.80173581095e-06 1.16338347737e-06 8.41738722612e-07 1.57789811285e-06 1.13958417624e-06 1.19236310237e-06 8.89032871835e-07 1.37336987085e-06 7.23585594015e-07 2.33487360473e-06 6.93627118185e-07 1.43660552533e-06 1.81488014723e-06 1.55980227385e-06 1.62817873954e-06 1.98928886702e-06 1.17286199231e-06 2.19595885471e-06 2.30328326602e-06 1.56057584581e-06 3.8374141585e-06 1.76156835122e-06 3.08890866522e-06 2.74197638137e-06 3.02479826968e-06 4.77624241277e-06 2.99177324534e-06 6.950044975e-06 3.91511827596e-06 1.28784343603e-06 8.60725625053e-06 1.36391569694e-06 4.75210103918e-06 6.74732086279e-06 3.91970933642e-06 4.54375258206e-06 3.49456249482e-06 2.79101253633e-06 3.23535397456e-06 1.8423700946e-06 3.7046626597e-06 1.62038830171e-06 2.25572786827e-06 2.36394475526e-06 1.15034704651e-06 1.99326997728e-06 1.69140033471e-06 1.43410912478e-06 1.9055539076e-06 1.51949653389e-06 6.53088270602e-07 2.34132481996e-06 7.01839865941e-07 1.13110026841e-06 1.00604467488e-06 1.01144678427e-06 1.01483722269e-06 1.57434159249e-06 8.07289805846e-07 1.03329104882e-06 4.64617645718e-06 6.7902700523e-06 2.09895917812e-06 3.6961481527e-06 2.59195090109e-06 1.93603540752e-06 1.21389814115e-06 1.83963218959e-06 9.89182416571e-07 2.9940900075e-06 1.06172599709e-06 1.09666742628e-06 2.10796256919e-06 3.38731032246e-06 1.8035824603e-06 3.45370240811e-06 1.33507140289e-06 3.4702651033e-06 3.51081817304e-06 1.68411395225e-06 7.37266494675e-06 1.67246592596e-06 5.14134328165e-06 3.08609621693e-06 3.2364318405e-06 7.01750776953e-06 2.80563252392e-06 1.08562335835e-05 2.81364605691e-06 4.22604633943e-06 3.90295795703e-06 3.83931914418e-06 4.72928222394e-06 3.66058149442e-06 1.20767825932e-05 3.87209154356e-06 7.24866003369e-06 3.7336459797e-06 3.27974381812e-06 5.59849721895e-06 1.82429022057e-06 7.71909624358e-06 1.73924548914e-06 3.71103652032e-06 3.80862027756e-06 1.28855502308e-06 3.42754063306e-06 1.90686890992e-06 3.44071053577e-06 2.16964340459e-06 1.13225572177e-06 1.00116022825e-06 3.02577141289e-06 1.01562303919e-06 1.81186951131e-06 1.07349594031e-06 1.86590381541e-06 2.3719879189e-06 3.28506447842e-06 1.59823735656e-06 4.95375530462e-06 5.50990143365e-06 4.03595785815e-06 2.74178703971e-06 1.35664562391e-06 1.17443533489e-06 1.6841192148e-06 5.39194229587e-07 2.66732729659e-06 8.02111226804e-07 1.61200595262e-06 1.57714275971e-06 2.57028780755e-06 2.11571003042e-06 2.11156402422e-06 1.31550646052e-06 2.25993623638e-06 2.93362370364e-06 1.4859956839e-06 4.39810499086e-06 1.76932862404e-06 3.7452374783e-06 3.3891330329e-06 2.357243595e-06 6.19979331807e-06 3.26519159384e-06 7.93480401747e-06 3.31852980606e-06 2.69474058181e-06 8.41465271386e-06 1.02042438427e-06 8.63275100418e-06 2.79174056928e-06 4.51114181302e-06 7.97293156147e-06 4.43991900636e-06 6.32700797768e-06 2.75665143195e-06 3.40565530206e-06 3.99864171826e-06 1.87215554133e-06 4.43414381709e-06 1.5247775718e-06 3.00882105856e-06 2.36257517499e-06 1.21580956312e-06 2.03346566751e-06 2.11190661893e-06 2.68988270345e-06 1.56828344539e-06 1.67959936762e-06 8.59499650834e-07 2.57927491503e-06 5.28695984872e-07 1.61733310987e-06 1.20866204676e-06 1.15295506153e-06 2.23394396643e-06 3.28429801548e-06 3.94176722363e-06 1.50115244087e-05 3.75659843241e-06 2.30448956871e-06 2.5748005081e-06 2.34370549393e-06 8.3735452077e-07 2.62914845179e-06 8.90446092917e-07 1.66120298304e-06 2.02195726168e-06 2.2063787354e-06 2.13334840715e-06 3.40878616024e-06 9.74726238691e-07 3.03421413701e-06 2.82712156365e-06 2.07480101129e-06 4.91786726561e-06 1.72825302224e-06 5.39226932473e-06 3.10165010353e-06 3.56663797329e-06 5.48412481223e-06 3.34598578077e-06 9.7437052657e-06 2.5421016674e-06 3.68274909031e-06 5.97718414064e-06 3.02870874264e-06 3.12950335745e-06 6.14714308188e-06 4.15143113025e-06 3.46938933566e-06 1.01957127508e-05 4.49110234946e-06 5.50069561353e-06 4.13063322034e-06 3.32097205666e-06 5.86942865492e-06 1.96471403245e-06 5.09094030727e-06 2.16181096924e-06 2.90062199045e-06 3.32946976045e-06 9.64274562537e-07 3.46975289256e-06 2.13734984393e-06 2.15398295062e-06 1.8440219005e-06 1.68993074161e-06 9.20651819955e-07 2.43392026322e-06 9.18915066077e-07 2.11258018998e-06 2.13831456874e-06 1.84618761861e-06 2.94721857488e-06 1.05100307159e-05 1.19890616273e-05 4.02754502736e-06 3.28631646321e-06 3.18026810056e-06 1.47055035295e-06 5.0326560751e-06 8.13308323631e-07 2.39635814776e-06 2.28188432373e-06 3.40005250342e-06 2.20269940393e-06 3.40910876835e-06 1.76889296815e-06 2.55037286355e-06 4.10279207086e-06 1.69793117612e-06 6.12335084108e-06 2.12077080231e-06 5.21170877081e-06 4.7919344412e-06 3.44031805094e-06 8.36002135673e-06 3.19520823902e-06 1.14067816091e-05 4.03452449123e-06 3.24890323697e-06 9.08277070173e-06 2.27304277619e-06 9.24814573922e-06 2.28896036185e-06 9.57841755178e-06 3.59483810055e-06 5.3672910064e-06 1.22339667476e-05 4.56552066317e-06 8.55339610012e-06 4.03737925022e-06 5.03201112979e-06 5.61961458024e-06 2.35985852562e-06 6.4601025034e-06 1.71896720783e-06 4.15397549348e-06 2.75470715104e-06 1.80371535584e-06 3.42637471787e-06 2.22417334965e-06 3.43206814696e-06 2.14348309616e-06 2.22544444513e-06 7.39110140275e-07 4.4155531411e-06 1.43831559039e-06 2.72525029041e-06 2.7142273379e-06 2.84889394356e-06 7.87460281493e-06 9.34914549343e-06 3.88499368677e-06 3.22753481982e-06 1.56610266726e-06 4.13690929338e-06 1.19097297712e-06 1.95355771119e-06 2.22159524105e-06 2.73911643404e-06 2.31949673526e-06 2.22072628749e-06 8.54957962258e-07 3.16894089726e-06 2.41980363218e-06 1.8062532666e-06 3.64704191541e-06 1.9018538644e-06 3.60795420336e-06 3.10110050343e-06 2.85840338229e-06 4.94521984261e-06 2.98045472171e-06 7.80242484137e-06 2.97679760974e-06 2.90602077921e-06 5.18908604647e-06 2.48640140053e-06 4.28344822421e-06 4.31694610714e-06 2.57866519527e-06 5.56900059698e-06 3.2035962703e-06 4.19780036361e-06 7.90989823884e-06 4.17275149617e-06 5.02665413355e-06 3.32898261177e-06 3.38098279202e-06 4.0496403771e-06 2.10082175634e-06 3.87712626392e-06 1.83544048913e-06 2.41302558955e-06 3.55968675139e-06 7.95911995841e-07 2.37946550659e-06 2.01481168492e-06 2.66773462922e-06 2.21168408502e-06 1.77964951234e-06 1.10420520652e-06 3.49276759425e-06 1.38887600219e-06 2.52340123257e-06 2.89371496069e-06 5.5394497003e-06 1.30259578203e-05 5.52896444481e-06 2.75748894765e-06 6.3246316985e-06 1.55119534135e-06 3.1198523483e-06 2.66895042882e-06 4.09093968225e-06 3.00352739024e-06 4.33725133793e-06 1.36092126028e-06 4.21403131289e-06 4.77630313108e-06 1.58901616001e-06 6.13130575837e-06 1.76431893599e-06 5.87254412767e-06 4.31871217247e-06 3.51357437805e-06 9.04154272739e-06 4.03661376626e-06 1.20729413821e-05 3.24279909704e-06 4.44084321138e-06 8.29753898906e-06 2.40613188268e-06 7.84753980608e-06 4.23132579197e-06 8.01300847758e-06 2.56871385037e-06 8.6828782496e-06 4.98786261535e-06 4.57706305981e-06 1.25707395613e-05 5.53347276358e-06 9.49764660523e-06 4.13102720184e-06 4.4705744424e-06 6.44120189379e-06 1.96971948452e-06 6.5311004479e-06 1.5901710778e-06 4.90522336823e-06 4.39622124596e-06 1.31369561186e-06 4.32945886552e-06 2.66275257215e-06 3.81562072804e-06 2.44429678511e-06 2.78231492093e-06 1.47483368586e-06 5.19323152921e-06 2.1125765862e-06 3.87297133328e-06 8.98693929364e-06 1.4436826562e-05 2.93595702057e-06 6.67616936526e-06 1.57041898612e-06 3.24980372782e-06 2.67229666604e-06 2.9404097095e-06 3.26558896804e-06 3.26085068127e-06 1.56294746749e-06 3.33176116755e-06 3.71690510089e-06 2.41452612676e-06 3.75712604917e-06 2.20223971377e-06 3.77400415726e-06 4.41056294997e-06 3.17451519094e-06 6.62686747717e-06 4.3440820286e-06 9.80860370099e-06 3.85286149441e-06 2.85630201056e-06 7.91899168606e-06 2.5231275633e-06 5.24316350025e-06 4.43283846732e-06 4.70105379289e-06 5.44260270657e-06 2.59165560194e-06 8.49460971112e-06 3.18883542638e-06 4.86282729932e-06 9.2335326783e-06 5.6948041689e-06 6.61890312084e-06 3.75246413195e-06 4.40832436414e-06 4.16615751447e-06 2.3139845734e-06 3.85538318191e-06 2.42083171372e-06 3.55694259599e-06 3.32141214995e-06 1.34814330071e-06 3.19232622813e-06 2.90517368262e-06 2.4917707606e-06 2.56118370782e-06 2.49668636397e-06 1.41241884516e-06 5.16939053699e-06 1.96889439969e-06 8.31795364121e-06 1.07300939191e-05 1.26039373979e-05 3.13868217091e-06 5.76372229356e-06 3.86139970088e-06 5.95070928237e-06 3.35398401315e-06 5.52464820671e-06 2.4439890143e-06 4.8659138154e-06 4.42951196185e-06 3.26762068193e-06 8.34663985908e-06 2.07128737308e-06 7.65383757329e-06 5.07548544156e-06 5.51796275527e-06 1.04224400959e-05 5.38089777765e-06 1.63315046336e-05 4.65243728287e-06 4.59089789785e-06 8.6315357126e-06 3.48102521239e-06 8.63582650294e-06 4.41156171497e-06 8.94191440537e-06 4.63760490988e-06 8.71935650209e-06 3.75787348766e-06 9.29446876595e-06 5.21568851672e-06 6.03707680336e-06 1.76428215867e-05 7.04251261543e-06 1.06758862635e-05 6.22805111442e-06 5.21455504846e-06 8.19866876902e-06 2.22797978016e-06 8.58538089162e-06 3.23016502339e-06 4.39737531825e-06 5.05607157785e-06 1.94994082007e-06 5.32605938541e-06 2.78921492314e-06 5.23805531634e-06 3.38489349072e-06 4.27977645173e-06 2.49386870141e-06 8.63345638993e-06 5.90639912648e-06 2.95006008131e-05 4.2067017751e-06 5.52295091399e-06 4.41714162085e-06 6.12242966907e-06 3.31851192116e-06 4.29999771243e-06 2.51046950776e-06 4.65689914547e-06 5.38674505468e-06 2.52627987928e-06 7.00974085384e-06 3.54411098665e-06 4.4390843862e-06 6.44307652999e-06 3.78290469299e-06 1.0247155269e-05 4.51881982207e-06 1.33662643975e-05 5.46839102685e-06 3.76158550527e-06 8.74203438922e-06 2.90089615286e-06 7.81785121144e-06 4.6192858939e-06 5.55501631483e-06 5.43996530609e-06 4.66463144259e-06 8.20509383866e-06 3.12656055586e-06 9.6963932562e-06 4.10579307347e-06 6.96782073552e-06 1.3555922082e-05 5.9298694363e-06 1.05279249486e-05 4.31666014396e-06 6.51876213623e-06 4.8203019888e-06 3.56623223007e-06 7.17206269846e-06 2.41050317199e-06 5.05793373821e-06 4.76738348806e-06 2.11560367125e-06 3.81776193049e-06 2.84806890879e-06 4.99789813845e-06 3.71005730287e-06 3.91539087127e-06 2.80337804126e-06 1.6875542101e-05 1.01912109475e-05 6.5610650668e-06 6.47565604838e-06 7.45815820988e-06 3.75392875991e-06 6.13354937147e-06 1.95893326853e-06 5.34975574765e-06 5.64622093546e-06 3.6271971663e-06 5.72936277412e-06 3.34547724172e-06 8.0063016718e-06 4.91758230941e-06 5.28214150073e-06 9.29890543031e-06 6.47314327146e-06 1.41899746527e-05 5.19550461345e-06 5.11107330456e-06 7.41607001166e-06 3.47769817741e-06 6.10443925551e-06 5.68413605953e-06 5.86280394909e-06 4.86632292372e-06 5.77756029697e-06 5.81608084805e-06 6.30337651549e-06 3.61847280751e-06 7.91178644315e-06 5.83786152613e-06 6.7753943236e-06 1.47236034443e-05 8.16196811853e-06 9.40600324196e-06 5.91267668556e-06 4.75851216131e-06 8.53294559183e-06 3.45767923345e-06 5.75854197258e-06 3.48910908154e-06 5.17604625714e-06 5.19500145816e-06 1.6070322259e-06 5.33777481363e-06 3.21437575384e-06 5.72538423849e-06 4.81511835427e-06 4.30678652756e-06 5.54941262637e-06 2.22707740332e-05 9.38743342662e-06 1.09065628067e-05 5.7184749954e-06 8.9577451001e-06 2.54766827597e-06 5.65342632497e-06 7.62020831591e-06 3.80353040968e-06 9.37053523263e-06 3.12191249826e-06 8.58543983575e-06 9.31201451134e-06 4.18291629266e-06 1.36603021785e-05 5.60632424162e-06 1.816909814e-05 6.06393248625e-06 5.13469318774e-06 1.25157116201e-05 3.06515661154e-06 9.02548958851e-06 4.79680304255e-06 8.40321389282e-06 5.82932250436e-06 5.8103180735e-06 8.61494992582e-06 4.95908325071e-06 9.65492910147e-06 3.25081154433e-06 1.32303891268e-05 5.87551823096e-06 7.69035726991e-06 1.88122831882e-05 7.19445304683e-06 1.36751045662e-05 4.8267525988e-06 9.25902220406e-06 8.70246526527e-06 3.16953932359e-06 9.20938965099e-06 3.54311350983e-06 6.78536394208e-06 5.0948753029e-06 1.77511250438e-06 7.20927887573e-06 4.64920181526e-06 7.64128944758e-06 6.53443700276e-06 1.18462694204e-05 2.22636021377e-05 1.09102177928e-05 5.41972647325e-06 8.78832929518e-06 2.61117947355e-06 6.46277522462e-06 5.21863028724e-06 3.59465559038e-06 7.84078249835e-06 3.30257434255e-06 6.09359095282e-06 6.24019272355e-06 5.73038012545e-06 9.35622611866e-06 6.99009353501e-06 1.40312204222e-05 6.0706610158e-06 5.01459476709e-06 9.02724630039e-06 3.69064331095e-06 5.82311044014e-06 5.29447823594e-06 4.50187464891e-06 5.79669966872e-06 4.38116229412e-06 5.95029875088e-06 4.60019495706e-06 5.54431090258e-06 5.97075267128e-06 4.03013023724e-06 9.4099982086e-06 5.62634389199e-06 7.56193749699e-06 1.38493969028e-05 8.50419789558e-06 9.1762041453e-06 6.18600890295e-06 6.25335833341e-06 6.08404148132e-06 3.25722589084e-06 7.57647173459e-06 3.0590044743e-06 4.42763725304e-06 5.58255710869e-06 2.02631365791e-06 6.49937938385e-06 4.14114489271e-06 6.96166400323e-06 1.19741565469e-05 3.64243246349e-05 9.39704939327e-06 1.32736223887e-05 3.53414932314e-06 9.6072209236e-06 9.29393810344e-06 4.72392690815e-06 1.17831554803e-05 4.42997330658e-06 1.13321738347e-05 7.05950966662e-06 7.35992723268e-06 1.74108069214e-05 6.29388869381e-06 2.15162228845e-05 6.24321797883e-06 6.96721332435e-06 1.19234461451e-05 3.83971833524e-06 1.0450461667e-05 4.97462287582e-06 8.2916671981e-06 5.26770404903e-06 6.86226459837e-06 7.27634801582e-06 5.33724151839e-06 8.54461074617e-06 5.08262152617e-06 1.10241131336e-05 4.13511417945e-06 1.28049914052e-05 7.75905768283e-06 7.79471592921e-06 2.1656270187e-05 7.87263465389e-06 1.72963132372e-05 7.68232439775e-06 7.0983640374e-06 1.11776476785e-05 4.17091590653e-06 1.09643863596e-05 4.00428751602e-06 7.51064983176e-06 8.30149479156e-06 2.66378687565e-06 9.13216555164e-06 6.36348638499e-06 1.83140258897e-05 2.55191251259e-05 1.32977728651e-05 3.53305207005e-06 9.06352502849e-06 8.1960371689e-06 4.41230800434e-06 7.91244546563e-06 4.14451414602e-06 8.34583171155e-06 6.43670800036e-06 5.07246710125e-06 1.12041036445e-05 8.48255696434e-06 1.50138431e-05 6.75096278334e-06 4.91437218336e-06 1.05685506621e-05 3.48968153323e-06 6.96839997894e-06 5.27288235124e-06 5.04422039702e-06 5.77034254385e-06 3.53713931986e-06 6.8190986315e-06 3.78236921267e-06 5.68807563585e-06 4.81033443868e-06 5.86096488297e-06 7.16595759908e-06 3.8884495005e-06 1.10822929172e-05 5.20540930132e-06 8.02685281513e-06 1.42821905819e-05 9.82004417516e-06 1.12263341727e-05 4.92661934275e-06 6.23596310026e-06 7.96144585864e-06 3.44626521176e-06 6.5026926846e-06 3.32192900059e-06 6.40943284791e-06 6.99151114599e-06 2.40028492339e-06 7.97736005951e-06 1.27714090687e-05 5.01102471007e-05 6.53680460458e-06 1.6321216768e-05 1.39325124264e-05 8.12940051468e-06 1.50021104453e-05 5.70255055149e-06 1.47388135021e-05 1.03400585967e-05 1.05747268871e-05 1.48141431845e-05 1.26207139089e-05 2.89825482932e-05 7.81103470853e-06 8.38003435886e-06 1.37483812769e-05 5.15430836647e-06 1.13725633576e-05 6.73925534528e-06 1.05416792049e-05 6.72860171241e-06 7.93640077622e-06 7.4074473972e-06 7.29366627033e-06 8.46218991567e-06 6.55965578466e-06 1.05672239963e-05 7.10239284157e-06 1.20761628322e-05 5.47709256747e-06 1.45475170672e-05 9.40619524511e-06 9.19289168902e-06 2.95020211583e-05 1.41141093741e-05 1.49481943177e-05 1.04768849242e-05 9.56150086773e-06 1.39552718328e-05 4.97973479856e-06 1.3234502744e-05 6.19218342467e-06 1.06731335247e-05 1.1823453012e-05 4.29288213713e-06 2.42426461376e-05 1.95534197858e-05 2.17377474741e-05 1.68659939862e-05 8.80784413336e-06 1.72455177482e-05 7.21127471725e-06 1.3167050862e-05 1.12042195712e-05 1.01080540211e-05 1.86952634093e-05 1.00718259307e-05 2.74396724221e-05 1.16420610312e-05 6.08260654085e-06 1.67722191234e-05 4.13660522491e-06 1.23405205449e-05 6.52954468788e-06 8.33887903202e-06 8.18907061713e-06 6.45886588085e-06 8.90994073618e-06 4.73790344362e-06 8.91659077577e-06 6.42161152015e-06 8.27397591627e-06 8.16100945154e-06 7.2345504834e-06 1.22463316526e-05 4.69370049486e-06 1.63229878738e-05 6.60504535926e-06 1.31865046084e-05 2.63027762595e-05 1.11032891647e-05 1.82067694525e-05 9.79082419045e-06 9.81187720521e-06 1.17893862114e-05 6.00157309887e-06 1.41733863281e-05 6.05719787312e-06 1.14741148691e-05 1.31184644809e-05 9.61776975613e-06 5.35431031231e-05 1.79390791597e-05 9.04466206479e-06 1.62956359741e-05 7.34913158059e-06 1.37354010482e-05 8.59027876208e-06 9.77695068692e-06 1.52538809021e-05 1.12735539589e-05 2.30064724025e-05 1.02032970561e-05 7.80712919267e-06 1.18549214094e-05 4.54184228186e-06 9.20656261569e-06 6.36867862217e-06 7.12179687402e-06 6.15453145908e-06 6.78390662864e-06 6.39180827909e-06 5.24485097068e-06 5.12950612824e-06 6.23792217971e-06 7.01214751183e-06 6.1588422069e-06 7.07714978154e-06 6.81289335601e-06 9.11705214055e-06 4.72468440341e-06 1.10231788376e-05 8.74032189268e-06 1.1408977763e-05 2.19082766256e-05 1.231318243e-05 1.4714412737e-05 9.19926063318e-06 7.05137917075e-06 1.18522063618e-05 5.44567555339e-06 1.28043308207e-05 5.77679375362e-06 1.07598829092e-05 2.39107951971e-05 6.00998960329e-05 1.18193997851e-05 2.48156676424e-05 1.00835449841e-05 2.00583025949e-05 1.27644183036e-05 1.06663025934e-05 2.06750170091e-05 1.59655252112e-05 3.14462394088e-05 1.06889611523e-05 9.41584940424e-06 2.11298264346e-05 4.34916786232e-06 1.40561502832e-05 6.78152537804e-06 1.07849461136e-05 7.52363627667e-06 7.68589612121e-06 9.66296197197e-06 5.80873876182e-06 8.65362333146e-06 5.81955521732e-06 9.6353567286e-06 8.05887216065e-06 7.32948494893e-06 1.04332531891e-05 7.2384779442e-06 1.35239873432e-05 4.54910101665e-06 2.00458555794e-05 1.01998952286e-05 1.19389754955e-05 3.10828883924e-05 1.66694491862e-05 1.96371983982e-05 9.9410388939e-06 1.09910096258e-05 1.69781477041e-05 7.27915021855e-06 1.79480153462e-05 7.06096413688e-06 2.7606432057e-05 3.61923687334e-05 3.52255311546e-05 1.22357825624e-05 2.30925102881e-05 1.66274417641e-05 1.48021077563e-05 2.04301747403e-05 1.82367875069e-05 3.47486311505e-05 1.42790536272e-05 8.60490469388e-06 2.18973310233e-05 6.99587503177e-06 1.15239363909e-05 9.34818925476e-06 9.19716056995e-06 9.58584712028e-06 8.05270415989e-06 9.23765672453e-06 7.63379159169e-06 8.02085071263e-06 8.00001065468e-06 7.56351451427e-06 9.43892984478e-06 7.93296870253e-06 9.06413917764e-06 9.15041942445e-06 9.37370815066e-06 1.13850273354e-05 7.080720375e-06 2.02853489459e-05 9.10968201239e-06 1.52730174414e-05 3.30625736642e-05 1.85176965886e-05 1.85624172666e-05 1.32256993704e-05 1.30386914707e-05 1.86846771339e-05 8.13786261416e-06 2.13248807154e-05 1.67730035866e-05 0.000126774201582 1.67293584882e-05 3.39128605153e-05 1.96724258819e-05 1.9779014192e-05 2.87515517702e-05 1.97467751653e-05 4.53308539579e-05 1.79797437296e-05 1.21068237427e-05 2.07095394829e-05 8.04426691773e-06 1.90954550572e-05 8.44775062692e-06 1.28063922162e-05 8.92038742226e-06 1.10327486275e-05 1.03428222504e-05 7.61998324767e-06 1.12219301016e-05 7.72455504117e-06 1.12341301381e-05 7.71696251516e-06 9.92198484807e-06 1.06734251055e-05 8.48734788217e-06 1.20491000253e-05 8.41920216744e-06 1.79976825719e-05 7.67404710414e-06 1.89190393155e-05 1.27840993442e-05 1.84700888859e-05 4.13218051531e-05 1.83769982314e-05 2.5834784172e-05 1.66264696217e-05 1.47488293917e-05 2.42473999202e-05 9.42221714039e-06 5.15014195349e-05 4.4021564676e-05 4.07610570729e-05 2.23415774816e-05 1.96932952322e-05 2.87957848656e-05 2.27065539603e-05 4.05974448335e-05 1.94017748454e-05 1.16838875866e-05 2.20640827202e-05 6.52931873463e-06 1.69427938985e-05 1.15658323909e-05 9.22941243594e-06 1.00782836824e-05 8.1790861829e-06 1.11908466368e-05 6.64643067395e-06 8.69247814428e-06 8.51998003202e-06 8.94436418695e-06 8.76983486064e-06 6.46035947641e-06 1.06385189599e-05 7.50091545208e-06 9.31196535401e-06 8.1868760861e-06 1.1007227239e-05 1.55115773802e-05 5.66758280607e-06 1.99275272523e-05 1.17255744906e-05 1.88314971555e-05 3.51400469787e-05 2.09268348253e-05 2.30286543855e-05 1.58819999402e-05 1.44739269835e-05 2.42450893029e-05 1.82702934332e-05 0.000139111310992 3.60813395008e-05 3.02745167934e-05 3.86942058138e-05 3.35447374702e-05 5.47176261766e-05 2.12132092712e-05 1.65752061906e-05 2.8053004297e-05 9.59941261018e-06 1.68410226797e-05 1.34223478409e-05 1.64088165975e-05 9.00480926502e-06 1.27428273406e-05 1.03966915671e-05 9.64678469068e-06 9.86048324209e-06 8.5641098031e-06 1.23683503309e-05 8.92433666448e-06 9.87622122694e-06 9.24237385489e-06 9.8935878281e-06 1.19754559978e-05 8.16880409769e-06 1.53679333508e-05 1.205954523e-05 1.56295410314e-05 8.28671122745e-06 2.48316076546e-05 1.62361216737e-05 1.98356006517e-05 4.88417238027e-05 2.98095467601e-05 2.90997077469e-05 2.34535494222e-05 1.98951011767e-05 5.8062259702e-05 0.000115505848476 4.71467299435e-05 6.08085900139e-05 4.65029725247e-05 7.80402515247e-05 3.06901194764e-05 1.7925745561e-05 3.9796367548e-05 1.22027221788e-05 2.44729715554e-05 1.32195439146e-05 1.89402973224e-05 1.49416641631e-05 1.13246615548e-05 1.55604551027e-05 8.94656186882e-06 1.384980176e-05 1.03159274649e-05 1.2751171872e-05 1.28983865264e-05 1.0348973306e-05 1.36253840722e-05 8.17329707445e-06 1.45001282938e-05 9.84230345667e-06 1.39758369026e-05 1.63377515895e-05 1.16132036826e-05 2.2186287963e-05 9.82295172336e-06 3.29198938759e-05 1.65763562556e-05 2.75993992638e-05 6.44046671044e-05 3.87285506489e-05 4.06585021065e-05 3.13445248159e-05 4.58321701813e-05 0.000147716419673 8.44352264391e-05 6.60240192936e-05 0.000100221321996 4.22290632772e-05 2.39898110157e-05 3.88881437411e-05 1.56606700446e-05 2.98076498001e-05 1.79706450498e-05 1.83890902642e-05 1.59842278191e-05 1.94652200674e-05 1.30078430408e-05 1.34044489169e-05 1.29983246126e-05 1.35441868522e-05 1.49307120508e-05 1.22155406718e-05 1.48802744708e-05 1.29279603409e-05 1.25356848954e-05 1.18076724267e-05 1.21615100688e-05 1.64269310723e-05 1.42891340626e-05 1.54654841685e-05 1.54777885656e-05 2.51733345297e-05 1.20382191813e-05 3.08216277968e-05 2.09363690434e-05 3.55577919538e-05 8.11564881241e-05 5.17970862589e-05 5.15130088573e-05 7.12502722685e-05 0.000290387505519 0.000109206037867 0.000151535170209 6.00456908257e-05 3.70442436886e-05 5.96008156179e-05 1.77741781781e-05 4.25987575682e-05 2.25340868473e-05 2.77953902107e-05 1.71711730075e-05 2.18435705215e-05 2.49286990639e-05 1.17163996984e-05 2.04968880034e-05 1.25419140215e-05 2.11439543386e-05 1.44831178947e-05 1.51384543238e-05 1.98561343583e-05 1.19267603764e-05 1.84036931911e-05 1.01763706708e-05 2.16357676714e-05 1.74149075948e-05 1.43308236904e-05 2.12727386011e-05 1.88326859853e-05 3.32147688141e-05 1.21618369917e-05 4.30707950015e-05 2.88052442642e-05 4.7387863127e-05 0.000112753481057 7.54233820572e-05 0.000133824810429 0.000400562409198 0.000254704346207 9.72397991285e-05 5.35279727534e-05 9.15611541871e-05 2.63274317925e-05 4.84299339714e-05 3.30307034177e-05 3.69248996384e-05 2.72927822662e-05 2.32149320765e-05 3.0984835364e-05 2.19994581599e-05 1.96298991159e-05 2.00524302305e-05 2.12213650833e-05 2.17650937801e-05 1.83858950844e-05 2.18593648297e-05 1.83947818881e-05 1.91744322959e-05 1.58581305187e-05 1.91141071547e-05 2.4369598633e-05 1.73806667456e-05 2.15582326109e-05 2.64191393628e-05 2.467785443e-05 3.31422144296e-05 1.65071178527e-05 5.91937270175e-05 3.77646725936e-05 6.64519142391e-05 0.0001673307438 0.000190445507598 0.00212688846103 0.000345880157967 0.000189419823024 0.000273247951244 8.38857611532e-05 0.00015659435096 7.76027665331e-05 0.000110802704288 7.14942443868e-05 7.14119239097e-05 6.34060726702e-05 5.45743084357e-05 7.03461364906e-05 3.76995129548e-05 6.4460343921e-05 4.04964643591e-05 5.00401998539e-05 4.91642068486e-05 3.65725794808e-05 5.58970604644e-05 3.0183952239e-05 5.51099954078e-05 3.84811639197e-05 4.31263751156e-05 4.7858103483e-05 4.4263624207e-05 6.39564523736e-05 4.3911436471e-05 8.5028238568e-05 4.08713929267e-05 0.000140278381142 9.99844229044e-05 0.00016999132781 0.000833263356232 

































