






































5.11866100788e-07 3.33104862595e-07 9.4610666027e-08 4.44789883909e-07 1.95794248201e-07 6.36172612073e-07 1.48985734417e-07 4.39005073079e-07 8.82205894864e-08 2.37301528914e-07 2.88837813823e-07 2.29816543794e-07 8.95928366168e-08 4.58908567272e-07 8.87962258605e-08 3.47377914304e-07 2.39258409142e-07 2.21095615666e-07 2.45188346622e-07 3.55528399682e-07 9.59468853391e-08 4.8349156037e-07 9.77888447575e-08 2.34439160683e-07 3.08934465171e-07 2.68986900478e-07 1.03992582309e-07 4.93138187471e-07 1.79016753387e-07 7.48726626823e-07 2.56849025896e-07 4.92164261118e-07 1.31556771182e-07 3.90949797948e-07 3.62298139468e-07 3.65577947273e-07 1.09373757946e-06 2.15522640855e-07 3.87913567214e-07 2.23836603109e-07 3.10648770657e-07 1.71828882951e-07 1.90333864599e-07 6.04687807625e-08 8.34574185878e-08 2.3818657958e-07 2.0582447545e-07 4.67350053946e-07 2.71756764369e-07 6.49984822268e-08 1.48963442846e-07 3.41081704641e-07 3.5257492381e-07 1.72399632711e-07 6.03371913399e-08 2.99121751103e-07 5.25992498051e-07 2.21231023817e-07 2.95556934137e-07 1.10037259618e-07 8.20091355669e-08 2.56473158783e-07 2.49632912821e-07 3.90020360765e-07 3.21902008257e-07 4.17440611818e-07 2.35939816153e-07 7.65881005878e-07 4.33620978088e-07 1.45971587097e-07 2.23692395395e-07 4.16768724846e-07 2.10183556704e-07 1.51763092168e-07 3.3431826977e-07 3.16328061663e-07 2.78884573895e-08 7.55300794713e-09 2.78410765509e-07 6.85502221691e-08 1.018485652e-09 4.15067071628e-07 3.18030140539e-09 2.42824445208e-08 2.93878043832e-07 5.88574871627e-08 1.07773554989e-08 3.85945381183e-07 2.02569642056e-08 6.420727719e-08 2.84849772242e-07 1.7635817508e-08 3.07695577624e-09 4.55626659817e-07 7.85196569486e-09 7.41781035123e-08 3.13126674818e-07 1.49183426509e-08 2.42992685446e-08 4.01075653618e-07 3.85988856447e-07 1.52050183051e-07 1.29562200793e-07 3.13710208546e-07 2.72577251364e-07 2.03529077032e-07 4.89535028504e-07 4.0406696065e-07 2.88833570629e-07 1.10362215483e-06 2.8370445837e-07 3.27857808735e-07 2.27715860465e-07 2.48549551116e-07 1.59908395473e-07 1.02512694517e-07 2.25038805054e-07 6.58103769184e-08 1.39386173189e-07 1.72423260464e-07 2.43497864268e-07 7.57293030912e-08 2.5453607892e-07 1.59460903596e-07 1.11015589794e-07 4.0474149133e-08 4.09303937781e-08 1.0182767504e-07 1.82038905932e-07 2.37320794333e-07 9.83173124138e-08 2.95083404504e-07 1.99795295905e-07 1.68013873736e-07 7.75413516373e-08 2.35994818925e-07 1.66502618449e-07 1.94595253642e-07 2.72123721984e-07 2.70837450038e-07 3.5820156745e-07 2.58513890433e-07 7.77701553643e-07 1.82318218898e-07 4.56153829791e-07 5.02590705222e-07 2.61129671009e-07 1.85485460298e-07 9.10446160399e-08 3.66685295781e-07 9.53255085299e-07 7.01083390175e-07 1.45039187004e-07 4.6727800126e-07 1.35014586225e-07 6.35436513136e-08 6.68373149286e-07 2.21696270949e-07 8.63073515701e-09 5.23468639733e-07 2.63190469058e-07 1.17639622712e-07 4.49534732376e-07 4.25748333177e-08 1.6830791567e-07 5.80734066224e-07 1.12843169488e-07 1.13737138389e-07 5.7270763915e-07 1.66258471656e-07 4.38395198619e-08 4.93158097989e-07 1.14045334319e-07 2.87694845558e-07 5.49715744163e-07 9.18008877938e-09 2.10674168238e-07 7.34657734904e-07 6.72826418396e-08 1.42277273545e-07 4.64091572711e-07 1.46921139224e-07 6.53095653602e-07 7.12746081759e-07 3.02388053089e-07 9.41032417338e-08 3.09919077704e-07 3.79977622831e-07 5.78733168461e-07 7.08063404071e-07 3.61341231811e-07 5.99044353929e-07 1.05058397862e-06 3.43257315823e-06 6.34949996185e-07 1.42165031589e-06 2.08774949011e-07 4.90949809981e-07 1.51786937246e-06 3.33004601069e-07 2.40284145359e-07 1.12270275575e-06 4.09481828719e-07 3.21375805989e-07 8.52904871859e-07 3.92071647498e-07 3.54980453776e-07 4.13911578353e-07 3.9845039099e-07 5.11577749803e-07 5.37090241902e-07 4.17116109066e-07 4.29569334607e-07 3.83615895452e-07 4.00418026568e-07 8.40938276094e-07 3.14820257905e-07 4.27325330453e-07 1.12977139845e-06 2.59667629395e-07 3.47809555902e-07 1.48470140363e-06 5.15061702599e-07 1.86098429528e-07 1.33773092866e-06 5.9158797369e-07 2.30691188239e-06 9.24557573515e-07 5.72161499749e-07 4.30169397203e-07 1.0251354122e-06 7.35192665341e-07 1.3599241651e-07 2.10408634054e-07 8.64350348725e-08 1.19434205697e-07 3.04361894665e-07 9.65526623564e-07 9.21696245622e-07 5.69422009694e-07 1.60956879566e-07 2.74641347136e-07 4.68369541135e-07 2.88467944221e-07 1.33758039941e-07 2.85876299005e-07 4.13603459988e-07 1.4073878183e-07 8.34090404243e-08 2.73126479413e-07 9.14372425138e-08 2.21214882315e-07 1.61751976392e-07 7.5726448311e-08 3.19163539862e-07 3.61733321284e-07 6.07322514478e-08 1.82701397473e-07 2.51205365995e-07 8.95811772599e-08 2.68159737948e-07 1.08032362976e-07 1.30424308765e-07 4.15460486422e-07 2.37959936009e-07 1.36681792658e-07 3.03353799968e-07 3.94802627367e-07 2.0768924822e-07 2.04998991869e-07 3.24497818831e-07 7.07008547684e-07 7.34918480613e-07 2.97643865727e-07 1.4939905071e-07 9.08451847161e-08 3.12756143689e-07 1.62923529646e-07 4.58087880941e-07 4.22282645056e-07 2.27349309777e-07 2.28934526497e-07 5.86825110418e-07 1.36356352104e-06 5.86847037024e-07 2.34176683639e-06 2.14156702727e-07 4.15222351145e-07 1.65362594015e-06 1.992509058e-07 1.2512824247e-07 1.13836582239e-06 3.09403622748e-07 2.80544451084e-07 7.117070962e-07 3.1249899131e-07 1.59922802695e-07 1.00944081126e-06 1.12881732111e-07 5.02316436873e-07 1.95801836106e-07 9.27114300447e-07 1.76824524905e-07 5.51664602366e-07 9.38575958125e-08 9.94032214738e-07 1.74532537754e-07 2.93527713406e-07 6.84163551545e-07 2.48770223558e-07 3.27832522644e-07 1.04867737541e-06 6.85385424284e-08 1.72072219445e-07 1.37854055863e-06 3.09703650052e-07 1.13907287815e-07 1.6799148839e-06 3.10350223588e-07 1.30945278679e-06 5.97975772388e-07 2.46908190785e-07 2.80145195795e-07 5.85971736195e-07 5.05205174109e-07 2.00004867282e-08 4.93196033926e-08 3.00965980115e-08 2.66630445719e-08 3.84804291281e-08 3.12805689332e-07 1.64863298289e-07 1.9988910955e-07 4.58481941647e-07 2.20053382243e-07 3.87638916249e-07 1.06669704396e-07 4.28999927552e-08 3.19680738157e-07 1.84523265143e-07 9.94668589751e-08 1.29385883389e-07 1.18909529922e-07 9.34373274235e-08 2.73599216942e-07 4.98896851232e-08 9.81003749021e-08 1.21257809515e-07 1.18120893101e-07 1.05025775145e-07 1.17783630599e-07 9.67952896727e-08 6.35335600925e-08 2.48505665085e-07 9.73406878799e-08 9.33382039352e-08 1.02724631615e-07 9.01658008065e-08 1.98346716417e-07 3.05878569089e-07 4.23006792766e-08 6.65753395365e-08 3.461066765e-07 1.05122219377e-07 3.5678158998e-07 1.36398900666e-07 2.31265450347e-07 3.02458106696e-07 2.88746512732e-08 4.89461554833e-08 4.17481539725e-08 9.55208908694e-08 2.28175806354e-08 1.43897805941e-07 8.86467179978e-08 1.73869553725e-07 3.3718744981e-07 5.0861633684e-07 2.23054344656e-07 5.09717902111e-07 2.30674120228e-07 8.97382180368e-07 8.63716571542e-07 2.96636225478e-07 1.19891050087e-07 3.69388246213e-07 4.85112085779e-07 1.51551349181e-07 1.59810397201e-07 3.05740524992e-07 8.15365036198e-08 2.81518539699e-07 1.82650944983e-07 2.77645039251e-07 1.12584532066e-07 5.94442558378e-07 4.62984002243e-08 5.48135277585e-07 1.18212126538e-07 2.575867693e-07 1.65053272569e-07 2.85211261242e-07 6.87236623341e-08 2.972573409e-07 1.47579014419e-07 1.3503744792e-07 4.7184617601e-07 2.91652172404e-07 8.51854948914e-08 2.3662096498e-07 5.38683554293e-07 7.11916696372e-07 1.32560279765e-07 3.932535181e-07 1.80553341474e-07 5.42615318266e-07 3.58578269786e-07 2.17714050657e-07 1.21876167337e-07 2.21051405572e-07 5.30697022402e-07 1.95550457613e-07 3.99814294795e-07 3.98882979385e-07 7.73292808988e-07 8.20068334936e-07 1.4364329448e-06 4.29555411965e-07 7.11435823621e-07 4.13389123537e-06 1.24789285301e-06 2.79241624008e-07 1.91184582713e-06 6.6705773493e-07 6.43519028301e-07 1.28772438848e-06 4.3539161347e-07 4.75382274283e-07 1.37781148029e-06 2.8176634666e-07 6.7134752176e-07 9.71867128065e-07 7.76670930057e-07 3.8650585047e-07 4.02839708606e-07 7.75523715797e-07 8.98214597703e-07 6.08658990795e-07 2.5772780191e-07 1.32017080686e-06 4.64644885163e-07 4.33397847825e-07 1.14969434237e-06 5.55927877696e-07 6.03038142907e-07 1.63005925261e-06 2.92728133596e-07 6.35780314358e-07 2.84932861143e-06 4.20325676897e-07 3.72937325821e-07 1.32539442972e-06 7.24035387908e-07 8.55712806687e-07 4.38671000977e-07 5.40731377883e-07 2.67700235796e-07 7.33586648204e-07 1.97952028635e-07 9.34676865044e-08 1.9493511151e-07 2.72594633875e-07 7.07646633732e-07 2.26394645714e-07 5.00502265149e-07 9.38615549708e-08 4.09098515494e-07 9.24055581999e-07 9.13481776978e-07 1.40743057694e-07 4.04481121104e-07 4.16551798827e-07 7.72636823834e-08 2.19690709642e-07 2.15837806753e-07 1.08131362346e-08 5.47807809587e-07 6.74403764934e-08 1.40543739806e-07 2.09697202114e-07 3.41807825957e-07 1.17412181812e-08 8.26348201322e-07 9.70854499167e-09 3.28761213064e-07 2.40936692956e-07 1.61721151634e-07 4.34998278593e-08 5.37755012251e-07 3.87548163442e-09 1.87411482828e-07 2.01684121996e-07 8.20503980315e-08 2.95381158604e-07 3.23467486211e-07 7.34147425292e-08 7.3435408391e-07 5.21334288815e-07 3.71568686772e-07 8.78443899314e-08 3.96813103241e-07 2.32484507443e-07 6.88926722774e-07 3.00530971532e-07 2.40370444199e-07 1.32374084477e-07 2.73347094788e-07 1.31550503585e-07 3.5421485293e-08 1.3580222593e-07 3.32938620127e-08 1.06353395275e-07 2.04122654901e-08 1.22988875453e-07 6.47385511948e-08 5.1833358109e-08 5.51885002853e-07 8.25800261381e-08 4.09199425749e-07 3.75181370618e-07 2.58847125397e-07 1.14905950514e-07 1.53192379255e-07 2.14684577763e-07 7.70532661073e-08 1.60564764882e-07 6.47436124758e-08 1.46018931153e-07 7.35171556091e-08 2.06298965226e-07 5.30576346088e-08 1.21285605647e-07 1.02089702793e-07 6.80146279512e-08 1.9590200375e-07 8.19882305874e-08 1.05418190686e-07 5.65190969568e-08 1.54476905319e-07 8.95452877783e-08 2.22706405528e-07 1.12767204188e-07 8.01440576841e-08 2.57666651372e-07 2.20511394782e-07 3.50669060692e-07 4.40796938348e-08 3.67237910935e-07 5.17595897554e-08 3.92609909363e-08 8.21795704558e-08 1.36071363493e-08 1.18839174404e-07 3.11437263916e-08 1.78342511737e-07 5.8946902073e-08 1.86237170835e-07 6.39091559057e-07 1.12764673003e-07 3.90159700034e-07 5.63645609566e-07 1.03824196599e-06 8.86258282283e-07 6.35635056303e-07 3.49493761368e-07 6.45868607332e-07 1.87796587341e-06 6.70755339672e-07 4.04852269901e-07 3.95284322798e-06 1.88085111723e-06 6.65226319422e-07 1.72914794591e-06 6.71473893049e-07 5.20508813757e-07 1.9004395853e-06 3.50554601449e-07 1.02137601909e-06 1.15037950406e-06 8.07704665259e-07 3.56334030601e-07 1.38350718766e-06 4.00165038689e-07 1.37425562276e-06 3.7209928272e-07 7.92527370164e-07 1.11063856798e-06 9.15506450842e-07 3.027618104e-07 1.5927103642e-06 5.25803200228e-07 5.03595668853e-07 1.47952675947e-06 4.68441582145e-07 1.04775451392e-06 2.81493686075e-06 2.2302077163e-07 6.00634580884e-07 1.66719874547e-06 5.57092523263e-07 3.03057059285e-07 6.6434811874e-07 9.04746121454e-07 1.15386455311e-06 6.36534044682e-07 4.93793679915e-07 1.74401451203e-07 7.91377018528e-07 4.22690541228e-07 1.1949531858e-07 3.33645676499e-07 2.63051485397e-07 7.32893882734e-07 1.69355571058e-07 8.10049061127e-07 8.75634607747e-08 4.6271947162e-07 1.4326067898e-06 2.07212875185e-07 3.37440270941e-07 1.54926959641e-06 2.27579220604e-06 6.45252754012e-07 7.66083671476e-07 6.5403250835e-07 3.26845188292e-07 1.11314038869e-06 2.13554322557e-07 2.13178449061e-07 7.20929767783e-07 7.72961905141e-07 1.71856865346e-07 7.05566725896e-07 3.47023022079e-07 3.26757063899e-07 6.933237737e-07 1.40998701478e-07 7.21919435096e-07 6.646569893e-07 1.72373140621e-07 1.43301766762e-07 9.60071219805e-07 2.75326863941e-07 4.77006079334e-07 5.521538981e-07 3.6781517137e-07 1.70504321608e-06 9.34247069987e-07 3.38832998267e-07 1.4337625486e-07 1.09981795063e-06 4.59041666101e-07 7.61545283432e-08 8.10739461952e-07 1.3449842436e-07 8.14195828983e-07 3.16473163171e-07 4.1127623362e-07 1.94851739891e-07 5.36733879642e-07 2.36928340899e-07 3.57349451498e-08 9.11656807641e-08 1.09447517007e-07 2.94641280078e-07 1.47039368847e-07 2.87590392056e-07 2.06900653586e-07 1.01506232567e-07 7.31982787496e-07 1.34532855649e-07 1.22004927091e-07 6.61141643438e-07 6.03168968492e-07 9.07920351572e-07 4.19341368866e-07 3.57045933422e-07 1.86181576618e-07 2.53610796612e-07 2.02374974889e-07 1.80651892331e-07 1.69138758777e-07 7.28291126706e-07 6.45650033414e-08 3.16632710866e-07 1.36248775338e-07 3.18223742787e-07 1.30569637133e-07 3.2730085009e-07 5.23274209621e-08 7.30830042089e-07 1.08090375489e-07 1.91444805966e-07 2.21240536722e-07 2.18734536695e-07 1.35498869506e-07 3.23877790685e-07 2.17770662013e-07 7.52108644431e-07 3.74782092907e-07 4.89668980592e-07 9.28771087856e-08 7.53710219763e-08 6.10309272273e-07 7.04292908411e-08 2.34282573883e-07 3.1469040313e-07 1.54587251364e-07 3.92592391206e-07 1.44919334478e-07 1.061889505e-07 5.12693042213e-08 2.84057800521e-07 3.47760475653e-07 1.35201281364e-07 3.70448934232e-07 3.71460295232e-07 6.78844845362e-07 3.84388021799e-07 4.9418197438e-07 7.46135330592e-08 7.8473371151e-07 6.26063190024e-07 3.26690287219e-07 2.43146159718e-07 1.56440003914e-06 1.10023580933e-06 4.53345592572e-07 3.04791451865e-06 1.47467698325e-06 3.54459611602e-07 1.92319869748e-06 2.02470740555e-07 8.04034988218e-07 1.21404507343e-06 7.83089028276e-07 3.28847260617e-07 1.5588273487e-06 2.78736611458e-07 1.07202881875e-06 9.87316087703e-07 3.07502292149e-07 1.45049852887e-06 3.28638672761e-07 7.36504180578e-07 1.12090559373e-06 6.65071079447e-07 1.77821103216e-07 1.61512245051e-06 2.1505645078e-07 7.85083597823e-07 2.2882896796e-06 1.62897410786e-07 8.31576738687e-07 1.39605601528e-06 1.42057226819e-07 3.19279136609e-07 5.93451546929e-07 8.0087665778e-07 6.46511218077e-08 4.82469672957e-07 4.448011206e-07 7.87946353106e-07 4.83703364253e-07 4.64042926815e-07 1.78506668405e-07 4.11149259636e-07 1.10206066753e-07 1.44591866076e-07 2.21483763268e-07 2.06993746971e-07 4.92837417188e-07 2.21999772531e-07 4.42354142676e-07 1.44876307526e-07 7.61327649718e-08 1.25596475184e-06 1.41339541647e-07 1.70585951362e-07 1.27549943099e-06 4.50083638657e-07 3.79980825572e-07 1.08999026989e-06 2.08486036637e-06 6.65748754806e-07 1.27067507582e-06 3.1710579705e-07 5.65024193771e-07 7.47802258349e-07 1.0564567705e-06 2.97250769415e-07 1.05302720067e-06 4.80251525414e-07 4.24264427382e-07 7.48349032112e-07 4.28854389498e-07 4.46660722807e-07 9.95189300124e-07 3.10508271626e-07 9.7660233047e-07 7.27448425848e-07 4.9820559978e-07 2.51434278518e-07 8.94130446271e-07 3.92588398948e-07 1.65402957041e-06 6.69763961745e-07 3.73512016568e-07 3.67753895729e-07 9.19117201901e-07 1.83964547743e-07 9.92110773665e-08 1.23391467108e-06 8.15261934085e-08 1.80563538804e-07 5.08595013737e-07 2.42856530314e-07 6.07736712685e-07 2.91394957143e-07 2.68380806067e-07 1.9537144197e-07 1.28229230188e-07 1.08377555021e-07 2.13282091194e-07 7.70740135997e-08 3.45407930617e-07 1.69741976395e-07 1.94832307167e-07 1.49343479959e-07 6.73714352258e-08 2.77334729571e-07 1.37847274006e-07 7.36119854552e-08 5.95920030783e-07 3.42428629315e-07 2.09074198233e-07 3.95572445425e-07 4.73662689347e-07 8.90911675764e-07 8.67898750207e-07 1.56902715694e-07 3.53500517142e-07 2.6182103203e-07 6.89604251721e-07 1.78119414299e-07 1.5854817532e-07 3.16768927245e-07 2.09911132936e-07 1.60421555538e-07 1.7932101126e-07 2.63673759866e-07 2.87585022636e-07 1.55843377079e-07 1.74664744501e-07 6.74598828823e-07 1.96422343967e-07 2.04606466665e-07 1.37400161481e-07 4.47689719189e-07 7.65356111266e-07 3.25820305412e-07 2.2870183572e-07 1.4417004416e-07 2.42974287151e-07 5.73514050712e-07 5.93189392021e-08 7.17384966236e-08 3.16309693718e-07 5.32020513229e-08 1.29170809829e-07 2.52342387113e-07 1.54230372424e-07 4.09627324922e-07 9.75958448983e-08 2.68553418392e-07 1.36775346996e-07 2.41038780133e-08 2.59490050229e-07 5.9394440957e-07 4.06803461752e-07 1.09848120559e-06 5.47221741151e-07 6.67826189181e-07 3.30235982397e-07 6.32641498419e-07 1.49842801597e-06 4.39059833148e-07 4.78117620856e-07 1.09829008756e-06 1.23213727604e-06 9.38556022561e-07 1.81600902368e-06 1.63022512953e-06 8.31052506589e-07 5.2590614278e-06 1.24270839438e-06 1.4997847672e-06 2.08514275726e-06 1.23552547884e-06 5.2337287989e-07 2.49790313196e-06 5.63146495259e-07 2.50331336433e-06 1.40024236716e-06 5.35087701263e-07 1.44693570211e-06 2.34985903317e-06 5.73237733089e-07 2.26740021632e-06 4.79848643846e-07 1.01448186964e-06 1.7860309301e-06 1.17680172369e-06 6.72470940054e-07 3.86467197851e-06 3.82423880689e-07 1.2603270867e-06 1.67491750919e-06 6.87028995712e-07 1.12368000032e-06 1.00778746674e-06 4.01651765049e-07 4.56016542191e-07 1.39873510659e-06 6.40310993757e-07 3.21726597103e-07 6.9933397706e-07 5.88989749803e-07 1.34142966484e-06 5.34367259079e-07 7.38552570739e-07 3.2897408214e-07 2.66232259276e-08 1.34802919791e-07 7.0655812745e-08 1.34643182936e-07 3.23797555581e-07 2.31433267776e-07 1.75943665398e-07 9.07152680933e-08 1.26987204187e-07 3.55712518556e-07 8.0264898275e-08 4.25509773024e-08 6.89226970466e-07 9.96987107511e-08 3.23374755927e-07 4.92121066672e-07 2.85987044978e-07 2.31676463329e-07 7.63871404894e-07 9.14487872951e-07 6.30447800896e-07 4.40103028495e-07 8.0061904249e-07 6.6935525892e-08 6.25117831146e-07 3.07382998218e-07 4.21268243857e-07 5.60726821154e-07 2.09290026909e-07 1.39635793927e-07 5.83160922817e-07 4.09743342085e-07 2.74320268269e-07 5.30768884178e-07 8.07499565767e-08 6.24988744097e-07 2.89797952912e-07 3.7625730019e-07 7.93734331524e-07 4.40759167033e-07 1.59257953386e-07 1.95844232533e-07 4.29767530002e-07 3.10187421814e-07 6.0823200334e-08 6.15842109761e-07 5.22219744739e-08 5.27662798148e-08 3.45781787297e-07 1.3114326358e-07 9.68597547735e-08 1.61822826467e-07 2.69530249513e-07 3.7549384417e-07 1.58014661624e-07 9.18577556405e-08 1.63740011312e-07 1.63356106212e-07 3.67127815516e-07 1.95363458975e-07 5.51379960276e-07 1.63493686732e-07 5.79572029699e-07 5.47699876078e-08 2.61697704169e-07 7.38057160146e-07 2.80429947775e-07 1.6900119188e-07 7.70133879962e-07 8.47259684607e-07 2.40197422092e-07 1.04840841651e-06 9.26200826631e-07 2.9587212857e-07 2.16685799841e-06 3.475741821e-07 2.7628445656e-06 1.37556101447e-06 1.57484485467e-06 5.47759207936e-07 9.84612400998e-07 9.32774437397e-07 1.33082149105e-06 7.03445536932e-07 8.57667834139e-07 6.89520946739e-07 8.34159757211e-07 6.30800500943e-07 1.20824122747e-06 9.05702858633e-07 7.77138961723e-07 4.68423468585e-07 1.43112792985e-06 7.88981647129e-07 2.23771518322e-06 2.45561566548e-07 1.45938888453e-06 2.10035233573e-07 7.25922042257e-07 8.29907952593e-07 2.03050014908e-07 8.5128886223e-07 6.52366051604e-07 1.87286868556e-07 2.55389169217e-07 7.95828203728e-07 2.39728046322e-07 3.44159077689e-08 6.96279481049e-07 1.50406263805e-07 7.30808298066e-07 2.90051232436e-07 4.83198306682e-07 1.9091823728e-07 3.81625326418e-07 2.69052828919e-07 1.78833618996e-07 7.39864277438e-07 2.51444532557e-07 3.16834615297e-07 2.33342830913e-07 3.83320337195e-07 6.18082095811e-07 3.62412181047e-07 1.65840500909e-07 1.07055191831e-06 5.41926043091e-07 5.59914714971e-07 6.88508094703e-07 8.36948004351e-07 5.84314927163e-07 1.99683581471e-06 5.91878269605e-07 1.34654820181e-06 3.51594956361e-06 2.92962060108e-06 3.11930183638e-07 2.4342971029e-06 5.16779695042e-07 1.6750323162e-06 1.43338632421e-06 4.1473635329e-07 1.85376414824e-06 1.86494530364e-06 4.14217307037e-07 1.38571747002e-06 1.4530552483e-06 4.5495679727e-07 2.20255926981e-06 3.24664054796e-07 1.63524339635e-06 2.82780686075e-06 6.4259443065e-07 4.67737316704e-07 1.76667143685e-06 4.15613636506e-07 8.27415419291e-07 7.54077470871e-07 4.95019412725e-07 4.4663898076e-07 9.46309406588e-07 1.50568879692e-07 3.60969211012e-07 6.20849400069e-07 4.24774333569e-07 3.12275049439e-07 3.6886279438e-07 3.12291775107e-07 9.60312903539e-07 2.21485272885e-07 3.09535537532e-07 4.1884869337e-07 6.00949857066e-08 3.60628546662e-07 3.7111541827e-07 9.17330014559e-07 2.36065884414e-07 5.85771995331e-07 8.770813958e-08 4.4798677567e-07 1.15261501673e-06 3.85132897217e-07 2.79531909157e-07 1.52298468256e-06 9.53211043742e-07 2.5686972403e-07 1.97784582079e-06 5.39352256994e-07 7.53148181313e-07 2.99594321045e-06 6.52256600506e-07 2.00688943847e-06 2.00647968232e-06 5.16194625807e-06 1.02733847898e-06 2.24607824788e-06 1.55948702327e-06 1.29850033475e-06 1.44735875479e-06 1.15507890048e-06 1.16004723053e-06 2.89540279146e-06 1.01601736843e-06 1.02615592282e-06 1.55193332917e-06 1.11279319427e-06 1.08726226718e-06 1.72373102466e-06 6.67913889282e-07 4.05901711405e-06 1.26426618238e-06 1.79259142958e-06 5.72270424456e-07 2.45300602295e-06 7.53131561143e-07 4.4611949974e-07 1.56912744613e-06 2.54924614334e-07 9.17117570099e-07 1.41737578276e-06 2.52446314701e-07 3.40909708397e-07 1.23332867925e-06 4.66503130781e-07 5.39546203189e-08 6.52114200323e-07 2.79299801392e-07 1.09352482622e-06 4.86354213495e-07 4.53474856669e-07 6.43217256618e-08 9.81815847698e-08 8.26646075171e-08 2.40373933968e-07 1.16738118588e-07 1.3075943492e-07 2.58368216652e-09 1.25613072016e-07 4.13191911621e-07 8.81958067362e-08 9.56565279184e-08 3.09093507152e-07 2.21943733061e-07 8.95684915614e-08 4.03302640689e-07 4.28665066306e-07 4.75522405851e-08 5.81867453739e-07 2.0755656887e-07 6.02786609234e-07 5.66733722768e-07 9.8632551992e-07 8.77458256619e-07 6.22520136264e-07 4.253951433e-07 3.56705368836e-07 3.47414623857e-07 2.94176167795e-07 4.03836379413e-07 2.19447823792e-07 2.12707631836e-07 3.52672116449e-07 2.04471344091e-07 3.02532346741e-07 2.18584685206e-07 4.12972482675e-07 2.57103587468e-07 8.06269367744e-07 6.05081260753e-07 4.40988608617e-07 5.65230227545e-07 1.87707415803e-07 4.67636302774e-07 2.79005993975e-08 3.67659303075e-07 3.80543319355e-07 6.13718445469e-08 2.0068975481e-07 3.29578754469e-07 9.43852540319e-08 7.13533192337e-08 4.13961746098e-07 1.3933573905e-07 2.39566987961e-09 1.42702377565e-07 1.74411198872e-07 2.6072694439e-07 9.41641084094e-08 1.19449988292e-07 1.84485267364e-07 3.95275896582e-07 1.17404406147e-06 3.29038251779e-07 6.83035920808e-07 2.76737925162e-07 3.73003485935e-07 1.14145486834e-06 4.96756542503e-07 3.20036011504e-07 1.14030114181e-06 1.27196975091e-06 4.6253386006e-07 1.15229034437e-06 5.335211057e-07 1.07265880841e-06 1.506100704e-06 7.82550435881e-07 1.90666660497e-06 2.04379187569e-06 3.62834448619e-06 5.84801750589e-07 5.83375181027e-06 1.91346230296e-06 2.30789107288e-06 2.3928854265e-06 7.62474986924e-07 2.2684392818e-06 3.0989400156e-06 8.1724374933e-07 2.76461005815e-06 2.22456961022e-06 6.49016428316e-07 2.19267862926e-06 1.8934610325e-06 1.20062790513e-06 4.52121958315e-06 2.2121501556e-07 2.85282027567e-06 1.89535717903e-06 1.55283880834e-06 6.7330277409e-07 1.36969312018e-06 1.05632332171e-06 5.4349720448e-07 9.62865980641e-07 5.23785646952e-07 1.17955794424e-06 1.11459396592e-06 3.1524222277e-07 5.04922539002e-07 1.27063629869e-06 4.05480142369e-07 3.04766980545e-07 7.92185162208e-07 4.0355872614e-07 1.37716395012e-06 4.63329036457e-07 2.08829537152e-07 8.55891050222e-08 2.67759644254e-07 4.11647718111e-07 2.00163438337e-07 3.60544039525e-07 1.08686132423e-07 2.74247139644e-07 4.89974522317e-07 1.8579069468e-07 1.83379158798e-07 5.56224973506e-07 4.55387789145e-07 1.10145464681e-07 6.16114057138e-07 4.04928143261e-07 6.81596307764e-08 1.58087742613e-06 2.16098109859e-07 9.05246315559e-07 1.20737881615e-06 1.24925231329e-06 3.54094060049e-07 1.39246208277e-06 2.10647485723e-06 1.47600969667e-06 7.65632771776e-07 5.32674842299e-07 7.21176092536e-07 1.3673896514e-06 8.57661197075e-07 8.37443954791e-07 1.34627142196e-06 6.53317698027e-07 3.45023776566e-07 7.34722213587e-07 9.12585601444e-07 1.78870936953e-06 8.93932275558e-07 3.81157403065e-07 1.05186165078e-06 8.2817039488e-07 8.65789797044e-07 1.34184393825e-07 1.38095279006e-06 4.25640833573e-08 3.063027159e-07 6.66366283191e-07 7.69194443914e-08 3.90874644532e-07 6.02454563563e-07 1.6692479617e-07 1.93778961679e-07 4.33083407342e-07 3.12282793698e-07 1.00231295663e-07 3.78009140701e-07 2.58104972645e-07 4.90953876346e-07 3.127511442e-07 9.78547692998e-08 1.21848479639e-07 5.42163278087e-07 1.13389152086e-06 2.94100092042e-07 5.33173710302e-07 1.6775865819e-07 3.86518877966e-07 1.06963348782e-06 3.62261520092e-07 1.78119308774e-07 1.30004209451e-06 8.83931548927e-07 2.04599113591e-07 8.30705229386e-07 8.10038642268e-07 4.24669201631e-07 1.70883090655e-06 6.17946097405e-07 7.11662271652e-07 2.09227859293e-06 2.75257020809e-06 3.99600216995e-07 3.08165237338e-06 1.47538026677e-06 4.9670354455e-06 2.54394476033e-06 1.17200438621e-06 2.1896770018e-06 1.53899415389e-06 1.52476848643e-06 2.15538008078e-06 1.46998111655e-06 1.31247561255e-06 1.88738836353e-06 1.1054110626e-06 1.51343396368e-06 4.10500054893e-06 8.67303789141e-07 2.49752936564e-06 2.53217272149e-07 2.36198735595e-06 1.72136702931e-06 5.91732436011e-07 5.64221585338e-07 1.45131126514e-06 4.70426925955e-07 8.90202667474e-07 8.04294839427e-07 2.34119520325e-07 7.92759300155e-07 1.30567857726e-06 1.91233071639e-07 3.50492347404e-07 1.18447233971e-06 4.09667478566e-07 1.65644470621e-07 5.93915913307e-07 4.03169083632e-07 1.31535195349e-06 6.2369244516e-07 1.32315478635e-07 5.75796615877e-07 8.20754264094e-07 1.02822444654e-07 6.88988121174e-07 1.3528945948e-07 3.91939983192e-07 1.0099658396e-06 2.67373828544e-07 3.22090208132e-07 6.16605176202e-07 8.49290849024e-07 2.18216636128e-07 5.1685763171e-07 6.76476153826e-07 3.40517124299e-07 1.75449070863e-06 2.91054886553e-07 1.46291298507e-06 6.84895656668e-07 1.71207278019e-06 3.75244028847e-07 1.93734430691e-06 1.18258483529e-06 1.96326008065e-06 3.38127749624e-06 1.32789450118e-06 1.63339724238e-06 2.31567410488e-06 7.07107203212e-07 1.41658526313e-06 1.53429722758e-06 5.92876733735e-07 1.96474916404e-06 1.4398874007e-06 7.13798636564e-07 2.93020862742e-06 1.15388397711e-06 9.0078853217e-07 1.76779880259e-06 3.1950373176e-07 1.73202179235e-06 7.5877824854e-07 1.2930328191e-06 2.85120501e-07 1.6398538446e-06 3.46992937915e-07 5.77976233053e-07 5.11705585166e-07 1.65150477424e-07 9.4793105623e-07 6.08871000496e-07 3.65194605574e-07 2.83919200895e-07 1.11067732615e-06 3.9896721825e-07 1.5297627042e-07 7.10960726123e-07 1.32803199398e-07 9.39233160203e-07 6.31864615527e-07 1.35407123003e-07 5.49864925032e-07 2.15735631174e-07 3.22810105191e-07 1.04104980611e-07 2.08981073603e-07 4.86156161414e-07 1.87869381173e-07 2.10409057552e-08 6.31852230715e-07 4.09684304261e-07 2.38479946462e-07 6.17376864451e-07 5.38771191121e-07 2.28683964553e-07 1.23346103124e-06 6.06219260368e-08 3.78250732016e-07 1.39189826553e-06 6.4948519807e-07 3.4935485568e-07 1.85990077088e-06 4.42486369588e-07 1.76576416324e-06 8.66626263129e-07 2.47793184667e-06 1.61546158897e-06 1.56066952302e-06 1.13886633273e-06 6.51789793315e-07 1.24975257872e-06 6.47063952289e-07 1.04280221299e-06 1.58859679498e-06 1.10576842275e-06 2.28693168031e-06 5.61820737455e-07 1.46643190849e-06 3.78934615573e-07 1.47877030808e-06 2.982095867e-07 4.99352184506e-07 1.23008146782e-06 3.41056645573e-07 6.08090489418e-08 1.06014331569e-06 2.27398783672e-07 5.70172503035e-07 6.37444848886e-07 1.97279081555e-07 4.04656682751e-07 6.62475379923e-07 5.52045253218e-09 1.76197375925e-07 5.87922560295e-07 1.743700005e-07 1.1372448385e-07 3.41238284955e-07 2.8826452674e-07 6.68289152798e-07 1.5135062769e-07 2.90750456175e-07 1.00038776142e-06 1.68416283722e-07 1.01296784831e-06 7.83895383707e-08 4.48242217408e-07 8.30325439778e-07 3.43200707092e-07 2.28886227461e-07 7.76036201932e-07 6.57559086866e-07 5.69658819041e-07 7.32017352742e-07 9.13720571089e-07 4.51733935434e-07 1.75203546029e-06 5.52175611248e-07 1.24161170278e-06 1.17546855854e-06 2.72230632099e-06 1.48694093299e-07 3.061214969e-06 1.13390573493e-06 2.33012069535e-06 2.18751147295e-06 1.51302207568e-06 4.96078553345e-06 3.84959473967e-06 1.47906909892e-06 2.9089694882e-06 1.08520135569e-06 1.16595260891e-06 2.78423507192e-06 1.17358441634e-06 2.54819855897e-06 4.27118735338e-06 8.8654784731e-07 1.8170197758e-06 1.89790756957e-06 9.15656860459e-07 2.74139635816e-06 9.35266932533e-08 2.58101153547e-06 1.17915139757e-06 1.19376507266e-06 5.94842959003e-07 1.68742178678e-06 4.27274470028e-07 8.44297953961e-07 6.89710945729e-07 5.64481013771e-07 6.49671976165e-07 8.14355891143e-07 3.03822330425e-07 3.63179029734e-07 9.52610930512e-07 5.16228862033e-07 7.13856390972e-08 1.10623942865e-06 1.88229405145e-07 1.08381044333e-06 3.09745199317e-07 1.47063553322e-08 1.2222564942e-06 2.45076563272e-07 9.85929014458e-07 1.70623044378e-07 2.11290518035e-07 1.15480996608e-06 3.01742985662e-07 1.03086483408e-07 1.34111046075e-06 5.94073370171e-07 5.50678029308e-07 1.16046425832e-06 1.24914219005e-06 3.77588427358e-07 1.92492621247e-06 2.21461972737e-07 1.33535864142e-06 2.0047228081e-06 1.30615775979e-06 7.36035879748e-07 1.90702738969e-06 1.49615239149e-06 3.54419340617e-06 1.60209279629e-06 2.1459923288e-06 2.90883458993e-06 6.35722992882e-06 2.69366466383e-06 2.44911966801e-06 2.93559667224e-06 9.70254173663e-07 2.82179535445e-06 2.12996916301e-06 1.84615256111e-06 5.46804729306e-06 2.05569001449e-06 2.00361048727e-06 1.45349892079e-06 2.80197390509e-06 1.54308946611e-06 1.71861704394e-06 7.97249638915e-07 1.15116761869e-06 1.91981149657e-06 1.25984749244e-06 2.21031021669e-07 1.85357720662e-06 3.23532155842e-07 1.28176872824e-06 1.21466361365e-06 5.24952607627e-07 6.06645921217e-07 1.43450641192e-06 7.74535980736e-08 3.17076332478e-07 1.22627415147e-06 2.23937300455e-07 1.78622230239e-07 1.05595725021e-06 3.31618190241e-07 1.38930203284e-06 1.54805728427e-08 5.85805237249e-07 1.17748839265e-07 4.55403735434e-07 9.91761277196e-08 1.1358899704e-07 4.69644371674e-07 2.95149922516e-07 7.38179204848e-08 6.49506921833e-07 5.22764615582e-07 3.05446130556e-07 4.83892032252e-07 4.74880294735e-07 2.84408376864e-07 1.04588792915e-06 6.74295688335e-08 5.32632556176e-07 9.31094273182e-07 9.14543977748e-07 1.46929432949e-07 1.79724935517e-06 1.98764613372e-07 1.6156181047e-06 7.96001662134e-07 1.16759293006e-06 1.66169225242e-06 2.26822743761e-06 2.85979782627e-06 1.92858507332e-06 1.47607943852e-06 9.54588337693e-07 8.73218818211e-07 1.32170086149e-06 1.39017765485e-06 2.66016364712e-06 1.58403844254e-06 1.27042881544e-06 1.01147958836e-06 7.36291229743e-07 1.53464502227e-06 1.7323111325e-07 1.58249510798e-06 8.7551931012e-08 9.25312378193e-07 8.14439361375e-07 5.15352322064e-07 5.4041827378e-08 1.04381395486e-06 2.58985648469e-07 4.55845459096e-07 5.1426899528e-07 2.72296481119e-07 5.0284885371e-07 6.82475316456e-07 5.95641663986e-08 3.22510686552e-07 4.7653874776e-07 1.23270885892e-07 1.10804651467e-07 4.70410148178e-07 1.49785102746e-07 6.57086768072e-07 8.60937274788e-07 3.36498304905e-07 1.09103403955e-06 9.34942534698e-08 3.99671538344e-07 1.13446090368e-06 1.92894499466e-07 3.23295861959e-07 8.29153272543e-07 1.13815114413e-06 5.55670330963e-07 8.32218846801e-07 9.42208294866e-07 5.41165690268e-07 1.80664990708e-06 5.41990629972e-07 9.22244242553e-07 1.35912822428e-06 2.09227883813e-06 6.63919642959e-07 2.22883055032e-06 1.58039163413e-06 1.4852192843e-06 1.72102373644e-06 2.08268063443e-06 2.85622227243e-06 3.88140980971e-06 2.09372008788e-06 5.72890624098e-06 4.09158955342e-06 1.36045339292e-06 3.79065258712e-06 1.33233792111e-06 2.97207187409e-06 5.42804033328e-06 1.34892460079e-06 3.38319727951e-06 2.83334943217e-06 1.87273330422e-06 1.63842770766e-06 1.3144071364e-06 1.56873051758e-06 2.08135857093e-06 6.73057371709e-07 1.98554609164e-06 1.30138409696e-06 1.02294756691e-06 6.09770683196e-07 1.79332038314e-06 5.3839321883e-07 8.60885396921e-07 8.54192059092e-07 4.8658485358e-07 1.07334052717e-06 8.4832741066e-07 3.02687704387e-07 1.97451387414e-07 1.18123904412e-06 4.45588060113e-07 1.54347388734e-07 1.13682984888e-06 3.66006167015e-07 9.28384276701e-07 5.15162224451e-07 3.29218871844e-07 8.56673896448e-07 7.53163204838e-08 3.21787043164e-07 1.00150565206e-06 4.04316251552e-07 2.6957637502e-07 8.92231949904e-07 8.31939663593e-07 4.70849730225e-07 1.03235270262e-06 6.10080922934e-07 3.45738911043e-07 1.10373292554e-06 3.04041606087e-07 6.71435893943e-07 1.37729650294e-06 1.29222007413e-06 5.01590165117e-07 2.23309439349e-06 5.08849484463e-07 3.0491364404e-06 6.63578639986e-07 1.71098188276e-06 2.50286658728e-06 2.84944833353e-06 1.46850966283e-06 2.37497548987e-06 5.43825688373e-06 1.91398317638e-06 2.28693866527e-06 2.29638890908e-06 1.31837349484e-06 4.62187437016e-06 1.75371015156e-06 1.43360624639e-06 2.6360786704e-06 2.23889633371e-06 1.59294790435e-06 5.44257628709e-07 2.87974564535e-06 5.34177893331e-07 2.02651681304e-06 5.23242177396e-07 1.19395825888e-06 1.40310681884e-06 6.38748034301e-07 3.16667850317e-07 1.08518662359e-06 3.42259761919e-07 6.44920500552e-07 1.05977551866e-06 5.09397593457e-07 7.46663866938e-07 9.26688420735e-07 2.90565304671e-07 4.14013711985e-07 1.06870995821e-06 3.49335032315e-07 8.44237665199e-08 9.08520918771e-07 3.66199369161e-07 5.5307455946e-07 1.00483774333e-08 3.48788256523e-07 5.60272247319e-07 6.85855464051e-08 2.11615187003e-07 6.48066665892e-07 1.16365179174e-07 1.39937954557e-07 5.49894603329e-07 4.71570991581e-07 1.99806228787e-07 5.1682727303e-07 4.87116676647e-07 2.37221119576e-07 1.16750503573e-06 2.82552138316e-07 6.79024063443e-07 8.44728683641e-07 1.02934987481e-06 1.63205694675e-07 1.5465146727e-06 4.40101111961e-07 1.1027524247e-06 1.21924819868e-06 7.26266622371e-07 1.61653743085e-06 2.13448240079e-06 1.22427724848e-06 1.73328014162e-06 2.28767955137e-06 2.81045057447e-06 2.14049694145e-06 1.7320995583e-06 1.68016252906e-06 2.9274167661e-06 1.59931341281e-06 1.56364177188e-06 1.08606735256e-06 2.05135891317e-06 1.43332259173e-06 7.05093664094e-07 1.08306380618e-06 1.07891930201e-06 4.62453563794e-07 1.40061061084e-06 1.32911140476e-07 1.00130781465e-06 8.38366933422e-07 6.70024601719e-07 2.49128124945e-07 1.21764419532e-06 1.95138587435e-07 5.18538122929e-07 6.04695050143e-07 2.48667493544e-07 4.27002839086e-07 5.44836121099e-07 1.70339434467e-07 1.42111166407e-07 7.05846737612e-07 2.11024388371e-07 6.6589513141e-08 6.25550898104e-07 3.8070029875e-07 1.05778979668e-08 6.72382054198e-07 1.07312325531e-06 1.45630586795e-07 2.28098373044e-07 1.3129794972e-06 5.41394505448e-07 8.90096310173e-08 1.47404860045e-06 7.84838545313e-07 4.76155519558e-07 9.66555059513e-07 8.61425911224e-07 6.33497778426e-07 1.66666657694e-06 5.26156842473e-07 1.45443506339e-06 1.79315551354e-06 1.97079292209e-06 5.54375136155e-07 2.51647207999e-06 1.23115672321e-06 2.70996160046e-06 1.13222520989e-06 2.37889641778e-06 1.41955461101e-06 3.48834580274e-06 1.7402410289e-06 2.98645080285e-06 3.74932150623e-06 1.59485672927e-06 6.77376696509e-06 4.0145499666e-06 3.00812565926e-06 6.3787389166e-06 1.09940538086e-06 3.3749977769e-06 3.0983199965e-06 1.591298991e-06 3.38591232544e-06 1.44243297719e-06 2.30203110528e-06 1.22975183664e-06 2.43223984903e-06 1.22292934141e-06 2.2886611941e-06 6.87505348707e-07 2.03547278512e-06 1.66931080716e-06 1.43138990517e-06 5.32139118617e-07 1.53210400189e-06 6.27048583005e-07 9.19776149478e-07 1.00728181591e-06 4.19060934487e-07 7.87051332132e-07 1.56907719562e-06 1.08684916073e-07 6.18322508361e-07 1.34144953939e-06 2.50471886907e-07 1.62797334045e-07 1.15699181523e-06 7.01261708026e-07 2.56316119204e-07 3.75848192664e-07 1.15975916843e-07 2.09912597326e-07 1.08062745407e-06 2.97643249351e-07 1.61013534578e-07 7.01294960149e-07 6.46961778337e-07 1.69140480388e-07 4.1507433556e-07 4.94572947679e-07 5.09099101199e-07 1.52198989307e-06 3.44206380949e-07 1.15343641688e-06 1.03931237525e-06 1.63311270117e-06 1.99925246968e-07 1.74993305953e-06 5.90881054517e-07 1.948861039e-06 1.24336386441e-06 8.74968629739e-07 2.5889389652e-06 1.43945599492e-06 1.45442166196e-06 2.53969649093e-06 2.43499127289e-06 1.49746159132e-06 2.93998545733e-06 4.87828554804e-06 2.90606892885e-06 4.60201627022e-06 2.36321915679e-06 1.6618288348e-06 2.22177850369e-06 2.27250684779e-06 1.53426509459e-06 1.33592947427e-06 2.47343738311e-06 8.79881697359e-07 1.03337637157e-06 1.89616864249e-06 5.10983830751e-07 1.66307626932e-06 1.41866264293e-07 1.55165012436e-06 1.09453006487e-06 1.08996205064e-06 2.9763956008e-07 1.40257077884e-06 5.26155951176e-07 4.94422405602e-07 3.5713356273e-07 1.89469300861e-07 6.93596715442e-07 7.26819954969e-07 1.82516193864e-07 2.67437200473e-07 1.10498568794e-06 2.36204836223e-07 1.30634054584e-07 3.73384237004e-07 2.63718910996e-07 1.70093595674e-07 4.50617858186e-07 2.82694349929e-07 3.94408388462e-07 1.67773332611e-06 5.10058712223e-07 1.40638290029e-07 1.43317504982e-06 1.04002443668e-06 5.84808117898e-07 9.84030012e-07 1.20261175664e-06 4.11309046387e-07 2.20442220953e-06 4.98206341995e-07 1.55584223775e-06 1.47556639281e-06 2.26144113503e-06 4.76692482033e-07 2.59770015631e-06 9.29542901537e-07 2.37218180585e-06 2.05285341541e-06 1.84150886613e-06 2.17107605999e-06 4.9732010417e-06 8.2243099411e-07 4.16352207129e-06 3.74639509413e-06 1.65042389432e-06 5.30048432307e-06 3.352234609e-06 6.77921866596e-06 7.9188048912e-06 2.55984580172e-06 4.98371516991e-06 1.61322452629e-06 3.61550803656e-06 4.01815652281e-06 7.72116045778e-07 4.99280733328e-06 2.05454315707e-06 1.9315145933e-06 1.98023148127e-06 2.25212851574e-06 1.00538700077e-06 2.51814131969e-06 6.27454371669e-07 2.34134922237e-06 1.43072703977e-06 1.46533357207e-06 4.73257299438e-07 2.19438383297e-06 3.72421590544e-07 1.13474015301e-06 1.01638783533e-06 5.0520514588e-07 9.96643519783e-07 1.42937007395e-06 1.5665174161e-07 5.04828131549e-07 1.67514747467e-06 4.25530792574e-07 2.81386936395e-07 4.68511609428e-07 1.68246207605e-07 5.09040310374e-07 2.45202338166e-07 3.72817748538e-07 1.18407234217e-06 2.40760090469e-07 1.27778561636e-07 1.26252665129e-06 7.3716150397e-07 4.19732766056e-07 6.4747447012e-07 7.2951271194e-07 4.3409894795e-07 1.31545903838e-06 3.15125218597e-07 1.51879526875e-06 6.52779701707e-07 1.89827470218e-06 2.56421067925e-07 2.41828223842e-06 7.71638840668e-07 1.92992661743e-06 1.17562856205e-06 1.31835581355e-06 2.08147579951e-06 2.01051368451e-06 1.62704796955e-06 1.50299885503e-06 2.99971141666e-06 1.64723545677e-06 3.09427778662e-06 2.72307109594e-06 3.01056833937e-06 9.75732962026e-06 3.01056833937e-06 2.72307109594e-06 3.09427778662e-06 1.64723545677e-06 2.99971141666e-06 1.50299885503e-06 1.62704796955e-06 2.01051368451e-06 2.08147579951e-06 1.31835581355e-06 1.17562856205e-06 1.92992661743e-06 7.71638840668e-07 2.41828223842e-06 2.56421067925e-07 1.89827470218e-06 6.52779701707e-07 1.51879526875e-06 3.15125218597e-07 1.31545903838e-06 4.3409894795e-07 7.2951271194e-07 6.4747447012e-07 4.19732766056e-07 7.3716150397e-07 1.26252665129e-06 1.27778561636e-07 2.40760090469e-07 1.18407234217e-06 3.72817748538e-07 2.45202338166e-07 5.09040310374e-07 1.84500519968e-07 5.60540854259e-07 1.23008174254e-06 3.24118359643e-07 1.34430114605e-07 1.33809944834e-06 8.09232692228e-07 3.06515396224e-07 9.12929034774e-07 1.1659352886e-06 3.43719736108e-07 1.52013392956e-06 3.17272028069e-07 1.29429708678e-06 1.24787599503e-06 1.52351772738e-06 2.50899792471e-07 2.47072928712e-06 9.07833953899e-07 2.0759162012e-06 1.15789528031e-06 1.14622683006e-06 2.37404920669e-06 2.61273049825e-06 1.09944553677e-06 3.53405552552e-06 1.79373826281e-06 2.12569842881e-06 3.55613414469e-06 2.88279932279e-06 3.322147362e-06 6.58758215138e-06 5.48060473549e-06 4.25916331656e-06 2.91430508024e-06 3.56534668973e-06 2.16749096968e-06 1.87016959331e-06 3.50713394121e-06 1.13463560566e-06 2.7931150692e-06 2.23119884597e-06 1.27824702237e-06 1.07000745025e-06 2.09285555584e-06 9.06888757877e-07 2.41565599314e-06 2.18079808502e-07 1.4922578993e-06 1.35054595332e-06 1.1842427747e-06 3.87958260103e-07 1.51013586635e-06 3.95056501018e-07 1.14159325938e-06 9.08416559011e-07 2.90888678814e-07 8.75830519621e-07 1.37938689196e-06 1.44213120476e-07 3.1342518479e-07 1.23574689597e-06 5.65967036124e-07 1.86031053058e-07 6.59273144686e-07 1.43576831918e-06 3.22286378033e-07 6.86198767859e-08 1.50580473996e-06 9.2113056656e-07 7.62543419778e-07 8.78789919449e-07 1.14518126855e-06 5.19319685735e-07 1.37321487498e-06 4.94351853862e-07 1.22709353097e-06 1.12338878906e-06 2.34696712971e-06 4.79877866316e-07 2.15174057703e-06 1.04869550806e-06 2.11746238019e-06 1.59775551614e-06 1.23408385831e-06 2.69614063116e-06 3.26938260726e-06 1.44858639479e-06 2.58449242799e-06 4.41772685484e-06 8.99614349087e-07 4.54246391228e-06 3.63189781318e-06 3.79918834924e-06 7.58483302772e-06 2.71310913269e-06 7.77935428609e-06 5.07474550938e-06 3.82161586628e-06 4.85748152523e-06 1.00460984669e-06 4.55622314037e-06 2.56230658153e-06 1.46877606166e-06 3.40821396381e-06 2.58565673795e-06 1.34151109474e-06 1.80906467316e-06 2.25798137066e-06 1.14534658391e-06 1.94150957492e-06 5.53538001821e-07 2.38506747735e-06 1.18783266225e-06 1.2789157296e-06 4.4871725408e-07 1.44710405459e-06 5.21826807259e-07 1.1453065177e-06 8.50120891889e-07 7.80419472453e-07 9.98307768391e-07 1.46220654302e-06 8.26375815013e-08 3.0495679098e-07 1.40469530897e-06 6.22916500886e-07 1.54754801889e-07 1.10451931637e-06 3.80154948999e-07 1.02747466602e-07 1.29981226746e-06 6.32056936934e-07 2.85700914722e-07 8.50346910218e-07 7.12489901444e-07 3.94300920141e-07 1.70831771029e-06 3.09832064988e-07 1.22587319081e-06 9.79635709176e-07 1.92605340942e-06 2.48349254114e-07 1.98192554413e-06 8.54533911642e-07 1.54974314669e-06 1.47951801646e-06 9.03976247309e-07 2.01952090438e-06 2.32689981139e-06 1.43153501351e-06 2.83068879637e-06 1.9222172296e-06 2.46552154622e-06 2.4298686836e-06 3.05148379982e-06 3.55726750847e-06 6.28290315751e-06 2.8763565192e-06 3.79192276662e-06 6.38643763898e-06 4.66745373939e-06 3.0875115874e-06 2.53018112298e-06 2.50875387995e-06 1.99837591239e-06 3.02349077549e-06 1.48882199101e-06 2.38461076615e-06 1.81597538575e-06 9.86535061876e-07 1.43916490169e-06 1.49129219828e-06 9.1283404263e-07 2.08186653839e-06 3.05561931921e-07 1.85435573214e-06 1.09386223272e-06 1.21583460073e-06 2.73528769643e-07 1.66053637812e-06 3.89130010153e-07 6.9957705689e-07 7.98499539423e-07 2.6086496764e-07 5.66578352657e-07 1.20327772419e-06 7.61292343016e-08 3.47152223186e-07 1.05384792236e-06 1.4936959766e-07 1.4341241449e-06 9.08599049152e-07 2.43682111968e-07 2.22338510026e-06 1.10204416948e-06 6.54754768975e-07 1.36908038548e-06 1.35900724743e-06 6.66608221426e-07 2.695851049e-06 6.49791433818e-07 1.23556592096e-06 1.57740537915e-06 2.41499141769e-06 6.75579969685e-07 3.56626118676e-06 1.28548644716e-06 2.57619566499e-06 2.21609435995e-06 1.80563894287e-06 3.14429373638e-06 3.34648359055e-06 1.98600818991e-06 4.44220576606e-06 4.04989609205e-06 1.91884398364e-06 7.25875563073e-06 2.60052933003e-06 5.071728517e-06 8.93822627161e-06 3.5659346056e-06 5.82201229899e-06 4.54115505909e-06 9.01177478822e-06 6.64191048608e-06 3.02847879671e-06 7.91356230886e-06 1.99141948928e-06 4.38470069096e-06 4.43976531633e-06 2.08681168957e-06 3.62341249671e-06 3.18051144121e-06 2.00581172902e-06 2.31084718433e-06 2.88160734874e-06 1.39403571004e-06 3.27610351254e-06 7.24809701809e-07 2.33219442304e-06 1.69060062233e-06 1.21697669012e-06 5.8452357641e-07 2.64601490161e-06 5.07209106445e-07 1.25649904174e-06 1.39173305838e-06 6.57433320792e-07 1.08965358983e-06 2.02893706633e-06 2.18093676584e-07 8.62677985708e-07 1.30433751976e-06 4.64144914909e-07 2.83191548408e-07 1.7126823812e-06 5.25634139267e-07 3.73185587018e-07 1.23137924911e-06 8.71726000603e-07 5.51582157317e-07 1.9432892772e-06 4.30121686769e-07 1.56948621049e-06 1.19194323581e-06 2.40379947427e-06 4.44610633836e-07 2.50341602025e-06 1.32303682681e-06 1.37375121e-06 1.98250262417e-06 9.95312397023e-07 3.30337581931e-06 2.55130403869e-06 1.23569860561e-06 3.52369926079e-06 3.0847536749e-06 2.02266527238e-06 3.39811216095e-06 4.43813848142e-06 2.63430112252e-06 7.70072730265e-06 3.43068043287e-06 4.05816969573e-06 4.19490060781e-06 4.97577140266e-06 8.12098581779e-06 3.39407173235e-06 5.12014613254e-06 3.61979206025e-06 2.16903047435e-06 3.33263786117e-06 3.84177411956e-06 1.32496307958e-06 2.78147564006e-06 3.3113284555e-06 1.05661127802e-06 2.26026637006e-06 1.51440837208e-06 1.49667974552e-06 2.45472371454e-06 4.98376286672e-07 2.4371451802e-06 1.15158822419e-06 1.57340572135e-06 3.89143682937e-07 1.84692312105e-06 4.96263581737e-07 7.78755516676e-07 1.17023450637e-06 3.81755112509e-07 4.69353297972e-07 1.59052776262e-06 2.41737489307e-07 4.08163239571e-07 1.96067198782e-07 1.09899267012e-06 4.59483747351e-07 2.53768402946e-07 8.76376659041e-07 7.31545643624e-07 2.59548313124e-07 1.15900640421e-06 3.8850537029e-07 6.30350466762e-07 1.16101767137e-06 1.01212030038e-06 2.18835324128e-07 1.59993299908e-06 5.17951134218e-07 1.39612347413e-06 8.23504775196e-07 8.4940970921e-07 1.70797258336e-06 2.29523062631e-06 1.01857401401e-06 1.96116671783e-06 1.68622944029e-06 1.61246761243e-06 2.60889300273e-06 1.93499129696e-06 3.16709349433e-06 4.44394261208e-06 2.35971683625e-06 3.05237786036e-06 3.08644714577e-06 2.98216395511e-06 3.15435314962e-06 4.50057028294e-06 4.22621267495e-06 1.96343871915e-06 2.91282261354e-06 1.54003895073e-06 1.84139732365e-06 1.84807623376e-06 1.00053850363e-06 2.3643526042e-06 1.71752733412e-06 9.60184765384e-07 7.93761440058e-07 1.39224452262e-06 5.53017719469e-07 1.55662614088e-06 2.7316858722e-07 8.97625672527e-07 1.20964369755e-06 5.8291295892e-07 3.91884257557e-07 1.04418110186e-06 2.47797722742e-07 6.46070024993e-07 8.55174097747e-07 2.04145402976e-07 4.21164253573e-07 1.00963894359e-06 1.79341363683e-07 5.1417733439e-06 1.7019594261e-06 5.51972690234e-07 2.19020471563e-06 1.55091574912e-06 1.03579652332e-06 3.0141213334e-06 4.62975861171e-07 1.94435945125e-06 2.34276882534e-06 4.00358237502e-06 6.81162869018e-07 3.94255131416e-06 1.74647603222e-06 3.19645020124e-06 3.51270259748e-06 1.94495324699e-06 3.79242926977e-06 4.36559082035e-06 2.72586685632e-06 5.23764597478e-06 3.56545347979e-06 3.58146991818e-06 6.21475037975e-06 5.67825831236e-06 4.50373230301e-06 1.24672932219e-05 3.27485982415e-06 6.62491877347e-06 6.68938197211e-06 6.66202514105e-06 7.38549591389e-06 4.25060343284e-06 1.36679307739e-05 6.10850889426e-06 6.47247428345e-06 7.10758076041e-06 3.65192581986e-06 4.25193064103e-06 5.35470206108e-06 2.94346546266e-06 4.81175449316e-06 3.92516945263e-06 1.99626861829e-06 3.31120441979e-06 3.29789373775e-06 1.92409070313e-06 3.87602388669e-06 7.181387124e-07 4.05014877158e-06 2.20180371585e-06 2.02156974945e-06 5.01025119823e-07 2.97729293209e-06 9.0869830581e-07 1.46382465201e-06 1.98352765081e-06 4.16831895589e-07 1.4250845683e-06 3.86735420533e-06 2.07077986893e-06 3.66292604311e-07 1.37035873065e-06 7.36260217735e-07 3.2151185834e-07 1.69945529162e-06 4.31903240123e-07 1.13445557945e-06 1.159998002e-06 1.60368855521e-06 4.10633026545e-07 1.59606267799e-06 7.0416932328e-07 1.60813350444e-06 1.86630216719e-06 1.28179626038e-06 1.76057448219e-06 2.19659284736e-06 1.07650047525e-06 3.55461501335e-06 2.02378814202e-06 1.60310010878e-06 3.15601134253e-06 2.98413423615e-06 3.25284591316e-06 6.01160879974e-06 3.83175512914e-06 2.53100099909e-06 3.531707472e-06 4.14371636623e-06 3.44597878369e-06 2.73474415244e-06 5.16711279695e-06 5.82179377424e-06 4.85087050292e-06 3.02433167702e-06 3.72966638155e-06 1.61308393132e-06 2.27368463096e-06 3.63726908169e-06 1.26630325209e-06 2.33002781442e-06 1.92746901243e-06 1.42941066047e-06 1.86649253763e-06 1.61341842798e-06 7.57071093377e-07 1.40937527774e-06 4.50107173015e-07 1.57982774881e-06 1.03318197626e-06 1.10907571895e-06 4.26054409529e-07 1.59099861482e-06 2.08708769024e-07 5.83303405868e-07 1.15391527329e-06 3.03712670565e-07 1.64064892618e-06 3.07308804265e-06 2.98050629702e-06 1.16128630688e-06 7.00496798894e-07 2.47873993468e-06 7.54037695378e-07 2.18826451968e-06 1.50491144548e-06 2.2824226035e-06 7.17423599925e-07 3.56956506065e-06 1.17099436695e-06 3.02388978251e-06 2.41059194975e-06 2.26608195332e-06 3.4124218795e-06 3.30338609915e-06 1.66258697659e-06 4.24283753326e-06 3.91239347289e-06 2.92643560994e-06 4.91607112641e-06 4.66115971422e-06 4.89846584153e-06 1.0104433412e-05 2.77330604714e-06 8.27876420048e-06 3.19446967121e-06 5.98697315254e-06 6.09387232784e-06 3.40067326001e-06 8.91997589073e-06 3.86528154678e-06 1.10400636542e-05 7.06829730258e-06 5.14960224715e-06 5.59040715308e-06 2.75331735064e-06 4.78543138911e-06 4.30625007746e-06 1.92851116826e-06 3.61210574693e-06 3.47209171186e-06 2.39010128369e-06 2.29511290849e-06 3.19996371493e-06 1.2104666199e-06 3.57064550096e-06 5.54169325035e-07 2.49341261391e-06 1.47427975071e-06 2.03984245958e-06 6.46210589958e-07 2.26896021097e-06 6.74104020268e-07 9.89062801385e-07 2.6191834811e-06 2.06097862755e-06 7.29718035021e-06 1.15141531791e-06 5.21483147055e-07 2.45106883665e-06 6.59445643405e-07 1.71344618118e-06 1.61469169641e-06 2.60274421813e-06 7.56835466093e-07 2.74644625768e-06 1.21293902597e-06 2.30011236293e-06 2.26913631876e-06 1.56870769197e-06 2.84644672658e-06 4.07615815812e-06 1.4986602957e-06 4.44747799015e-06 2.41816975899e-06 3.4652747961e-06 4.66786322325e-06 4.03277513837e-06 4.55532615151e-06 8.80624757325e-06 4.438116466e-06 4.17756358816e-06 5.88237763972e-06 3.95104782967e-06 5.40196309088e-06 3.95864073777e-06 6.57746089325e-06 4.37390378612e-06 6.27775561652e-06 8.6563123134e-06 6.69342151588e-06 4.083558629e-06 5.58988503588e-06 3.49309254956e-06 2.88854219615e-06 4.58953133378e-06 1.63437054845e-06 4.3643359517e-06 2.94548588323e-06 1.72283226352e-06 2.14387870541e-06 2.33806617248e-06 1.33294875063e-06 2.89786590654e-06 6.15359443192e-07 2.40942442647e-06 1.66690663855e-06 1.40516434288e-06 6.22593275941e-07 2.04256379136e-06 4.9968410922e-07 9.06935904823e-07 4.5482692174e-06 9.18137996687e-06 5.73850460619e-07 2.52836056889e-06 6.67021465732e-07 1.83518280326e-06 1.73584304055e-06 3.14297634612e-06 7.53160663785e-07 2.2371476876e-06 1.37838773235e-06 3.57965388268e-06 2.00355132551e-06 2.00336812808e-06 2.67918686574e-06 4.21629144006e-06 2.10453500195e-06 4.24479469176e-06 3.08114837613e-06 2.92599832111e-06 6.13995965405e-06 4.52010332649e-06 4.54218389902e-06 9.90323075021e-06 3.56634784887e-06 6.96113966341e-06 3.04840097899e-06 9.31861465334e-06 2.83014074347e-06 3.11268810854e-06 9.2999656404e-06 3.26077876351e-06 7.64872027094e-06 4.90931210917e-06 1.03810890064e-05 6.73009316222e-06 4.97955666165e-06 7.18381221688e-06 3.00446013722e-06 3.90923837934e-06 4.25148345658e-06 2.44936337076e-06 4.52075557674e-06 2.63297079815e-06 2.02791585245e-06 1.97477672155e-06 3.69368518695e-06 1.51245145359e-06 2.47248916169e-06 6.2530264983e-07 2.94751199793e-06 1.61139622495e-06 1.75836573215e-06 6.81918816429e-07 2.01808799353e-06 3.83100372405e-07 5.29775280664e-06 3.82565332503e-06 4.89514876417e-06 7.75856892792e-07 1.61170283726e-06 1.61801659753e-06 2.63863121579e-06 6.95378050661e-07 2.22261572408e-06 1.11166720319e-06 2.77288677807e-06 1.71139687317e-06 1.31073029071e-06 2.40154269826e-06 3.36388544157e-06 1.3990248466e-06 5.16699137481e-06 1.75552183771e-06 2.70887457033e-06 4.22182640696e-06 4.62854201837e-06 4.33752182565e-06 8.46773686218e-06 3.77964608935e-06 4.99486879843e-06 4.81571397531e-06 4.13245233642e-06 5.72206888019e-06 2.65043191982e-06 6.25613174346e-06 3.98022886393e-06 5.34127537408e-06 5.07924603837e-06 5.4224714429e-06 8.34721147254e-06 6.31189976083e-06 4.89096993978e-06 5.21278026465e-06 2.69155470171e-06 2.23679550021e-06 5.26501177724e-06 1.58734075835e-06 3.54118170337e-06 2.71092416443e-06 1.51489135516e-06 1.8001700742e-06 2.79380481399e-06 1.15527067028e-06 2.24552789751e-06 5.75344129038e-07 2.43270214581e-06 1.58873078002e-06 1.45303141461e-06 7.21235614548e-07 3.56340385129e-06 2.21751077662e-06 1.96612529692e-05 2.39689471644e-06 1.86682283292e-06 2.10059388443e-06 3.1779794878e-06 6.53370860941e-07 3.17374062056e-06 1.39416971816e-06 2.78964566638e-06 2.13953920605e-06 2.16022850534e-06 2.44264493836e-06 4.11784077532e-06 1.63804766127e-06 4.95660139833e-06 3.38908945774e-06 2.93959699293e-06 5.45348064778e-06 4.85035042754e-06 6.40508244532e-06 1.01277047972e-05 3.79757450996e-06 6.15464178238e-06 4.33402727906e-06 7.77934237939e-06 3.20058458212e-06 5.00798252968e-06 4.96318825808e-06 3.42725614294e-06 8.14175148071e-06 4.66576236105e-06 6.78895935377e-06 5.23129102424e-06 1.01583323934e-05 8.94899662108e-06 5.0422457902e-06 6.44596042146e-06 3.06294797232e-06 4.36839414138e-06 5.00635175249e-06 1.90057002669e-06 4.42516664349e-06 2.5086966236e-06 2.2926741822e-06 2.32043708719e-06 2.66395493771e-06 1.31199428075e-06 3.16433686946e-06 5.86499137053e-07 2.83858962329e-06 1.95082730827e-06 1.52529631087e-06 1.62561661873e-06 1.07728051952e-05 5.28529325949e-06 4.26665941872e-06 4.60764590388e-06 3.59463721278e-06 8.14777165904e-07 3.93112259048e-06 2.01206612142e-06 4.229699192e-06 2.24058994786e-06 2.69991839905e-06 4.18772250656e-06 3.9012790292e-06 2.3271527392e-06 5.25819661661e-06 3.22927215805e-06 4.51264026762e-06 5.26253742287e-06 5.94620991498e-06 7.14451272214e-06 1.26379278784e-05 5.55595065699e-06 5.91788554088e-06 5.4920022442e-06 7.55547701114e-06 6.18495580335e-06 3.20666006099e-06 1.18579237606e-05 3.14620319721e-06 7.01021507194e-06 7.53505765137e-06 6.28023631346e-06 6.57467720431e-06 7.55291536393e-06 1.25243495807e-05 9.68048711874e-06 6.42055196678e-06 6.43294867475e-06 4.41383198167e-06 3.99178759584e-06 4.97709272594e-06 2.6106524761e-06 4.10473522035e-06 4.56025146071e-06 2.87480818038e-06 2.32513980581e-06 3.9562132669e-06 1.90031904893e-06 3.98638664986e-06 7.63514433397e-07 2.98020031008e-06 3.30052402801e-06 2.55461337847e-06 2.92688854948e-06 1.68084073323e-05 7.49144849303e-06 5.21907676303e-06 1.24597904502e-06 5.24180888769e-06 2.0235495761e-06 4.01811668791e-06 1.9988653699e-06 2.14717749799e-06 3.70877804911e-06 5.12750177623e-06 1.71157725174e-06 5.90161999445e-06 2.97875246151e-06 3.96115097419e-06 7.36389754207e-06 4.86599653303e-06 7.17914247284e-06 1.2247655965e-05 5.31584333556e-06 6.40895858629e-06 3.63405291708e-06 7.75430275668e-06 4.17799527244e-06 4.26692088877e-06 5.14010873953e-06 4.99675763677e-06 4.34670930817e-06 4.36633093369e-06 8.16432460505e-06 4.09135473873e-06 6.97869055435e-06 7.14793180567e-06 1.24005155749e-05 1.00970889337e-05 5.12030654633e-06 8.51086740742e-06 4.10580780654e-06 3.63249740212e-06 6.0265718472e-06 1.8498545235e-06 5.66510184274e-06 3.65064346123e-06 2.01723256414e-06 2.06469144534e-06 3.78569647285e-06 1.90018259222e-06 4.34534393873e-06 9.40749896985e-07 3.67735982558e-06 4.74789016318e-06 7.67296979178e-06 1.91836689627e-05 1.09670026797e-05 2.12048171466e-06 5.77380093403e-06 2.53566339163e-06 4.76778483794e-06 2.14571929849e-06 3.16811003988e-06 3.95821311762e-06 5.00255914482e-06 3.05145219422e-06 4.29367646592e-06 3.45483511958e-06 3.40382449687e-06 6.34605380021e-06 6.78052377783e-06 6.41004383816e-06 1.31665502046e-05 5.91175074197e-06 7.43642532646e-06 4.86378625543e-06 6.39933565103e-06 4.93911653916e-06 3.50889802934e-06 9.22203831788e-06 2.23273290744e-06 9.54527118022e-06 3.49731288829e-06 5.83810169858e-06 6.58334865131e-06 5.65394605854e-06 8.40286515183e-06 7.94863071193e-06 1.33979089344e-05 9.18149623927e-06 7.29923633375e-06 7.71859222372e-06 3.29005208442e-06 4.34271582713e-06 4.12501601715e-06 3.23784548222e-06 5.44495331921e-06 4.0288344673e-06 2.93452608702e-06 2.43828036477e-06 4.31595736776e-06 2.06036140184e-06 4.37660460361e-06 1.50484958502e-06 6.54775339601e-06 1.02602811584e-05 2.54898723663e-05 2.35504836207e-06 6.97372172227e-06 2.91463050765e-06 5.34703263421e-06 3.38677603086e-06 3.50465086638e-06 4.25114719133e-06 4.08313910876e-06 2.79722521083e-06 5.7811522644e-06 2.60747533579e-06 3.70099064945e-06 5.36576636085e-06 5.3813533234e-06 7.72144798499e-06 1.15976999201e-05 5.00517333706e-06 6.89109158262e-06 4.38488899495e-06 7.37336115382e-06 2.88500334485e-06 3.34493877699e-06 6.50147223644e-06 3.43247512153e-06 3.65630439415e-06 6.40017421413e-06 3.41776385088e-06 3.38266280929e-06 7.83702162993e-06 5.12536911103e-06 7.56685508289e-06 6.81002301209e-06 1.18121518953e-05 1.05236395831e-05 5.97373179411e-06 6.61066065903e-06 3.9387156325e-06 3.24608596442e-06 5.92645929306e-06 2.91510370056e-06 4.32371167967e-06 4.18789457093e-06 2.98073149987e-06 2.90368574533e-06 4.55127795409e-06 2.13042000485e-06 4.61552474227e-06 1.65479282822e-06 1.10471622178e-05 9.31417513125e-06 1.59933530842e-05 4.75321140787e-06 7.64672378626e-06 5.5826817255e-06 4.10264175832e-06 5.45424235177e-06 7.53594716776e-06 3.31665122162e-06 7.46458708768e-06 5.2761877552e-06 3.71571643916e-06 8.19015278908e-06 7.00133339476e-06 1.00155178106e-05 1.70955877124e-05 6.88970282684e-06 8.50943322036e-06 6.83636151379e-06 1.04115364475e-05 5.91310382281e-06 3.45198893916e-06 9.2263761458e-06 4.37580187004e-06 8.19353096177e-06 4.52037367994e-06 9.96192408696e-06 3.65209308272e-06 6.73096901016e-06 1.0674195665e-05 7.9701413496e-06 9.44113244217e-06 9.21899503575e-06 1.67518239159e-05 1.30160493037e-05 7.23745072219e-06 9.56669779124e-06 3.61367993614e-06 6.56244363409e-06 7.33056823002e-06 3.06897669803e-06 7.11962762847e-06 5.1830165505e-06 3.40226339909e-06 4.2646626982e-06 5.72512999666e-06 3.13272495891e-06 9.16726716304e-06 3.71664672564e-06 4.05906229868e-05 7.34090444214e-06 1.03891719169e-05 5.0338024268e-06 5.73194977243e-06 6.45185170906e-06 9.00985455969e-06 4.6996844136e-06 6.98153017926e-06 5.94703258159e-06 6.01012081681e-06 6.97984946985e-06 8.75699373924e-06 9.41398649201e-06 1.69816571556e-05 8.04738731831e-06 8.67902171952e-06 5.12478598732e-06 1.04274295787e-05 4.93920417075e-06 3.78726557076e-06 6.73968437107e-06 4.04789904451e-06 6.54325815518e-06 6.01448211791e-06 4.39245858841e-06 6.74584719596e-06 4.09163469384e-06 5.72490319533e-06 1.07941513296e-05 6.0558061049e-06 9.45116204078e-06 1.01546559614e-05 1.70728652879e-05 1.20507756656e-05 9.28282494563e-06 8.17297979949e-06 6.11638977043e-06 6.38565070213e-06 6.81327739926e-06 4.36386722155e-06 8.070991357e-06 5.63938506446e-06 4.60881744185e-06 3.58470972607e-06 6.93763214486e-06 4.58271184519e-06 1.86695115521e-05 1.89206654034e-05 1.4122521764e-05 6.30036099408e-06 5.82052038517e-06 7.65963668152e-06 9.75551457115e-06 4.3280842641e-06 7.54049936902e-06 5.86862118107e-06 4.79702864837e-06 1.00228749659e-05 6.75424868104e-06 1.08320966085e-05 1.58114353388e-05 8.50021757768e-06 9.57608752389e-06 4.61176490005e-06 8.87324066402e-06 5.52477840952e-06 3.73748136685e-06 8.29519563253e-06 3.07100782925e-06 6.72225458693e-06 4.86860373252e-06 6.88198574471e-06 3.36100444935e-06 8.37485788659e-06 4.12437183891e-06 6.36422787725e-06 9.26513944382e-06 5.51834606274e-06 1.02373680411e-05 1.08278990243e-05 1.46504665953e-05 1.33401360667e-05 6.6306643191e-06 1.05727527738e-05 4.92497866305e-06 5.66870178107e-06 6.96035744725e-06 3.78518627676e-06 7.88129162327e-06 6.06862204474e-06 4.01248983667e-06 4.07681001277e-06 7.57737359729e-06 7.3751203286e-06 4.48918453719e-05 1.23791523091e-05 8.22507324087e-06 9.55644695516e-06 1.38659538776e-05 5.58538340443e-06 1.03513252465e-05 8.33602060744e-06 5.33234144116e-06 1.23076497947e-05 1.1958620632e-05 1.0963221909e-05 2.09811222017e-05 8.90293527921e-06 1.25421706678e-05 7.25421236252e-06 1.08677641897e-05 6.23637960148e-06 4.39706929316e-06 1.11447021108e-05 4.52729655713e-06 6.89875516959e-06 7.0436191625e-06 7.61218332432e-06 6.68414696626e-06 4.98529727422e-06 1.12339504879e-05 4.66719203159e-06 7.09740990282e-06 1.09574208182e-05 8.32703484518e-06 1.37236554418e-05 1.07854389808e-05 2.08969767079e-05 1.31420731558e-05 1.23649004752e-05 1.25638534924e-05 5.33781016387e-06 7.70293791376e-06 9.28460123305e-06 4.89977419284e-06 1.03504453776e-05 6.86438950974e-06 5.63806313538e-06 7.62008903487e-06 1.72178654662e-05 3.05928684475e-05 9.13403969558e-06 9.00395952195e-06 1.07815583535e-05 4.58479407672e-06 9.53568518005e-06 8.23435543234e-06 4.59881660027e-06 1.04700045426e-05 8.09213435384e-06 1.32092921394e-05 1.64282306878e-05 9.61755452689e-06 9.13912613527e-06 6.03399376835e-06 1.08966189951e-05 4.73115227285e-06 3.69651446349e-06 8.38371082118e-06 4.2044641946e-06 6.19300885297e-06 4.78369593025e-06 6.21310399392e-06 4.74718890761e-06 5.86521759558e-06 4.78972857241e-06 8.47231278607e-06 4.22007043408e-06 5.43893086684e-06 1.04991458464e-05 6.95636878775e-06 9.3127592652e-06 1.17184614115e-05 1.43214954824e-05 1.49906248405e-05 8.00272006549e-06 9.700859507e-06 4.38483143225e-06 6.95618053177e-06 8.25855810585e-06 4.04342955763e-06 7.54787781095e-06 5.9003430534e-06 4.9166048172e-06 1.26921340669e-05 3.5819914857e-05 2.11732865284e-05 1.93596505984e-05 8.03611431684e-06 1.6244119236e-05 1.23798693444e-05 8.32908225431e-06 1.62062410095e-05 1.12556572209e-05 2.00950546838e-05 2.77347824821e-05 1.10968869467e-05 1.65290287359e-05 8.12229776527e-06 1.63312503987e-05 9.1923598793e-06 4.84018536949e-06 1.36594356924e-05 5.30999010817e-06 1.08759257321e-05 7.36397855738e-06 7.68300006303e-06 7.50344451323e-06 7.61443792241e-06 1.09482603493e-05 5.71882043835e-06 1.37936273841e-05 5.11890157007e-06 1.02868495249e-05 1.64378198882e-05 8.65859005261e-06 1.77262318382e-05 1.2316704066e-05 2.75222705456e-05 2.16154351732e-05 1.13754225475e-05 1.50451966497e-05 8.24668742062e-06 1.02660209867e-05 1.25122959701e-05 6.26309603147e-06 1.32472588959e-05 1.21438536267e-05 1.27845803352e-05 6.76421841296e-05 3.14247228998e-05 1.17575136045e-05 1.8174337132e-05 1.43766148658e-05 1.01645383447e-05 1.8084921719e-05 1.32951673081e-05 2.03668534319e-05 2.84866580142e-05 1.78503368638e-05 1.17163783793e-05 1.09822177386e-05 1.31141217355e-05 9.30843909282e-06 5.52384679604e-06 1.18692025946e-05 5.63855477296e-06 9.33927891381e-06 8.48133551095e-06 8.21130875161e-06 6.07093890257e-06 7.89857597972e-06 9.04403502946e-06 8.69394120733e-06 6.09982038288e-06 1.13427857437e-05 5.96473170247e-06 9.94232894671e-06 1.29937195709e-05 1.11412810102e-05 1.18497325294e-05 1.92889392065e-05 2.68767388985e-05 2.13486038558e-05 1.36717290329e-05 1.67609088327e-05 9.28296838165e-06 1.09896142823e-05 1.28959685426e-05 7.37518920486e-06 1.7986946269e-05 2.58105925062e-05 8.61809670986e-05 1.70116942377e-05 2.18113349661e-05 1.53909667145e-05 1.07807282826e-05 2.06649590018e-05 1.3505648895e-05 2.390549374e-05 2.82617575323e-05 1.77028374495e-05 1.61114701287e-05 8.34123963257e-06 1.50010305884e-05 8.87176800078e-06 5.19527862253e-06 1.47576695646e-05 4.86389460483e-06 8.84099060802e-06 7.37742775183e-06 8.46279239333e-06 6.30789748485e-06 5.83431314198e-06 8.16455021657e-06 7.14423760615e-06 8.21015900969e-06 4.95557659904e-06 1.3662056476e-05 5.86470290404e-06 8.72629000374e-06 1.46366231106e-05 7.74795982223e-06 1.67824439065e-05 1.82064301697e-05 2.41927451464e-05 2.41429603735e-05 1.26393798518e-05 1.77352608579e-05 8.61017978987e-06 1.09684683879e-05 1.33108140597e-05 8.57826232964e-06 3.03426095149e-05 4.71562352626e-05 3.52408901515e-05 2.09454336386e-05 1.47602190049e-05 2.52274069677e-05 1.83901162656e-05 2.86241458674e-05 3.4530735117e-05 1.94614875424e-05 2.04703422702e-05 1.34876544948e-05 1.42967406799e-05 1.14637575479e-05 6.05581103766e-06 1.51880034041e-05 8.23045116065e-06 9.06750266903e-06 9.11801090124e-06 9.15137533079e-06 8.7328567372e-06 8.05043272983e-06 8.49116329268e-06 8.7178062822e-06 8.77964030719e-06 8.52592788023e-06 7.84947408205e-06 1.43573002418e-05 6.31878901665e-06 1.13786354697e-05 1.30509112706e-05 1.33423320201e-05 2.09289202019e-05 1.94758078075e-05 3.17618487714e-05 2.7951915023e-05 1.60094868615e-05 1.96235812532e-05 1.08381518979e-05 1.36133157945e-05 2.04589927606e-05 1.82300667337e-05 0.000113101725886 3.62993899407e-05 1.95713167351e-05 2.88026031944e-05 2.2750172552e-05 3.77305326438e-05 4.17516725669e-05 2.53670547688e-05 2.08603264365e-05 1.54495094569e-05 2.20700636105e-05 1.10278955514e-05 7.67091399756e-06 1.55204523703e-05 7.94338819032e-06 1.22964262553e-05 9.08303097778e-06 9.63730700362e-06 8.74753954784e-06 1.03119642852e-05 1.06567324853e-05 8.33032121643e-06 9.51309244577e-06 8.79389207128e-06 1.18380948517e-05 7.57704222858e-06 1.44131610575e-05 7.35800719139e-06 1.04463142191e-05 1.98351948116e-05 1.4836433668e-05 1.97798124883e-05 2.441079789e-05 3.77397448593e-05 3.51944354277e-05 1.86549663974e-05 2.09757142729e-05 1.34138056946e-05 2.05070889423e-05 4.28976640588e-05 0.000110274279655 3.33079136037e-05 4.2650539046e-05 2.98055587392e-05 4.83978667769e-05 5.19170566785e-05 3.22181415158e-05 2.53015868854e-05 1.71717282908e-05 2.52429858021e-05 1.73513352353e-05 7.60485283255e-06 2.09449122757e-05 8.1697793322e-06 1.32175402226e-05 1.32205214079e-05 9.28819548506e-06 9.56053298778e-06 1.07357085914e-05 1.31319268305e-05 1.0854371827e-05 9.08122793895e-06 9.29080153114e-06 1.19769449457e-05 1.240415899e-05 7.50505432703e-06 1.86708377314e-05 7.28145731768e-06 1.57259875671e-05 2.21142908543e-05 1.50691875366e-05 2.27334549276e-05 2.93159314637e-05 4.52457522273e-05 4.21281722802e-05 2.27482571074e-05 2.68237670059e-05 1.94430380304e-05 4.10718220526e-05 9.81391240938e-05 7.17994802342e-05 3.97071458775e-05 6.07095455599e-05 6.60132495137e-05 4.25137595718e-05 3.1408019528e-05 2.04170896821e-05 2.71998598959e-05 1.90615672176e-05 1.13387735727e-05 1.75032368071e-05 1.06356037745e-05 1.3136694061e-05 1.33946028845e-05 1.43691328572e-05 8.58569447471e-06 1.2312241069e-05 1.25696289876e-05 1.31255010855e-05 1.15564783397e-05 8.68330848495e-06 1.271976022e-05 1.26695321146e-05 1.12418099875e-05 1.01923593933e-05 1.39020623254e-05 1.05041998312e-05 1.61629537032e-05 2.20008111758e-05 1.80797891238e-05 2.70269660672e-05 3.60563777274e-05 5.32311220006e-05 4.83564695551e-05 2.71966674394e-05 3.92974372448e-05 3.86241554654e-05 0.00022395409265 5.99224782281e-05 8.15468475959e-05 7.90086803594e-05 5.30578626664e-05 4.0945203228e-05 2.53368451415e-05 3.20879234885e-05 2.13339846202e-05 1.20851957665e-05 2.8990660853e-05 9.4112022144e-06 1.82405173049e-05 1.31895668454e-05 1.50101056521e-05 1.29262252992e-05 1.13303773671e-05 1.33746434273e-05 1.29169572726e-05 1.35632787183e-05 1.05664260368e-05 1.18360099494e-05 1.32729583994e-05 1.1434376341e-05 1.5513328089e-05 7.87534992202e-06 2.3078750242e-05 1.06826376032e-05 1.56229599227e-05 2.55502128926e-05 2.08819053482e-05 3.21281103588e-05 4.21654349657e-05 6.06529220802e-05 5.87634035467e-05 3.71540736588e-05 7.91747307976e-05 0.000215745951636 0.000144017417782 0.000110175334036 6.78966866223e-05 5.62982795024e-05 3.41293883524e-05 3.95275055845e-05 2.78694748666e-05 1.53809432343e-05 3.20462483921e-05 1.7388649901e-05 1.72246814278e-05 1.90603834474e-05 1.57385775194e-05 1.41389738308e-05 1.70134960306e-05 1.394755711e-05 1.37717524876e-05 1.46236952097e-05 1.33165024808e-05 1.56243144495e-05 1.24623545337e-05 1.3329982743e-05 1.53280588739e-05 1.35406657311e-05 1.33378591845e-05 2.40804003666e-05 1.19392830622e-05 1.9104716568e-05 3.05749923246e-05 2.54350192564e-05 3.91820024771e-05 5.08465266087e-05 8.01193298601e-05 9.05215395978e-05 7.74157283955e-05 0.000576149132694 0.000230296918055 0.000116232331508 9.69847912457e-05 5.6039130058e-05 6.9381180929e-05 4.20936198003e-05 2.41290058655e-05 4.52704888082e-05 2.41229167321e-05 3.31713929807e-05 2.08516691682e-05 2.5882936071e-05 1.7832592433e-05 2.26671997656e-05 2.62299831816e-05 1.72750902357e-05 1.95363276472e-05 1.67972344299e-05 2.37185592002e-05 1.97787815813e-05 1.5103101917e-05 2.09060893814e-05 1.63009045627e-05 2.4895934522e-05 1.7249105617e-05 3.09867993709e-05 1.716872647e-05 2.67939159501e-05 4.56323497893e-05 3.66525056979e-05 5.64383193491e-05 7.82660840953e-05 0.000153825566341 0.000239842472045 0.00190261436414 0.000452228264892 0.000297118301341 0.000171863456833 0.000204645301935 0.000131911654954 6.37935913309e-05 0.000137731835387 5.83923296354e-05 9.02814452974e-05 7.32837472177e-05 5.39683835879e-05 5.24367125736e-05 5.01746574248e-05 5.91451544062e-05 5.5803576899e-05 4.07902666993e-05 3.9361104037e-05 5.04839261511e-05 4.89609327324e-05 3.91477682893e-05 3.81068723708e-05 3.62952525396e-05 4.81151047283e-05 5.29730827014e-05 3.28222983339e-05 6.97479670621e-05 3.45454767058e-05 6.12984573004e-05 9.21284852153e-05 7.55045028765e-05 0.000113434403921 0.000206878296293 0.0007021700296 

































