





























3.00125714401e-07 3.50311611281e-08 2.15627149389e-07 2.99231430819e-07 9.9895797749e-08 5.86036299417e-07 2.64266477983e-07 2.05742017814e-07 8.5325958936e-08 1.28248938815e-07 6.14740073568e-07 1.23135061909e-07 1.77588028245e-07 1.74722484345e-07 1.23096843284e-07 6.35583633152e-07 1.30483763398e-07 8.0767867696e-08 2.10938137294e-07 2.90872266209e-07 6.77650010102e-07 1.2524114717e-07 3.93539361029e-07 2.39666006782e-07 4.57795269356e-08 2.2328648151e-07 2.01074911174e-07 7.49038198046e-07 9.4254594502e-08 3.69852011342e-07 2.2469796151e-07 2.32107819684e-07 2.05236072567e-07 7.73844214648e-08 1.0250129096e-07 1.74524936158e-07 5.57039302733e-07 9.34223801649e-08 7.1926870499e-08 2.76551528191e-07 2.83422701087e-07 7.68084894043e-08 9.85146656321e-08 5.87412784535e-07 1.91989644389e-07 9.99777031224e-08 9.22841169278e-08 2.2774134726e-07 2.75583163394e-07 2.7673294959e-07 3.75438205308e-07 5.7150581775e-08 5.40548101514e-07 2.43100562735e-07 1.70677977892e-07 1.46180156076e-07 2.99402845484e-07 2.26429316649e-07 1.71004932113e-07 2.87477480282e-07 8.8666361125e-09 1.250664662e-07 4.93051248869e-09 3.13201213207e-07 7.99927242688e-08 6.060665828e-08 7.76015790732e-08 7.60582959808e-08 6.46966360853e-08 7.98423257648e-08 3.37894200842e-07 5.78077989453e-09 1.54265266886e-07 6.01461412676e-09 3.14642245755e-07 2.19012221334e-07 1.35415990415e-07 2.28730974838e-07 1.53152890786e-07 2.03472193746e-07 4.28326714929e-07 2.29072994685e-07 2.52610773635e-07 5.99155426888e-07 1.27647670647e-07 5.22378716998e-07 1.53776734019e-07 2.24926039447e-07 1.30937595561e-07 1.92860883023e-07 2.34540229125e-07 3.53386161838e-07 7.15976422328e-08 2.67889885925e-07 6.87535353511e-08 3.35662407308e-07 2.52812272039e-07 1.91279720348e-07 1.40321208886e-07 2.24764551255e-07 1.84012233718e-07 5.77625880686e-07 6.65838150134e-08 4.60858042812e-07 1.44735343134e-07 2.24692463315e-07 5.39251197876e-07 3.11483156882e-07 3.41803409482e-07 1.19694400484e-07 1.49866390981e-07 6.09350985694e-07 1.85738681371e-07 2.51159530647e-07 4.3916436688e-07 1.21653381839e-07 1.02054672148e-07 3.77687735723e-07 2.27616736622e-07 8.47722158934e-08 4.52365906035e-07 7.63187550457e-08 3.97970603675e-07 5.42845051087e-08 3.81820605188e-07 7.55098388303e-08 4.72962746874e-07 7.84882443333e-08 2.41745788755e-07 3.78024595678e-07 1.02854623294e-07 1.31933786099e-07 4.189854802e-07 2.65696190561e-07 9.33486214382e-08 4.72938679914e-07 1.33052130672e-07 1.13820192146e-07 4.18122910133e-07 4.06930021707e-07 4.96379392334e-07 5.26782571372e-07 3.19542428198e-07 5.47787012055e-07 3.16007304524e-07 1.809781012e-06 5.46975070654e-07 1.07079257539e-06 3.20316549836e-07 6.24570809968e-07 8.74503292104e-07 2.98199572578e-07 1.77745127266e-07 9.15181608828e-07 7.42222135847e-08 8.35921867234e-07 2.29879336155e-07 8.28240944507e-07 2.24438905684e-07 8.07102680272e-07 7.29879277544e-08 9.36971032604e-07 1.54559636973e-07 2.98353535736e-07 8.92435923734e-07 5.02590664915e-07 2.59625916437e-07 8.33178199509e-07 2.88810138318e-07 1.32329387472e-06 3.31622119194e-07 5.61180777093e-07 3.81632895161e-07 6.80396622058e-07 5.91684463813e-07 3.04268241793e-07 2.07488603566e-07 8.85288446539e-09 1.99342598707e-07 2.55987326535e-07 2.36475485193e-07 5.95561310599e-07 4.94042206035e-07 1.10696066502e-07 2.55342499745e-07 4.05717705717e-07 2.96817789027e-07 1.53158421896e-07 1.69623390224e-07 1.04423678584e-07 4.19398329226e-07 1.86287291712e-09 4.43046270374e-07 7.27409756127e-08 4.18350243215e-07 2.19151784989e-08 3.92656621088e-07 1.23440212354e-07 1.57492668134e-07 1.45553106648e-07 3.04761152381e-07 3.74353251735e-07 2.93417217324e-07 3.58817312802e-08 2.69086616408e-07 4.73259951132e-07 2.55498658077e-07 2.65014499682e-07 2.27593405691e-07 5.73597637159e-09 2.5081524428e-07 3.38955363423e-07 4.9314380724e-07 5.04797025516e-07 1.43184765175e-07 3.0985471332e-07 4.78729425901e-07 7.04325108744e-07 6.76336332045e-07 1.38489323633e-06 6.43468379386e-08 3.74197460479e-07 8.89603436727e-07 3.31355684435e-07 1.92420042404e-07 6.26515143148e-07 1.36905527619e-07 5.50660302485e-07 4.67312388362e-07 2.38240929793e-07 3.67712635758e-07 3.80253910219e-07 2.14330632611e-07 5.21366388949e-07 4.54526075657e-07 1.31712821803e-07 6.39034991025e-07 9.7616707932e-08 3.44143531727e-07 7.27684020397e-07 1.96117353197e-07 5.79784226244e-08 1.02416716344e-06 3.43693028432e-07 4.81315121606e-07 5.05137660125e-07 3.36491173953e-07 1.97480716194e-07 6.26510568683e-07 5.7380631752e-07 1.49383112375e-07 3.17808605247e-09 5.46461838314e-08 1.21361831743e-07 2.53011746767e-07 6.95542107651e-08 3.92920993502e-07 2.99007090802e-07 2.57348953988e-07 4.39881129637e-08 9.12342416225e-08 1.63854979023e-07 2.75311840145e-07 8.75073413954e-08 1.0935149895e-07 3.65849160651e-08 2.48221116661e-07 1.94469208448e-07 2.24339804909e-07 2.55943813208e-08 1.12146089105e-07 8.97912759172e-08 2.79706451734e-07 1.52586169607e-07 7.26875422637e-08 5.45480816342e-09 1.45770629925e-07 2.41485280389e-07 1.4626814205e-07 9.61427184005e-08 2.19249772397e-07 1.29809516733e-07 6.00542977234e-08 6.64080684327e-09 1.73553871478e-07 2.17888389463e-07 7.05919691415e-08 3.42844169557e-08 1.74638082437e-07 7.81010925686e-08 5.05705933315e-07 9.72224065798e-08 2.41311165328e-07 1.76567002412e-07 6.41779794304e-07 6.80000532942e-07 5.52561337317e-08 8.57246974703e-08 3.62078894303e-07 2.82230303282e-07 2.56722035014e-07 5.81269055679e-08 3.3369594624e-07 2.32405050555e-07 2.00257009718e-07 1.99110346143e-07 2.20383893581e-07 3.09398813093e-07 4.52525996307e-08 2.7303416782e-07 2.97767528162e-07 3.60021391133e-07 7.81346887596e-08 7.91442623954e-09 4.2313188909e-07 4.95860772388e-07 1.08253669895e-07 1.59167338045e-07 1.1728388006e-07 4.81959799146e-07 1.01482084932e-07 1.62141559852e-07 3.08763997194e-08 1.0154017475e-07 2.42674848727e-07 7.1059027914e-07 2.75922746321e-07 1.01505941432e-07 5.2635022926e-07 3.06587898227e-07 1.12342497897e-06 7.18143735092e-07 6.53085000411e-07 1.41189878079e-07 9.28285885014e-07 2.41220862287e-06 7.10769759715e-07 2.10910048185e-07 1.41225425262e-06 4.70676180317e-07 1.09389103847e-06 4.65835640495e-07 4.3061153613e-07 4.96303458224e-07 9.6650448475e-07 9.57455647958e-08 1.09382100119e-06 4.91878976654e-07 4.14357556746e-07 4.45796789133e-07 9.42545369313e-07 4.77002697109e-07 1.12839029802e-06 1.53456748639e-07 3.92741695562e-07 1.72455714421e-06 5.25531735891e-07 1.60215964192e-07 5.0641872064e-07 5.83312485975e-07 1.01777288916e-06 3.44343167387e-07 5.74830027409e-07 1.27997788853e-07 3.53565699682e-07 7.92102178566e-07 1.51095667067e-07 1.44078262393e-07 3.39982299051e-08 1.94099695815e-07 1.35482244484e-07 4.15794152653e-07 2.2596994115e-07 3.40275874188e-07 2.11358862218e-08 1.46527515861e-07 5.88337109788e-07 5.93857289233e-07 2.05229085076e-07 2.63966654924e-07 2.88083006984e-07 2.00779222518e-07 1.99107775725e-07 2.36318074245e-08 2.4534401398e-07 6.014195856e-08 6.47270940454e-08 2.32147248396e-07 6.54768855215e-09 1.40168313723e-07 1.03380152648e-07 2.67850038017e-07 2.94397424372e-07 5.32229993601e-08 4.85370011002e-07 3.93790144692e-07 1.19978575638e-07 4.45950134275e-09 2.81522493512e-07 2.37236296988e-07 4.68750131488e-07 1.28916550235e-07 2.31919959136e-07 2.87212870272e-08 1.62235930533e-07 1.65018197787e-07 7.02192698094e-08 1.03363787814e-07 1.86224658079e-07 1.27742057238e-07 6.2409396605e-08 1.23327865297e-07 1.6642711081e-07 1.32059084265e-07 8.02464677315e-08 6.8744478698e-08 1.81005310187e-07 3.62369881421e-07 3.77442734046e-07 5.28773012298e-09 2.63061805319e-07 4.65435295999e-08 2.67357483336e-07 7.2924776223e-08 1.01688082443e-07 4.18053978368e-08 2.37399273216e-07 3.75348921933e-08 1.20856803759e-07 8.3598435736e-08 2.93123286549e-07 3.46301419488e-09 2.96135896627e-07 5.02278757365e-09 2.2192623777e-07 2.62353484946e-07 7.52824369949e-08 9.73074154953e-08 8.17935874149e-08 1.3652664891e-07 1.40568834063e-07 1.31706479566e-07 6.58024726088e-08 1.35446830534e-07 2.14291280528e-07 1.22875421109e-07 7.7894473893e-08 8.38652127477e-07 3.16327226464e-07 2.49213999592e-07 1.84215867703e-07 3.24497258526e-07 1.06219482511e-06 4.63428210207e-07 8.32137283748e-07 3.44044604497e-07 5.9079733437e-07 1.26005420316e-06 2.59408893673e-07 4.35693149444e-07 2.30891916622e-06 7.07129643599e-07 8.28393195041e-07 8.92607268922e-07 1.16246171203e-06 6.51393355806e-07 8.44347262537e-07 1.65742929258e-07 9.78427088806e-07 8.36200520206e-07 1.70893609689e-07 8.39972914635e-07 6.19439554774e-07 9.72562559706e-07 7.24676893784e-07 5.15350604061e-07 4.15611290882e-07 1.71483636747e-06 2.40401821225e-07 1.70276945234e-07 8.31690954608e-07 4.98308811595e-07 3.46943596014e-07 6.78519406628e-07 4.04568368801e-07 9.7409001954e-07 3.52859799906e-07 2.07843388873e-07 3.05061353614e-07 4.0048939499e-07 8.94056688587e-07 1.86500982988e-07 1.49553632982e-07 1.56151371304e-08 1.39394026882e-07 1.88817069349e-07 3.78818540226e-07 1.06691097856e-07 3.20730998456e-07 1.53703314612e-07 2.74681817437e-07 5.66952557422e-07 1.12010769596e-07 5.2403011354e-07 7.25811886491e-07 3.56850760975e-07 1.43718513753e-07 3.30595191095e-07 2.92820604883e-07 3.33392473322e-07 9.38506290434e-08 2.22569374561e-08 2.68473747582e-07 1.07418748588e-09 8.94011845118e-08 2.2561652176e-07 3.43615790185e-07 3.45307561866e-07 1.52612284964e-08 1.67326139332e-07 5.55138483869e-07 3.52914869773e-07 1.27472106883e-07 4.40904764574e-07 2.52549944156e-07 1.23371588799e-07 3.31461071986e-07 1.22331557462e-07 4.21670751262e-07 1.88997253833e-07 1.4341650463e-07 3.56340051333e-08 1.87558254109e-07 1.94131581449e-07 2.81035214387e-07 2.29189333291e-07 1.3922546804e-07 1.86491911928e-07 7.74546487816e-08 5.70415787215e-07 1.76610678661e-07 1.62003426505e-07 1.30475524029e-07 3.51117117112e-07 1.05876712878e-06 2.54997596865e-07 1.16253582612e-07 3.75034673886e-07 5.77888958301e-07 1.28645380679e-06 3.26986713103e-07 1.45212898248e-07 4.13466030648e-07 8.52624988257e-07 2.42395497336e-07 4.75959092009e-07 2.12103509026e-07 2.44844772092e-07 5.25883152085e-07 2.2990482893e-07 6.63637595971e-07 4.41327158427e-07 3.83725106811e-08 2.05036594054e-07 1.02146184755e-06 3.66551377531e-07 3.01906983544e-07 1.26122814163e-07 2.73563180529e-07 9.84933865826e-07 3.05641114732e-07 1.37781224614e-07 1.50778109434e-07 1.64652081717e-07 6.08693763033e-07 7.84584690717e-08 2.4751813522e-07 1.21529371575e-07 2.50996382288e-07 2.93644723819e-07 3.72907077304e-07 3.1247877416e-07 1.10050651598e-07 8.85399718291e-08 4.05489867931e-07 7.75292530931e-07 2.26350815283e-07 3.72493613991e-07 7.38266564125e-08 1.77637104939e-07 8.88399772969e-07 1.05646695653e-07 1.68183511045e-07 7.82793373923e-07 1.36099318782e-07 9.16247237816e-07 1.26285026259e-06 3.72750065588e-07 5.24231047952e-07 5.72004199964e-07 2.78167736774e-07 8.4657918776e-07 5.0302143141e-07 1.919514956e-07 5.22753659692e-07 5.31962557129e-07 3.56002637878e-07 5.93899806107e-07 2.83466814912e-07 2.78316071979e-07 1.01210456321e-06 4.79707517292e-07 8.46602685777e-08 5.34263227004e-07 1.03459277597e-07 1.45342199765e-07 7.02270915069e-07 1.7830836587e-07 6.55973846576e-08 3.20769301048e-07 2.40674073627e-07 7.73716202785e-07 4.53084554048e-07 1.3629589152e-07 1.33300570195e-07 3.51217562878e-07 3.89079044064e-07 3.75957000513e-07 4.27763395452e-07 2.55919680227e-07 2.92905683732e-07 1.19656929821e-07 5.29469598403e-07 1.95989488552e-07 7.60939087291e-07 1.92037889082e-07 2.05677236977e-07 1.04435453845e-06 1.4784495499e-07 3.10365695152e-07 9.84980726967e-07 3.98605673303e-07 4.63892421532e-07 1.01248546717e-06 1.88896838877e-06 8.58423606373e-07 4.70635979817e-07 5.77055791929e-07 8.91624507153e-07 8.9099736347e-07 4.05096773173e-07 3.38386067624e-07 7.36143574128e-07 9.18183745976e-07 4.86800412683e-07 1.8637638013e-07 5.29119317548e-07 1.46301255049e-06 4.16745226684e-07 4.15732675329e-07 3.40600340454e-07 7.88577787164e-07 3.04743134132e-07 1.37347897143e-07 9.29331998004e-07 1.96976764849e-07 1.99649975373e-07 7.11720304278e-07 1.94236934149e-07 5.59564428142e-07 1.66530494486e-07 3.3063905859e-07 2.47548488018e-07 4.83116802699e-07 3.8949764034e-07 1.00017557614e-07 2.41226134114e-07 1.47916674917e-07 1.31443319537e-07 1.09658782961e-07 4.93504470869e-07 1.4037765892e-07 2.78168483187e-07 1.86425161129e-07 1.37059486333e-07 1.99395397229e-07 7.65213888573e-08 9.34448267214e-08 4.86174461467e-07 3.50948872799e-07 1.29256875175e-07 1.13244170391e-07 4.10975706651e-07 7.09296664878e-07 5.83066989548e-07 1.16598482273e-07 3.55114029893e-07 4.28241623595e-07 1.29312461296e-07 2.55740584141e-07 1.10617926889e-07 3.89028047055e-07 3.34809550782e-07 1.24769107126e-08 2.55957843166e-07 5.5380616808e-07 2.96258344784e-07 7.62542475261e-08 1.41742385651e-07 3.14903030263e-07 4.58786254659e-07 1.0077939118e-07 1.11061137236e-08 2.04970032966e-07 1.08175362021e-07 2.25605955677e-07 2.90396117294e-07 1.41003693179e-07 5.12202338678e-07 1.00126283435e-07 1.47283978335e-07 1.52680016078e-07 2.64963946629e-07 1.0177745784e-07 2.03380441162e-07 9.76294486646e-07 2.72342317592e-07 4.0806181421e-07 5.81797458192e-07 8.270818945e-07 1.86890779815e-07 1.10138410431e-06 1.51241802498e-07 4.138855827e-07 1.63544972986e-06 1.39878714306e-07 2.48878753798e-07 1.11087376261e-06 5.11676687464e-07 1.05057849415e-06 7.66345510907e-07 7.91456042553e-07 9.26317810521e-07 2.62251279419e-06 5.04735656446e-07 9.81652237832e-07 1.17011702719e-06 8.3955584927e-07 1.24581629111e-06 1.13485031734e-06 8.0173145604e-07 1.26346207484e-06 5.75754613505e-07 3.4105789156e-07 2.12893851886e-06 6.93991276358e-07 6.2049365135e-07 5.4870904627e-07 8.78615041217e-07 5.41459635057e-07 1.02408183502e-06 2.31927618837e-07 1.63254879571e-07 1.38643123476e-06 4.71866475702e-07 1.68666714534e-07 1.08217745009e-06 2.07715018016e-07 8.42399326178e-07 5.97524319766e-07 4.59823718256e-07 3.03409249886e-07 1.0412778636e-06 2.06679427699e-07 1.24421833349e-07 6.27588131648e-08 8.76397504915e-08 2.51704686648e-07 2.12630059668e-07 1.27784964756e-07 1.59620766877e-07 1.32019444805e-07 3.09610136362e-07 6.77839192347e-08 3.99414110828e-07 6.60616165469e-08 2.42342243826e-07 2.31510813922e-07 2.29949042501e-07 1.01091819252e-07 7.84323158008e-07 5.918098462e-07 3.37396312939e-07 3.88937058167e-07 3.30170649401e-07 3.57224020019e-07 2.64886474378e-07 3.83222573051e-07 3.28417768117e-07 1.44130503416e-07 2.99510365405e-07 5.03751132943e-07 3.86082436602e-07 8.10124462196e-08 2.0713319209e-07 2.78703385275e-07 2.26322041305e-07 7.81709446548e-09 4.11329669405e-07 6.25993969467e-08 2.86100361931e-07 1.101239027e-07 1.48325213062e-07 1.04922819822e-07 2.4549246449e-07 2.69228742674e-07 1.01442921311e-07 6.46642513704e-08 1.2643637333e-07 5.84257558441e-07 4.20792504205e-07 1.1449368383e-07 2.1337026581e-07 6.90491883099e-07 1.52216162088e-07 7.85176907086e-07 1.03615045643e-07 2.19114933777e-07 6.23257440465e-07 1.59797758307e-07 1.77998227683e-07 4.2678698639e-07 2.58561107318e-07 5.80054763538e-07 5.39038451843e-07 9.92342659934e-07 4.21423587689e-07 6.8808364994e-07 6.34493941809e-07 1.79895595072e-06 1.17669184704e-06 6.90482054595e-08 1.07286110509e-06 1.25677871026e-06 1.04466543402e-06 9.21702359806e-07 6.53209175913e-08 7.2487384518e-07 1.42406450187e-06 3.70479192245e-07 5.97787575543e-07 3.49035213141e-07 9.23930075899e-07 3.8886133676e-07 5.62108735462e-07 2.61376430013e-07 3.40283422904e-07 1.84568301265e-07 1.6836951851e-07 5.88044621543e-07 2.38552404723e-07 1.17840441848e-07 7.98384662327e-07 1.47162172923e-07 7.22107863275e-07 2.32513928119e-07 1.41358353766e-07 4.38920857302e-07 6.27977111997e-07 3.9486593213e-07 6.70624873141e-08 4.89575259343e-07 2.86855877777e-07 6.77779267756e-07 1.97945021695e-07 2.81297389576e-07 2.62779313407e-07 5.2078534625e-08 1.32341148738e-06 1.10142714502e-07 2.84894678118e-07 1.00511387705e-06 3.92383073815e-08 4.64192402886e-07 5.90295456152e-07 9.82387042622e-07 5.77812584157e-07 1.01125634667e-06 2.05783144706e-07 1.40885714133e-06 2.01652552609e-06 4.17655342602e-07 8.7088910847e-07 1.09632209592e-06 1.05314927408e-06 1.31621067489e-06 5.50041183925e-07 3.16447228655e-07 1.74053726955e-06 9.18611428757e-07 1.86768635879e-07 7.16121833168e-07 5.03317234794e-07 8.22044869509e-07 5.30336856091e-07 3.9032537537e-07 8.46743841744e-08 8.95115341051e-07 3.04992056364e-07 1.18854296607e-07 1.20441396908e-06 9.05519697299e-08 2.78375843372e-07 2.31107231466e-07 2.94322413244e-07 7.1079103447e-07 3.21071184296e-07 4.81124993126e-07 7.49745927435e-08 4.31178731881e-07 3.47812027707e-07 1.78376722137e-07 1.10562163434e-07 2.10622696154e-07 4.29623930325e-07 1.27662803957e-07 4.91495313749e-07 8.99578344884e-08 2.09735141983e-07 2.88381867607e-07 1.45312288e-07 1.10575812927e-08 7.36556366541e-07 2.01629762452e-07 2.58209262246e-07 4.38161162777e-07 4.95683080502e-07 3.2312469806e-07 8.66849492472e-07 3.89909544876e-07 4.30584495262e-07 9.23529367762e-07 1.36780878102e-06 8.93327007081e-07 5.07297541705e-07 6.79474843337e-07 6.14590115047e-07 4.34517973344e-07 6.30224857072e-07 1.12656211664e-06 5.18117722898e-07 3.90587644657e-07 2.6781522324e-07 7.6002514547e-07 3.14989238182e-07 3.88816411003e-07 4.29519198225e-07 2.59188598916e-07 1.88072947134e-07 6.71752307157e-07 2.67174497544e-08 1.86104152346e-07 3.01055990022e-07 1.91686955704e-07 1.08014221657e-07 4.81878672723e-07 1.02367915467e-07 3.96302660956e-07 1.97355536901e-07 1.2750619403e-07 1.79422434392e-07 3.79038927608e-07 2.18825471299e-07 2.69095003173e-08 2.52259205192e-07 3.86531658103e-07 3.16820922153e-07 1.02530761374e-07 3.39390956486e-07 8.61419845188e-08 7.03551419375e-07 4.87364844689e-08 1.18061969256e-07 4.02520213665e-07 1.1908152525e-07 2.91307242221e-07 1.49182426899e-07 6.60898836825e-07 1.37684191955e-07 9.3881864556e-07 3.52843594613e-07 4.62100637034e-07 3.62356870548e-07 8.76862540456e-07 1.52691746022e-06 1.3535341478e-06 3.81713941302e-07 2.36832133983e-07 2.4834666542e-07 8.09137402067e-07 1.20552725025e-06 4.93629031895e-07 3.42133179744e-07 4.37771308751e-07 3.57068440137e-07 8.77981543294e-07 1.26688355755e-07 5.73803409432e-07 1.13147458907e-07 2.43812105319e-07 1.32313918392e-07 3.93765279536e-07 1.06396154785e-07 1.0670364897e-08 6.72088209033e-07 1.12643684396e-07 3.23490284167e-07 1.18636390935e-07 3.35801235185e-07 3.74643800906e-07 2.68262037159e-07 3.8908763872e-08 2.31763398912e-07 7.33902813572e-07 1.73944452854e-07 3.24520979575e-07 3.09897399053e-07 6.78672965893e-07 3.8318561296e-07 7.47325611215e-07 2.77312840599e-07 1.9665869309e-07 8.64629874834e-07 3.52464211681e-07 1.56524931752e-07 1.6170614931e-06 1.09606913696e-07 8.7159318313e-07 8.52657827984e-07 5.06737460686e-07 3.85720882104e-07 1.9015725958e-06 5.16846544499e-07 1.55353721292e-06 1.15902557711e-06 6.13102093021e-07 1.87145438157e-06 3.32179934624e-06 1.82305126255e-06 9.83662437441e-07 8.07330935414e-07 1.35257347831e-06 2.83629698247e-06 1.51830598701e-06 5.62950969006e-07 1.02987610176e-06 1.32263409661e-06 5.90001760073e-07 1.65857101209e-06 3.63410889983e-07 4.92120094057e-07 7.30438983404e-07 9.6506472829e-07 1.46523032355e-07 1.57323443723e-06 1.44605852941e-07 4.24619515778e-07 8.01685994097e-07 2.56558636206e-07 2.62134983053e-07 6.77875813513e-07 4.24764795292e-07 7.35693564869e-07 3.18497188117e-07 3.31414950999e-07 2.06692077744e-07 7.64985241615e-07 5.10430748671e-07 4.87418104445e-08 3.83753714081e-07 4.66113031687e-07 7.97327548083e-07 2.46400102547e-07 3.68770467145e-07 1.83469504602e-07 1.44976741268e-07 9.36380649852e-07 7.75230005637e-08 2.08391467998e-07 7.70197607807e-07 8.82693412702e-08 3.69739971511e-07 5.64650013802e-07 8.89237275041e-07 2.03041325722e-07 1.2990648593e-06 3.10753898866e-07 9.57708370861e-07 1.0085563222e-06 1.74221597876e-07 5.50769157969e-07 2.11042486052e-06 2.5692711866e-06 1.35638647337e-06 3.37329750136e-07 9.29841104628e-07 2.09907823921e-06 1.31296150885e-06 4.88291896954e-07 1.96152926593e-07 1.01968247462e-06 1.06162256725e-06 2.51152585353e-07 1.26305249351e-06 2.13707804228e-07 6.98425710283e-07 5.26507373911e-07 3.86808768289e-07 8.81193118548e-08 7.41999027492e-07 1.89103619995e-07 2.31531967819e-08 9.57047292804e-07 1.42697959937e-07 2.21432384137e-07 3.61835720364e-07 2.59572461143e-07 7.88465615342e-07 4.96479240703e-07 3.67595136218e-07 6.70245302218e-08 5.2267219455e-07 5.21866434288e-07 1.47301963498e-07 1.51632802541e-07 4.48096534807e-07 3.42407575055e-07 7.19810563581e-08 6.39149179109e-07 1.23229601259e-08 1.66789384109e-07 8.65589132369e-07 1.26718447435e-07 1.5900698791e-07 1.18758750123e-06 1.52111564905e-07 6.70598310143e-07 3.22965984304e-07 1.2919980523e-06 3.63760629431e-07 5.87734522613e-07 5.82650718811e-07 8.42682222009e-07 1.03972119014e-06 5.01299960656e-07 5.95071487034e-07 7.35121417197e-07 1.65249840241e-06 2.4160178673e-06 1.82636097249e-07 1.18351870687e-07 2.07727600261e-06 1.33806053994e-06 6.60232220592e-07 5.04932552504e-07 3.94093219525e-07 9.49102897685e-07 8.21258120605e-07 5.56422012219e-07 5.21649260656e-07 3.98991957402e-07 1.32188985106e-06 3.35854062685e-07 7.10973337434e-07 1.38980935054e-07 1.14631927985e-06 1.57274510836e-07 1.25363748352e-07 9.0272700049e-07 1.48865108062e-07 1.36207330229e-08 6.28932620992e-07 6.98090161788e-08 3.44626430626e-07 4.05358982111e-07 1.56552629157e-07 1.62151941686e-07 5.32217429679e-07 5.11063154719e-07 1.74239720267e-07 4.18333657683e-07 2.29691487215e-07 8.36031133308e-07 6.22677311784e-07 1.65147545177e-07 1.05963202299e-07 3.4242406049e-07 6.27950068612e-07 1.44412237253e-07 1.11094504064e-08 6.84917991318e-07 1.70292019675e-07 1.10728764636e-07 8.29095314557e-07 1.64690089561e-07 9.67977972945e-08 1.50958367919e-06 1.72120639675e-07 6.16102881444e-07 1.0808391625e-06 6.19253070181e-07 6.50523777461e-07 1.1397273163e-06 5.4489465341e-07 1.15127383263e-06 1.80578916668e-06 3.25750176325e-07 1.92609495258e-06 9.63275144464e-07 5.38547694397e-07 8.88137634684e-07 5.06613588151e-07 6.14073308401e-07 9.04981478429e-07 5.6226352628e-07 2.4989100608e-07 1.21354764987e-06 1.68390273951e-07 2.14278284091e-07 7.80945828726e-07 1.52943241036e-07 2.50045692789e-07 5.51898238047e-07 5.61137438011e-08 1.69151857427e-07 5.91281346836e-07 3.42891651765e-07 1.43387866185e-07 1.37840081302e-07 6.20181451171e-07 7.98685921045e-07 2.57055875249e-07 4.3872681417e-07 1.51711221438e-07 5.08652669111e-07 2.71298961164e-07 1.84984026036e-07 2.28560277491e-07 2.5774798883e-07 6.49301933163e-07 2.02791708733e-08 1.17506036743e-06 3.77112902521e-09 1.99777887732e-07 7.41993787343e-07 1.8394282428e-07 1.32092117549e-07 9.69222885613e-07 1.59153251017e-07 6.58690661644e-07 4.17496766713e-07 1.0037358394e-06 3.46354690226e-08 1.70105825781e-06 4.5558220619e-07 6.18997848409e-07 9.01526724238e-07 8.94778795355e-07 1.32319329131e-06 1.48890738832e-06 1.32077522721e-06 7.79494222967e-07 1.39296691079e-06 2.67720593939e-06 2.94261594087e-06 9.88720877244e-07 8.01323128043e-07 1.1878984719e-06 1.37473606688e-06 1.33704633819e-06 8.12059993265e-07 9.73546616343e-07 6.09452622303e-07 3.70090179954e-07 1.63386559267e-06 6.76041271633e-08 9.9704486173e-07 4.23450291172e-07 6.72145340928e-07 1.71535139568e-07 9.16149743162e-07 1.21253626329e-07 1.52291499873e-07 7.75535004881e-07 2.01708392743e-07 2.63943014812e-09 1.19089977653e-06 3.78195464946e-08 6.10070680538e-07 2.66269957706e-07 2.44764679317e-07 1.86935238497e-07 2.73247974498e-07 1.87753663627e-07 1.81888724969e-07 1.2226600319e-07 1.08614528118e-07 3.46106094205e-07 1.3439983258e-08 4.27731221842e-07 8.26586342031e-09 2.37947088567e-07 4.94280568825e-07 1.2401886509e-08 1.46392316735e-07 3.20493862875e-07 3.24492252918e-07 4.73512617095e-07 5.26310987285e-07 6.83071457845e-08 6.73015664751e-07 3.43142429619e-07 3.37734116144e-07 2.9795391804e-07 6.6330569735e-07 5.27020207303e-07 9.20969459286e-07 9.78813759148e-07 6.48520622408e-07 1.85151676466e-07 9.8359103513e-07 2.74572360157e-06 9.8359103513e-07 1.85151676466e-07 6.48520622408e-07 9.78813759148e-07 9.20969459286e-07 5.27020207303e-07 6.6330569735e-07 2.9795391804e-07 3.37734116144e-07 3.43142429619e-07 6.73015664751e-07 6.83071457845e-08 5.26310987285e-07 4.73512617095e-07 3.24492252918e-07 3.20493862875e-07 1.46392316735e-07 1.2401886509e-08 4.94280568825e-07 2.37947088567e-07 8.26586342031e-09 4.27731221842e-07 1.3439983258e-08 3.46106094205e-07 1.08614528118e-07 1.2226600319e-07 1.81888724969e-07 1.87753663627e-07 1.89375858492e-07 3.58944340472e-07 6.21003582704e-07 4.82371638355e-07 9.84843200422e-07 2.27100530483e-07 1.4506632905e-06 1.38475819275e-07 7.95276218064e-07 9.82089096321e-07 2.87439548104e-07 3.78679545312e-07 1.29205055492e-06 2.69113465597e-07 4.78434467052e-07 6.84065433123e-07 1.72718497699e-06 1.72143326808e-07 2.81210584857e-06 4.19224816567e-07 1.65543101312e-06 1.61617484544e-06 6.0815435363e-07 1.67905231082e-06 2.6179220861e-06 2.30958861702e-06 2.08316923337e-06 8.61984947507e-07 8.99985810566e-07 4.04777048445e-06 3.86900796377e-06 1.34989060662e-06 9.31819585812e-07 2.06133380955e-06 2.38304374296e-06 2.52791568031e-06 1.82533596602e-06 5.69352658389e-07 1.64391792769e-06 1.78611234334e-06 4.99198748406e-07 2.6751066693e-06 2.4607498018e-07 1.69194480494e-06 5.89819346162e-07 5.80568532855e-07 3.34952986597e-07 1.18007230032e-06 3.71547464599e-07 2.52653878101e-07 9.41368044161e-07 7.8419319262e-07 1.60940807432e-07 1.42378251776e-06 2.68895181836e-07 1.0087958007e-06 5.19257176615e-07 6.246032318e-07 3.48432400745e-07 1.86970350516e-07 1.91677329014e-07 2.42924158243e-07 1.98888908811e-07 3.85754855057e-07 1.03554324241e-07 3.52112058738e-07 1.07651341426e-08 2.38502280086e-07 5.47238550431e-07 4.62421765376e-08 1.44809715005e-07 3.21843961317e-07 3.38473801498e-07 4.24466242738e-07 4.5069269891e-07 4.5129042415e-08 5.19694512359e-07 2.04967797506e-07 4.65848906336e-07 6.51443048821e-07 1.59596234427e-07 4.00158210006e-07 1.12510329201e-06 6.46886460259e-07 7.54352115261e-07 2.44533389042e-07 3.50136028328e-07 1.21754550982e-06 1.47885946392e-06 1.26757452349e-06 6.86243284129e-07 5.78094346936e-07 8.56076946823e-07 6.15285633996e-07 1.15890863638e-06 3.56392831638e-07 1.77081823383e-07 6.15064724778e-07 5.03397086875e-07 1.80143662569e-07 5.2423284827e-07 3.03191439285e-08 4.49853582364e-07 4.67333614664e-07 3.32647501606e-07 3.38808076214e-07 1.51234229922e-07 6.22129363548e-08 5.29321900462e-07 2.34902153061e-07 1.39599729831e-08 3.49698019755e-07 1.115799483e-07 3.97877828511e-07 2.02793470141e-07 2.37669448464e-07 1.92074177239e-07 1.90047856902e-07 4.50257598563e-07 3.75381460521e-07 7.065589203e-07 1.40636472655e-07 5.91198663551e-07 2.44764910332e-09 2.49098149812e-07 1.64415072709e-07 3.22772256386e-07 6.75381056835e-09 6.30173677109e-07 2.41195705513e-07 5.31656522077e-07 6.97285891301e-07 5.47846842435e-07 1.38508548585e-07 1.49016094016e-06 2.66772760906e-08 1.14735590616e-06 5.19034806438e-07 9.7842640031e-07 1.0558398989e-06 8.52094170894e-07 1.05521317126e-06 8.42015727458e-07 9.65380157889e-07 1.19499863144e-06 2.32841300218e-06 1.00070369229e-06 1.30988007538e-06 2.19948029454e-06 1.5613001905e-06 1.23587674893e-06 9.20026636747e-07 1.18186320641e-06 9.21383488139e-07 1.07514739008e-06 9.73364470915e-07 7.14114233395e-07 1.12230090659e-06 1.34472798459e-07 1.50335415542e-06 1.80575802191e-07 5.22301251721e-07 6.25262023978e-07 4.79495018081e-07 2.60537170841e-07 5.56849772566e-07 3.03491734319e-08 3.00755765769e-07 1.42353385339e-07 2.36508758496e-07 2.71905290322e-09 5.58204342193e-07 1.431893138e-07 7.06004266845e-07 3.65287083093e-07 4.17869403644e-07 1.88713941627e-07 2.09609729308e-07 2.61551652565e-07 3.38118493346e-07 6.11876958727e-07 2.4513556019e-07 5.47983618164e-07 8.2823616623e-08 2.85786800631e-07 8.49172455972e-07 2.35626643294e-07 2.52792397223e-07 8.19956288747e-07 8.65134658107e-08 6.67171031403e-07 9.03783165617e-07 8.17224391875e-07 1.22363009514e-07 1.03730249028e-06 2.44268771859e-07 5.59081737486e-07 1.15836287537e-06 9.03308583228e-07 1.02338789433e-06 1.6644457015e-06 5.23304453321e-07 7.13223639687e-07 5.44848694626e-07 1.46093574563e-06 2.70178689758e-06 1.35664515906e-06 4.91932812603e-07 1.91570999034e-06 3.09730732391e-06 1.93659282447e-06 9.35052428753e-07 9.05497735346e-07 5.98876911493e-07 1.79551248071e-06 1.07202241632e-06 8.2628638225e-07 1.32070241962e-06 5.9391935269e-07 1.96049558517e-07 1.07138731748e-06 1.5161006117e-07 8.18464758795e-07 8.50560649426e-07 6.81098937669e-07 1.16781010575e-07 8.50656161129e-07 2.24786534993e-07 2.66529798759e-07 8.19375744306e-07 2.60302828629e-07 9.24220829742e-08 5.16260621498e-07 2.58484343961e-07 5.42569100158e-07 3.23503021024e-07 2.66658791149e-07 2.11130776287e-07 3.51691626743e-07 4.26037136315e-07 5.64314910829e-07 1.06567836397e-06 3.74150686494e-07 7.70460851409e-07 9.55148494032e-09 3.88157411911e-07 1.12782303964e-06 4.33249361851e-07 3.41680566937e-08 1.84648528224e-06 6.99235536886e-08 7.49566605502e-07 9.49925438263e-07 1.08179746817e-06 1.44808643617e-07 1.39405632678e-06 7.19901325095e-08 1.35462705865e-06 8.20151860536e-07 1.3641327961e-06 1.08712800988e-06 2.38266543361e-06 1.36302077015e-06 6.80461542623e-07 7.87907008227e-07 1.30469607668e-06 3.31023012247e-06 2.04676210247e-06 9.82493820664e-07 9.32301414254e-07 2.60078040924e-06 4.08488996961e-06 1.80535807354e-06 1.13631645819e-06 8.97510462857e-07 1.47505617958e-06 2.4469392175e-06 1.08502051479e-06 1.44908200196e-06 8.56933011745e-07 1.26355860742e-06 1.46519116652e-07 1.46657189301e-06 1.94324529172e-07 1.12991793788e-06 9.29840836656e-07 7.38455955571e-07 8.21063357154e-08 1.83605441214e-06 5.08641060005e-08 4.05812268373e-07 1.04760998732e-06 4.03312462141e-07 2.61497035348e-08 6.96906066927e-07 3.52293117335e-07 1.03362315513e-06 5.36308797918e-07 4.020686364e-07 3.37234809232e-07 3.5619509958e-07 2.76363129631e-07 2.1203164304e-07 7.09916651557e-07 3.65597735987e-07 4.94061095123e-07 2.02992405903e-07 3.01457887091e-07 8.04724563354e-07 2.08273293766e-07 2.63814701383e-07 6.13915710915e-07 1.95814538345e-07 4.74718123484e-07 6.60230063407e-07 8.50557318222e-07 7.25429543273e-08 1.34560654586e-06 3.23435349677e-07 7.43440590053e-07 1.3494229088e-06 5.37011196185e-07 1.32185236892e-06 1.30207858192e-06 1.24089618579e-06 1.2375621593e-06 6.44813012953e-07 1.25004077568e-06 2.52456610962e-06 1.9704199713e-06 8.11671664396e-07 3.82712480707e-07 7.80940516364e-07 2.99662897865e-06 2.71472314127e-06 1.81937481805e-06 1.06589831964e-06 1.23457502038e-06 1.40075735509e-06 1.40588197206e-06 1.42686349184e-06 4.86934595257e-07 1.62367180839e-06 7.60236541044e-07 4.46610557843e-07 1.40062700425e-06 1.20825094447e-07 9.26433552679e-07 5.90272339507e-07 6.15167241202e-07 2.44781047509e-07 5.83011513026e-07 2.73333204908e-07 1.67176795475e-07 7.50627458916e-07 3.07335443995e-07 2.16734188915e-07 4.91088089857e-07 3.32167393548e-07 7.10420080557e-07 1.95985334557e-07 2.69283706119e-07 3.52957067489e-07 2.19130783928e-07 4.90969384014e-07 4.77948767135e-07 1.12405055356e-06 4.49910882765e-07 6.27101095596e-07 2.22032469698e-08 3.47907634087e-07 1.1258272109e-06 4.81942553424e-07 7.24945969678e-08 1.83739960126e-06 7.81521708512e-08 1.03325092106e-06 8.58579837773e-07 8.30305096012e-07 9.27263032525e-08 1.62659364679e-06 3.09634613635e-07 1.05778315902e-06 9.65045452776e-07 1.36073163146e-06 8.7329949959e-07 2.63668066942e-06 1.35259979613e-06 2.01491506495e-06 4.62952051894e-07 8.58779701673e-07 3.57346486787e-06 1.71412037726e-06 1.45963908288e-06 1.06027612734e-06 1.16575031881e-06 1.66562256892e-06 2.58283179141e-06 4.14340450294e-06 1.27782438135e-06 1.21795511533e-06 2.46569401341e-06 1.55300395658e-06 3.25706939628e-06 8.77177535967e-07 1.50100456963e-06 1.17577779321e-06 1.05771642732e-06 2.87200034352e-07 1.70436640847e-06 1.21073710146e-07 8.66241808348e-07 7.84997492767e-07 9.98557795037e-07 1.01719695762e-07 1.82406783299e-06 1.14512750895e-07 4.81167440431e-07 1.06602306748e-06 3.32730542138e-07 4.34628558563e-08 5.61384322795e-07 3.7366158658e-07 1.03811477314e-06 4.65017112273e-07 4.73150290605e-07 2.10761412654e-07 3.78162607638e-08 1.45783747838e-07 2.34114971233e-07 3.39196889239e-07 1.82313508238e-07 2.99415727872e-07 1.5185600675e-08 2.74184665857e-07 2.17377279517e-07 2.76757558702e-07 1.17982793453e-08 4.7926942239e-07 1.89378855808e-08 2.07664325208e-07 6.23186243807e-07 2.15016854e-07 2.82833632266e-08 3.70057339699e-07 1.21814774271e-07 3.808040762e-07 3.03195515036e-07 4.30595171573e-07 6.18030807343e-07 8.28525987706e-07 7.64676558852e-07 5.03309452686e-07 2.06077686402e-07 3.17056179231e-07 1.11913497728e-06 9.6736602861e-07 4.33551586274e-07 4.1629184029e-07 1.85627191088e-07 4.02256531696e-07 4.34285239057e-07 1.67115338286e-06 1.26153431602e-06 6.99240240892e-07 3.63658241549e-07 5.44733856067e-07 7.54230783487e-07 7.28036529692e-07 7.06264223977e-07 3.77951898723e-07 3.76266026521e-07 4.82766368239e-07 1.595333113e-07 4.40688181303e-07 5.75181678816e-08 2.60207323762e-07 6.14884757857e-07 2.59512832154e-07 1.63845670104e-08 4.40662539296e-07 1.77188532261e-08 2.75465990074e-07 1.72865119574e-07 2.56831369528e-07 3.13628072374e-08 2.53585876578e-07 1.99715194859e-07 3.0570699482e-07 2.0692113256e-07 1.33116451538e-07 3.67649848259e-08 3.19015379338e-07 3.32211005919e-07 1.10702530203e-06 4.73331827468e-07 5.19489955833e-07 1.80667147108e-07 3.66392453345e-07 9.72621928657e-07 5.03845425e-07 5.42666077914e-08 1.36790042448e-06 1.68721336218e-07 1.16548365476e-06 3.76848894573e-07 1.48777113157e-06 2.35146554389e-07 1.08125184893e-06 5.13361915316e-07 1.0369636104e-06 1.42393324319e-06 6.42755657549e-07 6.683800409e-07 2.8468107069e-06 7.17910243525e-07 1.96377332674e-06 9.16967856623e-07 1.96126359951e-06 3.55223835728e-06 1.38016849647e-06 1.24402739517e-06 1.5257448663e-06 2.50761435908e-06 2.69778340577e-06 1.75717344909e-06 1.33300278773e-06 1.89173978791e-06 3.66389958426e-06 2.66972620725e-06 1.33307674613e-06 2.32548127243e-06 1.20489225315e-06 3.47852054749e-06 8.26440513622e-07 7.37362367542e-07 1.51923863442e-06 1.12582327487e-06 4.7856767388e-07 1.17403387481e-06 3.47643331929e-07 1.60292221428e-06 2.69185618557e-07 1.21653296969e-06 1.99983840223e-07 1.32331434231e-06 1.15179453967e-07 4.18222148189e-07 8.97838959037e-07 3.33511177279e-07 1.94092291248e-07 5.30948488171e-07 4.1437679994e-07 1.0137316569e-06 3.04852370152e-07 2.70305343997e-07 4.10122560174e-07 5.47519412298e-07 1.07432658657e-06 4.48066164207e-07 8.05467554855e-07 5.84608935868e-08 6.95306372818e-07 4.68617680583e-07 5.44633530496e-07 1.17252243594e-08 1.09352932575e-06 3.30275076492e-07 6.54033319384e-07 1.45546388424e-06 5.92054947942e-07 2.48052083146e-07 1.36756273125e-06 1.92611643637e-07 8.36813228227e-07 1.33607517472e-06 9.62897179921e-07 1.00049158309e-06 1.92531287822e-06 1.70331335851e-06 1.16438980731e-06 7.95182943997e-07 1.83640668311e-06 3.7504234252e-06 2.01798490445e-06 6.7039663798e-07 1.81016090791e-06 1.35930651544e-06 3.78838642372e-06 1.38305228977e-06 2.09355533479e-06 7.74917707511e-07 3.24247740029e-06 4.40395756207e-06 2.62317933392e-06 1.84761808608e-06 1.52291145071e-06 1.79505956617e-06 2.10503325497e-06 1.06490978188e-06 1.11430964184e-06 1.61297501202e-06 8.67061488352e-07 2.79961443983e-07 1.40990929553e-06 3.26337676905e-07 6.55900546129e-07 1.42393547861e-06 6.15191417291e-07 3.74973522327e-07 1.02496183461e-06 6.1954783613e-09 4.7275263062e-07 5.26796734594e-07 6.33583376025e-07 8.19863738796e-08 7.54259003024e-07 3.68629432838e-07 9.53586475378e-07 4.94846918587e-07 3.64636878408e-07 1.18065875997e-07 2.17591139449e-07 5.06511510526e-07 2.39350044296e-07 2.19891147177e-07 3.11286365828e-08 4.09950338691e-07 3.11236026511e-07 3.28779432186e-07 3.89557461151e-09 5.71894683262e-07 4.19147128943e-08 4.47043418653e-07 6.82779853248e-07 3.97960571545e-07 2.9011268027e-09 1.29208098703e-06 7.58182035613e-08 6.04204299388e-07 4.01154571329e-07 8.63834653885e-07 4.32143091739e-07 1.09568877847e-06 4.62926884193e-07 7.39684919402e-07 3.10750387291e-07 1.22218234771e-06 2.21003147339e-06 1.27667579246e-06 4.49786437196e-07 3.61512886247e-07 1.31103292788e-06 1.33387480199e-06 1.32438554881e-06 1.3881719096e-06 3.79965575622e-07 6.97923938764e-07 2.45590516754e-06 2.69432667643e-06 1.79989843791e-06 3.61912616358e-07 8.70014815614e-07 5.76411062418e-07 1.22153198479e-06 5.41476700588e-07 7.6888163396e-07 6.37230856143e-07 6.04489268499e-07 1.01594573545e-07 1.40010765732e-06 1.61966536851e-08 3.40909936437e-07 6.9934764541e-07 4.00467351826e-07 8.14862895352e-08 5.09483443182e-07 1.44211868722e-08 3.12041970315e-07 3.40424529033e-07 3.70310834218e-07 3.30825390426e-08 2.11196762838e-07 1.79274651427e-07 4.46168831896e-07 1.97733581649e-07 1.07052856674e-07 2.90039199426e-07 1.06201835312e-06 1.61354546775e-06 6.27566478095e-07 1.01494782371e-06 2.22271942608e-07 9.2347102819e-07 1.10624731607e-06 6.08139430429e-07 1.16910387308e-07 1.6421011487e-06 3.54766091714e-07 7.87176138664e-07 1.15936832164e-06 7.97148200443e-07 4.06991538672e-07 1.15716227348e-06 7.80332940292e-07 1.16942845008e-06 1.23383964994e-06 1.28442551905e-06 1.24357297326e-06 3.2151821051e-06 1.68341391727e-06 1.39114348531e-06 1.63056526937e-06 1.3898842257e-06 4.89483170977e-06 2.34277925623e-06 1.48211877384e-06 1.61811039612e-06 1.1272631764e-06 4.19779722678e-06 1.949805895e-06 4.29517985245e-06 1.39872648699e-06 2.24549256675e-06 1.7099350158e-06 3.20011720605e-06 5.43232647546e-06 2.14650863808e-06 2.97876587974e-06 1.9189559957e-06 2.25726080708e-06 4.04304850463e-06 1.42971646102e-06 1.44133620089e-06 1.42045176538e-06 1.22293941502e-06 7.87583638072e-07 1.17143972566e-06 5.99063963885e-07 9.63613023219e-07 1.04395913885e-06 9.77250232982e-07 3.57557792367e-07 1.50805550419e-06 1.53397682285e-07 5.42434060559e-07 1.06868666957e-06 8.02482650199e-07 2.27364248559e-07 9.38579018771e-07 5.17522111049e-07 1.3522840378e-06 9.09040932281e-07 2.55748373512e-07 3.02450371091e-07 5.42093879739e-07 1.81192916817e-07 2.20439377976e-07 1.34759207919e-07 2.01430563517e-07 5.66370557183e-07 3.91171180679e-07 1.47439067852e-09 5.00887020068e-07 2.33137708862e-07 3.89241721787e-07 5.10195384724e-07 4.46435297534e-07 3.60962637227e-08 1.27335926119e-06 1.09823519811e-07 8.17390781555e-07 3.73907738103e-07 5.64081359278e-07 2.92067756616e-07 1.4854306305e-06 5.63010807283e-07 3.64437569492e-07 2.91090550988e-07 1.24447877904e-06 1.83754755057e-06 1.25559766731e-06 6.96709457154e-07 3.98264067493e-07 3.93748193278e-07 8.87295746018e-07 1.11221732298e-06 1.19662300828e-06 8.43479487128e-07 6.23251375167e-07 5.06890954137e-07 7.19343423862e-07 2.44361105944e-06 2.07708156803e-06 2.01921445165e-06 5.90342535969e-07 5.5930696124e-07 7.12853008753e-07 1.50171784767e-06 4.09480128893e-07 6.3079679045e-07 4.56380166367e-07 9.12025007914e-07 1.34063105212e-07 1.28735953359e-06 6.82291166185e-08 4.47751135633e-07 4.80547393049e-07 3.36281725586e-07 2.26586417182e-07 5.03224589966e-07 4.94511801501e-09 3.45814871699e-07 5.25768630645e-07 1.86501553652e-07 1.2496937208e-07 2.05304490539e-07 1.54231018641e-07 4.72355082231e-07 2.6727505271e-07 7.59815894398e-07 1.84535179657e-06 5.84655347647e-07 7.43453725118e-07 3.49074388576e-07 4.00394650467e-07 1.33692029816e-06 8.22117034071e-07 8.57201785196e-08 1.64328988071e-06 2.29648580227e-07 8.73427346875e-07 9.81158919849e-07 7.31857270827e-07 3.48390094956e-07 1.95552573635e-06 7.96681385038e-07 1.02360415416e-06 2.03548676748e-06 1.31391652803e-06 9.78365397606e-07 2.38597323547e-06 1.85405738207e-06 1.73651347377e-06 1.05083984228e-06 1.7317252983e-06 4.85863242645e-06 2.03301266623e-06 2.06362209398e-06 1.07178389753e-06 1.84656495175e-06 3.6777812386e-06 1.14753658517e-06 4.08246615529e-06 1.25240888246e-06 3.64275371989e-06 2.4996270678e-06 1.62962275528e-06 2.35607335138e-06 2.96904059342e-06 5.51333182459e-06 2.63713381307e-06 1.58241285798e-06 2.14965532211e-06 2.21356066542e-06 2.99156525742e-06 1.1261834627e-06 1.40505752436e-06 2.41139851126e-06 1.03741375582e-06 8.13292384182e-07 2.04807981958e-06 4.99989530826e-07 8.71496892376e-07 1.01654612262e-06 9.86789013451e-07 2.5569281972e-07 1.53754227095e-06 1.16531621723e-07 7.11043042195e-07 1.23174321913e-06 3.47910511633e-07 3.00271317325e-07 6.31864551585e-07 5.154612915e-07 1.53234410547e-06 6.78366585837e-07 5.89080370061e-07 9.74398700871e-07 1.62551276869e-07 7.18434463147e-07 2.19833083532e-07 1.53975468698e-07 8.03958850012e-07 5.16701124962e-07 2.91258554561e-08 6.5066985556e-07 2.6635172453e-07 4.8069321097e-07 5.60573391262e-07 7.37124271168e-07 3.94861897832e-08 1.74479748877e-06 2.5268949128e-07 1.16954985898e-06 6.43696308378e-07 1.35836674791e-06 7.04347634316e-07 1.86081005998e-06 7.50671899947e-07 1.16003280634e-06 7.44059922705e-07 1.03411361236e-06 3.06484349988e-06 1.88461958297e-06 7.51279944956e-07 1.0232531242e-06 5.48054441169e-07 2.06993451198e-06 9.15169648077e-07 1.1986754125e-06 1.13328625177e-06 1.09325884421e-06 2.13319492478e-06 5.98521311067e-07 1.61843219748e-06 7.00012278757e-07 3.32128086918e-06 3.46696075676e-06 1.63673719625e-06 1.81367830464e-06 1.48670945463e-06 8.85554379345e-07 2.14049153376e-06 7.6353022205e-07 1.56350871017e-06 8.19314514427e-07 1.38150949133e-06 2.84442163392e-07 1.70952964463e-06 1.23318806173e-07 7.50930834366e-07 4.99704526993e-07 5.40484238492e-07 2.48591556648e-07 5.80703325723e-07 6.49857288059e-08 4.07567235806e-07 6.5226089721e-07 1.55994525449e-07 1.72705538723e-07 6.22780125268e-07 9.89553403731e-08 7.74682983643e-07 5.12251053357e-07 1.86613821984e-07 8.86735643476e-07 5.00030992531e-07 4.85694101363e-07 3.86822825452e-07 2.94237290812e-07 9.42259557563e-07 5.05722704074e-07 1.41861219944e-08 1.06584666708e-06 2.51112038827e-07 5.95380730437e-07 6.81347615052e-07 7.38123416006e-07 1.96663587036e-07 1.68869800013e-06 3.98653234671e-07 8.37484708201e-07 1.23172727382e-06 6.69516275317e-07 1.45561898874e-06 1.3805016533e-06 1.16268174701e-06 7.74069717075e-07 3.96397052674e-07 1.48471757936e-06 3.17495337843e-06 1.55295093798e-06 1.33434867214e-06 6.31131978775e-07 1.49219305441e-06 1.56680282324e-06 1.13122048877e-06 2.17357123553e-06 3.52314698667e-07 2.29479902204e-06 1.12959707101e-06 1.4742305346e-06 1.97412762319e-06 8.20751443226e-07 1.43708629592e-06 2.78946285186e-06 3.50948454304e-06 2.33883356251e-06 6.45258899296e-07 1.00725154928e-06 1.30996139164e-06 1.47948711933e-06 1.55160456526e-06 7.01847497747e-07 1.53306572635e-06 8.34591718924e-07 4.44712633113e-07 1.47497147959e-06 2.37404036451e-07 7.07076737584e-07 7.5421621557e-07 5.19487218953e-07 2.12292055844e-07 1.04381228191e-06 4.5819447141e-09 4.353207054e-07 8.80696170985e-07 2.60000773077e-07 2.87741084739e-07 4.0638980084e-07 4.25361829864e-07 7.12761076262e-07 1.61986419566e-07 1.60393723361e-07 1.50426399047e-06 3.04852528303e-07 1.38223154575e-06 2.69345405618e-07 4.48572134084e-07 8.8676220628e-07 6.79469000435e-07 1.09656301694e-07 1.08340168048e-06 3.11523524542e-07 7.9176116761e-07 1.06227166207e-06 1.13306477136e-06 3.15189268932e-07 2.27712749689e-06 5.17936815853e-07 1.66589292469e-06 1.26709807068e-06 1.66939206868e-06 5.60934160694e-07 3.84092865994e-06 1.19373095981e-06 1.14246791006e-06 8.88881112771e-07 1.73540180531e-06 4.36842196074e-06 2.89972545553e-06 1.27619161297e-06 2.01453410851e-06 8.60484338778e-07 4.84415029884e-06 1.06621621008e-06 3.00524816854e-06 1.74289315891e-06 1.61322692273e-06 2.95303123903e-06 1.17757481929e-06 4.79812907983e-06 1.21060401242e-06 2.98873647628e-06 1.42051448451e-06 4.08154941849e-06 4.79462873954e-06 2.81082213048e-06 2.02433377551e-06 1.6212540773e-06 1.57470714679e-06 4.74809358103e-06 5.85079956537e-07 1.84691050099e-06 1.34299541454e-06 1.76172239086e-06 4.9807244245e-07 2.23333489661e-06 4.50255093304e-07 1.23428939721e-06 8.66820794452e-07 8.69467200583e-07 2.3355456794e-07 1.05432719686e-06 1.41712981188e-07 5.76972769327e-07 7.77052865644e-07 3.68068540124e-07 1.64940125457e-07 1.14992945422e-06 2.53423811723e-07 1.22176907678e-06 1.42655619729e-07 9.44998540723e-07 2.1653379308e-07 8.58607087435e-07 2.46062604229e-07 1.73680285463e-07 1.1059371138e-06 3.37442508297e-07 6.56235075759e-08 8.56752163007e-07 4.98247529573e-07 9.88272239614e-07 8.89995526951e-07 1.14379722504e-06 1.31723883207e-07 2.43345908321e-06 3.05425634083e-07 1.04204818005e-06 1.33816920268e-06 1.07484491695e-06 1.14538808237e-06 1.57057825072e-06 2.04947078412e-06 1.22444828487e-06 6.76638168677e-07 1.3463408973e-06 3.82931432172e-06 1.67879062876e-06 1.36766506424e-06 8.69215482972e-07 1.65938183494e-06 1.69691714594e-06 1.35569307706e-06 1.71442457413e-06 1.23423884101e-06 1.47414336892e-06 1.17637293799e-06 1.57959389521e-06 1.78910514907e-06 1.45150001004e-06 2.21845784298e-06 1.14407882145e-06 1.50530795912e-06 3.52537858187e-06 4.16632515041e-06 2.29922771393e-06 1.07554128523e-06 1.47949962452e-06 2.31669328151e-06 1.67589509626e-06 1.37339581511e-06 1.04694712289e-06 1.75420417573e-06 1.18073999576e-06 2.69118846793e-07 2.35276748691e-06 2.22278295473e-07 1.03594682542e-06 8.72284921845e-07 9.75331248821e-07 4.30098499052e-07 8.63068221912e-07 7.94056518785e-08 3.27978099761e-07 9.30802310491e-07 1.16633257622e-07 2.2254110221e-07 7.11735800989e-07 1.41803309032e-07 7.40272037082e-07 1.19941850465e-06 2.34949909456e-07 9.82728361461e-07 2.9743126586e-07 4.22012650877e-07 9.48114731062e-07 6.07334540186e-07 1.70386846175e-07 1.20967750974e-06 5.49017595988e-07 1.10061777282e-06 1.13499354948e-06 9.69397015658e-07 3.2726461342e-07 1.80563856356e-06 5.85560398629e-07 1.41345208119e-06 1.03845769752e-06 1.24703523761e-06 9.16318890277e-07 3.0966985317e-06 7.71953271731e-07 2.38237257844e-06 1.05531585992e-06 1.39630589354e-06 4.14664176659e-06 2.97729245549e-06 1.71645720838e-06 1.3928383117e-06 1.43935706322e-06 4.08026503159e-06 8.64345135144e-07 4.25165738351e-06 2.67753659797e-07 2.80851910617e-06 2.9169322164e-06 2.62241221147e-07 4.20445291661e-06 1.0653306252e-06 3.9450982755e-06 1.85458078435e-06 1.91662549245e-06 1.67515688512e-06 4.27551080509e-06 4.56686707574e-06 2.24440055954e-06 1.87690192147e-06 3.10955105755e-06 1.0655191946e-06 3.80106073635e-06 1.05639321819e-06 1.33551637718e-06 1.07413612644e-06 1.50468402823e-06 6.03273731834e-07 1.71215830854e-06 3.89604289013e-07 1.09502430134e-06 9.43264450885e-07 1.11979735421e-06 3.54001645595e-07 1.08585680615e-06 2.27649521809e-07 4.70656967067e-07 7.73722542803e-07 3.83632678522e-07 1.68804481271e-07 7.83525058247e-07 1.93833224972e-07 9.70515327011e-07 7.69830261601e-07 3.8374693405e-07 1.04126369146e-06 1.05388401593e-07 3.01727332929e-07 1.33682860735e-06 2.75898863547e-07 2.06857583787e-07 7.74170400298e-07 5.62971253099e-07 7.67120717625e-07 8.76460026036e-07 1.03664940748e-06 1.4910573615e-07 1.92085767162e-06 2.43453069949e-07 1.04008447593e-06 1.05236421808e-06 8.90369990518e-07 7.9209305642e-07 1.6943603264e-06 1.3926812117e-06 6.47393134734e-07 9.48402647907e-07 1.16930089785e-06 3.2665499046e-06 1.82772739566e-06 1.30298742507e-06 9.64355033218e-07 1.2235993986e-06 2.54204224091e-06 1.34814288334e-06 1.36521276e-06 1.17211755437e-06 8.16781924486e-07 2.09756479741e-06 7.8286521978e-07 1.20113443726e-06 1.27770058955e-06 1.61842906775e-06 2.65967720694e-06 1.51448336699e-06 1.51862198595e-06 1.29095794867e-06 3.22110594128e-06 3.5540937752e-06 1.78706840714e-06 1.994787944e-06 8.81650143831e-07 1.80883600561e-06 2.09210840463e-06 9.45685754475e-07 1.14243642738e-06 1.2304220857e-06 1.10961443811e-06 2.77758902885e-07 1.83235993716e-06 1.91048255334e-07 1.17418973351e-06 7.39560458433e-07 7.78520497939e-07 4.2594579719e-07 6.63442081061e-07 2.15132012489e-07 2.36007749816e-07 1.18572997863e-06 2.52158655922e-07 3.70073171447e-08 8.11333370952e-07 2.82994632426e-07 6.04831941052e-07 5.11241386917e-07 3.60777361156e-07 8.40343058915e-07 6.06356459246e-08 4.44327310624e-07 9.08409671297e-07 2.8365676362e-07 1.06347193564e-07 8.28259319926e-07 5.55991718744e-07 5.27106079116e-07 6.81004498824e-07 7.14963933564e-07 2.12229070187e-07 1.43430266592e-06 2.26534293116e-07 4.9080219825e-07 1.04169195889e-06 6.6157725917e-07 7.81035696163e-07 1.90068734997e-06 9.83467351459e-07 1.06745242197e-06 3.0494457346e-07 2.18721700376e-06 3.03098969237e-06 1.63077043632e-06 9.88229931706e-07 1.07610456315e-06 9.7621893858e-07 2.56368415281e-06 8.34635252888e-07 2.86203416944e-06 3.76340196829e-07 1.85634862439e-06 1.08426028015e-06 9.60467653751e-07 2.08484278161e-06 4.06196747899e-07 3.05463897697e-06 9.72457903114e-07 2.56059727936e-06 1.45165111112e-06 1.37790304646e-06 1.24302225601e-06 2.88380677072e-06 3.20367278316e-06 3.18219625993e-06 5.71311899725e-07 1.33966695349e-06 1.01120539825e-06 2.57993692678e-06 7.40182478489e-07 6.92247816546e-07 1.22498404839e-06 5.78501727069e-07 3.21807645511e-07 1.35561910403e-06 2.43375419438e-07 7.10664522562e-07 5.13377322732e-07 5.21549312632e-07 3.88911788118e-07 7.54254626163e-07 1.43523773265e-07 2.5755056592e-07 7.49944733156e-07 3.18687113317e-07 6.28914413165e-08 5.9097953786e-07 2.62156377596e-07 3.85282826316e-07 8.70160753458e-07 6.18566621662e-07 1.99832059467e-06 1.71828857734e-07 8.00823939951e-07 1.88506081822e-06 4.8013925177e-07 3.30849859363e-07 1.41721384587e-06 1.25839648904e-06 9.79884614444e-07 1.51949859093e-06 1.5619291826e-06 4.84090150943e-07 3.79359509448e-06 4.64394464396e-07 1.8584799737e-06 1.49051564805e-06 1.50744691487e-06 1.65228010895e-06 2.85705438447e-06 2.66697751797e-06 1.70659270893e-06 1.76148305931e-06 1.63228894903e-06 7.16145097742e-06 3.33201694283e-06 1.81746750611e-06 2.26463917056e-06 2.53826992506e-06 5.62003471135e-06 2.27700719403e-06 3.76057032516e-06 2.16429906728e-06 1.77652320899e-06 5.09382550778e-06 3.34641042841e-07 5.06624012583e-06 2.00100604432e-06 2.21166371975e-06 3.95175316202e-06 2.54769287197e-06 5.94195322506e-06 3.09844987478e-06 3.44291094466e-06 2.06431703199e-06 5.13486182626e-06 8.23082799069e-06 2.48066834481e-06 3.76886614631e-06 2.50903598588e-06 3.26793874816e-06 3.57706489392e-06 1.79110259726e-06 1.79645287245e-06 1.8215502078e-06 2.18922498695e-06 5.9379098621e-07 3.71087064334e-06 5.89145764685e-07 1.68812945313e-06 1.3274348224e-06 1.09810244062e-06 9.34930445173e-07 1.23267830414e-06 2.71464779792e-07 4.63581969403e-07 1.37896256833e-06 5.79479829149e-07 1.46486047704e-07 1.44395664206e-06 4.43014406713e-07 6.35957666955e-07 4.03178007461e-07 5.49264111623e-07 7.39893502114e-08 1.10877078505e-07 8.05312931785e-07 6.11947635703e-08 2.16617123769e-07 6.73861180899e-07 4.16079841201e-07 4.69510707039e-07 3.39744384241e-07 5.59662650917e-07 1.38741860783e-07 1.02941915506e-06 2.33323999819e-07 5.29871550037e-07 7.00024967046e-07 5.29376314461e-07 5.78663837942e-07 1.51171955069e-06 8.22931732751e-07 8.40500574631e-07 6.8139302417e-07 1.41780879205e-06 2.42503262405e-06 1.87911791146e-06 9.63404358112e-07 3.71866578211e-07 5.65378218069e-07 1.91304166626e-06 6.60776328117e-07 1.37860244379e-06 6.46321779432e-07 1.11553420224e-06 5.0892584929e-07 5.28943858538e-07 8.06593769522e-07 4.26526832167e-07 1.28225167194e-06 6.23948001351e-07 1.41657453725e-06 9.60762679818e-07 1.73810731873e-06 8.95441960767e-07 6.14329482134e-07 9.96145508341e-07 3.49337383414e-06 2.56196287662e-06 2.1989356161e-06 8.97952171262e-07 9.85290952776e-07 9.64186456429e-07 2.07997206684e-06 6.15086565959e-07 7.57923984129e-07 8.10104300262e-07 5.76449910286e-07 3.28765674974e-07 8.95544375502e-07 1.91204824013e-07 5.74661594956e-07 2.13411575948e-07 4.81780135602e-07 3.19780094045e-07 5.17276371904e-07 2.11315641139e-07 5.08364838348e-08 5.93297851451e-07 1.10874106449e-07 4.52697574476e-08 3.69626889093e-07 2.86163571705e-07 1.02846131116e-06 1.30482055557e-06 1.89274160612e-07 6.55191807057e-07 2.01339606428e-06 3.79191479062e-07 4.78345339374e-07 2.05883159336e-06 8.09881935411e-07 7.17086869792e-07 1.18292180621e-06 9.79113666931e-07 4.48464486274e-07 2.89642374032e-06 3.06019158498e-07 1.92833456264e-06 1.79291689626e-06 1.39889140607e-06 1.41052624172e-06 3.35081299105e-06 2.50957362552e-06 1.63931291615e-06 1.86618706227e-06 2.92518421539e-06 6.94597059497e-06 2.29404296287e-06 3.21895361225e-06 1.28097030096e-06 2.03848719244e-06 4.93970689609e-06 2.22801710318e-06 4.97508553623e-06 1.05617606664e-06 3.09790350132e-06 4.08675404919e-06 4.24477077256e-07 6.97089651753e-06 4.07851954008e-07 4.09252214913e-06 3.18711360192e-06 1.15895712289e-06 5.34452975269e-06 2.59819067048e-06 4.94855540659e-06 2.48131444358e-06 1.93956053846e-06 3.64908003449e-06 3.63207087544e-06 7.96143358432e-06 4.25195449144e-06 3.5527760055e-06 2.37597504863e-06 2.80817629437e-06 4.10985799214e-06 1.47118018756e-06 1.49955648268e-06 2.06321273495e-06 2.12641634004e-06 4.72680906478e-07 2.90568514765e-06 5.27699053505e-07 1.15609274843e-06 1.04962865419e-06 8.69632256033e-07 6.18502354884e-07 1.71494152947e-06 3.07576401642e-07 3.68689975127e-07 1.4703195236e-06 3.7767408111e-07 1.05273243034e-07 9.72299185344e-07 7.42543264376e-07 2.52974914768e-07 6.35257712858e-07 1.65950387292e-07 4.19469831073e-07 1.14028324995e-06 3.08654536272e-07 4.01890330347e-07 1.13003511517e-06 4.77397493364e-07 7.55994176957e-07 6.60791640255e-07 6.98752575389e-07 3.80242579285e-07 2.1171118629e-06 2.65273665434e-07 7.69877950824e-07 1.30228260859e-06 7.99259049333e-07 1.23238366178e-06 1.53429293287e-06 1.7921568194e-06 1.25999446635e-06 7.61344159238e-07 2.365034462e-06 4.39717576072e-06 4.01748570093e-06 7.96235045337e-07 1.92387592588e-06 8.14356321429e-07 2.88559377709e-06 1.08049847253e-06 2.47276917238e-06 1.01910943755e-06 1.94672875225e-06 1.88650431818e-06 8.73494246261e-07 1.21359141914e-06 1.11523793307e-06 1.00626527628e-06 1.92801035927e-06 1.84910537657e-06 1.31562810387e-06 2.42956929098e-06 1.28524872346e-06 3.08593959675e-06 1.02307980308e-06 2.96048476588e-06 8.06492600309e-07 6.20998991098e-06 4.5656185317e-06 3.49589170214e-06 1.50649913478e-06 1.64204122753e-06 1.95785606384e-06 2.08168036572e-06 1.25087095309e-06 7.7550766155e-07 1.58937453441e-06 8.28120607334e-07 3.90720032709e-07 1.96966600755e-06 4.22652586423e-07 6.26576461707e-07 5.63692753967e-07 7.63726058147e-07 3.8527083903e-07 8.89312220602e-07 2.44560736641e-07 2.79612923711e-07 8.11626244202e-07 2.56916739357e-07 1.07127798828e-07 4.6079557071e-07 1.83178574719e-07 1.40799606704e-07 7.83033580664e-07 3.36880426564e-07 5.0960636883e-07 1.74767997781e-06 5.56094809744e-07 3.64037901195e-07 1.65228288817e-06 4.35271106022e-07 1.31569831291e-06 9.84280862486e-07 9.61360693953e-07 5.88629999675e-07 2.29453210959e-06 4.53530473818e-07 1.38447933218e-06 1.62711258615e-06 1.61320832933e-06 1.22693477426e-06 2.93143698263e-06 1.86882050503e-06 2.09905085293e-06 1.59544658671e-06 2.55511987207e-06 5.78959696374e-06 3.44543951385e-06 2.74862897048e-06 9.52159417114e-07 3.10820058531e-06 1.91857455752e-06 1.76067159873e-06 3.41916023287e-06 9.50641695598e-07 3.73816804881e-06 1.97601527984e-06 7.78966821153e-07 4.70371245285e-06 4.27587516232e-07 4.83520923048e-06 8.49768398103e-07 2.20428766797e-06 3.9227111237e-06 9.27381531715e-07 3.74063949685e-06 2.13724716257e-06 2.31915601464e-06 3.96754855907e-06 1.44468729711e-06 3.14495368893e-06 5.36445543758e-06 6.05837139107e-06 3.98280415852e-06 2.62976366635e-06 3.013893154e-06 2.13808641058e-06 3.89232380831e-06 1.35639081545e-06 1.83885927984e-06 1.8612569711e-06 1.74097353348e-06 6.62101255267e-07 2.33386903747e-06 6.71528924745e-07 1.08128030385e-06 7.51970672993e-07 1.28007473389e-06 3.12962503423e-07 1.49299925343e-06 1.59119615307e-07 3.8874604819e-07 1.15169099913e-06 3.29406998957e-07 2.19330050224e-07 4.66894435999e-07 1.10239865014e-07 7.91690087911e-07 4.15970850894e-07 6.03605287509e-07 1.86545252168e-06 5.4284681669e-07 3.08639294705e-07 1.56877505606e-06 8.09540896046e-07 8.21990895252e-07 8.35528106806e-07 1.41070518505e-06 4.54865434083e-07 2.39078318294e-06 2.65199871763e-07 1.17482095807e-06 1.3705769904e-06 1.13588006396e-06 1.51307598047e-06 2.26972327199e-06 2.06014145057e-06 1.35890971019e-06 1.29242513454e-06 2.32175564398e-06 5.20407679129e-06 3.29227140377e-06 1.76905944623e-06 2.21172391162e-06 9.62442013108e-07 4.47883012406e-06 9.54561996911e-07 2.55656038861e-06 8.12341216559e-07 1.87122910359e-06 2.85444177186e-06 7.73623946947e-07 2.26972317038e-06 1.09737215551e-06 1.16742747903e-06 2.25604411004e-06 9.73569229875e-07 3.21570224381e-06 1.85617703093e-06 9.31812076661e-07 2.82670069082e-06 1.10596658648e-06 5.17035962157e-06 1.23659782693e-06 3.26212330911e-06 1.68484321981e-06 5.4056668934e-06 5.54129006187e-06 3.57864564473e-06 2.61074804963e-06 1.87122436556e-06 2.247744027e-06 2.93469434883e-06 1.75580882009e-06 1.21844340726e-06 1.41973068538e-06 1.2806242698e-06 3.8276479815e-07 2.27877834936e-06 4.51699926233e-07 1.36016062741e-06 7.16478435793e-07 7.62339912647e-07 6.5768709438e-07 1.2773859968e-06 1.69531873212e-07 2.77870710584e-07 1.19267484012e-06 3.56914976083e-07 2.53300147127e-07 4.76242379076e-07 3.31667690144e-07 4.60052306641e-07 9.14827197795e-07 2.3244337499e-06 5.2741676364e-07 1.86253112565e-07 1.80762668638e-06 7.44995741715e-07 1.19937558799e-06 8.04781255696e-07 1.5691449191e-06 7.77710948594e-07 2.05447001306e-06 5.33966266982e-07 1.21910258417e-06 1.94120866908e-06 1.25899186145e-06 1.65326546153e-06 3.21263426631e-06 2.29696557039e-06 1.71440167379e-06 1.16594686571e-06 3.19587289349e-06 5.68960881806e-06 3.97002450481e-06 2.30237815971e-06 1.7946196464e-06 2.43969026492e-06 1.55629475154e-06 2.70870820755e-06 1.81498795996e-06 5.03787238178e-07 2.47672989546e-06 2.14059962151e-06 1.32762770053e-06 2.49968756805e-06 6.45067090101e-07 3.6838338099e-06 6.1682665489e-07 2.64226398002e-06 1.42215162124e-06 2.05750984238e-06 2.70895066761e-06 5.15081455797e-07 2.02560435296e-06 3.02358147884e-06 1.82619252685e-06 3.08503849616e-06 2.57282379908e-06 2.54848774365e-06 6.15739451917e-06 6.10719558953e-06 4.55100064033e-06 2.0195729807e-06 2.3267929618e-06 2.57452853295e-06 4.04642610545e-06 1.85152191319e-06 1.42988576712e-06 2.04018726987e-06 1.32194911834e-06 6.75433367877e-07 2.1324682264e-06 8.18859126942e-07 1.46755291665e-06 6.94304112402e-07 9.64463883692e-07 5.01260165307e-07 1.35979442172e-06 1.11401024037e-07 2.89227465836e-07 1.41668488142e-06 5.72806099808e-07 3.08281527889e-07 2.03834378017e-07 4.84882345046e-08 8.95176983594e-07 2.34137630407e-06 6.83577499033e-07 3.4506656324e-07 1.90810018463e-06 5.9008663843e-07 1.21014024464e-06 1.12379048143e-06 1.50765504829e-06 8.99527055239e-07 3.45528470033e-06 4.31798402499e-07 1.77668234926e-06 1.7399011621e-06 2.05688714405e-06 1.89523907994e-06 3.05206769281e-06 3.02454878934e-06 1.79513839737e-06 1.82850753485e-06 2.90786104143e-06 6.82465092749e-06 4.31466770868e-06 2.37090218642e-06 2.12039957408e-06 1.8165873586e-06 4.05796278074e-06 1.10126665004e-06 4.77325356945e-06 5.55104630221e-07 2.26065653728e-06 2.71134467447e-06 1.09983106836e-06 4.89602374904e-06 9.23930834164e-07 2.28215945567e-06 1.92867122363e-06 1.01066849621e-06 5.08884801974e-06 1.25299677583e-06 2.91529302715e-06 2.23975649017e-06 7.83085641928e-07 5.31593942497e-06 1.23410901564e-06 4.79601107479e-06 2.3124483438e-06 3.31743314715e-06 2.43486807713e-06 6.58807232317e-06 7.39688893286e-06 4.23073502823e-06 3.80002269689e-06 2.43961376208e-06 3.34244117426e-06 4.0221416606e-06 2.00065990706e-06 1.97219885755e-06 1.60749790242e-06 1.85469592752e-06 5.40307924789e-07 3.10317283104e-06 8.18582052815e-07 1.37751627618e-06 8.72337497627e-07 9.78519876738e-07 4.58975485919e-07 1.35832104401e-06 1.09622816424e-07 3.29808525959e-07 1.37968389186e-06 5.7191842335e-07 3.73259008242e-08 4.68291125878e-07 1.31250661224e-06 6.06334582175e-07 2.06708579209e-07 1.83357521351e-06 3.16922989542e-07 1.02786193644e-06 8.45599561734e-07 1.32561216638e-06 5.54969893717e-07 2.42560573849e-06 4.22901913274e-07 1.10638258298e-06 1.82128853877e-06 1.3094773606e-06 1.45080050894e-06 2.20938537117e-06 2.17954235634e-06 1.8446729667e-06 1.5323558924e-06 2.83160295162e-06 5.0308146959e-06 3.99430582719e-06 1.9401827197e-06 1.43586016911e-06 1.80140818697e-06 1.72214396266e-06 2.16440563148e-06 1.15661450281e-06 8.3436041665e-07 1.9369164378e-06 1.27592654384e-06 9.97510477681e-07 2.40253385568e-06 1.0261622809e-06 1.99423784106e-06 8.98517809298e-07 2.15827265113e-06 1.18555229397e-06 2.28461495923e-06 1.05385354443e-06 1.40924528764e-06 2.01139636794e-06 9.58596014182e-07 1.21406207541e-06 2.37438302363e-06 2.03924221465e-06 2.22359756733e-06 2.17332845806e-06 1.96127637923e-06 6.29352624626e-06 5.21023398645e-06 4.23709356616e-06 2.40419476576e-06 2.41191318473e-06 2.44027580816e-06 2.7841829816e-06 1.57210583835e-06 1.25468480932e-06 1.97050949978e-06 1.25333883848e-06 4.92844387891e-07 2.19471392511e-06 5.01841285984e-07 1.19517247092e-06 6.44698176076e-07 8.88834871489e-07 2.92423242046e-07 1.27589598506e-06 4.36944782616e-08 2.74349510807e-07 7.6336892994e-07 2.64151760731e-07 5.72460489535e-08 1.95033906937e-06 1.12496690227e-06 1.84422808064e-07 2.40056454387e-06 4.16469297936e-07 1.23347697147e-06 1.32155637077e-06 1.62519612937e-06 8.92020522778e-07 2.48475578829e-06 5.73476310357e-07 2.15612094219e-06 1.76737278827e-06 2.38639333064e-06 1.37066135118e-06 3.9693522011e-06 2.66506239305e-06 2.27564850351e-06 2.44406489917e-06 3.69476615358e-06 7.31930329121e-06 3.67469984277e-06 3.10927595696e-06 2.2027073824e-06 2.09667928028e-06 3.62285619404e-06 1.75827072519e-06 4.28796369383e-06 4.5345619199e-07 5.22704324837e-06 1.93158788931e-06 1.06504440981e-06 4.39765081797e-06 8.86169458787e-07 4.43016158494e-06 1.29043021268e-06 1.37586251818e-06 4.57911570188e-06 9.93854309775e-07 4.74250874723e-06 1.2673011487e-06 2.01041519024e-06 5.43522651189e-06 6.9517514547e-07 4.79830756177e-06 1.95345119146e-06 4.42768830213e-06 2.58372781866e-06 3.22469054324e-06 3.32336555453e-06 5.81406942366e-06 7.80920281364e-06 5.12492122319e-06 4.74940185877e-06 2.83909748299e-06 2.92728076813e-06 4.92436460949e-06 1.61582451832e-06 2.16608502065e-06 1.61993545758e-06 2.36051697332e-06 6.22068298358e-07 2.30538253746e-06 6.90822282873e-07 1.42363000553e-06 9.51573562995e-07 8.55859319358e-07 3.89222039716e-07 1.71271011478e-06 1.052280909e-07 6.71528161959e-07 1.03977796363e-06 3.78085184643e-08 7.02922519802e-07 5.96323421461e-07 3.20820943026e-07 2.58412378586e-06 6.73542334762e-07 1.3701741151e-06 1.03062132056e-06 1.60314722343e-06 7.90709829265e-07 2.15433608014e-06 5.56307116039e-07 1.52083836425e-06 2.60615572207e-06 1.46355077922e-06 1.09163612358e-06 3.03100938432e-06 2.73231463079e-06 2.19229255225e-06 1.60244397531e-06 4.03526206564e-06 6.33314100181e-06 5.05240961781e-06 1.81593866768e-06 2.21591413543e-06 1.53131399623e-06 2.19303261069e-06 1.76237553618e-06 2.27346876918e-06 8.47737578833e-07 1.13177365298e-06 2.67773681226e-06 8.04230494835e-07 2.00893245929e-06 8.18709686207e-07 2.08304289105e-06 1.51222000954e-06 1.68527208481e-06 1.81900574786e-06 2.03461638654e-06 1.06552844602e-06 1.95110783044e-06 7.9438889674e-07 3.22975856186e-06 9.33882888243e-07 9.04500511863e-07 2.36659871768e-06 2.17922837158e-06 2.63206339567e-06 1.91786831749e-06 3.31006714708e-06 1.84057863509e-06 7.68912451878e-06 6.46491196049e-06 5.42070028423e-06 2.59046748596e-06 2.71771275231e-06 2.99426155731e-06 3.2294492275e-06 1.34794081246e-06 1.18799091426e-06 2.85842016046e-06 1.52733581653e-06 5.53805834857e-07 2.01443293564e-06 6.05079179288e-07 1.39923700047e-06 7.14944983836e-07 8.35528894048e-07 4.9593740281e-07 1.54455871853e-06 1.58490204589e-07 3.57298428071e-07 3.50407383691e-07 7.6308605142e-07 7.04122420512e-07 3.95137972051e-06 9.59316225327e-07 1.82510438579e-06 1.70425481188e-06 1.68710907914e-06 1.15217669836e-06 2.83391486788e-06 5.57658786553e-07 1.75409338036e-06 3.05296728999e-06 3.3725364976e-06 1.11521248692e-06 5.02284636572e-06 2.76783950174e-06 3.83603369909e-06 2.07225490202e-06 4.7678758163e-06 8.6126034854e-06 5.52806115406e-06 3.43700451823e-06 1.9833443494e-06 3.3230114385e-06 3.18479130272e-06 2.34580511878e-06 4.02153413929e-06 6.61060495801e-07 5.93240488869e-06 1.11595743712e-06 2.10537948916e-06 3.0367258438e-06 6.17127010587e-07 5.20468578552e-06 1.40648876768e-06 2.71665255797e-06 2.80706074683e-06 1.49103808559e-06 5.42215216725e-06 8.34684677402e-07 3.09772035966e-06 2.44631627374e-06 1.33820022191e-06 6.23051648398e-06 9.05169302831e-07 4.61228235666e-06 2.88566664269e-06 3.9774683302e-06 4.09104663155e-06 2.98520220496e-06 3.57587275619e-06 8.04228537333e-06 9.22275932865e-06 6.28338390205e-06 4.44214319944e-06 4.5488343845e-06 3.14373399421e-06 5.7162868627e-06 1.59427215992e-06 3.11193857655e-06 2.67906467634e-06 1.99908082288e-06 5.64823311072e-07 2.76951225119e-06 8.41845297748e-07 1.4409232578e-06 1.36129122338e-06 8.83198004345e-07 4.92869684289e-07 2.13431803768e-06 3.36375515656e-07 3.40833117073e-07 6.30377434315e-07 2.86586708529e-06 9.4029613113e-07 1.52363235612e-06 1.74165082376e-06 2.04341355303e-06 8.79167062134e-07 2.77807075793e-06 7.2638404974e-07 1.67018670567e-06 2.22668742377e-06 2.46512108477e-06 1.47947360186e-06 3.68775705705e-06 2.8966931972e-06 2.75654351911e-06 2.42991782286e-06 4.46750895503e-06 7.45068986202e-06 6.93152055284e-06 2.41565515007e-06 2.51605993797e-06 1.83682097553e-06 2.70104632312e-06 2.20319934154e-06 2.72157774917e-06 9.65826657606e-07 3.10073856125e-06 3.49486344675e-06 4.74966932692e-07 5.70782516298e-06 6.63686372325e-07 2.37222819151e-06 2.10027774191e-06 1.26233408021e-06 3.93979844113e-06 1.17038330408e-06 2.46952473268e-06 2.25723558224e-06 7.29304391302e-07 5.98777270507e-06 5.28462191501e-07 4.0863934484e-06 3.12353164038e-06 1.19301110683e-06 3.0280342756e-06 2.45284721849e-06 3.5217703427e-06 2.36152500624e-06 3.73541749561e-06 2.21722290582e-06 1.00861633865e-05 7.64224230658e-06 5.89425627354e-06 3.82215284072e-06 3.41271430104e-06 3.34120324802e-06 3.99146957088e-06 1.95113805803e-06 2.26194722952e-06 2.11173268783e-06 1.84331804769e-06 6.42214823326e-07 2.53247706097e-06 6.08413556812e-07 1.47150891416e-06 1.30682341062e-06 6.08574609641e-07 4.20797625309e-07 1.42499200473e-06 3.32660900645e-07 3.11579604979e-06 1.5971665098e-06 1.50937563451e-06 2.29455778739e-06 2.5887163522e-06 1.28599574125e-06 2.46580563392e-06 9.69054443563e-07 1.78577061759e-06 2.77931912505e-06 2.16118607751e-06 1.20454504178e-06 5.47804927853e-06 2.41214252886e-06 3.33818370901e-06 2.15562072909e-06 5.88197542973e-06 8.00558481686e-06 5.62190611684e-06 3.3810447563e-06 1.98509967287e-06 3.07924146497e-06 2.11169420963e-06 2.82025387806e-06 3.11309258318e-06 9.08521474835e-07 4.39712072629e-06 2.35620636211e-06 1.46741367321e-06 1.67343045478e-06 1.45090001916e-06 1.94266945483e-06 1.26924153085e-06 1.83415575687e-06 2.25299589091e-06 1.8789030247e-06 2.1043175581e-06 1.38258136062e-06 1.98790787813e-06 1.78185941882e-06 1.52075542005e-06 1.81237927917e-06 2.34700387284e-06 4.17633478481e-06 1.1943098887e-06 3.55672954337e-06 3.17886135639e-06 2.87923869943e-06 3.54853773943e-06 2.72814442601e-06 3.40675720484e-06 8.22673450606e-06 8.32792121559e-06 7.46010944981e-06 4.02523827463e-06 3.89089510232e-06 2.79241245996e-06 6.00710095101e-06 1.8609279188e-06 2.07446753997e-06 2.6458020319e-06 1.98115751374e-06 6.23552880757e-07 2.1846124696e-06 8.91685017465e-07 1.62154467473e-06 1.81160289641e-06 5.6354707634e-07 7.62341421968e-07 1.37022424411e-06 3.66373834973e-06 2.41981608384e-06 2.99509210453e-06 2.79492643261e-06 1.23435903699e-06 3.47344935467e-06 1.18200353343e-06 2.60251551841e-06 3.27528868627e-06 2.7987553365e-06 1.42067677518e-06 6.62071673321e-06 3.7095181848e-06 2.88531252262e-06 3.24501498747e-06 5.47553990853e-06 9.98227771498e-06 7.34348959948e-06 3.36307100994e-06 3.9930083079e-06 3.02483330511e-06 3.65472206207e-06 2.4781782686e-06 3.90928137418e-06 1.07588880037e-06 3.9463674174e-06 3.2637529785e-06 8.54862911601e-07 6.21997005868e-06 3.45786689778e-07 5.63253623218e-06 1.09129859378e-06 1.24179320492e-06 4.2017767534e-06 1.05045461751e-06 4.31274646196e-06 1.29046834854e-06 1.09585285806e-06 5.98997630903e-06 4.00131550821e-07 6.36009352909e-06 1.03392575425e-06 3.67811336336e-06 3.97090717149e-06 1.30030976951e-06 4.3666681442e-06 2.68525050302e-06 4.63015449157e-06 3.35045596804e-06 5.38333047341e-06 3.43040338512e-06 1.0484788969e-05 1.04185227058e-05 7.22410145353e-06 5.31145232932e-06 3.43100418129e-06 4.32918266932e-06 7.06101006177e-06 1.91233199675e-06 2.82294671586e-06 2.61321163502e-06 2.66575825171e-06 7.56005478611e-07 3.02485360023e-06 9.19532019872e-07 1.63050935347e-06 2.24589892799e-06 9.4903225236e-07 1.03249889751e-06 6.01784876112e-06 3.48776507117e-06 2.22452059725e-06 6.5509635443e-07 2.85543890779e-06 1.15486272915e-06 1.90549812633e-06 3.31860527644e-06 1.66452540792e-06 1.13976688704e-06 4.46728293e-06 2.47636323151e-06 3.82436718947e-06 2.37884355693e-06 5.55470299031e-06 8.0893050153e-06 6.37716038901e-06 2.7481284093e-06 2.62485341587e-06 3.39426269505e-06 2.48745554876e-06 2.20466339437e-06 2.03252117317e-06 1.14248449291e-06 3.75430892768e-06 2.31677610323e-06 7.95623687653e-07 3.12134145747e-06 1.16780855287e-06 1.47498861432e-06 3.26715417261e-06 9.93338292547e-07 2.57730898193e-06 1.61148826985e-06 2.09297616954e-06 2.18969275755e-06 8.51552066882e-07 3.59414849267e-06 1.15320407892e-06 1.60734742517e-06 2.98025105137e-06 1.22772325576e-06 2.3906246757e-06 3.74070683146e-06 1.31655905333e-06 2.43323558889e-06 2.66408198368e-06 3.07935351531e-06 3.69339141225e-06 3.42373652554e-06 2.64371715424e-06 9.271170155e-06 8.11322897386e-06 7.00598029766e-06 3.76993514759e-06 4.32114464662e-06 3.56008775659e-06 4.46058948778e-06 1.55870324428e-06 1.75886315046e-06 2.88673809977e-06 1.83792304169e-06 6.75882189007e-07 2.1436118169e-06 4.59530529965e-07 1.09178792337e-06 1.97139036747e-06 2.05599565532e-06 1.86715914054e-05 3.35854879967e-06 1.35009443158e-06 4.56651656928e-06 1.47144169814e-06 2.66684067617e-06 3.30516101528e-06 2.42477158204e-06 1.69648304192e-06 6.90722635334e-06 2.43468079473e-06 5.11875440971e-06 3.94304485454e-06 5.5772429143e-06 1.10728614576e-05 7.81521228244e-06 4.31763940726e-06 4.20668900356e-06 4.27385432446e-06 4.65027926007e-06 2.62654324657e-06 4.20581463532e-06 9.58159331191e-07 5.77663657707e-06 3.16513681699e-06 5.88531204802e-07 5.84649754189e-06 6.11213472204e-07 5.34087598877e-06 9.53123201354e-07 2.93840538127e-06 2.27351938066e-06 1.1256011094e-06 3.80432887693e-06 1.28975432765e-06 1.83150370009e-06 3.29851506227e-06 9.45680151499e-07 5.49476936375e-06 9.15400921744e-07 5.60281635371e-06 9.57441608822e-07 3.42849454657e-06 5.6799297063e-06 1.25908481927e-06 4.73974390366e-06 3.08545551049e-06 5.66474540071e-06 4.79503050053e-06 5.5607552634e-06 4.31785955257e-06 1.10281437083e-05 1.12999062491e-05 7.21355729335e-06 7.02633381946e-06 5.44696561413e-06 3.00723172425e-06 7.29613764241e-06 2.47373079855e-06 2.77068422074e-06 2.99288049688e-06 2.56179740375e-06 7.48573316302e-07 3.10354690919e-06 7.50388583369e-07 1.26496960859e-06 3.29229907031e-06 1.90378560658e-05 8.90020005086e-07 4.70022052875e-06 1.34343895568e-06 2.45040519858e-06 3.41287870371e-06 1.52944738992e-06 1.6198706948e-06 4.94502259597e-06 2.47661453128e-06 3.87739719143e-06 3.46889175424e-06 7.09867794909e-06 8.38673843855e-06 7.49474633212e-06 2.94611608384e-06 3.20350926744e-06 3.39048395692e-06 3.0284087607e-06 2.96082935329e-06 2.51225960877e-06 1.02012756682e-06 3.07318583649e-06 3.34348503494e-06 7.15586255542e-07 3.76835524957e-06 9.15484772712e-07 2.48804754688e-06 2.80436126977e-06 7.56666660861e-07 5.52991570375e-06 9.0956993799e-07 2.0900643404e-06 1.75335280655e-06 8.41651542937e-07 5.12532761315e-06 6.7902902713e-07 3.05186561585e-06 2.22343498977e-06 1.35161129056e-06 3.31250894061e-06 1.04606414675e-06 3.69980555986e-06 2.8611929296e-06 1.36828688995e-06 2.66987629772e-06 3.48978299067e-06 3.74396562987e-06 3.63629964656e-06 4.41746180507e-06 2.65453619445e-06 1.03464987077e-05 8.14046256805e-06 8.25974849992e-06 4.71377351695e-06 3.94943706675e-06 3.37498159342e-06 5.38463005641e-06 1.99848880154e-06 1.57294488891e-06 2.58935729324e-06 2.1972300276e-06 1.00824514728e-06 2.94114296565e-06 3.97943972724e-07 3.62532772461e-06 1.50849441732e-05 1.32923959339e-05 2.53191259464e-06 4.0741866623e-06 5.61139958615e-06 2.91437807067e-06 2.22218860767e-06 8.62074542555e-06 3.71058842172e-06 6.91809167333e-06 4.35596289684e-06 1.06091628488e-05 1.38980568983e-05 9.70458162559e-06 5.135905174e-06 4.39403635281e-06 6.21746078597e-06 5.14359881683e-06 4.5027842578e-06 6.26749185508e-06 8.23818726409e-07 6.29082421356e-06 2.88775168578e-06 1.21778455792e-06 5.82254867573e-06 8.90847380202e-07 5.00737474122e-06 1.79360336484e-06 2.89111540984e-06 2.00085917615e-06 3.39451264699e-06 1.93408426656e-06 1.93768401126e-06 1.6865942912e-06 3.85834869935e-06 1.85836026291e-06 3.14898997041e-06 1.97241543289e-06 5.20456130257e-06 1.2129118047e-06 5.11482906777e-06 1.77720047616e-06 3.22477378577e-06 5.98965446197e-06 1.27483110955e-06 6.93725232171e-06 5.05048755248e-06 6.09259150572e-06 6.8045703455e-06 5.7646095982e-06 5.1843786708e-06 1.30355678986e-05 1.4383185333e-05 1.18958737633e-05 7.36161029529e-06 7.22717927412e-06 4.71417002383e-06 8.49436294182e-06 2.67979798026e-06 3.36700472047e-06 4.17254399499e-06 3.16032478452e-06 1.66640567428e-06 5.35575231582e-06 2.72106384387e-06 6.67592950459e-05 5.75207690825e-06 4.34326230513e-06 5.60869309108e-06 3.08338147236e-06 2.76830700928e-06 7.36918507515e-06 4.42982810114e-06 6.64009308583e-06 4.80801159219e-06 8.57151903336e-06 1.34565654039e-05 1.4269939602e-05 3.01294037831e-06 5.69362365578e-06 4.08017708313e-06 5.68217779216e-06 4.1050205238e-06 4.45168844858e-06 9.52937312269e-07 4.10176895142e-06 3.21134672662e-06 9.68126127083e-07 5.93807247892e-06 1.13042161304e-06 3.4735969766e-06 2.62160531006e-06 1.4804029353e-06 5.27259195789e-06 1.02883059154e-06 4.80482310734e-06 1.42804015269e-06 1.34372599692e-06 4.87560940583e-06 1.20804268731e-06 4.84890128712e-06 1.69666751862e-06 2.73288195499e-06 3.38725919789e-06 1.43222988869e-06 5.33938320428e-06 1.30756787871e-06 3.73682550228e-06 3.6015483589e-06 1.5581065298e-06 4.62026592868e-06 4.62846261473e-06 6.36585032645e-06 4.37425343795e-06 6.89160195655e-06 3.05337822853e-06 1.84810402342e-05 1.31829468422e-05 9.69012843501e-06 7.67253466259e-06 6.71739774894e-06 5.45333881822e-06 6.78928730557e-06 3.01513902973e-06 3.33051557329e-06 4.23895837632e-06 2.9326945106e-06 1.96293385672e-06 1.15711401725e-05 1.33936128526e-05 9.36764171229e-06 8.14866630472e-06 2.37099124056e-06 3.38563059837e-06 7.65617534205e-06 3.4301442848e-06 6.02475548557e-06 4.75214767592e-06 9.73579971857e-06 1.14332851752e-05 1.07803906659e-05 3.91502590039e-06 3.72597801297e-06 4.76615409562e-06 4.21275332812e-06 3.97579590178e-06 4.66333313375e-06 5.75666476841e-07 5.92454249554e-06 2.46739642527e-06 1.17265703054e-06 4.7622643624e-06 1.09910316659e-06 4.06466005304e-06 1.87373114351e-06 1.88318136537e-06 2.49921974554e-06 2.75143227235e-06 1.41703710192e-06 2.70987989315e-06 1.12942914527e-06 2.72953880655e-06 1.43310993552e-06 2.80957696229e-06 2.21682595007e-06 2.29368550824e-06 1.9048064282e-06 4.20608847582e-06 1.42244992236e-06 4.6024675991e-06 1.40552193885e-06 2.74445163845e-06 5.36749399077e-06 8.95705339964e-07 4.70149889934e-06 4.342560001e-06 4.38294655497e-06 5.14523350365e-06 4.13619164829e-06 4.08307413282e-06 1.38121495755e-05 1.1031236784e-05 1.0731472081e-05 6.207262735e-06 6.31224746652e-06 3.91641694362e-06 7.43514764028e-06 3.42488979044e-06 2.22631098907e-06 3.81959476619e-06 2.51479641243e-06 2.63848414348e-06 6.29686517158e-05 1.78771789267e-05 8.55477524463e-06 5.60963680886e-06 1.09866790434e-05 4.62240884347e-06 6.15488616919e-06 6.79149605478e-06 1.28437056656e-05 1.51715234397e-05 1.24807548195e-05 5.13307060021e-06 7.72995379451e-06 4.37895991721e-06 7.14992694601e-06 3.75938129902e-06 7.10301941708e-06 7.9146310457e-07 6.36312595846e-06 3.77101086968e-06 1.42762938662e-06 5.56870385272e-06 1.23279160992e-06 4.54810071013e-06 2.7696290266e-06 1.74449220096e-06 3.95199579155e-06 2.20601971185e-06 3.53376917125e-06 1.03111992364e-06 2.80846461406e-06 2.57035871007e-06 1.05346690072e-06 3.53443853046e-06 2.03989931916e-06 3.98876965119e-06 1.85038468426e-06 2.91576803817e-06 4.42694907347e-06 1.59794879356e-06 5.11602379912e-06 1.75221134704e-06 4.28100393376e-06 5.62993422323e-06 1.27673510106e-06 7.06855414805e-06 4.1519786895e-06 7.79305770783e-06 4.75810543539e-06 9.05943019304e-06 5.29779963932e-06 1.60413142968e-05 1.53444076559e-05 1.39663131062e-05 9.30416630403e-06 6.48620939864e-06 5.4717183025e-06 1.07308606545e-05 4.56795591374e-06 3.46019888166e-06 5.43896750614e-06 7.40984224566e-06 7.84434034656e-05 1.70841699313e-05 1.26547222776e-05 2.26539261367e-05 9.92046045015e-06 8.18395726607e-06 7.03534846935e-06 1.53010890377e-05 1.61288874634e-05 1.68021869371e-05 4.01871659592e-06 7.31182574477e-06 6.98907400612e-06 4.91715427748e-06 5.00454571101e-06 5.13648694761e-06 1.40521263685e-06 6.29071340454e-06 3.77109146543e-06 2.19290175621e-06 5.11115843467e-06 2.04759640872e-06 3.74528475607e-06 3.33144073912e-06 2.02826534683e-06 3.1536063491e-06 3.29237133169e-06 2.53254957905e-06 2.7428020899e-06 1.15459406177e-06 6.14482682812e-06 1.23831820369e-06 2.79302468576e-06 2.45643953079e-06 3.26879562732e-06 3.23112444411e-06 2.15956132512e-06 3.06071060851e-06 3.74477362935e-06 2.19090671886e-06 4.88984555879e-06 2.56256623801e-06 4.31512321145e-06 5.37152859538e-06 1.94903124962e-06 4.99268274092e-06 5.42230100089e-06 4.85956676587e-06 7.3530635707e-06 8.14958958327e-06 4.0868037275e-06 2.11502502138e-05 1.54344368687e-05 1.59201971469e-05 9.90264595223e-06 8.76343133476e-06 7.45576347713e-06 1.28393250084e-05 5.54882831131e-06 4.40601171691e-06 1.37670285667e-05 7.18393126846e-05 1.84271802137e-05 3.25472388255e-05 1.65724093474e-05 1.44781304451e-05 1.67503558748e-05 1.57604635762e-05 1.9796652597e-05 2.14003924976e-05 5.31439611558e-06 7.38693523702e-06 6.866321522e-06 8.83634182748e-06 3.83075086883e-06 7.3525016808e-06 1.2534235094e-06 8.55010655158e-06 4.15234072783e-06 2.33786731034e-06 7.07529084878e-06 1.8503019764e-06 4.89757022984e-06 2.67219252506e-06 2.68451556143e-06 3.73894985263e-06 3.29434456623e-06 3.462138458e-06 2.06824710549e-06 2.86607615271e-06 2.49356348594e-06 2.9554450509e-06 2.52691516146e-06 2.01613417283e-06 3.55468063718e-06 3.14720864281e-06 3.73984076327e-06 3.20022435021e-06 2.43665939671e-06 4.89878296515e-06 1.76340236248e-06 6.75764116215e-06 2.41001164508e-06 4.79378314209e-06 7.29877114263e-06 1.66036533863e-06 7.38757391099e-06 3.92389766162e-06 9.45502626667e-06 7.09299591652e-06 7.9435511558e-06 5.63302667892e-06 2.3715250461e-05 1.80035579721e-05 1.51554531683e-05 1.40445296437e-05 1.18251570849e-05 9.71846736468e-06 1.56317898617e-05 6.58091316101e-06 9.1764740397e-06 7.47331833309e-05 4.32941822386e-05 1.61021839711e-05 1.82614778554e-05 1.65900424719e-05 2.1231435117e-05 1.92455360766e-05 2.4694916798e-05 5.16944393929e-06 9.10328003011e-06 5.00599125699e-06 7.09918829225e-06 6.57085046653e-06 4.6653365561e-06 1.38036585003e-06 5.74111979587e-06 4.20236901081e-06 2.13356906709e-06 4.91569672685e-06 2.01177147404e-06 3.50833292287e-06 3.06802495835e-06 1.74220051524e-06 2.93257410801e-06 3.15018448242e-06 1.88717980355e-06 2.39114375647e-06 1.66886477028e-06 3.81848637736e-06 1.15697071648e-06 3.2613886172e-06 1.64103013858e-06 2.2710202898e-06 1.85043594705e-06 2.87907575846e-06 2.73369210541e-06 1.96424796818e-06 2.35377159158e-06 3.32786932898e-06 1.94981713615e-06 4.54495867918e-06 2.07279050962e-06 4.4922587529e-06 4.93295778742e-06 1.76715512486e-06 4.81452280054e-06 6.57547710508e-06 7.66344019385e-06 5.05520326586e-06 9.15291164889e-06 4.84797599902e-06 2.34837669083e-05 1.6423966262e-05 1.72280657894e-05 1.24223106724e-05 1.16769272368e-05 9.43378611385e-06 1.47255165026e-05 9.0580102764e-06 0.000201091916446 4.29821671594e-05 3.4328928688e-05 1.92211922432e-05 3.28359322001e-05 2.89151430443e-05 3.12641424121e-05 9.9838637762e-06 1.45478402199e-05 1.49773233781e-05 8.62531611891e-06 1.16929871199e-05 9.74461841486e-06 1.49566162649e-06 1.00971679114e-05 4.42773558812e-06 2.91801546604e-06 5.37843263441e-06 2.41548336046e-06 4.62766383989e-06 3.29909139641e-06 2.90268424777e-06 3.04656776855e-06 4.120323091e-06 2.93074082269e-06 2.4450579403e-06 2.850441855e-06 3.2546694386e-06 3.12888560973e-06 2.16143185237e-06 3.07625404357e-06 2.84020368398e-06 1.96382424548e-06 3.21620273127e-06 3.35220499211e-06 3.10887426394e-06 2.61987744877e-06 2.53037675637e-06 4.8600747735e-06 2.25967695925e-06 4.81558564388e-06 2.93176318194e-06 4.57485134994e-06 6.70634629218e-06 1.7494218528e-06 7.98767233493e-06 8.56578370712e-06 7.61064254839e-06 1.09768348774e-05 1.2799658112e-05 7.37340327049e-06 2.7936661348e-05 2.35545540655e-05 2.42911099477e-05 1.25091808532e-05 1.75359948534e-05 1.53578751898e-05 2.89332196571e-05 0.000170038905843 6.1995976243e-05 3.84447950279e-05 4.7370164479e-05 3.47251842101e-05 4.64488246089e-05 8.61480735736e-06 1.96894738335e-05 1.65390306297e-05 1.42802243134e-05 1.26890085651e-05 1.20629135949e-05 5.86623906342e-06 9.35236896956e-06 9.58512344593e-06 3.369117312e-06 1.17148807687e-05 3.67025534214e-06 6.99039891996e-06 6.81388305618e-06 2.92161993118e-06 6.70417129014e-06 4.00393173866e-06 5.14692623533e-06 3.31508257938e-06 2.63564417436e-06 6.82959729343e-06 1.77951596552e-06 7.14410721854e-06 1.39703726658e-06 7.21328880862e-06 2.19692468649e-06 3.15483873827e-06 5.03410456635e-06 3.22540500807e-06 5.63744365023e-06 2.62406747623e-06 4.78220233862e-06 5.90484790332e-06 2.73952900662e-06 8.39306919826e-06 2.77681917742e-06 6.94748011719e-06 5.90492414291e-06 3.93393214337e-06 8.70848652735e-06 7.30470896671e-06 1.08354929496e-05 1.20253143338e-05 1.52093727473e-05 6.5258619793e-06 3.96282889232e-05 2.86958703791e-05 3.094130394e-05 1.80212536878e-05 2.22957884809e-05 3.0404634258e-05 0.000198447300283 5.73711547312e-05 7.77195509551e-05 5.42275398586e-05 7.35292794157e-05 1.42988194773e-05 2.23386405696e-05 2.13661591639e-05 1.94211115216e-05 1.40613221482e-05 1.42270752921e-05 5.55002092231e-06 1.40352096838e-05 9.68036656716e-06 7.05049857192e-06 1.1947592651e-05 6.20774061234e-06 1.03787142144e-05 8.28321027003e-06 5.72058158288e-06 6.84376757585e-06 8.16882173394e-06 5.48135933539e-06 5.9537239163e-06 3.97497434496e-06 9.38572887782e-06 3.80325944176e-06 6.4577089001e-06 5.75769871872e-06 3.93944785452e-06 8.18425139456e-06 3.57590068208e-06 5.25744365874e-06 4.86106600766e-06 6.06030305965e-06 5.53835647164e-06 4.78173994473e-06 5.47936413779e-06 7.57036534116e-06 3.8508859376e-06 8.50864675018e-06 4.33846809725e-06 6.00148027163e-06 9.49159753467e-06 3.73811563317e-06 8.91300747548e-06 8.30048289137e-06 1.23070537755e-05 1.36080864414e-05 1.30330739873e-05 8.80607982579e-06 5.22225061637e-05 3.64345674789e-05 4.1150582164e-05 1.86895757819e-05 3.73892765457e-05 0.000327134075264 0.000126043926577 7.84626462018e-05 0.000111157357553 2.66243377359e-05 3.58388608687e-05 2.86411595611e-05 3.36823973349e-05 2.05613445723e-05 2.67616167107e-05 6.43392695669e-06 2.18686151199e-05 2.05918153935e-05 6.12505751938e-06 2.08986195975e-05 5.50264297646e-06 1.53573159281e-05 8.20850176673e-06 6.4662438005e-06 1.3316246183e-05 6.48146869105e-06 9.65121131678e-06 5.34939441487e-06 4.57275458001e-06 1.20711650079e-05 3.03914222625e-06 1.18055550164e-05 3.75656463536e-06 1.126578881e-05 2.86810224698e-06 1.02809944511e-05 4.30466633964e-06 4.57192667541e-06 7.39401805171e-06 4.78801746893e-06 1.00820845093e-05 4.69152674656e-06 5.73477661714e-06 9.9563050618e-06 3.24356838458e-06 1.27102297759e-05 3.3116800365e-06 1.11803143259e-05 1.11028348916e-05 3.89112558959e-06 1.2912036173e-05 9.75271020185e-06 1.68728909385e-05 1.31976521752e-05 1.80227051808e-05 1.18359516043e-05 6.89815834153e-05 4.89996044827e-05 5.78543419099e-05 5.6024783685e-05 0.000512732702417 0.000131055904521 0.00019962515902 3.81751893576e-05 5.9963538008e-05 4.62109596203e-05 4.58600956622e-05 3.46227309996e-05 4.09705783971e-05 1.47366002466e-05 2.90826073749e-05 2.67852836027e-05 1.35074853181e-05 2.45884700434e-05 9.62163628539e-06 2.01728994891e-05 1.37970671195e-05 1.0097254154e-05 1.65107237223e-05 1.15415739881e-05 1.0275849572e-05 9.32977186374e-06 5.58425277559e-06 1.71680567653e-05 4.7072554589e-06 1.113511687e-05 8.31449974298e-06 7.94199854501e-06 1.05442678935e-05 3.99003900278e-06 1.37212135302e-05 4.52459407756e-06 6.64432336028e-06 6.89113039893e-06 7.78106186022e-06 1.00381011985e-05 6.08526342401e-06 7.96543141444e-06 1.06363277954e-05 4.81465261333e-06 1.19275938423e-05 6.02948323441e-06 1.19447985853e-05 1.2614244808e-05 5.96269976654e-06 1.56692471128e-05 1.38728039378e-05 1.73513957396e-05 1.7580905766e-05 2.1081680583e-05 1.50212999156e-05 9.80752097872e-05 7.10774686006e-05 0.000135352471552 0.00149795431999 0.000920806067457 0.000173190178788 0.000202369943522 0.000186973367027 0.000170013999806 9.69564291347e-05 0.000139724582637 3.84984924408e-05 9.30665599728e-05 7.19392669255e-05 4.38479045052e-05 9.29807024046e-05 2.42434768154e-05 6.82990116964e-05 2.92330707951e-05 4.2034664652e-05 3.88886021303e-05 3.19618513354e-05 3.75553287169e-05 2.23918441614e-05 2.25244768791e-05 3.07309979709e-05 1.42927734782e-05 3.17902707812e-05 1.96613685864e-05 2.52313734387e-05 1.76473363873e-05 2.67427954321e-05 1.08134568521e-05 2.14752738785e-05 1.39173228825e-05 1.3250835742e-05 2.06723969427e-05 1.54838129792e-05 1.81672323712e-05 1.6566709846e-05 1.13111578671e-05 2.43638711926e-05 7.51179328808e-06 3.01758744241e-05 1.12959001301e-05 1.79171827526e-05 2.78070110895e-05 9.16047057536e-06 3.12037243833e-05 2.50743026923e-05 3.68565551545e-05 4.4249555536e-05 4.41063907972e-05 4.05896184962e-05 0.000214778106781 0.000322235916164 




















































