

















4.19862755774e-06 4.55145202826e-06 1.02361884239e-06 4.19196425523e-06 2.09055043919e-06 2.94333493804e-06 1.91686474653e-06 5.00389547533e-06 2.06836927827e-06 2.86797745752e-06 2.4985355993e-06 4.41021170774e-06 1.0668344035e-06 5.56214957161e-06 3.081061689e-06 1.03011130872e-06 9.36420977256e-06 2.10419605167e-06 4.99864791435e-07 2.1136537459e-06 2.35443801965e-06 1.17749422903e-06 2.38662320565e-06 2.3341670511e-06 1.31009779223e-06 2.49987059299e-06 2.85171385333e-06 3.33907549861e-07 2.65732566561e-06 6.4376166053e-06 1.36172615248e-06 5.00980824311e-07 6.79390105193e-07 3.27662313584e-06 1.46343644963e-06 3.21606173918e-07 1.83628964291e-06 1.59472249287e-06 1.57482681098e-06 1.5758651172e-06 9.79586373948e-08 1.50699783573e-06 1.65997360844e-06 1.52272326122e-06 1.48715832379e-06 4.50835873768e-08 6.8432925006e-07 2.64048692136e-06 8.69913513213e-07 5.51282975741e-07 5.07050916254e-06 5.47935856057e-06 1.50583800156e-06 8.22673102091e-06 3.5550109885e-06 1.54381966762e-06 2.07488010865e-06 2.52437392471e-06 1.78575528089e-06 2.01629518436e-07 4.49347879668e-07 1.53639050622e-06 2.38241280581e-06 1.87680570122e-06 8.66198125613e-07 3.33147507016e-06 6.1915697314e-06 8.83422075102e-07 5.58610177402e-06 5.2823619257e-06 1.82940699858e-06 2.57225641541e-06 2.177362604e-06 1.36197153861e-06 7.93285574119e-06 1.81160430531e-06 4.72951166301e-06 3.77175310281e-06 2.46414210757e-06 1.6995060668e-06 2.26879866332e-06 2.21370005871e-06 1.6880866366e-06 1.93105360538e-06 3.45847719163e-06 4.81144872574e-06 7.30597341594e-07 6.26721662096e-06 1.39758292584e-06 1.96171228766e-06 3.77129402255e-06 2.61209378609e-06 9.85471494953e-07 2.56737507192e-06 1.04177901829e-06 6.29922667483e-06 5.19562752446e-06 1.24591948212e-05 1.66068103318e-06 2.36834646518e-06 1.48460007226e-06 5.07690465678e-06 2.19560098636e-06 4.86731286372e-06 2.12669483992e-06 4.55176283477e-06 1.47910602784e-06 1.91939602383e-06 1.10768714885e-06 9.67180411279e-06 3.54580559756e-06 6.27813936039e-06 1.03015517792e-06 3.1625629644e-06 1.31596729512e-06 2.29472772994e-06 1.97075769186e-06 1.79873770508e-06 2.63768931538e-06 1.96762198345e-06 8.65485764229e-06 8.04804596366e-06 7.72780686393e-06 9.27297130139e-07 2.79822131904e-06 2.80853416084e-06 1.41637098267e-06 1.30567300931e-06 3.0685331572e-06 2.6764572695e-06 2.06130410897e-07 6.865684118e-06 6.30150868646e-06 4.19792506212e-06 1.99844943314e-06 1.82096780255e-06 1.78131608788e-06 2.49363075349e-06 2.65817622251e-06 4.497432688e-06 3.18498893323e-06 3.20967608179e-06 3.54975391522e-06 8.92862870381e-06 4.54291198955e-06 1.68178251109e-05 9.5278707628e-07 1.0047369567e-05 9.52984404681e-07 7.07124482578e-06 6.12859228966e-06 6.52934552934e-06 5.95865959287e-06 8.10066225022e-07 8.7895902512e-06 7.88443096604e-07 1.37979644427e-05 2.92048722739e-06 7.62392370772e-06 3.12932071398e-06 2.7655003214e-06 3.50583163263e-06 6.16590489157e-06 1.46783372707e-06 1.23259118784e-06 8.01753461989e-07 2.74351768262e-06 1.57604775981e-06 3.31113833564e-06 1.01560615463e-05 7.88219465126e-06 2.43006314446e-06 3.19903927734e-06 2.18941098098e-06 2.87136320796e-06 7.37381679726e-06 2.49908486817e-06 1.61535950815e-06 2.93473480611e-06 1.51149573704e-06 6.38466726014e-06 5.06797610582e-06 2.84893922362e-06 1.49306988861e-06 2.18545995168e-06 7.15693531788e-07 1.65037652117e-06 2.02101385555e-06 2.17656122532e-06 1.05142723728e-06 1.15599314494e-06 1.74295700701e-06 5.5489475082e-06 4.70961819076e-06 4.54717699899e-06 4.16251337527e-06 1.2340551775e-05 4.81770842353e-06 1.11653490246e-05 1.3784780065e-06 7.19178772507e-06 5.86665420605e-06 1.04108350851e-06 1.09496218177e-05 2.43156877608e-06 1.09480305569e-05 2.4074243812e-06 3.90177994285e-06 3.71694694205e-06 5.51842419457e-06 1.17821587472e-06 1.12858323855e-06 1.74095709979e-06 2.94574222979e-06 1.59563572273e-06 4.03849562197e-07 8.612833756e-07 3.42404724989e-06 5.7954050639e-07 4.83743069001e-06 6.98754624029e-06 3.90203980301e-07 2.90403258848e-06 8.30843037104e-06 4.04480245939e-06 2.17314183383e-06 4.71000446685e-07 1.05389113811e-07 1.01137055873e-06 1.32806247674e-06 7.5926332596e-06 1.82248206867e-06 1.20091604448e-07 6.28833576705e-06 4.75348142885e-06 5.06724216783e-07 3.72353948237e-06 9.30145974791e-07 2.36190231216e-07 1.69309172838e-06 7.70547324222e-07 9.15337357651e-07 2.61314644728e-06 1.77704132888e-06 4.89256648244e-06 1.67289259512e-06 3.97854998802e-06 6.60432836502e-06 5.26291857514e-06 7.02613117038e-06 1.63561200099e-05 2.49301657794e-06 1.56018788744e-05 1.94460404152e-06 1.32817516907e-06 1.55259991869e-05 8.95848739072e-07 1.48018538958e-05 4.16945300801e-06 4.44893962508e-06 4.18604401529e-06 3.26846600885e-06 1.34653435866e-06 4.43513272095e-06 2.45740431246e-06 3.28661635842e-06 1.31161551199e-06 9.47245360377e-07 5.72051191076e-07 1.26783408107e-06 2.27178621673e-06 2.10723217041e-06 1.08124098293e-06 4.0955614556e-06 3.48332688673e-06 6.71079594147e-06 2.25374286877e-06 8.62568901236e-06 9.91656240046e-06 6.45867766622e-06 7.25600257706e-06 4.93360968862e-07 8.8008490995e-06 3.61511345873e-06 1.04901329472e-05 6.14957777806e-06 1.26335812542e-06 6.75233915021e-06 2.23371625833e-06 5.21127476274e-06 1.53129938045e-06 1.79824977972e-06 3.00510019218e-06 1.43742501651e-06 8.62407898656e-07 1.23364134975e-06 5.25637750646e-06 3.80872264359e-06 1.12766576401e-05 2.39360539599e-06 4.88610504548e-06 1.0700466952e-05 6.99072356545e-06 1.08172356e-05 5.7831131136e-06 9.46219576425e-06 2.90348141181e-05 5.59259264799e-06 4.46785109596e-06 5.39450854027e-06 3.96741817996e-06 2.57584234636e-05 5.61707215676e-06 5.32017715769e-06 1.20699123913e-05 5.38604420486e-06 1.01537366877e-05 5.3376320281e-06 2.79731111475e-06 1.07405859141e-05 4.7019010181e-06 6.47874265026e-06 1.72992179144e-06 1.31836137548e-06 2.71604180868e-06 2.50769612927e-06 5.04126390778e-06 1.95753075083e-06 5.57080366057e-06 6.25051271138e-06 7.30201852945e-06 3.59353750934e-06 1.16145797278e-05 3.86214781658e-06 1.60135600171e-05 1.46615387027e-05 7.4012630279e-07 1.69769913597e-05 4.42668164374e-07 1.54324517787e-05 1.09944294086e-05 3.45208956968e-06 1.29364826264e-05 2.76587517535e-06 8.13797233866e-06 4.98520044243e-06 6.39788998964e-06 3.58012642759e-06 5.26435895301e-06 2.51640824576e-06 3.11245079347e-06 1.49715875255e-06 1.06825471024e-06 1.36515609458e-06 5.9905432409e-07 1.83444933209e-06 1.14576158547e-06 1.90839174357e-06 1.12141480764e-06 2.67515710883e-07 4.41754929114e-06 6.21158067807e-06 4.792192636e-06 6.21487188312e-06 6.41728427858e-06 7.94840793968e-06 5.87680681909e-06 7.27151063456e-06 4.66024868971e-06 3.12044964148e-06 5.95499304329e-06 4.21772827969e-06 3.00324236536e-07 7.01949333648e-07 1.12697235766e-06 9.22411524567e-07 2.05534154875e-06 5.75326167057e-07 1.41209056496e-06 1.02281724383e-06 1.28676766794e-06 2.84358643023e-06 3.77133039432e-06 2.09206344029e-06 1.44835434605e-05 4.52359121131e-06 1.10722432307e-05 1.72288754049e-06 1.80332311394e-05 4.8693505381e-06 2.95996620891e-05 4.66743045171e-06 5.22574467729e-06 4.22449896886e-05 3.4335017807e-06 3.54066754459e-05 3.97571543973e-06 4.59707506496e-06 3.09395209766e-05 3.78474556318e-06 1.80739405979e-05 2.02565410542e-06 1.05919394768e-05 4.66970198444e-06 1.39177952061e-05 2.68391891352e-06 4.33305090759e-06 2.82521925437e-06 1.54130850332e-06 1.72100895811e-06 2.35423567278e-06 2.95036243548e-06 7.31218871813e-06 3.97281567375e-06 2.71062140226e-06 2.39047702547e-06 6.37495608825e-06 5.52734711699e-06 1.20592014466e-05 1.10168444659e-05 1.79826863146e-06 2.01100773735e-05 1.60542918395e-05 1.94760692868e-05 1.4713658651e-05 2.41071296812e-06 1.04431097579e-05 1.12429574339e-05 4.53652865516e-06 6.59449141719e-06 4.59345598056e-06 2.44175514703e-06 3.76314099695e-06 5.68103285248e-06 2.72744862483e-06 2.91911573633e-06 1.38704197469e-06 2.88013600546e-06 3.83585054056e-06 3.62209627462e-06 5.06695894857e-06 1.95093316421e-06 7.1199900074e-06 4.36478784037e-07 8.96132439833e-06 3.51990107804e-06 1.67396488607e-05 3.10111848725e-06 2.24456881207e-06 6.39067663979e-06 2.25608361439e-06 3.16069126284e-05 2.25608361439e-06 6.39067663979e-06 2.24456881207e-06 3.10111848725e-06 1.67396488607e-05 3.51990107804e-06 8.96132439833e-06 4.36478784037e-07 7.1199900074e-06 1.95093316421e-06 5.06695894857e-06 3.62209627462e-06 3.83585054056e-06 2.88013600546e-06 1.17488289893e-05 2.94109810531e-06 1.11597110347e-05 2.80637139575e-06 7.30685132858e-06 2.21966367438e-06 6.02409033178e-06 9.26473935584e-06 1.6011719698e-05 1.22757905881e-05 2.50812566584e-06 3.59519179715e-05 4.88913006139e-06 3.5784429695e-05 2.92581802103e-05 6.34746141008e-06 3.38730337191e-05 2.75920771279e-06 1.26193727242e-05 1.50940418025e-05 7.87015660259e-06 6.9654927186e-06 2.93586860136e-06 7.97041857975e-06 3.07162872766e-06 9.86090758128e-06 3.2812074016e-06 1.10653688741e-05 4.96869752892e-06 3.69442648493e-06 1.71320117449e-06 1.53749270421e-06 2.2780619925e-06 6.68730952634e-06 2.91351821713e-06 8.35145085592e-06 4.38823955706e-06 3.80598485368e-06 1.4831488108e-05 8.31795292641e-06 1.67467389132e-05 1.47114835534e-05 1.31296307009e-05 1.09329899183e-05 1.20912984787e-05 4.58663758612e-06 4.86506887885e-06 8.99219950954e-06 2.36460520912e-06 8.20144411149e-06 2.3419248751e-06 7.73298397404e-07 2.46212302196e-06 3.72754769571e-06 4.7503537658e-06 7.94821680378e-06 3.45339228523e-06 1.22178205668e-05 3.66618307473e-06 1.25243495197e-05 2.11007718102e-05 1.41397122801e-05 1.62336224018e-05 5.73464581943e-06 4.70066826457e-05 6.0620776644e-06 5.09768767997e-05 1.32726594473e-05 1.62418294783e-05 5.38601357649e-05 1.03069059599e-05 4.53555436547e-05 6.79312466167e-06 1.5670728175e-05 1.5708901041e-05 1.90530363724e-05 1.36669294089e-05 4.09403376378e-06 1.27813057553e-05 4.03225304835e-06 8.36635969079e-06 3.46948508235e-05 6.80943005513e-06 7.60532706053e-06 5.35249725461e-06 6.84001166188e-06 1.17136675086e-05 1.9473706093e-05 3.64220811675e-06 5.52524328144e-06 2.62706232652e-05 1.16436582933e-05 3.30905558898e-05 2.83110187461e-05 5.27202758033e-06 3.28465761825e-05 2.76361903855e-05 1.65562055214e-05 2.22193610606e-05 5.43609863067e-06 3.545847257e-06 2.07389212398e-05 9.53974127916e-06 5.288480578e-06 4.8790254238e-06 6.72806779093e-06 4.46236847586e-06 2.50424693801e-05 3.33677126258e-05 1.68960223191e-05 1.12009224237e-05 1.88128412806e-05 1.26127222918e-05 1.66030443335e-05 2.24502621895e-05 2.66680982133e-06 4.45216787168e-05 6.87131779496e-06 5.00459255491e-05 1.99861021075e-05 1.45558228184e-05 1.73933401922e-05 2.64230245085e-05 5.15947414556e-05 1.14252873747e-05 4.10993854446e-05 4.73399675634e-06 2.42122807124e-05 2.00810445675e-05 1.18113355237e-05 1.70357193584e-05 7.7522378553e-06 1.53232675088e-05 2.16436361535e-05 3.93285258524e-05 8.28166028199e-06 1.60996089173e-05 1.22466722967e-05 1.03121703202e-05 1.57436726914e-05 9.68204163679e-06 2.50826577177e-05 1.28260456541e-05 3.85903237826e-05 2.39489667227e-05 1.0071378709e-05 3.40953720235e-05 1.04927761914e-05 3.26211127108e-05 3.15253200979e-05 1.80509621971e-05 2.18828895824e-05 1.06112365829e-05 1.44745421719e-05 1.43681010642e-05 1.09792037021e-05 1.25670741594e-05 6.79622128893e-06 2.32481629683e-05 3.93521448081e-05 3.28308581316e-05 1.63450370164e-05 2.94899338774e-05 2.00993814493e-05 1.19089708785e-05 6.80966418321e-05 6.29384710008e-06 5.96727805744e-05 1.98166488413e-05 1.37944430291e-05 2.71649810611e-05 2.76882428524e-05 1.79153917724e-05 2.70447319464e-05 5.68670065138e-05 1.24465823552e-05 6.3210402944e-05 1.26665394811e-05 1.97369880252e-05 2.87203540633e-05 1.48050933138e-05 2.33847745021e-05 2.48523340042e-05 6.69338569958e-05 1.53031270619e-05 2.49924143031e-05 1.9659472179e-05 5.59110251856e-06 3.18670812052e-05 1.56525490021e-05 4.01622797682e-05 2.64153593261e-05 9.07185082182e-06 3.00852467528e-05 1.80601197851e-05 3.30859087013e-05 9.00473899564e-06 3.43016706339e-05 3.38890607602e-05 2.25665265593e-05 3.06735984028e-05 4.94756048349e-06 1.68110917139e-05 2.12715623044e-05 1.11308789691e-05 3.40205763329e-05 0.000100800838402 7.12225560631e-05 4.43387258651e-05 2.71654001019e-05 6.0368376796e-05 2.56335536182e-05 9.85886644149e-05 4.12156455781e-05 2.42963325162e-05 4.84950683704e-05 4.03649155676e-05 4.51487082874e-05 4.98595651521e-05 2.98781797129e-05 4.74174929738e-05 8.91981772139e-05 3.50007224468e-05 6.17201869706e-05 2.5049046527e-05 3.55906842659e-05 4.8456211869e-05 5.1408496548e-05 0.000204680935356 6.02959494667e-05 3.02330166131e-05 9.08388080585e-05 2.75146764343e-05 9.51534190704e-05 7.81185967357e-05 1.55347766005e-05 5.28819460363e-05 2.73077174712e-05 4.49450131122e-05 2.738848584e-05 4.82764264048e-05 1.96242735743e-05 7.97119491555e-05 7.92509212215e-05 3.47381668253e-05 8.45195528121e-05 2.36284793704e-05 4.07039681459e-05 0.000104140449298 0.000129618371151 3.61781072439e-05 6.80786309885e-05 4.28933510033e-05 8.7850081019e-05 6.65622501632e-05 2.77576640435e-05 3.7092245559e-05 2.96651288061e-05 3.09188919809e-05 3.12252636666e-05 2.82199505629e-05 3.64474563693e-05 3.30311764364e-05 6.82934533153e-05 7.31994860023e-05 5.06987701192e-05 6.02815780592e-05 2.12832500137e-05 6.4055910792e-05 0.000106767737628 0.000125345674129 7.01500606108e-05 0.000151089202231 8.42765169531e-05 4.16434245432e-05 8.67103030064e-05 4.04571612209e-05 4.48744012544e-05 4.2166954787e-05 4.09741544608e-05 3.73180455443e-05 8.14328221699e-05 4.51449793609e-05 8.1332642891e-05 0.000122908476933 7.98465459777e-05 0.000113560130444 4.9906925417e-05 0.000467570994631 0.000127135997278 0.000176875440228 0.000134347775344 4.31713801947e-05 8.59308903944e-05 7.82347646018e-05 3.40769481674e-05 4.95640389817e-05 4.07712913545e-05 3.6939869018e-05 6.39230818373e-05 8.23396102426e-05 4.14517269268e-05 0.000120468110031 0.000135862643865 0.000111285490758 0.000223865876044 0.000532280697088 0.000344434697502 0.00021091478227 9.20239397598e-05 0.000107167839225 9.54394729202e-05 0.000105368078736 3.93653845375e-05 7.58873193919e-05 3.7138250252e-05 0.000102507061094 7.33525920066e-05 8.68096281232e-05 7.51358035674e-05 0.000158892081082 0.00022554836168 0.000271220051426 0.00237157617929 0.000814525376585 0.000230795034671 0.000461968954594 0.000170239043499 0.000270289305315 0.000173485367042 0.000121284189658 0.00010097336817 0.000156523231009 0.000190630345937 0.000114048783303 0.00027890280516 0.000140057409716 0.000420457931934 0.00103027292752 















