











7.8303959119e-06 5.46929363419e-06 2.626578721e-06 6.91071233586e-06 4.52285246119e-06 4.50785402601e-06 7.45521171125e-06 2.25329934111e-06 6.23160054707e-06 5.88564532912e-06 1.08271946925e-05 1.55933053699e-05 3.01502255098e-06 6.6007229556e-06 3.30365228343e-06 9.02359853122e-06 7.64465724513e-06 2.79208379407e-06 7.47326821367e-06 4.54074924063e-06 1.25733492198e-05 1.16215804551e-05 3.04368534081e-06 7.25820444499e-06 7.81305529922e-06 5.80481327244e-06 4.45413441008e-06 7.09628534728e-07 4.57698978734e-06 5.75931912157e-06 9.08965612628e-07 5.81093846583e-06 3.46451981868e-06 6.61848861933e-06 7.16448171572e-06 4.27294325021e-06 3.56921198212e-06 3.45861881176e-06 5.5227822943e-06 1.81993849366e-05 1.30274684893e-05 5.45348610795e-06 4.80545265166e-06 9.37444304728e-07 4.02837868222e-06 5.90202934732e-06 7.30481689375e-06 1.42896535301e-05 2.60552620947e-06 4.97740799945e-06 4.37184813745e-06 6.3467181763e-06 1.1512546031e-05 6.21754306902e-06 1.35706703101e-05 1.7207580795e-05 6.57251975343e-06 4.77579999881e-06 8.78690356605e-07 2.97985682509e-07 3.15167487498e-06 5.53788107391e-06 1.41583676749e-05 6.97714690055e-06 6.0849060367e-06 1.20546892504e-05 8.17314585082e-06 8.91858663433e-06 6.35886075579e-06 8.36385000165e-06 5.46224750798e-06 9.6544692352e-06 3.06530526696e-05 2.16641137877e-05 6.83642732539e-06 4.57163650953e-06 6.00716400101e-06 7.22975611781e-06 1.28908849967e-05 2.33913746841e-05 9.67485846159e-06 6.28312137457e-06 7.68518712414e-06 6.39508488112e-06 9.78907720055e-06 1.92515401217e-06 5.35548229721e-06 1.30098287317e-06 1.01129154993e-05 1.52183202034e-05 1.11383512886e-05 3.76250013346e-07 1.30024337481e-06 1.25537960671e-06 6.04719391171e-06 1.45272950892e-05 7.24701194731e-06 1.32899694206e-07 5.29800570632e-06 2.09494195313e-06 4.18583084132e-06 3.64669896878e-07 8.9249771096e-06 7.04896860836e-06 1.68874750035e-05 1.19311316816e-05 1.93235740558e-05 1.10723018929e-06 3.45608823091e-06 5.57066865729e-06 1.64390923832e-07 1.59135507889e-05 8.49737515026e-06 1.32119842517e-05 6.70377719241e-06 7.72154002222e-06 1.68495905638e-07 5.11251019738e-06 5.06478546179e-06 5.58100450688e-06 1.04357323066e-06 2.48452148388e-06 3.57561428398e-06 6.80902467879e-06 1.28338060758e-05 1.54223847329e-05 1.96722995844e-05 1.2235817807e-05 1.51906796733e-05 6.73810292119e-06 5.04416856194e-06 5.67832927673e-06 3.02472763039e-06 3.11857807576e-07 6.90760668752e-06 4.80575827419e-06 2.46462040866e-06 5.44845197889e-06 3.36631999174e-06 7.125820854e-06 1.96083143289e-05 1.27950442703e-05 1.04618060578e-05 2.7511724638e-05 2.16578866093e-05 1.3897749266e-05 2.48681920246e-05 4.63178647771e-06 1.31096140946e-05 1.51770549139e-05 5.41271277046e-06 2.98024711486e-06 5.53873876444e-06 2.93755261435e-06 3.16892637228e-06 3.99001917787e-06 4.63803336762e-06 5.57466078426e-06 1.32758630829e-06 6.80620279185e-06 9.07773835705e-06 1.98635696249e-05 1.75637116552e-05 1.69437685975e-05 6.89718080461e-06 5.50766711156e-06 3.27158432403e-07 5.72620432805e-06 4.98033311871e-06 3.96855798798e-06 3.62655733867e-06 5.10585812743e-06 1.22482300593e-06 1.10972069466e-05 2.09359991118e-05 2.69173899805e-05 5.57447667427e-06 2.18835364865e-05 9.16427911752e-06 3.51718226866e-05 2.88081116569e-05 4.76996399534e-05 6.43062821047e-05 2.08481769516e-05 3.23022526453e-05 1.34129993708e-05 2.11921843795e-05 7.44770690725e-06 2.25307120301e-05 1.8701103079e-05 1.11833648983e-05 1.88409912067e-06 5.00556666639e-06 3.44785372665e-07 2.11809436319e-07 5.17393103564e-06 6.35217456306e-06 1.87371140551e-06 3.48846668727e-06 6.80441058887e-06 9.07586650393e-06 8.40935825727e-06 6.81355340105e-06 3.30210408536e-05 6.81355340105e-06 8.40935825727e-06 9.07586650393e-06 6.80441058887e-06 3.48846668727e-06 1.87371140551e-06 6.35217456306e-06 5.17393103564e-06 2.11809436319e-07 3.44785372665e-07 6.01647238601e-06 1.6778275815e-05 6.69814184621e-06 2.24945020711e-05 8.06369040044e-06 1.32669595216e-05 1.14453859693e-05 3.39270544497e-05 9.81910875385e-06 4.4532914325e-05 5.05154442301e-05 3.86451886528e-05 6.06366780637e-05 9.97221792568e-06 3.57454362089e-05 1.0674229328e-05 1.27341276127e-05 1.17130449087e-05 2.12789239041e-05 6.62531647828e-06 1.39802462495e-05 5.16962711062e-06 1.93894367158e-05 9.55455635891e-06 8.52844680542e-06 7.80495419481e-06 6.11504593426e-06 2.20285565289e-05 1.98672958101e-05 3.14567724852e-05 2.24552756749e-05 5.78967067349e-05 3.60953048312e-05 5.13957192275e-05 3.12018918794e-05 3.00072733911e-05 2.02240199971e-05 2.12805095316e-05 8.22648626042e-06 1.33841118362e-05 1.11870485842e-05 8.89923997956e-06 1.63372214368e-05 5.7281292739e-06 5.8266570925e-07 6.49320842523e-06 5.84761446704e-06 7.86339808641e-06 1.39617008222e-05 6.75108793609e-06 1.3482120279e-05 1.98920224115e-05 6.68874922809e-06 1.15240529014e-05 1.91896958172e-05 1.68175434869e-05 5.06538874638e-06 1.71222572578e-05 7.71950382571e-06 6.68507787233e-06 7.9221817463e-06 2.21454674716e-07 4.89280825411e-06 2.06368142517e-05 1.37874128383e-05 2.30819037288e-05 3.35340483598e-05 2.92792523227e-05 3.54452466424e-05 3.68650972202e-05 8.49351021936e-05 2.53796702737e-05 7.39103094641e-05 3.17230950333e-05 7.89359390102e-05 5.35990266122e-05 3.73163439254e-05 3.16256212884e-05 2.5780972636e-05 2.27784608119e-05 1.25030931314e-05 2.0954553031e-05 5.05784899398e-05 1.54237270145e-05 4.86995018765e-06 1.59246687969e-05 1.75318250573e-05 1.56188866683e-05 3.02096275759e-05 3.68017497928e-05 2.87917978401e-05 1.71612216185e-05 1.73183189482e-05 3.91966783049e-05 2.76396129022e-05 4.50447709068e-05 1.2652930275e-05 1.98823636824e-05 1.39390154735e-05 1.38594736154e-06 1.17330145848e-05 3.04147568935e-05 0.000101385429987 3.14487005978e-05 1.37280060447e-05 3.27761914701e-05 3.45395779003e-05 5.85437073492e-05 8.78821313448e-05 2.00570460706e-05 9.25107945502e-05 1.21720653313e-05 0.000100039274282 2.75252001635e-05 7.61572742334e-05 8.53545214575e-05 4.09964302436e-05 3.27861264459e-05 1.47035790413e-05 3.39414463658e-05 5.33781427314e-05 6.85368289437e-05 2.78438794956e-05 1.62737382622e-05 1.04791441249e-05 5.29614230192e-05 6.20874605158e-05 2.58306930227e-05 2.67704859001e-05 2.26674000722e-05 2.65177175114e-05 2.10187103488e-05 4.19311802598e-05 4.9769249966e-05 6.26262799748e-05 1.33738475317e-05 1.26685576104e-05 1.71592065995e-05 3.26669646494e-05 0.00015901573311 9.74637944527e-05 2.79377684807e-05 0.000164586430184 0.000150829290952 6.58829732195e-05 0.000128383202624 8.81282390602e-06 0.000204832832084 1.18075597564e-05 0.000128084535375 7.76837669773e-05 0.000129546973861 0.000167917335716 3.25880553358e-05 9.06701285633e-05 7.62594037403e-05 0.00031010494575 6.86770517997e-05 0.000162178349788 0.000156703496331 0.000125909414727 5.65891839625e-05 1.19954191852e-05 5.8699707787e-05 5.33606144974e-05 2.3360698811e-05 4.32461600363e-05 0.000139478065001 0.00012025710349 0.00016539853745 7.0832251373e-05 0.000151954316202 0.00017309396466 0.000226540933049 0.00011820602083 9.65528323992e-05 9.55058070187e-05 2.96344646895e-06 8.98476529033e-05 2.22258184833e-05 9.00906037242e-05 6.3360650833e-06 9.87017135967e-05 9.65200451779e-05 7.18001152757e-05 0.000177055406854 7.63421954316e-05 0.00130006510632 0.000336560693702 0.00016714527706 0.00023741358064 4.81807003656e-05 9.69547146616e-05 7.21006355562e-05 7.50023743408e-05 7.0151659216e-05 5.47193863512e-05 0.000219976636234 0.000135313275415 0.000249018367974 0.000678796551661 0.00222486995019 0.000994171872943 0.00041116334801 0.000138787721048 0.000524100848789 0.000103395750988 0.000307957405647 9.51378267464e-05 0.000393087715433 0.000106036465002 0.000245020757678 0.000566173068084 0.000973110306174 












