













1.01953838389e-05 3.6090648975e-06 8.67356085311e-07 4.68711052172e-06 4.13683467352e-06 5.1055616038e-06 5.14798765806e-06 4.589963746e-06 5.21848909341e-06 1.10891354137e-06 3.8738601517e-06 7.4544611027e-06 1.08895518233e-05 2.43420623359e-05 2.41940148166e-06 9.79568179006e-06 3.08022856162e-06 2.26600153581e-06 2.72814928936e-06 3.36865513284e-06 2.43760688679e-06 3.51319840212e-06 9.50475376205e-06 2.38816057191e-06 1.70133407547e-05 1.25896097542e-05 2.37083856701e-06 6.44387005049e-06 8.87611922816e-06 3.82847616795e-06 2.07251435634e-06 1.28792246288e-06 3.03378219315e-06 1.54219163007e-06 1.29894189905e-06 2.89059640175e-06 1.56589861115e-06 2.02830201223e-06 2.17246770637e-06 6.97374954347e-06 7.27453790236e-06 3.73588703932e-06 3.77513170661e-06 3.85354129841e-06 1.8646547795e-06 2.23715391194e-05 1.19159933694e-05 1.12832788135e-05 1.26432223588e-06 4.50699697002e-06 1.2340803166e-06 3.90400276431e-06 1.32663262292e-06 1.10373117155e-05 7.11035784558e-06 1.67142757865e-05 1.13183185704e-06 4.75844487662e-06 4.85204064329e-06 7.00915305017e-06 7.12363058851e-06 7.8911863424e-06 4.08592670162e-06 1.9896504025e-05 3.21815641173e-06 7.15255649387e-06 1.86161875768e-06 2.44532870303e-06 2.73810214975e-06 2.07887391174e-06 5.63873270194e-06 3.22495282053e-06 1.59392237448e-05 2.38668527307e-06 8.40112651756e-06 9.0507176434e-06 8.75052737352e-06 6.2541187781e-07 1.00711367023e-05 5.82974920406e-06 5.73427759854e-06 1.53310851875e-05 3.73683865778e-05 1.38644556156e-05 5.62915833451e-06 9.79626184617e-06 7.03269122678e-06 5.77608091236e-06 9.99869455114e-06 4.40399475058e-06 8.09156360124e-06 2.87456895875e-05 1.49072424974e-05 6.28900789941e-06 6.16363508959e-06 1.28049780664e-05 7.08292310895e-07 4.90993714894e-06 7.62972603054e-07 4.64392267937e-06 2.30291373916e-06 6.53048089469e-06 1.74496305257e-05 9.22622553459e-06 2.26967489293e-06 9.07154348735e-06 7.47091328883e-06 1.68138952065e-06 6.52162745459e-06 1.58089924803e-05 3.90703733504e-06 1.53447747632e-06 4.73878597269e-06 6.71560791249e-07 6.97539025626e-06 3.0666456867e-06 2.02540844468e-06 5.281724944e-06 5.95525986874e-06 1.67147282762e-05 1.85901998614e-06 2.04633941891e-05 3.5962349773e-06 4.26501475677e-06 5.66486185266e-06 4.92089525826e-06 4.36987136487e-06 2.46015657379e-06 1.72932974799e-05 1.46739053421e-06 1.25395849782e-05 6.10648701998e-06 5.82822085183e-06 1.40357902857e-06 3.97219315397e-06 4.68297416428e-06 1.14290316233e-06 3.34465942198e-06 4.14667940197e-06 3.60124972705e-06 1.02439117452e-05 1.85952576812e-07 2.41696430173e-05 1.28107964459e-05 2.26873426395e-06 2.37168224282e-05 1.83588903719e-06 8.45582340453e-06 1.95787606682e-05 1.31033737315e-07 8.32295101743e-06 4.33946634312e-06 5.25956205452e-06 1.96813003612e-06 1.69155717366e-06 5.23536714751e-06 1.05939282699e-06 8.97246303557e-07 6.85894937513e-06 8.22714819743e-06 1.23796989538e-05 3.02854667508e-06 1.68678618944e-05 6.20848326463e-06 3.04926988088e-05 1.08872356938e-05 1.17239408955e-05 1.07674175484e-05 7.47162431399e-06 2.92267922584e-05 3.82392558368e-06 1.5406441892e-05 2.47463665631e-06 1.1000466725e-05 9.29665404916e-06 7.61628082317e-06 9.03339662162e-07 1.37869248452e-06 1.23059793347e-06 1.40951490041e-06 2.71663354548e-06 5.41621153888e-06 2.79383768722e-06 3.49522974767e-06 7.41703748739e-06 4.26146349888e-06 1.89291863688e-05 1.58140378965e-05 2.80311941909e-06 1.36751642578e-05 1.79918087508e-05 3.10046923508e-06 3.83964283474e-06 2.03801469038e-06 1.63176914372e-06 4.96979930286e-06 2.53571567233e-06 1.19263929008e-06 1.39540545471e-06 7.05760913038e-06 1.7496190693e-05 5.98132179178e-06 2.538942549e-05 1.1193581504e-05 2.13261516288e-05 1.50901396539e-05 3.76380282177e-05 6.87188476711e-06 8.71742725243e-05 2.02122260212e-05 1.4844304775e-05 7.75294877245e-05 4.03556199077e-06 3.62786849371e-05 1.47024961462e-05 2.08757360534e-05 1.25649276783e-05 2.5247073077e-05 7.75448255196e-06 1.8982405007e-05 7.57509437985e-06 5.44574047895e-06 2.96641332652e-06 3.72901619475e-06 4.46137061208e-06 2.74216208681e-06 7.09350317721e-06 6.74133999905e-06 1.00024244637e-05 1.04006306265e-05 1.71319064092e-05 1.20317682771e-05 1.9298902245e-05 7.48509189165e-06 1.04855908284e-05 6.62243193671e-06 7.3428521763e-06 2.03834864475e-06 2.60165139827e-06 2.84281560181e-06 3.18485211964e-06 6.46314557193e-06 1.69022861052e-05 1.19427531597e-05 1.1901731857e-05 1.33539328639e-05 6.85027263576e-06 2.02071225987e-05 9.8342976868e-06 6.18548463463e-05 3.84135096713e-06 5.93953348031e-05 7.04148341725e-05 2.22958307603e-06 6.01113401089e-05 8.43075394648e-06 2.36124812791e-05 6.45359492486e-06 1.34714289471e-05 1.08093948753e-05 1.38145713136e-05 1.84268787086e-05 2.17913327996e-05 8.37772888083e-06 1.04602037693e-05 1.41132797483e-05 1.22053473879e-05 2.41456591784e-05 3.15519031369e-05 2.46367698214e-05 1.68512612494e-05 0.000125510445512 1.68512612494e-05 2.46367698214e-05 3.15519031369e-05 2.41456591784e-05 1.22053473879e-05 1.41132797483e-05 1.04602037693e-05 8.37772888083e-06 2.17913327996e-05 2.19478700006e-05 5.59939009806e-06 2.24806810673e-06 5.08613752398e-06 8.51586336451e-06 7.03574855658e-06 1.51307247733e-05 5.72040720617e-06 1.59488696802e-05 2.25789195505e-05 1.52691833755e-05 1.98427456142e-05 5.77277298274e-06 1.70054686501e-05 5.23434642353e-06 8.88190319389e-06 5.86559792532e-06 1.0705558072e-06 7.4226662034e-06 2.07000269205e-05 7.74637687966e-05 2.85256382818e-05 1.11219729808e-05 3.71218816375e-05 3.9048056682e-05 4.45450650109e-05 3.08369315167e-05 3.40532918219e-05 0.000141493795731 4.52174458226e-06 0.000153344474705 4.09666891849e-05 3.33464247606e-05 5.26758045118e-05 3.9285932649e-05 3.6207888147e-05 1.08532839004e-05 3.02352403442e-05 6.45873285094e-05 3.78506879456e-05 1.40830940079e-05 1.57403259457e-05 1.0753450649e-05 3.5076228875e-05 8.92349530004e-06 2.53407722705e-05 5.00290924566e-05 1.47758923521e-05 1.91411140803e-05 4.02281345953e-05 3.22498336852e-05 7.00623678294e-06 3.72537147862e-05 1.00868935347e-05 1.05134898832e-05 1.52023450401e-05 2.70433513691e-05 7.94586026476e-05 6.68454546031e-05 1.85443463941e-05 8.48091270702e-05 4.27944008748e-05 3.96068753614e-05 0.00014929245074 1.11619806509e-05 0.000153606409541 1.32104847331e-05 0.000160171475418 5.03265282318e-05 4.26948451251e-05 8.72608280263e-05 2.22058499339e-05 5.70475828501e-05 5.65968975136e-05 9.06089088671e-05 2.06116353894e-05 4.94677760868e-05 1.88630613208e-05 5.77574805166e-05 8.26237013133e-05 2.26483391349e-05 4.46792068051e-05 3.77236197074e-05 3.14729897195e-05 7.0301527509e-05 6.29647352326e-05 1.44153866788e-05 4.06889943622e-05 1.80374727767e-05 5.7527223937e-05 0.000139964613664 0.000172893326223 3.18352690062e-05 0.000137951144923 0.000238354252664 2.14324675271e-05 0.000177248268258 2.90499864468e-05 0.000181100662547 2.27342414791e-05 0.000239433113351 0.000137574510953 3.29005711989e-05 0.00014369749393 8.59053612608e-05 0.000487093701389 7.91378602133e-05 0.000113505545029 0.000262673420761 5.6730553512e-05 9.36184665573e-05 5.9540645471e-05 6.14232271006e-05 9.37234688408e-05 5.62079042183e-05 0.00024969592862 0.000110066835128 7.33255454113e-05 0.000289499988126 0.000137054449337 0.000176574281964 0.000192123727914 5.47132417496e-05 0.000133848325848 3.1751661968e-05 7.3612388742e-05 2.95769371767e-05 0.000130875728409 5.68271831022e-05 0.000139535053801 0.000148994218777 8.16735858928e-05 0.000895454686553 0.000629102002734 7.05758772083e-05 0.000326203178151 0.000105370182171 0.000109762483394 9.9569503474e-05 0.000107076712774 0.000303388661815 5.32986837709e-05 0.000534638660743 0.000560269319062 0.00526712735127 0.000313938474165 0.000532940396486 0.000223929750089 0.000480103944011 0.00012198570667 0.000413549322513 0.000200766781144 0.000324265817721 0.000228333594823 0.00276286630749 










