



































2.53408897586e-06 1.70908852947e-06 2.80050163171e-07 3.76258148486e-07 5.08078060377e-07 5.98844204848e-07 2.13432442672e-06 1.81535405129e-06 7.87941548266e-07 5.99784299436e-06 7.35516239253e-07 5.89960192049e-07 2.87575160953e-07 1.89740662308e-07 5.88518230046e-07 1.8154137056e-07 9.63309295108e-07 3.53565939154e-07 1.11543806306e-06 1.48209621014e-07 1.03924963115e-06 1.01987899646e-07 1.72775937904e-07 6.73093031688e-07 2.90263365562e-07 2.94096274171e-07 7.04602708608e-07 1.94390054684e-07 1.14147249362e-07 1.18945495472e-06 1.819164023e-07 1.37786367304e-06 5.27965250524e-07 1.24986026289e-06 3.58880826374e-07 1.07658815546e-06 3.81125067597e-07 6.13194857327e-07 8.46188403172e-07 9.84264474561e-07 4.12697330525e-06 1.41826653801e-06 4.15680458264e-07 2.17773826081e-06 8.1424085316e-07 2.08494290356e-07 7.96793207295e-08 2.71202938536e-07 1.5526972579e-07 9.90840338756e-08 8.13537696666e-08 2.04123782989e-07 2.83320636939e-08 2.56001073769e-07 5.83789043915e-08 2.79248824783e-07 1.43443497732e-07 1.23547969855e-07 5.53854411874e-08 4.98853332863e-08 1.25888986652e-07 1.44612435368e-07 3.68752699436e-07 6.69293598823e-08 3.77524557335e-07 5.23149735506e-08 3.12221724363e-07 2.04776066954e-07 1.79902028832e-07 3.05283660455e-07 4.6383091864e-07 9.62825511366e-08 2.15089238907e-07 5.88974483647e-07 1.58206809888e-06 8.22541454258e-07 8.24998179466e-07 1.84356058705e-06 5.4752140687e-06 1.53743703247e-06 4.1528405758e-07 9.01238366593e-07 4.77447734914e-07 6.29410264794e-07 5.97344763568e-07 1.32593735637e-06 8.59583336039e-08 6.40402461208e-07 4.72347285246e-07 2.21558838392e-07 9.7847119602e-07 3.92853343524e-07 1.41669191536e-07 1.3445861741e-06 1.53892675668e-07 4.27935989023e-07 1.10028542969e-06 2.75029969946e-07 5.55592816712e-07 7.21072820641e-07 1.04991287509e-07 1.6733979711e-06 8.36276410616e-07 8.88387072079e-07 7.91895837207e-07 1.09351011953e-06 5.99881846599e-07 1.37903362701e-06 3.87081300986e-06 1.52747328329e-06 1.61560125111e-06 1.06254969106e-07 2.3812887485e-07 1.10722111011e-06 5.10193867354e-06 7.58697029141e-07 3.80617743857e-06 6.0101997277e-07 1.01372459856e-06 6.94668973421e-07 1.64491670948e-06 9.44287525422e-08 1.13776457131e-06 1.49056775415e-07 3.011963898e-07 7.06798748089e-07 3.60657230492e-07 2.32478884063e-07 3.80133880888e-07 1.52002891435e-07 3.8149388049e-07 2.41514025025e-07 4.64259779412e-07 7.21524294865e-07 4.04135807001e-07 2.3071372016e-07 1.387709522e-06 1.53137308259e-07 1.82722410518e-06 7.18486301187e-07 1.3070837911e-06 6.01928101919e-07 3.32208619589e-06 7.88652653049e-07 3.70170745455e-06 1.5255828207e-06 4.51741019856e-07 4.68046664699e-07 8.18293161091e-08 4.03276155543e-07 1.34913670375e-06 2.0091951811e-06 1.41140326524e-06 1.57675086902e-07 1.55324469646e-06 1.68435521215e-07 3.73125288398e-07 1.17528707787e-07 2.36464692874e-07 1.1688978948e-07 1.99381125069e-07 1.20093748581e-07 2.71224740354e-07 9.28189270111e-08 2.23824326887e-07 5.25784980971e-08 3.27455838174e-08 2.33037799023e-07 1.31828060781e-07 3.09107921549e-07 1.24951435416e-07 2.69505099736e-07 1.92550136552e-07 2.26001688446e-07 1.11830684743e-07 5.06266646788e-07 1.26034511746e-07 1.64822791253e-06 1.01650867403e-07 9.03665418747e-07 1.5929150493e-06 1.39936762313e-06 7.07529603167e-07 2.26335247702e-07 5.58468762794e-07 2.12551810523e-06 2.99960385664e-06 2.96758843499e-06 1.72144114729e-05 2.8653726635e-06 1.88512193626e-06 1.78858717707e-06 1.89778088186e-06 6.14719018037e-07 1.63293509042e-06 3.86630044603e-07 1.27257034482e-06 6.09269297515e-07 1.0694176689e-06 4.54628358358e-07 8.10453596635e-07 9.402866058e-07 4.20086752784e-07 9.9893225596e-07 9.06031198519e-07 4.33037785433e-07 1.25785704872e-06 6.24448084649e-07 1.49329569619e-06 3.73331558328e-07 2.00097310078e-06 7.85638670871e-07 2.20784482704e-06 2.12899087067e-06 1.7354665081e-06 2.06929163243e-06 1.11896441975e-05 2.24213019371e-06 3.1344695317e-06 3.37327302686e-06 1.43800143117e-06 1.01237529954e-07 4.48440731622e-07 3.23606742538e-07 2.42509804527e-06 4.76300442551e-06 2.02038141243e-06 2.34859236382e-06 2.95137887713e-06 3.58940902129e-07 1.69104046474e-06 4.37332414473e-07 7.79427891648e-07 4.58937773188e-07 1.43539705987e-06 9.39821424029e-08 9.59651539927e-07 5.06803399736e-07 2.37480176642e-07 2.18662282603e-06 2.33044735714e-07 5.49738733276e-07 9.16475780576e-07 8.11820159881e-08 1.57339817249e-06 4.60069329835e-07 6.5623013659e-07 5.33867845855e-07 1.81072080975e-06 4.19736182587e-07 2.82898659955e-06 2.01913359002e-06 1.31708610129e-06 3.78617956359e-06 2.46901174978e-06 2.97404100776e-07 7.84463757944e-07 5.54923781385e-07 4.74472047305e-07 4.97256049269e-07 2.29215492125e-06 4.06947689463e-06 1.6889886474e-05 2.91348061527e-06 2.83276433281e-06 1.25396784761e-06 1.74891516772e-06 5.72836384902e-07 1.20570681134e-06 9.64887188078e-07 9.09597417442e-07 4.83504263827e-07 1.51533533932e-06 4.10946348501e-07 9.0304638748e-07 9.83505864094e-07 8.98215025115e-07 1.03751535946e-06 4.1456335901e-07 1.33270193221e-06 6.10942557321e-07 1.06165534026e-06 9.78462261143e-07 1.40987461557e-06 5.8826939727e-07 1.64523325757e-06 1.140908125e-06 2.77142752658e-06 1.92700456452e-06 1.14480734177e-05 3.0553763733e-06 2.54601189117e-06 1.06326197133e-06 1.47797019302e-06 6.93908063072e-07 2.21022312606e-07 2.28598104712e-06 1.54082009229e-06 5.43618257726e-06 7.90802750054e-06 6.08016085766e-06 9.27233840138e-07 2.83800313238e-06 7.86414863013e-07 1.29305543393e-06 9.87697083414e-07 2.27405449441e-06 3.73200896744e-07 2.39598555821e-06 3.23695044562e-07 5.37068883184e-07 2.38442075341e-06 3.69320986807e-07 2.47225504596e-06 4.66239228119e-07 4.22150941174e-07 2.44887909409e-06 3.8180741322e-07 2.3649650893e-06 1.12501204549e-06 1.15164260827e-06 7.97825912958e-07 2.8184613018e-06 8.37530100672e-07 5.15797229455e-06 6.39453754404e-06 3.50685768168e-06 1.35671451685e-06 3.57865922881e-06 8.01417103019e-07 2.08197132916e-06 4.47673418801e-06 3.63513948778e-06 3.34056918796e-06 5.0186454696e-06 2.54463722469e-05 2.69340497569e-06 9.94322175009e-06 1.51819811692e-06 3.59859836142e-06 1.80886754555e-06 4.3086425888e-06 8.30112444307e-07 4.57860516366e-06 6.8447827908e-07 1.83102430724e-06 2.5325646177e-06 7.64906409995e-07 3.84212177716e-06 8.24473138981e-07 2.33665822765e-06 1.95903355836e-06 7.59269660002e-07 4.52236804844e-06 9.30445705058e-07 4.42985993641e-06 1.70651830368e-06 3.26096549803e-06 1.41750903257e-06 8.29102259613e-06 2.06896721426e-06 1.81656215329e-05 4.54527881559e-06 3.88630364833e-06 4.45629249165e-06 2.52205381571e-05 3.93009116604e-07 1.11668482328e-06 1.48298567627e-06 4.67752719832e-06 4.1291803145e-06 2.14751746797e-06 1.37854247688e-06 8.83541320828e-07 1.64822323782e-06 1.28516024672e-06 3.77598950126e-07 1.24652993956e-06 5.12128097259e-07 4.78618292623e-07 1.15292353732e-06 2.44223739189e-07 7.76432727033e-07 6.41940656513e-07 2.95568071668e-07 1.2995178813e-06 4.57479452249e-07 5.61424695247e-07 1.21844022617e-06 2.66916811417e-07 1.01382917723e-06 1.67588001318e-06 8.57417677985e-07 1.55903939902e-06 1.67077538213e-06 3.77462332532e-06 4.02493317794e-06 1.3088823115e-06 1.78510596617e-06 9.59823837791e-07 1.97061584321e-06 4.88214270627e-06 3.81537341711e-06 7.85087239031e-06 4.425302982e-06 1.51048367312e-05 2.0210668382e-06 5.78265215937e-06 2.47632020712e-06 5.54617044407e-06 1.17510894826e-06 4.32018467717e-06 9.52517829088e-07 1.85850118521e-06 2.3797164205e-06 1.74613421426e-06 1.80591908337e-06 1.39727063664e-06 1.85039549677e-06 1.74354199586e-06 2.26586330477e-06 1.8705622378e-06 7.3206135485e-07 3.93375461566e-06 1.23493477714e-06 5.40360600046e-06 1.89446420908e-06 4.81353639615e-06 1.62414896907e-06 1.25559450488e-05 3.47731506059e-06 6.89787861299e-06 4.31318543866e-06 6.68812383807e-06 1.38089208171e-05 3.33065222757e-06 1.46974100328e-06 1.9529865314e-06 6.87980471046e-07 3.45986968703e-06 4.42732533198e-06 1.54960906477e-06 2.6038920977e-06 1.84468565402e-06 6.37565231663e-07 1.14731798854e-06 3.35500419232e-07 7.08158492153e-07 1.24533612378e-06 2.97486658189e-07 9.3472428116e-07 6.28238177624e-07 5.44278772697e-07 9.86407900448e-07 2.745187729e-07 1.16369228932e-06 6.70317524547e-07 2.64332343975e-07 1.27794768969e-06 6.49692628442e-07 1.17750823636e-06 2.74024890575e-06 1.17944352786e-06 4.0809348728e-06 3.07049209296e-06 7.29218283319e-07 2.4081457697e-06 2.30656216148e-06 1.28159538775e-05 3.18106258474e-06 5.29135923353e-06 1.52097294132e-06 5.04010643503e-06 2.72874035123e-06 1.03050121822e-05 2.83771042503e-06 7.95692452331e-06 1.12100530067e-06 5.82152474173e-06 1.03566747743e-06 1.81092216575e-06 3.32803510298e-06 1.63696431709e-06 1.884066323e-06 2.53378950036e-06 5.66261240223e-07 2.45309347191e-06 1.8956779851e-06 1.47700125724e-06 3.26084691606e-06 1.7013436058e-06 9.02470120073e-07 5.49362480391e-06 9.98964417421e-07 6.81652796155e-06 2.36828055577e-06 9.26546066409e-06 2.14696991414e-06 4.43144807278e-06 1.46495888718e-06 5.6566919142e-06 2.11301284835e-05 6.52947112514e-06 1.20972411953e-06 3.62261106417e-06 1.76630235507e-06 5.78109093595e-06 1.05565388931e-05 5.81953027944e-06 1.96225004751e-06 3.95629127947e-06 1.91471427198e-06 1.30142467699e-06 4.82307134976e-06 9.7343213657e-07 3.9280204429e-06 7.50402572491e-07 1.79125091569e-06 1.92395989021e-06 6.51529985867e-07 3.89857978814e-06 9.53778818118e-07 4.73653959302e-06 1.16293058716e-06 1.97535972512e-06 3.25977860281e-06 1.48204255028e-06 4.48821592809e-06 9.6284442634e-06 5.08473628327e-06 2.45124342984e-06 3.35264809237e-06 1.62648299237e-06 1.49991476547e-05 1.65089393357e-05 4.4272951008e-06 8.51457424427e-06 2.74386163692e-06 6.7939456627e-06 1.04728056148e-05 2.70848523683e-05 2.4084738919e-06 1.56687933477e-05 2.30002342047e-06 3.8752961765e-06 6.40039708838e-06 2.88343016804e-06 4.57509212087e-06 4.15372194819e-06 1.757606529e-06 6.48557575853e-06 1.71213661639e-06 4.19822325341e-06 4.32524983431e-06 2.6001291167e-06 5.99953657598e-06 3.50781907806e-06 1.8508389069e-06 1.33910486589e-05 2.14383249844e-06 2.21936469313e-05 8.65036651845e-06 5.70505353308e-06 2.47151825539e-06 1.09605097615e-05 9.1808357519e-06 6.166693006e-05 1.3790880312e-06 2.69651667295e-06 1.29652777954e-06 1.62350889024e-06 1.8696435639e-06 4.83236493921e-06 3.73906477335e-06 3.05857429401e-06 1.84187083664e-06 8.22938417181e-07 3.87481885267e-06 3.21747853503e-07 3.06487257915e-06 5.29602749788e-07 1.04188239442e-06 6.65283693507e-07 9.74403840209e-07 1.01915904636e-06 3.23186348038e-07 3.1479577697e-06 1.0252630679e-07 3.67621639797e-06 7.83882865187e-07 1.92699302009e-06 2.38768940131e-06 4.05802430822e-06 4.41927913233e-06 1.7585717988e-06 1.42230077877e-06 1.98648383724e-06 5.2877913523e-06 6.05918743657e-06 1.59703895573e-05 3.66998185292e-06 8.81994087512e-06 6.83848332174e-06 1.35192259202e-05 6.53395250708e-06 3.38461646178e-05 4.15851084021e-06 7.74296169345e-06 9.44882435506e-06 4.39389795124e-06 6.41610054155e-06 4.66849970845e-06 3.16881369552e-06 7.51425139167e-06 2.67983914503e-06 7.57487474114e-06 2.99212960833e-06 4.95274913641e-06 5.58158017581e-06 4.0131385618e-06 8.52791023147e-06 6.17605231823e-06 3.55032190971e-06 3.08292250461e-05 6.10795228251e-06 1.41331838187e-05 7.98878152688e-06 1.20853247273e-05 6.67568100371e-06 5.05874898622e-05 2.66434833345e-06 4.14071435648e-06 2.62768100538e-06 4.45565062155e-06 1.31277582887e-06 8.01975596944e-06 6.78706480319e-06 2.23509682916e-06 8.81449333387e-06 9.89700299413e-07 5.43449657445e-06 1.70369932352e-06 1.61571343043e-06 1.68346439594e-06 1.74326168564e-06 1.77388190245e-06 1.88003758033e-06 1.38361605026e-06 1.58248105875e-06 5.60561495267e-06 1.03407771107e-06 8.64872151826e-06 1.94719860707e-06 7.575476589e-06 7.60826069085e-06 1.37806838004e-06 4.93879818347e-06 3.92234554973e-06 7.53899081057e-06 7.07025747652e-06 6.22811678718e-06 4.58364117101e-06 7.17018537013e-06 1.69678592189e-06 7.87578497569e-06 4.55137306663e-06 9.54104776696e-06 7.20340073296e-06 4.07932966572e-06 4.57215751106e-06 4.41534636146e-06 1.80396152932e-06 6.32242554035e-06 1.67616685191e-06 6.94411389147e-06 1.57115943881e-06 6.36257482307e-06 1.90853912929e-06 4.03549201887e-06 4.35106694177e-06 3.5721449973e-06 6.45097805626e-06 1.03634829137e-05 4.62660982192e-06 7.71709030215e-06 1.87142106028e-06 9.07831234825e-06 7.94258295844e-06 2.09492924827e-05 1.86813735997e-05 2.08986621324e-05 4.01286517781e-06 1.61550649327e-05 6.92206182051e-06 1.40897530624e-05 5.31723722181e-05 7.29658827129e-06 2.4886618912e-05 8.21687848244e-06 9.20933736297e-06 1.06883269511e-05 6.95876665167e-06 9.59408702787e-06 9.33654938022e-06 6.9723173001e-06 1.0399634094e-05 8.03494672807e-06 8.17244712252e-06 2.41098389116e-05 6.44247168853e-06 4.68153849154e-05 1.39936587526e-05 7.7428606873e-06 1.9311840775e-05 5.84582658495e-06 3.22417187157e-05 4.36429082341e-05 1.2304422679e-05 2.72879771657e-06 8.99805234427e-06 2.10809173038e-06 3.72207519834e-06 1.36946986941e-05 9.57635842194e-06 6.34287726437e-06 6.22088567075e-06 2.80585224948e-06 8.31267598554e-06 2.11703016773e-06 7.06454492764e-06 2.78487841246e-06 6.80474436826e-06 2.37637490871e-06 8.31116551057e-06 2.84628297005e-06 6.2770220309e-06 5.85152035959e-06 1.10558398893e-05 1.27617310464e-05 3.7257581081e-06 2.47193489587e-06 1.13329352989e-05 4.33842638728e-06 3.09985814199e-05 8.71421134105e-06 2.15025441951e-05 5.82763506038e-06 8.42735806767e-06 2.08550723734e-05 1.22269177235e-05 3.78211959579e-05 8.85480600999e-06 1.26609599148e-05 1.26832721915e-05 8.22508493477e-06 1.07517859977e-05 9.33565807407e-06 9.35933355418e-06 1.03434316308e-05 8.29580189085e-06 1.20310957108e-05 1.07735311431e-05 7.87944222236e-06 3.73792758617e-05 1.19592377151e-05 2.22973991721e-05 9.41798162228e-06 7.36278603277e-06 2.98052277968e-05 1.65380299306e-05 2.217487929e-05 5.80488630735e-06 7.00306179517e-06 1.13981495446e-05 4.92617395222e-06 1.68572000611e-05 2.08314739099e-05 6.0281824343e-06 1.76516399882e-05 3.66003511867e-06 1.36565682816e-05 4.49851089462e-06 1.09469788269e-05 4.73295639863e-06 1.36325726287e-05 3.69753013074e-06 1.65001032484e-05 5.47700974404e-06 2.09926640485e-05 1.58398987671e-05 5.15314185112e-06 1.39671468499e-05 8.13290502663e-06 8.27998103447e-06 4.51197557155e-05 8.15606335128e-06 7.85153104284e-06 1.71639270786e-05 6.06781261306e-06 1.33010125263e-05 1.20106960962e-05 1.73081045839e-05 1.12824148666e-05 8.26555095695e-06 9.2407864789e-06 8.89635562126e-06 8.12990764949e-06 8.12714221793e-06 9.15483432249e-06 9.04406379114e-06 8.19297590363e-06 1.09825229109e-05 2.05341206423e-05 1.13375153446e-05 1.20681095935e-05 5.80620720463e-06 1.83885626994e-05 1.04510831412e-05 1.51866804037e-05 2.20408622996e-05 3.01693543171e-05 1.25694098823e-05 1.89686225622e-05 1.47434152622e-05 2.0829822279e-05 5.71684696964e-05 9.86468195154e-06 3.38820949351e-05 1.24243506675e-05 2.54484020969e-05 1.1221370287e-05 2.56544010796e-05 1.20300079512e-05 3.40497979438e-05 8.54580316848e-06 5.39531664586e-05 2.09521180536e-05 1.54562965363e-05 2.02725297842e-05 1.52554870678e-05 3.82318136903e-05 3.51486215818e-05 2.89567463011e-05 7.26734155677e-06 1.30290977214e-05 6.67002452376e-06 7.70625303843e-06 1.97748474266e-05 1.93967115257e-05 1.15081481377e-05 1.38746750157e-05 9.79732842562e-06 1.04631140286e-05 1.00938614703e-05 9.87664904606e-06 1.30743708728e-05 1.06196764529e-05 2.1313380515e-05 1.79415151727e-05 8.04408152452e-06 7.15239853727e-06 1.62347846906e-05 8.03591645757e-06 4.58972201605e-05 2.35484996938e-05 3.16893522347e-05 1.86902281075e-05 1.49057640411e-05 2.86833775849e-05 2.28983953988e-05 6.26348570476e-05 1.6366173425e-05 3.6418645777e-05 1.47564138407e-05 3.25252158074e-05 1.47067114048e-05 3.67922767377e-05 1.54924730062e-05 6.12732243555e-05 2.16371466841e-05 2.95322942865e-05 1.56343168515e-05 2.2124387805e-05 3.68450783554e-05 3.42780083554e-05 3.98031795605e-05 1.48764467241e-05 1.47476187059e-05 2.18223523714e-05 1.26792213335e-05 3.18054125324e-05 3.23654947464e-05 1.65716678813e-05 2.11868832028e-05 1.80431304348e-05 1.86140890485e-05 2.10267314303e-05 1.60443879901e-05 3.63369170369e-05 3.03441669915e-05 1.19126299679e-05 2.15406755026e-05 1.55986550637e-05 1.6463357824e-05 5.26049308956e-05 3.55482919187e-05 2.53950346372e-05 3.01410019332e-05 1.61793718761e-05 3.03056553129e-05 3.17651710134e-05 6.23489321828e-05 1.73904635552e-05 4.45687997927e-05 1.85265638322e-05 4.47353210124e-05 1.60271840271e-05 6.20051709392e-05 3.16779886992e-05 3.19818218074e-05 1.71145160143e-05 3.3204280674e-05 2.8070424586e-05 4.74682668444e-05 3.18094774745e-05 3.31375883245e-05 1.53007707929e-05 2.47687041141e-05 2.03359661292e-05 3.43975357395e-05 3.94653335164e-05 2.30074903487e-05 2.91636584215e-05 2.95370833598e-05 2.16995245824e-05 4.52297891389e-05 3.21048349844e-05 1.99438785225e-05 2.5142545214e-05 1.49662523123e-05 3.81300916227e-05 3.36666127149e-05 8.46351200595e-05 2.64523649774e-05 4.33269761817e-05 2.82380400564e-05 3.8234492916e-05 4.26448638901e-05 8.39188234123e-05 2.56079710525e-05 6.95487632513e-05 2.50261418893e-05 8.54129012327e-05 4.20224448208e-05 3.8423287247e-05 2.90399137042e-05 4.53801504337e-05 3.04179498513e-05 0.00010284412914 3.96065515663e-05 4.40160735409e-05 2.80052123478e-05 3.18562890286e-05 2.79749377069e-05 5.05031965207e-05 5.33742731046e-05 3.77229883681e-05 3.58319943729e-05 6.02528006712e-05 4.88017616836e-05 2.74171614124e-05 3.10190170106e-05 2.7074487112e-05 4.78427720835e-05 4.27296949803e-05 0.000124699718197 5.57861048578e-05 5.64566025558e-05 4.05380055618e-05 6.35711237567e-05 6.43984369734e-05 0.000130467278832 3.13714971001e-05 0.000132611911183 6.36621657874e-05 6.24983723679e-05 4.05964951632e-05 5.67748372515e-05 5.73301972926e-05 0.00013487188007 6.40558185924e-05 4.45479308596e-05 3.39518676048e-05 4.40810758834e-05 3.38274953953e-05 6.12178902573e-05 5.15098124739e-05 6.1627348718e-05 5.97021438362e-05 3.28553622549e-05 3.92162468437e-05 3.20996479679e-05 4.51951362015e-05 5.66053813398e-05 0.000154465374488 7.88571185619e-05 9.3286873549e-05 6.27643329493e-05 9.66188581337e-05 7.96307090212e-05 0.000238398416676 7.96307090212e-05 9.66188581337e-05 6.27643329493e-05 9.3286873549e-05 7.88571185619e-05 0.000154465374488 0.000152569226319 0.000126443068467 9.44297348279e-05 0.000115240396274 7.26007537419e-05 0.000210716823213 0.000208176056076 6.98371809408e-05 0.000111473833947 9.28789779519e-05 0.000122157680467 0.000143887864366 0.00023451087822 0.000110987039053 0.000152947606335 7.16338633081e-05 0.000179256573397 0.000164719641114 0.000154363466794 6.49415161872e-05 0.000141895331207 0.000106020422887 0.000207703339741 0.000233592321514 0.000195159917664 0.00011981681862 0.000223958916995 0.000157935575886 0.000146162986958 0.000175085213457 0.000108308323718 0.000179324384009 0.000185405456359 0.000593791953067 0.000227787085065 0.000453122189132 0.000255521085736 0.000192181776038 0.000223656297587 0.000391484077778 0.000206174183152 0.000481420449783 0.000703882538703 0.000918614741683 0.000492591794912 0.000272257566099 0.000260680171508 0.000439944099772 0.000792008242312 0.000589419244389 0.00626214925496 0.00149138856095 0.000772473423068 0.000530128712343 0.00071479183963 0.00126674356092 0.00386018014253 






