























1.32183991807e-06 7.00247448882e-07 5.67954210112e-07 8.27964451611e-07 4.93842421106e-07 1.78288482377e-06 2.89728193724e-07 1.41156876475e-06 2.37215629003e-06 1.44586557184e-06 3.17248756206e-07 2.02030897214e-06 6.97656687915e-07 9.59287641299e-07 6.55653630122e-07 7.98573482368e-07 9.41829890083e-07 8.81935233293e-07 2.90066921968e-06 4.34492734687e-07 6.28608117207e-07 4.99063762165e-07 1.16036723824e-06 5.93087841637e-07 4.93737282042e-07 5.7924848114e-07 1.94773227621e-07 3.02541437367e-07 1.74127414138e-07 6.35471900003e-07 5.23352589139e-07 6.99904498275e-07 1.38277200055e-06 6.36382563975e-07 6.66035824759e-07 5.12373937378e-07 2.00685793346e-06 1.02822766562e-06 2.82647579627e-07 5.60383988161e-07 9.98212762518e-07 6.64042223414e-07 2.09828704704e-07 5.99738034435e-07 2.06021559552e-07 3.52445552034e-07 6.62299625705e-07 4.53952276178e-07 4.07029695109e-07 4.088430307e-07 5.26566006466e-07 5.80088901692e-07 4.5532661208e-07 1.56034280981e-07 7.03547609748e-07 2.5564353817e-07 4.52780117036e-07 7.6751989587e-07 6.36199271835e-07 4.16697142807e-07 1.18643636811e-06 1.0651960663e-06 4.02779059987e-07 2.61998464631e-06 4.31124736514e-07 1.35011481315e-06 4.15283155909e-07 8.42501479211e-07 2.88560954456e-07 4.52546297232e-07 3.5474017964e-07 3.07817946005e-07 3.64260212989e-07 3.99333892577e-07 4.37811131446e-07 2.7865762361e-07 7.80868272151e-07 5.19480328362e-07 1.32372794006e-06 4.58470062463e-07 1.87940306594e-06 2.19032309678e-07 1.21294948247e-06 1.20952329208e-06 3.62811250889e-07 4.82657091388e-07 3.06188611663e-07 1.03665837107e-06 2.10598178182e-06 1.28393672554e-06 8.97399127455e-07 1.22615030556e-06 1.09372760347e-06 6.6990999882e-07 7.5433317434e-07 1.598972568e-07 1.20553446364e-06 1.13307141007e-06 1.58742150188e-07 7.40946223891e-07 6.96644811142e-07 1.04772533207e-06 1.12861071867e-06 8.13338105331e-07 1.31752073154e-06 1.63331525609e-06 6.93637547616e-07 3.0845386762e-07 7.54655169828e-07 5.79993135127e-07 1.72541269405e-06 1.2345177219e-06 8.82421704344e-07 1.0998575377e-06 2.56140369548e-06 8.16018066657e-06 8.96358298473e-07 2.27131614038e-06 2.6250351021e-06 4.36716851947e-06 1.57571258316e-06 1.61928609618e-07 3.69243170062e-06 8.6389231551e-07 8.89287921467e-07 3.63670872662e-06 1.64967723618e-07 1.57910651401e-06 4.15454366424e-06 2.00709639041e-06 1.86155779596e-06 1.03813204246e-06 5.60371473815e-06 2.13554451727e-06 8.81511789812e-07 9.71758737254e-07 1.71622764242e-06 2.13773951894e-06 5.58539022521e-07 4.40883377723e-07 1.09037427892e-07 5.03106642583e-07 5.10592151223e-07 2.37076589593e-06 2.30473850156e-06 1.3318890757e-06 8.51062674694e-07 1.29962068688e-06 6.35404900789e-07 4.56918559009e-07 1.1486079258e-06 5.33584790055e-07 5.99969038699e-07 5.92196392512e-07 5.1682184785e-07 1.02723727483e-06 4.69055698188e-07 6.64981020947e-07 1.05713810529e-06 9.99182753275e-07 8.26096945774e-07 1.7686306032e-06 1.51904684936e-06 3.73587396175e-07 5.93835224574e-07 1.14267050945e-07 7.04477212179e-07 6.5805970106e-07 1.086294241e-06 7.94614703797e-07 3.57604807428e-07 4.16126690955e-07 1.31688855576e-06 3.26955499302e-06 9.88649383383e-07 6.18137297659e-06 2.8755287931e-06 2.18542058048e-06 1.47392654724e-06 7.91180330177e-08 3.4926520887e-06 1.47768703558e-06 1.90139825781e-07 2.96927235956e-06 1.63740221861e-07 1.41045102654e-06 3.33997380134e-06 7.4604399994e-09 1.4293317002e-06 1.69533073683e-06 1.40701508369e-06 4.43068209965e-06 2.27268602605e-07 3.43222976681e-06 1.26004498287e-06 3.63679257298e-07 4.63514113015e-07 1.03211611845e-06 1.18224963659e-06 5.76238069673e-07 6.98255009623e-07 3.00221380271e-07 3.48787358036e-07 7.52461564319e-07 2.21816504244e-06 1.40227655948e-06 1.62636325169e-06 3.60301733461e-06 1.57598436682e-06 7.02629508003e-07 4.51365020983e-07 1.91920640276e-06 1.6906490867e-06 7.64804704187e-07 4.84036377854e-07 5.94994964473e-07 7.62105393753e-07 1.64242234047e-06 1.51297167374e-06 3.77182746402e-07 6.59112145951e-07 1.43052952198e-06 2.74477822921e-06 1.19462032416e-06 1.25464401242e-06 1.74210832162e-06 6.82970453026e-07 4.97597608093e-07 3.37663052173e-07 9.62418715715e-07 6.16432480572e-07 1.7810637523e-06 7.78587885128e-07 7.30573652078e-07 9.55453239314e-07 4.35663603592e-06 1.8648689256e-06 4.04060523171e-06 2.9866011521e-06 1.02869360789e-05 3.55247341117e-06 4.08112876569e-07 2.65335485932e-06 3.37583940312e-06 1.12294445233e-06 4.40182369171e-06 1.60836871315e-06 1.45759976349e-06 4.2905617563e-06 1.06830901876e-06 2.9543275331e-06 2.35772067983e-06 4.62002963694e-07 1.79988081268e-06 7.16819107602e-06 2.4751560139e-06 3.95145979079e-06 1.5190058681e-06 4.16016338236e-06 9.93332017492e-07 9.16309777492e-07 9.12624050469e-07 2.08779712353e-06 5.03805936742e-07 3.55486778016e-07 5.20969137184e-07 8.42928620469e-07 1.07621961248e-06 6.6956437284e-07 1.08366466616e-06 6.81510949806e-07 1.51330938897e-06 2.32017897716e-06 3.98787047314e-07 7.47250954443e-07 6.19759416689e-07 5.49559233993e-07 1.06206927995e-06 6.78400499624e-07 2.48769035614e-07 6.32659246081e-07 8.21703334627e-07 6.59662375271e-07 4.27661575005e-07 6.04441591625e-07 1.09049759939e-07 1.88719389512e-06 9.93227199342e-07 4.99000596754e-07 7.38425456545e-07 6.76383475221e-07 1.11113048039e-06 8.88137665171e-07 5.82504555439e-07 4.28861796421e-07 6.19399357014e-07 2.99194174083e-07 1.27741495436e-07 2.07940820564e-07 4.69881773412e-07 3.54399729664e-07 6.83847931068e-08 2.25242997332e-07 1.48360007205e-06 1.95535991565e-07 9.68441540737e-07 1.00770480233e-06 5.96521975357e-07 1.60512449843e-07 4.61820740005e-07 1.59874200127e-07 8.60511812253e-07 8.42329731943e-07 1.90371726786e-07 3.8193712666e-07 1.53518506948e-07 6.49078493397e-07 6.99871172954e-07 8.69868606045e-07 1.61673990888e-07 7.46728579023e-07 2.50073557987e-07 1.96926532345e-08 2.10828124613e-07 4.21976942892e-07 2.40400478558e-07 1.92316900627e-07 3.95872435569e-07 1.11045504039e-06 1.13591267994e-07 1.32443560663e-06 1.82072062404e-06 3.65750795022e-06 1.85874740971e-06 2.85671381071e-06 1.45941932255e-06 5.01833802549e-06 2.04128298054e-06 7.86819790005e-07 1.03417553883e-05 5.05905305203e-06 9.1202841909e-07 2.84869277584e-06 1.8956104623e-06 3.03846170619e-06 3.43265339412e-06 2.90038969483e-06 1.84161636531e-06 2.34165080894e-06 8.77167237304e-07 2.86324861134e-06 7.37102220993e-06 2.23121950774e-07 1.69665488359e-06 4.65014819623e-06 1.34118623667e-06 2.93366410533e-06 1.79696703195e-06 3.66198667913e-06 1.87465994106e-06 1.44998416732e-06 2.4234562342e-07 1.33348710906e-06 1.03284296543e-06 2.41054984506e-07 6.45794830884e-07 8.44124475627e-07 1.47444836722e-06 4.11609581482e-07 1.2598459118e-06 1.08489222359e-06 2.99222084624e-06 7.05224407066e-07 5.12105270699e-07 2.78685492561e-06 5.12429651131e-06 1.68664856973e-06 1.96598730227e-06 8.35407386815e-07 2.3549125074e-06 2.44308637089e-06 2.44236592892e-06 2.08982897353e-06 6.73551918709e-07 1.85102087684e-06 1.05384502629e-06 4.18576230532e-06 2.02758151788e-06 5.89020447042e-07 4.98747979349e-07 2.12411514948e-06 8.48719920228e-07 1.23736584197e-06 3.23593515311e-07 1.53144659455e-06 8.98685507651e-07 7.40437023946e-07 4.01328335169e-07 1.23184047165e-06 3.95567658698e-07 3.28997380861e-08 2.56674978003e-07 4.17999212442e-07 9.51707083091e-07 3.74506662654e-07 7.93517862101e-07 6.62975299406e-07 1.56382059498e-06 3.13813405298e-07 2.36819635307e-07 1.16160156963e-06 9.68660087367e-07 2.18853533291e-06 1.79069052145e-06 3.66667165067e-07 5.22943647725e-07 9.76279507033e-07 9.80607881261e-07 1.21831995022e-06 3.32032490417e-07 3.28534551436e-07 8.39046137439e-07 1.95419014378e-06 7.30027534114e-07 9.69698545273e-07 1.91884744148e-07 8.32387122611e-08 1.35652394067e-06 6.65656215479e-07 7.53742846991e-07 4.71585864526e-07 1.20080447654e-06 4.42315386813e-07 3.02503858914e-07 6.70205527258e-08 4.47036700236e-07 1.27450741661e-06 4.182056631e-07 1.02627120018e-06 1.05922685016e-06 2.02331835635e-06 9.88388298069e-07 2.7552408499e-06 9.51467800787e-07 5.31052674376e-06 7.87115455666e-07 6.95173160909e-07 5.96249012077e-06 4.27966180762e-06 1.84086709203e-06 1.02055903323e-05 3.37553678429e-06 3.28840790904e-06 2.69714553551e-06 4.18492426459e-06 3.71497788078e-06 2.50241763927e-06 2.97210054383e-06 1.9169643302e-06 8.09622338556e-06 9.4585163759e-07 3.34396088764e-06 5.37276349768e-06 6.13809580444e-07 8.36683377257e-07 4.92174025476e-06 8.98060243988e-07 2.66398696444e-06 1.11821335536e-06 2.18285891215e-06 1.21097732376e-06 1.17287143348e-06 5.42019055243e-07 1.42159968635e-06 6.47822430642e-08 1.15215925742e-07 5.88087968735e-07 1.18983670983e-07 6.02203819277e-07 5.09288356436e-07 2.21968219002e-07 6.30276329438e-07 1.71601823884e-06 6.0319114661e-08 1.83193129475e-07 1.12479736331e-06 6.70620440798e-07 5.94740746736e-07 1.28001092645e-06 2.24297471098e-06 1.57691772676e-06 1.13599608779e-06 8.62441122874e-07 9.97985097526e-07 6.39317454003e-07 1.06590807992e-06 8.76303997321e-07 1.94319887518e-06 6.32615958255e-07 5.22593210598e-07 4.79680480653e-07 9.73659653214e-07 1.83086134359e-07 2.68655185708e-08 1.42301888132e-06 5.84031692371e-07 1.80505083892e-07 5.23677238715e-07 5.45147493928e-07 1.95098003597e-07 6.75009577273e-07 1.44899607756e-07 7.10341649133e-08 6.64872260168e-08 6.29336051142e-07 9.54352793745e-07 6.7423186259e-07 1.92052264798e-06 7.94089184629e-07 1.68186914989e-06 1.13489194598e-06 2.49002631216e-06 6.23058945101e-07 6.33705992732e-07 3.91760239902e-06 2.58569116374e-06 1.19875889291e-06 5.86574673022e-06 1.227466132e-06 9.2767536224e-06 6.24366632906e-06 2.42293618854e-06 2.00157574835e-06 2.21289261778e-06 2.42031135585e-06 4.16779924615e-06 7.14426564234e-06 7.17062941339e-07 4.42168730158e-06 8.01294160167e-07 2.04215824597e-06 3.67222463166e-06 5.24637130633e-07 7.34381390327e-07 2.27326182967e-06 1.2021410724e-06 1.82072827326e-06 7.91048903524e-07 2.1117714662e-06 7.13136873312e-07 1.04970315002e-06 6.9804870361e-07 7.17482614756e-08 8.14037551465e-07 1.56543611731e-06 7.8520751054e-07 2.3109117074e-06 1.35170009206e-06 1.15385827658e-06 2.14216577658e-06 5.01154724748e-06 1.73751525085e-07 9.41000700243e-07 4.55699749002e-06 2.30037308202e-06 1.40137775721e-06 4.04824053572e-06 1.9913646886e-06 4.16380440994e-06 8.94978650986e-06 4.40483752351e-06 2.51264214238e-06 8.71840045988e-07 2.47723262073e-06 2.85447621136e-06 7.7164141725e-06 2.58490911449e-06 1.8205135469e-06 3.94102211093e-06 1.04812785252e-06 2.50160200516e-06 4.20744078538e-06 9.36946751602e-07 1.78154005198e-07 5.02278610336e-06 2.08068742835e-06 1.02822836192e-06 1.26127510119e-06 2.44175191358e-06 8.28201031488e-07 1.68435264551e-06 8.68234713452e-07 4.70677862182e-07 7.01043945056e-07 8.02291909335e-07 1.56694362833e-06 6.04503125521e-07 1.90986653255e-06 1.09364523655e-06 2.43226083734e-06 5.30032882452e-07 4.85137268618e-07 2.80367286342e-06 2.05860034403e-06 1.04800523185e-06 3.17234592502e-06 1.35537386675e-06 3.98990806495e-06 2.91698673526e-06 6.46157232037e-06 3.1306709462e-06 1.38058818208e-06 1.68448591068e-06 2.55412534758e-06 5.54196273817e-06 2.3841522967e-06 3.01661886956e-06 1.39242319457e-06 2.40766058041e-06 1.23248619315e-06 1.72044088416e-06 2.5206699553e-06 3.29187922975e-07 6.08944891962e-07 2.20768355035e-06 8.79740282153e-07 2.15414237908e-06 4.91964749256e-07 1.51987568303e-06 8.06584969522e-07 7.78128552745e-07 4.98396067019e-07 1.16128523848e-06 6.39313438126e-07 4.85003802383e-07 2.62208262452e-06 1.88346461597e-06 9.85966783225e-07 2.8887147565e-06 4.50392456306e-06 6.09360118952e-07 1.11768401802e-06 2.69953096897e-06 1.90174197641e-06 1.15245356263e-06 4.23873358797e-06 1.81190554195e-06 4.61742009664e-06 5.61408839322e-06 2.67864060202e-06 9.47114443874e-06 3.6338086215e-06 1.56167460373e-06 2.60075666938e-06 8.15505949111e-06 1.33176448663e-06 4.89025641771e-06 4.34045400128e-06 1.87254833636e-06 4.07312668221e-06 1.04048875165e-06 2.00529771502e-06 2.65810171237e-06 1.03283123267e-06 6.8429271904e-07 4.25369718028e-06 2.81441873987e-06 9.04232630023e-07 1.89011632127e-06 2.47262670304e-06 5.58322441987e-07 7.30406694726e-07 1.1848619965e-06 5.65727836832e-08 3.82028884225e-07 3.31573836826e-07 1.06074305735e-06 7.6227809831e-07 8.53796484564e-07 9.46160740694e-07 2.1128368478e-06 5.05681743632e-07 2.71571465773e-07 3.4060738095e-06 4.05613780842e-07 1.05408643598e-06 3.17324922507e-06 8.71601871925e-07 2.1102958674e-06 2.40329711417e-06 2.59763476781e-06 1.74600872541e-06 4.35303325706e-06 2.55014073285e-06 1.67023561116e-06 4.36414994146e-06 1.50176790137e-06 2.48221040579e-06 2.08741049617e-06 1.87369634896e-06 8.2202874557e-07 2.78910616864e-06 1.30150553297e-06 3.54889196784e-07 3.2232189029e-06 2.24663340026e-07 6.19831418581e-07 2.07316636876e-06 8.22725527507e-07 9.128597408e-07 7.39890361205e-07 1.08063217136e-06 4.22540388708e-07 4.56715322992e-07 5.93701908983e-08 5.00193099501e-07 3.93290265131e-07 1.63416093376e-06 5.2651010348e-07 6.64185141852e-07 9.32313660299e-07 1.51886635398e-06 4.28931202688e-08 4.23564285726e-07 1.55422207866e-06 1.36820264647e-06 3.5310677231e-07 2.76106154528e-06 6.65574222548e-07 2.31544506097e-06 1.81028029135e-06 2.25204085492e-06 2.38796849398e-06 1.63595893879e-06 5.40058140996e-06 3.23170416792e-06 4.90565859001e-06 1.1877829035e-06 1.76656354488e-06 1.79963628568e-06 1.38835960034e-06 2.24351151233e-06 6.44002956707e-07 2.43772262671e-06 1.80271301157e-07 1.37382132574e-06 1.41625686353e-06 4.37881466617e-07 3.73904484936e-08 1.65084231961e-06 8.55648124427e-07 5.86568776326e-07 5.77327962969e-07 1.69124494389e-06 4.06378687582e-07 5.43663251975e-07 7.8516248382e-07 9.88829294095e-07 3.24857815012e-06 1.26494594496e-06 1.9634161823e-06 1.20302571668e-06 2.91515459841e-06 1.22975609654e-06 4.97440887849e-07 4.47196834353e-06 1.82814849029e-06 1.95338957115e-06 3.46349690868e-06 1.9170459507e-06 5.7566601505e-06 4.13682830744e-06 4.82343129346e-06 5.08869790379e-06 3.97815228595e-06 4.00989335152e-06 1.21478627476e-05 1.40597973892e-05 2.9458812001e-06 3.48099082505e-06 5.3071265157e-06 4.31830133857e-06 4.07201249984e-06 5.34041955259e-06 1.81409533764e-06 3.34547038444e-06 2.11643440789e-06 1.9807413712e-06 4.4767195025e-06 4.18367096998e-07 1.43942421134e-06 2.93005212042e-06 1.24033732263e-06 2.13771170726e-06 1.33096242886e-06 3.16166477897e-06 1.01350348999e-06 7.80250993277e-07 4.19193540107e-08 1.12471300708e-06 1.52876511365e-06 7.39723414856e-07 7.42107742364e-07 1.62051789099e-06 2.28849131418e-06 5.02868039594e-07 7.46797462347e-07 2.7471517074e-06 1.81929925386e-06 1.10550296522e-06 5.33309844162e-06 8.17334066139e-07 3.8494258962e-06 2.76895000811e-06 3.18711570781e-06 3.11274593837e-06 2.20507624262e-06 2.55873429906e-06 3.62171559237e-06 1.56835568528e-05 3.62171559237e-06 2.55873429906e-06 2.20507624262e-06 3.11274593837e-06 3.18711570781e-06 2.76895000811e-06 3.8494258962e-06 8.17334066139e-07 5.33309844162e-06 1.10550296522e-06 1.81929925386e-06 2.7471517074e-06 7.46797462347e-07 5.02868039594e-07 2.28849131418e-06 1.62051789099e-06 7.42107742364e-07 7.39723414856e-07 1.52876511365e-06 1.12471300708e-06 4.19193540107e-08 8.21928350522e-07 2.06120222739e-06 7.91460468808e-07 1.69853517939e-06 8.86686745225e-07 1.72946894776e-06 7.98702398033e-07 5.46463924555e-07 3.28461316605e-06 1.55579715657e-06 5.06522970328e-07 3.13481528688e-06 1.20633031303e-06 2.59318198339e-06 2.48663765455e-06 3.16500175773e-06 1.86782798453e-06 2.03691955615e-06 3.77992028742e-06 4.57189099034e-06 7.33812443249e-06 6.35090598168e-06 5.2146767516e-06 3.84748935947e-06 2.15709269912e-06 1.87239103001e-06 2.86817853485e-06 2.49224184841e-06 2.2649287494e-06 1.31754306306e-06 2.64905570688e-06 6.57440497475e-07 1.32653794503e-06 3.37477437161e-06 4.12140037315e-07 7.44155734905e-07 1.83059767037e-06 7.32653500394e-07 2.03035691108e-06 6.63947829734e-07 2.08941309832e-06 8.20713750186e-07 1.33546178081e-06 3.59420976935e-06 7.81499776889e-07 2.71981804195e-06 3.11895262762e-06 3.32013363347e-06 1.06735820673e-06 1.58671373973e-06 3.35912435654e-06 3.85787578367e-06 1.00647801735e-06 7.07821358769e-06 1.34414984826e-06 6.7865105015e-06 2.40015411453e-06 4.52626725071e-06 5.20558402158e-06 2.28624165413e-06 4.10373419009e-06 7.24146912534e-06 1.30921147967e-05 2.80289883152e-06 1.3714965011e-05 1.07638784568e-05 3.85340431074e-06 2.53272024485e-06 6.10759318633e-06 4.53966791361e-06 2.56363551017e-06 6.34721070327e-06 1.37981654519e-06 6.47963238705e-06 1.3673260298e-06 3.8604146367e-06 3.25130541411e-06 1.48823026149e-06 8.6569752707e-07 3.31973669613e-06 2.99212698167e-06 2.56844235468e-06 5.91847603114e-07 3.4371415556e-06 1.2861175816e-06 3.8884264885e-08 2.49893828318e-06 6.66012331532e-07 1.37145728607e-06 1.23949793677e-06 1.99761263018e-06 1.79775145257e-06 8.30127757544e-07 3.77937050071e-06 2.09626821887e-06 5.76252966224e-07 5.42822960512e-06 1.40094348994e-06 3.60552332987e-06 4.44134525167e-06 2.3335434632e-06 3.4423994326e-06 2.97759861124e-06 2.8732040187e-06 4.87295619842e-06 1.09382301569e-05 3.94499309201e-06 5.08178886673e-06 1.21820724605e-05 6.77533080369e-06 3.03068479544e-06 3.14093266088e-06 3.99840296352e-06 2.19668384063e-06 4.58196029475e-06 3.40910319774e-06 1.63588197828e-06 4.98375380841e-06 6.39954251357e-07 1.77366885454e-06 4.00184154527e-06 7.76628675121e-07 1.58418199399e-06 1.81959087073e-06 1.07723575444e-06 1.16010772763e-06 6.87797048327e-07 2.40836491378e-06 3.69182061953e-08 3.14237359564e-06 7.80804567989e-07 3.07918193472e-06 1.6633745521e-06 4.32748532201e-06 1.31439990654e-06 1.40696956356e-06 3.22081213828e-06 3.61570944922e-06 1.04781730888e-06 7.33842282711e-06 1.49227469131e-06 6.17960437111e-06 3.61413511384e-06 6.21169720086e-06 3.25554669652e-06 2.90780489054e-06 5.66131910656e-06 5.86502488431e-06 1.26607297167e-05 5.30092933272e-06 9.92268709189e-06 5.94139892287e-06 1.29332123066e-05 8.6529073922e-06 5.94733493478e-06 3.79049708269e-06 3.42341886807e-06 6.51093341982e-06 3.86857616525e-06 6.27160129528e-06 1.7043141491e-06 6.56352243087e-06 1.40961640647e-06 3.63146159574e-06 3.12786583488e-06 1.18449457315e-06 9.40641051146e-07 4.5223480323e-06 1.35591772704e-06 2.92448222646e-06 7.66475266101e-07 3.02548843846e-06 1.99935402888e-06 1.07718179995e-07 2.50457514363e-06 8.90628353845e-07 1.90953044857e-06 1.25601700914e-06 7.01169255019e-07 2.18455806909e-06 1.90293535904e-06 1.05210077858e-07 4.10795604972e-06 3.74648704973e-07 2.74357058141e-06 2.73060139123e-06 2.40640713884e-06 3.9572710803e-06 8.38742339556e-07 3.38580682842e-06 4.08510888896e-06 8.26256330138e-06 2.23739592589e-06 4.78604372891e-06 5.09125621166e-06 4.02609470648e-06 9.69913404264e-06 6.4324922802e-06 3.40138315194e-06 7.73589199039e-07 4.64790349807e-06 2.25459031718e-06 2.91824087995e-06 2.77206722617e-06 4.97416132393e-07 4.06905828166e-06 1.57714326873e-07 2.06285137861e-06 1.94323411106e-06 7.01007190673e-07 1.08416446132e-06 1.70563562412e-06 7.16338240096e-07 2.28997082122e-06 8.29314633741e-08 1.76042357703e-06 1.61559268126e-06 1.06169724043e-06 3.83547891536e-06 2.2674092882e-06 3.70579921376e-06 1.96949010794e-06 7.57708242764e-07 3.90471475871e-06 3.58333467569e-06 6.75632803911e-07 7.69969451437e-06 1.21212922059e-06 6.73153643097e-06 4.65666623783e-06 5.53154822794e-06 4.20788671344e-06 4.39515455632e-06 3.47939361777e-06 7.92743178782e-06 1.51543898528e-05 3.44100491897e-06 8.18824532797e-06 8.73824785827e-06 8.48456375742e-06 5.28035110002e-06 1.6031816614e-05 1.20855897492e-05 3.66660470534e-06 5.25447033306e-06 4.19382856401e-06 6.16406863103e-06 4.70420741233e-06 7.13274303236e-06 1.52383799691e-06 7.44040851733e-06 8.56564368682e-07 3.44091987282e-06 3.78803456633e-06 7.3535201922e-07 1.98792466535e-06 3.37713114208e-06 1.96596547873e-06 3.29519309754e-06 9.77704801426e-07 1.35991721094e-06 1.22318568628e-06 3.75771668004e-06 1.11776166306e-06 3.10305994357e-06 6.39352999275e-07 2.96671386763e-07 3.9205149012e-06 2.67482173103e-06 6.33841660533e-07 4.87829723649e-06 9.15036771086e-07 4.53622627406e-06 5.1595297378e-06 3.40499429223e-06 5.63359512337e-06 2.54791001866e-06 5.63230285028e-06 4.13345387944e-06 1.44895084476e-05 4.84751211697e-06 6.35197393282e-06 7.21572411349e-06 7.09910519506e-06 6.81366447055e-06 7.60658658908e-06 1.64258701794e-05 5.70005305795e-06 6.28509422065e-06 2.66417668741e-06 6.06014251439e-06 3.73608297006e-06 5.48782247665e-06 4.28555517621e-06 1.41019083336e-06 4.50935723034e-06 7.59455664108e-07 2.85768926479e-06 3.95640960299e-06 3.93579815207e-07 6.40941326409e-07 2.93994230521e-06 9.25337374298e-07 3.10531551183e-06 9.80809544452e-07 9.25668909813e-07 1.4306125295e-06 6.17581058275e-07 2.8734131047e-06 9.24559470467e-07 1.06210968424e-08 1.55101071654e-06 2.16797550343e-06 5.45360809913e-07 4.10614419536e-06 1.58881456916e-07 3.1277029308e-06 2.09194928856e-06 2.40442364102e-06 2.52933708142e-06 1.81649240737e-06 1.98308505262e-06 4.91742198619e-06 7.20803898391e-06 2.38768391302e-06 4.99937636035e-06 3.71867755451e-06 3.35925029173e-06 3.96904831303e-06 5.5713770781e-06 3.76976119816e-06 6.94384453981e-06 7.42391095683e-06 1.90611840916e-06 2.28948731583e-06 2.29092836875e-06 3.04609342676e-06 2.20212780238e-06 3.36054422638e-06 2.94304029822e-07 4.20251963516e-06 6.44428379061e-07 2.12567875452e-06 1.93191248331e-06 1.69182364643e-08 9.13420783492e-07 2.55914243399e-06 6.14249696374e-07 1.15616393169e-06 7.85471488902e-07 4.17755331246e-06 1.88937246121e-06 6.07465650711e-06 2.85190481289e-06 8.79041244327e-07 3.64399783887e-06 4.56630060542e-06 1.86695005293e-06 6.3996740193e-06 1.4910878691e-06 5.46086118164e-06 7.76862268497e-06 4.47892064066e-06 8.45733472446e-06 3.73434114706e-06 8.36290639048e-06 7.44217371596e-06 2.21759897912e-05 4.21225701199e-06 1.25218462164e-05 1.21575415482e-05 8.60290257733e-06 8.70925238026e-06 1.27630016586e-05 1.4932798113e-05 5.87825352778e-06 2.534415056e-05 1.16968656385e-05 8.94387235866e-06 4.77363089062e-06 9.0456293327e-06 5.55335554839e-06 8.64573754363e-06 5.41019208584e-06 2.31195168581e-06 6.3051244127e-06 2.42278652602e-06 4.36231103451e-06 3.14278639171e-06 8.77657717039e-07 2.37040384977e-06 5.02066204784e-06 1.50548368931e-06 3.27940951628e-06 3.09551332347e-06 3.29423978374e-06 6.43535666068e-07 9.37766839209e-07 3.35057484159e-06 1.95840802093e-06 1.36051256823e-06 4.74665521888e-06 8.43529891741e-07 3.8439916134e-06 3.32361752562e-06 2.39924526179e-06 4.2470053482e-06 2.44854399368e-06 3.98124212764e-06 6.40709914481e-06 1.00970826582e-05 5.2702157699e-06 3.72440891096e-06 6.77652586214e-06 6.13525263282e-06 3.21643297749e-06 6.33862808705e-06 6.97853588447e-06 4.22853511538e-06 7.761525699e-06 9.56997770338e-06 1.03686809545e-05 3.67815898649e-06 3.16763072341e-06 4.05585373957e-06 2.92351094104e-06 3.35816860133e-06 4.38654492985e-06 1.13136561043e-06 4.50816152636e-06 1.45782878983e-06 1.65470681823e-06 3.06812075178e-06 7.65866156197e-07 5.99378110678e-07 2.75390741038e-06 2.35158705343e-06 7.537961376e-06 1.80520781972e-06 1.08749980553e-06 6.11527527972e-06 4.97945700472e-06 1.87297826436e-06 7.41400520215e-06 1.32549926773e-06 4.21041593017e-06 7.04854274338e-06 3.29806853859e-06 8.83035406463e-06 4.23933378796e-06 7.24913714865e-06 8.54146369334e-06 2.09337162368e-05 2.97290970226e-06 1.60594856294e-05 5.75004223307e-06 1.08749019751e-05 7.27082816136e-06 8.25259708244e-06 1.14712556501e-05 6.31094685261e-06 1.87780248472e-05 4.99641568345e-06 2.35299712073e-05 1.34254975007e-05 7.93075692379e-06 5.22276688543e-06 8.70542884862e-06 4.50445536564e-06 7.30408553373e-06 4.51620712965e-06 1.73069947826e-06 7.28028220161e-06 1.93330157144e-06 4.84780439566e-06 5.37814333211e-06 5.89760595431e-07 1.57748319721e-06 5.77612618972e-06 1.83196887756e-05 1.34237596663e-06 6.15988533771e-07 3.72200387294e-06 3.3360261611e-06 2.07438139416e-06 4.53033749913e-06 1.66142287627e-06 5.67133697584e-06 4.66966719071e-06 3.53152646829e-06 5.68200876559e-06 3.489026151e-06 5.30862756335e-06 8.70555090614e-06 1.41309496914e-05 6.41552163752e-06 5.85999224242e-06 1.0426982503e-05 5.14530904717e-06 5.74815134881e-06 1.07882019611e-05 5.76396464509e-06 5.04472839294e-06 1.21745683398e-05 6.3740098087e-06 9.2075725415e-06 1.3442877236e-05 1.31376572088e-05 5.04432251612e-06 4.69086461081e-06 5.11689217593e-06 4.47492200889e-06 4.60730978164e-06 5.68081823638e-06 1.89560784018e-06 4.22210497611e-06 1.55138130848e-06 2.69459096322e-06 3.48138758163e-06 3.85418542886e-07 9.51589625251e-07 9.60641800764e-06 1.30366661399e-05 5.29268440102e-07 6.14040785158e-06 4.73617900177e-06 3.78586914942e-06 8.58047142559e-06 1.78236623948e-06 8.03215724331e-06 8.18723690331e-06 3.92344030254e-06 9.82642433136e-06 3.67894144802e-06 8.63935555627e-06 1.14669407088e-05 2.31170931188e-05 6.28864767598e-06 1.58469415061e-05 6.24946077459e-06 1.71335694033e-05 2.87240297769e-06 1.26144508416e-05 1.26600550877e-05 3.1094615664e-06 1.81204935538e-05 7.13727288997e-06 1.84847946223e-05 8.88599716026e-06 2.51769959661e-05 1.67836043985e-05 9.77783299785e-06 4.71557529825e-06 9.42026473487e-06 5.07420177773e-06 8.85430813239e-06 7.96135736522e-06 2.04837181646e-06 8.55870774324e-06 2.76951787015e-06 4.14138903612e-06 5.68196320914e-06 3.4325099335e-07 5.95859294654e-06 6.76021820871e-06 7.95511454852e-06 4.84448426096e-06 2.82322185637e-06 6.42684956759e-06 1.92502620429e-06 5.34862520594e-06 5.64980306255e-06 5.78177534132e-06 7.36954061951e-06 3.3858358026e-06 5.31905543505e-06 1.19630021258e-05 1.76451758682e-05 7.94488380795e-06 8.22645622409e-06 9.23995013859e-06 6.13652880403e-06 6.03510675473e-06 4.93422687067e-06 8.30445263734e-06 4.53580296413e-06 6.88803188626e-06 6.11033860236e-06 1.1375113802e-05 8.73228627782e-06 1.10356032892e-05 1.67334551429e-05 1.71323371074e-05 5.21330710722e-06 4.39325529242e-06 6.29459673441e-06 7.09580878226e-06 6.45436757004e-06 4.24324468603e-06 1.86662662749e-06 6.80318409478e-06 2.2228486727e-06 3.63191587763e-06 5.65404552634e-06 2.57691738438e-06 5.78744301909e-05 1.03282305067e-05 3.50728001968e-06 8.42634247658e-06 3.4822561931e-06 9.57277774917e-06 6.68429473136e-06 7.52069911138e-06 1.2731454363e-05 5.02629499725e-06 9.64188788771e-06 1.20786010303e-05 2.74652445971e-05 7.06736410066e-06 1.71075303421e-05 7.82082203023e-06 1.63297675481e-05 2.95659264304e-06 1.73429056016e-05 4.59895262354e-06 4.01531099748e-06 1.77558565588e-05 3.25612037658e-06 1.73400526668e-05 9.35381362131e-06 1.9622420643e-05 9.48236309786e-06 2.9630296582e-05 1.82004141799e-05 1.02004970016e-05 6.22063094421e-06 1.2438509562e-05 8.35654870556e-06 7.15464970969e-06 9.68027425191e-06 3.08898662176e-06 8.69707041864e-06 2.65767504295e-06 5.92424200965e-06 2.57235749157e-05 3.03992447791e-05 4.58293099374e-06 1.1001496022e-05 2.1766745971e-06 6.9577438595e-06 4.98004396964e-06 4.51441882989e-06 6.85243690599e-06 4.44712123723e-06 5.60904477991e-06 1.27985053766e-05 1.80609887257e-05 7.97925134744e-06 8.98162973034e-06 9.21378820449e-06 7.98571403255e-06 4.6185324084e-06 5.16917674242e-06 9.31398859964e-06 1.59997221755e-06 9.95279860837e-06 5.26926039014e-06 5.52850659979e-06 7.82848895126e-06 1.12998851418e-05 9.46963413268e-06 1.10067075653e-05 1.69011207913e-05 1.79418099416e-05 5.28787443769e-06 5.51837876353e-06 6.84569359803e-06 4.62337507606e-06 5.04110229295e-06 7.03160531581e-06 1.8576204066e-06 7.13064647155e-06 2.45193486489e-06 1.05208783464e-05 2.31577678705e-05 2.38057106161e-05 6.74576578229e-06 1.52322976209e-05 1.54406893475e-05 1.08177553847e-05 8.88230594686e-06 6.78541080038e-06 1.12050432967e-05 1.51156440025e-05 3.21018501246e-05 7.42666069423e-06 2.03849254259e-05 8.68267662811e-06 1.90079994109e-05 3.57955341198e-06 1.51009078426e-05 5.39554188751e-06 6.70952969636e-06 7.58563277145e-06 5.65838098168e-06 1.5833757571e-05 4.47916862722e-06 1.99149010932e-05 1.01269054092e-05 2.31831905767e-05 1.00470474473e-05 3.44754712048e-05 2.15251955282e-05 1.22240448744e-05 8.6038671242e-06 8.26600907856e-06 1.13401954829e-05 1.27689018428e-05 1.21276408267e-05 4.05193153999e-06 1.19333741442e-05 7.03321062431e-06 6.46682107702e-05 6.22465337231e-06 1.49239124443e-05 1.30452372736e-05 1.0351447641e-05 9.97526283224e-06 4.35349922825e-06 6.84629260172e-06 1.87246287966e-05 2.33060229326e-05 1.08530323054e-05 9.91579816718e-06 1.11174976449e-05 1.08386319887e-05 4.8746302375e-06 8.67233305149e-06 8.25027338783e-06 3.32687978681e-06 1.54191102929e-05 3.3352496098e-06 9.28297859403e-06 8.64733372558e-06 6.06148919516e-06 1.02148627891e-05 1.31430888219e-05 9.79471035405e-06 1.42823237851e-05 2.13142596753e-05 2.32439300489e-05 7.53428628294e-06 4.77738653371e-06 8.53491168533e-06 9.19591411878e-06 9.96180514916e-06 9.45344947494e-06 3.56245008597e-06 2.51575590453e-05 3.85639417479e-05 3.06193069586e-05 2.04945787485e-05 2.24387619618e-05 2.10837929156e-05 1.13112990166e-05 1.09275831061e-05 3.47189819533e-05 5.33508337418e-05 1.3160395446e-05 3.37907553474e-05 1.04200658302e-05 2.8711868463e-05 6.15083081879e-06 2.16179005737e-05 9.24096729332e-06 6.42774676119e-06 1.19755270749e-05 1.11035980531e-05 7.10089333228e-06 9.58704226903e-06 2.21709267611e-05 6.94767993378e-06 2.87148911695e-05 1.15677082604e-05 3.42069847168e-05 1.59320047012e-05 5.39159681657e-05 3.85851239686e-05 1.10043079871e-05 1.16527503111e-05 1.55810563196e-05 1.72489933727e-05 1.44535787456e-05 1.77223596583e-05 1.43767586202e-05 0.000103733416308 3.05004182692e-05 2.42973341062e-05 1.73626914135e-05 1.71944080062e-05 1.66548533783e-05 2.92507929271e-05 4.67938155142e-05 2.19172613474e-05 1.86326088405e-05 1.77598976873e-05 1.57353765128e-05 1.0282126869e-05 1.38831204662e-05 1.63909019858e-05 4.31087501282e-06 1.84166034945e-05 4.82506348931e-06 1.80759780687e-05 4.57520192311e-06 1.57387675563e-05 1.29830601894e-05 9.69075203181e-06 1.4920005725e-05 1.89530330093e-05 1.79032242441e-05 2.50460632833e-05 4.48359385671e-05 3.31494350268e-05 1.56310318099e-05 1.54557803973e-05 1.29845373799e-05 1.73847950988e-05 1.63944457625e-05 3.35589435859e-05 0.000104149480047 2.92235127378e-05 2.14149761911e-05 1.61263307863e-05 1.28442426259e-05 3.49966113699e-05 3.92041787551e-05 1.78334861908e-05 2.61488393927e-05 1.12402929036e-05 2.00949610204e-05 7.18090207211e-06 1.61681007891e-05 1.21708509822e-05 6.41896911463e-06 1.2802765124e-05 7.41093866232e-06 8.76423569567e-06 1.11779958213e-05 7.4797858699e-06 1.02622751064e-05 1.60279744396e-05 6.38544441256e-06 2.00013145346e-05 1.03255675224e-05 2.521873982e-05 1.96436525258e-05 3.28687936369e-05 3.55108304711e-05 1.2009071514e-05 1.27348583604e-05 1.43269078258e-05 1.4848888361e-05 3.45206139124e-05 0.00011577878802 3.71792061229e-05 2.6125488907e-05 2.22471544302e-05 6.08473542955e-05 6.18114688276e-05 2.20622365394e-05 3.74403450694e-05 2.64002660794e-05 2.00655116964e-05 1.49129812309e-05 1.46209849592e-05 2.08978929288e-05 7.61653794858e-06 2.474451285e-05 7.44064780673e-06 2.07319695263e-05 7.97995549471e-06 2.29572660509e-05 7.48646334142e-06 1.77993537171e-05 1.47535825378e-05 1.34287982229e-05 1.75533042814e-05 2.64796293391e-05 3.72699695414e-05 2.16737916037e-05 6.13334558308e-05 5.78977258962e-05 1.79084764644e-05 1.90011515462e-05 2.04035916947e-05 3.85559716842e-05 0.000207253386193 5.31516635301e-05 3.8411642868e-05 8.35948812609e-05 9.36866335191e-05 4.14024132466e-05 3.61510320435e-05 3.04540017028e-05 4.35604818418e-05 1.16812287665e-05 2.50507472845e-05 1.57583506414e-05 1.12234621597e-05 2.16497985413e-05 1.2784180255e-05 1.56802803002e-05 1.61944770599e-05 1.27424161604e-05 1.98359328814e-05 1.1014124969e-05 1.40859881427e-05 2.41013782264e-05 1.04169991205e-05 3.79817334787e-05 2.92404535195e-05 3.02365038647e-05 3.93735021928e-05 8.25065521229e-05 7.08812907804e-05 2.57636963289e-05 2.74642283658e-05 7.20551551395e-05 0.000152265671163 5.23996346966e-05 0.000105367091203 0.000103559318698 5.43218432696e-05 4.96680408764e-05 2.43880426905e-05 3.76136037191e-05 1.83529529e-05 2.05644317772e-05 2.14874511955e-05 7.59478770864e-06 2.85983063007e-05 1.06427332745e-05 2.00833734628e-05 1.17609447492e-05 2.04265760558e-05 9.94496380181e-06 2.47536982661e-05 7.10463348685e-06 1.78677237111e-05 1.76141732114e-05 1.5556611346e-05 3.08560676242e-05 2.14164226223e-05 3.84336499366e-05 4.73334723103e-05 8.47221394732e-05 8.02035792244e-05 3.04187173165e-05 5.5740284354e-05 0.000199886021406 0.000180853588472 0.000142464674647 6.80602228114e-05 8.06299631454e-05 3.99841516446e-05 3.87108724481e-05 2.03425514782e-05 4.19598514085e-05 1.96110757642e-05 1.47216057194e-05 2.10311145293e-05 1.67362723662e-05 1.8228524437e-05 1.91794482518e-05 1.828757295e-05 1.84411271414e-05 1.41480658513e-05 1.86192791108e-05 1.24949009312e-05 1.55260131516e-05 3.23820460763e-05 1.55521662078e-05 2.58402058365e-05 3.10106981536e-05 5.48401931066e-05 5.49383164464e-05 0.000109363640367 0.000109043596447 7.40592717258e-05 0.000774453223248 0.000246478325705 0.000110424160364 0.000111789451261 7.42242001945e-05 6.37794359748e-05 2.47489014929e-05 5.14919568873e-05 4.13309865594e-05 1.62857257621e-05 4.05149693675e-05 1.6553420189e-05 3.15082242304e-05 1.91934176919e-05 2.92854574257e-05 1.85726507261e-05 2.86142022036e-05 1.34450964936e-05 3.16588189391e-05 1.23769405596e-05 2.85616309726e-05 3.4417407521e-05 1.53013971147e-05 3.84874272718e-05 4.91337456217e-05 6.27068678191e-05 7.76764837612e-05 0.000162022395243 0.000266646216987 0.00241627851062 0.000459103039658 0.000410431389162 0.000237109523855 0.00026222436616 0.000105158063353 0.000132147456987 0.000123787503756 7.39258798187e-05 0.000103567539446 6.45353966995e-05 6.80674799838e-05 7.14246986625e-05 7.04578060418e-05 6.74628218202e-05 6.22594053244e-05 5.48600759774e-05 4.71450604218e-05 6.92550767872e-05 4.28713064256e-05 7.0297552458e-05 6.51917820105e-05 5.27507589401e-05 0.000108262313633 0.000107915684794 0.000134773229497 0.000211699569641 0.00084873652349 



























