
























7.98276852753e-07 2.79066784905e-07 2.54700019102e-07 5.04022536885e-07 3.01251472754e-07 1.11195531057e-06 3.29955185191e-07 1.14507266547e-06 1.48920306417e-07 1.71365062883e-06 1.61991647982e-07 1.1621936131e-06 3.35558556951e-07 1.21861486287e-06 3.54738803988e-07 6.13856285146e-07 2.71210251395e-07 3.58507885483e-07 6.02281226325e-07 5.40427656088e-07 1.84247840789e-06 2.66995733555e-07 8.71436665605e-07 2.78709366687e-07 6.85914465797e-07 2.68045170019e-07 2.82205496437e-07 1.60106479891e-07 3.64131039325e-07 2.16374645497e-07 2.37281366691e-07 2.1636298554e-07 3.82338353253e-07 1.50506045081e-07 2.87619429087e-07 3.21524039477e-07 7.79869095071e-07 3.52685964453e-07 9.21573975143e-07 2.46664417859e-07 1.28826055271e-06 6.59869998766e-07 1.47565061407e-07 3.49165983557e-07 7.19101754929e-07 2.42665624202e-07 3.80729708523e-07 4.36876207357e-07 9.4967439719e-08 2.38320539261e-07 4.34424656088e-08 6.61406378808e-09 3.52520805554e-07 2.07821108819e-07 6.72302154857e-09 2.07196469843e-07 4.10962408935e-07 5.83543396327e-09 3.10758540497e-08 2.81961945141e-07 8.48507350395e-08 4.70794876451e-07 4.20925035798e-07 1.27272657147e-07 5.38220352049e-07 3.7099677741e-07 1.65400319293e-07 9.55727739603e-07 7.22670051872e-07 1.58644944778e-07 1.77886342162e-06 4.144399423e-07 8.23019136286e-07 1.80409453737e-07 4.33839715821e-07 1.4297965491e-07 1.05431113889e-07 3.16936295694e-07 2.96532370623e-07 1.86531089478e-07 2.28949869197e-07 3.02837869547e-07 3.46495872853e-07 1.47319574508e-07 1.55082411267e-07 3.94022257543e-07 2.30419587987e-07 8.232699053e-07 2.99690106949e-07 1.23950603097e-06 6.30416797378e-08 7.87719897808e-07 1.11209931601e-06 6.32002929901e-07 6.15983523081e-07 3.04691061012e-07 5.51201698495e-07 1.86809013499e-06 8.05480534796e-07 4.14260547505e-07 5.7852844811e-07 2.82699228768e-07 2.72209940375e-07 6.74179109926e-07 4.02501096575e-07 1.45620699446e-07 6.89726208417e-07 7.33962598699e-07 1.48755201241e-07 3.87143732711e-07 6.99983422979e-07 2.94002646985e-07 3.02394455681e-07 5.89579626651e-07 4.08152037119e-07 6.6176572415e-07 1.28331479428e-06 3.44084327832e-07 2.80135546298e-07 8.2133636073e-07 8.29242539814e-07 5.07676250933e-07 1.06971407261e-06 9.33310739896e-07 4.48078182871e-07 1.4463368549e-06 6.00127080032e-06 6.6398159332e-07 2.6140057878e-06 3.27094084813e-07 5.91056802353e-07 2.64248676601e-06 5.50475831983e-07 2.80372488853e-07 2.04944042694e-06 5.64698150083e-07 5.84861927653e-07 2.05846630466e-06 2.81785067908e-07 5.77055359282e-07 2.5570527999e-06 5.7135566217e-07 2.7598763592e-07 2.32580761845e-06 5.55023606782e-07 3.87922009647e-06 1.24735678575e-06 4.88946586153e-07 1.00734582454e-06 1.36047762476e-06 6.08250775921e-07 4.34681147792e-07 1.44375278548e-07 1.1165611936e-07 1.60814967425e-07 3.08693637694e-07 1.21289793076e-06 1.64705980485e-06 5.0024167675e-07 1.55310462766e-07 6.35273595633e-07 6.16534327339e-07 5.16000082887e-07 2.98865688146e-07 6.25935274002e-07 5.25734280804e-07 3.0070867831e-07 3.42761915664e-07 5.09412947436e-07 5.68492849368e-07 2.96344965428e-07 4.25377366196e-07 5.20951634731e-07 5.91148759453e-07 1.90930821765e-07 2.83297728427e-07 1.21708803843e-06 8.74767219173e-07 2.90936658378e-07 2.0783071176e-07 1.00932991965e-07 2.03673769633e-07 5.07281694195e-07 6.46089035716e-07 9.22883359771e-07 6.15522980203e-07 5.10114298254e-07 1.23143342693e-06 2.31540517846e-06 3.85170327028e-07 4.01268890626e-06 2.71400430144e-07 4.63970778793e-07 2.80962966166e-06 5.2558361413e-07 2.00382910682e-07 2.19037214753e-06 4.04649528063e-07 3.95856371612e-07 1.59325364918e-06 3.42970101991e-07 4.01306577142e-07 2.15975057452e-06 1.42790166378e-07 5.3267326458e-07 2.36113363404e-06 3.09018990604e-07 1.22172613582e-07 2.77321896668e-06 1.43845133598e-07 2.10780785934e-06 1.21873849983e-06 5.4677269044e-07 6.95111500353e-07 1.11709513063e-06 7.43081264679e-07 1.90687003287e-07 1.68597670096e-07 2.94193653805e-09 2.74446035284e-07 2.00903591616e-07 3.63292766005e-07 3.09429683634e-07 2.11624472385e-07 6.2679790309e-07 2.40522284664e-07 3.47399403814e-07 2.21174237825e-07 1.22682719684e-07 2.20679309489e-07 3.44327954253e-07 1.64109211777e-07 2.35007271644e-07 2.14953816052e-07 2.30025407009e-07 3.41476525047e-07 2.38635537547e-07 1.38271628665e-07 1.74345517976e-07 3.24026911125e-07 1.1745564132e-07 5.17854416643e-07 1.38286111527e-07 3.24180653215e-07 2.87292553281e-07 1.93112914208e-07 3.27520007807e-07 9.80804032684e-09 2.0942245516e-07 2.18335224152e-07 3.52858660906e-07 1.44611164268e-07 6.94285040696e-08 1.82164098864e-07 2.19770652143e-07 1.17298987052e-06 5.34124147208e-07 7.36502182429e-07 1.51016599695e-06 9.09178510508e-07 3.79327451403e-07 1.76840012555e-07 6.02408609084e-07 5.78976906643e-07 3.79741037827e-07 4.37640034744e-07 4.48238704229e-07 4.05917588218e-07 3.83852971629e-07 5.95745099512e-07 4.32657655834e-07 1.27184660642e-07 3.55473668389e-07 5.33739186291e-07 1.15586177132e-06 4.84582455587e-07 4.32172281283e-07 1.10739422927e-06 2.03490851242e-07 2.20223707015e-07 1.00833956564e-07 1.8174652268e-07 3.84320602404e-07 1.70315732448e-06 1.13736758276e-06 4.56351156569e-07 8.13297814513e-07 1.22789946433e-06 1.35061924688e-06 5.34360694512e-07 2.7914698455e-06 5.42761466833e-07 7.92187769821e-07 6.84311551626e-06 1.31884115639e-06 3.48566550767e-07 3.51974573155e-06 1.33958489476e-06 6.99689788175e-07 2.43462512972e-06 8.34212828647e-07 8.82401035654e-07 2.42409964619e-06 7.20559706841e-07 1.152092211e-06 3.09765147833e-06 2.7188773988e-07 6.4958325981e-07 4.56607272499e-06 4.5866589856e-07 4.91552949441e-07 2.392650509e-06 4.47607367832e-07 1.31183310272e-06 1.30305832742e-06 9.21488691244e-07 5.08411997122e-07 1.38936816776e-06 1.82125590486e-06 4.07934389174e-07 1.61715607217e-07 7.23590792268e-08 2.30371884324e-07 1.01139402493e-06 6.12345406818e-07 3.44675042486e-07 1.54634986613e-07 4.34568230686e-07 5.03995790033e-07 1.68185863618e-06 1.8894815367e-07 6.27842648295e-07 8.88039259165e-07 3.82874067699e-07 4.74514502024e-07 5.46956955876e-07 2.19338169668e-07 5.73595634782e-07 4.77923446476e-07 3.39288694018e-07 6.30919486097e-07 4.25275390228e-07 7.96976112972e-08 1.27623203827e-06 3.18930414154e-07 4.38607565323e-07 9.31243792052e-08 3.46670726725e-07 5.60582621483e-07 9.89191919363e-07 2.69337650832e-07 9.71602594072e-08 2.1658033259e-07 4.24887038434e-07 7.45045633267e-08 1.34917279755e-07 5.14380545416e-08 2.26642276377e-07 1.68167084335e-07 3.27624316429e-07 1.20180876782e-07 3.89311947478e-07 7.27053613001e-08 2.85390803239e-07 5.76563139411e-07 2.59356279464e-07 6.2368136002e-07 2.06882392838e-07 2.12363782714e-07 1.5366367391e-07 2.97798707009e-07 2.24274027641e-07 3.84379729973e-07 3.68646274947e-07 2.33219034455e-07 2.57334291613e-07 1.67973080761e-07 2.54904418211e-07 1.11722148634e-07 5.45382253067e-07 1.56231406866e-07 4.32905432302e-07 2.225586338e-07 7.35798815155e-08 2.74488161757e-07 1.34666828529e-07 3.6128248042e-07 1.38113927625e-07 2.58745753547e-07 5.43650765279e-08 1.79072889706e-07 7.96419701335e-08 5.13546215177e-07 8.85051415329e-07 4.18657042593e-07 5.06410189965e-07 8.10910261065e-07 8.83187692925e-07 7.67798930938e-07 9.50431011383e-07 6.60144969733e-07 4.36429867712e-07 3.36747494479e-06 1.30687079179e-06 2.61126796516e-07 6.1452754505e-06 1.86104178827e-06 5.26560528456e-07 2.85105876023e-06 1.19759816589e-06 1.06337678125e-06 2.71670561411e-06 1.00563266561e-06 1.09901420663e-06 2.60184089715e-06 4.75300552729e-07 1.10491979571e-06 4.38586840565e-06 7.54502050666e-08 1.05324445367e-06 2.98248341665e-06 3.22151343901e-07 5.63040521515e-07 9.36977016203e-07 7.85372592262e-07 9.02772082153e-07 8.25138293446e-07 5.60290306834e-07 4.68250749615e-07 1.03071908928e-06 5.30148795941e-07 8.42399760286e-08 5.92121794859e-07 2.87126267636e-07 3.72456688083e-07 4.18809240505e-07 1.91701490911e-06 6.63208608559e-07 1.55066100763e-06 2.0051605556e-07 1.11884070067e-06 1.12670472876e-06 1.04201244448e-06 4.76040677452e-07 1.10006804158e-06 3.50096107561e-06 6.32439840373e-07 9.69483460211e-07 1.58778103273e-06 7.66261954837e-07 1.15239444918e-06 1.16726879792e-06 8.16449087023e-07 1.50968939243e-06 7.16079621501e-07 4.14567247277e-07 2.60133416309e-06 7.10593640895e-07 4.68647193161e-07 8.32731016543e-07 9.23445004524e-07 1.08564048349e-06 1.58440576296e-07 1.41785733632e-06 7.00067891955e-07 1.96362080262e-06 3.96525378415e-07 4.39080977375e-07 3.51042939968e-07 6.63936243569e-07 8.7124658571e-08 4.50604614483e-07 2.00186199434e-07 3.02671934592e-07 3.77648205477e-07 6.87253416607e-07 9.61708713419e-08 3.4048014465e-07 1.33853635883e-07 2.47457832503e-07 1.25269316722e-06 3.00793643677e-07 1.57247974583e-07 8.78727717358e-07 3.8423483603e-07 1.52973828921e-06 5.50243349759e-07 4.57075766699e-07 6.2959683145e-07 5.55391451036e-07 7.55192857375e-07 5.18736473804e-07 5.30459483852e-07 3.87469725607e-07 2.71849361842e-07 1.23339457676e-06 2.38967024838e-07 6.33391864019e-07 1.16073516403e-07 2.50419341408e-07 1.14601378645e-06 2.07451882486e-07 1.26481469581e-07 3.02865256141e-07 4.92463453977e-08 6.82274400916e-07 4.08354984818e-07 3.31411105246e-07 2.34062115692e-07 4.92934685211e-07 8.0031435196e-07 1.09630367318e-07 3.30296779305e-07 5.04801932071e-07 1.10094551624e-06 9.79562262166e-07 6.07247303997e-07 3.15884250996e-07 9.08515748823e-07 1.04017239568e-06 9.62234546688e-07 1.335318723e-07 2.68538488706e-06 1.87210094757e-06 5.28742802771e-07 4.97289867846e-06 1.34155107011e-06 6.90135675375e-07 2.93325009994e-06 1.45809541472e-06 1.25250302738e-06 2.88421675584e-06 4.56701667011e-07 6.99180136927e-07 3.70126822518e-06 2.89342783765e-07 1.38233132232e-06 2.41188917209e-06 8.04576102642e-08 9.9580509427e-07 1.00862877722e-06 9.00359853053e-07 2.39434493763e-07 6.21414241538e-07 9.98885522097e-07 1.18557538744e-06 5.11577578375e-07 4.28982295647e-07 1.54413613584e-07 8.47003943577e-07 5.47387481279e-07 3.50503224307e-07 4.29130482791e-07 6.20949981878e-07 1.288239022e-06 3.11544883059e-07 1.02024335064e-06 1.23153644044e-07 5.70453492479e-07 1.94919262741e-06 3.06829107968e-07 3.9307131441e-07 9.4224412224e-07 1.64311183411e-06 7.62763331882e-07 6.85947930894e-07 3.05769449631e-06 1.02400198079e-06 9.88485341024e-07 1.81733866824e-06 5.14989594059e-07 1.65436446454e-06 8.2952445236e-07 6.84125564044e-07 2.55980776633e-06 4.3679121732e-07 6.9637270897e-07 1.24916815703e-06 7.8182253375e-07 4.39378579164e-07 2.09865897905e-07 1.83782419694e-06 5.43035213106e-07 8.43327569855e-08 9.74288412403e-07 2.67450055543e-07 1.32943958907e-06 6.73547256094e-07 4.95246392758e-07 3.76465929668e-07 5.93805770385e-07 6.02045167438e-07 3.75719477959e-07 4.91716762798e-07 2.98926593742e-07 7.19022700251e-07 2.63243705677e-07 6.72775272244e-07 4.11822007233e-07 3.3101988922e-07 1.34773042063e-06 5.40535392485e-07 1.33939502525e-07 2.24719650069e-06 7.77986908101e-07 7.66273853693e-07 1.23842529637e-06 9.15533638306e-07 3.21421032204e-06 1.21801021111e-06 1.02182107032e-06 1.21216350946e-06 1.09651894496e-06 9.26013126201e-07 8.79629606102e-07 2.57077488464e-06 6.7296794494e-07 8.51920087912e-07 7.17583374851e-07 7.37059678571e-07 1.9097669558e-06 1.44299518701e-07 5.29319194683e-07 1.30523041585e-06 3.08573928216e-07 4.6105118378e-07 7.14466544377e-07 2.22792320047e-07 7.75039005261e-07 3.16074552815e-07 5.12912543312e-07 3.95073509424e-07 6.62846339249e-07 7.40681944094e-07 2.45756031567e-07 7.19495694248e-07 8.05655404225e-07 2.01642811231e-06 1.06270876796e-06 9.77865251169e-07 2.47324204528e-07 1.10746635977e-06 7.60682274507e-07 6.52402281165e-07 2.89864188365e-07 1.19123526384e-06 2.51588932968e-06 3.26498851614e-07 2.44838646376e-06 1.96894758242e-06 7.90659262705e-07 6.45573576223e-06 2.10919928276e-06 1.00963086334e-06 3.43680832068e-06 1.1620919614e-06 1.34495077701e-06 4.99969049372e-06 4.04753402855e-07 1.54708383035e-06 2.35911403761e-06 2.49766649812e-07 2.3198260639e-06 1.10826109796e-06 2.27625415404e-07 6.27256348859e-07 8.24199862035e-07 1.04663996058e-06 2.46105137468e-07 9.59645820162e-07 1.16892651659e-06 2.04840549008e-06 7.86118232192e-07 7.78116065831e-07 2.42572975856e-07 7.8957688428e-07 8.21399494356e-07 1.96498377508e-07 4.29952613349e-07 6.12039090707e-07 1.01799256381e-06 3.17673653616e-07 1.12650001554e-06 2.3477863202e-07 6.32529924516e-07 2.34396299768e-06 8.63942552481e-08 2.10424314346e-07 2.2183848904e-06 7.4220697572e-07 1.17152284302e-06 8.26667817105e-07 1.69341626889e-06 1.52268436922e-06 1.3517406428e-06 4.65067350447e-06 9.58047220276e-07 1.5923442138e-06 1.52453832355e-06 6.44901924863e-07 3.98470361072e-06 9.91269754636e-07 1.36213945966e-06 1.4680846676e-06 7.70435227075e-07 1.13039738233e-06 6.44439481395e-07 2.35849146387e-06 2.15967493634e-07 8.78757455989e-08 2.29498486028e-06 5.90145854209e-07 2.61702535641e-07 1.14638083503e-06 2.95161662326e-07 1.06835895899e-06 6.16155211033e-07 4.47711640367e-07 2.07168272322e-07 8.62970195178e-07 3.91897061925e-07 1.95257195422e-07 4.84776075177e-07 5.82625340942e-07 8.30024833293e-07 6.39580633516e-07 5.93831628317e-07 2.04062519304e-07 4.12824371378e-07 1.19886174465e-06 5.03010592087e-07 1.78748091268e-06 1.00037959036e-06 2.36857181669e-07 2.21434382232e-06 5.04006511844e-07 8.83825204792e-07 1.99173317835e-06 7.39947504377e-07 3.58371655025e-06 2.02405040262e-06 5.00348073524e-07 1.39104781273e-06 3.05674136671e-06 3.98951704106e-07 2.04495504874e-06 7.85491016998e-07 3.06593028671e-07 2.23356128422e-06 1.94584822676e-07 1.00366293072e-06 1.68041620247e-06 5.0730625398e-07 1.21082825604e-06 4.62559712838e-07 1.60974944032e-07 5.90318873723e-07 6.28578381662e-07 8.35195654181e-07 5.53662431852e-07 4.63362662894e-07 1.85927153243e-07 4.05625486226e-07 8.10876047083e-07 4.64156146769e-07 6.37298036473e-07 8.32217212976e-07 1.94006326494e-06 4.36754969446e-07 1.78796054569e-06 2.62933995741e-07 1.32346585757e-06 2.54625778595e-06 4.51024517743e-07 6.53672868173e-07 1.37742555741e-06 2.36420538443e-06 1.21175049882e-06 1.02506233774e-06 2.97108949744e-06 1.15748547129e-06 3.46255752794e-06 3.17005192225e-06 1.42309021602e-06 8.99355636455e-06 1.81810986184e-06 1.11607543155e-06 7.20637036532e-06 1.10911513829e-06 2.60481381914e-06 3.17698667492e-06 1.00208596313e-06 2.99785261001e-06 1.07835856344e-06 1.15974836951e-06 2.27773776219e-06 1.42180080239e-06 6.55627393409e-07 4.76822951362e-07 2.54697939124e-06 1.3068330913e-06 1.96714290323e-07 1.80306277719e-06 3.94928349685e-07 1.92036609785e-06 8.20659255467e-07 6.78306925772e-07 4.94474412249e-07 8.29572599647e-07 2.31363632419e-07 2.20982337277e-07 4.05701829537e-07 4.22217135285e-07 8.85663573977e-07 3.12227846424e-07 7.91080608035e-07 2.81472048544e-07 3.04177043734e-07 1.59091706876e-06 4.10889872834e-08 2.27016466948e-07 1.59069270325e-06 5.85893599566e-07 4.40548451241e-07 1.28898019522e-06 5.01018307804e-07 1.66977829309e-06 8.01117660666e-07 1.68830453769e-06 1.04323159094e-06 1.18947486283e-06 2.95466174573e-06 7.35765629561e-07 2.7621675072e-06 9.44640190559e-07 8.67362513369e-07 1.44264438655e-06 8.09480893941e-07 1.65642890728e-06 4.51425664029e-07 1.25949230168e-06 4.62033714511e-07 5.04993291027e-07 1.54353153718e-06 2.15408303357e-07 4.20977479898e-08 1.62654066188e-06 2.7855744579e-07 2.95879193678e-07 8.56066424329e-07 2.9653446865e-07 8.72536691913e-07 3.80830044115e-07 4.35440099947e-07 2.26760445601e-07 2.37845334879e-07 3.56259796853e-07 2.45566525032e-07 7.54148930896e-07 5.29394805686e-07 1.07530148372e-06 6.8418030169e-07 5.98185723681e-07 1.42632219763e-07 8.2033640472e-07 8.10957857521e-07 4.12957243224e-07 2.04916215717e-07 1.45711681461e-06 1.72449484511e-06 1.02873336441e-07 1.81437280841e-06 1.43153152541e-06 4.84877840877e-07 2.89527774646e-06 6.64935262223e-07 1.40404635722e-06 3.10615720731e-06 7.63142470412e-07 3.77398881217e-06 4.20971136356e-06 6.41033478123e-07 2.82012736157e-06 1.42293334286e-06 5.08006892881e-07 2.87108577106e-06 3.97754275445e-07 1.52888777819e-06 1.68327034251e-06 5.8693855908e-08 1.67494326683e-06 1.37655817802e-06 1.76701807112e-07 4.99950053677e-07 7.92721466957e-07 7.84072200062e-07 1.44535044143e-07 6.35044950507e-07 7.15524552185e-07 1.08292132017e-06 5.41850072618e-07 7.72599073867e-07 2.53677810411e-07 3.55159458818e-07 4.62931623337e-07 1.14539869261e-06 7.69042036754e-07 1.67569706763e-06 8.980780092e-07 1.3192528665e-06 5.47123047373e-07 5.71079567425e-07 2.87747476064e-06 2.49143777253e-07 5.16087902072e-07 2.53192471377e-06 1.47207635667e-06 9.58856865882e-07 9.49679599391e-07 1.9539016038e-06 2.16636255592e-06 1.40538068462e-06 3.85040279085e-06 1.12613972105e-06 4.49253283578e-06 2.06814735463e-06 1.4725209492e-06 1.34995937786e-05 1.4725209492e-06 2.06814735463e-06 4.49253283578e-06 1.12613972105e-06 3.85040279085e-06 1.40538068462e-06 2.16636255592e-06 1.9539016038e-06 9.49679599391e-07 9.58856865882e-07 1.47207635667e-06 2.53192471377e-06 5.16087902072e-07 2.49143777253e-07 2.87747476064e-06 5.71079567425e-07 5.47123047373e-07 1.3192528665e-06 8.980780092e-07 1.67569706763e-06 7.69042036754e-07 1.14539869261e-06 4.62931623337e-07 3.54606528703e-07 4.47650820636e-07 4.19718111654e-07 8.7691829649e-07 3.60517784406e-07 6.51814078999e-07 1.70600121765e-07 1.27952256677e-07 9.93370484745e-07 3.41062758525e-07 1.19880519065e-07 1.5895916134e-06 6.31555970332e-07 3.49173928035e-07 9.16514599684e-07 5.02586603824e-07 1.21008267091e-06 1.87050307881e-06 5.96232061164e-07 1.29266853689e-06 8.2681321324e-07 1.33675685128e-06 1.16720315985e-06 3.41927119958e-06 3.08862698563e-06 1.43061435321e-06 1.30150300886e-06 8.67681041466e-07 1.22964899269e-06 5.75999864558e-07 2.06473035278e-06 1.12716866697e-06 5.27522715991e-07 9.19006750184e-07 3.52688490044e-07 6.72486993304e-07 1.52653848923e-06 1.13810087035e-07 3.74365976933e-07 9.81181994425e-07 1.13578966852e-07 1.38279952482e-07 7.23790658404e-07 2.81936925125e-07 8.04719459649e-07 4.52899834706e-07 4.14603447944e-07 3.51600607294e-07 5.55283012606e-07 1.1533383433e-06 6.16858234854e-07 1.75059935363e-06 8.15538378476e-07 1.16338359255e-06 5.72944602553e-07 1.06781176284e-06 1.83048847885e-06 6.707381747e-07 5.47768297921e-07 1.61096970556e-06 1.98386728261e-06 4.54293254577e-07 1.94936806266e-06 2.4145787501e-06 6.2141598777e-07 3.33529836257e-06 2.70083986328e-06 8.74189205531e-07 5.64788083348e-06 8.79624927303e-07 2.3041734904e-06 7.01866343355e-06 7.12927181368e-07 8.10742281926e-06 3.42200980339e-06 8.67572098092e-07 6.07582194673e-06 9.48125161582e-07 2.76276530402e-06 3.15200582282e-06 5.50037315934e-07 2.46308491491e-06 2.06511152036e-06 4.79658773274e-07 2.03267486729e-06 1.65554199836e-06 5.28814286733e-07 7.1956654749e-07 1.80579645837e-06 1.17087459861e-06 5.93905428383e-07 1.06394033022e-06 7.95201730309e-07 1.67442619074e-06 5.66697696721e-07 1.12967737448e-06 5.36332729279e-07 5.21208058597e-07 8.72486207059e-07 7.36604014972e-07 1.66883497802e-06 7.24608424794e-07 1.32916480741e-06 3.69427284158e-07 6.26921759533e-07 2.54461768709e-06 5.63012477693e-07 1.84178669818e-07 3.52425342368e-06 1.05074825894e-06 1.06402607152e-06 2.09828293317e-06 1.56744755744e-06 2.78290333037e-06 1.31603357951e-06 3.1076773892e-06 2.74116944043e-06 2.05437465953e-06 3.06131541695e-06 1.02610147579e-06 7.88902818524e-06 2.05244479108e-06 2.6553110126e-06 9.02463821389e-06 1.57661142406e-06 3.48239329565e-06 1.98821199545e-06 3.04919968758e-06 3.14185933673e-06 1.49011140212e-06 2.95358384244e-06 1.50045347353e-06 2.08664327675e-06 1.05979159613e-06 1.04910051787e-06 3.5909073798e-06 1.27406514077e-07 5.47593135522e-07 2.54450385561e-06 6.19241641112e-07 3.09970173484e-07 1.36095971507e-06 6.61497941663e-07 1.56419195052e-06 6.93497655234e-07 8.46975883571e-07 4.98111746643e-07 6.24701213373e-08 2.49038765645e-07 4.12826670152e-07 8.26444917948e-07 3.05719926656e-07 6.36129545183e-07 9.92996120671e-08 4.98422747867e-07 8.76184149052e-07 3.25736566743e-07 2.70037164874e-07 1.09542017775e-06 7.74383508174e-07 1.34642016824e-07 1.06247190875e-06 7.41398978548e-07 1.09384480733e-06 1.28658784042e-06 7.4245956164e-07 5.63558723865e-07 2.27480311929e-06 5.38030422635e-07 1.22647942944e-06 2.64994026056e-06 8.34803695142e-07 1.70523105055e-06 1.07580952687e-06 2.68877649521e-06 1.97401401193e-06 5.68907529109e-07 2.63026411972e-06 6.71598199788e-07 6.87216024542e-07 1.50607455044e-06 9.89846264382e-07 7.94846314397e-07 1.24462180475e-06 8.92285310302e-08 8.34465283639e-07 1.16877395123e-06 2.86513145315e-07 3.13972298368e-07 9.26087360745e-07 4.72922620383e-07 7.63808309396e-08 6.05656290429e-07 2.83631146561e-07 8.01063265642e-07 3.82447375941e-07 2.39146844783e-07 6.01288850859e-08 3.35598020515e-08 5.42075780229e-07 7.49930659572e-07 1.91744607413e-06 9.69000721514e-07 1.94979968592e-06 6.23818997468e-07 1.03913062542e-06 2.63930501051e-06 9.67070253794e-07 2.86129412613e-07 2.9986041138e-06 1.42736709758e-06 1.65828936204e-06 2.03649203253e-06 2.93647753659e-06 2.54888532594e-06 2.81407239179e-06 4.9416700811e-06 1.25429171635e-06 5.90274034803e-06 3.12342780728e-06 1.35510993369e-06 1.16927205376e-05 1.11049011192e-06 5.91773957169e-06 6.50433345932e-06 1.391119614e-06 1.48179814907e-05 1.96989360775e-06 3.67400382081e-06 6.7245495054e-06 1.50208503805e-06 5.15080944897e-06 3.22899814374e-06 2.70636980695e-06 3.16867196191e-06 2.17869836777e-06 1.78366367039e-06 1.59868725487e-06 2.96850892308e-06 3.22744309086e-07 8.95725105525e-07 2.71457811407e-06 9.82615041649e-07 6.91061047663e-07 1.79116625412e-06 9.72502234912e-07 1.81892349023e-06 7.12903698559e-07 4.8913007454e-07 3.28144910634e-08 2.91594260732e-07 2.84285538807e-07 1.08186608918e-06 2.6731959141e-07 4.79112711839e-07 7.14343021495e-08 4.37364751541e-07 7.17345998692e-07 4.36574690819e-07 2.43290877326e-07 1.26671043369e-06 6.17455979445e-07 2.09718799857e-07 1.41355550813e-06 6.65152527949e-07 1.29219163186e-06 1.00807520961e-06 1.10885882859e-06 8.54614126501e-07 7.90954123181e-07 1.12343630013e-06 1.22209992511e-06 2.67718428363e-06 9.92628888623e-07 9.17982218622e-07 2.37877839664e-06 9.71407127911e-07 1.38362921944e-06 2.87347862838e-06 1.91823915829e-06 1.17815984651e-06 8.79102437932e-07 1.18854959251e-06 9.59548964014e-07 1.12753601316e-06 1.33982246115e-06 6.51183151213e-07 1.6675132372e-06 1.62394915278e-07 7.10781240509e-07 1.34651571096e-06 2.5652163243e-07 4.31169961583e-07 7.13516793199e-07 4.77159729086e-07 3.82678353526e-08 4.25974920274e-07 2.8811158938e-07 9.90532184441e-07 2.70661529877e-07 2.73234532836e-07 4.44796447956e-07 9.62609574134e-07 2.09017969081e-06 1.00539946141e-06 1.67743741577e-06 4.91161884897e-07 1.2219117522e-06 2.06963690516e-06 7.01480902942e-07 2.5721591308e-07 2.80333126381e-06 1.87694733241e-06 8.09784519988e-07 2.41454697728e-06 2.76839694934e-06 1.99904810834e-06 3.97016311081e-06 3.17112581841e-06 1.85221198965e-06 5.80986095388e-06 1.27081482399e-06 2.9917929414e-06 1.01792579427e-05 1.03908032028e-06 6.23236806778e-06 2.4912081572e-06 2.59701727988e-06 6.79975825512e-06 1.6311820457e-06 1.27704844768e-05 4.61657758928e-06 1.44988512138e-06 6.60310981829e-06 1.89935698826e-06 3.17734207105e-06 4.51818771783e-06 2.05281116552e-06 3.00230631599e-06 2.40131693268e-06 8.22271926147e-07 1.98047275936e-06 2.87784095791e-06 1.69662079779e-07 6.65138297253e-07 2.08762973289e-06 1.13589751776e-06 4.21906345636e-07 1.66694110671e-06 9.41305234897e-07 1.84477338822e-06 8.67505746876e-07 4.0395349377e-07 3.15740596208e-07 1.2320584358e-06 2.03056387268e-06 9.19344300722e-07 9.55290284066e-07 4.7474959123e-07 7.60725854663e-07 2.30913116991e-06 5.45149116421e-07 6.31502555799e-07 2.36395792674e-06 1.80437156283e-06 1.15729325063e-06 1.75342305256e-06 1.35404927213e-06 3.40709164243e-06 2.37015307932e-06 3.97715723876e-06 1.94076064072e-06 2.97531163287e-06 2.88942706192e-06 1.21086545192e-06 8.5082083194e-06 2.21234441935e-06 1.86014657511e-06 6.51897672371e-06 4.47648193753e-07 7.05840239476e-06 2.06090680954e-06 3.24428451353e-06 1.01451164451e-05 1.81539798613e-06 3.50409936132e-06 3.35671985448e-06 2.25318295806e-06 4.21947337926e-06 2.72895234247e-06 3.42738513754e-06 1.60720257088e-06 1.7985849648e-06 1.25471475962e-06 2.0225871214e-06 2.3629148348e-06 6.89626348725e-07 6.11455486503e-07 2.27408938429e-06 7.06123487644e-07 4.93394429082e-07 8.20327915687e-07 7.22324384547e-07 1.84650308346e-06 1.08937952343e-06 2.87525459959e-07 3.11653752769e-07 8.19033470287e-07 3.50386647586e-07 5.6082419028e-07 2.31779241771e-07 2.89571007786e-07 9.27481916307e-07 2.99796271392e-07 7.57937536542e-08 7.42466149555e-07 4.74885936544e-07 2.19206579693e-07 1.11713859557e-06 7.32273171044e-07 8.81313195943e-07 1.15679578194e-06 1.09654923874e-06 6.23640044886e-07 1.5550822756e-06 7.85343344536e-07 1.07777231034e-06 2.89483254559e-06 8.43219354717e-07 2.07421858896e-06 8.93370418997e-07 1.07656276417e-06 1.12492252137e-06 9.80678070168e-07 2.04844804209e-06 1.36613631191e-06 3.24914640571e-06 1.88960951449e-06 8.21858938478e-07 1.80121644259e-06 8.18251302073e-07 1.11382707736e-06 1.33628834882e-06 8.30423111378e-07 8.06732028573e-07 1.1458568124e-06 2.01892457404e-07 4.18816650223e-07 7.82941733299e-07 1.93856385118e-08 3.21719498093e-07 8.92175919205e-07 2.97139004239e-07 1.93494966306e-07 5.30792827409e-07 3.47485884256e-07 7.29159001151e-07 2.72348496785e-07 9.76801662503e-07 3.13432683004e-06 6.84289560577e-07 1.73687963088e-06 5.63595454163e-07 4.81297613251e-07 3.30742851811e-06 7.44961023225e-07 7.99156852083e-07 2.56019028204e-06 2.34286720694e-06 1.25050174067e-06 2.55327781432e-06 2.44894572839e-06 3.04901947953e-06 2.88553431405e-06 5.39132829456e-06 1.75020538216e-06 6.78092223722e-06 2.58479810778e-06 2.05758004512e-06 1.1678064927e-05 1.0202487887e-06 5.91278314655e-06 6.25687946015e-06 7.19926401577e-07 1.15583247624e-05 7.02311085884e-07 7.21173769924e-06 6.79835024722e-06 1.58030293699e-06 1.51457580859e-05 3.53644356704e-06 3.08589269338e-06 7.95518190125e-06 2.19252279761e-06 5.71872273249e-06 3.33509322396e-06 3.02386394331e-06 2.72347072081e-06 2.62925148889e-06 1.49897252379e-06 2.33560420243e-06 2.6082030392e-06 7.71216257453e-07 7.92439102411e-07 3.06706406122e-06 4.28464963636e-07 5.03499215117e-07 1.53419071516e-06 5.30525247456e-07 2.57904007931e-06 8.73633696163e-07 4.17887766406e-07 1.63997955163e-06 4.0810004586e-07 1.31036457702e-06 3.90629270939e-07 8.16892929111e-07 1.60762663217e-06 6.46347917017e-07 2.56423568654e-07 1.38933219867e-06 1.23184400479e-06 3.89727764085e-07 2.07396817668e-06 1.1828416988e-06 1.86606599737e-06 2.10902148692e-06 1.96373228619e-06 1.75408645831e-06 3.08369377543e-06 1.96851751345e-06 1.60273846015e-06 6.08110380459e-06 1.64473452319e-06 1.66164206506e-06 3.33465408685e-06 1.84985383809e-06 2.28139614106e-06 2.31132821004e-06 2.03821215711e-06 4.06278321337e-06 1.99740077608e-06 2.76496332521e-06 6.70116796637e-06 2.7384297341e-06 2.36809855863e-06 3.35812986855e-06 2.2558615102e-06 1.85206676572e-06 2.25835578403e-06 1.81934880589e-06 1.35292007955e-06 2.18504548431e-06 5.13885202567e-07 1.14369351344e-06 1.39606853603e-06 2.4158183372e-07 6.82478032016e-07 1.42054373274e-06 8.02385958302e-07 4.28204111332e-07 1.10990910173e-06 2.76525276393e-07 1.26925848299e-06 3.69859912135e-07 1.89397033417e-07 2.09029223946e-06 7.21584602803e-07 1.63751032929e-06 2.00565872149e-07 6.39134414059e-07 2.50876431385e-06 4.14092287735e-07 4.86456619426e-07 2.02950530689e-06 1.85504852194e-06 6.0702727177e-07 1.8441763397e-06 1.76447242941e-06 2.138340998e-06 2.80704986679e-06 2.43253103116e-06 1.7080021076e-06 5.45599390792e-06 1.49224848615e-06 2.63070374402e-06 8.06498439558e-06 1.2985769053e-06 5.0589050738e-06 1.99377189026e-06 1.62398736377e-06 7.46933590083e-06 5.35882496833e-07 7.50024824358e-06 1.87462952661e-06 2.3115779033e-06 5.82169595573e-06 1.97698864511e-06 9.70097110802e-06 4.43763266429e-06 1.77538452054e-06 6.45089712789e-06 1.86937890859e-06 2.63567209614e-06 3.18354721118e-06 2.1514141096e-06 1.97820999406e-06 2.16684843818e-06 7.22537901604e-07 1.67446167121e-06 2.08362770785e-06 4.45585126268e-07 4.18709300985e-07 2.28675262159e-06 5.07239526401e-07 2.36346321446e-07 1.35312312987e-06 5.64195205087e-07 1.70622039953e-06 1.65706444558e-07 2.65042815975e-06 7.14472024273e-07 2.48837038538e-06 2.25094867398e-07 1.19011879739e-06 2.5061725622e-06 8.31999274029e-07 6.24956428587e-07 2.70108826538e-06 2.09785214295e-06 9.71663741164e-07 2.10538260531e-06 2.47756909977e-06 2.35348937576e-06 3.10238644013e-06 3.72176264509e-06 2.07808502361e-06 4.10813193131e-06 4.09237675723e-06 2.11502052284e-06 1.10602062432e-05 2.4613598351e-06 3.65988361071e-06 7.46540265458e-06 8.52642313317e-07 7.8039855394e-06 2.04164865839e-06 2.30052026137e-06 7.95664133825e-06 8.40338474198e-07 8.62856841271e-06 4.51587297131e-06 3.7013309506e-06 1.37239429465e-05 3.49673464353e-06 4.90286140575e-06 5.13133785853e-06 2.41515867405e-06 3.86530961255e-06 3.74380622792e-06 2.6196836306e-06 2.68075200198e-06 2.14367867282e-06 1.01850267411e-06 2.08841984774e-06 2.80718136233e-06 6.0965416208e-07 8.10750640743e-07 2.20920996112e-06 1.02845621903e-06 1.89167595275e-07 2.11801476266e-06 5.05320143766e-07 2.09735699394e-06 1.40749958874e-06 4.22745316699e-07 1.40276030252e-06 2.34549757685e-07 5.98534415216e-07 1.6184720315e-06 4.14148587717e-07 1.95719723557e-07 1.43095066272e-06 1.42281377863e-06 4.75774926833e-07 1.71626106588e-06 1.00101011653e-06 1.18784729701e-06 2.20474007546e-06 1.36390083616e-06 2.11245902198e-06 2.81012752152e-06 1.76490129184e-06 2.20744860851e-06 6.08183334174e-06 1.3890467771e-06 2.67464561774e-06 3.33301782805e-06 2.06890756961e-06 2.09907001482e-06 1.33621170994e-06 4.72970995791e-06 1.32761647224e-06 2.24395351675e-06 2.40814830383e-06 3.64015809784e-06 3.16836864511e-06 2.20836365098e-06 6.79235943571e-06 3.72137381593e-06 2.03262102645e-06 3.53394282216e-06 2.22597713585e-06 1.46660369211e-06 2.57016305152e-06 1.43910085948e-06 9.94098415691e-07 1.8116108273e-06 5.09973386086e-07 1.56062761141e-06 1.40351517369e-06 1.56251372502e-07 4.32646656116e-07 1.44501592746e-06 3.92160645353e-07 1.93062050825e-07 1.19389216841e-06 2.98137681346e-07 1.09731514885e-06 1.68807345274e-06 1.01126659939e-06 2.84541400357e-06 5.23308511485e-07 1.50201577121e-06 3.25247408195e-06 9.00218507537e-07 5.50632680793e-07 3.76956364413e-06 2.04942072945e-06 1.44912378865e-06 2.61184590124e-06 3.39488657797e-06 2.25237557271e-06 3.28600980339e-06 4.37128998954e-06 2.88659719026e-06 6.85103764764e-06 3.55082856247e-06 2.91787124811e-06 1.5074203016e-05 1.64826889614e-06 7.91636689277e-06 6.16183968956e-06 1.6837014434e-06 1.21818914126e-05 7.42254482353e-07 7.48712861623e-06 7.04345540176e-06 7.80812262813e-07 1.28452321995e-05 1.96906621278e-06 7.08931305216e-06 8.85283920221e-06 2.71997102982e-06 1.95037367776e-05 4.73573348246e-06 4.06613036189e-06 8.71613026209e-06 3.14971095572e-06 4.94531503621e-06 3.88497205871e-06 2.58833071234e-06 3.5650706167e-06 2.73675210914e-06 1.51713357736e-06 2.1424044758e-06 3.46471977087e-06 6.27533455038e-07 7.99820213809e-07 2.74293524263e-06 1.14133005959e-06 3.1649712638e-07 2.32343557109e-06 6.81969873162e-07 1.28084313369e-06 1.26520573077e-06 2.33756584604e-06 3.3630450708e-07 9.34729592023e-07 2.59542278767e-06 9.56173723482e-07 2.92969047273e-07 2.67688115702e-06 2.0436906394e-06 7.78205265023e-07 2.20772589676e-06 1.91207716096e-06 1.82465040138e-06 2.42849635515e-06 2.0150156713e-06 2.88837945723e-06 3.93435099028e-06 3.04595957372e-06 2.04884740287e-06 8.87520107334e-06 2.8746187876e-06 3.41365432806e-06 4.82039351187e-06 1.93846743302e-06 4.24847056929e-06 2.17973199296e-06 2.11278492068e-06 3.29531191045e-06 2.08062516417e-06 2.27840119609e-06 4.53980900217e-06 2.03382649659e-06 5.90340723085e-06 4.05004133214e-06 4.23410205174e-06 9.93558335674e-06 3.53989225441e-06 3.38636161839e-06 5.18019862103e-06 3.01964677355e-06 2.35575171813e-06 3.03886066816e-06 2.09318597733e-06 1.76302335814e-06 2.3488184795e-06 8.06233644796e-07 1.87247303995e-06 2.45161175528e-06 2.59176075566e-07 8.06310731412e-07 2.21941165654e-06 7.74461477523e-07 2.24368601307e-07 1.68959168115e-06 9.14845588184e-07 1.34041067362e-06 2.6934086806e-06 2.84362780308e-07 4.84962756072e-07 2.13000313839e-06 1.07346077562e-06 5.93704602971e-07 2.08840714253e-06 1.79733289141e-06 1.28952214775e-06 1.43118560336e-06 2.76931920646e-06 1.54674440094e-06 2.86085209403e-06 2.56583948805e-06 2.32724216161e-06 4.51093218167e-06 2.89028426284e-06 3.03361716895e-06 1.00565829936e-05 1.33944300035e-06 7.65073510137e-06 2.80654744329e-06 2.33575610969e-06 5.92996705812e-06 1.41692390439e-06 7.51901470263e-06 1.22134717234e-06 1.24003198236e-06 7.1839944109e-06 1.48412500671e-06 6.68670660645e-06 2.54045086931e-06 3.64015448661e-06 8.5431564144e-06 2.32560047223e-06 1.21763297481e-05 5.01991426135e-06 3.17728967134e-06 6.25744692613e-06 2.49855122176e-06 3.03540799112e-06 3.25550497835e-06 2.06414586073e-06 2.66179610807e-06 1.45519874778e-06 1.17096205601e-06 1.84916607044e-06 1.85231983808e-06 4.6730799567e-07 8.90868238814e-07 1.74976317069e-06 2.9070928034e-07 9.85776989336e-08 1.91818013241e-06 9.96998770965e-07 4.05092142622e-07 1.74258494069e-06 4.94252495722e-07 9.34969806864e-07 3.38229476165e-06 1.11901422978e-06 8.96361640836e-07 3.81595517626e-06 2.24413348714e-06 1.42344967061e-06 3.36430940249e-06 2.83039540853e-06 2.525940411e-06 4.18903739074e-06 3.41443514639e-06 3.2021726541e-06 5.29082517205e-06 3.99286749852e-06 4.11389641479e-06 1.43403959811e-05 2.6701510374e-06 6.31576763609e-06 8.16966158966e-06 2.26339637168e-06 8.44512791382e-06 2.34452213744e-06 5.53623059799e-06 6.59419126942e-06 8.67811156211e-07 6.92508371401e-06 5.40002000024e-06 2.55777067606e-06 9.39801493973e-06 2.26911908246e-06 1.03376871045e-05 7.35163157775e-06 4.28820711414e-06 1.69689365075e-05 6.46707666293e-06 4.48002460723e-06 6.99871524548e-06 3.34604451045e-06 3.81831443534e-06 4.58836202755e-06 3.07354214607e-06 2.39662728377e-06 3.7299786764e-06 1.30796179436e-06 2.12048169609e-06 3.36329203538e-06 6.77519806814e-07 7.70367401542e-07 2.50145340192e-06 6.02697923717e-07 3.13722126561e-07 1.07478138597e-06 3.02719527901e-07 1.78880069092e-06 7.23922385086e-07 1.11292682156e-06 4.36662156755e-06 1.81317546596e-06 4.55423517143e-07 3.58285965223e-06 2.85030181444e-06 1.22473310027e-06 2.58390958339e-06 4.05241228511e-06 1.57566362778e-06 3.89188226531e-06 3.68944610109e-06 3.14311757998e-06 4.97764553795e-06 3.90180077441e-06 3.76829295157e-06 1.330541826e-05 3.17328065375e-06 6.63132541652e-06 4.6634357791e-06 3.29847519803e-06 4.02667605083e-06 2.21279585444e-06 6.54807105177e-06 2.92460941092e-06 2.0709386064e-06 2.10505512533e-06 3.14981429975e-06 6.45407798267e-06 2.3960517648e-06 4.7813561642e-06 3.71903024689e-06 5.8570151682e-06 7.46135021589e-06 4.5935542777e-06 1.59738492679e-05 6.03892353075e-06 4.46347534182e-06 6.54515585051e-06 3.30178356552e-06 4.12956064275e-06 4.31675755823e-06 2.11401117554e-06 3.88897971377e-06 2.42156489473e-06 9.93002050795e-07 2.87109243195e-06 3.06098617162e-06 2.44217883325e-07 1.47062469885e-06 3.21487563377e-06 6.13098617037e-07 4.16030546888e-07 1.00710280268e-06 8.84724105702e-07 1.75781538852e-06 5.44441459865e-06 1.55336716224e-06 4.44249943544e-07 3.16453736877e-06 2.94413587594e-06 1.61978073802e-06 3.14229871251e-06 2.98345967528e-06 2.8492433323e-06 4.02957203036e-06 3.39908881611e-06 3.52459881492e-06 6.20279866112e-06 3.71478784389e-06 4.20099109385e-06 1.36116363795e-05 3.23147167587e-06 8.07553297264e-06 5.2635207342e-06 2.87123104628e-06 9.043175473e-06 1.5016873533e-06 7.44554503654e-06 4.69012889935e-06 1.54396440281e-06 7.82957577399e-06 1.50451509372e-06 5.04559793009e-06 7.70840117824e-06 1.60168658957e-06 1.0617695432e-05 2.83443828498e-06 6.88533534041e-06 9.34691426786e-06 5.03097342337e-06 1.54604225782e-05 6.60332237102e-06 4.13933166682e-06 7.94068140477e-06 3.66845151872e-06 4.03110467483e-06 4.19415539079e-06 3.4475581514e-06 2.79353971561e-06 3.02238292638e-06 1.40350106418e-06 2.59388326509e-06 2.61189965807e-06 3.1764363843e-07 1.05797606658e-06 3.92500356346e-06 1.06599291638e-06 6.12113614284e-07 2.43117014674e-06 5.24354661539e-06 9.60863263467e-07 3.20583594987e-07 3.786315564e-06 2.71250654463e-06 1.62055853188e-06 3.44200965597e-06 3.17608583622e-06 2.24697796307e-06 5.21211220073e-06 3.10860982816e-06 3.56832495489e-06 5.55142590032e-06 4.48695140793e-06 3.44691220638e-06 1.43652440811e-05 2.56934101809e-06 7.7277081523e-06 5.978247114e-06 2.76337712921e-06 5.97526752653e-06 2.46706749407e-06 3.82547574571e-06 5.63303712508e-06 1.49239699935e-06 4.13714242882e-06 3.99403974832e-06 1.6225654103e-06 5.91261934365e-06 3.99711271294e-06 2.83015973558e-06 6.68243372426e-06 3.02628916704e-06 7.7523864601e-06 8.4739435204e-06 3.95060966084e-06 1.72011817225e-05 5.55086809046e-06 5.11732089448e-06 7.62270405451e-06 3.91051937306e-06 3.65878654835e-06 5.54808059365e-06 2.73939728317e-06 3.27969107564e-06 3.09166673136e-06 1.39292642923e-06 2.56831552199e-06 3.16139746258e-06 2.82219557334e-07 6.43012021705e-07 3.461464041e-06 1.5615950171e-06 1.04247103678e-05 1.24222369159e-06 4.67967035596e-07 3.98867754704e-06 2.4237166841e-06 1.1844128717e-06 2.98036057981e-06 2.22394934217e-06 2.51363461103e-06 4.07517785781e-06 3.67352163503e-06 2.48623041607e-06 5.56253057312e-06 3.79329286377e-06 4.77967422377e-06 1.29076348506e-05 3.14740199183e-06 7.13689272294e-06 5.88236920813e-06 3.2071375851e-06 5.34340405944e-06 1.43509731497e-06 6.82249634335e-06 2.74052982266e-06 1.57204784245e-06 4.80267704579e-06 2.02984366576e-06 4.6655376275e-06 1.81577525469e-06 2.6403074134e-06 7.22553552727e-06 1.50800889061e-06 6.28511344386e-06 3.26369643147e-06 7.25829272338e-06 7.90050669778e-06 4.88083803211e-06 1.4187997544e-05 7.31785824853e-06 4.11099884778e-06 7.21833050312e-06 2.65718320501e-06 4.3670877668e-06 3.90241590346e-06 2.67438551919e-06 2.42644531235e-06 2.76719431277e-06 9.04428494419e-07 1.87956433177e-06 2.88674712397e-06 2.77877150746e-07 6.47180567597e-07 3.90914398136e-06 8.51528310234e-06 7.98952571095e-07 6.36897900051e-06 3.61531521103e-06 1.50550406561e-06 3.61207238099e-06 3.33028441464e-06 4.23199789177e-06 5.53458005918e-06 4.35630459235e-06 4.24098043005e-06 6.10975285914e-06 5.35169742665e-06 5.73378931187e-06 1.91742116785e-05 3.52840238232e-06 9.39047381345e-06 7.22044336745e-06 3.77370255432e-06 9.53671412459e-06 2.01726453683e-06 6.10381202229e-06 7.541857852e-06 7.63328877369e-07 7.89346424443e-06 3.13350262155e-06 3.04504078012e-06 8.05091550002e-06 8.67850177564e-07 7.61025682694e-06 6.04264480915e-06 2.27191181906e-06 1.05498301428e-05 4.09591160917e-06 9.16687284521e-06 1.04131601287e-05 4.78786168045e-06 2.2845481274e-05 8.56879561865e-06 6.18786754555e-06 8.04648679719e-06 4.93790944728e-06 4.71392797706e-06 5.54261524636e-06 4.46620416605e-06 3.41657430855e-06 3.38816912165e-06 1.18649782213e-06 2.61808951169e-06 4.60211755948e-06 3.41829471108e-07 2.78432668909e-06 3.96777293086e-06 7.2797526174e-06 3.67373251183e-06 1.89828431452e-06 3.68185783483e-06 2.91141922013e-06 3.89663020557e-06 5.19333752133e-06 4.28796735351e-06 3.40865248287e-06 8.2866735492e-06 4.24683038653e-06 6.04087225667e-06 1.75248002032e-05 4.95888002747e-06 7.83391957721e-06 6.56110601104e-06 3.64022379929e-06 7.86652229214e-06 2.81708038038e-06 4.96635830268e-06 4.82801135551e-06 1.76700884381e-06 3.93321782488e-06 4.04562880076e-06 2.63766949742e-06 4.60852025147e-06 3.71125755158e-06 2.19254075997e-06 4.63592248202e-06 5.73112237758e-06 2.99555022298e-06 9.0447597857e-06 3.89110301228e-06 8.46146943245e-06 8.15873238896e-06 6.91600080947e-06 1.91953392014e-05 8.87387604774e-06 4.48586184489e-06 1.03714072028e-05 4.049840422e-06 4.72751725458e-06 5.07112617811e-06 3.49054091557e-06 2.82565098471e-06 3.44020166019e-06 1.65217770258e-06 2.54755790293e-06 4.36907791406e-06 1.19839855307e-06 4.99489743216e-05 4.22723611646e-06 2.7060207339e-06 4.66595487874e-06 3.37919723873e-06 4.24784838564e-06 5.89213199534e-06 5.4472800248e-06 3.47937047566e-06 8.02551234211e-06 7.14112607534e-06 5.61670318666e-06 2.13810293628e-05 4.63109668368e-06 1.18796388156e-05 6.29269018129e-06 3.74023140784e-06 9.65440687336e-06 2.86126540964e-06 7.64637072389e-06 6.31869184747e-06 1.37651018869e-06 8.47908563655e-06 2.36506725198e-06 4.59054674782e-06 5.1365371036e-06 2.55921446506e-06 8.34981909432e-06 1.5888807756e-06 5.92381032464e-06 8.36954679355e-06 3.13595924883e-06 1.07472703301e-05 4.17327303814e-06 8.06542353129e-06 1.30224675993e-05 6.32655286226e-06 2.56365672495e-05 8.16399227921e-06 8.51834919175e-06 1.02797958852e-05 3.98976217297e-06 6.28529441483e-06 6.08491817551e-06 4.02231077589e-06 3.17374798476e-06 3.9914044071e-06 2.51521789765e-06 2.59236816321e-06 1.35974873811e-05 2.8864282133e-05 2.30898025821e-06 5.49275980692e-06 4.45143782651e-06 4.18245679868e-06 4.85703168861e-06 4.31216167995e-06 3.95601221485e-06 7.83616573145e-06 4.27922856906e-06 7.01153015436e-06 1.73068200703e-05 4.72346048519e-06 9.15556475925e-06 7.73753110261e-06 3.02298731901e-06 6.95234263928e-06 2.70048709091e-06 5.35222123386e-06 6.59092469522e-06 1.13550659313e-06 4.58309100229e-06 3.90525166081e-06 2.22787703432e-06 5.45732905907e-06 2.43013914758e-06 3.98792643534e-06 4.35864800534e-06 1.5764560307e-06 6.18007392354e-06 6.10843753267e-06 2.91128024165e-06 8.18939959914e-06 3.29579409585e-06 9.65239662977e-06 9.33943444697e-06 6.5840959804e-06 1.82225239989e-05 9.6862827347e-06 4.51984215861e-06 8.989539564e-06 4.81327733702e-06 4.94471661618e-06 4.9043653243e-06 3.51640351379e-06 3.49827286341e-06 4.36381781251e-06 1.22784116635e-06 6.57919913394e-06 2.65404696111e-05 1.76484537818e-05 1.02462575552e-05 7.56571596445e-06 6.42337404195e-06 5.48476846494e-06 5.82690446418e-06 1.30692027612e-05 7.30616204848e-06 9.16644702124e-06 2.90692487002e-05 5.45171786913e-06 1.51698657534e-05 1.01309660081e-05 4.60527206939e-06 9.39750845065e-06 2.9706519128e-06 7.75683440102e-06 8.34129125424e-06 2.70630903026e-06 7.13906579748e-06 4.34249588824e-06 6.41254501844e-06 4.76904633912e-06 5.09183623698e-06 6.67788743796e-06 4.30250021884e-06 7.17126837126e-06 3.0248888813e-06 8.05687577172e-06 8.71813459913e-06 3.48687061188e-06 1.04315038984e-05 5.42791328792e-06 1.23553645844e-05 1.67788239169e-05 7.28878328142e-06 3.51655326962e-05 1.2156682434e-05 8.46347126944e-06 1.56058182166e-05 6.57082507784e-06 6.3142554427e-06 6.2006969935e-06 6.71553787042e-06 7.12725481961e-06 7.17671619127e-06 4.98247002277e-06 5.65193777362e-05 1.32531035554e-05 9.39559424663e-06 9.61242012343e-06 5.74404313047e-06 4.96831132292e-06 1.21339436885e-05 7.14162331417e-06 9.18951588181e-06 2.49853183758e-05 7.09544719271e-06 1.00206694473e-05 9.74369128121e-06 3.55217901177e-06 9.84975423716e-06 2.27173834731e-06 6.19522014457e-06 7.15768380312e-06 2.28884612859e-06 7.0154172971e-06 3.58705792129e-06 3.70643120247e-06 6.13440929474e-06 2.64382770245e-06 6.42722909581e-06 4.02770128942e-06 3.65055579273e-06 6.8125444658e-06 2.36677644736e-06 6.44724330553e-06 7.3760107363e-06 2.62318774373e-06 1.06794014931e-05 4.3689637672e-06 1.18502210661e-05 1.04813365248e-05 9.16550286708e-06 2.66910338481e-05 1.1812378554e-05 8.03943312883e-06 1.37338210787e-05 4.59915106522e-06 5.85437508797e-06 7.27043470601e-06 6.0954280895e-06 5.76661089222e-06 1.54817735456e-05 6.1792784441e-05 1.88115211508e-05 2.15240997271e-05 1.50015666636e-05 9.26196004004e-06 1.35238902826e-05 8.06331939883e-06 1.16123755033e-05 2.90357798434e-05 7.25091432828e-06 1.5397188828e-05 9.38058900406e-06 3.94122618919e-06 1.06147707602e-05 3.33808829505e-06 6.14223563757e-06 7.56023346339e-06 2.75534499582e-06 7.06707596035e-06 4.95993942572e-06 4.07872696681e-06 4.62919842968e-06 4.50720998165e-06 4.20400345308e-06 4.76817650613e-06 4.28626673307e-06 4.773638255e-06 7.42850083562e-06 3.00661512119e-06 7.29404549908e-06 7.00065396502e-06 3.80530941277e-06 1.09571753807e-05 4.57623454462e-06 1.0389040645e-05 1.72783710473e-05 9.3374514733e-06 3.20431247388e-05 1.44346163182e-05 9.03542054494e-06 1.39888163946e-05 7.23623298909e-06 9.29602703352e-06 1.09284818405e-05 7.19702637997e-06 1.2349642746e-05 7.67315979967e-05 3.33426261335e-05 2.57934300764e-05 1.60279071284e-05 2.17007403798e-05 1.00031368061e-05 1.71931150355e-05 4.11507415906e-05 8.87592577214e-06 1.62908187541e-05 1.48820949932e-05 3.85846689965e-06 1.35642342298e-05 3.30795820009e-06 8.33580579998e-06 6.56546501464e-06 2.86480090049e-06 7.73215696307e-06 5.34631362651e-06 6.08314212154e-06 5.97221735515e-06 3.05269611742e-06 9.83827530261e-06 2.82456827065e-06 6.45783473618e-06 5.83920110525e-06 5.14099635773e-06 7.67392253267e-06 3.22657375099e-06 6.3238627666e-06 1.00040044248e-05 3.64162267577e-06 1.42847033967e-05 4.43219912668e-06 1.75861430281e-05 1.62632261907e-05 1.0930374702e-05 4.33859141394e-05 1.83807041276e-05 9.94225603684e-06 1.78653635747e-05 1.10902851109e-05 1.31506302017e-05 1.33164402681e-05 1.41960726036e-05 0.000131294598098 3.38295124536e-05 2.48747633475e-05 3.44469026091e-05 1.44157399069e-05 1.8013376818e-05 4.89589363935e-05 1.26913924752e-05 2.00297229451e-05 1.53169766237e-05 7.06871443417e-06 1.24632294194e-05 4.86427038079e-06 8.2060759405e-06 1.12845180648e-05 2.61575052206e-06 1.07338375917e-05 5.14361000856e-06 7.28067297237e-06 7.42577579215e-06 3.93058098887e-06 6.3777028294e-06 6.24952198665e-06 3.88621107444e-06 7.62235317392e-06 6.90529442771e-06 4.88456013462e-06 1.01942573432e-05 2.38788247183e-06 9.70251653985e-06 9.17598019176e-06 4.24793198414e-06 1.15543962612e-05 6.85866356677e-06 1.57420730144e-05 1.82044968044e-05 1.42286826039e-05 4.85244392268e-05 1.80504909657e-05 1.2626516106e-05 2.42424908729e-05 1.43741908396e-05 1.34277829181e-05 3.21732059497e-05 0.000115263317937 2.77909987712e-05 4.73107221765e-05 1.83418140625e-05 2.21988632631e-05 4.53955914223e-05 1.55436785038e-05 2.27226472438e-05 1.73881665696e-05 6.59227950289e-06 2.03939010306e-05 4.44253187152e-06 1.14640453259e-05 8.91284839112e-06 3.98666666309e-06 8.43127440483e-06 5.43316008974e-06 6.37203602125e-06 7.1735179384e-06 4.27887453056e-06 7.65198328961e-06 3.97549445398e-06 7.84840287343e-06 4.18808391035e-06 7.10042781542e-06 5.89461029143e-06 5.10538346773e-06 7.63565480848e-06 3.41407214829e-06 7.86773300719e-06 1.12656367843e-05 3.67883651015e-06 1.77136055513e-05 5.55181961566e-06 1.6158445344e-05 1.97174430134e-05 1.53693076043e-05 4.22441646745e-05 1.94272433674e-05 1.42630752851e-05 2.67709246022e-05 1.26763211473e-05 2.58017630977e-05 0.000119915337669 7.3030664521e-05 3.27481983907e-05 3.56655538216e-05 6.28979773435e-05 1.85661380957e-05 3.0157688502e-05 2.55508211171e-05 9.23465961606e-06 2.01651294002e-05 7.84572452334e-06 1.2311920799e-05 1.2819945631e-05 4.21762314345e-06 1.41099965096e-05 5.86030209099e-06 7.32310817246e-06 9.21590793729e-06 5.07028130652e-06 1.1477862592e-05 4.84670394069e-06 5.20774361467e-06 1.10078516342e-05 4.79911258102e-06 8.61996194197e-06 6.48851955741e-06 5.28316132355e-06 1.20911170899e-05 3.45644138731e-06 1.07054715122e-05 1.05598270264e-05 6.21785081678e-06 1.6521743922e-05 7.21956860435e-06 2.19790783184e-05 2.51666710684e-05 1.71286020354e-05 5.50233414076e-05 2.72979430643e-05 1.88297043804e-05 3.19417050624e-05 2.538619721e-05 0.000338350344045 5.60144251971e-05 6.0247194657e-05 0.000104401140165 2.80597462268e-05 3.70702836826e-05 3.76716174987e-05 1.22061290709e-05 3.16116349113e-05 8.39908189005e-06 2.34652297815e-05 1.27250634941e-05 6.43112940286e-06 1.57966007492e-05 1.01563785292e-05 8.62792674237e-06 1.19998343811e-05 8.16979552618e-06 1.22442058293e-05 9.95298442671e-06 7.0914244237e-06 9.86225875358e-06 1.10830045121e-05 7.6178551809e-06 9.80381284313e-06 7.53720173118e-06 8.38696610836e-06 1.2339580989e-05 4.71159511911e-06 1.02854598664e-05 1.80184196418e-05 6.12296113102e-06 2.22016710774e-05 9.76185939346e-06 2.83399946714e-05 2.72531482978e-05 2.16677242831e-05 8.36494698108e-05 3.99494685135e-05 2.58137669223e-05 7.58237127946e-05 0.000231004201226 0.00010795791553 0.000176420524874 5.07614027561e-05 5.3166208086e-05 4.70638663541e-05 2.02415252125e-05 4.96290978735e-05 1.28491880663e-05 3.14354653445e-05 2.7489131656e-05 6.59754145982e-06 2.67502934796e-05 1.21747616662e-05 1.56144714519e-05 1.5386093686e-05 9.61158449347e-06 1.87052936755e-05 1.19097888541e-05 1.32990269782e-05 1.35055893765e-05 1.08676367717e-05 1.68198714447e-05 8.30763549915e-06 1.21193747048e-05 1.21573907487e-05 9.27752760743e-06 1.8702632714e-05 4.49976864293e-06 1.8837662261e-05 1.93205209457e-05 8.22033298506e-06 3.08616245061e-05 1.31711235484e-05 3.00933333823e-05 3.27574553835e-05 3.40394865353e-05 0.000129879058761 5.62596689819e-05 6.16589853645e-05 0.000475435300626 0.000297524435197 8.37809751103e-05 9.55468035791e-05 7.70486560434e-05 2.6208815001e-05 6.80423477412e-05 1.83250344621e-05 4.08688424884e-05 2.99809546152e-05 1.20665381609e-05 2.64094958289e-05 1.69279217832e-05 1.86396413333e-05 2.39629752585e-05 1.00834035755e-05 2.19095820828e-05 1.37593066038e-05 1.53297792324e-05 1.86226147841e-05 1.43218128696e-05 1.22728377369e-05 1.91675827909e-05 7.64593035506e-06 1.81079188172e-05 1.28027242383e-05 1.16640314748e-05 1.60730272495e-05 7.89305609988e-06 1.6496660601e-05 2.21781924525e-05 1.02621699003e-05 3.45031023988e-05 1.33529341353e-05 3.66028867902e-05 4.53085974897e-05 4.96025462642e-05 0.000175678049599 0.000125275276985 0.0034927912435 0.000345440365371 0.000439597971712 0.000308015115909 9.34414949962e-05 0.000213209489084 6.66967628673e-05 0.000143815757437 0.000103243094268 3.67251237111e-05 0.000109051174475 4.64054913394e-05 6.12648716084e-05 6.49840216122e-05 3.98115178146e-05 5.4881238539e-05 3.8263400881e-05 3.73795049297e-05 4.78558031647e-05 4.44476921022e-05 3.28823421935e-05 2.95712921121e-05 3.95030427353e-05 2.51152289491e-05 3.81778749146e-05 3.25673547174e-05 2.21085305658e-05 5.24158121263e-05 1.39346456195e-05 4.05964488824e-05 5.05941672254e-05 2.17352378421e-05 6.50186794621e-05 2.70617842879e-05 8.62787826056e-05 0.000117958260723 0.000108692479609 0.000882233696396 





































