
































2.06009345377e-06 1.35211626796e-06 4.15301633201e-07 4.92919104923e-07 4.17366869735e-07 2.13382498936e-07 8.20856426233e-07 4.57658316213e-07 1.26013265676e-07 1.25420669059e-07 1.30908840647e-07 1.26785759913e-07 4.77724803785e-07 9.29434115008e-07 2.72017486782e-07 5.75766799364e-07 6.8729043309e-07 6.14851308888e-07 1.63697033416e-06 1.53842012826e-06 1.38827503565e-06 5.08755016955e-06 5.67430361566e-07 7.55348592363e-07 4.12235706262e-07 2.26171189141e-07 9.84242239725e-07 3.34016839982e-07 8.79796797777e-07 4.13792002314e-07 6.50936105941e-07 1.33100853318e-07 1.35530910036e-06 1.28318196614e-07 8.41778700453e-07 2.89051492516e-07 8.77124998098e-07 1.43388996755e-07 1.50213443642e-06 1.61166375636e-07 8.41953507087e-07 5.21786414743e-07 1.22552047343e-06 4.52539317239e-07 1.59832938757e-06 3.78083715012e-07 6.69493398096e-07 9.55770775883e-07 7.08212103703e-07 3.53262636403e-06 1.83068864063e-06 2.01601228134e-07 5.16959439683e-07 1.51777275421e-06 9.94705986988e-07 3.79693982816e-07 9.56458980385e-08 9.40966514568e-07 1.50352634436e-07 4.11049825428e-07 3.17741853682e-07 1.53577202031e-07 1.26613615569e-07 3.04692465707e-07 3.91414964645e-08 5.06838647654e-07 1.00783877453e-08 6.7752753425e-07 1.46436216101e-08 5.75952220536e-07 3.18622032354e-08 3.75158265099e-07 1.96026165314e-07 1.95040424055e-07 3.70209387035e-07 5.94743819814e-07 1.87877237661e-07 1.2193096578e-06 9.42200517259e-08 3.3023945376e-07 6.37458755191e-07 1.25150922435e-06 7.00105279486e-07 3.74970328719e-07 2.33943626527e-07 1.13075703476e-06 1.35921741378e-06 4.62834562178e-06 9.70451878615e-07 5.2381600634e-07 1.00181128115e-06 3.17651378369e-07 5.44842973622e-07 3.3724190104e-07 7.71296649883e-07 2.09304164028e-07 8.67747070648e-07 1.53595408166e-07 1.20790298562e-07 4.23167043623e-07 3.05542073137e-07 3.68046151046e-07 4.85909822987e-07 1.09186000342e-07 1.80835477937e-07 9.08285255934e-07 2.80071839916e-07 1.07944933554e-06 5.04805858749e-07 6.72180046231e-07 5.74311482491e-07 1.15679536101e-06 6.54747810622e-07 1.0334079622e-06 3.35206921797e-06 9.15302170749e-07 1.62186110608e-06 2.96551920085e-07 4.24256309548e-07 3.99614056515e-07 9.37062072064e-07 3.89576645931e-06 1.50463870422e-06 2.45819149514e-06 5.34801620479e-07 1.50380840797e-06 5.89195671525e-07 8.53280931675e-07 4.78061816943e-07 7.76765767729e-07 1.65639875711e-07 7.49091586128e-07 3.96098580558e-07 1.71209830231e-07 4.91764826074e-07 5.32426025516e-07 2.1177665735e-07 4.95734828888e-07 7.2275990579e-07 1.55605249893e-07 7.6320185745e-07 5.27235059843e-07 1.18452112661e-06 6.24383945787e-07 1.79734416771e-06 5.474120357e-07 2.28269142005e-06 1.25392032261e-06 3.1069408924e-06 9.92457233298e-07 4.12254374571e-07 1.28001557341e-06 2.86224580215e-07 1.90681243873e-07 7.95961110362e-07 1.40856740038e-06 1.50063218473e-06 1.42355957243e-06 4.07310392771e-07 5.48036249946e-07 4.95927559873e-07 1.17255524477e-06 2.7300550243e-08 4.27618206949e-07 3.13876791037e-07 7.18908601124e-08 7.68810215687e-07 1.93048984951e-07 5.1670094835e-08 1.06573908354e-06 1.7403580196e-08 2.43520543688e-07 8.40038347672e-07 3.27799001342e-08 3.72677718573e-07 5.46017196332e-07 2.19839729798e-08 1.3433454012e-06 3.19946638129e-07 7.65577572246e-07 2.4351507205e-07 8.10880989702e-07 1.36195672296e-06 1.3960398511e-06 1.14977353931e-06 2.44314703365e-07 7.166332382e-07 4.74585550697e-07 3.25874979348e-07 1.69853378567e-06 2.21174735785e-06 2.51961930523e-06 1.18257619648e-05 1.83777453248e-06 3.25558115848e-06 2.2755384764e-06 1.49237976483e-06 8.46952059466e-07 1.7930014432e-06 2.00308320078e-07 1.4224825271e-06 4.87991509771e-07 2.19632592971e-06 5.88992074371e-07 8.11503263893e-07 8.31346804901e-07 6.92833178556e-07 2.33875649441e-06 5.09753825498e-07 1.72701862004e-06 2.03974834185e-07 1.73313966795e-06 1.03479334826e-06 1.6227559093e-06 2.37468830543e-06 2.99717446502e-06 1.61317240114e-06 8.47505732667e-06 1.49033964603e-06 2.28564705974e-06 2.10895460542e-06 8.285398468e-07 1.03889536006e-06 2.59591137991e-07 4.91465928158e-07 5.44714046992e-07 3.02210583229e-07 1.85063029889e-06 3.72505045206e-06 2.29170265156e-06 1.41038042789e-06 1.5118643117e-06 6.6402457732e-07 7.52694846026e-07 6.53331734803e-07 2.71992860142e-07 8.32843421137e-07 1.41355448273e-06 2.61096284584e-07 1.94304143734e-06 5.63400892885e-08 9.56155978728e-08 1.96224017125e-06 2.61007323195e-07 1.28970880084e-06 9.03593694785e-07 3.21903708919e-07 5.67121392627e-07 7.8841494057e-07 5.8172115298e-07 1.53497166899e-06 1.46190771105e-06 1.29949986953e-06 3.30705052576e-06 1.62325152724e-06 1.94830829189e-07 5.58490890337e-07 8.71629538189e-07 7.01812347863e-07 5.7970998391e-07 1.31237357959e-06 1.17153992634e-06 9.28285266738e-07 3.61315037782e-06 3.61410316954e-06 1.15079214924e-05 5.02717130309e-06 5.36760303278e-06 1.21004298045e-06 3.08277416655e-06 4.21321399236e-07 1.74787970139e-06 1.13749976036e-06 1.61784633631e-06 6.67689492261e-07 1.50842104248e-06 9.12104147256e-07 7.59446106249e-07 9.31129465657e-07 1.25690300167e-06 8.76094518609e-07 1.6456761778e-06 9.49247772902e-07 1.95883591018e-06 3.38344169641e-07 3.12857155972e-06 1.25598937342e-06 4.31294341036e-06 3.15627556643e-06 8.66043086409e-06 2.16518562427e-06 3.32631080719e-06 1.40954553795e-06 2.16450119668e-06 2.36381648771e-06 9.77210061657e-07 3.34030604477e-07 8.14923161735e-07 4.74229767799e-07 2.92661090321e-06 1.12494050959e-06 5.5932757361e-06 6.42272745989e-06 3.66376271656e-06 1.1040452255e-06 1.86339936127e-06 9.52134125742e-07 8.9295313213e-07 1.5520697927e-06 8.54022040475e-07 5.68169968092e-07 1.99912190955e-06 2.47359799914e-07 1.14063692878e-06 8.02571424338e-07 2.60861661577e-07 2.10936973607e-06 4.70285706172e-07 1.01093238346e-06 1.70699692537e-06 9.80859343594e-07 7.88097762856e-07 1.71130382086e-06 8.20897542486e-07 3.34950268612e-06 5.6876167968e-06 3.49161057719e-06 1.10025998508e-06 3.62434325967e-06 4.53708342172e-07 1.35540291129e-06 1.06286103094e-06 1.47439601354e-06 4.04755442182e-07 2.68429372956e-06 3.09249220395e-06 5.42946497122e-06 3.28859377206e-06 1.85206344659e-05 5.02112785228e-06 6.91200673012e-06 2.15567908127e-06 3.32991593094e-06 3.53137540377e-06 3.74845575223e-06 1.4567886596e-06 3.2016856852e-06 1.19362730452e-06 2.17933085898e-06 2.54949360814e-06 2.51838590395e-06 2.11663171653e-06 1.12041710858e-06 3.144210496e-06 1.44967163838e-06 3.57113851238e-06 3.02653365209e-06 3.42447059999e-06 1.72960399066e-06 6.51948167219e-06 3.12800920605e-06 1.43480836997e-05 3.22097431391e-06 5.31190275928e-06 3.1778426665e-06 4.36353746407e-06 7.26402999986e-07 3.18924316928e-06 2.88556254228e-07 1.11665023453e-07 1.10811310718e-06 5.55415609375e-07 1.44987650347e-06 1.7771981936e-06 4.82112803926e-06 3.19721837059e-06 3.91676935004e-06 6.00612195032e-07 1.90399953783e-06 7.90168884522e-07 2.16796803593e-06 3.35978738497e-08 2.55765166828e-06 3.70026543506e-07 2.92728277531e-07 2.58850337619e-06 2.43224922256e-07 2.60417780731e-06 2.43306061155e-07 4.21916943494e-07 2.59316685715e-06 1.83923355351e-09 1.7767268681e-06 4.78960436956e-07 1.44142213282e-06 8.59845111511e-07 2.71619609044e-06 3.31857075983e-06 3.47790621806e-06 1.60526602629e-06 1.65548181541e-06 5.47040697642e-07 1.46759726084e-06 2.55710529087e-07 5.53436239364e-07 6.13303737853e-07 3.24424005387e-06 1.24638097852e-06 3.00077039188e-06 3.350358441e-06 6.84329683696e-06 3.930851759e-06 1.32910578395e-05 3.19697718446e-06 3.88990406908e-06 2.61730847613e-06 4.33262428467e-06 1.19371183096e-06 2.5610274986e-06 1.76467665246e-06 1.4089470462e-06 2.92144021391e-06 1.76162658595e-06 1.93871087591e-06 2.9159721851e-06 1.54946422895e-06 1.69266494571e-06 2.40215423109e-06 1.24551952923e-06 4.84210380395e-06 1.86973950617e-06 3.71195957202e-06 2.11968650331e-06 1.14667070781e-05 2.94476453559e-06 6.69426172824e-06 3.49262937782e-06 3.08955598725e-06 1.79933283558e-06 5.17706599546e-06 1.25155925089e-06 9.44012048143e-07 4.40995233751e-07 7.69883025488e-07 1.32568211488e-06 2.90987972409e-06 8.53571759303e-07 3.78488901374e-06 3.20399500442e-06 2.63849920052e-06 1.68584878109e-06 2.87169970979e-06 6.38709744745e-07 3.07699389724e-06 3.88532178377e-07 8.62389072991e-07 1.33438116448e-06 6.71955258523e-07 1.73884194572e-06 6.11022708609e-07 1.362674797e-06 6.90022872392e-07 3.3332718285e-07 2.92382509734e-06 7.97197276255e-07 1.99633837166e-06 1.70650123035e-06 1.89050369999e-06 3.38466902271e-06 2.82902262925e-06 1.27101199718e-06 2.71689231243e-06 1.60876673338e-06 7.28044940514e-07 8.04649106356e-07 1.71081451271e-06 5.91272618574e-07 2.1864798842e-06 1.30238887354e-06 5.11224123493e-06 1.69345419825e-06 3.56682510569e-06 3.02814984988e-06 8.41694247858e-06 4.8424683186e-06 5.43251815054e-06 1.51687741661e-06 4.4605861286e-06 1.73123697871e-06 1.41911090879e-06 4.89734534368e-06 1.06706311673e-06 2.17204087468e-06 2.29777652219e-06 1.12246489937e-06 4.38344661299e-06 1.64466684434e-06 1.35906030663e-06 4.29641786844e-06 1.3644174683e-06 5.06097776881e-06 3.27679203999e-06 8.27128624482e-06 2.09195504125e-06 3.64804916527e-06 1.64338388281e-06 4.69579965172e-06 1.37819396474e-06 3.10769427137e-06 1.40523553135e-06 1.54115610427e-06 3.36833123467e-06 1.98253705419e-06 3.31854449641e-06 1.6779029944e-06 4.74628039698e-06 2.04259965017e-06 5.06885081566e-06 9.22936399959e-06 8.80190565318e-06 1.54332827788e-06 5.58443633477e-06 1.99143405021e-06 2.0855801313e-06 2.55316602699e-06 1.85050024398e-06 2.07198121913e-06 1.64046930118e-06 2.08407543192e-06 1.66815953621e-06 2.43325885052e-06 1.60695630349e-06 2.48763300139e-06 4.38698929997e-06 1.30239562738e-06 6.14350751446e-06 8.67982614757e-06 3.89090874574e-06 2.3604748916e-06 3.63105640073e-06 2.01965209812e-06 3.39558707988e-06 2.7128315384e-06 4.56165846795e-06 4.47841749963e-06 7.10438634209e-06 1.99856036021e-06 5.45994811837e-06 2.40331991994e-06 6.63547970467e-06 3.53564750354e-06 5.08247152335e-06 1.0883848315e-05 1.85263147208e-05 5.03908922369e-06 9.75209370757e-06 4.09859911362e-06 3.3595319183e-06 9.98258994983e-06 2.09815637518e-06 8.08970231495e-06 2.54953432415e-06 2.66804983549e-06 7.65311985676e-06 2.17294409241e-06 9.08466032027e-06 3.40211445463e-06 3.29389067326e-06 8.70477429814e-06 3.38633762253e-06 1.72906829448e-05 7.84217903139e-06 4.76876042617e-06 2.25689078636e-06 6.36577361024e-06 2.19284608715e-06 6.5220703708e-06 3.25543315686e-06 2.25403251725e-05 1.63645975619e-06 1.49070190114e-06 3.75920772583e-07 1.18821464367e-06 1.00779459163e-06 2.14859349296e-06 1.52970394705e-06 4.32693769804e-06 3.22008899666e-06 4.29622402273e-06 9.08555814815e-07 1.39122119032e-06 1.96288891468e-06 1.18198401242e-06 6.16516449271e-07 1.50011724951e-06 7.60235735591e-07 9.83250042411e-07 9.01516103812e-07 7.44144228744e-07 1.96012936428e-06 1.09193253172e-06 1.17721463216e-06 3.09617960903e-06 3.73531377911e-06 3.52047088393e-06 1.1152019397e-06 1.91468180006e-06 6.51109691979e-07 1.55705384521e-06 5.62559429131e-07 1.87672843854e-06 5.55282423987e-06 9.27897472671e-06 1.96089770754e-06 5.3573039226e-06 2.34374860275e-06 7.02627622147e-06 7.58289161899e-06 9.49439722063e-06 5.65788079033e-06 2.54751416238e-05 7.7148861648e-06 4.86437279331e-06 1.26884752473e-05 4.27518782829e-06 9.27330477224e-06 3.78128121125e-06 5.80297061172e-06 4.96694995215e-06 3.97279014295e-06 8.42881146231e-06 4.27677610172e-06 1.10278641505e-05 4.6382567217e-06 5.67280140092e-06 2.26892703813e-05 4.2623938329e-06 9.24283705693e-06 6.24790898872e-06 6.7950321678e-06 2.29589261582e-06 6.50836711458e-06 1.94094137779e-06 1.48753269839e-05 6.84512085124e-06 1.49022422706e-06 2.38455428724e-06 7.6301147364e-07 2.09453629854e-06 1.9716041305e-06 4.40837822257e-06 1.43250094644e-06 7.96928838239e-06 5.12551437061e-06 3.69714686186e-06 4.66228919888e-06 1.95675098831e-06 3.18070365918e-06 2.41524519998e-06 1.22120935923e-06 4.85685445459e-06 1.32575007235e-06 2.16208070664e-06 3.43037332213e-06 1.65248066963e-06 4.34311551546e-06 2.78795873426e-06 6.04699126403e-06 6.31141131271e-06 1.67810251969e-06 3.54744123822e-06 2.33391913519e-06 2.08525794187e-06 1.00030483288e-06 2.55334518263e-06 2.04912320824e-06 1.75726178478e-05 2.96656868278e-06 3.67324565356e-06 1.04038022459e-06 2.02259857603e-06 2.24937099876e-06 5.42351903551e-06 1.57729863293e-06 5.10165683485e-06 3.85038945452e-06 8.14375320662e-06 9.20822321962e-06 2.70525067064e-06 5.66478619922e-06 3.59668399609e-06 3.51102615626e-06 2.98289297919e-06 3.08983102741e-06 3.07920610127e-06 3.8117145648e-06 4.50561642834e-06 2.59567125767e-06 6.86001853844e-06 9.07880413347e-06 3.0219369543e-06 5.05900731079e-06 1.50244215827e-06 4.93971584111e-06 2.16649543004e-06 1.90170534374e-06 1.53439054336e-06 6.07526484694e-06 8.03758738529e-06 2.05831842788e-05 4.84311554806e-06 8.57117082094e-06 5.99058975506e-06 1.20087405934e-05 3.63409634643e-06 1.81102466805e-05 4.21035268856e-06 1.20726313005e-05 3.22556148069e-05 1.13641433905e-05 1.51826151836e-05 1.03067266334e-05 7.84247765308e-06 1.58334403589e-05 4.68766953238e-06 1.58178913233e-05 7.1561684816e-06 8.8468944059e-06 1.46871721691e-05 8.30123267473e-06 3.0208270816e-05 9.6978681873e-06 4.38961346379e-06 1.6345161277e-05 4.03800471276e-06 1.31321267859e-05 7.41436168442e-06 1.13394597584e-05 6.42468348806e-06 4.6150375686e-05 3.55770825793e-06 4.37033019991e-06 3.59427273128e-06 4.62732325542e-06 1.21879566714e-06 7.39563727328e-06 1.89692557388e-06 2.30281074723e-06 1.2170054751e-05 8.19906879641e-06 8.24523393337e-06 3.54662008749e-06 4.13119841665e-06 5.25832783002e-06 3.11594792726e-06 2.79821950817e-06 5.59649479496e-06 3.67907275283e-06 4.05411861084e-06 6.39395357215e-06 9.53029297712e-06 9.0152637387e-06 2.19382849102e-06 1.98198227956e-06 6.95394163894e-06 8.57658099178e-07 5.12152193191e-06 4.62677220339e-06 6.72366654426e-06 6.82253662907e-06 1.6070708899e-05 9.52300127134e-06 1.27070215936e-05 3.64809285487e-06 1.14694055781e-05 5.83842442766e-06 8.76330189619e-06 1.64895940336e-05 1.1170872644e-05 2.80272552995e-05 1.48366617064e-05 8.61175352929e-06 1.59341438784e-05 7.11400316944e-06 1.4998898816e-05 7.68854742274e-06 1.48084256145e-05 7.4353050825e-06 1.13512765025e-05 2.87262161042e-05 9.4854357095e-06 1.76311591044e-05 8.33954497173e-06 5.90785019261e-06 1.2090421626e-05 4.55924559217e-06 1.61269103186e-05 1.23551385644e-05 3.27089098293e-05 1.11705461793e-05 1.01467000854e-05 2.48693302204e-06 6.95056444408e-06 3.56897201578e-06 5.09471907848e-06 1.57490170913e-05 3.67645846612e-06 1.644941296e-05 1.42538504222e-05 9.92114001512e-06 9.53083250592e-06 6.52368080575e-06 8.17219072686e-06 9.24035723564e-06 5.79026580638e-06 9.35570551981e-06 7.7628898798e-06 1.68372462928e-05 1.32131159533e-05 4.47381156402e-06 1.56638569848e-05 4.32234916962e-06 3.34813349986e-06 9.98361322458e-06 2.71631155133e-06 1.39246571116e-05 1.93309667923e-05 2.15345599967e-05 3.11144457793e-06 1.02361443577e-05 4.01305184056e-06 3.27249160416e-06 1.31814361415e-05 5.37788347817e-06 8.39945509302e-06 1.00036874472e-05 1.57552563705e-05 1.41478249235e-05 5.85265750992e-06 9.81769578857e-06 1.05323952535e-05 9.63341564062e-06 5.79554596424e-06 1.26480610948e-05 1.80462769532e-05 8.412729335e-06 7.25177967682e-06 5.45537569259e-06 1.19482557802e-05 3.4013991902e-06 4.25776110933e-06 1.25261678178e-05 4.08571833993e-06 3.81685226566e-05 1.08555582802e-05 2.55245622803e-05 7.7072591648e-06 7.48522692993e-06 1.94745984796e-05 1.01543744168e-05 2.43096050337e-05 1.0525165347e-05 1.95962565896e-05 3.5033385301e-05 1.94656368623e-05 2.05761975183e-05 1.9926847673e-05 1.76630441447e-05 2.23168092406e-05 1.47373175837e-05 3.80016527552e-05 1.79101539582e-05 1.11366130874e-05 2.30596001123e-05 1.0344206327e-05 2.08898172147e-05 9.78545056898e-06 9.22851098786e-06 3.13113688718e-05 1.66668336751e-05 2.40507405073e-05 3.70401208218e-06 5.09789270738e-06 1.07823698023e-05 3.76097715374e-06 1.23642225899e-05 7.01506731079e-06 5.66493312036e-06 1.75069360912e-05 1.60637782144e-05 1.54829026806e-05 1.11296953308e-05 8.38422976663e-06 1.08949174671e-05 1.26674167662e-05 1.83846878672e-05 1.41050518415e-05 6.27109921787e-06 7.08693275059e-06 1.22331977763e-05 3.69295435029e-06 1.2879661178e-05 5.38795129209e-06 4.8892087002e-06 3.56649293442e-05 1.86956617513e-05 1.53763571862e-05 2.50069272664e-05 8.10020756672e-06 2.03913576178e-05 1.55728290771e-05 1.77115074179e-05 2.20381608147e-05 2.07837821411e-05 4.05066781066e-05 2.89550253078e-05 2.12580117563e-05 2.39659717014e-05 2.49926913193e-05 4.50793954823e-05 1.82158355261e-05 2.44395208174e-05 1.73344555997e-05 1.71125961351e-05 2.036794836e-05 1.08381651042e-05 2.79377393508e-05 1.7750381693e-05 2.44258685898e-05 1.82654487269e-05 2.40438332508e-05 7.97594088115e-06 1.56408421418e-05 8.41158988619e-06 1.18793100078e-05 2.38133387794e-05 9.49729241832e-06 2.9401269018e-05 2.78047380819e-05 2.19688483089e-05 1.68639362734e-05 1.97332411601e-05 3.20966472355e-05 2.62389508249e-05 1.02110175948e-05 2.30575152398e-05 1.1904493763e-05 8.33760866607e-06 1.68555031987e-05 8.14437440427e-06 2.69695083772e-05 2.34740066661e-05 6.44579173315e-05 1.4509170137e-05 2.35899659905e-05 1.22240502157e-05 1.42623779776e-05 3.12502444085e-05 1.87782128158e-05 2.39322728194e-05 2.9928482968e-05 3.78934362316e-05 3.20690397109e-05 2.68506657518e-05 4.52371060615e-05 2.81266913781e-05 2.75899697423e-05 1.8930244005e-05 3.16741793846e-05 1.44259176264e-05 1.55828724691e-05 2.49695459237e-05 1.57181808159e-05 7.57385694425e-05 2.16493029098e-05 2.45696056498e-05 1.39736341801e-05 1.25275089231e-05 2.26003319059e-05 1.13642564441e-05 2.82831265281e-05 1.55130609928e-05 3.09065790011e-05 3.21695943534e-05 3.04147537889e-05 3.72353451535e-05 2.75078083051e-05 1.65795173671e-05 2.81878635258e-05 1.12586723923e-05 2.26179180991e-05 1.2856639123e-05 1.34140962531e-05 2.68307804306e-05 2.46739676485e-05 7.26019236545e-05 2.64433780387e-05 2.17784401884e-05 3.02738797856e-05 1.6807090115e-05 4.20773595641e-05 3.45826666666e-05 2.89972831036e-05 4.35616934589e-05 5.4082965857e-05 6.81972588223e-05 4.01930169104e-05 3.33404039271e-05 3.56770040096e-05 4.23392256263e-05 1.8570751945e-05 3.1740017524e-05 2.35733810653e-05 2.58188112729e-05 7.88396875396e-05 4.12378865724e-05 2.17772022433e-05 3.37361937638e-05 1.3574944819e-05 2.99141852726e-05 2.42392015488e-05 3.55092473451e-05 2.41444947066e-05 4.49918162508e-05 6.71018416509e-05 4.49918162508e-05 2.41444947066e-05 3.55092473451e-05 2.42392015488e-05 2.99141852726e-05 1.3574944819e-05 3.37361937638e-05 2.17772022433e-05 4.12378865724e-05 5.75323599416e-05 6.51406919156e-05 2.65175365828e-05 4.4220367493e-05 3.46416034431e-05 5.6413739746e-05 5.66127431063e-05 4.89738175521e-05 9.17949990265e-05 7.59585900948e-05 5.58185911144e-05 5.58970119746e-05 5.6870697963e-05 3.59165179751e-05 4.57184580758e-05 3.04550653809e-05 6.19387246793e-05 6.17705303358e-05 7.44323110128e-05 1.96323385521e-05 3.93942996867e-05 2.26493063528e-05 3.25964219371e-05 3.25205920897e-05 4.79667719544e-05 5.16872093873e-05 5.32465550897e-05 4.30496768614e-05 4.90819445173e-05 3.31482639521e-05 3.14921277198e-05 2.12308720779e-05 3.75446184264e-05 1.91035335881e-05 6.77828656311e-05 8.18985820455e-05 9.16986464933e-05 5.18927669646e-05 5.94531159371e-05 5.25495593737e-05 9.35367098935e-05 0.00011548453462 6.86779892147e-05 7.23023943721e-05 0.000102300690117 9.67977933314e-05 5.3618630605e-05 6.10578873048e-05 5.36766569999e-05 8.43641409534e-05 7.59125571688e-05 0.000184457376206 7.44366271893e-05 8.35207524572e-05 6.05512816487e-05 9.35825057834e-05 0.000125448084701 0.000122019151093 4.056331987e-05 0.000123430337532 0.000106790716605 9.45195108885e-05 6.15301733542e-05 8.09044451974e-05 7.37455472776e-05 0.000166071923096 0.000137054524051 0.000102302927421 7.88977952249e-05 0.000102638150972 0.000119669173505 0.000115963823425 6.29727776553e-05 6.4836032841e-05 0.000115901542718 8.94494541905e-05 0.000101428947232 7.47065293676e-05 9.10637893866e-05 0.000119894080686 0.000232033801472 0.00010317956374 0.00014822022347 0.000153414795725 0.000113269172481 7.46250439509e-05 0.000120298304819 7.87531633105e-05 0.000105635687366 0.000112734932928 0.000133257965682 8.80494070657e-05 0.000180227345255 0.000300968988513 0.000279563041609 0.000269312383803 0.000191113110838 9.49124057404e-05 0.000180990325087 0.000178018041074 9.24207434843e-05 0.000170318729689 0.000212805488734 0.000244178576534 0.000243434387399 0.000909227395542 0.000517171866398 0.000369833947412 0.000114457479118 0.000212725158185 0.000240277833418 0.000203205810533 0.000106235173219 0.000329578793297 0.000407072791656 0.000720505462976 0.00333601379672 0.00115555558883 0.000351147396662 0.000447718616236 0.0004048228566 0.000377700036873 0.000355360458022 0.000319884060035 0.000918818186149 0.00202248816728 









