

















































3.41593548866e-07 2.7229752179e-07 9.1506180821e-08 2.95191564276e-07 8.24464764019e-08 2.43542887172e-07 1.46853450462e-07 1.28359108278e-07 8.2901658487e-08 1.26695178436e-07 4.89043552768e-07 1.53124181782e-07 1.45639549946e-08 2.51496609398e-07 2.29612334445e-07 1.02194623413e-07 1.71603346086e-07 1.7611719266e-07 1.0694566004e-07 4.32698692004e-07 1.46564043529e-07 7.13114111195e-08 1.82944323131e-07 1.83456110553e-07 7.16539933612e-08 1.47802357231e-07 4.41076721166e-07 1.10166457942e-07 1.79732123778e-07 1.77676115923e-07 1.06779899571e-07 2.40892207009e-07 2.65139357246e-07 1.58240975874e-08 1.64786995655e-07 5.42785287482e-07 1.43241864949e-07 9.65455932356e-08 1.53386657012e-07 1.79482413124e-07 3.02496754486e-07 1.17499004636e-07 3.08594403344e-07 1.17712820619e-07 3.23843490293e-07 2.51830470285e-07 3.71740037714e-07 7.44927946687e-07 1.79707908884e-07 2.77664938142e-07 1.277588457e-07 1.6306867109e-07 5.90181659823e-08 2.51396530054e-07 9.30749401332e-08 1.36826427575e-08 3.20278133849e-07 7.01434160783e-08 5.45923674317e-08 3.1756882791e-07 6.94405215201e-08 4.11790188524e-08 2.9410017644e-07 1.55550325619e-07 7.19873478319e-08 2.8708848419e-07 1.09502316782e-07 2.2568839045e-07 3.64671438785e-07 1.11895617511e-07 1.1009682551e-07 3.75189910012e-07 2.29354657962e-07 1.17491317595e-07 3.09849427775e-07 8.14976544432e-08 1.75678837345e-07 3.29261094906e-07 5.13794879688e-08 8.28989073132e-08 3.68196025827e-07 6.10993469688e-08 9.15636441949e-08 4.16895724311e-07 2.87817857366e-08 1.21408557412e-07 3.59635786939e-07 9.06773696962e-08 2.4197417242e-07 1.94064151057e-07 3.12986071996e-07 1.95308355286e-07 5.23040809869e-07 4.46837818713e-07 9.40796083344e-08 2.2551114167e-07 2.86388018998e-07 1.19231647541e-07 1.04567286386e-07 2.29717202571e-07 2.06761789174e-09 2.38435888255e-07 1.68647769735e-08 5.38849510612e-08 2.30396689285e-07 1.27149668241e-08 6.75865850349e-10 1.5030293966e-07 6.7029618399e-08 9.4134675508e-08 8.53488929618e-08 6.51731954393e-08 7.12874102728e-08 9.90335700335e-08 6.45925275993e-08 4.86380554783e-08 9.64887392799e-08 7.2529332678e-08 9.23520886629e-08 9.79271439494e-08 6.68543591905e-08 1.05428770203e-07 6.32806903485e-08 6.67021894428e-08 1.10330636322e-07 8.18684146821e-08 7.03989120299e-08 9.04968189933e-08 1.05704488729e-07 8.03723122372e-08 1.65091566444e-07 6.21833062504e-09 1.21181859991e-08 2.47091758514e-07 6.28188512192e-08 2.00009962486e-08 2.99936723804e-07 4.14580034564e-09 2.61457257426e-07 1.06474714015e-07 7.10425022364e-08 2.13851608042e-07 2.70358257436e-07 1.31917752912e-07 2.47281702611e-07 1.60337576252e-07 1.57169430331e-07 7.22420289104e-07 2.66099996996e-07 3.52235327644e-07 1.49435666477e-07 8.60912832624e-08 9.87161904857e-08 4.67777230765e-08 2.22360799271e-07 4.45863616913e-08 2.22078258161e-07 3.02400667928e-08 1.66015627648e-07 7.40445569751e-08 1.33296143707e-07 4.33879736617e-08 3.50531029371e-07 3.18690001787e-08 1.22552053778e-07 6.10135057047e-08 1.18330159195e-07 8.08958789833e-08 2.39337842679e-07 8.04512443743e-08 1.27683880019e-07 6.47599179811e-08 1.31418070345e-07 3.68883350221e-08 3.81249563253e-07 4.40916083046e-08 1.57973081651e-07 7.73360331941e-08 1.95204819625e-07 4.13931496952e-08 2.58498075001e-07 5.79116323288e-08 2.65183596773e-07 6.93366516952e-08 1.20824457544e-07 1.00771764396e-07 1.88427157781e-07 3.71959073356e-07 2.50966773809e-07 5.0809679314e-07 9.54215199343e-08 1.83759084614e-07 2.88032507891e-07 1.38451849271e-07 1.49590020923e-07 3.51275858408e-08 3.60205382949e-07 7.12505287685e-07 5.89656669686e-07 1.38990071375e-07 3.29096907286e-07 7.38440273115e-08 6.44783155331e-08 4.89314847649e-07 4.81615359875e-08 1.891056085e-08 3.60232212271e-07 6.77421953558e-08 1.54927386943e-07 1.82796819218e-07 2.15958451187e-07 1.16687081066e-07 1.81370695326e-07 9.84512917483e-08 2.06126354317e-07 1.04311228283e-07 1.34639372307e-07 1.15951072502e-07 1.66579374354e-07 2.51442909794e-07 1.76492171726e-07 1.17505875994e-07 1.35922765686e-07 1.16753157926e-07 2.1587465803e-07 1.10477797241e-07 2.11462932889e-07 1.32253655539e-07 2.41842930003e-07 1.95281964456e-07 1.62742734599e-07 8.06143914789e-08 4.10018692617e-07 1.75804115726e-08 5.45497708951e-08 5.47870938931e-07 8.0448619227e-08 7.44949521123e-08 3.43559967096e-07 1.40294127381e-07 5.57178927677e-07 5.10860953366e-07 3.26338331404e-07 3.29377126247e-08 2.29822026948e-07 1.91201035281e-07 4.44666876634e-07 3.13215409907e-07 1.89986414582e-07 5.10704273365e-07 9.58129504102e-07 2.36233818259e-06 5.56261359714e-07 9.98191282259e-07 1.68892621517e-07 3.01265588937e-07 1.07196368591e-06 1.9315065593e-07 1.47415971859e-07 3.88993138136e-07 2.85046740617e-07 4.18405451791e-07 1.32107004572e-07 5.27892355103e-07 1.19862544884e-07 6.27193593029e-07 8.24125680724e-08 2.58812613321e-07 1.93589874184e-07 3.25790233691e-07 1.15207608056e-07 4.77145167522e-07 2.36828469433e-07 4.06497975753e-07 2.32557981901e-07 4.81520994577e-07 1.22109540067e-07 3.32794305402e-07 1.99451917189e-07 2.83502590146e-07 8.25970481186e-08 6.84260139692e-07 1.3978974666e-07 5.81133443255e-07 1.35766556558e-07 4.5745443919e-07 2.99307754595e-07 4.24503186746e-07 1.61930353419e-07 2.02355152457e-07 1.08111930256e-06 3.13420963191e-07 1.58994443213e-07 9.34560202573e-07 5.179879439e-07 1.60859100873e-06 8.65719549855e-07 5.5030493412e-07 2.46640613507e-07 4.94837429371e-07 5.4393012426e-07 4.03761187106e-08 1.13706299047e-07 3.71631282272e-08 1.03605477703e-07 3.05202049105e-07 8.81555216561e-07 6.8227667134e-07 3.04113653243e-07 1.21113396579e-07 1.8298780831e-07 3.26536645921e-07 1.31896054675e-07 6.90890375534e-08 1.88530518683e-07 1.36207961506e-07 4.00371912961e-08 1.44255862637e-07 1.79266585052e-07 8.12330795233e-08 2.87571261367e-07 6.87575734067e-08 9.85397642126e-08 1.80292731412e-07 7.52070203218e-08 6.86386045894e-08 3.79718839839e-07 8.96000372897e-08 4.81768805957e-08 2.15769167546e-07 4.41744073677e-08 9.43899858702e-08 3.90837887059e-07 6.62642839761e-08 7.00931485327e-08 2.02960891095e-07 1.04275667534e-07 7.35590778106e-08 3.25010525439e-07 9.10744627147e-08 1.64164904482e-07 1.84924882959e-07 4.04208011887e-08 1.21974553426e-07 2.01354446865e-07 6.06886487229e-08 1.45618135863e-07 2.8319898036e-07 1.25704512123e-07 1.59825304243e-07 1.66346430382e-07 5.18652141768e-07 7.44706855076e-07 2.97805110859e-07 1.5630649804e-07 4.74173480368e-08 1.76886593826e-07 4.82859695762e-08 4.88985794454e-08 2.20558276242e-07 1.48206302738e-07 1.0596196407e-07 2.63778190194e-07 6.02893476612e-07 3.24803408294e-07 1.55848360395e-06 1.67619927214e-07 4.22572789915e-07 1.11573011822e-06 2.29303609007e-07 6.48958809764e-08 7.64208017343e-07 8.80905754543e-08 4.34752658078e-07 1.78616236879e-07 4.61800450124e-07 1.31898914095e-07 1.96039508142e-07 1.57529799638e-07 2.32047120152e-07 2.80968140587e-07 1.49750599349e-07 1.35509627104e-07 1.523165342e-07 3.13021961706e-07 2.32417883313e-07 1.62233941301e-07 1.19826268399e-07 2.2870277127e-07 3.41852040194e-07 1.59500622883e-07 1.76675927915e-07 1.77095804375e-07 2.65464770456e-07 2.79049876075e-07 1.59658939623e-07 2.05503716967e-07 1.2670533537e-07 4.83467591225e-07 1.67594962256e-07 4.52779499729e-07 9.17308690871e-08 7.51485196294e-07 4.20459082057e-08 2.10368966444e-07 9.44860080859e-07 2.93083064912e-07 8.7448446006e-08 1.12705291883e-06 1.7353378267e-07 5.82236710078e-07 2.99950851466e-07 1.38600349626e-07 2.02291911073e-07 3.20365782786e-07 5.33422268979e-08 4.12825349012e-08 1.62623078993e-08 3.76086643041e-08 3.42498978344e-08 3.00508261228e-07 2.01469357383e-07 1.40937847408e-07 3.11406094636e-07 7.30061338442e-08 2.64508334633e-07 4.61349079101e-08 2.52504995634e-08 2.21499718775e-07 7.808956053e-08 7.45538382302e-08 7.56679420944e-08 3.56282833864e-08 9.57698114695e-08 1.02700765345e-07 2.50224248715e-08 9.65768896412e-08 3.16479154812e-08 5.21981862418e-08 3.83538747402e-08 4.64183535471e-08 8.49040930295e-08 7.41640664282e-08 3.85320735633e-08 6.12135716842e-08 5.21410422491e-08 5.19686271277e-08 1.00234269695e-07 5.80772844245e-08 2.66770538688e-08 6.11146579022e-08 4.41254084909e-08 8.17397504299e-08 2.38046397963e-08 1.07954893991e-07 9.93723456233e-08 3.84638060933e-08 7.5278419855e-08 8.11652561132e-08 7.18222484912e-08 2.09376142678e-07 2.41670194814e-08 3.83007543213e-08 2.70237940545e-07 3.46256906945e-08 2.44603419486e-07 8.45367176731e-08 2.43567018209e-07 2.9957451719e-07 3.25382666645e-08 6.01120863306e-08 3.28378070042e-08 5.30147155694e-08 9.04759138559e-08 5.10690291277e-08 9.42277817584e-08 1.14786479199e-07 2.92926550923e-07 4.95164330731e-08 5.11728191583e-07 8.52120075649e-08 6.37063915843e-07 6.48108322627e-07 2.40635661847e-07 9.55401463733e-08 3.24955158538e-07 1.43193945939e-07 2.67392397401e-07 9.54159133708e-08 3.38333660312e-07 4.11776126492e-10 3.00264265224e-07 7.96847406178e-08 1.71193267549e-08 1.96238080658e-07 1.3715073667e-07 1.02329749715e-07 3.27592659621e-07 1.02624414832e-07 3.17143854072e-07 7.26465046297e-08 7.33485064521e-08 3.32497924887e-07 1.1202382468e-07 3.24733429414e-07 1.18470283536e-07 1.36301651304e-07 2.20123605278e-07 2.19994312027e-08 6.73040373017e-08 3.4258833911e-07 7.48958154077e-09 2.96160565011e-07 9.86059581427e-08 2.47361958165e-07 1.33588286849e-07 2.48264592831e-07 7.29191469494e-08 2.09229093605e-07 3.71573689449e-07 4.97880544283e-07 4.87584273373e-08 3.91805066762e-07 3.06582051603e-08 3.01823394334e-07 1.32270149803e-07 1.35801402907e-07 9.33443100504e-08 1.4029603776e-07 4.38133585975e-07 1.16494498304e-07 2.2173031315e-07 3.79173679196e-07 9.77191984146e-07 6.70712496181e-07 6.35533123434e-07 4.16454688766e-07 4.67514855155e-07 2.81369090686e-06 6.94337204256e-07 2.61359979915e-07 1.37140547276e-06 3.0748358916e-07 6.95356636339e-07 7.06296017149e-07 4.21995552076e-07 3.61878642322e-07 5.03032932101e-07 2.70751079146e-07 4.86850966143e-07 2.73876130342e-07 4.24227889911e-07 2.16785996762e-07 7.22177062397e-07 3.98762655164e-07 3.90555632961e-07 1.66600679374e-07 6.30628547973e-07 1.79738388664e-07 6.34397413113e-07 1.65350575985e-07 3.79992475399e-07 3.78274720299e-07 6.9328629152e-07 2.22557942174e-07 4.5110086773e-07 2.90717212153e-07 5.01015910277e-07 2.7881771231e-07 4.82734568664e-07 3.25679688854e-07 3.90529586109e-07 6.54348476673e-07 5.78908103204e-07 2.6791356374e-07 1.15124943023e-06 2.77940339667e-07 3.67557430556e-07 1.95462082641e-06 2.7438159684e-07 3.76928968387e-07 5.80109172956e-07 5.8731699745e-07 1.04172373678e-06 4.40084653845e-07 2.92825893982e-07 1.68217476199e-07 6.10738683682e-07 1.09552147964e-07 4.42329453636e-08 8.99579179749e-08 1.4174521797e-07 2.57551353402e-07 5.0578277708e-08 4.0932019707e-07 4.15204959484e-08 3.74638017916e-07 4.78226706702e-07 6.18895642588e-07 1.19975253622e-07 3.96371680131e-07 1.50184239286e-07 2.06647835715e-07 1.30800788481e-07 2.6647678886e-07 1.36680386922e-08 5.73157641716e-07 3.01643129609e-09 1.43811150833e-07 2.88294355753e-07 2.70480086781e-08 9.34026637172e-08 2.81802914886e-07 8.66659670171e-08 1.22474582568e-07 1.93702243756e-07 3.15292328263e-08 9.18741374913e-08 1.04523472038e-07 1.50240028939e-08 1.91115060779e-07 1.14518756428e-07 5.16929051672e-08 2.83404648621e-07 5.66119621597e-08 2.40159656085e-08 2.85213904213e-07 1.57127207873e-07 4.47741254478e-09 5.72072591803e-07 8.39396825836e-09 2.22314271433e-07 1.37172888461e-07 1.92642273607e-07 1.21912241185e-07 2.95363850484e-07 6.43242207781e-08 4.98765399453e-07 2.69562513394e-07 3.31320514052e-07 3.4148576205e-08 2.91171612206e-07 5.75490770648e-08 2.82684464782e-07 1.59319938826e-07 1.2310010615e-07 7.03449639282e-08 1.50204544022e-07 6.90024353897e-08 3.36614294609e-08 3.54137862006e-08 1.48147608296e-08 9.96034899387e-08 1.63346524963e-08 1.34176271654e-07 4.70429527212e-08 3.71126817302e-08 4.99217510945e-07 9.32019036804e-08 3.08476362277e-07 1.51638299363e-07 2.55823128585e-08 1.27706446335e-07 1.15975004737e-07 1.45609696527e-07 5.79522808772e-08 1.50530938681e-07 3.37443040873e-08 3.07061564831e-08 1.21790959423e-07 5.14302363503e-08 4.20346982134e-08 8.21756814025e-08 4.96677444366e-08 1.15500659474e-07 3.85639259751e-08 5.70353228794e-08 5.49942654261e-08 1.03107129088e-07 5.26580781835e-08 4.23320980345e-08 3.93462427196e-08 1.08329607364e-07 4.6540889387e-08 7.7828354322e-08 3.61053390419e-08 4.29271903278e-08 1.19996159524e-07 3.80657232904e-08 3.79555142742e-08 1.37968707072e-07 6.75876057124e-08 1.59195406912e-07 6.58416271511e-08 8.67620262446e-08 3.22467126969e-09 7.36640194019e-08 2.50362398949e-07 4.9024346603e-08 3.76007599171e-07 2.88494218618e-08 3.52537922651e-08 1.26758368187e-07 1.42663417606e-08 1.18181767715e-07 1.58321479568e-08 4.77111993744e-08 5.37955861697e-08 9.77022252615e-08 2.87468308177e-07 9.46492877549e-08 3.79240341479e-07 3.03429476835e-07 7.38969719608e-07 3.17026986683e-07 7.19540419372e-07 1.46977608121e-07 5.29270341419e-07 8.10307306679e-07 6.88125647398e-07 1.96843235803e-07 2.61643148152e-06 6.7292661034e-07 8.69906079094e-07 9.40840512368e-07 6.44371132933e-07 3.55460234636e-07 1.3526261799e-06 1.61996322264e-07 7.43074317685e-07 3.38964088574e-07 4.76429629537e-07 3.43855979286e-07 2.66878907485e-07 6.40768094831e-07 3.51698532163e-07 4.29502486526e-07 4.27795058925e-07 2.02490826388e-07 3.63536713243e-07 3.36322962242e-07 2.29154064403e-07 4.32998200993e-07 4.03954560552e-07 3.6267911553e-07 6.35290696261e-07 2.4335292649e-07 3.35758036534e-07 4.49775779249e-07 3.39088426017e-07 6.3854897542e-07 1.56307962907e-07 1.15730245755e-06 3.45897607793e-07 5.60478277786e-07 8.76461074795e-07 6.82291345619e-07 3.50737789941e-07 1.88258110117e-06 1.14340642667e-07 5.4006705042e-07 6.94239150436e-07 4.21852150179e-07 1.18186868634e-07 6.91593854519e-07 3.64450999093e-07 8.90441802183e-07 4.01713902406e-07 5.29137056421e-07 1.46698300966e-07 3.7829232314e-07 8.28131751694e-08 3.05092977925e-08 9.87226373736e-08 4.47016345851e-08 1.49196858354e-07 9.42700178482e-08 1.70595163743e-07 1.22027982405e-07 9.55191291163e-08 5.44981301289e-07 4.20152772418e-08 8.40256292808e-08 4.55807615229e-07 5.66463767351e-07 4.03887383765e-07 2.32141225787e-07 3.59337313511e-07 1.19324677667e-07 2.6136919531e-07 7.11610733551e-08 3.58758097929e-08 4.3712279458e-07 3.48390055067e-08 1.00072387368e-07 4.84137157213e-07 1.48483130344e-08 2.20526467722e-07 2.27049013104e-07 1.92677208913e-07 4.24658220272e-08 4.17346231111e-07 4.03049697634e-07 3.1459442113e-08 1.82755641708e-07 2.40777475817e-07 2.25132511225e-07 1.41031380977e-08 5.14232234741e-07 6.91962988662e-08 4.10028790395e-08 4.05163184384e-07 3.7799973111e-08 4.93182123126e-08 2.64824078057e-07 8.60744395714e-08 2.22608128754e-07 1.27747475145e-07 2.39085204289e-07 4.88629556575e-07 2.57961169458e-07 4.1165471537e-08 7.78711753857e-09 4.35186051142e-07 6.74204564257e-08 1.23056828318e-07 1.72320857957e-07 9.79510516736e-08 2.08260976891e-07 5.9968358539e-08 1.47306214959e-07 5.05837365818e-08 1.03830389041e-07 2.37161991179e-08 8.74380342429e-08 1.42697800275e-07 1.5816553186e-07 5.30026046793e-07 1.67185227147e-07 3.98764811204e-07 1.02748321444e-07 1.87068374509e-07 6.40347283093e-07 3.82540470803e-07 7.21486136204e-08 1.46211894122e-06 3.14787505938e-07 1.49858734731e-06 3.58142581501e-07 7.75016967421e-07 2.80999273986e-07 8.05312612857e-07 1.65467754493e-07 5.18094366928e-07 2.57685064799e-07 4.9812721695e-07 1.20125529868e-07 5.72488320924e-07 3.31851193732e-07 1.29949140171e-07 3.0077006375e-07 2.55448691552e-07 2.6852943839e-07 5.92555957019e-07 7.7279724486e-08 7.54314702795e-08 5.9769596572e-07 2.72569674728e-07 2.28061402406e-07 3.32168415924e-07 1.44207451821e-07 2.89371840543e-07 5.43521458128e-07 1.19859098215e-07 4.91251757298e-07 2.1942220302e-07 4.62830087418e-07 1.4453207012e-07 6.61829177579e-07 2.09925869707e-07 7.04042120841e-07 1.74766581466e-07 1.17788563581e-06 1.89326315218e-07 1.01139380243e-06 4.57063251499e-08 3.35286341532e-07 5.67960553184e-07 1.63833488462e-07 1.02110938153e-07 4.45172844654e-07 1.59341981477e-07 6.3974432616e-07 2.43186674316e-07 2.07135350732e-07 1.27458321267e-07 2.97495374049e-08 5.35714810461e-08 9.50955580366e-08 2.55825804836e-07 1.92335457509e-07 3.32835454407e-07 2.88699047933e-07 2.41075779166e-07 1.781311218e-07 2.24210048136e-07 8.20272752642e-07 1.89965787047e-07 1.59840668317e-07 5.77158946454e-07 4.06198073037e-07 4.01574545379e-07 1.58676859453e-06 7.38839702577e-07 2.33721856269e-07 1.16915879355e-06 2.23339667367e-07 5.1058034381e-07 6.62620315409e-07 2.14365732207e-07 3.39565582438e-07 3.62327220822e-07 4.73688742681e-07 3.22522038377e-07 1.59398058419e-07 4.22050102002e-07 2.14644487093e-07 6.09714742787e-07 2.23023255872e-07 9.88261879495e-08 2.16526179627e-07 5.40138658117e-07 2.40083659421e-07 4.0793257665e-07 1.53086062755e-07 2.81847800863e-07 4.67675227257e-07 3.59966147295e-07 2.91059305027e-07 1.77528385451e-07 6.41828810563e-07 3.5165650787e-07 1.77382128768e-07 9.64020562538e-07 1.22025454795e-07 3.78150623554e-07 1.2077933674e-06 1.83022792213e-07 2.85512841258e-07 5.64075270417e-07 8.87057560961e-08 2.00064796494e-07 7.61396773288e-07 2.43407572793e-07 1.66087946089e-07 2.08968128031e-07 3.2544830657e-07 4.40830709799e-07 2.47653310471e-07 3.37871742743e-07 1.25450653353e-07 6.22958354809e-08 1.34115409012e-07 1.73501090066e-07 2.20156200606e-07 5.48710192942e-07 2.15689980807e-07 3.17616260772e-07 1.30352250763e-07 1.73048283389e-07 8.2730640226e-07 2.15604899892e-07 1.24869057125e-07 1.3335269754e-06 1.09969595344e-07 1.27671749914e-06 5.41734965498e-07 1.9581444611e-06 5.39850892299e-07 1.424296297e-06 2.68414791904e-07 5.7116028826e-07 5.55343491536e-07 5.41519658915e-07 2.37853717232e-07 1.15801641782e-06 2.51845274938e-07 5.13908398006e-07 5.17176998562e-07 1.48075360957e-07 3.14997021218e-07 6.60800866008e-07 2.591746928e-07 3.77632981616e-07 3.35561163205e-07 2.50961601857e-07 6.58585270443e-07 3.01929125823e-07 1.51274966258e-07 4.65507193573e-07 4.92506235518e-07 2.54474412472e-07 9.64335317168e-07 2.12914239051e-07 4.04132587475e-07 5.03573114762e-07 5.18924039898e-07 1.63670845313e-07 1.11133554892e-06 2.90683168952e-07 1.51854468313e-06 2.87881861265e-07 1.13744199967e-06 5.12196831573e-08 1.01455781235e-06 1.06369580029e-07 1.77886287536e-07 7.92783520834e-07 1.6448865772e-07 1.39673435152e-07 3.87030552406e-07 2.2431978053e-07 7.33102542467e-07 3.00993563482e-07 2.5422344896e-07 1.83934886438e-07 5.90234502564e-08 8.46105030082e-08 1.14686227631e-07 1.31962853833e-07 4.0273928807e-08 1.66175107407e-07 1.79790661403e-08 7.22131430666e-08 2.49084850349e-07 1.42047029854e-08 7.39017985769e-08 3.30422272801e-07 1.48421997074e-07 9.21232351743e-08 3.14180588906e-07 3.10995995649e-07 6.22083160098e-07 5.16872210947e-07 1.30742830522e-07 3.56829498593e-07 2.56165615191e-07 1.45328487994e-07 1.57098423227e-07 5.9113170867e-08 3.53053356965e-07 9.01710999171e-08 1.86444257145e-07 3.06224970084e-07 2.09156974115e-08 4.17797672288e-07 2.38084465296e-08 2.17379138691e-07 2.13561312271e-07 2.18583868982e-07 1.40522134185e-08 4.52675782197e-07 1.02848593551e-08 2.91211151545e-07 1.91536592162e-07 9.2890005496e-08 3.04430400162e-07 6.82517140248e-08 1.1561205317e-07 1.29367699355e-07 1.63417259779e-07 2.15788821753e-07 9.15443207992e-08 3.09348550958e-07 5.27663580457e-07 2.07527082165e-07 1.69138402847e-07 6.24072104618e-08 9.08427475591e-08 3.22005973476e-07 8.81923339411e-08 5.3999363053e-09 2.68762163827e-07 5.51144274592e-08 1.21633307648e-08 1.73490347333e-07 4.94871548245e-08 1.61108555165e-07 1.53242529056e-07 1.21417138849e-07 7.63339765008e-08 2.75670795205e-07 3.39992752666e-07 2.15505042889e-07 6.00990611935e-07 3.33204072788e-07 4.84565035569e-07 1.05435268417e-07 3.30518458673e-07 9.7193525453e-07 3.49706553579e-07 1.6918201517e-07 1.22550900835e-06 4.69545453049e-07 1.39383592912e-06 5.74631127868e-07 2.0856176205e-06 5.05281631737e-07 3.88335990333e-06 7.03263191478e-07 1.18298624189e-06 1.44396844885e-06 6.3276045063e-07 7.1332808013e-07 1.6675458319e-06 6.36069873056e-07 1.32071862091e-06 4.34932834679e-07 1.1195132244e-06 4.26921409024e-07 5.50121063973e-07 5.00856930363e-07 4.86447100474e-07 8.55743555092e-07 8.85955043761e-07 4.71175778802e-07 5.07670686395e-07 5.34220665739e-07 3.93182490519e-07 1.03431446639e-06 3.88123639346e-07 1.08272158815e-06 5.19536998013e-07 1.40007603038e-06 6.21660424793e-07 5.43849431074e-07 1.21074886149e-06 9.83179288874e-07 3.49133050059e-07 2.81342147191e-06 2.72731933897e-07 1.64575180829e-06 5.65216684111e-07 1.18677924211e-06 4.49002804047e-07 1.11898416436e-06 1.50362072313e-07 3.82520868817e-07 9.87287947954e-07 3.52021703354e-07 1.46627090524e-07 5.64917937366e-07 3.92754455814e-07 8.17809909423e-07 2.98697560726e-07 4.62456138105e-07 3.32091988936e-07 2.25511649191e-08 5.17928978275e-08 1.70690576306e-08 1.21782959593e-07 7.19091568971e-08 1.0414491178e-07 1.4111513334e-08 9.68091995016e-08 1.14411215133e-07 9.66253462204e-08 4.37437317737e-08 2.41065562673e-07 6.40403168525e-08 2.13494567403e-07 2.9451947386e-07 1.62039470045e-07 2.21810959383e-07 5.47375923317e-07 6.46571639688e-07 3.98441189018e-07 3.56487360454e-07 2.73761545526e-07 1.65870367636e-07 3.52323336771e-07 2.38381911268e-07 1.40486469785e-07 4.25479725449e-07 9.54505972214e-08 1.01804161449e-07 4.34646305263e-07 9.0988090204e-08 1.53488877723e-07 2.37064764409e-07 5.7464614967e-08 2.51256994223e-07 1.67236774874e-07 9.05100544475e-08 4.26824246846e-07 7.00405976861e-08 8.81602427427e-08 4.33568072107e-07 1.24430309941e-07 2.15733877938e-07 3.19680457512e-07 1.21943037988e-07 1.56342469967e-07 2.11594769779e-07 2.27218978182e-07 5.465075973e-07 2.69303863632e-07 1.64245148847e-07 8.48049487972e-08 2.47060932685e-07 1.99701843557e-07 3.19382592978e-08 2.76010178857e-07 3.80961500062e-08 8.01703011116e-08 1.46332740416e-07 9.86721161339e-08 1.38975997341e-08 1.00088602785e-07 9.59915695378e-08 1.80457044894e-07 1.72961412241e-08 6.86523111447e-08 2.58962069398e-08 1.31225717958e-07 1.52508556083e-07 3.40428539625e-07 1.79511845245e-07 2.66149284754e-07 6.06827437305e-08 1.40921255664e-07 6.23328369121e-07 1.18036039399e-07 1.4318498143e-07 5.5802020945e-07 2.76390023912e-07 3.85383385428e-07 6.03876960663e-07 1.0436526212e-06 9.37569842943e-08 2.06720234966e-06 1.97343115719e-07 1.94215427399e-06 9.01556398632e-07 7.4468974208e-07 5.7783905236e-07 8.94327892495e-07 6.83726182199e-07 7.66749919012e-07 1.92848588381e-07 8.11751981652e-07 2.19814279454e-07 8.17750416846e-07 2.48103483131e-07 6.1586993622e-08 6.61362735977e-07 4.77516917362e-07 4.30410126098e-07 6.00164707571e-07 6.06592417632e-08 1.76776017774e-07 7.73882403494e-07 2.19710654323e-07 6.92555590073e-07 1.69282235574e-07 6.78403417257e-07 6.35032851101e-07 7.40533755323e-07 3.76606198253e-07 6.43363268918e-07 4.93598729331e-07 1.56758265881e-06 1.06868341168e-07 1.50690640586e-06 3.7739642658e-08 9.65433583245e-07 4.83846094256e-07 3.60985241934e-07 2.60864488629e-07 5.28899431588e-07 1.45221380269e-07 1.20691071739e-07 6.84853776218e-07 1.39600402391e-07 5.02184003457e-08 3.60681535835e-07 2.21946648197e-07 4.49219258945e-07 2.16080217278e-07 1.883504922e-07 1.41424289922e-07 2.07074523645e-07 5.37468627524e-07 2.67152640362e-07 2.95210321455e-07 1.957490541e-07 3.28393833304e-07 4.95179565709e-07 2.61321229703e-07 1.67219283718e-07 5.74454984721e-07 2.70491884752e-07 4.40421064983e-07 5.92043789905e-07 6.25141936589e-07 4.38597139453e-07 8.16706698957e-07 5.57749288235e-07 6.53717049738e-07 2.49956536473e-06 8.93495537065e-07 6.42284234584e-07 1.65040022792e-06 6.55574045799e-07 7.8518908974e-07 9.73563685784e-07 4.17495374047e-07 5.16527914683e-07 5.88952491554e-07 4.87198196818e-07 7.03342205825e-07 2.74163651601e-07 1.0530257707e-06 4.61343112815e-07 1.01450388126e-06 2.7509473772e-07 6.80131948023e-07 4.62293712762e-07 5.67653281444e-07 4.48668963614e-07 3.40795116093e-07 9.64688125959e-07 5.80689277334e-07 5.52546258202e-07 1.27326958201e-06 5.02898956145e-07 4.73027309558e-07 1.95444636727e-06 3.78116345978e-07 3.88629665988e-07 7.20721498485e-07 3.01818120666e-07 5.62272972084e-07 6.42607970761e-07 3.6737623697e-07 2.79835954068e-07 5.57183006968e-07 1.52404768842e-07 2.59198980107e-07 5.71817847786e-07 3.64140623191e-07 2.44666726124e-07 3.32019918858e-07 3.52750560968e-07 6.91217780993e-07 2.73962906257e-07 1.85246966931e-07 6.86785566344e-08 1.67628388491e-07 2.28725820274e-07 1.25175995435e-07 2.62945006274e-07 5.3175819384e-08 1.07860677595e-07 5.17538255971e-07 1.23020234825e-07 1.1393815944e-07 2.90062900942e-07 2.68801340386e-07 2.29126816694e-07 2.8422778154e-07 4.22740840904e-07 1.97309029116e-07 1.25050267361e-06 3.69090712898e-08 1.16952503984e-06 6.95773295085e-07 1.35501597451e-06 5.45808415894e-07 9.9450648865e-07 6.78459534927e-07 3.89261034013e-07 4.0362259255e-07 6.9292654802e-07 2.29380651073e-07 1.25646463353e-06 1.06308232335e-07 3.68434829674e-07 4.13376838647e-07 2.76003734137e-07 5.02645017091e-07 5.44690017616e-07 2.98204592088e-07 4.11284253839e-07 3.21382070216e-07 1.30212478053e-07 1.14245795082e-06 2.05120494283e-07 5.84284860703e-07 3.58707295208e-07 3.90303490025e-07 5.12026495406e-07 7.70524454651e-07 2.95307923456e-07 1.17500717857e-06 3.80064634153e-07 9.97634790708e-07 4.21932473478e-09 1.05614888523e-06 2.09007549167e-07 3.04753346986e-07 2.41689038521e-07 1.88585214592e-07 2.66899105431e-07 2.92216933894e-07 1.22700498345e-07 1.17443146266e-07 5.63612082178e-07 1.50680547148e-07 6.42334773875e-08 3.28243123044e-07 1.56412862699e-07 3.25019338033e-07 2.2744843638e-07 8.87538578092e-08 8.23298450278e-09 1.62787219887e-07 3.69123832519e-07 1.26799089874e-07 2.04209982667e-07 6.31251418037e-08 1.95017199218e-07 2.74222011752e-07 1.53738183969e-07 2.42589432035e-08 4.34584086836e-07 1.1516503971e-07 3.55941286442e-07 3.02312628108e-07 4.68036825455e-07 1.17648984658e-07 7.88921076346e-07 3.01647876548e-07 3.14849493399e-07 1.06697240282e-06 4.07155386934e-07 1.24862749793e-06 1.114532032e-06 6.912483625e-07 8.9385681033e-07 4.30179794504e-07 7.42802478897e-07 4.09521259163e-07 4.58193819938e-07 5.51034508449e-07 2.3362534874e-07 4.29540590621e-07 6.40392278896e-07 2.14041628439e-07 7.96534408806e-07 2.27606035859e-07 5.73908876978e-07 4.33028253371e-07 2.00009800932e-07 4.71425190748e-07 4.61785513154e-07 3.55769235493e-07 6.7070135598e-07 2.96810193537e-07 6.93483523893e-07 6.5467669104e-07 6.5314832961e-07 1.11661370207e-06 2.15830644582e-07 6.90245063106e-07 1.91483461664e-07 2.04903585552e-07 6.85743180513e-07 5.8657366243e-08 4.80121913202e-07 3.14625232526e-07 3.49154658911e-07 8.51697889073e-08 4.65749779698e-07 1.35653091551e-08 1.61026401805e-07 3.28784293007e-07 2.30630836348e-07 6.29939760356e-08 2.53850945426e-07 2.00321299925e-07 5.01720716009e-07 2.12281793121e-07 1.03215326111e-08 8.9492305634e-09 4.61336257715e-07 7.03785321214e-07 1.25572129083e-07 5.18365529563e-07 1.09396640051e-07 3.03966986872e-07 7.03545101272e-07 1.89562554448e-07 1.29300715697e-07 8.09449757924e-07 3.65770904377e-07 5.69593503215e-07 5.96227364671e-07 8.83207331243e-07 2.93918746676e-07 1.75066769224e-06 5.0706087324e-07 1.67371540439e-06 8.01070594021e-07 1.57947787651e-06 8.5930891076e-07 4.17177558985e-06 1.88434336776e-06 1.4436354122e-06 1.48804633435e-06 1.02102221319e-06 7.78360557732e-07 2.38924224878e-06 4.08141025382e-07 1.48967474878e-06 6.74371734358e-07 1.56732534337e-06 1.05469508194e-06 5.49741693746e-07 5.77179438235e-07 9.84524129016e-07 1.53056995133e-06 6.49433715974e-07 1.32249930911e-06 3.97280143762e-07 2.0794488411e-06 6.76658203629e-07 9.01774271674e-07 1.39494983601e-06 1.28937880282e-06 1.03012566726e-06 3.24306521639e-06 5.1034422918e-07 1.20836119297e-06 6.99134693745e-07 1.34745580975e-06 5.13905482588e-07 1.49934233626e-06 3.2204362519e-07 8.26770953612e-07 5.21909157507e-07 5.78583231742e-07 3.89666639133e-07 8.20284472965e-07 1.40618351754e-07 1.92477563026e-07 8.38875048735e-07 3.53427780852e-07 1.20414309153e-07 6.71711215948e-07 1.96900555281e-07 9.24746662796e-07 5.66264012932e-07 1.05876457746e-08 2.40237021792e-07 3.82765130921e-07 1.39814805132e-07 2.21126215868e-07 1.08312301862e-07 1.76753142488e-07 4.76330093324e-07 2.08746495807e-07 3.36102109604e-08 5.09226266298e-07 2.00470019704e-07 5.3253912925e-07 3.61578497416e-07 6.88104442543e-07 1.88795157175e-07 1.04325896945e-06 1.52592242088e-07 6.35843798752e-07 1.13197034113e-06 3.41324311543e-07 1.21327636944e-06 1.39005045174e-06 2.2126823172e-06 1.08629164811e-06 9.93945358028e-07 1.2054929879e-06 4.76349596961e-07 1.21214870614e-06 5.21070076249e-07 2.47485905046e-07 1.14473620495e-06 5.33857120516e-07 6.90697032168e-07 1.03741848445e-06 1.81459133708e-07 9.12711196145e-07 7.25911780611e-07 4.83996844045e-07 1.03188602212e-06 2.47057210814e-07 4.39552543326e-07 1.10077637536e-06 4.2279336255e-07 8.33577317419e-07 6.85624160902e-07 6.39159211067e-07 1.9011004079e-06 8.10288780343e-07 1.05955290174e-06 2.80778805511e-07 8.78760502106e-07 5.43615226391e-07 1.2292230158e-07 9.54376313616e-07 9.96207488234e-08 6.60969262682e-07 4.04268752156e-07 5.52477976036e-07 1.8609342455e-07 5.17843749336e-07 3.59248270782e-08 2.55053684736e-07 5.51521270596e-07 1.87775899302e-07 1.51443730774e-07 2.9557999408e-07 1.78791500437e-07 5.2608233896e-07 2.93639946758e-07 6.40359255245e-08 4.82969602425e-07 1.7617025981e-07 3.16398215153e-07 5.08411688561e-08 2.02674730084e-07 4.52604658888e-07 1.7452767194e-07 3.33423049386e-08 5.66713453312e-07 2.50303973718e-07 2.34481332734e-07 5.23419378825e-07 3.3956443568e-07 2.37159148327e-07 8.66467232899e-07 2.97003940129e-07 5.31285333623e-07 7.90496900136e-07 8.63163425571e-07 4.43291285967e-07 2.63960201048e-06 8.08654333004e-07 2.47278634162e-06 7.06042573656e-07 1.34633207434e-06 5.89546937201e-07 1.22852973964e-06 4.38786860733e-07 8.19418999124e-07 3.98686652854e-07 1.23047317623e-06 3.35606486519e-07 1.0773758376e-06 1.31811032232e-07 1.15033936998e-07 1.11981989189e-06 2.93156037238e-07 1.1178673753e-06 3.6610269711e-07 6.90698645564e-07 4.70370759857e-07 1.01667438308e-06 4.15442876384e-07 1.22369351855e-06 3.05383344318e-07 2.04492852832e-06 4.98814087594e-07 1.99603287448e-06 3.96406298027e-07 7.61625402155e-07 6.08537507687e-07 4.82548975853e-07 1.94088889024e-07 8.09517304915e-07 2.51272130508e-07 3.39202519196e-07 5.19875921272e-07 1.99445664625e-07 2.68473997382e-07 6.54596182676e-07 2.21643148975e-08 2.15195555153e-07 5.47465200377e-07 2.27762150595e-07 9.0820758808e-08 3.85905474553e-07 2.59760286295e-07 6.89880453915e-07 7.84275856062e-08 1.0420172644e-07 4.43479440343e-07 6.69192724808e-08 5.67849138142e-07 1.12247119601e-08 1.79766557422e-07 4.28880705925e-07 5.14222547935e-08 1.47114247117e-07 3.89152342382e-07 1.59155990351e-07 6.63202822457e-07 1.79309792903e-07 5.99201666982e-07 1.81614600376e-07 7.89186902698e-07 2.06903095526e-07 5.11876813009e-07 1.10195386036e-06 3.78729493126e-07 7.60906516893e-07 8.94400256716e-07 1.82514624523e-06 5.07663502364e-07 2.36183364404e-06 1.21617509783e-06 3.91105921903e-07 2.25783197646e-06 2.27711438935e-07 1.00647492542e-06 1.18579022217e-06 4.72648750921e-07 1.46811783431e-06 4.24061270189e-07 3.70471496931e-07 1.44525875561e-06 3.50729200256e-07 4.1457615945e-07 1.5330483011e-06 3.97568913358e-07 1.14346414825e-06 8.52763518906e-07 2.05472740321e-07 2.05482985698e-06 2.46050243155e-07 6.7659597895e-07 1.97536935753e-06 2.35188334336e-07 1.33171538654e-06 8.91602302554e-07 5.52020655047e-07 3.4262021214e-07 1.12484974763e-06 4.15082336092e-07 2.39613759122e-07 7.05751069817e-07 2.15233574977e-07 5.89481539622e-07 1.12824066979e-07 7.17641824253e-07 1.46545888818e-07 3.68792484129e-07 2.2469567499e-07 6.43133517637e-08 5.09606736612e-07 2.49226892393e-07 1.72800533775e-08 7.13710545062e-07 7.52757908339e-08 5.34309481329e-07 1.22012708337e-07 5.80577434412e-07 1.6529306292e-07 3.39095701892e-07 7.31976684339e-08 1.42123537594e-07 4.58248596426e-07 2.39045968951e-07 8.9259166783e-08 6.82591277654e-07 2.18239018221e-07 3.04624892675e-07 5.00849932536e-07 4.42626401165e-07 2.09369859752e-07 6.01637273549e-07 2.0947820508e-07 5.0103545466e-07 8.83764215069e-07 6.64788723343e-07 7.98647787513e-07 2.25426719823e-06 4.9214396172e-07 1.97389910812e-06 6.3169960544e-07 2.68459182932e-06 8.16145658014e-07 2.10424465126e-06 8.53184798883e-07 8.72250816829e-07 8.49301298065e-07 1.50674689293e-06 4.9269960917e-07 1.66956139143e-06 4.0973111173e-07 1.06489559653e-06 1.04306728407e-06 3.70900903402e-07 1.64125866459e-06 5.22016315009e-07 1.29482468961e-06 8.81935463181e-07 7.73509623998e-07 6.2034869606e-07 1.64975178675e-06 5.07747597652e-07 2.3186119181e-06 3.92387911328e-07 1.88553946712e-06 3.44013558252e-07 1.73858816025e-06 7.43895320813e-07 5.1550835894e-07 8.03663680596e-07 4.15946338944e-07 1.22793523187e-07 5.96568034134e-07 2.02009122186e-07 3.90841665291e-07 5.53495869088e-07 2.83737251414e-07 2.82986525809e-07 7.55831994412e-07 6.65680593349e-08 2.83984884971e-07 5.63633287022e-07 1.82657105062e-07 1.00153725572e-07 4.17133922227e-07 2.4791460127e-07 7.83412570442e-07 2.19938887655e-07 1.02907139064e-07 2.9503031671e-07 1.34572062344e-08 9.1694056699e-08 4.31174537682e-07 8.58209999331e-08 7.82298227233e-08 2.4125166584e-07 1.54889380796e-07 2.83098362887e-07 2.68931075794e-07 4.26978084914e-07 6.94720928487e-08 6.66312704421e-07 1.01003237413e-07 4.03496159313e-07 4.47426212981e-07 4.15431428139e-07 3.438857289e-07 7.60766692594e-07 6.57758547493e-07 3.20600052302e-07 7.25377434182e-07 6.49843057141e-07 1.29239773644e-06 1.17131125137e-06 4.69439254061e-07 5.52226176709e-07 5.5072122436e-07 9.67155347979e-07 5.88519661001e-07 4.646183962e-07 4.36776159003e-07 2.84678261738e-07 7.62750835422e-07 2.97011608904e-07 4.26224565227e-07 4.96441003637e-07 4.90233775759e-07 9.24378996696e-07 4.44945235853e-07 3.50674557534e-07 4.73813609118e-07 6.64628143877e-07 1.18783632895e-06 4.25200326489e-07 3.44873690148e-07 2.35415685358e-07 5.06429531528e-07 6.16131027783e-07 2.88033838698e-07 3.23770905643e-07 3.82677897483e-07 3.78212536701e-07 8.85283890725e-08 6.98493698771e-07 5.42202676909e-08 3.76963420902e-07 3.1871273674e-07 2.78952988227e-07 2.04716819309e-07 2.81516509199e-07 7.52209395588e-08 1.00326859472e-07 4.8611949358e-07 1.09719030156e-07 3.83230551247e-08 3.78641342348e-07 1.39544339655e-07 2.79938276946e-07 5.14962425931e-07 2.92867100016e-07 7.93015281792e-07 8.84556852842e-08 2.07057769208e-07 8.39669900937e-07 3.58880235689e-07 1.51121836379e-07 9.33523617734e-07 2.6591623827e-07 8.56650668551e-07 5.54880839424e-07 9.09459422008e-07 5.78023378906e-07 1.26202979164e-06 4.5886362581e-07 9.15040888442e-07 1.3452421424e-06 1.04387349032e-06 8.05349381948e-07 2.50581648938e-06 1.44572327927e-06 2.42897104357e-06 1.11042578031e-06 3.39048247027e-06 1.04865700753e-06 5.80679854241e-06 1.70521219978e-06 2.16037791102e-06 2.42713418943e-06 1.66422992851e-06 1.82083772126e-06 2.82143227779e-06 5.1836864072e-07 3.29332958641e-06 1.10259267015e-06 1.16606137883e-06 3.25353766236e-06 4.88223245935e-07 2.48944070803e-06 1.74110157465e-06 1.50732818155e-06 1.92131424754e-06 1.85499462577e-06 1.01774666606e-06 4.61062832287e-06 5.9300743139e-07 2.62646402969e-06 1.08618680098e-06 2.03005258677e-06 1.30462005915e-06 2.14905049952e-06 7.98376209402e-07 9.39535569911e-07 1.25817325606e-06 8.67465626927e-07 4.32915562173e-07 1.1989868685e-06 5.63974505713e-07 9.18131259844e-07 5.38973187178e-07 9.34078280619e-07 2.34026490244e-07 1.02056788693e-06 1.69496184606e-07 4.28314325833e-07 1.01613878525e-06 2.52112272031e-07 1.43607249332e-07 9.4606161242e-07 3.83151121644e-07 6.21804759765e-07 1.04643399462e-07 1.03957952715e-07 2.46049954223e-07 2.8884068434e-08 8.94810537723e-08 2.79193771022e-07 2.64615764603e-08 9.15413420089e-08 2.07848567094e-07 1.66272639418e-07 2.3700082907e-07 2.46368693831e-07 3.84383181955e-07 1.41789413838e-07 6.34899269286e-07 1.19057072636e-07 3.64612946524e-07 3.27539162478e-07 3.87171126305e-07 2.65429612298e-07 7.16524325302e-07 3.50429564329e-07 4.8863939998e-07 6.97915854201e-07 4.47550139835e-07 7.50660738905e-07 9.40617774048e-07 1.45440196332e-06 6.57789652508e-07 7.43543039212e-07 1.01528800662e-06 5.09675195664e-07 8.59150202561e-07 3.72105892486e-07 3.47668926436e-07 9.18056239948e-07 2.77677535205e-07 8.3109265587e-07 3.30601544232e-07 3.22862460483e-07 8.22117838554e-07 4.30775201478e-07 7.26746784258e-07 6.44392700151e-07 4.13489115977e-07 1.30230431685e-06 6.47915597063e-07 6.60897274948e-07 3.78710599893e-07 4.54647905089e-07 5.02531782952e-07 2.80741034588e-07 6.19050673705e-07 2.15526998037e-07 3.64004876591e-07 3.18016621223e-07 3.48843918445e-07 1.09037260718e-07 6.53487844786e-07 1.35148340677e-07 4.04884712894e-07 2.40221666301e-07 2.81724868894e-07 1.85504844221e-07 2.38259397266e-07 1.27058768752e-07 3.23210080726e-08 3.37874976791e-07 9.81753881459e-08 3.16751888399e-08 3.07927584791e-07 1.30051666652e-07 1.29607607361e-07 1.05767467037e-07 2.51899335327e-07 3.83639668168e-07 5.42099415202e-08 1.33712264652e-07 5.09096882987e-07 2.01931136678e-07 7.9048778473e-08 5.4959304003e-07 1.6421689812e-07 5.03737907357e-07 3.80450901981e-07 6.23235141206e-07 1.87689493994e-07 6.80980297141e-07 2.3583888936e-07 4.9540032409e-07 6.21410907605e-07 4.18059396646e-07 4.1623760597e-07 9.90298636594e-07 7.09259987167e-07 8.18316764934e-07 1.00412852379e-06 1.65001371418e-06 2.23392538958e-07 3.38099051654e-06 5.84078070479e-07 2.84337605329e-06 1.46862330957e-06 1.53259071384e-06 1.32469680313e-06 1.06583780397e-06 4.86089441879e-07 1.66479330069e-06 8.62449890411e-07 1.05017955392e-06 9.7104678581e-07 8.20579082948e-07 1.55930413367e-06 4.08441099894e-07 1.03799906124e-06 1.16613336632e-06 1.41357154622e-06 8.80379756395e-07 2.42537723293e-06 3.47549540396e-07 2.80968551382e-06 1.35224210259e-07 1.35140999955e-06 9.04462505801e-07 6.20510432174e-07 6.36552448635e-07 8.51484839927e-07 4.32851153143e-07 3.73952333017e-07 5.46735679675e-07 4.76166601897e-07 2.5192544971e-07 7.06970316699e-07 1.94910368646e-07 6.81393626027e-07 4.02818277152e-07 5.6049932754e-07 1.59725768041e-07 6.57410582918e-07 1.09926172535e-07 2.50082888129e-07 5.86565922243e-07 1.85624985926e-07 9.11031347165e-08 5.10667683447e-07 3.09532912751e-07 1.20335659012e-07 2.96516404306e-07 3.45454561547e-07 6.48277850454e-08 1.39570284339e-07 5.98505222469e-07 2.16119120182e-07 7.30837743587e-08 5.75345618538e-07 2.27369629888e-07 3.85798550041e-07 2.83108330487e-07 5.58924539056e-07 3.11321224552e-07 8.55796154137e-07 2.01477925462e-07 8.00769153197e-07 6.41278024754e-07 6.35481730442e-07 3.55325560116e-07 1.54599527227e-06 7.64702435739e-07 7.63062481289e-07 1.08512911123e-06 1.03743151994e-06 9.02296161301e-07 1.28369174938e-06 1.13042861619e-06 1.25295020401e-06 3.1177225881e-06 2.29898590988e-06 1.67795859931e-06 2.41976248405e-06 6.5182392956e-07 1.67726141635e-06 2.02521355028e-06 5.51294970878e-07 2.87623017034e-06 5.34136228424e-07 1.8460882561e-06 1.53335361976e-06 6.42282483334e-07 1.91059284953e-06 1.43265626967e-06 1.34660152432e-06 2.72316554771e-06 7.4823257395e-07 9.21228744841e-07 1.02723695825e-06 7.4126806998e-07 9.60596914265e-07 1.01201021834e-06 7.21368391097e-07 6.6267117869e-07 1.35618531974e-06 3.16489501756e-07 7.01821207543e-07 6.57427958133e-07 7.68490515659e-07 1.93853287861e-07 8.20419989118e-07 3.38093423385e-07 6.08948894491e-07 2.53738313078e-07 4.4708617643e-07 2.44399300985e-07 6.3676403473e-07 1.01436190536e-07 2.33030086219e-07 7.29868350436e-07 1.99832896251e-07 7.51325307215e-08 4.03119172317e-07 3.49214687978e-07 1.1298407253e-07 3.18639881832e-07 1.16684037471e-07 1.82650402919e-07 7.21729856967e-07 2.54955577063e-07 1.30726747412e-07 6.65897204273e-07 1.91079198968e-07 5.24499291549e-07 3.54333905387e-07 6.16811200412e-07 2.62243148641e-07 1.12055813309e-06 3.92277593809e-07 6.86055059319e-07 9.20251004788e-07 4.94138662837e-07 7.09008248969e-07 1.06955617511e-06 1.13909096264e-06 7.78865772901e-07 9.65854007026e-07 1.28200489792e-06 1.12215985337e-06 3.56066761354e-06 3.79912712678e-07 2.79662537631e-06 1.49424543517e-06 4.527064205e-06 1.69677375129e-06 2.69521174206e-06 1.25102052747e-06 1.89932855444e-06 2.27535784972e-06 1.29810434491e-06 1.48605178262e-06 1.47626995125e-06 1.26535409178e-06 2.20419964276e-06 1.64089847869e-06 1.04036899438e-06 2.42972864828e-06 9.79409696157e-07 3.90575219118e-06 1.0153103896e-06 2.23769317409e-06 2.94287669408e-07 2.81469114013e-06 1.04930682803e-06 1.14092338432e-06 7.39033178495e-07 7.00881622284e-07 1.04416642077e-06 1.05664618686e-06 6.56197432229e-07 4.49300241752e-07 8.95581366799e-07 6.1027614326e-07 4.14670183562e-07 1.11101890751e-06 2.83683242418e-07 6.14314374579e-07 4.30970373981e-07 5.72265922664e-07 2.29398710137e-07 7.47810131706e-07 1.48083136443e-07 3.2352827827e-07 9.15480851751e-07 2.69278972991e-07 1.51695273062e-07 4.29225699062e-07 1.34997043023e-07 4.69254489502e-08 2.51743419198e-07 1.15045495017e-07 1.56442147598e-07 5.19109807784e-07 1.2964638616e-07 6.46900891288e-08 6.27441417403e-07 7.74111125457e-08 5.39097201432e-07 2.77423057298e-07 4.74011582467e-07 2.32782764843e-07 8.16242013975e-07 1.7711127036e-07 6.26380433919e-07 6.56232730878e-07 6.41832078057e-07 3.80215819689e-07 1.0856806695e-06 7.75492709463e-07 7.80023112024e-07 9.73391073813e-07 8.44082890949e-07 7.77180786387e-07 1.91318944908e-06 8.03230796515e-07 7.35100282099e-07 2.50158558848e-06 1.41811148293e-06 3.14893768559e-06 2.3360044654e-06 8.81172419609e-07 2.21943351543e-06 1.1288861502e-06 9.17509242178e-07 2.40502657149e-06 5.1010029331e-07 2.52524571489e-06 8.85245155225e-07 1.04348873131e-06 1.95365063846e-06 7.28259459201e-07 1.45245948518e-06 2.88586356038e-06 7.91075268456e-07 2.16409470996e-06 7.01756871344e-07 6.81713314777e-07 1.76881033871e-06 6.40244217718e-07 6.86061943283e-07 9.90373018823e-07 6.45701045045e-07 7.94684151758e-07 1.01836753353e-06 4.03139736939e-07 6.05298262779e-07 7.25331193699e-07 6.3986799841e-07 1.42465354575e-07 7.99918055409e-07 2.40777362699e-07 5.41033926233e-07 2.39440052156e-07 6.0860926538e-07 1.02171457676e-07 6.98136759624e-07 6.98771172706e-08 1.67286141522e-07 6.58313845151e-07 1.8373617099e-07 1.43096555663e-07 3.17763201784e-07 5.69912409291e-08 2.73062897627e-07 1.89418346266e-07 3.21143477087e-07 8.54564416702e-07 2.25733707101e-07 7.75293356269e-08 7.49179244628e-07 3.11732889917e-07 4.80228564169e-07 5.09219198975e-07 9.29898590098e-07 2.30600117009e-07 1.32620068374e-06 2.42976940242e-07 8.09423438045e-07 7.87673140862e-07 6.70368171963e-07 7.88282245958e-07 1.36194074165e-06 1.21715257043e-06 8.5755198927e-07 1.37788779563e-06 1.23106412562e-06 1.0278911603e-06 2.51747090276e-06 7.53387633962e-07 2.55441952086e-06 1.27763501243e-06 4.13904042748e-06 1.58196778418e-06 4.81805233266e-06 1.38245409493e-06 2.91629274375e-06 3.04717996947e-06 1.19704265411e-06 2.6107732154e-06 1.34024831101e-06 1.312076282e-06 2.61792686744e-06 1.04812251209e-06 2.54082869347e-06 2.44664145927e-06 9.55322866334e-07 4.31989358129e-06 1.06293756452e-06 3.66710058417e-06 1.0359947265e-06 2.05202016715e-06 6.57503222927e-07 2.22675520117e-06 9.29658323132e-07 1.14174663747e-06 1.15274987793e-06 7.19726246264e-07 1.14957779153e-06 1.33432625702e-06 7.94048755075e-07 6.53631690818e-07 6.82865430712e-07 7.93646567341e-07 2.39761490441e-07 1.36951731521e-06 2.14402240486e-07 9.60403345584e-07 6.23294770061e-07 5.08562733067e-07 3.66128700168e-07 8.6768574301e-07 1.23463788068e-07 2.56654092255e-07 1.03159833849e-06 4.04122840723e-07 2.19163724199e-07 3.27649835345e-07 4.55695101741e-08 1.56502926753e-07 2.78828892275e-07 6.50459495932e-08 6.12376446939e-09 2.78857368731e-07 3.16455027009e-08 1.88106907781e-07 1.33811963394e-07 3.233922655e-07 1.3357475401e-07 2.43865353865e-07 4.96873083543e-08 2.93500739697e-07 3.40078369034e-07 2.95649599888e-07 1.0913401484e-07 6.99237382072e-07 3.64142153145e-07 3.6392871447e-07 4.40227373033e-07 6.61231446908e-07 1.87302347562e-07 8.0013630986e-07 1.43194237233e-07 4.73710758763e-07 7.800475281e-07 7.57020102175e-07 1.10406394298e-06 8.1384295757e-07 1.64742709856e-06 1.02544076436e-06 1.19973516204e-06 6.29801243287e-07 7.42986649176e-07 6.23157282862e-07 1.01111747859e-06 6.12216809628e-07 7.24170465349e-07 5.34790998573e-07 1.17466156931e-06 5.53427593521e-07 1.48158146677e-06 5.99722333921e-07 8.35850812731e-07 6.40039462173e-07 7.86896283281e-07 3.72503431551e-07 1.30796307254e-07 6.99602136139e-07 1.83195359338e-07 5.93688192266e-07 4.00994575328e-07 3.51154340236e-07 2.95910414987e-07 7.12969342547e-07 1.04674011846e-07 2.93118744503e-07 3.4943615952e-07 2.82331056438e-07 6.45745017963e-08 2.35744047253e-07 1.7711085171e-07 3.79291341967e-07 1.40471901374e-07 2.25341235396e-07 3.2583615352e-08 3.15871929852e-07 4.95224226257e-09 7.80965510702e-08 3.27780620526e-07 1.80479394586e-07 4.95666159541e-08 2.60372930855e-07 8.51005601771e-07 1.95431886538e-07 8.99602240147e-08 7.96974959968e-07 3.90687518815e-07 5.20390282809e-07 5.19992563535e-07 6.18024106512e-07 2.97601426951e-07 1.35301457343e-06 1.69314515475e-07 9.74438042957e-07 8.48609716458e-07 8.32331606859e-07 8.85084784987e-07 1.40491160758e-06 1.308638528e-06 8.25212945324e-07 1.2616253259e-06 1.23595979292e-06 8.14456905515e-07 2.50957230841e-06 7.46852384372e-07 1.83551635947e-06 1.95639505811e-06 3.41071440113e-06 1.15160238264e-06 4.7550616375e-06 1.00187607992e-06 5.21774616633e-06 3.53041631323e-06 1.24901449106e-06 4.76737343867e-06 7.64694956437e-07 2.86002142615e-06 2.65351651968e-06 8.14108987784e-07 4.43654889989e-06 9.62916796114e-07 2.47684770652e-06 4.6834997152e-06 6.33317721888e-07 3.9569835258e-06 1.12154121113e-06 2.90198873148e-06 1.70880016464e-06 1.6397849366e-06 6.95133394163e-07 2.28451850136e-06 8.22056922649e-07 1.13533422796e-06 1.0849750187e-06 7.94400446035e-07 1.37792441708e-06 1.3094223445e-06 9.24050805119e-07 7.8929653642e-07 8.05606490055e-07 1.0281620376e-06 2.00167679733e-07 1.51351900708e-06 2.80906624314e-07 7.20129641868e-07 5.29887429201e-07 5.86135134105e-07 4.75901973584e-07 9.0197189873e-07 1.21980079388e-07 2.37175106502e-07 1.01856374738e-06 3.00145970703e-07 9.2648101276e-08 6.77643703576e-07 2.96566342996e-07 9.51157206116e-08 8.66572694216e-07 2.87618393149e-07 5.23428637436e-07 5.31738605215e-07 5.05655262533e-07 2.13020146737e-07 1.06398599295e-06 2.8104297057e-07 5.7241376555e-07 9.61009992533e-07 6.10678588872e-07 6.76326096693e-07 1.44713478443e-06 8.85467869719e-07 1.16703971579e-06 1.27939288558e-06 1.52326867161e-06 5.1245283187e-07 2.62422339635e-06 4.79197165873e-07 1.60629223653e-06 1.76034498258e-06 2.59312593741e-06 2.26461570135e-06 1.52711405624e-06 1.66534258302e-06 2.2536386209e-06 4.88493315799e-06 1.52649430018e-06 3.39085680826e-06 1.66946991157e-06 2.15099216158e-06 1.93152688887e-06 2.16758676317e-06 1.47136422303e-06 3.09209987362e-06 1.06982479162e-06 4.38143124782e-06 1.62964555638e-06 1.55061426921e-06 1.38414154429e-06 1.65008941026e-06 2.5013770415e-06 1.62548536492e-06 1.55596768715e-06 4.41646298643e-07 2.48750367726e-06 4.6397328867e-07 1.50398416701e-06 1.22915735247e-06 1.18545295343e-06 8.15804005952e-07 1.41720675916e-06 6.33982576309e-07 6.44659324171e-07 9.86460945547e-07 5.72817985797e-07 3.18688684761e-07 1.1138776781e-06 2.1794188233e-07 5.77310988662e-07 5.8370566477e-07 5.81322404635e-07 3.13854951931e-07 1.01563800561e-06 1.31981059742e-07 3.62582993069e-07 8.37099289442e-07 1.06123243695e-07 2.45486677793e-07 1.60885164328e-07 7.22197039825e-08 4.96612084913e-07 1.61395193333e-07 2.19805838185e-07 3.17799210282e-07 3.51713354801e-07 1.60996784172e-07 4.65801834266e-07 1.99345341909e-07 4.90388099667e-07 4.22917394433e-07 3.07392621882e-07 2.98610475327e-07 8.2633413419e-07 3.68576424187e-07 4.22754084064e-07 7.02735904969e-07 5.15794462539e-07 4.60836781345e-07 9.35440971807e-07 4.03929726104e-07 7.84972516224e-07 8.94150193785e-07 1.21502946867e-06 1.00531817772e-06 1.55224613682e-06 4.53399882716e-07 2.18547937697e-06 1.45460621264e-06 1.94993533299e-06 1.70607816293e-06 9.89303734694e-07 1.57024042551e-06 9.57242935953e-07 9.8471248368e-07 1.46415016942e-06 9.26810346062e-07 1.05269434773e-06 2.00886772726e-06 1.02539305209e-06 1.53637801936e-06 3.91162846594e-07 1.40261994852e-06 8.72520695909e-07 1.1395326794e-06 7.36648737848e-07 7.29678895506e-07 3.93838706752e-07 8.53262352804e-07 3.87288876294e-07 4.54378178103e-07 6.72946146034e-07 3.9565998995e-07 3.24432530521e-07 8.22526207141e-07 2.74225349524e-07 3.03189955644e-07 4.51077698399e-07 4.65909263696e-07 2.31753667848e-07 4.96171791151e-07 1.80731463748e-07 4.02552674767e-07 3.33646032709e-07 2.96778745956e-07 1.93132271451e-07 6.03182254053e-07 8.825188035e-08 1.84420509905e-07 3.05257926234e-07 3.36062285011e-07 2.57649303178e-07 2.48619213806e-07 1.42687419519e-06 3.19917974132e-07 4.5637206176e-07 5.22608443328e-07 9.60909188602e-07 4.84674243967e-07 1.48414268245e-06 3.98470374812e-07 1.18725081033e-06 1.35588313445e-06 6.53157889054e-07 8.98579207818e-07 1.57498469124e-06 1.45233705065e-06 1.5133105774e-06 1.21059293457e-06 2.16366707061e-06 7.09493756524e-07 3.11298880146e-06 8.49845526106e-07 2.29426650445e-06 2.23178125638e-06 2.62524073696e-06 2.87303539027e-06 3.32907280389e-06 1.7950361516e-06 2.40495878615e-06 6.0579028424e-06 1.55366907388e-06 7.22301216993e-06 2.41033784423e-06 4.30645216887e-06 4.18803556725e-06 1.90715085263e-06 3.93537043221e-06 4.1865445293e-06 1.69461123725e-06 6.86509399141e-06 1.04121459904e-06 5.09791774652e-06 2.39285677421e-06 1.52296434991e-06 3.04160036533e-06 2.66963336554e-06 2.57260073522e-06 2.12330193788e-06 2.17305054701e-06 7.56349396641e-07 2.95626459035e-06 7.30520894289e-07 2.02664808136e-06 1.13430478959e-06 1.5617885611e-06 1.4667094066e-06 1.54005006685e-06 9.45296890212e-07 6.94051704963e-07 1.23978296648e-06 1.2957185526e-06 3.45090720089e-07 1.65799543092e-06 4.90784201897e-07 1.0442791467e-06 6.47355098529e-07 5.34959180162e-07 3.22392454997e-07 1.56093185669e-06 2.59568057463e-07 2.89112229142e-07 3.74806201315e-07 4.80948847618e-08 1.11506444663e-07 3.90100658627e-07 1.38092660877e-07 1.67583923816e-07 3.70980786084e-07 2.94707558023e-07 1.49351773371e-07 5.04186495285e-07 2.04821414232e-07 3.3328252578e-07 4.04045807133e-07 2.72629132153e-07 2.38930928638e-07 7.44443217256e-07 3.33902010214e-07 4.76021053175e-07 5.70687465312e-07 5.69379575646e-07 3.03521700874e-07 1.10111869795e-06 2.71469646364e-07 5.6040688178e-07 9.78610699952e-07 8.70062229069e-07 9.23135729276e-07 1.2074635076e-06 5.22477402197e-07 1.5030942449e-06 9.40178802302e-07 1.27868840126e-06 1.3961322637e-06 2.13092515442e-06 1.72804676325e-06 1.6098331069e-06 1.33056340929e-06 1.27310458989e-06 1.54218112624e-06 1.2145253476e-06 2.14989725556e-06 1.0027384516e-06 1.24957455898e-06 9.13215574787e-07 1.30843648686e-06 5.15514219158e-07 1.1798892547e-06 7.97034592198e-07 8.14238192427e-07 9.39159667619e-07 5.93820641541e-07 2.89908711487e-07 1.07741959977e-06 2.24409822032e-07 5.06471835122e-07 5.39147696672e-07 4.63994430389e-07 3.83161393427e-07 7.57149079125e-07 2.72452160123e-07 2.61279010227e-07 4.58943813663e-07 3.38202593975e-07 2.08760960629e-07 5.1012529195e-07 1.40639047123e-07 3.47695692858e-07 4.05715474665e-07 1.93805303229e-07 1.78073976223e-07 4.36894419278e-07 1.27323047263e-07 5.50204507118e-08 1.10016903555e-07 8.7928280871e-07 4.27139700978e-07 4.62746509521e-07 1.00715661562e-06 7.72253486576e-07 3.07564533188e-07 1.43376837442e-06 3.5557810955e-07 9.72241850451e-07 8.83146098395e-07 6.88269044083e-07 8.78172410025e-07 1.36913803815e-06 1.23431711728e-06 1.04392770403e-06 1.24664149983e-06 1.48880461037e-06 8.20812938996e-07 3.1429816698e-06 8.87037980235e-07 1.78752455152e-06 1.70942766621e-06 2.740633149e-06 2.21634465691e-06 2.79209888516e-06 1.18269154829e-06 3.45620462092e-06 4.37092711646e-06 9.83415177714e-07 7.56930067178e-06 1.66597841555e-06 6.54521824166e-06 3.81529184802e-06 2.85531625504e-06 4.77084620753e-06 2.85158501912e-06 2.74853992259e-06 6.38737870049e-06 1.1679060676e-06 6.62830335502e-06 8.87913023433e-07 4.15704003296e-06 3.21839995067e-06 1.13667530257e-06 2.76263719276e-06 1.99762622712e-06 2.69950011045e-06 1.71647905015e-06 1.63853558067e-06 9.02609884083e-07 2.98866425382e-06 8.62628433278e-07 1.51365125917e-06 1.2247543337e-06 1.04612849959e-06 1.26884205582e-06 1.30680554878e-06 9.30463215325e-07 7.9559230881e-07 9.40148118586e-07 9.70081377293e-07 3.24124463803e-07 1.51909876648e-06 3.61033877342e-07 8.54831652709e-07 1.06661707373e-06 5.72647866343e-07 4.89887686008e-07 9.93405298127e-07 1.17963803466e-07 7.38572004882e-07 3.11884238593e-07 3.6599429147e-07 9.25613023027e-07 4.21678611569e-07 1.72761479774e-07 7.76036126915e-07 1.95402357952e-07 6.31063248048e-07 5.22255437382e-07 4.58096142919e-07 6.12045640589e-07 1.45595188092e-06 5.22462214794e-07 9.38232476689e-07 5.044422504e-07 1.0287177347e-06 5.02756858406e-07 1.82444235039e-06 6.47699098301e-07 8.70233022089e-07 1.52788933487e-06 1.12399678354e-06 1.77422996761e-06 1.35804128576e-06 7.92357942146e-07 2.65466253512e-06 1.96278707034e-06 1.47449058982e-06 1.87341559364e-06 2.23348641653e-06 2.09323744248e-06 4.66555172067e-06 1.93663427793e-06 2.98641582256e-06 2.98311751332e-06 1.33893012832e-06 4.38967735455e-06 1.58606203411e-06 2.16346365672e-06 1.84413826452e-06 1.47661828379e-06 1.81143915585e-06 2.48116659074e-06 8.20483910576e-07 1.3038665588e-06 1.81822180646e-06 9.7096126044e-07 1.41898626832e-06 8.77400329826e-07 5.58563807211e-07 1.82241348238e-06 4.61542374855e-07 1.09012693312e-06 4.93873031167e-07 1.03513576768e-06 5.10811851584e-07 1.41393283444e-06 6.27106190304e-07 4.93380187952e-07 4.58692966363e-07 7.08470540547e-07 2.05164925422e-07 8.50199392635e-07 2.22990156244e-07 4.47779128731e-07 1.02116995104e-06 3.59685522903e-07 3.19068089495e-07 7.9344004912e-07 1.43087510709e-07 6.91290596511e-07 6.87956742333e-07 5.00859241146e-07 2.78253839049e-07 8.89234093753e-07 1.87778893535e-07 5.52629998113e-07 6.47739524749e-07 3.80573858478e-07 5.34311269048e-07 1.06317073742e-06 8.52597793681e-07 6.08685211654e-07 9.71893254834e-07 8.8291508703e-07 4.69261217652e-07 1.70747668228e-06 5.20902105246e-07 1.10433806618e-06 1.16029189339e-06 1.71370160123e-06 1.05538822745e-06 2.18582862514e-06 3.96843747076e-07 2.03017674617e-06 2.13649692105e-06 1.35851974763e-06 3.61927928808e-06 8.65182099893e-07 4.4683094281e-06 1.75703049466e-06 4.01158452436e-06 2.94008919668e-06 2.78941698092e-06 2.54092521205e-06 4.18239112029e-06 1.30680479276e-06 4.21532104334e-06 8.16202125185e-07 3.33006102698e-06 1.25285350528e-06 2.15942638431e-06 1.87807153642e-06 3.90162015838e-07 2.12359397818e-06 9.49814523312e-07 1.74416271077e-06 1.05075286297e-06 1.1851274692e-06 4.62696483821e-07 1.64348079381e-06 4.51561165427e-07 8.13449615982e-07 1.07300065702e-06 4.88582861207e-07 9.39604900871e-07 1.16196356415e-06 4.48524067105e-07 3.87625234474e-07 7.87256609321e-07 4.87817103868e-07 2.15844260403e-07 9.80741395777e-07 2.93803970537e-07 6.37442977344e-07 6.96259307221e-07 7.9275979551e-07 1.70690421704e-07 1.33984783285e-06 6.82443091561e-07 7.04874737466e-07 2.27569493598e-07 1.17840040616e-06 3.64078478839e-07 6.77923536376e-07 8.64979401761e-07 8.88351782383e-07 7.85285843137e-07 1.43082468531e-06 1.20517520152e-06 1.64606665904e-06 7.82403072367e-07 1.72334671668e-06 7.96251911835e-07 2.80339110732e-06 1.13922351072e-06 1.31300456486e-06 2.22643350896e-06 1.80346493024e-06 2.12763931789e-06 2.12326554437e-06 8.03889758881e-07 3.24347780366e-06 2.47287247862e-06 1.86525888919e-06 4.18378261539e-06 2.44719021889e-06 2.48670008403e-06 5.34907015706e-06 2.05265208881e-06 6.82814155918e-06 4.69177405833e-06 3.55911525146e-06 7.03063066712e-06 1.62475673977e-06 4.8479345963e-06 2.44045017794e-06 2.11527499798e-06 4.28421880416e-06 1.68568567297e-06 2.49526726392e-06 3.14800870202e-06 8.70971458673e-07 2.07731961964e-06 2.04588699981e-06 1.85711689681e-06 2.23986066157e-06 1.31639828619e-06 1.11024150038e-06 2.68086075315e-06 9.37203266157e-07 1.82155791676e-06 6.39917448185e-07 1.79562794175e-06 1.1782110993e-06 1.45017463135e-06 7.2071698273e-07 8.99781660197e-07 9.28638723067e-07 6.82419830376e-07 4.33168550178e-07 1.18933782005e-06 2.29635778546e-07 6.96188751438e-07 7.50570065936e-07 1.36501248947e-06 9.86894922327e-07 8.46846013813e-07 2.73351351897e-07 1.17098061177e-06 3.51412203184e-07 7.37757516794e-07 6.72438795981e-07 7.25225557046e-07 6.81859951675e-07 1.26020819375e-06 9.42457947106e-07 9.07554996939e-07 1.02024555781e-06 9.05973102883e-07 4.69001573693e-07 1.96562625808e-06 7.6778237435e-07 1.31942346059e-06 1.5015233801e-06 2.1100960848e-06 1.65341407758e-06 2.32610263443e-06 3.96918325857e-07 2.85139905806e-06 2.12402733526e-06 1.55428979222e-06 3.67429807555e-06 1.5718351586e-06 3.90175438426e-06 1.77540758181e-06 3.38850952299e-06 2.56489050022e-06 5.96764661013e-06 2.61380815827e-06 5.81574202204e-06 2.18351673756e-06 3.4339804432e-06 1.59087582648e-06 3.71361032911e-06 1.54627874305e-06 3.51675855079e-06 1.55456719505e-06 2.09181074183e-06 2.78070388751e-06 3.78300575435e-07 2.2230277565e-06 1.56009076989e-06 2.13340922212e-06 1.43270528341e-06 1.33182265207e-06 7.26664230023e-07 2.0123512247e-06 4.09309494326e-07 8.74248330905e-07 1.06992506552e-06 8.92372614944e-07 8.86583528666e-07 1.18466022673e-06 7.68097508255e-07 6.92242168527e-07 6.40097273702e-07 7.92549002085e-07 2.96482751487e-07 1.23467190648e-06 2.80564960486e-07 8.81050230032e-07 1.05363141531e-06 2.6836672894e-06 3.63218374723e-07 1.67842681818e-06 5.87922846476e-07 8.46276107604e-07 1.10683682095e-06 6.40212151477e-07 7.40407365345e-07 1.72212120984e-06 9.77670740772e-07 8.03301988486e-07 9.2801491325e-07 1.62184537778e-06 6.37582838745e-07 2.590799311e-06 7.34819446642e-07 1.42887562179e-06 1.47574538197e-06 2.12842557304e-06 1.94260133864e-06 1.89522319525e-06 7.08527856426e-07 2.47673675902e-06 2.82335501146e-06 1.50500945975e-06 3.90365171568e-06 1.9554138646e-06 3.96902818197e-06 4.05692520057e-06 1.38852985758e-06 7.31813633546e-06 2.61123679439e-06 5.62339979549e-06 6.8572286238e-06 2.11771782537e-06 7.3156877151e-06 1.35373198316e-06 3.7728909401e-06 3.9401731737e-06 1.92569050843e-06 4.1907354782e-06 1.46383230755e-06 2.83603344459e-06 2.5019912059e-06 8.33134819351e-07 1.92219004777e-06 1.78591861491e-06 2.22419450302e-06 1.47380032775e-06 1.44927042059e-06 7.87871710528e-07 2.47810028833e-06 7.60023396507e-07 1.73181447059e-06 9.31244363723e-07 9.48935700213e-07 8.97814495549e-07 1.72784914797e-06 7.48517945266e-07 5.47714725207e-07 1.12346451119e-06 8.91448571787e-07 6.12063160727e-07 1.71373526458e-06 3.37839074733e-07 2.69910494971e-06 9.48723572851e-07 1.35096823808e-06 3.57405465109e-07 5.71698246883e-07 9.6829286737e-07 4.98961305246e-07 5.82479420709e-07 1.24126662598e-06 7.52837935041e-07 9.15167317775e-07 5.81714424661e-07 9.59544018098e-07 7.04612367732e-07 1.47086151468e-06 4.3983120782e-07 7.98541453759e-07 1.31434458792e-06 1.57375128866e-06 1.34587999478e-06 1.96301963205e-06 3.82658422285e-07 2.68412555611e-06 1.44006095638e-06 1.6253125745e-06 2.80768895049e-06 1.46808058375e-06 3.37816512305e-06 2.2452348606e-06 2.44121754106e-06 2.03924995926e-06 4.37641501942e-06 1.88703607429e-06 8.72173406158e-06 1.88703607429e-06 4.37641501942e-06 2.03924995926e-06 2.44121754106e-06 2.2452348606e-06 3.37816512305e-06 1.46808058375e-06 2.80768895049e-06 1.6253125745e-06 1.44006095638e-06 2.68412555611e-06 3.82658422285e-07 1.96301963205e-06 1.34587999478e-06 1.57375128866e-06 1.31434458792e-06 7.98541453759e-07 4.3983120782e-07 1.47086151468e-06 7.04612367732e-07 9.59544018098e-07 5.81714424661e-07 9.15167317775e-07 7.52837935041e-07 1.24126662598e-06 5.82479420709e-07 4.98961305246e-07 9.6829286737e-07 5.71698246883e-07 3.57405465109e-07 1.35096823808e-06 9.48723572851e-07 3.45264430274e-06 2.59692105564e-07 5.21188990385e-07 8.67414798168e-07 4.14696383294e-07 4.09528355508e-07 9.47441163497e-07 7.59951760314e-07 7.05065716826e-07 6.77109387878e-07 8.6904164587e-07 5.19287328253e-07 1.73435559725e-06 4.1602132675e-07 8.6519345462e-07 1.00287670665e-06 1.32676917228e-06 1.23221184024e-06 1.40485954606e-06 6.15470808015e-07 1.96173406178e-06 2.02992439587e-06 7.07449960938e-07 2.99351120901e-06 1.15742187583e-06 2.89040727813e-06 1.87250074344e-06 2.21716133933e-06 3.09656834329e-06 1.97050922869e-06 3.46364062733e-06 4.63570092212e-06 3.66256229598e-06 4.16441282629e-06 1.84743250622e-06 3.23555724934e-06 2.11564478425e-06 2.06630541356e-06 2.70672589849e-06 1.12092734932e-06 2.93044313e-06 6.92605435222e-07 2.00076200516e-06 1.84788683676e-06 6.36645905551e-07 1.39170164354e-06 1.23220518051e-06 1.20190770603e-06 1.01262297043e-06 9.58157606727e-07 4.0557355371e-07 1.84418993562e-06 4.88627635245e-07 8.54118091155e-07 7.1369346613e-07 6.15458063247e-07 7.7413271895e-07 1.04361554102e-06 3.93940307227e-07 5.00451290419e-07 9.395710876e-07 5.23982963863e-07 2.26960806448e-07 3.3836114467e-06 3.04656550264e-06 1.03494733258e-06 2.06236900913e-06 9.67207750305e-07 1.19922690518e-06 2.07481191752e-06 1.24133207621e-06 2.00147005284e-06 1.38885057167e-06 2.47737083616e-06 9.85410870237e-07 3.46717253735e-06 1.12720926849e-06 1.46693022079e-06 2.54218386078e-06 2.84211624413e-06 2.58481409983e-06 3.34004219623e-06 1.09338352902e-06 5.22641192714e-06 3.25438803211e-06 2.56376047563e-06 4.63382706604e-06 2.75803226909e-06 5.95977840105e-06 3.80339069026e-06 4.70981922725e-06 5.70905673411e-06 7.38177521565e-06 2.96990805232e-06 1.18205907578e-05 2.6709726219e-06 1.18964759711e-05 3.79252866798e-06 7.06856341989e-06 6.21869646433e-06 4.52576209068e-06 4.08708747404e-06 6.14526012886e-06 2.84276475276e-06 4.83436995763e-06 2.62094408481e-06 3.42028474999e-06 5.12465239302e-06 1.19759131198e-06 3.36553634598e-06 2.56126662944e-06 3.01913266126e-06 2.6634634432e-06 1.46275257515e-06 1.25780428909e-06 3.5872234268e-06 9.92559566019e-07 2.42283362871e-06 1.33826317537e-06 2.06439669522e-06 1.25230364735e-06 2.15436597923e-06 1.16091709792e-06 9.85418987727e-07 2.05879135176e-06 9.67236902027e-07 2.79958104516e-06 3.11820513395e-06 1.24754844454e-06 3.66865635106e-07 5.04786811339e-07 1.01530827239e-06 7.78932608922e-07 6.41879747134e-07 4.78328910678e-07 7.35197091357e-07 3.74952699507e-07 9.44396683812e-07 3.35281350821e-07 9.07185411845e-07 7.13152901553e-07 1.12846934144e-06 7.87282423751e-07 1.14407041605e-06 3.17309884682e-07 1.65392362136e-06 1.5423466671e-06 7.21344520828e-07 2.35500619596e-06 7.49367897671e-07 2.57680339252e-06 1.45151291848e-06 1.55332600427e-06 2.37185249681e-06 2.11043957766e-06 1.98357182983e-06 3.3840326084e-06 2.2520778061e-06 3.01382366079e-06 3.11523511296e-06 2.74529566856e-06 2.08286567916e-06 2.65081587128e-06 1.48839422844e-06 1.6359236605e-06 2.50071621737e-06 7.9390906178e-07 2.393652351e-06 7.53380675539e-07 1.56275441892e-06 1.82291003595e-06 3.34434909096e-07 1.17924093491e-06 8.4352976112e-07 1.16441464306e-06 7.79934544583e-07 9.66710372971e-07 3.54171925865e-07 9.26029185358e-07 3.83078872989e-07 6.95332919554e-07 4.01580073374e-07 6.62572326407e-07 7.20582941335e-07 9.88606667256e-07 4.78434069918e-07 3.20475755411e-07 1.21892618079e-06 2.68975929761e-06 8.88381903898e-06 1.81000979561e-06 1.25814294542e-06 2.5420127688e-06 1.83486945643e-06 1.74270163045e-06 1.20328050138e-06 1.94936872098e-06 9.97382578146e-07 3.4747262817e-06 7.80874991534e-07 2.17784932615e-06 2.51278000017e-06 2.22690317031e-06 2.32064456098e-06 2.74030137202e-06 1.36961072007e-06 3.79332157734e-06 3.21229484928e-06 2.41018702374e-06 4.9624613231e-06 2.46438701383e-06 4.38248731142e-06 4.12409977683e-06 3.95045351609e-06 5.42099610525e-06 5.58528137335e-06 4.98287780576e-06 1.03610935859e-05 1.75005706403e-06 1.42025973134e-05 2.12222622905e-06 9.86575168307e-06 6.04812859532e-06 5.90607447616e-06 6.03654536253e-06 3.83970119261e-06 4.63845236724e-06 4.51262203675e-06 2.58324848382e-06 5.07695767725e-06 2.45114341688e-06 3.4484974197e-06 3.72378070087e-06 1.46360523922e-06 2.98902119653e-06 2.45910782052e-06 2.39813460431e-06 2.62385773399e-06 2.18802316419e-06 8.85146464951e-07 3.4009497749e-06 1.01564534028e-06 2.08271508043e-06 1.11018708183e-06 1.79012877302e-06 1.7832295719e-06 2.35985649842e-06 1.16057460122e-06 1.57411260977e-06 7.5859702795e-06 4.32407723416e-06 1.17969889351e-06 2.19115960455e-06 1.10500646029e-06 1.00692220189e-06 1.0052030273e-06 1.00268652318e-06 7.52089856541e-07 2.18609138181e-06 6.08683502635e-07 1.36244455988e-06 1.60359755514e-06 2.20167878415e-06 1.31166411874e-06 2.24455368308e-06 8.72222693822e-07 3.05764064109e-06 2.04477976363e-06 1.09893018091e-06 4.11149792646e-06 1.4225858621e-06 4.44780823983e-06 1.63911306996e-06 3.69500011243e-06 3.49447620884e-06 3.94243702553e-06 3.58100407243e-06 6.73534239933e-06 3.27315773279e-06 3.35323747527e-06 3.30801408068e-06 4.09448651846e-06 6.3098916195e-06 4.65892190199e-06 3.74739119522e-06 3.93207346432e-06 3.74079456404e-06 1.72511647292e-06 4.53193490683e-06 1.40632069745e-06 4.2497104066e-06 1.16761807592e-06 2.06246216435e-06 2.97990173597e-06 8.65907411301e-07 2.36974238302e-06 1.21662229927e-06 2.16346775667e-06 1.55867494922e-06 1.29442212224e-06 6.56197380119e-07 2.13157462431e-06 7.3313969921e-07 9.18620145834e-07 1.10515799421e-06 9.31948949949e-07 1.11592358864e-06 1.9408331497e-06 1.06718383806e-06 3.58795858829e-06 6.83656350744e-06 5.35210273999e-06 2.92081419056e-06 1.59883567159e-06 1.34688164562e-06 1.7842078409e-06 8.69506820536e-07 3.08471049108e-06 8.77201719831e-07 2.08294993038e-06 1.78436506414e-06 2.89751167916e-06 2.2923469642e-06 2.26006032514e-06 1.36411089664e-06 3.0477887659e-06 3.45000989175e-06 1.48234838821e-06 4.91797813975e-06 2.35989027619e-06 4.4809031608e-06 3.55517950188e-06 3.07969597564e-06 6.14491861858e-06 4.86134700248e-06 4.22358338953e-06 9.23003355377e-06 2.57241092301e-06 9.60601452411e-06 1.66877561458e-06 9.9149233633e-06 3.08722554951e-06 9.19331627339e-06 5.74145321657e-06 5.12496131884e-06 7.09966513067e-06 2.98120562053e-06 4.09278291099e-06 4.68858431519e-06 2.48133536086e-06 5.33397249946e-06 1.5604316871e-06 3.74335617614e-06 3.10143661048e-06 1.39564730765e-06 2.29538077167e-06 2.55677046502e-06 2.80002591353e-06 1.95386603455e-06 2.05344188023e-06 9.62713607614e-07 3.13256360158e-06 8.25825559928e-07 1.90507671312e-06 1.15160582457e-06 1.49218991739e-06 2.51548692384e-06 4.44310621454e-06 5.15626271109e-06 1.2359209335e-05 3.03193763691e-06 1.78905907927e-06 2.37130155495e-06 1.48176358709e-06 8.89111978291e-07 2.08494439119e-06 8.84055756303e-07 1.57813545144e-06 1.70315974813e-06 2.18029918441e-06 1.56881526281e-06 3.07612678438e-06 1.00371330553e-06 2.99466753006e-06 2.30382048304e-06 1.45709266648e-06 4.11591535244e-06 1.22947097497e-06 5.25273478714e-06 2.23579540545e-06 3.70974670085e-06 3.04563641374e-06 5.11469303949e-06 3.23540212214e-06 7.78708059042e-06 3.01572988813e-06 5.90587555418e-06 2.97886170937e-06 3.0643959367e-06 5.72427131705e-06 3.97849170224e-06 7.33434868531e-06 4.4155864272e-06 4.97602430664e-06 3.62696081735e-06 3.63666497947e-06 2.45210234772e-06 5.50627100093e-06 1.32484194038e-06 4.378583206e-06 1.57879666716e-06 2.28424916916e-06 2.99727061242e-06 9.63409661093e-07 3.12491623462e-06 1.60914172481e-06 2.07358517757e-06 1.70682894958e-06 1.4660246761e-06 9.2505085985e-07 2.13888169978e-06 7.14117907447e-07 1.34442047724e-06 2.09490501059e-06 1.48666368125e-06 2.4679556082e-06 9.3131867585e-06 9.23289755565e-06 3.40859379989e-06 3.30005868424e-06 2.65247560255e-06 1.20548457432e-06 3.27097173307e-06 9.44406990936e-07 1.92637234627e-06 2.04059630387e-06 3.05841119405e-06 1.34829969711e-06 3.16719294694e-06 1.26858458968e-06 2.51766482061e-06 3.04036494233e-06 1.30586218875e-06 5.34046714496e-06 1.61785446726e-06 4.72509124496e-06 3.42187659698e-06 3.53077545087e-06 5.37316093439e-06 3.9297193359e-06 5.13484935248e-06 8.25178263111e-06 2.81988749334e-06 8.15910932786e-06 2.30977001108e-06 7.59867371781e-06 2.10893109959e-06 8.73385084499e-06 3.64800416184e-06 7.83760703561e-06 6.83109764451e-06 4.24401362403e-06 6.31002784436e-06 3.5314346571e-06 4.02497257388e-06 4.78292988937e-06 1.7408474763e-06 5.51979246772e-06 1.44556734196e-06 3.4105574162e-06 2.59806095786e-06 1.15990999423e-06 3.11394589753e-06 1.45267394207e-06 2.96276174835e-06 1.92097764294e-06 1.80023951785e-06 8.73652725302e-07 3.10686034302e-06 1.14721408664e-06 2.15789971688e-06 2.76550243717e-06 2.53300627468e-06 6.53220282598e-06 1.22056909095e-05 4.173959988e-06 4.01867269141e-06 2.16499051502e-06 4.84740616722e-06 1.64603955377e-06 1.91152539364e-06 2.77380088009e-06 2.94573791104e-06 1.55731685738e-06 3.2168448874e-06 1.3163894355e-06 4.13681024111e-06 2.75145997065e-06 2.00194802441e-06 5.28407392066e-06 1.96281633854e-06 5.79289176248e-06 2.55534019333e-06 5.21124246552e-06 4.95220994369e-06 6.42799641184e-06 3.7886515033e-06 1.04206488133e-05 3.41960802519e-06 7.99547112676e-06 3.35074246911e-06 5.84466166652e-06 5.53341777671e-06 3.66832139215e-06 8.23879974795e-06 4.62387827764e-06 1.02477715304e-05 5.34265500822e-06 6.56792533155e-06 5.71851465235e-06 5.15810507107e-06 3.06794435558e-06 5.90266791626e-06 2.15972868474e-06 5.42787456669e-06 2.18944503636e-06 3.0319127336e-06 4.13470839122e-06 1.36400852133e-06 3.07043480944e-06 1.85841762934e-06 2.94817632181e-06 2.56531979775e-06 1.88988786603e-06 1.2524595685e-06 4.32660219972e-06 1.91179769409e-06 3.15084203275e-06 3.50200170645e-06 7.93813245617e-06 8.53640370372e-06 4.37135891097e-06 1.94523433268e-06 4.67709757347e-06 1.42463489046e-06 1.92201361319e-06 1.96874759394e-06 2.5681123746e-06 1.7036806608e-06 3.41132934089e-06 7.01535332725e-07 3.47118858487e-06 2.94179168805e-06 9.07524001859e-07 4.57222093199e-06 1.02713024369e-06 4.86652709006e-06 2.23667773102e-06 3.06274084585e-06 5.1931225349e-06 3.87260993657e-06 4.12719885078e-06 7.19463891187e-06 2.81556569193e-06 6.30226926719e-06 2.14413076489e-06 6.04107333018e-06 2.40973584211e-06 6.23073053589e-06 2.17264214736e-06 6.8829858612e-06 3.72928110868e-06 6.74160563245e-06 5.82535298522e-06 4.01034016286e-06 6.11602455635e-06 3.02345210625e-06 2.70158798709e-06 4.97161696673e-06 1.27341286806e-06 4.5679426705e-06 9.50514207253e-07 3.232047129e-06 3.61725832884e-06 7.87836267959e-07 3.22235275206e-06 1.84186232531e-06 2.48742513669e-06 1.7785992594e-06 1.90239582379e-06 1.17507639876e-06 3.82391736969e-06 1.66251879106e-06 3.10023200856e-06 6.37083915088e-06 1.53947192952e-05 3.39264431409e-06 7.36616573975e-06 1.92124045986e-06 3.22762637413e-06 3.54025019109e-06 3.36768405771e-06 3.0463042567e-06 4.46263169651e-06 1.3345360166e-06 3.61079526695e-06 3.82851986985e-06 2.41799130163e-06 4.79316064415e-06 1.91115519513e-06 5.63594468404e-06 3.0306321927e-06 4.41756431524e-06 5.18503268802e-06 7.1141253643e-06 4.90364190198e-06 1.08278872157e-05 3.2796935893e-06 1.01923731294e-05 3.07252816047e-06 6.92822264216e-06 4.7108188982e-06 5.40242541055e-06 6.85989601978e-06 3.36557993525e-06 1.05346617258e-05 4.30307271217e-06 1.0509289902e-05 6.18905292641e-06 7.49554203822e-06 6.24849622899e-06 4.34580171493e-06 3.74421527287e-06 5.48217876732e-06 2.16477986402e-06 4.91876662305e-06 2.49291702138e-06 4.09437332771e-06 3.56851181561e-06 1.35223189452e-06 4.08864153091e-06 2.84739628485e-06 3.36528631837e-06 3.13974852002e-06 3.07635103211e-06 1.66676448825e-06 5.69985842688e-06 2.41611758556e-06 9.39113793677e-06 8.14248878597e-06 8.33125040019e-06 2.21466289667e-06 3.24911104604e-06 3.35123865038e-06 3.36165713283e-06 2.70567082812e-06 3.57665158783e-06 1.27710346408e-06 3.71893274686e-06 2.7333918224e-06 2.02034604304e-06 5.96485244521e-06 1.29298251983e-06 5.90769819151e-06 2.44609498277e-06 4.50496555829e-06 4.71442097575e-06 5.22124636793e-06 5.92128381456e-06 9.18960978399e-06 3.85060751192e-06 6.48532011851e-06 3.05979489419e-06 6.23214706412e-06 3.38779512234e-06 5.81844657135e-06 3.54934816074e-06 6.44262487711e-06 3.13140522892e-06 7.07588388985e-06 4.91094796273e-06 8.25108205895e-06 7.68355229518e-06 5.33980507646e-06 5.4644367744e-06 4.57677707229e-06 2.74464336547e-06 5.94439755724e-06 1.35740736786e-06 6.02153611878e-06 1.98877302969e-06 2.77542019238e-06 3.70734530473e-06 1.33751105879e-06 3.23504408735e-06 2.41205052729e-06 2.99308360099e-06 2.91433908374e-06 2.76137313899e-06 1.72661470359e-06 5.95581481469e-06 4.81848572437e-06 3.23517354501e-05 3.97760761226e-06 5.64291579758e-06 4.99330568158e-06 6.42539627035e-06 4.44256944876e-06 4.95557330944e-06 1.83270197809e-06 5.57501231216e-06 5.45247633384e-06 2.61730092867e-06 7.46025588536e-06 3.18967641961e-06 6.00965479027e-06 4.52627519165e-06 4.64153380087e-06 7.99965703448e-06 7.15958880231e-06 6.95977039781e-06 1.40494660411e-05 4.33983721752e-06 1.20327357633e-05 3.25084629461e-06 9.8512598975e-06 4.7288749565e-06 6.78737243221e-06 6.33985573297e-06 5.20995835673e-06 1.01973731228e-05 3.48900153405e-06 1.29692460772e-05 5.54544955855e-06 1.37188059706e-05 8.86813548158e-06 7.44764498352e-06 9.08341934942e-06 4.74963714768e-06 5.32775355702e-06 5.9115896785e-06 3.34982008714e-06 7.62133364977e-06 2.65727565491e-06 5.4198224258e-06 5.50801825848e-06 1.92053731514e-06 4.59351103507e-06 3.61696245394e-06 5.58602885596e-06 4.12465311744e-06 4.16923644759e-06 2.86359450918e-06 1.96781242758e-05 1.00059304483e-05 6.1848084104e-06 5.60080926777e-06 6.42455818755e-06 4.37717579323e-06 5.42027477758e-06 1.5355261695e-06 5.51302034064e-06 5.14605414276e-06 2.87885552906e-06 5.91553956902e-06 2.50137866893e-06 8.13406279367e-06 3.40211951964e-06 5.35796090329e-06 6.45973913333e-06 7.09343553132e-06 6.61246041711e-06 1.14397595121e-05 5.22522413653e-06 8.16907541843e-06 3.64063131886e-06 6.39793660391e-06 4.30275715207e-06 6.54625180289e-06 3.96839608158e-06 6.61117055235e-06 4.77291869352e-06 6.82239343565e-06 3.71127762241e-06 8.63144979988e-06 6.42779666743e-06 1.05564479145e-05 8.62322913912e-06 7.24260060279e-06 7.2528138462e-06 5.36820334104e-06 3.68485144584e-06 8.21188416701e-06 2.50497213508e-06 5.9558808292e-06 2.73815593911e-06 4.99203411647e-06 5.0883688275e-06 1.49516682779e-06 4.95570310392e-06 3.54011689491e-06 5.00633757474e-06 4.14587094147e-06 4.11951069992e-06 5.62259641478e-06 1.79089772294e-05 7.80976878183e-06 7.80819512775e-06 4.75819723364e-06 6.65329194624e-06 1.77675772745e-06 5.51318774003e-06 5.92367125803e-06 2.62723859268e-06 7.55313270557e-06 2.60864268617e-06 7.38678469434e-06 5.27794224356e-06 4.17438093288e-06 7.80937342296e-06 6.26853555363e-06 7.71773225522e-06 1.23885189593e-05 4.62599328839e-06 1.19674058672e-05 2.91655711476e-06 8.86159045657e-06 3.61165904532e-06 7.50430662658e-06 5.06500499257e-06 5.37361960975e-06 7.12558480534e-06 4.10163501399e-06 9.23743405904e-06 3.13795243025e-06 1.29167262455e-05 5.76843033061e-06 1.15765907451e-05 9.78772743443e-06 6.24987003732e-06 9.02063734176e-06 4.29595116917e-06 5.8319053177e-06 7.34522703101e-06 2.65984390325e-06 7.20963929879e-06 2.65740235104e-06 5.57919861229e-06 4.81053883336e-06 1.64626263013e-06 5.82971554258e-06 3.53331673347e-06 5.89913066707e-06 5.29856977523e-06 9.90539628804e-06 2.68102364816e-05 1.26045734549e-05 7.46947509964e-06 8.91182531615e-06 2.73448172769e-06 8.23064016555e-06 6.02465939597e-06 3.31544241057e-06 9.82543243983e-06 3.67901775584e-06 7.53962954884e-06 5.971802017e-06 7.66372943755e-06 7.27703117966e-06 1.00841355054e-05 7.72629583829e-06 1.61604247839e-05 5.50672198441e-06 1.2569642069e-05 4.82927157803e-06 8.85770411703e-06 5.31807267585e-06 7.44057623519e-06 5.84819307605e-06 7.6862930579e-06 5.9541469868e-06 7.56769874609e-06 5.94761488089e-06 9.11629413788e-06 4.8945896611e-06 1.33450463237e-05 6.43480370955e-06 1.49851494313e-05 9.62428408707e-06 1.01130781667e-05 8.17145527327e-06 7.65863860106e-06 6.47068709763e-06 7.30158392773e-06 3.50853183927e-06 9.19681863714e-06 3.40026716461e-06 5.52405629977e-06 7.2991148385e-06 2.1496712863e-06 7.19370211919e-06 5.1173796217e-06 8.25910288152e-06 1.46484769336e-05 2.68539208428e-05 7.55452382741e-06 8.93451424716e-06 2.68248978036e-06 7.36475599159e-06 6.41428498226e-06 2.65777575208e-06 9.17683967609e-06 2.86189915502e-06 7.70070137215e-06 4.26873955792e-06 4.96177101066e-06 8.87852265029e-06 6.84710430064e-06 7.94591379124e-06 1.25844129497e-05 6.00316984297e-06 1.01255487228e-05 3.77531099263e-06 8.90685643648e-06 3.87630527452e-06 6.83629230486e-06 3.78030777105e-06 5.92323939701e-06 5.67321723713e-06 4.0945989326e-06 6.57839547766e-06 4.21287010599e-06 9.46480564051e-06 3.92975812297e-06 1.06124898704e-05 7.17314829444e-06 1.11309491559e-05 9.92054754627e-06 6.39644518955e-06 9.92124839278e-06 5.09538195773e-06 4.22632900297e-06 7.46874751649e-06 2.79523836163e-06 8.30254978939e-06 2.44540078045e-06 5.65431985503e-06 5.91384105336e-06 2.11481255566e-06 6.66186636769e-06 5.00670160008e-06 1.3706576375e-05 3.1758672232e-05 1.52691151327e-05 4.67306549543e-06 1.15056890336e-05 9.9163750542e-06 4.83001261154e-06 1.00698335981e-05 3.99786145183e-06 1.0740562338e-05 6.75620585307e-06 5.9064919817e-06 1.15607074057e-05 1.23113050523e-05 8.59213445152e-06 1.81328105e-05 6.00508752125e-06 1.69830509255e-05 4.38951089596e-06 1.09302633823e-05 6.60531921517e-06 8.04714084573e-06 6.27740569904e-06 6.18928540032e-06 7.60897417805e-06 6.24369052094e-06 6.22815158584e-06 7.60868115532e-06 7.22233084374e-06 1.15255507669e-05 4.32044761829e-06 1.76397966176e-05 6.76596436559e-06 1.67202168997e-05 1.0215994492e-05 1.25865926459e-05 1.18425769877e-05 6.08537802819e-06 6.90976159083e-06 1.01289200894e-05 4.06969060059e-06 8.88537397763e-06 4.20888971339e-06 8.11834906621e-06 8.92431897862e-06 3.26760996733e-06 1.00397457946e-05 1.62135929512e-05 3.29320192389e-05 4.9134639215e-06 1.00591985731e-05 8.80553661872e-06 3.99667970506e-06 9.64792911198e-06 2.58812646308e-06 9.19114660819e-06 5.23771845644e-06 5.75633041929e-06 8.45856866804e-06 7.90614332192e-06 9.94131690177e-06 1.31719802241e-05 6.89613141905e-06 1.08652172899e-05 4.39301684591e-06 8.08114851938e-06 4.86583442565e-06 7.58813736609e-06 4.84945857567e-06 5.9454587827e-06 4.65702328469e-06 5.02698222962e-06 5.76988045298e-06 4.82868954287e-06 7.57503631285e-06 5.29301561804e-06 8.3504982229e-06 4.64914078756e-06 1.10286878209e-05 8.08355229355e-06 1.13160409778e-05 1.17000439678e-05 7.81392978507e-06 8.36529624932e-06 5.64484405408e-06 5.27430918076e-06 8.18790175152e-06 2.48640333159e-06 8.30202538259e-06 3.31497174002e-06 6.5950459742e-06 7.12492313789e-06 3.0024776998e-06 1.57780952579e-05 1.9078435486e-05 1.94606294579e-05 1.62637226312e-05 7.0186850178e-06 1.73761054075e-05 6.18134099247e-06 1.2985244327e-05 9.58473602317e-06 9.56886766455e-06 1.45940130843e-05 1.07090476611e-05 1.48171685851e-05 2.34250826024e-05 7.67848700647e-06 2.09775095376e-05 4.95046763773e-06 1.60945979731e-05 7.1949314447e-06 1.10116103859e-05 9.31545965015e-06 8.54124422399e-06 9.68610159104e-06 6.30431597407e-06 9.81415211797e-06 8.35472996765e-06 9.48765146325e-06 1.07799028769e-05 7.70737393918e-06 1.67171301293e-05 4.77242795327e-06 2.21224683122e-05 8.22471163927e-06 2.18341654637e-05 1.67828240471e-05 1.10478298435e-05 1.45767282329e-05 9.516489154e-06 9.21789025827e-06 1.14153614367e-05 5.52688860968e-06 1.43889532056e-05 5.69549399432e-06 1.17956731941e-05 1.28714036202e-05 9.6950796896e-06 5.93673420956e-05 1.94227158417e-05 8.42097374641e-06 1.9045537187e-05 7.1899410353e-06 1.55323648799e-05 8.14521370044e-06 1.05283850158e-05 1.51940455525e-05 1.35043289952e-05 1.2986014435e-05 2.28234066036e-05 1.20718694166e-05 1.40567431394e-05 6.84551946157e-06 1.11966656658e-05 8.71706828309e-06 9.60326131709e-06 7.55111198206e-06 1.02527828913e-05 8.03315969172e-06 7.21868583839e-06 6.96195626202e-06 8.13008174898e-06 1.01361670856e-05 7.73305166414e-06 9.56001071402e-06 9.18625765562e-06 1.1191611551e-05 6.41942926601e-06 1.45726043228e-05 1.27792080433e-05 1.99658341198e-05 1.4520517153e-05 1.33596100547e-05 1.44918941782e-05 9.96267586918e-06 7.57347832512e-06 1.30213765095e-05 5.82119674272e-06 1.46423267872e-05 6.11499676563e-06 1.23121696685e-05 2.73786185294e-05 4.50098996994e-05 9.68983423418e-06 1.97242483068e-05 6.36389306493e-06 1.53596245547e-05 8.16898810162e-06 8.21061452168e-06 1.47024308598e-05 1.11095726739e-05 1.36041323756e-05 1.86132997355e-05 1.011366878e-05 1.86755475153e-05 5.03036248168e-06 1.31179437595e-05 6.0428562216e-06 9.54671453539e-06 6.63307661141e-06 7.64045173569e-06 9.1010866465e-06 5.10833098771e-06 7.9779961198e-06 4.76636910346e-06 9.44433181776e-06 7.23461415419e-06 6.91269516405e-06 9.58268658507e-06 5.96223310256e-06 1.35654708277e-05 4.25383034107e-06 1.97353313315e-05 1.07476337761e-05 1.56412686665e-05 1.51950597215e-05 1.06302766659e-05 1.40874609199e-05 7.24829990004e-06 7.42603767981e-06 1.24228246355e-05 4.85994114357e-06 1.35528378871e-05 6.17559750142e-06 2.10463183545e-05 3.10899589739e-05 3.34600909977e-05 9.41886752269e-06 2.08631107965e-05 1.21097892145e-05 1.25682540587e-05 1.66447136154e-05 1.60584068531e-05 1.81733409801e-05 2.59699967933e-05 1.02307871479e-05 2.37044352894e-05 8.77023302346e-06 1.19417131387e-05 1.00106788401e-05 9.2412054413e-06 9.67445385257e-06 9.45403706004e-06 9.74009717482e-06 8.29877361526e-06 8.07164401053e-06 7.78402292671e-06 8.45748486853e-06 9.66067198223e-06 9.18261248512e-06 9.69033926559e-06 8.75797355792e-06 1.02758388673e-05 1.16022244896e-05 7.8729476366e-06 2.41866168589e-05 1.0451454215e-05 2.32135517357e-05 1.94383858345e-05 1.55301669945e-05 1.55888480389e-05 1.14314981478e-05 1.04023604881e-05 1.64914844845e-05 6.85136989391e-06 2.08449267344e-05 1.56173277457e-05 9.37079319053e-05 1.28622882036e-05 2.82114537185e-05 1.54774993629e-05 1.58548128764e-05 2.0321178495e-05 1.47648343934e-05 2.28833102014e-05 2.86812954303e-05 1.43669175166e-05 1.98511335814e-05 8.71958069315e-06 2.02344098902e-05 7.45921445735e-06 1.34019000397e-05 7.38336380489e-06 1.13358377911e-05 1.01457406914e-05 7.0777374249e-06 1.08983894127e-05 6.32952632412e-06 1.11626966084e-05 6.74321946021e-06 1.03146527698e-05 1.07351545906e-05 7.35384686858e-06 1.29685949906e-05 7.39201035583e-06 1.95638106028e-05 7.50849482869e-06 1.99713948082e-05 1.45068126658e-05 2.45954495807e-05 2.35073858548e-05 1.3908141999e-05 1.85445793846e-05 1.33528359563e-05 1.18983201805e-05 2.03442323819e-05 8.32571915102e-06 4.34474822082e-05 4.1949390325e-05 4.1191145201e-05 2.16003304297e-05 2.07098905687e-05 2.92069260928e-05 2.19120032973e-05 2.46931679851e-05 3.61111127472e-05 1.77540257973e-05 2.77723751527e-05 8.15543365579e-06 2.21939585389e-05 1.37476713178e-05 1.16625205009e-05 1.09664579256e-05 1.00124626783e-05 1.32824793899e-05 7.86947020169e-06 1.06088062231e-05 9.72347022969e-06 1.04893110565e-05 1.01308960438e-05 7.88791540725e-06 1.28873934635e-05 9.37531586243e-06 1.13402999101e-05 1.05499924128e-05 1.38497314519e-05 2.01373034438e-05 7.13117819007e-06 2.78028583736e-05 1.69571734106e-05 2.98218003133e-05 2.39673600161e-05 1.97630469734e-05 2.43619072861e-05 1.6404192286e-05 1.52394093545e-05 2.61992426325e-05 2.04405495403e-05 0.000102012553676 2.48996714669e-05 2.31999219125e-05 2.76964845801e-05 2.27013470108e-05 2.69986299815e-05 3.31686369857e-05 1.96706496845e-05 2.67341187734e-05 8.80133559934e-06 1.68612395022e-05 1.15780631985e-05 1.54561209446e-05 7.7055567543e-06 1.06312398827e-05 9.7708911792e-06 8.16740358136e-06 9.91476039143e-06 7.85148442292e-06 1.18577657009e-05 7.94105805598e-06 1.00374208426e-05 7.81457856289e-06 9.28745758329e-06 1.00579207068e-05 7.58662843439e-06 1.41198461827e-05 1.10102049234e-05 1.44799764378e-05 7.85531540054e-06 2.55084379281e-05 1.75984130787e-05 2.523180854e-05 2.52453099203e-05 1.89845165172e-05 2.18375737902e-05 1.65712139476e-05 1.55309872913e-05 4.60172162086e-05 8.90486379546e-05 3.51928530867e-05 4.25485973275e-05 3.07831399924e-05 3.90601520609e-05 4.5386150605e-05 2.11220447873e-05 3.93615339955e-05 1.12969101439e-05 2.53898275733e-05 1.17491684278e-05 1.9182758515e-05 1.42742758811e-05 1.04574396026e-05 1.53212134562e-05 8.47592653892e-06 1.42279291706e-05 9.8035296123e-06 1.27244270582e-05 1.19511629701e-05 1.0286686656e-05 1.33266438542e-05 8.23228338276e-06 1.42023923651e-05 9.50245378799e-06 1.40245684058e-05 1.68338589686e-05 1.10761007289e-05 2.28850797605e-05 9.68312925716e-06 3.62616901399e-05 1.82030361689e-05 3.70852389868e-05 3.5126508154e-05 2.577777066e-05 3.0122630267e-05 2.44063446784e-05 4.05578732656e-05 0.000109272754478 6.76307323949e-05 4.46283292957e-05 5.37460805346e-05 6.21181698366e-05 3.08077452934e-05 4.05004741204e-05 1.46420092842e-05 3.11461768953e-05 1.76130967431e-05 1.88803190717e-05 1.66974020813e-05 1.85223501503e-05 1.37602182281e-05 1.23736708604e-05 1.3284997071e-05 1.28627056831e-05 1.51433802373e-05 1.20349645822e-05 1.47907698052e-05 1.32758761752e-05 1.19016676026e-05 1.18827293693e-05 1.18216218351e-05 1.67589560091e-05 1.54538132149e-05 1.54662885647e-05 1.6473832723e-05 2.68226699929e-05 1.19485643554e-05 3.39064968645e-05 2.56618675559e-05 4.79722770873e-05 4.52553715776e-05 3.36916201845e-05 4.15335577375e-05 5.49977863658e-05 0.000203112184945 6.61293033944e-05 7.64217883236e-05 7.45153046391e-05 3.94465486587e-05 5.38753214866e-05 1.36069483163e-05 3.9484326283e-05 2.03360938466e-05 2.49739331136e-05 1.5480039678e-05 1.85945965313e-05 2.28900011991e-05 1.01321647938e-05 1.86258798844e-05 1.08612898259e-05 1.89874650358e-05 1.33347669159e-05 1.30590068235e-05 1.84863394455e-05 1.04099849684e-05 1.69804662449e-05 9.14980156166e-06 1.96826389803e-05 1.6695885548e-05 1.3355670211e-05 2.03900423503e-05 1.80855964759e-05 3.21849979665e-05 1.10445919051e-05 4.51537825183e-05 3.15639440514e-05 5.87452692524e-05 6.0311825798e-05 4.48205086928e-05 9.56358903778e-05 0.000227128422886 0.000123759744345 0.000113516594141 5.49614316796e-05 8.2933709843e-05 1.97974783931e-05 4.28775579547e-05 2.78950184701e-05 3.02823205017e-05 2.41140042199e-05 1.80867505602e-05 2.55297505727e-05 1.93444250156e-05 1.59319221589e-05 1.76821810594e-05 1.69498185652e-05 1.9473600478e-05 1.44082203527e-05 1.88323511455e-05 1.58349508306e-05 1.66839331936e-05 1.40548539238e-05 1.68033608681e-05 2.15940901108e-05 1.51362724915e-05 1.9676733364e-05 2.39181993749e-05 2.31725218782e-05 3.13532638343e-05 1.56264249475e-05 6.23936608199e-05 4.26692301267e-05 8.19446558769e-05 8.4575163577e-05 0.000108592020022 0.000440211110139 0.000189188844601 8.960706593e-05 0.000120270436669 3.13425716021e-05 6.55463822622e-05 3.1360112173e-05 4.5008263615e-05 3.01234812156e-05 2.87255473308e-05 2.60665881083e-05 2.24741741662e-05 2.90685582993e-05 1.58348367279e-05 2.67245404804e-05 1.79489871259e-05 2.16193243499e-05 2.10458283869e-05 1.71858840533e-05 2.43183109425e-05 1.42106099751e-05 2.52907827761e-05 1.75994835357e-05 2.08129338664e-05 2.26233049488e-05 2.26900391892e-05 3.161227826e-05 2.31049599696e-05 4.48749865411e-05 2.07061431351e-05 8.18064631984e-05 6.19142410305e-05 0.000125300926273 0.000216352599031 0.00162060694232 0.00030355298181 0.000400525027299 9.60130869048e-05 0.000203993115993 9.60602494893e-05 0.000107838141156 8.71073568102e-05 7.94580298565e-05 8.17089692493e-05 4.79303404054e-05 7.13298471674e-05 5.6770140038e-05 5.15834942435e-05 5.56308892781e-05 4.24965688447e-05 5.98182123368e-05 3.98708301071e-05 4.9493386665e-05 4.26044824715e-05 4.71619619258e-05 5.34723930645e-05 3.36873800168e-05 5.66074103351e-05 5.22530635877e-05 5.37578588265e-05 6.05056654971e-05 5.76450237368e-05 0.000106942346442 4.93344123458e-05 0.00019802560847 0.000161759910715 0.00068696811496 
































