





























9.03437962075e-07 4.83007728618e-07 1.07551784194e-07 6.37151826402e-07 2.14648076788e-07 8.77131011537e-07 3.047943362e-07 4.03539283087e-07 1.5402673024e-07 2.77383408593e-07 3.70731521159e-07 3.3022063581e-07 1.94072909651e-07 1.99264688977e-07 3.41796837713e-07 3.81694035813e-07 3.09863108879e-07 1.6686830218e-07 4.62700192978e-07 3.683087884e-07 9.59687483931e-07 2.73603379512e-07 7.41399544003e-07 1.32227660425e-07 6.18616754364e-07 6.617542359e-07 5.93151444045e-07 2.15659025411e-06 3.7746287702e-07 6.98176238262e-07 4.10655682054e-07 4.05914620299e-07 2.03812993899e-07 4.49935543518e-07 1.05250640848e-07 1.41197477597e-07 4.85954760523e-07 2.55371132299e-07 5.20409257754e-08 5.07885072458e-07 5.05347537628e-07 5.13601217734e-08 2.82856161934e-07 5.44730347432e-07 1.57796916223e-07 1.46276962729e-07 4.88905195593e-07 2.64765065441e-07 5.02089042269e-07 5.4755757382e-07 7.2120149478e-07 4.12085881679e-07 1.45300464458e-06 7.59769144447e-07 9.93447547349e-08 4.16383607492e-07 7.90867390857e-07 1.74438819327e-07 2.56686421837e-07 6.22207159931e-07 6.63211333344e-09 5.61086798253e-07 3.23306141398e-08 3.16657973535e-08 6.88352686424e-07 6.23141593657e-09 4.51984855112e-09 6.77993290099e-07 2.70452093454e-09 8.99037898129e-09 6.78367251519e-07 7.34362056223e-09 2.80185930735e-09 7.16081653099e-07 3.88684134086e-08 2.59379084321e-08 6.37555390106e-07 6.20752138845e-09 6.71563883028e-07 2.46716284349e-07 9.98583465919e-08 5.67897767817e-07 4.50236793097e-07 1.1054427785e-07 9.88602953942e-07 7.13377653953e-07 1.35471521401e-07 2.04344906711e-06 6.3878625333e-07 4.2290849636e-07 2.5430756606e-07 2.40617743713e-07 2.13636979803e-07 1.75158794414e-07 4.09467147447e-07 1.41137362336e-07 1.76972772826e-07 3.33117610536e-07 2.81649162203e-07 1.40750196809e-07 3.33709640478e-07 3.26305224382e-07 1.88478079431e-07 1.32100491493e-07 4.66292972533e-07 2.21981568494e-07 2.63850246972e-07 2.3396082063e-07 2.8664378123e-07 4.21097389501e-07 4.96347130344e-07 1.36373708772e-06 9.85980188076e-08 7.54467834196e-07 1.09028397262e-06 4.39278418842e-07 5.73512273612e-07 2.88330477785e-07 6.72491190544e-07 1.89633898861e-06 1.44742169198e-06 2.23227537724e-07 8.20955617953e-07 1.98454605696e-07 8.24754097712e-08 1.20724734619e-06 1.7407023961e-07 9.73642927239e-08 1.05812892401e-06 3.59083561439e-07 8.18351791239e-08 7.54855904962e-07 9.44281838246e-08 3.56876125832e-07 1.08259623254e-06 9.88034095205e-08 1.7632039639e-07 1.25014822089e-06 8.95696544329e-08 1.98405600107e-07 8.12492333219e-07 2.39554900197e-07 1.23823730679e-06 1.29113203243e-06 5.56573733844e-07 2.81476901203e-07 7.98978410975e-07 5.53731978571e-07 5.83067842656e-07 8.3799819005e-07 9.78862892654e-07 4.47202328218e-07 1.68893172547e-06 7.52077517068e-06 1.36024361176e-06 2.39672393549e-06 2.25623239585e-07 7.81993247015e-07 1.86687606926e-06 3.63447581282e-07 4.07886948889e-07 1.44666018434e-06 9.38456843932e-07 5.18227704686e-07 8.54082794937e-07 6.74354846565e-07 8.40735307339e-07 5.18103395989e-07 9.38304253895e-07 1.43561916282e-06 4.19408412508e-07 3.66591845258e-07 1.80625085148e-06 7.38262819511e-07 2.0989429585e-07 2.28865115656e-06 1.06852203483e-06 4.6329710251e-06 1.44257135235e-06 4.20521898016e-07 1.07006512201e-06 1.10252601342e-06 7.14414913051e-07 3.41731139025e-07 2.00495276148e-07 6.95668179259e-08 2.06115802514e-07 2.15514592556e-07 1.53671030246e-06 1.70381590289e-06 4.66943741876e-07 2.42922779208e-07 3.12583559821e-07 5.45202800734e-07 4.08230271212e-07 1.43537555739e-07 4.17195666803e-07 6.88263793543e-07 1.76314636451e-07 5.46112360522e-07 4.76871077179e-07 3.42773057774e-07 4.76922725323e-07 5.3652710067e-07 1.79508426574e-07 6.83577914321e-07 3.69793273493e-07 1.73609371245e-07 3.73721747655e-07 4.76160447351e-07 2.66114020712e-07 3.26307445083e-07 2.37735531074e-07 1.23403342362e-06 1.27190244252e-06 2.062354598e-07 2.51687073463e-07 6.89916024476e-08 2.7241972133e-07 4.06217546317e-07 1.09816062517e-06 1.00642613167e-06 7.16985724666e-07 3.68409410553e-07 1.3013971694e-06 2.46840910249e-06 3.07409110971e-07 5.54293273356e-06 2.72794076014e-07 7.9769030288e-07 2.54609973126e-06 3.03424360433e-07 2.59541298318e-07 1.50377361112e-06 4.65639795386e-07 4.36154582921e-07 1.02930546107e-06 4.8464611584e-07 5.86908643775e-07 5.91153779758e-07 4.95894834581e-07 1.00170942297e-06 3.88751248672e-07 4.39036615597e-07 1.40712629423e-06 1.82992107838e-07 2.10431302441e-07 2.37635154248e-06 5.71221777941e-07 1.01463618856e-07 3.51253958655e-06 1.7844390827e-07 2.35532425428e-06 1.29579124764e-06 4.04442855663e-07 8.36902283101e-07 1.21278222959e-06 1.21429875973e-06 1.23676017356e-07 1.36754342189e-07 3.2727594838e-08 2.37205472339e-07 1.98178958539e-07 2.02606854402e-07 4.2794131086e-07 1.22999337741e-07 6.20334741906e-07 1.21932777256e-07 6.38645869173e-07 1.49018583817e-07 5.12244384681e-08 4.40096646489e-07 2.1391681337e-07 6.06480638093e-08 2.80446682146e-07 7.91326503112e-08 2.29414536329e-07 3.92350719703e-07 2.1716625618e-07 1.07493622906e-07 2.25276290134e-07 8.26504890911e-08 2.26841166245e-07 3.75360347676e-07 5.00419434578e-08 9.93195796248e-08 5.36788585404e-07 7.53099444423e-08 5.16434682698e-07 6.56148840708e-08 4.36332411094e-07 1.75574688947e-07 1.90330696683e-07 3.03376285043e-07 3.50571042239e-08 1.66325110973e-07 1.41925863844e-07 4.45376137814e-08 2.57084913102e-07 7.58699358812e-08 1.94784337117e-07 2.34049743007e-07 9.81965825123e-07 3.54499915982e-07 1.05793630011e-06 1.39077823349e-07 1.60030895899e-06 6.43274661672e-07 5.76197329397e-07 1.30066467881e-07 4.98566286469e-07 7.45893800447e-07 2.31354998734e-07 3.07121971565e-07 4.90373956476e-07 3.36945758381e-07 6.5045314921e-07 6.03319334378e-07 3.28927620839e-07 4.63674697925e-07 2.92781967316e-07 2.11327840578e-07 7.23760322329e-07 4.27877110358e-07 8.35315820455e-08 5.26700112007e-07 3.68054757047e-07 1.19807908182e-06 6.18708272048e-08 7.54619334741e-07 3.01760873577e-07 9.838523606e-07 2.66951898257e-07 2.73338005953e-07 1.33380017206e-07 3.50055826234e-07 4.98497484446e-08 3.20365607278e-07 9.33524194148e-07 3.48589748698e-07 7.16488414885e-07 1.34270455737e-06 1.86040445429e-06 3.78746371096e-07 2.85635365301e-06 6.99208726046e-07 5.9640323998e-07 8.44853854865e-06 4.1304311883e-07 7.36763780409e-07 3.28484604414e-06 7.84203145939e-07 8.35128778145e-07 1.6783352637e-06 6.73026949763e-07 1.36344137972e-06 1.64564934514e-06 1.06775159218e-06 1.55831344245e-06 1.29249724003e-06 6.22401987338e-07 1.58059354274e-06 7.64009190964e-07 6.64226010782e-07 2.93450328759e-06 4.9447406065e-07 2.74498634698e-07 5.38120021084e-06 3.31773577553e-07 5.75443912513e-07 2.46927902701e-06 2.93967403088e-07 1.73408836608e-06 1.44607489704e-06 9.17711413576e-07 4.26253368466e-07 1.21683393054e-06 3.33611696337e-07 3.8450254373e-07 4.9693398406e-08 1.44353586123e-07 2.21227913734e-07 7.795475e-07 5.59803236243e-07 2.95559172525e-07 8.96609506222e-08 5.9889343377e-07 7.0592348877e-07 1.52345629051e-06 1.24726453871e-07 1.14564433059e-06 5.54580087712e-07 1.61060469629e-07 6.41489697792e-07 3.18541674391e-07 1.20458884498e-07 8.42343715623e-07 3.42126043237e-07 3.14514392454e-07 8.19823806312e-07 1.54449880219e-07 3.00464630375e-07 6.63870062847e-07 1.22555384365e-07 3.75486849258e-07 8.39063456284e-07 5.27134121399e-08 1.17717472061e-06 3.56923402273e-07 5.80341656916e-07 7.29524515666e-08 2.80171523639e-07 5.46635187562e-07 7.79333612763e-07 2.2942555498e-07 1.7872146178e-07 7.19342555322e-08 4.81157903206e-07 1.75235458523e-07 3.21842151088e-08 9.13219660201e-08 7.00155243344e-08 3.82105183713e-07 1.52874014366e-07 3.19800680887e-07 6.96592410283e-08 1.98480668911e-07 5.71910881744e-07 7.77858134978e-08 6.14427470064e-07 2.98882024012e-07 4.06877605549e-07 1.29849392626e-07 8.1183021394e-08 2.6204754294e-07 2.19962221454e-07 2.90913844927e-07 2.10437430806e-07 1.64678298585e-07 2.1168712217e-07 2.37166432596e-07 2.31730382496e-07 2.92919052776e-07 5.40817745042e-08 8.07781459515e-08 4.54010711042e-07 1.67513273369e-07 5.34432205902e-07 2.50092700657e-08 5.42026761166e-07 1.51570285557e-07 5.04717255253e-08 2.31186087227e-07 1.5248993167e-07 4.1847618438e-07 6.02905385555e-08 1.50217786199e-07 2.93800171077e-08 2.34853047968e-07 9.67955826473e-07 2.72326035945e-07 4.25502756701e-07 5.19513756698e-07 1.19805879202e-06 6.4922146905e-07 1.34325867769e-06 6.47841840524e-07 4.30698441384e-07 3.32459585306e-06 1.28054780471e-06 1.68078626719e-07 8.18529430612e-06 1.0125305844e-06 9.35982914685e-07 2.55267922316e-06 8.34163667641e-07 1.49813100046e-06 1.9295920829e-06 8.02515460662e-07 1.72310620158e-06 1.63146308684e-06 8.16077212697e-07 1.79727350193e-06 1.27317797053e-06 5.88537186062e-07 2.55863049495e-06 7.32860890965e-07 5.29305267699e-07 5.38056370306e-06 9.39396656432e-08 9.40234741597e-07 2.95185454179e-06 2.96998133898e-07 5.95768268574e-07 1.25501975726e-06 6.7544981846e-07 1.19602011773e-06 6.22773183626e-07 5.31867897187e-07 3.4020380774e-07 1.14889261953e-06 5.77237708284e-07 2.56824384384e-07 4.28075377107e-07 4.01978394251e-07 1.5680017821e-06 6.47296593575e-07 1.04583088272e-06 2.59218554263e-07 1.11523981159e-06 8.32134909897e-07 7.44545160232e-07 4.74574248326e-07 1.13213377496e-06 3.67805600775e-06 3.36681768032e-07 1.6908555797e-06 1.04369394788e-06 5.41358511487e-07 1.67725955312e-06 7.66521364656e-07 5.26213568403e-07 1.92839515171e-06 4.33398317303e-07 7.30235647651e-07 1.54655070926e-06 4.85043559939e-07 7.6110864748e-07 1.15831615916e-06 2.388592026e-07 2.75045685995e-06 6.26077741028e-07 4.88775695468e-07 5.30582957929e-07 6.34261790785e-07 1.08304187429e-06 2.57683437784e-07 9.82007854691e-07 6.39449357056e-07 1.72724844056e-06 4.41914034702e-07 5.31879044093e-07 3.10343984273e-07 7.01021317936e-07 3.01374902832e-07 1.24066600794e-07 1.8460166699e-07 2.45088363985e-07 5.04054330611e-07 2.21593060929e-07 4.55791273944e-07 2.17275385257e-07 3.11604554535e-07 1.00929210352e-06 2.24626515798e-07 1.51737070615e-07 1.49076649744e-06 4.77140894388e-07 1.41665949307e-06 4.2503635731e-07 6.93067538352e-07 4.73792992131e-07 4.87724475402e-07 7.81015228678e-07 2.57129872907e-07 3.56602979688e-07 3.77576647653e-07 2.87960404457e-07 7.53598254885e-07 3.67482831158e-07 3.50702644175e-07 6.12659952613e-07 2.52424673836e-07 1.18590015768e-06 2.73917802199e-07 1.05544541769e-06 9.23825673331e-08 1.68612702612e-07 1.03849037701e-06 2.60629793209e-07 2.4516690904e-07 4.52866960467e-07 2.14082888485e-07 5.30305807827e-07 2.6289568891e-07 2.16561752798e-07 1.3518280237e-07 3.60769401943e-07 5.35103885051e-07 2.13410491306e-07 6.91423862353e-07 7.60130139637e-07 1.16934584465e-06 1.14969847363e-06 7.30938741934e-07 2.30311677662e-07 6.08896563987e-07 1.50286682822e-06 1.14049626165e-06 1.89144838653e-07 2.95573028646e-06 1.63224470162e-06 2.97382736791e-07 6.51028360269e-06 6.96046583766e-07 1.41569825759e-06 2.95101768072e-06 7.03931208291e-07 1.47622921488e-06 1.69344263908e-06 4.64505004039e-07 1.55291353857e-06 1.48904085615e-06 4.59935238908e-07 2.71078692279e-06 8.76505390711e-07 3.36151383359e-07 4.48717876356e-06 1.20373305244e-07 1.13250614831e-06 2.6558885946e-06 1.04757672995e-07 1.04219141244e-06 1.27850597661e-06 6.15552966626e-07 1.83255931908e-07 6.67723495192e-07 1.17782054977e-06 1.20450983408e-06 8.1088283197e-07 7.75258594645e-07 2.71225514851e-07 6.03598401034e-07 3.8011414172e-07 1.52239649132e-07 2.78227031876e-07 3.89391407493e-07 1.02059424871e-06 2.7536480431e-07 9.1006453073e-07 1.25909424299e-07 5.07991202623e-07 1.35826138833e-06 4.32963276172e-07 4.63786509989e-07 6.3197195307e-07 1.11232684108e-06 9.0153167684e-07 8.39503794113e-07 3.58570510129e-06 7.30312150055e-07 1.82899100212e-06 1.26799958787e-06 4.39032359267e-07 1.98072633163e-06 6.8768363336e-07 6.47068324839e-07 1.99856840667e-06 3.38274332847e-07 1.12939793686e-06 1.36608181487e-06 4.95660916825e-07 2.7655278095e-06 4.89788739626e-07 7.4771447034e-07 8.14919674146e-07 5.60426570136e-07 5.03503769569e-07 3.25155716867e-07 1.35390892767e-06 4.31681550347e-07 1.02822256335e-07 9.71965334542e-07 2.16264704969e-07 1.1216604035e-06 4.36735128333e-07 3.31985486584e-07 1.98994720927e-07 4.43302803953e-07 2.0093205523e-07 2.2809990489e-07 3.37599622964e-07 2.84302529406e-07 1.00495006133e-06 3.74677350098e-07 7.42264041827e-07 3.03184115901e-07 4.46180524825e-07 1.43850192724e-06 5.15831096092e-07 2.37842836882e-07 2.1356789676e-06 5.29123806275e-07 6.37145863965e-07 1.7469144883e-06 7.45593961208e-07 3.42827982637e-06 8.78937986779e-07 1.40337795733e-06 7.83807021247e-07 9.62008316476e-07 1.11318552873e-06 7.38498786482e-07 1.10428593819e-06 8.73203108528e-07 6.8126420373e-07 1.32620461046e-06 6.09070517162e-07 2.80030562716e-06 4.23127910592e-07 1.23377806366e-06 4.7476115843e-07 4.56359333083e-07 1.8557811892e-06 2.52711809528e-07 4.57532002865e-07 1.34970184613e-06 3.69315344883e-07 2.89831549553e-07 7.99568413128e-07 3.54953533067e-07 1.13441160793e-06 3.37693808546e-07 3.72857506714e-07 2.89303501824e-07 2.30153807786e-07 6.25668341085e-07 2.53672879671e-07 6.87026400748e-07 6.77886388186e-07 1.28357909832e-06 7.86515155613e-07 6.01640836778e-07 9.74987820933e-08 1.24504251673e-06 1.17355010808e-06 1.08067584098e-06 3.37713491565e-07 1.62342836094e-06 2.29528973506e-06 2.98331089027e-07 2.72664217986e-06 1.96434433237e-06 7.21720399234e-07 7.93061222873e-06 7.67204476399e-07 1.96859215537e-06 3.23292690211e-06 6.40434421213e-07 1.93018516431e-06 1.9140571807e-06 4.08262611825e-07 2.86092526397e-06 1.65302958062e-06 3.8181487094e-07 5.56568649015e-06 4.3068779402e-07 1.42508328427e-06 2.61813982712e-06 1.89350874723e-07 2.08649350292e-06 1.46708865452e-06 3.1380188089e-07 1.02666512199e-06 1.09319907815e-06 1.23881643488e-06 1.16077331987e-07 5.6074063549e-07 8.82260383938e-07 1.40113980131e-06 7.8908133229e-07 8.01751301957e-07 3.05338621109e-07 6.793158905e-07 2.47926094188e-08 1.25753547132e-07 7.0882792117e-07 4.64580929298e-07 1.07241538046e-06 5.8368341777e-07 9.70780660154e-07 4.8645884206e-07 5.00508124276e-07 1.98730668049e-06 4.32932858903e-07 2.42416931177e-07 1.79804475191e-06 9.79787872761e-07 1.11316025392e-06 8.98813330703e-07 1.57623056719e-06 1.85693931726e-06 1.31859708647e-06 4.9179629523e-06 8.41653424054e-07 2.89244137872e-06 1.19756945769e-06 7.67927592342e-07 2.5669351939e-06 7.79354443995e-07 1.1678630066e-06 2.59834636684e-06 5.29392473974e-07 3.9203160585e-06 7.03778954548e-07 1.52308705997e-06 1.3237279224e-06 7.079311527e-07 1.0732293869e-06 8.31795938579e-07 1.82835619069e-06 2.06910395174e-07 3.48804544398e-07 1.98783541307e-06 4.24092665916e-07 5.50721405567e-07 1.08974322676e-06 6.21108072344e-07 1.19002181881e-06 5.10880833683e-07 8.07313700296e-07 1.44878184253e-07 2.66268851695e-08 1.06191085858e-07 1.78064045271e-07 3.36801298487e-07 4.1314346004e-07 7.50322656899e-07 4.61097388692e-07 5.54561985805e-07 1.03653349279e-07 6.5610530721e-07 7.68637225187e-07 6.98784628062e-07 3.09271179771e-08 1.88702000619e-06 8.67503421695e-07 3.60159004667e-07 2.31785836703e-06 3.52693936861e-07 8.85844649151e-07 1.89894720864e-06 5.05656414216e-07 3.93823929257e-06 9.8771762587e-07 1.12823870356e-06 1.2820635932e-06 8.19765995129e-07 8.61779024592e-07 1.23638003332e-06 8.70018387516e-07 5.75177623447e-07 3.13259921773e-06 1.89533429618e-07 1.89366987049e-06 7.22201876151e-07 2.55676871368e-07 2.35363230433e-06 2.59188625818e-07 7.73166450992e-07 1.68784103191e-06 6.47917780971e-09 6.82520533788e-07 6.74063794884e-07 7.04627457841e-07 9.54271943847e-08 6.26047376099e-07 4.65889885235e-07 8.31929784212e-07 4.44442650115e-07 3.94220113704e-07 1.93651756163e-07 1.11401072916e-07 5.3667194722e-07 1.11101476648e-06 6.58510753561e-07 1.84180790857e-06 8.99789412531e-07 1.20156193338e-06 5.82694921161e-07 9.5628709628e-07 1.99259427156e-06 7.102041583e-07 4.6518877794e-07 1.76157320903e-06 2.02099849605e-06 9.85069482467e-07 2.01796487529e-06 3.04363822936e-06 8.40473983907e-07 3.50589272359e-06 3.24058057527e-06 1.12811349808e-06 9.69978794067e-06 1.17917052637e-06 2.76739125069e-06 4.05054796448e-06 6.98142117778e-07 3.76525388899e-06 2.25663062942e-06 6.70197557224e-07 7.26836803328e-06 7.37309638376e-07 2.65510418148e-06 2.97344834974e-06 6.84563678628e-07 2.97206153978e-06 1.78754026962e-06 8.31856933889e-07 1.85795626693e-06 1.6473478889e-06 4.4884607627e-07 6.42945245809e-07 1.94388275658e-06 9.07541686273e-07 5.81706783921e-07 1.25055121282e-06 9.2623109274e-07 2.01585110199e-06 7.62572120958e-07 1.21925756318e-06 5.88650224433e-07 2.78238889258e-07 3.58484579309e-07 2.96350947795e-07 7.57143830509e-07 2.22878097823e-07 6.99142304059e-07 1.7104081813e-07 4.00758058152e-07 1.14849693326e-06 2.64790242061e-07 1.35613135996e-07 1.43588412894e-06 6.75221286528e-07 3.93891508056e-07 1.15691716348e-06 8.69916026023e-07 1.52922280714e-06 5.3737842376e-07 1.45494926725e-06 1.42337717895e-06 1.17102580937e-06 3.17393124471e-06 6.84163812261e-07 2.32159553043e-06 7.91453004747e-07 7.43860439956e-07 2.04087694464e-06 5.41954129292e-07 2.88034184632e-06 7.60146949475e-07 1.11277805077e-06 1.18291660201e-06 4.56189654267e-07 1.55390870269e-06 7.65501901285e-07 1.11035194635e-06 3.45563620853e-07 6.41494624366e-07 1.46092056043e-06 9.39437867735e-08 2.04201236586e-07 1.18355874641e-06 4.23444107209e-07 1.08640214754e-07 7.69478079407e-07 1.85040777803e-07 8.19692212278e-07 3.34782849744e-07 3.72570258257e-07 2.90692839e-07 3.13425007137e-07 4.63726695036e-07 3.03732583315e-07 1.13610092153e-06 4.02995111876e-07 7.2622630205e-07 3.39926157477e-07 6.3931051211e-07 1.31326441429e-06 7.64455454602e-07 3.06390024128e-07 1.06097121921e-06 1.49735323406e-06 2.13283794517e-07 1.85226245536e-06 1.27347295857e-06 8.25078319315e-07 2.88726200034e-06 5.93078898314e-07 1.44738827238e-06 3.06024117574e-06 6.08051723418e-07 4.7099437047e-06 1.31600934129e-06 1.03605258863e-06 2.49436880588e-06 8.71054439678e-07 8.17652952962e-07 3.94161131852e-06 3.18836296478e-07 2.50586972741e-06 1.30834654367e-06 3.53209725419e-07 2.83772469093e-06 6.23730649048e-07 1.23973840776e-06 1.90513437148e-06 2.27966622175e-07 1.37824251098e-06 9.97323109648e-07 3.39010263165e-07 7.98358252652e-07 1.32075182164e-06 6.67501702255e-07 3.40074717496e-07 7.33995871136e-07 4.18166782745e-07 1.24319994106e-06 3.17200487819e-07 5.00005907678e-07 3.21862044481e-07 2.18763273756e-08 3.2608671636e-07 4.75269132373e-07 1.21261566015e-06 6.48334823275e-07 1.19411083608e-06 4.60707365109e-07 6.55076694433e-07 1.80971874271e-06 5.9715007035e-07 2.15162872724e-07 1.97900594872e-06 1.06579150325e-06 1.1891091136e-06 1.45246557852e-06 2.11244797461e-06 1.80424653797e-06 2.15266542916e-06 3.43387296598e-06 1.00139002537e-06 4.4830330036e-06 2.44933588054e-06 1.31326240516e-06 9.87865432715e-06 9.27413075999e-07 4.33622230621e-06 3.94515971446e-06 7.40326741282e-07 7.79514702506e-06 9.0340662246e-07 2.08228520485e-06 3.93516023202e-06 8.36194477565e-07 3.29444672073e-06 1.87604826119e-06 1.69925688396e-06 1.95765169106e-06 1.35766135502e-06 1.10552624136e-06 9.51578065056e-07 1.9990694092e-06 1.90752941742e-07 6.44713502529e-07 1.75953667367e-06 6.92753750282e-07 4.15879331646e-07 1.29986645728e-06 6.46000481009e-07 1.27829738275e-06 4.99953773048e-07 3.61383853486e-07 2.23732013677e-08 1.62302692029e-07 2.88961856384e-07 8.89097474484e-07 2.35159134174e-07 5.56295401687e-07 1.33068274344e-07 2.01824293096e-07 1.0081306226e-06 3.39977216082e-07 2.68011006557e-07 1.12334883e-06 6.39345266428e-07 4.16642004661e-07 8.72472319181e-07 5.10589590232e-07 1.01514072185e-06 1.39679674862e-06 7.63947008329e-07 1.13115463054e-06 1.01563735735e-06 9.31114124621e-07 1.54749457952e-06 9.22419479626e-07 2.92009568529e-06 9.55518170776e-07 2.57624741371e-06 7.18113192641e-07 2.82472138023e-06 6.61752592415e-07 1.28995426628e-06 7.2919428591e-07 8.68219136838e-07 1.04148878286e-06 5.64874315874e-07 1.35430241861e-06 9.10641778275e-07 4.96284989941e-07 8.41000095366e-07 3.67261215779e-07 6.93600509831e-07 1.12507675244e-06 2.75227270121e-07 3.37499910949e-07 9.94531758837e-07 1.77980748118e-07 1.13132843726e-07 6.16513892073e-07 2.00447343832e-07 9.74798513342e-07 3.41682446823e-07 1.7571510397e-07 3.84357064664e-07 6.02692933069e-07 1.39426915931e-06 6.42988610023e-07 1.05716390316e-06 6.5152372783e-07 6.42060240967e-07 1.54237250639e-06 5.62076841435e-07 9.96778609225e-08 1.85264771338e-06 1.42470017959e-06 8.71852171408e-07 1.32647064976e-06 2.47988242233e-06 8.17715989694e-07 3.64819643371e-06 1.96740801558e-06 1.46560666414e-06 5.43825337275e-06 5.87592539068e-07 2.42212684482e-06 4.53317217008e-06 6.80913923487e-07 1.124273898e-05 2.21555715075e-06 1.53805067118e-06 8.64456572443e-06 4.55015922047e-07 4.15491204519e-06 2.31986323274e-06 4.85996810828e-07 5.37209293344e-06 1.27538276946e-06 1.92006905734e-06 3.6188155151e-06 7.79948133833e-07 2.42184313526e-06 1.36270230997e-06 7.83772014827e-07 1.4030354839e-06 1.89283214957e-06 9.75189828639e-08 6.09458674855e-07 1.54805821405e-06 6.60484971503e-07 7.25897521189e-07 1.04841555644e-06 7.06396917508e-07 1.52551711414e-06 6.42148932751e-07 3.96523640758e-07 2.43513020502e-07 1.0525858175e-06 1.67303271035e-06 5.7485141852e-07 1.01794800126e-06 3.82453285889e-07 5.64366533434e-07 2.28103262124e-06 5.79535994119e-07 5.37356033026e-07 2.14920961312e-06 1.60352437736e-06 9.9155895067e-07 1.34018462998e-06 1.21931686719e-06 2.47745506321e-06 2.03773511184e-06 2.89090128152e-06 2.05351512456e-06 3.086013816e-06 2.94381878047e-06 9.87152770994e-07 4.70560159651e-06 2.66849047052e-06 2.4202439847e-06 1.01224392408e-05 7.505238992e-07 9.41167688331e-06 1.7837675503e-06 2.60555136611e-06 4.34598448248e-06 8.29469455391e-07 3.10557655002e-06 2.86018168053e-06 2.10650277594e-06 2.7338350613e-06 1.909057521e-06 2.53819440874e-06 1.08431316944e-06 1.32674677872e-06 8.23873669073e-07 1.58475488212e-06 2.14637609147e-06 5.3278316721e-07 5.91009774931e-07 2.19323344314e-06 5.97487811002e-07 3.62601084033e-07 1.07616058289e-06 6.23179843148e-07 1.75960934591e-06 1.09816684544e-06 2.52934566954e-07 4.418205766e-07 8.57167681347e-07 3.2091281412e-07 7.45581128746e-07 1.33144172471e-07 4.19865515872e-07 6.66931447589e-07 3.54419972583e-07 8.40898405103e-08 9.42326256045e-07 5.51745039286e-07 2.1997268214e-07 1.08143808881e-06 5.89612898673e-07 5.89277749818e-07 1.29010963642e-06 8.88248883444e-07 7.87743453988e-07 1.85487629148e-06 8.51342560517e-07 1.4016456914e-06 7.49948347581e-07 7.92291391747e-07 2.71195391241e-06 1.1803723722e-06 2.65892740818e-06 3.03178552665e-06 7.96512167724e-07 2.53364808375e-06 9.12393351144e-07 7.17708509445e-07 1.42319373842e-06 8.20180270383e-07 1.89642144057e-06 8.2271828033e-07 8.20962565935e-07 1.31013972593e-06 5.10715211844e-07 5.87957646605e-07 1.16912622536e-06 1.56338755658e-07 4.39283626576e-07 9.90578741505e-07 3.14751251666e-08 4.03292772241e-07 6.01742291711e-07 4.73529917261e-07 1.31110651305e-07 7.64692507863e-07 3.46582329004e-07 9.25795778666e-07 4.39872256006e-07 8.53512871907e-07 2.64718038053e-06 6.02023895354e-07 1.43962380281e-06 3.28647041637e-07 5.11348695477e-07 2.70715163981e-06 4.57232926717e-07 7.25811251073e-07 2.569044229e-06 2.0193796341e-06 1.49360908795e-06 1.93344364302e-06 2.45879741626e-06 2.76161604112e-06 2.70862447594e-06 5.23821166876e-06 1.64316424981e-06 6.42195528812e-06 2.45132870377e-06 2.11370620853e-06 7.70554984162e-06 6.82016123739e-07 7.20535282579e-06 7.01296359517e-06 1.0242834458e-06 2.40135644357e-05 1.0242834458e-06 7.01296359517e-06 7.20535282579e-06 6.82016123739e-07 7.70554984162e-06 2.11370620853e-06 2.45132870377e-06 6.42195528812e-06 1.64316424981e-06 5.23821166876e-06 2.70862447594e-06 2.76161604112e-06 2.45879741626e-06 1.93344364302e-06 1.49360908795e-06 2.0193796341e-06 2.569044229e-06 7.25811251073e-07 4.57232926717e-07 2.70715163981e-06 5.11348695477e-07 3.28647041637e-07 1.43962380281e-06 6.02023895354e-07 2.64718038053e-06 8.53512871907e-07 2.00667859442e-07 7.17240975461e-07 1.8709870999e-07 5.74221941309e-07 1.37396676569e-07 4.80274521295e-07 6.81234273057e-07 3.53339344115e-07 1.69739496919e-07 9.3333923977e-07 5.585874235e-07 2.66091438924e-07 8.14141324625e-07 5.93189630623e-07 7.56946915247e-07 1.03359169156e-06 9.2135154957e-07 9.99612316628e-07 1.35321809475e-06 1.07798262374e-06 8.94160493917e-07 1.52093076071e-06 8.80041771745e-07 7.70228074984e-07 2.26274232343e-06 1.05915761295e-06 3.17987495614e-06 2.66994929986e-06 1.34458182633e-06 2.40592191017e-06 7.2551066098e-07 9.70339556241e-07 1.54088547336e-06 9.97842318655e-07 1.15300654762e-06 1.22701410637e-06 1.18083432803e-06 8.12063366659e-07 1.05663370899e-06 6.79680462363e-07 5.32855525225e-07 8.7617161834e-07 2.00424687754e-07 4.59563388307e-07 9.34792309803e-07 1.15699284669e-07 3.85278031377e-07 6.73810414654e-07 4.83156490275e-07 1.53220302833e-07 5.41918451232e-07 1.87029479138e-07 6.83166345061e-07 2.02681878713e-07 1.89675106754e-07 2.22709832167e-06 6.49185400846e-07 1.93087776339e-06 2.86619350277e-07 7.07355876483e-07 2.66122032916e-06 5.76777793681e-07 5.883343234e-07 2.61707319431e-06 1.85624827311e-06 9.03908274739e-07 1.86947018608e-06 2.08329385069e-06 2.21312360918e-06 3.14407205061e-06 2.40781230805e-06 1.60899773737e-06 6.1775585696e-06 1.49316036091e-06 3.12988210494e-06 4.97955726722e-06 1.442178486e-06 6.41169070721e-06 2.28946669013e-06 2.26437595587e-06 1.28918463654e-05 7.49528022266e-07 1.40316876302e-05 2.65313005755e-06 2.23704365402e-06 6.60721561105e-06 1.54386760655e-06 5.00016549572e-06 2.95332317935e-06 1.49330882197e-06 6.40706640049e-06 1.60589560951e-06 2.46924945482e-06 2.99997935177e-06 2.26528348728e-06 1.87027242164e-06 2.05126482807e-06 8.83303269238e-07 1.71985464881e-06 2.56867060529e-06 4.52562492124e-07 5.20373464962e-07 2.69401736985e-06 6.01868425429e-07 2.81612294785e-07 1.83456489109e-06 6.54743339977e-07 2.16946877424e-06 1.84695129663e-07 1.83542349241e-06 4.87890715352e-07 1.91413263908e-06 2.22615358301e-07 1.01358200679e-06 1.82148602005e-06 7.24862060707e-07 5.76313104439e-07 2.21708874081e-06 1.68483599477e-06 7.82770598685e-07 1.25922423156e-06 1.92739733053e-06 1.84501518387e-06 2.65190948054e-06 2.70718160593e-06 1.50664438464e-06 3.0222714941e-06 3.24320037274e-06 1.61879330203e-06 5.20265702627e-06 1.60939648009e-06 2.86589887385e-06 6.30163214763e-06 4.80606372525e-07 1.13872460218e-05 2.41024067774e-06 3.12084171001e-06 1.38951179566e-05 7.74620252456e-07 7.14188451664e-06 3.13991982654e-06 1.76659266597e-06 5.30442755883e-06 1.80095403345e-06 3.36049843914e-06 3.10888634156e-06 1.60168039581e-06 2.69021178842e-06 2.80865480054e-06 1.82012892061e-06 1.9276834219e-06 1.2845339041e-06 7.09484427418e-07 1.65976690218e-06 2.16598328545e-06 5.17872055691e-07 7.51909592476e-07 1.75578139571e-06 9.31597716575e-07 1.99272073199e-07 1.89947061113e-06 4.46023101034e-07 1.7242690193e-06 4.47465295359e-07 1.97422198713e-07 5.94257106541e-07 1.36058626807e-07 3.07668302502e-07 6.12642895837e-07 2.98781881449e-07 1.58948943263e-07 7.3205977912e-07 8.0145191028e-07 3.70351645612e-07 9.09388227223e-07 4.45325211374e-07 5.69119338099e-07 9.2528463819e-07 7.12993111508e-07 8.07966627838e-07 1.23348158463e-06 5.60374996707e-07 1.34004657745e-06 1.39938000988e-06 9.49101469666e-07 1.89142356883e-06 1.52437851325e-06 1.13784811565e-06 2.94608867801e-06 8.13134926028e-07 3.26445562231e-06 1.10728144591e-06 2.58931875038e-06 1.51401003168e-06 1.60131707919e-06 1.84788120455e-06 9.33005674494e-07 1.49596901116e-06 1.59076508856e-06 5.05828682201e-07 1.31180330707e-06 8.64032749561e-07 6.95315558052e-07 9.73127662194e-07 6.01767697391e-07 4.2041090794e-07 9.86031755092e-07 3.39924493709e-07 8.76221530071e-07 6.95258103287e-07 1.33732987075e-07 2.65714852166e-07 5.35670754403e-07 2.71926441378e-07 1.70290588478e-07 5.51113931383e-07 2.12355852747e-07 4.30520701824e-07 1.1542161825e-06 8.2239834404e-07 2.0926907179e-06 3.34884382368e-07 9.73490412573e-07 2.41612492698e-06 5.15272723924e-07 7.14012498613e-07 2.69738595348e-06 1.66518940937e-06 1.15618891692e-06 1.6437004184e-06 2.59958605254e-06 1.83069317972e-06 2.3829837337e-06 3.38188239149e-06 1.73961385682e-06 5.02243608157e-06 2.58020486593e-06 2.05921990187e-06 8.1212609417e-06 1.38945913924e-06 7.63423916154e-06 5.57748995086e-06 1.09828379907e-06 1.57156301309e-05 7.05763199822e-07 7.63898984359e-06 8.09340769529e-06 1.03097243108e-06 2.07319074538e-05 1.93413707075e-06 6.36548320654e-06 7.90546180777e-06 1.51119190545e-06 8.56348813297e-06 2.21350798997e-06 2.61448425967e-06 5.40733532967e-06 1.96828127249e-06 3.50956324293e-06 2.52234691042e-06 1.87092023949e-06 2.56607336572e-06 1.69947254001e-06 1.09676968047e-06 1.68204656593e-06 2.62942044738e-06 6.99269244484e-07 4.97213127508e-07 2.23189994498e-06 9.13260564648e-07 2.79244839466e-07 1.96705806287e-06 7.18144034119e-07 1.06478717984e-06 8.85860534949e-07 1.49143683493e-06 1.52209616644e-07 4.83643378608e-07 1.71655085602e-06 6.44015140196e-07 3.79450517413e-07 1.42122894495e-06 1.58953468363e-06 6.42525106815e-07 1.36256476332e-06 1.25159582053e-06 1.47609385976e-06 1.58778930659e-06 1.55306242221e-06 1.20560316433e-06 2.72307151924e-06 1.42800796359e-06 1.89005824571e-06 2.83231371286e-06 2.18393657827e-06 3.40391784199e-06 4.09079859168e-06 1.56512805032e-06 6.82870909082e-06 2.21274708013e-06 1.86512798141e-06 3.64368700015e-06 1.78704260722e-06 3.16516073538e-06 7.03491036136e-06 2.25512733421e-06 4.89437884445e-06 3.10084586166e-06 2.39040035884e-06 3.02653933478e-06 2.0311694892e-06 1.4061274283e-06 2.95827018881e-06 1.33313374319e-06 1.42099169982e-06 1.75943383553e-06 1.52243910366e-06 1.17028089517e-06 1.4105891053e-06 6.94299407034e-07 1.65397229086e-06 1.49075116027e-06 3.73395885066e-07 6.22627329324e-07 1.70027383473e-06 4.12197824203e-07 8.99089964519e-08 1.35971231448e-06 8.49659914582e-07 6.13895125493e-07 1.7474553317e-06 2.65481266944e-07 4.99028145486e-07 1.71189908407e-06 7.90217221452e-07 2.45636665727e-07 1.7078296548e-06 1.35289592145e-06 6.78241057806e-07 1.39640818793e-06 1.69749165851e-06 1.30502178484e-06 2.14726736911e-06 2.18922193366e-06 1.17042772408e-06 3.47377222219e-06 1.76763759551e-06 2.17525069315e-06 3.95331137208e-06 1.72527990317e-06 6.27497854915e-06 2.7462599331e-06 2.06793782485e-06 9.69786524116e-06 9.21461594129e-07 7.63066052775e-06 1.95600769824e-06 1.72754185589e-06 8.30953281549e-06 1.30284174744e-06 1.07814816788e-05 2.79810218819e-06 3.17089033364e-06 6.63486524266e-06 1.9160061559e-06 4.4578044043e-06 2.35178694066e-06 1.81550359502e-06 3.48193401805e-06 1.4738404761e-06 2.20468131977e-06 2.26313553397e-06 1.21218292255e-06 1.63772541523e-06 1.39725203185e-06 6.33533579751e-07 1.14980712802e-06 1.81065797796e-06 2.038242735e-07 6.7186133204e-07 1.46755651127e-06 4.36200065644e-07 2.34563623268e-07 1.55368845242e-06 5.42230333934e-07 3.78458628122e-07 1.2454097074e-06 4.26397348677e-07 6.57539854656e-07 2.74105171777e-06 1.16245162718e-06 2.24279337659e-07 2.92171211403e-06 2.27007287649e-06 6.45114102514e-07 2.72169655444e-06 1.79284015755e-06 2.49626574208e-06 2.51300090714e-06 3.02685965238e-06 1.16401387647e-06 4.32977198574e-06 2.04002234266e-06 2.71742812425e-06 5.63008527588e-06 2.83846444318e-06 5.02698259827e-06 8.56793844318e-06 1.02154056687e-06 1.39363551185e-05 2.06603303372e-06 4.37659006249e-06 9.43411700892e-06 6.50318632983e-07 9.73676028718e-06 5.14482598053e-06 2.95718607571e-06 1.68914944903e-05 1.88066258885e-06 9.96149397619e-06 5.39878349373e-06 3.01389188325e-06 6.26534329315e-06 2.94914094427e-06 2.16642120054e-06 4.58444508935e-06 1.40471188979e-06 2.95172711676e-06 2.56403025696e-06 2.53967056973e-06 1.7014234845e-06 2.71035815709e-06 6.64862223107e-07 2.07082582523e-06 2.80010041986e-06 2.06709497513e-07 1.03969298178e-06 2.40442215046e-06 5.2353749404e-07 3.36479105939e-07 1.01697512999e-06 3.40660614508e-07 6.90997340634e-07 4.06209544759e-07 5.12411597163e-07 1.95564391514e-06 5.61208968038e-07 1.49461249557e-07 1.65302409766e-06 1.31788942677e-06 4.69265315899e-07 1.12203618186e-06 1.39996300039e-06 8.91509642246e-07 1.64307575421e-06 1.49544094406e-06 1.4696754094e-06 2.11133714883e-06 1.3353986738e-06 1.75672882832e-06 2.68445070055e-06 2.02359717349e-06 3.16703781478e-06 3.72917869735e-06 2.10803736687e-06 6.78114011004e-06 1.73907153904e-06 4.15131721788e-06 3.33345024392e-06 1.95893803375e-06 2.10255359679e-06 3.08987296262e-06 4.5181042001e-06 2.37238398575e-06 7.13549542154e-06 2.76905057666e-06 4.3254627941e-06 3.59038750312e-06 2.01573967827e-06 3.18757077613e-06 1.86423580042e-06 1.40620166376e-06 2.12993449341e-06 1.81777085305e-06 1.25218637601e-06 1.72191944812e-06 6.81030494336e-07 1.39917443238e-06 9.38136160339e-07 5.32519778553e-07 1.1426219899e-06 1.37285390502e-06 1.99634398741e-07 4.80040686625e-07 1.75440191127e-06 4.14700904826e-07 3.54541485876e-07 5.93101352112e-07 8.06895098837e-07 1.39091163101e-06 4.67223228539e-06 8.43806125891e-07 3.38569596691e-07 3.33609997341e-06 2.2896030328e-06 8.03296642783e-07 3.38613765204e-06 2.10071904597e-06 3.65122344247e-06 2.82299161375e-06 3.66948108967e-06 1.3592438343e-06 5.69649632375e-06 2.45163132297e-06 3.19576839857e-06 6.02878364867e-06 3.69697691391e-06 7.37434002115e-06 7.30446993155e-06 1.93565077631e-06 1.99181284782e-05 1.26243427066e-06 9.58758339101e-06 7.31912217994e-06 1.43967133503e-06 1.35825695896e-05 1.66056872599e-06 7.62711019057e-06 1.0846816219e-05 2.27935486537e-06 2.58255743892e-05 2.99369635638e-06 8.38356221931e-06 8.26284942006e-06 3.81818311922e-06 7.07846362133e-06 3.54055482607e-06 2.83133694991e-06 5.94879826896e-06 1.74904705361e-06 3.50441945671e-06 2.98768692444e-06 3.60662067602e-06 2.20811615302e-06 3.31566989683e-06 8.98094860535e-07 2.04948794111e-06 2.90837163078e-06 2.2664729695e-07 6.82062750435e-07 3.94548284831e-06 1.06877743717e-06 6.87878289499e-07 9.04004689358e-07 2.90540107931e-06 6.695542895e-07 2.62619844815e-07 2.27655223608e-06 1.49284282992e-06 7.98434856492e-07 2.00351880033e-06 1.46004629082e-06 1.72125289348e-06 2.38827887046e-06 2.23987086197e-06 1.51475396064e-06 3.51574185684e-06 1.90715966746e-06 2.06386728081e-06 3.98351168435e-06 2.41303408409e-06 4.59778007635e-06 6.55748719196e-06 1.65326960981e-06 1.03885504755e-05 2.51675478612e-06 4.27381670875e-06 5.85682452392e-06 1.81709418065e-06 4.5658422329e-06 4.6478216025e-06 1.91642833323e-06 6.24923631747e-06 4.48349680729e-06 3.58421319513e-06 1.12060607757e-05 2.47346725913e-06 7.51612836446e-06 5.4537112929e-06 2.46843176832e-06 4.45495581618e-06 2.25513601935e-06 2.05795829785e-06 3.46959510902e-06 1.9253934535e-06 2.13651298019e-06 2.64163401721e-06 1.56319532141e-06 1.45366749672e-06 1.87123177852e-06 7.84871783367e-07 1.24257268727e-06 1.90432032342e-06 2.0926631159e-07 5.28133561217e-07 2.23823714556e-06 7.62696802688e-07 7.54702392906e-06 7.30438269552e-07 1.84249661265e-07 2.383079124e-06 1.02232390119e-06 5.14447106816e-07 2.18610255118e-06 1.74882981988e-06 2.40304435752e-06 2.18947329236e-06 2.30771859463e-06 8.60213811596e-07 4.11485996255e-06 1.87611495752e-06 2.48617703516e-06 3.56226937296e-06 2.94415453622e-06 4.53745044851e-06 6.3984309924e-06 1.84852969909e-06 1.32232132327e-05 1.36202066816e-06 8.60940187977e-06 3.18591289135e-06 1.77704244332e-06 6.26312631517e-06 2.24609103082e-06 6.52460605743e-06 1.86712602135e-06 3.54387142453e-06 9.67898381054e-06 2.30203771768e-06 1.64825725641e-05 2.9697306383e-06 7.39461143637e-06 5.28380592474e-06 3.12507538459e-06 4.19007562924e-06 2.81531699276e-06 2.14251251946e-06 4.18614859501e-06 1.09693432257e-06 2.06301931137e-06 2.30773947181e-06 2.38611895522e-06 1.8442843028e-06 1.99406050595e-06 5.20043218956e-07 9.50569866951e-07 2.07804218424e-06 1.01096300199e-07 5.45984201195e-07 4.34435617538e-06 3.75560768162e-06 5.22862956479e-07 4.96341637113e-06 2.48068317086e-06 1.23296633758e-06 2.6287171375e-06 2.70205174416e-06 2.89997428281e-06 3.21525471265e-06 3.23662179415e-06 2.77359845698e-06 4.38871497689e-06 2.9664044585e-06 3.11861858042e-06 6.35780941639e-06 2.80294768674e-06 5.95430055207e-06 7.59128304111e-06 3.40970368426e-06 1.76479711058e-05 2.48588825843e-06 8.22701389282e-06 9.38050314973e-06 1.85393796392e-06 9.43808177397e-06 4.70247086652e-06 4.68543517388e-06 9.57546346501e-06 1.88881025181e-06 1.03617129929e-05 9.01195552603e-06 3.84551501365e-06 2.04757190674e-05 4.5991784714e-06 8.99470286358e-06 7.07387237251e-06 2.90581461663e-06 7.03322009518e-06 3.33540194395e-06 3.09756451239e-06 4.32914690538e-06 3.15287915715e-06 3.18480790483e-06 3.35666596493e-06 2.62189866932e-06 2.7011807393e-06 2.40347881603e-06 9.22638979978e-07 2.07551307373e-06 4.16888498863e-06 3.39235452698e-07 2.20849015892e-06 2.74243947038e-06 4.84541406682e-06 2.68657425111e-06 2.03344453367e-06 2.23657301434e-06 1.70871607212e-06 2.87642237312e-06 3.19661531299e-06 2.46850610596e-06 1.77932198414e-06 5.9265623047e-06 2.43104830041e-06 3.30032865065e-06 5.24434819476e-06 3.81069981392e-06 5.35707691766e-06 7.39057347873e-06 2.28691616944e-06 1.72460916461e-05 2.53151859243e-06 7.54128727005e-06 5.37545404631e-06 2.88707214767e-06 4.39484065781e-06 4.40849297799e-06 4.87150783668e-06 4.40374339933e-06 5.03059686998e-06 3.16025713385e-06 6.27932313404e-06 8.64685091852e-06 3.97492091972e-06 2.10810005449e-05 3.48820724292e-06 8.57026005897e-06 6.05957444167e-06 4.1221363295e-06 6.02983985713e-06 3.60437018631e-06 2.65636920082e-06 6.0601272261e-06 1.99984671964e-06 2.32990905231e-06 3.09387951152e-06 2.59854946811e-06 1.54930794517e-06 2.02696132777e-06 1.68452665797e-06 2.19422157649e-06 3.89680933742e-06 1.29236519622e-06 1.91427838086e-05 1.94834584934e-06 1.19569996745e-06 2.88829975422e-06 2.35706470527e-06 2.48359348726e-06 3.46197559693e-06 3.21024964575e-06 2.29482916831e-06 5.13092565854e-06 3.45399363964e-06 2.92114601814e-06 6.4362712489e-06 3.20201075847e-06 7.60839593232e-06 7.28593931983e-06 3.02123700246e-06 1.73352735801e-05 3.42544900871e-06 9.96714383983e-06 5.95148793002e-06 2.46208457568e-06 9.55003536499e-06 3.46236947365e-06 5.73941603765e-06 6.01986672001e-06 3.31555149228e-06 1.01357983226e-05 2.47007898887e-06 7.13026658485e-06 1.09497950411e-05 4.96965557747e-06 2.02909557898e-05 4.22021295438e-06 8.44822185047e-06 8.8455916249e-06 3.41325276147e-06 7.16484688671e-06 3.03449283958e-06 3.48675878543e-06 5.27271916134e-06 2.30763991724e-06 3.33758092946e-06 3.55225685408e-06 2.20120146863e-06 2.06417454271e-06 2.48874533015e-06 9.00632676548e-07 1.32090833788e-06 8.97485521138e-06 1.81954115867e-05 8.14440007145e-07 3.81331380899e-06 3.34817154492e-06 3.10749719068e-06 2.8510340727e-06 3.03251856657e-06 3.02663879279e-06 5.17356392514e-06 2.5833419386e-06 4.37798631529e-06 4.63489509285e-06 4.10337444965e-06 6.17854913187e-06 9.08272749298e-06 2.3786534787e-06 1.80097483221e-05 2.80323969195e-06 9.52052406292e-06 6.79063331987e-06 2.32020729714e-06 6.13750566057e-06 5.46279381369e-06 3.15226080118e-06 6.61550209892e-06 3.31822745284e-06 5.63619280028e-06 6.71925080718e-06 2.49815059981e-06 8.24075664639e-06 1.09536179233e-05 4.26279158018e-06 2.18453574716e-05 3.52470481102e-06 1.0680511802e-05 7.29540716078e-06 4.32706329426e-06 5.45959973276e-06 4.6338076558e-06 2.59211402538e-06 5.39799407408e-06 3.11968936306e-06 3.04643705658e-06 2.63992551898e-06 2.8881692651e-06 3.0583294171e-06 3.14545526273e-06 4.71408963065e-07 7.20974704762e-06 8.55050613676e-06 7.25676127533e-06 2.87988366145e-06 2.70530368681e-06 2.96174722907e-06 2.24698309697e-06 2.37812914317e-06 4.92386251908e-06 2.94235023453e-06 2.8042539118e-06 6.26500563376e-06 2.35160821667e-06 5.96511419071e-06 7.13126283981e-06 3.51848434781e-06 1.55339604126e-05 2.56794204898e-06 9.36981048142e-06 6.96075443343e-06 2.79480755018e-06 5.67472812665e-06 3.83750250127e-06 5.51493721926e-06 3.85626097786e-06 3.77613146191e-06 6.0027926658e-06 3.83243558159e-06 6.29876676136e-06 2.81222109532e-06 7.79665368644e-06 1.03531484546e-05 3.92145616706e-06 1.70896780128e-05 4.83682985425e-06 8.07384121809e-06 7.08685545642e-06 2.33796052215e-06 6.95433593224e-06 2.8717661154e-06 2.81083753243e-06 5.27718557697e-06 2.26961352651e-06 2.06047551034e-06 2.77051749429e-06 2.09073975887e-06 2.39335097797e-06 4.10882899255e-06 3.27763997771e-06 3.04013638184e-05 7.17911368778e-06 4.45764515653e-06 4.65606506295e-06 4.35040975686e-06 3.4663884348e-06 6.54621830775e-06 4.3675316207e-06 4.60599759341e-06 6.56650282478e-06 5.34865196021e-06 6.28274176108e-06 1.10434577904e-05 3.73446687402e-06 2.39583509581e-05 3.1854028833e-06 1.11895462663e-05 8.60359951187e-06 3.13399013676e-06 9.86824219946e-06 4.77759162633e-06 4.85075847706e-06 8.86440186711e-06 2.81291435333e-06 8.94797428558e-06 5.02535380782e-06 4.76753727632e-06 1.05365737068e-05 3.50759622966e-06 1.00149168637e-05 1.31327758454e-05 4.625872188e-06 2.83397487514e-05 5.15724935876e-06 1.31982956081e-05 7.46338041115e-06 5.71381858641e-06 7.11960099541e-06 5.00489910748e-06 4.07179449429e-06 6.8323119661e-06 3.42667711611e-06 4.23957084274e-06 4.2370518722e-06 3.00704989707e-06 4.0014548971e-06 1.34622950521e-05 2.42967451112e-05 6.43249899715e-06 9.60922703864e-06 4.04724045096e-06 3.2147672919e-06 5.53504602112e-06 3.73355238596e-06 4.19781574368e-06 7.07651384011e-06 3.33054158002e-06 8.38965249116e-06 8.34855780253e-06 4.62530235262e-06 2.1873414486e-05 4.28937404835e-06 9.80757541708e-06 7.77707007718e-06 3.34817539564e-06 7.87673145774e-06 6.43019828276e-06 4.19826404481e-06 6.17069416191e-06 5.0596283819e-06 5.15458116103e-06 5.84891384888e-06 5.01083812786e-06 6.55352909172e-06 8.21858619958e-06 3.46979311551e-06 8.99703738145e-06 1.07445272169e-05 5.99241091784e-06 2.40765852134e-05 6.04082751361e-06 9.28520579354e-06 9.73772731751e-06 3.57845240802e-06 7.30478358715e-06 4.46395964217e-06 3.16112028244e-06 5.14341018363e-06 2.90591347945e-06 3.81958969633e-06 6.51230480473e-06 3.37494063537e-06 8.47376586936e-06 3.1573857049e-05 1.43646868179e-05 1.01005494432e-05 5.83629913038e-06 9.25428557372e-06 4.85673644857e-06 6.41048371289e-06 9.04282281984e-06 4.78836164367e-06 8.03202590707e-06 1.42158748704e-05 3.40873493188e-06 2.78006966313e-05 3.95756167933e-06 1.30997736351e-05 7.17048869838e-06 3.34362277315e-06 9.55443760227e-06 5.72984740465e-06 6.46479836501e-06 6.58115542648e-06 3.643730867e-06 1.05088656078e-05 3.5721284468e-06 6.6636896882e-06 7.19465888601e-06 5.67110611153e-06 1.04832676247e-05 3.86370030353e-06 8.43563933687e-06 1.5535313869e-05 5.62442905731e-06 3.38432108838e-05 4.81893291806e-06 1.69373781699e-05 9.09819250213e-06 5.28197440875e-06 9.52313559781e-06 6.19932460206e-06 4.28231161303e-06 7.9610128187e-06 4.47939598972e-06 6.42577517651e-06 8.25072988431e-06 9.24760992992e-06 4.00732716801e-05 1.12365846206e-05 7.71593040096e-06 1.04866690122e-05 4.67072992043e-06 5.24496708559e-06 8.30881961291e-06 4.02394606219e-06 7.56747479439e-06 9.38194327963e-06 5.25648053245e-06 2.15666079493e-05 4.40329639088e-06 1.14044333504e-05 8.28525236176e-06 2.68117163441e-06 7.21151789442e-06 5.97045033239e-06 4.40098521825e-06 7.76073668175e-06 2.96882978008e-06 6.11435776021e-06 5.74009373383e-06 3.13563567147e-06 7.50673976451e-06 4.86200288495e-06 5.86276754379e-06 8.2571319526e-06 2.6872433193e-06 9.2678997816e-06 1.23793512674e-05 5.99612828136e-06 2.27793625402e-05 6.67234415689e-06 1.0624367764e-05 8.02233829761e-06 4.3229576924e-06 7.70293084078e-06 4.55619578991e-06 3.62233112383e-06 7.87431510919e-06 4.60308534955e-06 5.48988074713e-06 1.53154418916e-05 5.50382749051e-05 1.6366006533e-05 2.49703486215e-05 8.72488776506e-06 7.55869251976e-06 1.35959340204e-05 7.57333588726e-06 1.47243426865e-05 1.71627152218e-05 6.86015638706e-06 4.35156124764e-05 4.91305961888e-06 1.78706871138e-05 1.07913677131e-05 4.17276493739e-06 9.51875647276e-06 6.91337732788e-06 7.13965307794e-06 9.05466825446e-06 6.14490675354e-06 8.50223814107e-06 5.66253289766e-06 8.51738314633e-06 6.22371573373e-06 8.81878885692e-06 7.96979406799e-06 7.06957417037e-06 1.05676746132e-05 5.17080740662e-06 1.23652230258e-05 2.06030256435e-05 6.45560522589e-06 4.99010416271e-05 8.36814894097e-06 1.87222325808e-05 1.49034516112e-05 7.38997364497e-06 1.18090703675e-05 6.60661813655e-06 5.89322304379e-06 1.51931468233e-05 8.09207957336e-06 1.91025898403e-05 3.8553420282e-05 2.71495485723e-05 1.13359861011e-05 9.54274411281e-06 1.34434196001e-05 7.35707710821e-06 1.4302070715e-05 1.70984281214e-05 6.81153994926e-06 3.33036764195e-05 7.41963075856e-06 1.30436735068e-05 1.09665690223e-05 3.75037992647e-06 1.04482160458e-05 5.73563991877e-06 5.78000629993e-06 8.75513239409e-06 4.83275659141e-06 9.76973755606e-06 4.74163364672e-06 5.0515920098e-06 1.00211044723e-05 4.54023276976e-06 8.56038465824e-06 6.47287625933e-06 5.77743915922e-06 1.10478617877e-05 4.04295646768e-06 1.13827193122e-05 1.4011776522e-05 8.77766237124e-06 3.44050495894e-05 7.62914162081e-06 1.8115207953e-05 1.33659688891e-05 6.22656321316e-06 1.1014495948e-05 7.20963456431e-06 7.09427014863e-06 1.34226892567e-05 1.30059278625e-05 9.16292959607e-05 1.65400028756e-05 1.60651130667e-05 2.10744232742e-05 9.07274119351e-06 1.51361684638e-05 2.13184958044e-05 9.89191548222e-06 4.08534850953e-05 7.52709662263e-06 2.09923665604e-05 1.1233034109e-05 4.37486195997e-06 1.14140362251e-05 7.75626186294e-06 5.80908504032e-06 9.62881073597e-06 6.15717550706e-06 9.79235972072e-06 7.78649604368e-06 6.00692887355e-06 8.01211871252e-06 9.57459943586e-06 5.96198146039e-06 9.29787384018e-06 6.40734615627e-06 7.83372293394e-06 1.13044378283e-05 4.78792028316e-06 1.1152150688e-05 2.28105561087e-05 8.75527098267e-06 4.35853500946e-05 1.05124009127e-05 2.0799779701e-05 1.29299927247e-05 6.9408558516e-06 1.48011140516e-05 1.01584295975e-05 8.45428668923e-06 3.11949594848e-05 5.51852376729e-05 2.30243023581e-05 3.3086065249e-05 1.30526802467e-05 2.16624268722e-05 2.45916723468e-05 1.27540639765e-05 5.49615585255e-05 1.01250272278e-05 2.12481171655e-05 1.86593152246e-05 4.70190126235e-06 1.59417055681e-05 7.94719226806e-06 9.30978982868e-06 8.99254482771e-06 7.24261268628e-06 1.20619813231e-05 7.97925756146e-06 9.41770796626e-06 9.71074090138e-06 7.51099756746e-06 1.22709624856e-05 6.86323598656e-06 8.80550793123e-06 9.83665331134e-06 7.55628477386e-06 1.53241064658e-05 4.79574486497e-06 1.82622126602e-05 2.20488383603e-05 1.12283796036e-05 5.82767352483e-05 1.30729172647e-05 2.21253686197e-05 1.77155213129e-05 9.59999058598e-06 2.05744163374e-05 1.19756054262e-05 1.9280595698e-05 8.63219283173e-05 4.53615651608e-05 2.03456722878e-05 3.03609394851e-05 3.2123012458e-05 1.38044928352e-05 6.48866341961e-05 1.22677035434e-05 2.52202217141e-05 1.88320673035e-05 7.53704953751e-06 1.51949573706e-05 1.05874894754e-05 9.2613322468e-06 1.36488367839e-05 6.77050436738e-06 1.29251439896e-05 9.12266765191e-06 9.20941531327e-06 1.2705963685e-05 9.09833384365e-06 8.91565037016e-06 1.29901219831e-05 5.95418962031e-06 1.3207390253e-05 9.00085151982e-06 9.48104548231e-06 1.4120174801e-05 7.40362641548e-06 1.67571328837e-05 2.48416209515e-05 1.28717776898e-05 6.53035258867e-05 1.30465704171e-05 2.79436239786e-05 2.37299578181e-05 1.32182755686e-05 2.30020682658e-05 2.6685530623e-05 0.000142139659389 2.40053924568e-05 3.41721938316e-05 4.02769865472e-05 1.49893501901e-05 6.22577905192e-05 1.40462197413e-05 2.82988092058e-05 1.88999867182e-05 6.84194419946e-06 2.01547007427e-05 9.12879851114e-06 1.11203148089e-05 1.16884696919e-05 7.72326756116e-06 1.03355427542e-05 8.12007700508e-06 8.62574361527e-06 1.03752502637e-05 1.05432798343e-05 7.85181736955e-06 8.28743049915e-06 9.26209582115e-06 7.04326525664e-06 1.04869421827e-05 1.11284674702e-05 7.65624637932e-06 1.80939627345e-05 5.92239412826e-06 1.62566454193e-05 2.64194529778e-05 1.36211959183e-05 5.90074407846e-05 1.34184833325e-05 3.10447918413e-05 2.4144011831e-05 1.25713963264e-05 4.33457863081e-05 8.79151219677e-05 5.68923636006e-05 5.99653051396e-05 2.49250145805e-05 8.17810587385e-05 1.533116969e-05 3.60901538436e-05 2.48080164674e-05 8.48087412039e-06 2.0116600796e-05 1.42647221422e-05 1.1663309392e-05 1.58663952315e-05 9.06531373579e-06 1.61200322982e-05 8.62405542357e-06 9.35152746864e-06 1.26760239424e-05 1.11859159534e-05 1.23112027554e-05 9.02834780668e-06 7.77474666244e-06 1.47799727669e-05 7.74020597965e-06 1.45269576739e-05 1.01192382943e-05 1.14575485491e-05 1.70916951266e-05 7.01882284026e-06 2.11109808401e-05 3.20348080706e-05 1.43574312003e-05 7.43234135666e-05 2.0244380417e-05 4.07486287689e-05 2.94194943879e-05 2.6378345259e-05 0.000257271869276 9.93940817288e-05 4.09867285246e-05 0.000129373874343 2.39497191407e-05 4.52954890298e-05 3.44943938642e-05 1.2180805399e-05 2.80153501164e-05 1.5980990886e-05 2.07159309747e-05 1.75937782833e-05 1.26008456125e-05 1.94596461178e-05 1.36768979021e-05 1.1283709133e-05 1.46809493633e-05 1.42537970065e-05 1.36516849356e-05 1.48384270407e-05 9.86187598062e-06 1.26015855365e-05 1.68869204366e-05 1.06911490458e-05 1.45101574782e-05 1.74910570415e-05 1.19029811429e-05 2.24862965484e-05 9.88481039497e-06 2.67956100799e-05 3.64804163215e-05 1.98069316666e-05 0.000113079270328 3.15180690273e-05 5.57791238003e-05 7.28234712515e-05 0.000397789924089 6.9793108819e-05 0.000221712610669 3.9681384498e-05 6.50144061346e-05 4.28531581305e-05 1.80966498034e-05 4.17278582373e-05 2.18465927967e-05 2.26068355355e-05 3.03402513666e-05 1.20718318361e-05 2.73707083341e-05 1.51666431204e-05 1.75122002627e-05 1.67655981102e-05 1.68946260388e-05 1.67661082177e-05 1.64116797861e-05 1.57801437998e-05 1.55230420957e-05 1.33938640177e-05 2.30925679355e-05 9.71490474648e-06 2.43668662118e-05 1.68976439427e-05 1.58941048522e-05 3.1623890556e-05 1.24094289846e-05 2.98781794879e-05 4.82996538204e-05 2.95000010407e-05 0.000176219279431 4.58083335407e-05 0.000135886909258 0.000279408420891 0.00038611341822 6.65735763247e-05 0.000112175136774 6.71801328615e-05 2.02856314267e-05 5.96008221071e-05 3.34763816856e-05 3.15184151267e-05 3.37755824571e-05 2.19662202592e-05 2.92305787662e-05 2.06815455132e-05 1.9545021197e-05 2.63709541744e-05 1.89865099754e-05 1.87830899881e-05 1.89584567e-05 1.71223565141e-05 2.3713565945e-05 1.55181152247e-05 1.75192805986e-05 2.08878135153e-05 1.6992724135e-05 2.26339726135e-05 2.08046187197e-05 2.12858682253e-05 3.73031438792e-05 1.2251857252e-05 3.71208425748e-05 6.77803242701e-05 4.28043372716e-05 0.00024239205126 0.000100915144 0.00372295514389 0.000260458438481 0.000415516246033 0.000265130465522 6.81252522609e-05 0.00018191345465 9.90588404973e-05 0.000102182236969 0.000106896990689 5.61686636312e-05 0.000110412493308 5.31995190215e-05 5.65080597558e-05 6.79247112655e-05 5.96451245776e-05 4.71768502024e-05 4.55890640579e-05 4.32095091143e-05 5.05468423615e-05 5.0750645867e-05 4.10828865521e-05 3.27537281818e-05 6.70796278885e-05 2.9311550984e-05 5.38959122463e-05 4.61942694894e-05 4.61869884517e-05 7.08653285597e-05 2.78568193267e-05 9.2765577327e-05 0.000169579924565 9.32957189801e-05 0.00121655305233 
































