













1.01638962462e-06 9.0569510637e-07 5.32113370554e-07 9.63511062575e-07 6.28011252472e-07 1.33065591873e-06 1.37354452608e-06 6.21054114837e-07 1.32158648253e-06 5.44513810092e-07 1.06563177701e-06 7.65843238983e-07 4.43477769255e-07 2.03003057366e-06 1.01829032923e-06 3.74585854643e-07 9.63117233717e-07 1.97189930399e-06 4.38007294699e-07 2.05658428062e-06 1.02097856551e-06 3.3247672173e-07 9.23775678656e-07 1.56209624366e-06 4.34705155129e-07 5.94932181997e-07 1.02439935805e-06 7.91703403781e-07 9.54398068349e-07 4.88314724701e-07 1.12017742018e-07 4.93704839079e-07 1.01332319499e-06 4.47064265432e-07 8.04801471877e-07 7.67663577146e-07 1.25883285876e-06 1.08108478454e-06 8.3124632611e-07 2.32680146918e-06 1.0591366991e-06 1.48699919458e-06 1.19783340703e-06 1.15951218992e-06 1.66624021739e-06 8.87693211498e-07 1.70143652402e-06 3.79258449279e-07 1.06773457728e-06 1.63237373716e-06 4.12112622462e-07 1.2280956758e-06 7.95217478042e-07 2.01917648518e-06 2.0145857169e-06 1.0005195214e-06 1.3097197923e-06 1.46389535095e-06 9.44176116879e-07 1.69080716785e-06 1.60443391202e-06 7.67889355906e-07 1.3407613482e-06 5.42281889144e-07 2.59209453877e-06 1.10301750155e-06 7.89255226595e-07 1.60231342511e-06 7.45627188891e-07 5.83323253386e-06 3.30126443552e-06 8.58649348982e-07 1.6577348485e-06 1.46819453925e-06 6.96653817534e-07 2.54368731425e-06 4.42265415898e-06 5.26004153608e-07 1.81000550856e-06 9.63366557007e-07 1.24476267529e-06 2.83832178268e-06 1.4009070635e-06 1.34554351721e-06 4.60838756795e-07 1.16876729269e-06 2.28854092158e-06 1.73613909174e-06 1.38787269531e-06 1.4763662422e-06 1.33858859985e-06 1.51023051752e-06 9.92893196375e-07 1.72535302728e-06 1.07933174669e-06 4.52693914544e-07 1.30778920086e-06 1.45586183313e-06 1.57670641755e-06 1.48121184613e-06 7.30016995331e-07 7.63062811462e-07 3.74893884919e-06 2.12226500988e-06 4.76158052764e-06 8.15112454325e-07 3.55711711087e-07 1.14565241718e-06 9.39701424577e-08 7.42423930347e-07 3.60093451188e-06 1.28016631186e-06 2.64759420454e-06 1.0532459091e-06 8.05468456634e-07 1.57005776742e-06 1.7394419989e-06 2.00874155396e-06 1.92084750418e-06 5.23309659861e-07 8.78921476163e-07 1.23740314026e-06 1.6895691193e-06 3.34188955401e-06 3.40038808777e-06 2.45812431351e-06 6.13304705493e-07 5.35961675996e-07 1.83010939568e-06 2.5973475918e-06 1.55565248389e-06 1.67994915275e-06 1.11265485283e-06 9.01923464408e-07 5.47308480141e-07 1.9152848155e-06 2.13401156992e-06 1.88869385572e-06 1.71398729514e-06 4.11386431426e-07 1.35763889169e-06 1.77847378124e-06 4.32755630342e-06 2.45589295256e-06 3.70120076654e-06 7.67267783183e-07 6.72158366934e-06 3.00291679483e-06 5.67182089649e-07 1.02732313024e-06 2.07703605039e-06 5.70873763865e-06 6.68008820326e-07 3.40550807369e-06 2.00087625217e-06 3.63721433155e-06 1.82588383213e-06 1.31343339434e-06 5.87393999257e-07 1.98064801022e-06 1.99956861669e-06 8.1625275656e-07 1.74021479091e-07 1.51944748309e-08 9.47377027835e-07 8.70321077566e-07 1.27352865588e-07 6.47948697231e-07 1.66540395938e-06 9.65062262018e-07 8.93808368467e-07 2.77822412217e-06 9.42455207116e-07 2.02467666832e-06 7.04101212919e-07 8.51094997224e-07 1.35347231019e-06 7.98533974226e-07 2.64817213528e-08 7.19628201458e-07 1.0082631381e-06 2.52091767233e-08 1.07502074619e-07 8.40268376906e-07 3.15259837926e-07 7.53184844855e-07 4.796917704e-07 5.36377747739e-07 6.12792581392e-07 5.33368419477e-07 6.72363235691e-07 3.04280307594e-07 9.8608251774e-07 9.82931881653e-07 1.13144729985e-06 5.509641975e-07 8.46768105292e-07 6.10503074966e-07 2.79663805102e-08 5.15964403656e-07 4.96995073186e-07 4.88519409479e-07 5.18351648716e-07 4.76226450564e-07 8.59539224894e-07 3.65531995361e-07 1.34770819086e-06 1.50284491204e-06 5.34386569685e-07 1.37636841458e-06 8.43790689789e-07 4.91666267089e-06 5.5812982774e-07 2.62933418224e-06 1.16000411491e-06 5.79762870742e-06 1.47726970142e-06 5.46498141049e-07 6.68406941682e-06 2.39342798582e-06 6.63527328995e-06 5.76734284265e-07 8.88087371304e-07 4.84379173281e-06 1.2694012402e-06 2.14616023133e-06 8.19942130505e-07 4.9929992433e-06 1.21581234754e-06 1.47179658757e-06 6.40589091727e-07 1.70168510362e-06 1.35699052094e-06 1.86223292089e-06 6.21038218727e-07 3.41638332016e-08 1.40458743584e-06 8.82473775321e-07 2.59167694653e-06 1.74392892889e-06 1.04963343914e-06 1.29791182034e-06 3.01402402282e-06 2.13764591273e-06 5.28102659493e-06 4.08664674236e-06 4.78840710572e-06 3.51146755961e-06 2.08889550731e-06 2.98961669523e-06 1.16842128306e-06 1.13005950836e-06 1.76685661341e-06 2.6678637644e-06 7.22622956003e-07 1.32606567568e-06 1.41315130234e-08 7.99311023929e-07 1.85441911395e-06 4.70184863801e-07 3.61756928908e-07 4.37973447832e-07 1.69073135835e-06 4.89126055734e-07 1.20904082387e-06 1.8329825987e-06 1.25419885411e-06 7.36597571651e-07 4.14455384337e-06 7.36597571651e-07 1.25419885411e-06 1.8329825987e-06 1.20904082387e-06 4.89126055734e-07 1.69073135835e-06 4.37973447832e-07 3.61756928908e-07 4.70184863801e-07 1.39289652827e-06 2.05038757671e-06 5.598159546e-07 2.51167894168e-06 2.03586027278e-06 4.68503440843e-06 1.77658917754e-06 3.59244505511e-06 1.65945931212e-06 5.75053580282e-06 1.76104315583e-06 6.0147922948e-07 5.216241292e-06 8.07081352147e-07 7.26037338772e-06 7.108117618e-06 1.39058135186e-06 6.07592398261e-06 7.42693325366e-07 2.05806179348e-06 4.5547833892e-06 1.65070341697e-06 4.07679483081e-06 1.7999071161e-06 4.66000714688e-06 2.16650175018e-06 2.31578358209e-06 4.90860307593e-07 1.96559346973e-06 1.38985101907e-06 7.38137097116e-07 5.22811307532e-07 7.64649020137e-07 5.84766373793e-07 1.28969132086e-06 9.06907171665e-09 4.91220665583e-07 4.2525536226e-07 1.07624100749e-06 4.37782578194e-07 1.63137718223e-06 9.91723687812e-07 2.29881379714e-06 2.12294039031e-06 2.06094477236e-06 2.02970305505e-06 1.93881223337e-06 2.99088931092e-07 1.31257156406e-06 6.65608678005e-07 5.70419477344e-07 1.37371476029e-07 1.66371619521e-06 6.82947273053e-07 7.01151806895e-07 4.54011917157e-07 7.60301325928e-07 1.94790083307e-06 1.21429202809e-06 7.91147128008e-07 1.51865503413e-06 3.583893528e-06 1.59151373332e-06 2.67025972451e-06 2.28631618126e-06 4.17097132272e-06 1.01814388375e-06 5.30818854689e-07 4.3668530268e-06 3.44055971407e-06 5.71623375376e-06 2.49317439694e-06 3.03112120586e-06 6.67302508668e-06 5.17663501262e-06 5.15195584387e-06 6.37533798343e-07 1.46532715504e-06 4.5537256376e-06 2.29441411256e-06 3.17402028015e-06 1.55368905251e-06 3.83492883407e-06 1.76842528816e-06 8.26643737729e-07 1.21555518733e-06 1.76014877472e-06 2.1266143795e-06 5.34837524036e-07 1.34826210553e-06 2.09379481863e-06 1.97580089524e-06 1.63672483318e-06 1.35410467225e-06 1.24438372171e-06 4.6435909051e-06 2.3759359724e-06 1.90762149412e-07 3.13981588617e-06 2.11559729696e-06 6.06510556454e-06 3.63990640369e-06 7.19942126788e-07 5.21188402682e-06 6.81391889084e-06 3.98901888761e-06 3.48357964393e-06 1.84680850595e-08 2.37079485754e-06 4.73293339031e-06 1.58922957589e-06 1.09635450734e-06 1.92814071806e-06 2.26942202675e-06 1.96727530681e-06 1.15791952556e-06 4.60873134538e-07 2.0522129539e-06 2.22978710718e-06 6.0385096607e-07 8.38160483254e-07 4.33574352058e-07 3.60201980912e-06 7.27328649126e-07 2.17066364132e-06 1.28685745356e-06 3.20492705628e-06 2.33606472805e-06 5.35981965958e-07 1.58183380894e-06 1.62953440582e-06 4.81518552009e-06 2.74591411167e-06 2.21116567487e-08 3.50595898687e-07 3.76434359394e-06 5.63546605603e-06 2.54539147988e-06 1.69815413558e-06 5.82967697729e-07 2.46111574376e-06 3.36883335698e-06 1.40664574612e-06 2.3058143652e-06 5.74606068715e-07 3.57249654214e-06 4.25021673374e-07 7.5508315756e-07 5.49801220259e-07 2.02285590309e-06 1.57203915135e-06 8.08446798555e-07 1.84863944346e-06 2.87876821396e-06 2.08539275231e-06 5.85805460342e-07 2.310712155e-06 1.09414129337e-06 3.31138992866e-06 1.97898712581e-06 2.60974354459e-07 2.60546402586e-06 7.68218985987e-07 5.61308203422e-06 3.1607279469e-06 1.47685595838e-06 2.54146838006e-06 1.486648265e-06 4.82099515508e-06 6.01839985175e-06 1.08898063339e-06 4.13304088065e-06 6.24886211917e-07 1.64867770198e-06 4.25904471587e-06 1.12996435197e-06 2.64222359458e-06 7.05119044274e-07 1.78784550053e-06 2.67243228812e-06 1.69107948777e-06 7.68801202332e-07 1.56335618193e-06 1.15615317796e-06 6.00651170386e-07 9.25074195306e-07 9.4097678553e-07 8.18081199124e-07 3.32167617313e-08 7.38335980075e-07 3.94762803758e-07 2.7881410817e-06 9.2749026351e-07 4.60555520844e-07 2.30303373783e-06 1.96359611743e-06 3.84715912556e-06 2.31928956994e-06 8.19226424616e-07 1.92928880033e-06 1.90994564896e-06 1.07752306515e-06 3.30542117415e-06 4.76832418867e-06 3.98041931949e-06 3.57765401658e-06 4.81537349528e-07 8.72405493558e-07 2.7459299513e-06 4.32042347581e-07 8.41296881104e-07 9.1543706616e-08 9.22741225811e-07 1.06096093718e-06 9.35025413512e-07 4.84845250711e-07 1.07393704552e-06 6.95388015782e-07 9.94291685814e-08 5.74404716911e-07 4.26107177872e-07 2.73211587478e-06 8.82690326521e-07 2.15898573778e-06 1.05983618614e-06 4.0675777052e-06 1.05848841454e-07 4.67761832943e-07 2.63150171191e-06 1.76631937398e-06 4.17317528352e-06 6.80783231889e-07 6.09529176476e-07 3.0329891724e-06 3.33036881175e-06 3.57025398796e-06 1.274667249e-06 2.18681118184e-06 5.35556927675e-06 2.4331011137e-06 2.73608525727e-06 6.38836054542e-07 3.26454161127e-07 4.72586004033e-06 1.30098564149e-06 2.32588657926e-06 8.47106903392e-07 2.60833363696e-06 4.1095466054e-07 5.30251452087e-07 3.17687638571e-08 6.5397359429e-07 2.86580913639e-06 7.58083320052e-07 1.40237472241e-06 1.2153811611e-06 2.94355061499e-06 1.04377248833e-06 2.9754494668e-06 2.83328500489e-06 6.76502573025e-06 1.70039242563e-06 7.73665121189e-07 5.9780983029e-06 3.16153507887e-06 8.3487944011e-06 4.21210933399e-06 6.22610356963e-07 5.37452429817e-06 5.07553487999e-06 5.71544712887e-06 5.30522444951e-06 8.78274349444e-07 6.04997226662e-06 8.97485163675e-06 5.05994570919e-06 7.4262961614e-06 1.22787521763e-06 2.32263294166e-06 6.56480666896e-06 3.28200998797e-06 2.38050758615e-06 1.21806841098e-06 2.38621044705e-06 1.1790434214e-06 1.26830384377e-06 7.24241449681e-07 2.50143149714e-06 1.34111010071e-06 2.01061658178e-07 9.07511576743e-07 1.32694616044e-06 3.60241342963e-06 1.41475759358e-06 2.26122854097e-06 1.99696864644e-06 4.069571822e-06 2.49716136783e-07 5.75654232443e-07 2.90909563582e-06 2.19008260234e-06 5.86257043133e-06 2.51713841232e-06 9.85603654309e-07 9.96097471251e-07 3.65495985067e-06 2.94182364378e-06 2.9288385211e-06 1.56883094317e-06 1.1000014952e-06 5.37207156436e-06 6.56560599873e-06 2.9059802621e-06 3.48480470888e-06 7.10458905922e-07 9.41440215895e-07 4.69146178495e-06 1.98892589822e-06 2.3805535863e-06 1.12351998796e-06 2.85512124927e-06 1.25399763733e-06 7.7002493401e-07 9.86992142582e-08 1.18670297609e-06 6.5638517744e-07 4.44605453516e-07 6.51590918149e-07 1.37796219698e-06 3.74477181513e-06 7.86001021695e-07 3.68589785224e-06 9.00063288497e-07 4.79037674102e-06 4.15587366526e-07 5.27137927214e-07 4.74309005545e-06 2.33169490467e-06 5.85724572534e-06 2.83755491277e-06 5.51696498473e-07 1.43312700455e-06 1.65164119496e-06 2.79594102501e-06 3.25255899467e-06 1.91364156871e-06 1.58887128387e-06 1.49013820257e-06 5.5226012761e-06 6.58594017164e-06 3.6827539642e-06 4.75822996541e-06 4.87982681672e-07 4.44642203334e-07 4.9894918141e-06 7.73654507622e-07 3.97013806054e-06 7.10997660917e-07 3.31286884126e-06 1.17688717062e-06 5.01128614212e-07 3.82534907438e-07 5.71622186878e-07 4.168160007e-07 2.72121422024e-06 1.76713059613e-06 5.86013332886e-06 3.50354878198e-06 2.25862982847e-06 4.16456283992e-06 4.92700349337e-06 1.20200966409e-06 3.77049234818e-07 5.91210215407e-06 3.826802862e-06 8.41562411161e-06 4.08412037141e-06 1.56777963179e-06 5.00161150241e-06 2.03569379665e-06 1.98429817911e-06 4.60653682949e-06 1.93435763192e-06 2.39413700533e-06 5.96141865959e-06 1.78422224021e-06 5.44718885508e-06 9.65644986012e-06 6.98666641268e-06 7.63472392709e-06 5.82642014175e-07 1.90756854967e-06 5.18887262897e-06 4.54164404602e-06 1.67890010291e-06 3.17106805837e-06 4.91482814906e-06 1.41893817805e-06 2.07775849507e-06 3.56577941225e-07 1.33435616816e-06 1.13650912669e-06 1.65637771273e-06 3.96685551443e-06 1.65089632789e-06 4.22971940446e-06 2.07873206146e-06 4.08361907001e-06 1.95842396031e-07 5.65683805578e-07 3.19620386466e-06 3.832049426e-06 8.35862360626e-06 2.66765456556e-06 9.04711313369e-07 2.4038824805e-06 3.12195162964e-06 2.88010763361e-06 1.11313709627e-06 1.71763263991e-06 2.76905987805e-06 4.35040276647e-06 3.59627667874e-06 1.39781203984e-06 6.0428223168e-06 1.00047024007e-05 4.95094071403e-06 4.34877958425e-06 5.27364469153e-07 6.11238195702e-07 4.25843761101e-06 1.84442204649e-06 4.19433392712e-06 1.48076911695e-06 3.46621652723e-06 1.44090513628e-06 9.83007539155e-07 9.8275964763e-07 1.77461088397e-06 2.82301198566e-06 2.34552687203e-06 5.92840644179e-06 2.84356146992e-06 3.74058588978e-06 3.66771603494e-06 8.9410001846e-06 1.88743382511e-06 9.09511699107e-07 8.67358615937e-06 2.40034831209e-06 9.77933542727e-06 7.55932220812e-06 2.52481294783e-06 4.23485825139e-06 3.14438355756e-06 7.55680101663e-06 2.05241984454e-06 3.29322845555e-06 1.95041728189e-06 7.01083042763e-06 4.20413327162e-06 5.12610220296e-06 3.22178846866e-06 1.02693156805e-05 1.11133369734e-05 3.97872979096e-06 1.19461903312e-05 1.43498914283e-06 2.07402405477e-06 8.69098920522e-06 3.91916287328e-06 3.55328344539e-06 2.7407722494e-06 5.23900384242e-06 2.03843552991e-06 2.07212074012e-06 1.30659055014e-06 5.87243620509e-07 1.29846295176e-06 5.48004566119e-07 2.01562284295e-06 1.24071765349e-06 2.29293206963e-06 1.43031066312e-06 3.31750518016e-06 1.88557370169e-07 1.68704124579e-07 4.14573773928e-06 2.02466441709e-06 5.86908316269e-06 2.79452036362e-06 1.51326472909e-06 1.9753020677e-06 2.10501471222e-06 3.69745857946e-06 2.43306672813e-06 2.1209377722e-06 1.72984305881e-06 3.44385057319e-06 3.14401569556e-06 2.7905865534e-06 2.59165842663e-06 1.72397397926e-06 4.70451077884e-06 6.75440663421e-06 2.95457870439e-06 5.38852993145e-06 3.04263130323e-07 9.81357849429e-07 4.29252434145e-06 1.70480900458e-06 2.0958010314e-06 1.49237315711e-06 1.97456091594e-06 5.6946412123e-07 8.71685397342e-07 4.57452322344e-07 1.33414465178e-06 2.56552863352e-06 1.77056011948e-06 5.09935802843e-06 1.2285586858e-06 3.97979702083e-06 3.32415947175e-06 7.16445569126e-06 4.88022042549e-07 9.71315706466e-07 5.65126481299e-06 4.46740985968e-06 1.08451179507e-05 5.0134807691e-06 2.24560618104e-06 5.24480972337e-06 4.2200381615e-06 6.22112348043e-06 3.12146625494e-06 6.56936782297e-06 6.33437007207e-07 5.22336237261e-06 3.45736068788e-06 6.32394582572e-06 5.35558360184e-06 6.21009497205e-06 3.57345653412e-06 8.84637829805e-06 1.17506827229e-05 6.49628946296e-06 7.10645311952e-06 1.38772011854e-06 1.27792412379e-06 7.29275173844e-06 3.50843965275e-06 3.68844741456e-06 1.38541468406e-06 4.28853323757e-06 1.37952432534e-06 1.85305405634e-06 1.00832404829e-06 4.82150972965e-07 1.4675716804e-06 1.76673141909e-06 3.38364128805e-06 1.6421783588e-06 3.04555717717e-06 2.46921833603e-06 5.23152674753e-06 6.37632240664e-07 2.42775871372e-07 8.42139109318e-06 3.00209767485e-06 9.524514389e-06 6.70841093188e-06 2.31066578652e-06 4.88631731039e-06 3.68162462454e-06 4.83662299963e-06 2.28700942223e-06 3.90451659892e-06 1.89251630712e-06 1.91167823702e-06 3.16225930794e-06 3.6000486343e-06 4.72207372482e-06 4.73569499588e-06 6.89986534766e-06 2.45721271921e-06 9.45340720444e-06 1.04702984275e-05 4.95796962194e-06 1.11616060448e-05 4.5106731332e-07 1.64881230122e-06 6.73278830488e-06 3.04887047617e-06 3.09848607008e-06 1.98056575724e-06 2.7866474641e-06 1.21476340701e-06 1.08767743007e-06 3.96052575781e-07 7.55519216528e-07 1.30496974961e-06 3.10474312067e-06 3.23509725866e-07 1.73501634645e-06 7.99211784459e-07 3.43239544722e-06 9.72264145239e-08 6.03481134574e-07 2.92609730594e-06 4.11167117143e-06 5.89589794327e-06 3.12946750509e-06 5.68955468379e-07 8.75830454619e-07 2.97074714907e-06 3.89954452352e-06 4.99412196066e-07 3.06393015003e-06 5.40813903471e-07 3.42208846033e-06 1.05932031693e-06 2.72676620137e-06 6.08646406164e-07 3.84292187477e-06 3.86376468093e-06 1.03430219617e-06 7.7222819095e-07 6.11423033923e-06 6.19210143515e-06 5.41412077465e-06 3.8494153843e-06 6.60300724849e-07 7.23557488255e-07 3.43726791735e-06 1.00994398629e-06 1.6507551926e-06 3.94094993766e-07 2.41824380038e-06 8.02400876105e-07 5.16673987091e-07 2.23711201851e-06 2.00901499387e-06 6.40972008181e-06 1.54601909022e-06 5.66047830917e-06 2.15356503515e-06 7.73361774121e-06 1.3862439324e-06 1.28913866616e-06 1.05928001529e-05 4.55626257051e-06 1.48531099335e-05 6.70870694338e-06 3.68535359503e-06 8.50852788012e-06 4.579736155e-06 1.00463326236e-05 4.5639703679e-06 6.90784032672e-06 1.15920298237e-06 6.34930322366e-06 5.86016871344e-06 1.36203814981e-06 6.12040155662e-06 4.99717221675e-06 1.03234471977e-05 5.16146701305e-06 1.00252361706e-05 4.87987132375e-06 1.01023190494e-05 1.6468792796e-05 7.15659557463e-06 1.41059907595e-05 1.59018941062e-06 2.46020742196e-06 9.35654580903e-06 2.7001758101e-06 4.63537323061e-06 2.10270090251e-06 4.88467384242e-06 1.24548951045e-06 1.34326232248e-06 3.92689713757e-07 2.00679439828e-06 2.89739740684e-06 5.69399067653e-07 3.24558488006e-06 2.21850153553e-06 4.31668036032e-06 5.70181101549e-07 1.13194034368e-06 6.57209146351e-06 4.0035947045e-06 7.6778181107e-06 5.93126275323e-06 5.65490114363e-07 3.74190375267e-06 3.23975980241e-06 2.78236214856e-06 2.18230277574e-06 2.96188606581e-06 1.38626863448e-06 2.41555328368e-06 3.31650889565e-06 1.92246482558e-06 1.94163517299e-06 2.35231098687e-06 3.29469122054e-06 3.09723879238e-06 4.12629366519e-06 5.27171833767e-06 6.34215557018e-07 8.79521222418e-06 8.10355663685e-06 6.35196210623e-06 7.72401882911e-06 1.38257947755e-06 1.26815600557e-06 4.11306925289e-06 2.12036012499e-06 2.55820285845e-06 6.80907448281e-07 2.09580831224e-06 1.30785780822e-06 2.46766904612e-07 3.41253746645e-06 7.03808046163e-06 1.72714182648e-06 6.19703652666e-06 2.80025575505e-06 5.5646981072e-06 1.26373954015e-06 1.85691473788e-06 1.02656161e-05 5.91718482409e-06 1.36545212937e-05 6.42001747586e-06 4.5852951304e-06 2.43527497148e-06 7.5008215643e-06 7.53944098941e-06 4.19871967852e-06 7.85286675876e-06 9.02296387661e-07 1.07929090589e-05 1.51956891098e-06 1.97232149243e-06 1.09167746559e-05 1.30689755048e-06 7.5832539101e-06 4.51793606673e-06 7.57213149803e-06 9.59460318727e-06 3.32857410131e-06 4.8741878073e-06 1.02924781448e-05 1.48452859144e-05 8.98370326666e-06 1.45229204199e-05 1.79729396979e-06 2.27260674399e-06 7.27579032111e-06 3.45439315503e-06 4.56423291999e-06 1.74937236379e-06 4.82026252342e-06 2.14104307479e-06 2.02169129586e-06 5.28198817036e-06 1.38874076865e-06 4.61021890912e-06 2.84723181752e-06 6.63352552788e-06 6.16264280811e-07 1.99724507388e-06 7.36690951248e-06 6.0492608016e-06 1.12854411318e-05 6.87448320601e-06 1.5634163755e-06 6.21572431305e-06 1.4794622554e-06 5.9680615006e-06 2.17997705819e-06 2.70646058189e-06 1.08861800926e-06 3.345709572e-06 3.01943405205e-06 1.75047146447e-06 4.10197808939e-06 2.4787489966e-06 2.10606331791e-06 2.41513770341e-06 3.25015253323e-06 6.41947260043e-06 1.5678909314e-06 9.18155548865e-06 2.24493660851e-06 1.12778209156e-05 1.19121549621e-05 8.06320400423e-06 9.34252931208e-06 1.89406151915e-06 1.35078443516e-06 6.41812190086e-06 2.90817809785e-06 3.61293240066e-06 1.1613020817e-06 3.35372389888e-06 1.22884081142e-06 1.76868298672e-06 8.16519235023e-06 1.83876012394e-06 4.88074485646e-06 4.48207269418e-06 8.23778185528e-06 1.3785129524e-06 1.67198084369e-06 1.10478200035e-05 7.76122300365e-06 1.55583251629e-05 1.08272657763e-05 4.71292607786e-06 4.17726730998e-06 9.46755652559e-06 1.87956396791e-06 7.0986262835e-06 5.50877521951e-06 2.05045778891e-07 8.88215768639e-06 1.72875889867e-06 4.59336364906e-06 4.84506842536e-06 1.91986275407e-06 9.45903441945e-06 1.59157824658e-07 5.38924797642e-06 8.51970560847e-06 2.20286270051e-06 1.12272626611e-05 5.79470897244e-06 4.42992538536e-06 1.57634101648e-05 1.63761317106e-05 1.13695908873e-05 1.5180077176e-05 1.55709132261e-06 2.5139680546e-06 9.69625454593e-06 4.10787334834e-06 3.38507711511e-06 1.51541670513e-06 4.5913884626e-06 9.63454644201e-07 7.53752881881e-06 3.12166173226e-06 6.25680195574e-06 2.94771864864e-06 9.97743856968e-06 9.53278904706e-07 2.49603760073e-06 7.62959787066e-06 8.20456464822e-06 1.23490793214e-05 9.02787382083e-06 2.94371871402e-06 3.36405112713e-06 3.77672642211e-06 4.73849277123e-06 8.06719136114e-07 4.1403552452e-06 1.38969694751e-06 2.9113034066e-06 3.14345192663e-06 2.88176882973e-06 1.01104319161e-05 2.81204707107e-06 4.2288492194e-06 2.94319008925e-06 1.90136060855e-06 4.37764323817e-06 6.70575881515e-07 6.01625072262e-06 3.64068915908e-06 5.59418057021e-06 2.68376122301e-06 1.41701924567e-05 1.2178539642e-05 1.08708669387e-05 1.05113739525e-05 2.60777886119e-06 1.9348144205e-06 8.90827115276e-06 2.96565459244e-06 4.41047484405e-06 1.9295924696e-06 3.57893140497e-06 8.35265420725e-06 3.34105021309e-06 8.09475132112e-06 4.43385849353e-06 1.2615514757e-05 2.38193378281e-06 2.5687002289e-06 1.29637116829e-05 8.58019470583e-06 1.70836972737e-05 1.07444611026e-05 6.05161231652e-06 5.95665351665e-06 8.98204234781e-06 3.51462025188e-06 8.45854646721e-06 2.36232883791e-06 1.09301880641e-06 9.46442911314e-06 3.15630233575e-07 5.5241554273e-06 6.25184048374e-06 5.68344213047e-06 6.14288084936e-06 4.73142980618e-07 9.09700794673e-06 2.02902840462e-06 2.04038380546e-06 9.24588397348e-06 3.80784823915e-06 9.54550686035e-06 7.65204259609e-06 5.59009442553e-06 1.60287664146e-05 1.71071512348e-05 1.25026748703e-05 1.81283647736e-05 1.85514103647e-06 4.25229728468e-06 1.22361317207e-05 4.25480980642e-06 5.39438306168e-06 1.3782725388e-06 4.22545137259e-06 4.38464094726e-06 2.52043036637e-06 4.56505602337e-06 2.67052927151e-06 7.88816258363e-06 1.68427535949e-06 4.19698970889e-06 9.08563461456e-06 9.00152167589e-06 1.28377209541e-05 8.65511626222e-06 4.01197683893e-06 6.43991059528e-06 4.32196316837e-06 3.63909601861e-06 2.3420483319e-06 3.78583635414e-06 4.69230481646e-07 5.8911162334e-06 2.02689841173e-06 1.10328084297e-06 8.42786880224e-06 2.27052032568e-06 7.96731583517e-06 1.15709397012e-06 2.56969310605e-06 5.86537726719e-06 1.12300441677e-06 4.45723057842e-06 2.87753600619e-06 4.69456432895e-06 4.14460975461e-06 8.33641855688e-06 3.25251494235e-06 1.30900888385e-05 1.26491217581e-05 1.13398606466e-05 1.21629545506e-05 3.52872041886e-06 2.32531505352e-06 6.99584006137e-06 2.41603172196e-06 3.26771398803e-06 9.11263265538e-07 1.82429048394e-06 4.3959436718e-06 7.86596974141e-06 4.23827632755e-06 1.30933615909e-05 2.37372424021e-06 5.23043858317e-06 1.56564195021e-05 1.00863144179e-05 2.02192428595e-05 1.22972311067e-05 6.9486367194e-06 8.49363129462e-06 1.21558329319e-05 3.29111726776e-06 1.05952244259e-05 1.94664276779e-06 2.98188992371e-06 4.7178262191e-06 1.9015249816e-06 3.62358781343e-06 3.31937176651e-06 5.45051656639e-06 6.40762711352e-06 2.69001999414e-06 4.5636809272e-06 2.27836699232e-06 4.44466324176e-06 3.68243987054e-06 1.91564714947e-06 1.10332175475e-05 3.45849045398e-06 1.31367940574e-05 1.02476828156e-05 5.77033265307e-06 1.75855561206e-05 2.08196881996e-05 1.38842447098e-05 2.21422672676e-05 4.13097205121e-06 3.8701753929e-06 1.23667869758e-05 3.4165583496e-06 5.9805912745e-06 1.29317509009e-06 5.4193385946e-06 8.20125114773e-06 5.41316324715e-06 1.0777864359e-05 2.55251367166e-06 3.1151834376e-06 1.08425284516e-05 1.2951730037e-05 1.62791751711e-05 1.31077887764e-05 4.34061551458e-06 8.14772684369e-06 6.55927329474e-06 4.74555661018e-06 4.74853197623e-06 3.83621285669e-06 1.23978783657e-06 1.12612241236e-05 1.63608242974e-06 2.36184780326e-06 7.26753455255e-06 1.70759403037e-06 7.82678381199e-06 1.99742885665e-06 6.51660408612e-06 3.37030984172e-06 1.93328513718e-06 1.01772518699e-05 1.5525053413e-06 4.55394003278e-06 4.30120424717e-06 6.35316792181e-06 6.4404074815e-06 1.02131017647e-05 3.21013104743e-06 1.93786023695e-05 1.53650158071e-05 1.41124950208e-05 1.55120845013e-05 1.7914874905e-06 3.18573231976e-06 9.3785908134e-06 2.88244161627e-06 4.6423987042e-06 2.19388571685e-06 6.85747413646e-05 9.04553810074e-06 1.52173068305e-05 5.40223324393e-06 7.20136202055e-06 1.63750199203e-05 2.14316807082e-05 2.89393803379e-05 1.81743161617e-05 9.62074860253e-06 9.6439420094e-06 1.65005440368e-05 5.00313386106e-06 1.62714434283e-05 3.03646314919e-06 3.54675603052e-06 8.01292272755e-06 5.60085015878e-06 2.42772605289e-06 6.97027412358e-06 6.54570892414e-06 5.41396231344e-06 5.92180851461e-06 5.9801245188e-06 6.37693638057e-06 2.17371868712e-06 7.26835957805e-06 6.93070804079e-06 4.75963561863e-06 3.27003986253e-06 1.60381676716e-05 5.34301545043e-06 1.76099894879e-05 1.0855854445e-05 8.36371505229e-06 2.4662226429e-05 3.00896826957e-05 2.3547138355e-05 2.09237520907e-05 6.43576716613e-06 6.08241117032e-06 1.19638635992e-05 3.26712891107e-06 1.20563614324e-05 5.86783479711e-05 1.65769840018e-05 5.67278135434e-06 6.05578517177e-06 1.84549261716e-05 1.67327644208e-05 2.46673417506e-05 2.83221037635e-05 4.42268732371e-06 1.39670393007e-05 7.16714149201e-06 8.45554230717e-06 9.51596773993e-06 4.8943181859e-06 3.14218304541e-06 1.0828176811e-05 4.0815377047e-06 5.23881669381e-06 5.36705276607e-06 6.34196027607e-06 6.29854239164e-06 5.54911720128e-06 6.21757943133e-06 6.99209480306e-06 5.34902601891e-06 5.15237731134e-06 4.3734863695e-06 1.03405812065e-05 3.29139686317e-06 5.53370369139e-06 8.01961303937e-06 9.16903048294e-06 7.79903796104e-06 1.61991069068e-05 3.56617811705e-06 3.80383171316e-05 2.35008735219e-05 1.98031581999e-05 2.41155267706e-05 5.6689456171e-06 5.56532581666e-06 1.14098199524e-05 7.86694690032e-06 1.79899394834e-05 7.55298979527e-06 1.19965458565e-06 2.12850649381e-05 1.97657548129e-05 2.16287719326e-05 1.7827621941e-05 7.56536083429e-06 8.2056054779e-06 9.90021292559e-06 4.28850741591e-06 1.23758137484e-05 3.25867658581e-06 4.14646874446e-06 6.43848473573e-06 5.61893479309e-06 3.1306060506e-06 7.50691685165e-06 3.37243361972e-06 3.63072420835e-06 6.11300608497e-06 3.81276967408e-06 4.78966396937e-06 3.5319679116e-06 5.94672763532e-06 3.9439892989e-06 5.79990471432e-06 5.67441434596e-06 4.38165643803e-06 4.19280180918e-06 1.08010981292e-05 5.31203700679e-06 1.09228897097e-05 7.86738826061e-06 6.93239465094e-06 2.51909250633e-05 1.91948252839e-05 2.03822449811e-05 2.41838307376e-05 9.94852075977e-07 5.72154055993e-06 1.06451672591e-05 0.000261317328892 1.3598066981e-05 1.99717360059e-06 2.43432544599e-05 3.2617145278e-05 3.30993756229e-05 2.32863134819e-05 1.05480623941e-05 2.07874507539e-05 6.46582630318e-06 8.52192808803e-06 8.88384452789e-06 4.76544512123e-06 4.95651114567e-06 1.01437117529e-05 6.22314418248e-06 5.15626315248e-06 5.67911256893e-06 9.08758696349e-06 3.35483630537e-06 5.52011333163e-06 8.57859979687e-06 4.36755211916e-06 4.38278828267e-06 7.9778927791e-06 5.14274704887e-06 5.58060975879e-06 4.65414392545e-06 8.86861215007e-06 4.55287338273e-06 4.7312137558e-06 7.54852345594e-06 9.62102467545e-06 7.68108816112e-06 2.34234220406e-05 1.01756290227e-05 2.957499694e-05 3.35425263969e-05 3.20195543638e-05 2.53046812136e-05 2.92052703302e-06 8.40610526587e-06 3.75182005403e-05 0.000131309161546 5.0996384716e-06 7.50673132669e-05 4.03356402593e-05 4.51698873554e-05 4.38269870498e-05 5.71873036086e-06 2.36450089172e-05 1.42159390175e-05 8.1488441349e-06 1.48083091968e-05 2.85795896245e-06 7.48506546286e-06 8.63764851187e-06 1.13576074483e-05 4.11507497805e-06 9.74821306383e-06 6.35770134834e-06 8.92503283454e-06 2.80849096505e-06 9.313738286e-06 7.90959669457e-06 2.71421438158e-06 1.03314357468e-05 5.08677832936e-06 1.01265382004e-05 3.79934317813e-06 8.30855361045e-06 8.89955133974e-06 6.76182946816e-06 3.73132810323e-06 1.28463192339e-05 9.30759111043e-06 1.69998787875e-05 2.61449476439e-05 5.49359469666e-06 5.54530090547e-05 4.31517479275e-05 3.87844060662e-05 3.98224714107e-05 4.31439108976e-06 1.65846967499e-05 8.43747430779e-05 9.74718302019e-05 7.20230214511e-05 5.95995630983e-05 8.10767393493e-05 5.06536867014e-06 2.11923661659e-05 1.48439867091e-05 1.24446674623e-05 1.09866608549e-05 5.23215964497e-06 4.56903005023e-06 9.70162630602e-06 8.4696655691e-06 5.35698363637e-06 7.63119764346e-06 9.54283539606e-06 4.75202857352e-06 7.15367569975e-06 3.96089578562e-06 9.05355093299e-06 3.41246091574e-06 6.48241814374e-06 5.1334006056e-06 8.15721587574e-06 7.33743762486e-06 5.57057735674e-06 6.66854601809e-06 1.08043337811e-05 4.26572861539e-06 5.46425142448e-06 9.46877832786e-06 1.29071872999e-05 1.79472440163e-05 1.93108463007e-05 6.56778900481e-06 6.82049796099e-05 4.40202185633e-05 4.70752198851e-05 4.4559594069e-05 7.29093786743e-06 0.000635089969921 0.000134487238391 7.20194082077e-05 0.000104611622561 1.65897492929e-05 5.00910050785e-05 2.77270657549e-05 1.93366249273e-05 3.58180717047e-05 6.43796281464e-06 6.89711957046e-06 8.59882068423e-06 1.0521840059e-05 4.12642836292e-06 1.60607710364e-05 3.35613460334e-06 1.36041358226e-05 2.79253702242e-06 1.04674419362e-05 3.92896619188e-06 3.36056242948e-06 1.15930564041e-05 2.29656329632e-06 1.26558701233e-05 3.33888645127e-06 1.37036346848e-05 3.16028007613e-06 7.97302512885e-06 8.09480939237e-06 6.43570161615e-06 4.06830695981e-06 1.69281767269e-05 1.38228565515e-05 1.68591845729e-05 2.87184287239e-05 1.07793529329e-05 8.09079979489e-05 5.48734904049e-05 6.30551679942e-05 0.000110754819184 0.000690390825228 0.000152535744323 0.000220710138454 3.46026152614e-05 0.000100473899291 4.8669513675e-05 2.21605353319e-05 3.4373734989e-05 1.79847814653e-05 9.4590991327e-06 3.55691599817e-05 1.37487929812e-05 1.1698869368e-05 2.24630496496e-05 1.50861639378e-05 1.26291131466e-05 1.48628099747e-05 8.32512633166e-06 1.74952592312e-05 2.91747377222e-06 1.62941189279e-05 7.3649724405e-06 1.05945805748e-05 9.73836317051e-06 1.14752588919e-05 1.21933996289e-05 7.46427077495e-06 7.35580459468e-06 2.2446627444e-05 4.61656422256e-06 1.15542814839e-05 1.67090573045e-05 1.10064328735e-05 2.45773517158e-05 3.78353053512e-05 1.38102119769e-05 0.000114336273894 7.98141996873e-05 0.000146633130082 0.00170362569305 0.00114665920769 0.000179150367111 0.000366231674234 0.000306878210656 0.000189318558819 0.000118073385951 9.15913521097e-05 8.19372351002e-05 9.5248721238e-05 6.94733036116e-05 4.83785809539e-05 7.79214214369e-05 4.87276836796e-05 7.01187154604e-05 2.43067434562e-05 5.92307108057e-05 2.87246140319e-05 2.86176044604e-05 2.58466138193e-05 2.38810843585e-05 3.96379902814e-05 1.64468676077e-05 3.78676470634e-05 2.27977974692e-05 3.14896697875e-05 1.6946100226e-05 2.10996318729e-05 2.70522841916e-05 1.88928664614e-05 2.16859802107e-05 2.795555923e-05 3.23091131673e-05 6.57804202218e-05 7.36345033688e-05 3.83829339995e-05 0.000253493485985 0.00038173232937 





































