












5.15480005246e-06 2.39862474614e-06 6.57136744232e-07 1.69210065078e-06 2.73598473564e-06 2.70957068526e-06 1.87454427441e-06 7.91681034258e-07 2.77743063201e-06 3.5640501792e-06 9.99435115046e-07 1.13776482493e-05 1.64624413535e-06 2.36813318056e-06 1.20191840249e-06 5.04199442169e-06 4.98036798823e-06 1.37747971945e-06 2.47509859703e-06 1.765360844e-06 7.53021954427e-06 1.14727249057e-06 1.28393225327e-06 1.12563741145e-06 3.95634559665e-06 2.222387829e-06 1.06850880264e-06 1.6009498508e-06 1.16333418915e-06 1.16170179714e-06 1.40897337447e-06 1.00167813627e-06 1.38484107783e-06 2.92407494264e-06 1.0145624142e-06 1.38118163644e-06 2.79464283682e-06 5.62389336075e-06 1.32871335021e-06 1.08276039593e-05 2.93327279092e-06 2.96602392512e-06 1.88605258094e-06 5.01895374462e-06 1.5418169346e-06 2.87101414047e-06 2.0858020554e-06 7.42949411003e-06 6.17057197822e-07 5.41830520585e-06 2.9401411385e-06 1.52267321177e-06 1.40910249727e-06 2.28298263735e-06 1.17246706762e-06 8.64799962996e-06 3.53656515318e-06 3.2866178746e-06 3.98650663914e-06 1.30313300006e-06 3.4783152465e-06 2.85369718572e-06 2.4896561157e-06 6.27910011745e-06 9.96151306026e-07 2.1555537156e-06 1.90114256889e-06 1.85060507873e-06 7.87370863739e-06 5.95135882544e-06 1.6137277938e-06 6.26512151342e-06 3.56466541629e-06 1.83504793566e-05 4.16692822854e-06 3.72031303596e-06 2.13584044124e-06 1.94791149317e-06 4.05277088922e-06 2.27223756188e-06 1.24552464957e-05 2.18112576744e-06 5.97132040909e-06 1.5320147734e-06 6.13185280239e-06 8.19279884962e-06 1.88421655691e-06 2.32301026456e-06 1.06314832858e-06 2.65073974894e-06 7.25539101074e-07 4.66404543851e-06 8.88142630513e-06 4.36331577484e-06 1.29238536124e-06 2.2812236052e-06 1.10781034238e-06 3.62438138325e-06 6.921117172e-06 2.5962035829e-06 9.06809433483e-07 2.0499941363e-06 1.01514884082e-06 2.67624459313e-06 1.99315359466e-06 2.42339210836e-06 1.90414391711e-06 7.68503100664e-07 4.93911687034e-06 2.8899373974e-06 1.080660122e-05 1.48857656425e-06 2.17881643758e-05 3.54177967242e-06 5.91677342606e-06 2.63053802328e-06 5.25121689694e-06 2.23935554219e-06 1.61620277604e-05 9.7130818278e-07 9.66062588659e-06 3.10110858027e-06 4.84975515991e-06 5.57490008874e-07 2.28639462981e-06 2.68949128056e-06 2.85631158427e-06 2.32011320202e-06 2.82137868004e-06 1.41217326952e-06 1.64276140505e-06 3.01866464016e-06 3.26641987171e-06 4.60730031221e-06 8.73508773897e-06 2.40491051938e-06 1.69893294397e-06 1.38144449871e-06 1.44783358632e-06 6.75014319325e-06 2.64578296296e-06 2.57513663337e-06 2.93291004541e-06 1.28736907025e-06 1.68057487401e-06 2.8487132686e-06 2.47038401948e-06 3.04513458475e-06 1.50689911388e-06 1.9534307731e-06 1.29900529191e-06 2.84280530769e-06 4.29560775484e-06 3.38460310452e-06 2.79578531913e-06 3.41086634338e-06 3.68019818237e-06 1.14810055671e-05 2.39467010894e-06 6.62681352537e-06 1.88406953407e-06 1.0925234193e-05 2.43564911908e-06 2.92206461648e-06 2.57827709668e-06 3.03450855651e-06 3.72722092386e-06 3.82381595852e-06 8.88463434731e-07 1.8843073455e-06 1.56196510328e-06 3.44299626661e-06 3.58080828045e-06 3.37878891806e-06 5.0595141229e-07 3.21688016026e-07 4.14344372475e-06 1.87235610723e-06 6.12300967347e-06 4.33678190804e-08 1.40340856669e-06 1.17577815474e-05 2.95341145703e-06 1.62125758429e-06 8.96659515595e-06 5.54546518669e-07 1.85424085378e-07 6.34814885661e-06 2.04568877146e-06 3.51979364324e-06 2.93188322596e-07 3.26267020458e-07 3.42135913292e-06 3.49858698314e-06 3.4577945204e-06 3.07083766486e-06 1.78530779901e-06 2.64503775581e-06 6.40730994665e-06 3.17344527803e-06 4.73035705063e-06 5.68891912982e-06 5.83106470858e-06 1.91555602461e-06 5.36740160049e-06 1.87781312151e-05 3.94908368977e-06 1.69862552172e-05 3.69408050634e-06 1.6627629379e-06 4.9041135448e-06 5.5135439103e-06 4.03673239809e-06 2.94020984375e-06 6.54215500349e-06 3.45463399433e-06 1.73745396848e-06 3.12432184085e-06 3.34119123013e-06 1.22346681732e-06 1.36982075885e-06 2.85355738102e-06 4.70318403914e-06 1.50134522735e-06 4.08572819311e-06 2.53476678367e-06 5.54556953993e-06 2.64691522766e-06 7.61423061409e-06 1.21469047656e-05 1.31536783325e-05 5.90561641554e-06 1.45779431681e-06 5.74284205388e-06 2.26829679861e-06 4.35289701956e-06 8.43147588392e-07 5.06522707101e-06 2.63311123501e-06 1.33792048585e-06 1.35255074816e-06 3.36276928266e-06 4.82145647045e-06 2.53834659003e-06 2.92572026044e-06 1.05057271246e-05 4.85167518695e-06 8.51944199156e-06 1.22028145374e-05 4.91587786484e-06 4.48702761141e-06 1.28124794911e-05 4.40369888005e-06 6.66954016465e-06 5.85848609223e-05 6.66954016465e-06 4.40369888005e-06 1.28124794911e-05 4.48702761141e-06 4.91587786484e-06 1.22028145374e-05 8.51944199156e-06 4.85167518695e-06 1.05057271246e-05 2.92572026044e-06 2.53834659003e-06 4.82145647045e-06 3.32067417461e-06 1.9838314429e-06 1.79800594809e-06 3.23045735852e-06 5.07395223656e-06 3.7305267218e-06 6.23737022776e-06 4.96104388119e-06 3.91110280403e-06 3.21539802185e-06 1.03249815843e-05 2.42267428935e-06 1.7672873761e-05 1.55046562185e-05 3.71330811521e-06 1.1836242553e-05 2.46490902173e-06 4.79452515005e-06 4.19779813585e-06 6.15521530622e-06 2.82001717941e-06 5.52688324907e-06 2.79809803278e-06 1.96610268595e-06 1.84495061023e-06 3.24024865202e-06 1.57531305886e-06 4.66081263351e-07 1.50512189662e-06 2.27541773077e-06 1.47482300459e-06 8.89995895919e-07 4.90832355347e-06 2.61699246766e-06 2.63574422818e-06 7.0259409207e-08 3.08611237996e-06 3.88856894549e-06 8.07165203597e-06 2.75507234396e-06 7.21231599678e-06 4.81627367891e-06 3.18976682096e-06 3.1400029779e-07 2.95023268879e-06 2.41182432437e-06 5.59714221116e-06 6.90848580572e-07 1.6318956582e-06 2.28248307631e-06 1.60959899825e-06 3.02413270391e-07 1.5558356087e-06 2.64907505062e-06 9.15344898386e-07 5.16244499828e-06 4.00392578392e-06 8.31372915345e-06 4.70783760016e-06 7.99027176138e-06 1.2601026306e-05 4.29795949738e-06 9.31776191946e-06 1.03506661246e-05 4.10996724725e-06 3.88441114929e-05 3.69479100366e-06 5.57720269832e-06 5.16871408981e-05 5.65108123961e-06 1.04012525829e-05 8.84844088127e-06 4.92056841069e-06 1.27283975564e-05 7.5954538613e-06 4.24262315893e-06 8.5899651805e-06 3.57986219324e-06 4.60715390307e-06 1.05725207773e-06 2.50210751788e-06 8.68051214852e-07 3.20261725397e-06 5.96689111708e-06 1.86113709887e-06 2.62817474541e-06 8.07763270481e-06 4.49292894275e-06 6.67206694314e-06 3.81591219939e-06 6.92916529754e-06 2.41007563916e-06 1.75307138152e-05 7.9496127442e-06 1.07440277351e-06 1.13252890438e-05 2.07092788946e-05 4.30578511081e-06 7.92006886934e-06 3.65735207122e-06 7.23937892066e-06 3.30918746424e-06 8.47795253883e-06 2.63689853027e-06 1.50320729786e-06 6.28622421669e-06 2.68227727764e-06 6.53597655728e-07 1.1532811943e-06 4.31916176684e-06 3.13460067873e-06 7.16039060942e-06 1.8648740765e-06 3.55842135206e-06 6.76915779177e-06 3.59069613657e-06 8.04660826087e-06 3.54678477179e-06 3.74471477117e-06 1.7172282309e-05 2.6449454533e-06 3.59633902685e-06 2.97856739731e-06 3.72839509866e-06 1.93565427454e-05 6.3081305095e-06 3.8554087424e-06 7.21149040003e-06 4.66048237697e-06 7.13364463469e-06 3.25740336366e-06 1.59573693066e-06 7.51777176008e-06 2.53914842906e-06 3.50425167097e-06 8.224275665e-07 3.05717445679e-06 5.69915210239e-06 5.37752225525e-06 7.00338984636e-06 5.55598451815e-06 1.17792636842e-05 5.14632480102e-06 1.1202258569e-05 7.79730065771e-06 1.71926863354e-05 5.95850362589e-06 3.36345148479e-05 7.32961960576e-06 2.58576938631e-06 2.5671445253e-05 2.86141278447e-06 1.06757066781e-05 3.94583849767e-05 9.72804289607e-06 2.01575658388e-05 7.19686714116e-06 1.2770931712e-05 4.7417680649e-06 1.1654592618e-05 5.17590988941e-06 6.35595682332e-06 4.18870604823e-06 4.74772311584e-06 2.68174191567e-06 2.06494680649e-06 2.27134450673e-06 3.27179830248e-06 1.86347881271e-06 4.68179971788e-06 2.04457377031e-06 3.31385477602e-06 3.70744086993e-06 7.37547712951e-06 7.89081899597e-06 1.75435347681e-05 6.35504407058e-06 2.08029976099e-06 8.92011459285e-06 9.31489986894e-06 3.19479509067e-06 7.74156924199e-06 1.84791155657e-05 1.14921846172e-05 7.43617314824e-06 4.64052729418e-06 3.26421396689e-06 1.96849269283e-06 4.15841081401e-06 1.84163569711e-06 2.74704865484e-06 1.79005786579e-06 1.59120200203e-06 3.98063568537e-06 3.65942187333e-06 7.23966722702e-06 3.25646854533e-06 2.07983819919e-05 6.41965523828e-06 1.49880682078e-05 7.12245708637e-06 2.17818210763e-05 7.35661572045e-06 5.82200480819e-05 7.27289956216e-06 6.18452541332e-06 2.06263473177e-05 7.32124266801e-06 1.97331080594e-05 7.75852507353e-06 1.29545297405e-05 7.94948853604e-05 1.26455085012e-05 2.50592337399e-05 7.02424085423e-06 1.66748933335e-05 6.18589700476e-06 2.08925242127e-05 2.818744257e-06 6.57122956372e-06 2.84607889992e-06 2.79531151544e-06 4.18161200524e-06 6.42228914469e-06 5.00793982513e-06 1.05416145508e-05 6.88923590822e-06 6.33772407099e-06 6.6297491185e-06 1.34500940344e-05 9.84279827427e-06 3.18756332581e-05 1.48322832726e-05 4.47996745035e-06 1.78433214348e-05 7.49530495595e-06 8.03946763108e-06 1.82751067047e-05 4.44527120236e-06 2.03560183729e-05 3.39142117062e-05 1.34126958094e-05 1.5188293992e-05 8.89994271734e-06 6.27145146303e-06 7.56974549536e-06 9.93486775147e-06 4.4464392508e-06 5.66409637495e-06 2.90353786745e-06 1.1602390447e-05 1.41415754875e-05 1.01605682275e-05 1.39539873627e-05 5.69194284426e-06 1.93929343921e-05 6.89254059025e-06 2.19354041118e-05 7.92283264871e-06 5.49690417382e-05 9.63976647353e-06 8.08380752487e-06 1.09033036734e-05 1.36286370366e-05 1.11597659071e-05 1.41452335849e-05 1.21215599644e-05 1.11655309878e-05 1.61494297751e-05 7.03662724554e-05 1.34814944971e-05 2.54829862186e-05 6.60554407437e-06 2.14701229131e-05 5.14521279186e-06 1.35856083901e-05 8.36177209493e-06 1.0443341442e-05 8.42826751067e-06 2.19471674285e-05 6.55047867022e-06 1.3581796923e-05 4.59200731064e-06 1.12673778657e-05 9.78394739955e-06 1.29475481165e-05 1.09028334685e-05 3.74777052797e-05 1.33801618527e-05 5.57894505501e-06 2.20109887226e-05 7.80595401757e-06 1.06744797987e-05 1.0062694535e-05 5.98276536137e-06 2.62197141862e-05 5.77187642386e-06 1.93471067534e-05 4.01319706149e-05 1.49969163789e-05 1.41989467248e-05 1.1301098525e-05 1.06789474029e-05 4.17737229212e-06 1.30463207652e-05 4.08742936287e-06 1.07134058427e-05 3.63242691221e-05 1.99824055896e-05 6.51138063911e-06 1.44728035729e-05 6.04503287885e-06 2.94695964076e-05 8.48619163646e-06 6.18381868623e-05 1.27270304914e-05 7.5873863809e-06 1.92358092448e-05 1.85091011816e-05 5.56763390394e-06 1.95443278624e-05 5.99479967303e-06 1.7561380419e-05 2.32890479764e-05 1.07607589743e-05 1.98377713344e-05 7.73872537445e-05 1.320092071e-05 3.41124333855e-05 5.4442340828e-06 1.50949137561e-05 6.32636910857e-06 1.78200557239e-05 1.29812290778e-05 1.38628927921e-05 5.14648968359e-06 1.39445262204e-05 4.52378907433e-06 1.67003128478e-05 1.55667184594e-05 3.80974632164e-05 1.44581966233e-05 6.19289936465e-06 1.92977341659e-05 1.26900958167e-05 9.42647485339e-06 9.20653216591e-06 8.5680888975e-06 1.0472600694e-05 1.02760255685e-05 2.31012419135e-05 6.41028249117e-06 2.1061675022e-05 4.07945129994e-05 1.98792747095e-05 1.85464675366e-05 4.30588763765e-06 1.29146482059e-05 5.05633937235e-06 9.90180580503e-06 0.000174361408206 2.76758137269e-05 3.08400221981e-05 1.08879225266e-05 2.9466236231e-05 3.02629478292e-05 0.000108611406471 2.04291661713e-05 1.18310954228e-05 2.93664007682e-05 2.37633444395e-05 1.29824707287e-05 3.42797074722e-05 8.16203659192e-06 3.22740935643e-05 1.38259474932e-05 2.29526456438e-05 3.2933277122e-05 1.57912289526e-05 2.75476114044e-05 0.000133861714644 3.5414558879e-05 3.26152087083e-05 1.16473687272e-05 2.72192726624e-05 1.54239842159e-05 5.70217131869e-05 9.17922102433e-05 5.38961865195e-05 2.04295900065e-05 4.87639458983e-05 2.38172297878e-05 0.000106349470046 3.86741285709e-05 7.70588855216e-06 2.62154864431e-05 1.43593620125e-05 1.10686962224e-05 1.83795395065e-05 1.41712193844e-05 1.38000031668e-05 1.80317910687e-05 1.3387363045e-05 1.54563742413e-05 2.99364665128e-05 1.03027544674e-05 4.8705992347e-05 0.000117856298402 2.8190667394e-05 4.77799811274e-05 1.32526096586e-05 3.08130869696e-05 3.11148055758e-05 0.00015189173658 2.30068394767e-05 5.40430662354e-05 4.51967578496e-05 0.000104849331318 3.61408383633e-05 1.16679737914e-05 1.84223081528e-05 1.18523849898e-05 6.8747802135e-06 1.93901538864e-05 9.46189209326e-06 2.63194256436e-05 8.25326491355e-06 2.02342333244e-05 9.57873404278e-06 1.14850049953e-05 1.86104967214e-05 1.4382730188e-05 4.25543769491e-05 0.000103792799462 4.15252261535e-05 4.16866833333e-05 1.3379569569e-05 4.11192761081e-05 0.000164226297311 0.000118469995117 7.84998753267e-05 0.000192042458076 5.45357308132e-05 2.04388028951e-05 7.08143413525e-05 1.6554539239e-05 1.96599559183e-05 2.23170195769e-05 2.0291452728e-05 2.99775505413e-05 3.15937084992e-05 1.72951957581e-05 2.3384809324e-05 1.91469027088e-05 1.51949667101e-05 6.41811770814e-05 2.00651009769e-05 5.2971969379e-05 0.000195329086227 6.41417699601e-05 7.50302060484e-05 4.76796303633e-05 0.000443998143476 0.000129824080898 0.000233601636294 9.17679025451e-05 1.72188336173e-05 7.6508058054e-05 3.31627377163e-05 1.66616095354e-05 3.2713257028e-05 1.6792704788e-05 3.75098515211e-05 2.49239658285e-05 3.55149180888e-05 1.46499867469e-05 2.9289751783e-05 1.41810415363e-05 2.7789853396e-05 5.98502593849e-05 1.69899311779e-05 8.24581943014e-05 0.000215189133647 8.31042334656e-05 0.00014310070306 0.000617902886098 0.000518267099926 0.000153757101273 5.38175388446e-05 9.20973531215e-05 5.16767682296e-05 4.74817040421e-05 3.71579499057e-05 2.75033458925e-05 4.59949015909e-05 3.79279569238e-05 3.60725152495e-05 4.19053209916e-05 2.19585401691e-05 2.94031196853e-05 3.2304141246e-05 3.59400122713e-05 5.95330135324e-05 3.4470773726e-05 0.000113741864653 0.000360705467477 0.000202084912216 0.00559932240393 0.000708224536555 0.000177870909306 0.000457559203566 0.00015883044213 0.000136453956904 0.000230666563454 5.85498506441e-05 0.000168898873748 8.43465137692e-05 0.000130600011282 7.19858229128e-05 0.000128290585795 3.55973918078e-05 0.000129552172845 6.94269661984e-05 6.83872686305e-05 0.000172664657553 6.89332873264e-05 0.000272629447497 0.00160979432948 




















