





















7.9928788099e-07 4.43916179673e-07 1.90156908019e-07 4.49283773978e-07 1.85681049856e-07 1.41632186354e-06 1.82904892114e-07 1.22772697761e-06 7.99556682952e-08 7.42054495675e-08 1.25196345764e-06 1.76609027033e-07 1.55125765785e-06 2.12370570226e-07 5.52155624551e-07 2.29732403265e-07 5.45980531862e-07 5.92523345923e-07 3.01269866566e-07 2.01436055087e-06 3.31920667742e-07 6.26363671103e-07 3.50474608556e-07 4.36917026626e-07 4.48598942426e-07 1.84686144891e-07 1.42140316419e-07 4.80708273226e-07 5.04484214941e-07 1.34488770062e-07 1.86013390876e-07 4.97262580102e-07 4.65777595932e-07 4.22145151507e-07 6.009862725e-07 3.13781844963e-07 1.37961155369e-06 3.93081625939e-07 2.25456236067e-07 2.70124764103e-07 7.19037275894e-07 1.96543489067e-07 3.7263144152e-07 3.13668991256e-07 7.77751917824e-08 3.04567197942e-07 4.18451365253e-08 2.87799341056e-07 3.09153123768e-07 2.57788269813e-08 3.51592933184e-07 7.78522304522e-08 3.78516092379e-07 3.53562743443e-07 9.419984703e-08 5.30329495471e-07 2.59016531116e-07 2.47140192402e-07 6.51008424655e-07 8.71436665605e-07 2.57262903315e-07 1.73648956837e-06 5.04629975643e-07 8.35298886929e-07 1.91698177837e-07 1.85383465215e-07 1.52242912098e-07 1.7869284612e-07 2.20803273359e-07 7.83433583004e-08 1.9085250009e-07 2.01295072265e-07 1.59583419041e-07 1.68094529416e-07 2.31606731413e-07 8.00760905838e-07 3.73574419467e-07 1.2176761949e-06 1.58518170959e-07 9.21573975143e-07 7.7012996649e-07 2.34277552e-07 4.49833977555e-07 3.80729708523e-07 4.73460194359e-07 1.59337955001e-06 1.17098931964e-06 4.25440500421e-07 5.04569273161e-07 2.12502720861e-07 1.26522372926e-07 9.55559791499e-07 3.9265073113e-07 7.67481401701e-08 3.20462626247e-07 9.82022370942e-07 1.00954978783e-07 2.26201070527e-07 5.14659506722e-07 4.09170940746e-07 9.59261070163e-07 1.15231353222e-06 3.01843342153e-07 4.20925035798e-07 5.68141393728e-07 2.99315926188e-07 6.43724417722e-07 4.44317829697e-07 7.68256044966e-07 7.71425418412e-07 9.79178217615e-07 6.23107365865e-06 9.94514435232e-07 1.96278193598e-06 3.30425547378e-07 4.9001400279e-07 2.39717684424e-06 1.67393340075e-07 3.47936517196e-07 2.52872381596e-06 3.46688651435e-07 1.34029138662e-07 2.31241074534e-06 4.87857233464e-07 3.14748089235e-07 1.80912626636e-06 8.12390564035e-07 3.94721969921e-06 8.25339310195e-07 7.88312012743e-07 8.12477384486e-07 5.5225291821e-07 7.43927171395e-07 4.41640636147e-07 1.60701821727e-07 4.60043845445e-08 5.34120343138e-07 4.111611475e-07 8.70683050089e-07 1.66716222829e-06 4.55370190323e-07 2.38915292582e-07 4.11893698996e-07 9.72777690104e-07 3.69984159674e-07 1.94625071224e-07 2.37943717971e-07 8.65260555413e-07 2.72065990058e-07 2.03546178358e-07 3.38371192543e-07 8.02661793315e-07 3.07004997577e-07 2.99527036474e-07 2.07895729992e-07 1.19487740023e-06 6.30404914203e-07 3.9261552088e-07 5.89979410107e-07 3.62591078061e-08 2.32008495274e-07 5.0153287873e-07 4.06558476649e-07 7.55601877182e-07 8.41630197379e-07 3.38432207691e-07 1.18225245081e-06 2.6140057878e-06 6.14324249314e-07 4.102232654e-06 2.2376804919e-07 4.90971036827e-07 2.45216056804e-06 3.82396462477e-07 1.7778434093e-07 2.0230383892e-06 3.28187503395e-07 3.18991121197e-07 1.96425749763e-06 1.48286285993e-07 3.30048189323e-07 2.13364914702e-06 4.27983095691e-07 1.73089635776e-07 2.80185802065e-06 2.94141474519e-07 2.32580761845e-06 1.10079241708e-06 3.53244376569e-07 9.56333085159e-07 9.26101058232e-07 4.47189135815e-07 3.62533707983e-07 2.07174152768e-07 4.51381475315e-08 3.20455469704e-07 3.63437612096e-07 3.85100974244e-07 2.33317022717e-07 1.29567758883e-07 6.32914883306e-07 1.39236096802e-07 5.40256410973e-07 1.52023928761e-07 1.82201926397e-07 3.95386864378e-07 2.97271384645e-07 3.41858645362e-07 3.89149709874e-07 1.60304023343e-07 6.91313267823e-08 4.09896671706e-07 7.83688458519e-08 5.25055316591e-07 1.08662295873e-07 2.26351447388e-07 3.31179335525e-07 3.63926621741e-07 3.95775370458e-07 3.66616649595e-08 2.4156849584e-07 4.03329848269e-07 3.74053727854e-07 8.84936657326e-08 9.10630330937e-08 1.14036226659e-07 1.89311730467e-07 7.69964610993e-07 6.35273595633e-07 6.62069077093e-07 3.25776910627e-07 1.42605064058e-06 7.24563565e-07 3.64657316349e-07 1.08509180249e-07 8.60514815438e-07 6.96767914855e-07 3.03122581139e-07 2.97883956243e-07 7.16392851244e-07 6.82623994059e-07 1.16836517482e-07 4.18448699853e-07 4.17270352948e-07 1.10999046463e-06 1.73483451803e-07 4.07247840405e-07 5.91148759453e-07 7.45469964554e-07 2.16868790096e-07 1.71935471595e-07 9.02247670112e-08 8.91367319006e-08 4.02614574073e-07 1.32852095632e-06 1.37369988855e-06 7.14628291723e-07 9.90819565011e-07 1.81087101928e-06 3.4412573266e-06 6.81206130664e-07 2.80962966166e-06 4.72627585454e-07 8.49128850866e-07 7.19299289242e-06 9.64989862075e-07 7.01807674789e-07 3.08136881834e-06 1.38026267826e-06 4.90167733148e-07 2.20839308266e-06 4.71289742832e-07 1.23326371226e-06 2.60339410414e-06 4.66798489323e-07 5.33649338319e-07 4.84101330229e-06 4.56025985011e-07 3.77537142726e-07 2.36113363404e-06 5.74660295495e-07 3.21362973235e-06 1.87522233133e-06 1.05315139646e-06 7.94209746939e-07 1.60766641478e-06 1.41671829718e-06 3.92162812808e-07 1.7859762298e-07 2.63021481209e-09 2.04545277383e-07 1.59480191012e-07 6.18691652609e-07 5.07068642348e-07 4.56828114962e-07 2.21174237825e-07 2.17072457071e-07 9.19186454079e-07 1.41056369176e-06 7.68624959824e-08 8.19361360209e-07 6.83552418948e-07 3.10434341753e-07 5.00496790053e-07 4.69591430658e-07 2.99258630142e-07 5.59192611833e-07 6.23009271281e-07 9.05523243201e-08 1.16115570337e-06 5.56053650628e-07 2.51038361242e-07 1.74345517976e-07 4.34982837619e-07 4.96851289003e-07 6.43583098964e-07 1.78053922062e-07 2.25740991249e-07 4.26823774478e-09 2.19508483555e-07 4.06737272763e-07 1.33856618596e-07 2.67752364064e-07 5.66296810241e-08 1.36454281158e-07 3.39105414426e-07 6.11830423333e-07 4.10971453054e-07 2.10022930322e-07 1.37460887606e-07 1.76840012555e-07 3.17008638104e-07 7.13338520364e-08 6.88859120714e-07 3.54708389705e-07 4.41065939313e-07 8.29872719013e-08 3.9176383201e-07 3.30545822346e-07 3.07834427691e-07 5.74454390302e-08 4.36890375047e-07 2.27441149117e-07 5.45066878089e-07 2.65464612988e-08 2.9065850746e-07 1.27184660642e-07 1.44976333052e-07 1.27939070438e-07 3.78527730356e-07 6.29112618762e-07 3.00395496608e-07 1.40083288726e-07 5.60004984814e-08 2.85879410024e-07 1.42887912427e-07 1.6855176548e-06 1.25894845623e-06 4.39220009906e-07 7.33740597022e-07 1.26868146048e-06 1.18644447686e-06 3.69334462844e-07 2.36433773458e-06 6.7969363806e-07 5.76024167303e-07 3.51974573155e-06 7.35838122552e-07 4.59346932668e-07 6.8916579574e-06 1.76102791444e-06 5.68170113032e-07 2.30253199563e-06 1.25585984891e-06 1.16519673052e-06 2.1684081521e-06 4.94211695508e-07 1.05379273203e-06 4.73018238704e-06 2.69869641053e-07 5.83313279369e-07 3.09765147833e-06 4.84855801221e-07 6.07810319597e-07 2.32492805908e-06 3.40164444739e-07 1.12068254728e-06 1.32153530803e-06 8.01294312953e-07 4.69430786969e-07 1.36631367259e-06 1.74874309392e-06 7.35813054976e-07 5.30086673517e-07 2.31628472582e-07 4.53385421183e-07 3.22955441997e-07 2.06884023359e-06 1.03239569031e-06 5.6824625841e-07 5.84682206524e-07 7.72586192756e-07 1.27067840373e-06 8.88039259165e-07 3.46550280468e-07 1.1638689918e-06 4.32445629574e-06 3.99628101088e-07 1.0974776825e-06 1.03292858271e-06 1.11027282308e-06 1.01533592762e-06 9.53632785351e-07 3.08452109255e-07 3.16085812295e-06 9.0109735718e-07 3.34578805084e-07 6.30919486097e-07 1.10206303224e-06 7.40841328345e-07 5.55437301091e-07 5.25952160708e-07 1.02536687148e-06 2.07813090549e-06 3.11621487621e-07 5.20414046705e-07 2.32331584022e-07 5.50296816873e-07 7.5961636968e-07 2.51786862369e-07 4.91016097097e-07 1.29671140462e-07 2.82823465525e-07 3.40862886598e-07 6.90794149918e-07 2.09674966402e-07 6.54231874382e-07 1.74303840073e-07 4.77000617449e-07 8.15430748156e-07 3.60940765719e-07 1.5366367391e-07 5.75767840169e-07 1.01118694973e-06 1.39279826166e-06 4.01850423259e-07 6.7469449517e-07 6.29928491689e-07 6.18837544151e-07 5.29538886644e-07 2.38072327592e-07 1.13251730809e-06 5.61688069579e-07 4.4884526613e-07 1.67973080761e-07 3.60788944833e-07 8.75719004727e-07 4.38715618498e-07 2.26232822297e-07 5.83126873008e-07 2.17697447329e-07 6.82649776108e-07 3.92323538043e-07 3.19926586855e-07 1.25355893254e-07 5.42894172234e-07 2.57689758742e-07 4.60560171861e-07 6.17803441856e-07 3.84578882726e-07 4.3167893261e-07 5.65099692888e-07 7.73446851028e-07 8.38140754857e-07 6.50006741739e-07 4.20670023219e-07 1.34543747316e-07 2.54408327907e-06 8.34945589893e-07 2.92156678987e-07 2.85105876023e-06 1.1301909252e-06 2.58255551137e-07 5.03960014498e-06 1.34839424096e-06 1.03193975823e-06 2.39656211251e-06 8.92377592385e-07 8.86732988624e-07 3.87324605866e-06 7.90795411486e-08 8.56590235059e-07 2.60184089715e-06 2.49834246921e-07 6.94945654497e-07 2.40339423959e-06 9.93171123815e-08 3.37914435201e-07 6.06319344428e-07 8.59863120177e-07 7.75387254711e-07 5.85579630214e-07 4.17856937931e-07 3.86986821178e-07 6.77129573014e-07 4.66312929062e-07 6.45822420779e-07 4.19720894848e-07 3.23568649013e-07 2.83897342889e-07 1.77734059589e-06 6.45606085666e-07 1.43319361032e-06 1.68579705146e-07 7.35560934714e-07 9.65538106845e-07 7.00512914799e-07 4.59944903599e-07 1.10172277022e-06 1.58778103273e-06 2.65949425401e-07 9.71033299442e-07 3.86581052217e-06 9.78438735461e-07 1.55220034287e-06 1.37591805281e-06 8.54235808959e-07 3.00960704442e-06 7.70906295162e-07 2.82805733867e-07 1.50968939243e-06 9.87502019018e-07 4.71173270911e-07 6.69889957495e-07 8.61879703412e-07 6.95512046887e-07 1.56950184654e-07 1.43678535156e-06 6.56740005945e-07 1.78228690354e-06 2.66733463377e-07 3.08200615501e-07 4.51007092104e-07 7.13346813245e-07 7.21973437718e-07 3.72950835495e-07 6.70053418032e-07 4.92290669847e-07 1.13529717984e-06 2.91081765426e-07 8.53342659735e-07 3.98508765046e-07 4.09461085252e-07 2.04516206958e-06 2.02958387673e-07 6.20562543117e-07 1.36317952082e-06 1.17159874335e-06 6.2959683145e-07 8.99464769286e-07 1.20629123327e-06 3.67493552494e-06 1.03456927893e-06 1.27004704941e-06 5.51208480257e-07 2.9924457847e-06 7.50673740316e-07 6.49194432348e-07 5.30459483852e-07 1.08201163625e-06 1.30628315916e-06 5.97103014976e-07 9.6686873903e-08 1.93874586005e-06 3.76761850392e-07 3.63833030262e-07 8.645043103e-07 3.0199918965e-07 1.14758886694e-06 4.57526934857e-07 7.3043232682e-07 3.71364203091e-07 7.54106480867e-07 1.01677700714e-06 2.26413510221e-07 3.96562690394e-07 6.43580001378e-07 1.49857568539e-06 1.38620906232e-06 6.01422863259e-07 3.47587711093e-07 9.94792944118e-07 1.07185206213e-06 1.26351557343e-06 2.79443982883e-07 2.82577403265e-06 1.92432803135e-06 4.24813589453e-07 2.93325009994e-06 1.37237285206e-06 9.93562459774e-07 5.84251748192e-06 1.94257844804e-06 1.47369979171e-06 4.91327322619e-06 6.93942005829e-07 1.06060667707e-06 2.88421675584e-06 3.80678590272e-07 1.86416795745e-06 2.70490095394e-06 2.71672014591e-07 1.22973570947e-06 1.09940445651e-06 9.80466778587e-07 3.90905574381e-07 6.3738651127e-07 1.4065170395e-06 1.55659195251e-06 6.77038917041e-07 4.13768362338e-07 2.42543464351e-07 1.0603062524e-06 7.7612921163e-07 3.56373007246e-07 6.98821363874e-07 1.08833943781e-06 1.78130212203e-06 5.50103196576e-07 1.37632264315e-06 1.07054147489e-07 1.06669813592e-06 2.40308278212e-06 2.72876630141e-07 3.15656146209e-07 1.11837897133e-06 2.04124203855e-06 6.72503621251e-07 1.06937905448e-06 1.81733866824e-06 1.01175867101e-06 1.29141873314e-06 5.04532917115e-06 4.42081633572e-07 4.25837407146e-06 9.06116909683e-07 9.27820566392e-07 1.65436446454e-06 9.5495218557e-07 6.71475092424e-07 1.8133048937e-06 1.1484251837e-06 3.17530683256e-07 2.66807159548e-07 2.47520117965e-06 1.00421150886e-06 1.63843293429e-07 1.33331162831e-06 5.53952688747e-07 1.7791812988e-06 1.12205622026e-06 7.46730911906e-07 3.8176474823e-07 8.03523368205e-07 7.22490744811e-07 1.92363503966e-07 3.95961369618e-07 2.84417995037e-07 4.71631729612e-07 3.58230946815e-07 7.79208765379e-07 1.7446817363e-07 1.16453030577e-07 1.94825554326e-06 5.80799282897e-07 9.0053622162e-08 2.58465930237e-06 2.758739148e-07 4.7373011106e-07 1.75780589997e-06 5.12637543406e-07 1.21216350946e-06 1.25507786657e-06 9.44049624954e-07 3.15238933263e-06 3.30606364213e-06 6.6194924602e-07 1.26553402363e-06 1.09651894496e-06 4.83645757788e-07 1.95122497671e-06 3.87443567622e-07 2.92172020326e-07 2.44719463026e-06 9.34149569986e-08 6.51184478311e-07 1.83746956841e-06 7.83102436575e-08 1.36022668544e-07 7.70679349677e-07 3.5859839364e-07 4.21902683661e-07 2.68734448293e-07 3.99554479775e-07 2.21934117167e-07 7.18635846359e-07 1.25242951294e-06 3.62936605652e-07 9.57285757884e-07 1.14012451471e-06 2.75437821408e-06 1.16701817953e-06 2.05542740666e-06 2.34248683852e-07 1.61711862189e-06 1.25414039623e-06 1.14496200848e-06 4.45449279058e-07 1.42058808723e-06 2.89259272756e-06 5.91848505373e-08 2.91460902963e-06 2.52358732847e-06 1.43980306785e-06 3.43680832068e-06 1.88318261161e-06 1.31003859724e-06 1.3574373429e-05 1.31003859724e-06 1.88318261161e-06 3.43680832068e-06 1.43980306785e-06 2.52358732847e-06 2.91460902963e-06 5.91848505373e-08 2.89259272756e-06 1.42058808723e-06 4.45449279058e-07 1.14496200848e-06 1.25414039623e-06 1.61711862189e-06 2.34248683852e-07 2.05542740666e-06 1.16701817953e-06 2.75437821408e-06 1.14012451471e-06 9.57285757884e-07 3.62936605652e-07 1.25242951294e-06 8.75075958737e-07 1.74483273976e-07 5.10131588692e-07 7.02947971283e-07 9.12268125069e-07 2.53097639193e-07 1.08157683617e-06 3.84146137732e-08 4.32753161822e-07 1.82379556725e-06 1.02314026479e-07 2.77475623599e-07 1.80692310709e-06 5.90090287908e-07 5.6636497148e-07 7.98350157164e-07 1.53155872332e-06 1.34686353836e-06 7.69700104983e-07 1.52453832355e-06 6.1837497225e-07 3.49750010017e-06 3.15387984068e-06 8.70186454617e-07 1.5923442138e-06 9.21508938074e-07 1.5897921029e-06 1.40729089967e-06 8.38456162733e-07 5.34904469532e-07 6.10618471365e-07 1.84358229434e-06 2.89450143301e-07 6.42121057449e-08 1.83808308263e-06 3.94564023047e-07 8.93949799214e-09 1.07485353068e-06 2.56027983362e-07 9.37853601667e-07 6.92808535908e-07 4.95134342262e-07 1.696294714e-07 8.65241222449e-07 7.06781732395e-07 2.98078805369e-07 5.77281209975e-07 6.79585814364e-07 1.17277400779e-06 8.95904604556e-07 7.65969584906e-07 2.91787532464e-07 7.28812786134e-07 1.26712241811e-06 6.88474196971e-07 1.6505219065e-07 2.55389894588e-06 1.52839230478e-06 1.58577079068e-07 2.32937030785e-06 6.32609177067e-07 1.34262367204e-06 2.0877979776e-06 8.13810023348e-07 1.39104781273e-06 3.794138751e-06 6.76608856859e-07 4.03370450852e-06 2.02405040262e-06 9.44617046391e-07 2.42779069532e-06 1.40649533336e-06 7.48914568037e-07 2.54016395862e-06 1.56747153219e-07 1.60108591907e-06 2.48198575783e-06 1.74967513018e-07 7.31182989117e-07 1.21678131811e-06 7.39235994178e-07 3.28289871028e-07 7.67147244528e-07 9.30032974655e-07 1.22208779847e-06 6.77321257698e-07 5.88970078736e-07 2.80575781444e-07 6.94893448112e-07 8.29572599647e-07 4.94474412249e-07 6.78306925772e-07 8.20659255467e-07 1.92036609785e-06 3.94928349685e-07 1.80306277719e-06 1.96714290323e-07 1.3068330913e-06 2.54697939124e-06 4.76822951362e-07 6.55627393409e-07 1.42180080239e-06 2.27773776219e-06 1.15974836951e-06 1.07835856344e-06 2.99785261001e-06 1.00208596313e-06 3.17698667492e-06 2.60481381914e-06 1.10911513829e-06 7.20637036532e-06 1.11607543155e-06 1.81810986184e-06 8.99355636455e-06 1.42309021602e-06 3.17005192225e-06 3.46255752794e-06 1.15748547129e-06 2.97108949744e-06 1.02506233774e-06 1.21175049882e-06 2.36420538443e-06 1.37742555741e-06 6.53672868173e-07 4.51024517743e-07 2.54625778595e-06 1.32346585757e-06 2.62933995741e-07 1.78796054569e-06 4.36754969446e-07 1.94006326494e-06 8.32217212976e-07 6.37298036473e-07 4.64156146769e-07 8.10876047083e-07 1.58841230429e-07 1.40011068612e-07 3.38052917518e-07 2.03462105026e-07 9.33183923664e-07 3.03742768541e-07 9.22247298319e-07 3.11220773473e-07 4.05415714569e-07 1.4252105999e-06 4.89418445619e-07 1.55001071666e-07 1.7812402097e-06 3.65403427428e-07 5.63563081829e-07 1.44614369695e-06 5.16553073525e-07 1.30980466279e-06 5.67540801335e-07 1.81422497285e-06 5.97720825686e-07 3.03738987224e-06 9.44640190559e-07 6.76415234268e-07 1.18947486283e-06 3.3437506732e-06 1.03295043821e-06 1.81821684864e-06 5.82947285407e-07 1.44301247471e-06 6.1038948025e-07 1.52957385179e-06 5.84173669051e-07 4.04529885443e-07 1.81642778908e-06 1.52676206455e-07 5.38557369546e-07 1.42513240302e-06 4.02463195538e-07 2.92233154311e-07 8.76770970893e-07 3.11631911883e-07 9.22952470072e-07 1.77985430078e-07 3.34097659594e-07 1.33924046864e-07 1.56715087834e-07 6.77414496475e-07 4.35135376505e-07 9.91112372072e-07 7.90229446239e-07 1.89771950811e-06 9.17257376265e-07 9.75233792321e-07 1.62635938572e-07 1.56177940895e-06 1.45235433334e-06 1.03221900462e-06 1.80856512469e-07 2.08058745254e-06 2.50582355813e-06 4.29401614303e-08 3.05353799983e-06 2.15290566389e-06 5.62007450182e-07 4.29138789596e-06 1.13118572874e-06 2.06450461365e-06 6.9569038851e-06 8.84460217422e-07 2.82012736157e-06 3.10615720731e-06 1.34681097602e-06 8.77870743976e-06 2.98959503947e-06 1.45486084262e-06 4.84939035317e-06 7.12743443035e-07 2.31895491138e-06 3.13594329444e-06 6.57657743091e-08 2.67946403915e-06 2.11338765622e-06 1.6345369184e-07 1.0224332652e-06 1.4423844925e-06 1.61546731393e-06 1.70825851631e-07 8.88143859595e-07 9.7209929424e-07 1.81187598197e-06 7.49525375367e-07 9.91921429148e-07 4.02744554866e-07 6.48986275593e-07 4.09644505696e-08 3.85635484032e-07 1.18517254968e-06 1.10667003968e-06 2.12847262833e-06 9.05900154251e-07 2.08723483078e-06 5.57055928569e-07 7.38696922594e-07 3.48208675972e-06 6.09588081748e-07 4.94169517069e-07 3.06174866238e-06 1.36492846763e-06 1.18711470369e-06 1.29323631142e-06 2.55944745808e-06 2.2968140631e-06 1.33789081033e-06 3.89751955026e-06 1.15936479356e-06 7.78440215837e-06 1.84872588609e-06 1.48322597546e-06 4.49253283578e-06 1.46295789304e-06 2.70295660029e-06 9.72939769504e-06 1.68861294133e-06 4.33866206807e-06 1.57626166796e-06 2.90427251255e-06 2.67080851229e-06 1.337966403e-06 1.32717643911e-06 1.45562543981e-06 3.16962583376e-06 5.20653364662e-07 6.44772276402e-07 3.54475900745e-06 6.86738339208e-07 5.4423896897e-07 2.03573521231e-06 8.47937546023e-07 2.02617572523e-06 1.04408815085e-06 1.10216621134e-06 3.41119663509e-07 3.94650342964e-08 3.37031543797e-07 4.66918652624e-07 5.19739086421e-07 7.9972707467e-07 3.63122020301e-07 8.42628869571e-07 2.17705209134e-07 3.34521967035e-07 1.23147213938e-06 2.44962341503e-07 2.39579183429e-07 1.52174394037e-06 6.19254469722e-07 1.28950585681e-07 1.19781563564e-06 6.95871179915e-07 8.99875264119e-07 1.45281590824e-06 7.619967173e-07 8.62766435171e-07 3.07638556575e-06 1.39448099605e-06 9.89360005969e-07 8.2681321324e-07 8.67681041466e-07 1.08214949686e-06 1.77817741699e-06 3.8385070482e-06 1.4815764388e-06 8.23892465805e-07 1.59094198312e-06 1.0495248591e-06 8.20562097853e-07 1.47321013491e-06 1.15744263328e-07 6.38408665313e-07 1.73498864016e-06 2.24587472587e-07 1.97974896428e-07 1.18796891578e-06 3.69903621459e-07 1.66175033044e-07 8.1155123437e-07 3.1709400369e-07 6.89473122918e-07 4.68451158498e-07 4.19369068699e-07 3.2382711918e-07 8.82975336649e-07 1.82888634477e-06 1.14385818144e-06 3.02377665298e-06 1.38934663911e-06 1.87582681922e-06 8.72560175881e-07 1.36131252941e-06 2.91582413488e-06 9.64417868714e-07 6.73269114406e-07 2.47102183335e-06 2.7869344004e-06 1.24778540083e-06 2.68131040443e-06 4.45809230967e-06 1.02684551794e-06 4.46017252461e-06 3.98265627223e-06 1.10596445756e-06 1.09025520499e-05 1.00529633584e-06 3.38494594414e-06 5.64788083348e-06 1.04721317667e-06 6.07582194673e-06 4.15108687603e-06 1.76875578956e-06 1.4549681911e-05 1.69217024712e-06 4.86087086291e-06 5.25883908539e-06 1.26071097586e-06 4.56545734405e-06 3.02694731293e-06 1.4776042237e-06 3.03149774407e-06 2.64235981354e-06 6.97783166911e-07 1.06530623745e-06 2.98889140734e-06 1.43443064442e-06 8.74042381742e-07 1.80234290006e-06 1.3496841188e-06 2.76271186286e-06 9.87766130341e-07 1.66652214973e-06 8.0500792083e-07 3.52278860645e-07 3.74947486003e-07 3.2247406397e-07 7.91316959399e-07 4.44162968132e-07 5.11839155208e-07 2.19814594112e-07 2.66185032956e-07 1.42261585531e-06 1.45145470107e-07 1.40968018255e-07 1.43808728263e-06 5.26479388179e-07 3.494384334e-07 1.01704523735e-06 1.17603495705e-06 1.20863273988e-06 5.83952411321e-07 1.38865930981e-06 9.66261747958e-07 2.55702184505e-06 1.14022042421e-06 6.23107400209e-07 2.05437465953e-06 8.24317637217e-07 8.1066563927e-07 1.98821199545e-06 6.0254239297e-07 1.75653871405e-06 2.81257324639e-06 1.67281123832e-06 1.39130525262e-06 6.46763782609e-07 1.42984646395e-06 1.24260747077e-06 1.134844159e-06 3.34734568622e-07 6.11508951962e-07 1.5987463509e-06 2.02745615054e-07 1.51291787974e-07 1.38364636802e-06 2.91855904477e-07 1.76460105427e-07 4.98365182573e-07 3.89034466267e-07 6.79616837666e-07 2.71397516255e-07 3.2262055395e-07 3.13820464832e-07 4.34482906868e-07 1.0644722039e-06 9.80185408707e-07 2.5345545537e-06 1.19375860657e-06 1.63264094754e-06 5.71824524585e-07 1.12968058598e-06 3.14757002004e-06 1.13901048882e-06 5.27620599463e-07 2.94738875483e-06 2.60902191608e-06 7.06432894372e-07 3.54177957465e-06 3.09127176625e-06 2.16337417288e-06 4.48823767818e-06 1.54109709329e-06 2.09610607397e-06 9.51280515159e-06 9.23565198585e-07 3.75880459111e-06 2.27480311929e-06 2.53790518881e-06 4.30217061687e-06 2.4603441469e-06 2.63026411972e-06 4.59036176361e-06 1.48097880258e-06 1.21402989883e-05 3.50556139347e-06 1.69551013486e-06 5.57595115148e-06 2.75858122943e-06 3.15134288468e-06 3.93750762521e-06 8.08152082393e-07 2.99227802664e-06 2.93895597786e-06 5.89384847177e-07 1.17973525242e-06 3.20757990606e-06 1.03916085366e-06 5.44827722401e-07 1.55023489266e-06 1.06394944439e-06 2.2542911404e-06 8.64020728191e-07 9.31946312664e-07 3.96371828924e-07 9.97896566805e-08 6.96070202141e-07 6.76228898713e-07 1.85361328605e-06 1.01078499902e-06 1.48682727157e-06 5.70577335035e-07 8.87795971401e-07 2.45286571506e-06 7.27965518212e-07 4.05521079405e-07 2.43386034524e-06 8.92764355348e-07 1.81889640779e-06 2.03872075517e-06 3.42464484305e-06 1.93350179658e-06 2.42219709189e-06 4.27048247733e-06 9.13859442914e-07 8.05973451587e-06 1.93368589604e-06 1.24846126028e-06 5.90274034803e-06 8.81073851579e-07 4.16149716736e-06 4.18062666145e-06 1.02364071884e-06 6.7245495054e-06 1.46560532228e-06 3.35122215182e-06 1.0068099203e-05 1.50117639456e-06 5.29625023467e-06 3.02614645315e-06 2.42965731539e-06 3.50480827569e-06 2.17905865977e-06 1.86844509107e-06 1.15997601628e-06 2.55078740244e-06 4.61907048481e-07 7.37578364519e-07 2.47341396064e-06 8.91672067608e-07 5.39593550886e-07 1.30405019675e-06 9.3928022697e-07 1.58371392251e-06 5.29765210189e-07 5.5193516624e-07 9.26963952005e-08 1.73175102736e-07 3.01101580555e-07 1.0353851973e-06 1.85205019278e-07 6.07917994815e-07 8.45635077324e-08 3.30019871416e-07 9.51300134594e-07 3.82508143536e-07 2.70207640713e-07 1.68566880307e-06 3.26166333875e-07 3.3201360935e-07 1.11737783412e-06 7.60069336979e-07 9.39639270384e-07 1.06567531681e-06 1.32941634533e-06 7.24988577102e-07 2.64446281511e-06 6.33618108787e-07 1.12345854097e-06 7.90954123181e-07 1.30232870526e-06 1.21340417263e-06 2.12846605407e-06 1.1307568072e-06 1.52345603602e-06 8.79102437932e-07 1.21390859602e-06 1.06567436261e-06 3.04737568367e-06 1.22821735689e-06 1.45759007844e-06 1.25919933284e-06 1.05556831147e-06 6.95972625339e-07 1.2640642714e-06 2.71458039705e-07 4.3235331405e-07 1.75456353594e-06 2.82021782609e-07 4.04126432181e-07 9.16544769646e-07 2.79392526599e-07 6.14555756423e-08 5.43710367652e-07 1.48352172076e-07 8.89850191258e-07 2.22465089631e-07 1.40911899965e-07 5.32946524591e-07 1.14175562101e-06 2.70789882423e-06 1.09613590247e-06 1.86304339642e-06 7.53515032604e-07 1.27862627591e-06 2.5436102331e-06 1.18807833118e-06 2.04058919824e-07 3.57148422233e-06 1.92280281845e-06 1.7998243347e-06 2.78233120821e-06 4.38532532951e-06 1.27326573644e-06 5.25716475933e-06 3.71484300137e-06 2.1025028027e-06 1.1812189373e-05 9.09706965451e-07 3.4464482293e-06 5.80986095388e-06 1.05495851641e-06 8.05813940016e-06 2.48943137354e-06 2.7315991977e-06 8.15738005913e-06 1.1217087171e-06 6.60310981829e-06 4.36805316033e-06 1.52026265762e-06 1.57920150308e-05 3.29113605631e-06 4.38429062765e-06 6.37755863105e-06 1.76207806497e-06 4.665114889e-06 3.02178358344e-06 1.79310676671e-06 2.44224924371e-06 3.57096353025e-06 2.57563337269e-07 1.10807957246e-06 2.57598818871e-06 1.20329209289e-06 7.67006904778e-07 1.63100640411e-06 1.00738433186e-06 2.25395881087e-06 8.81392490956e-07 4.37459011855e-07 2.82599319874e-07 1.04692023195e-06 1.81656849364e-06 7.62397832339e-07 8.26846705029e-07 2.4603186456e-07 1.11054589187e-06 1.70444420683e-06 8.57809251343e-07 4.47011120446e-07 2.50047688334e-06 9.95901042934e-07 9.86689305519e-07 1.74371043404e-06 1.45705871528e-06 1.98283055386e-06 2.21296506331e-06 2.81995271748e-06 1.46331279188e-06 6.60732710029e-06 2.21465022141e-06 9.08236660122e-07 2.97531163287e-06 1.86621385142e-06 1.86945067011e-06 4.2902725208e-06 1.71364015031e-06 4.629020724e-06 1.79962263108e-06 2.02392814863e-06 3.35671985448e-06 9.62337784695e-07 3.41635296934e-06 8.38909169719e-06 2.52277934444e-06 3.46775808193e-06 2.5785979156e-06 2.34577730759e-06 1.5760128765e-06 1.96216765717e-06 8.2016404585e-07 1.24279257096e-06 2.66225250308e-06 4.90221400176e-07 8.45102031123e-07 1.65458625609e-06 1.05720334626e-06 1.82308596789e-07 7.05523231698e-07 6.28055568883e-07 1.52540871389e-06 8.65185866782e-07 2.37510401724e-07 1.95659844769e-07 1.15873082979e-06 2.4117780184e-06 9.68673848451e-07 1.82765980586e-06 5.35360832462e-07 9.76852048056e-07 2.07956260791e-06 9.38618156727e-07 2.49526933304e-07 2.65710078637e-06 1.51730871063e-06 1.24763243452e-06 2.78309929667e-06 1.97268291494e-06 1.69356582586e-06 4.11965325898e-06 2.01033782061e-06 2.41194481219e-06 8.12677509014e-06 1.67666043258e-06 3.34138640934e-06 1.5550822756e-06 1.59834191547e-06 4.89571584845e-06 1.5918468306e-06 2.84463216085e-06 2.78231443722e-06 1.77937797092e-06 4.97223009383e-06 1.91141763621e-06 1.80121644259e-06 4.19741249185e-06 2.66035701627e-06 1.00915678239e-05 3.78823403531e-06 2.33170975856e-06 5.24654396948e-06 1.76068814759e-06 2.31155718555e-06 3.02324225242e-06 1.16579184949e-06 1.58005260284e-06 2.82327688548e-06 1.63071643161e-07 8.68515772754e-07 1.98448910219e-06 8.35320346533e-07 4.25755763985e-07 1.59083400315e-06 7.87330551038e-07 1.83321179618e-06 9.16760518306e-07 1.62556464563e-07 1.22449657312e-06 3.1621542618e-06 7.59612983662e-07 2.05739636686e-06 7.01095109737e-07 8.25038797587e-07 3.02381766502e-06 1.01509029177e-06 6.99068466306e-07 3.07546808241e-06 2.5311500712e-06 1.63119661906e-06 2.88089090825e-06 2.97353074937e-06 2.43680832769e-06 3.50869011757e-06 5.91176086143e-06 1.98370053409e-06 1.11547085537e-05 2.4046131143e-06 2.50771578216e-06 6.78092223722e-06 9.32084570325e-07 5.47296696857e-06 5.65032675185e-06 1.2555083983e-06 9.63293293218e-06 1.17047853252e-06 6.23148237655e-06 5.6236203439e-06 9.84372790832e-07 7.95518190125e-06 3.16428301899e-06 3.5637562216e-06 1.42309183857e-05 3.12874698347e-06 6.70518718412e-06 4.44569241316e-06 2.95171878223e-06 3.4172262451e-06 3.01782435513e-06 1.58447403162e-06 2.7122894852e-06 3.13475742501e-06 7.10521060113e-07 9.19338637098e-07 2.86124485711e-06 7.14816566839e-07 6.04997137056e-07 1.64844329797e-06 5.9908123559e-07 2.41588027754e-06 1.00737091511e-06 4.5849369895e-07 1.61695215343e-06 4.14380159951e-07 1.44419992818e-06 6.92292979297e-07 8.43608390599e-07 1.47903631113e-06 8.49727640667e-07 2.34192856717e-07 1.89290944927e-06 9.81183856725e-07 7.73963179073e-07 2.65255259907e-06 1.28197295952e-06 1.96492892601e-06 1.98921903879e-06 2.79104676274e-06 1.77086241646e-06 6.52826455429e-06 1.87692660074e-06 1.60175721103e-06 3.08369377543e-06 1.49162116575e-06 1.56386668325e-06 2.62458597626e-06 2.52668153811e-06 2.02982714212e-06 1.84052115955e-06 2.54056826292e-06 2.89927465441e-06 1.54840988534e-06 1.90200286033e-06 3.35812986855e-06 1.95499064444e-06 2.79673871558e-06 7.78226111591e-06 3.1523714628e-06 2.99364987439e-06 2.69028861979e-06 2.11885428714e-06 1.69370632918e-06 2.95742728953e-06 7.44025037744e-07 1.03656046418e-06 1.91791136216e-06 1.78018102818e-07 8.66158795901e-07 1.22585363449e-06 8.69582984311e-07 6.0065456619e-07 1.13516820254e-06 2.77881200764e-07 1.18183569944e-06 3.72849646239e-07 7.3755518149e-07 3.69954721755e-06 9.34234669441e-07 3.47155227553e-06 5.6621807128e-07 1.14216842272e-06 5.03079088492e-06 1.02215928488e-06 1.20737736064e-06 3.68534394677e-06 3.25963292817e-06 1.55028663108e-06 3.01276257277e-06 2.86015752325e-06 3.55642823248e-06 5.55532860856e-06 5.343137534e-06 2.77388109218e-06 1.4812494689e-05 2.00522111528e-06 4.7331621639e-06 5.45599390792e-06 1.66275725451e-06 8.42139711449e-06 1.91934023633e-06 2.59354969826e-06 9.2663378544e-06 9.90209521712e-07 9.61059960073e-06 2.58035280062e-06 2.11052390398e-06 8.81729801933e-06 2.02570599626e-06 6.45089712789e-06 5.55797337882e-06 3.26694958685e-06 1.98837252833e-05 4.15841833319e-06 6.35618704682e-06 7.36641738847e-06 3.99796576257e-06 3.6421185646e-06 3.02997462685e-06 1.62162059991e-06 3.42851280432e-06 3.85868535129e-06 1.23863275758e-06 8.62801372444e-07 4.3902205098e-06 1.04303587466e-06 4.42233201191e-07 2.76570447152e-06 5.65248931512e-07 2.65348983013e-06 6.02070716657e-07 2.80687769829e-06 7.02421611349e-07 2.00677291497e-06 3.77587634073e-07 8.71627420784e-07 2.89556329753e-06 1.0926807662e-06 3.6911330883e-07 2.50125757568e-06 2.07194170106e-06 1.1670804526e-06 2.81371506895e-06 1.75579677086e-06 2.33838338232e-06 3.22418648413e-06 4.48906801076e-06 1.73565749202e-06 9.24236877536e-06 2.94308414842e-06 2.19125422786e-06 4.10813193131e-06 2.19432578776e-06 2.95669273178e-06 4.15774091443e-06 9.76507375206e-07 4.53340724115e-06 2.29049988023e-06 2.22828424601e-06 4.66332951233e-06 1.08145484551e-06 4.88012615239e-06 3.0723508489e-06 2.53840842496e-06 5.13133785853e-06 2.56867628838e-06 4.4443509248e-06 1.09037908232e-05 2.97006070341e-06 4.90284592205e-06 4.23706175732e-06 2.35380213377e-06 2.17936660529e-06 3.01635079764e-06 1.10711643018e-06 1.92921301212e-06 2.60266244123e-06 1.92390762327e-07 1.01643475207e-06 2.45164331366e-06 7.49533709208e-07 2.81383721988e-07 1.48871344167e-06 4.51931494223e-07 1.93099194156e-06 2.95583786749e-06 5.90155681345e-07 2.36117610289e-06 3.3942150764e-07 1.61660654025e-06 2.93152316135e-06 7.69172648788e-07 1.25597453899e-06 2.04160900909e-06 2.93407247849e-06 1.13382470813e-06 2.78778631897e-06 1.57600882524e-06 2.62577581436e-06 3.5405107902e-06 4.67727127305e-06 2.52577863497e-06 1.0474064068e-05 1.92869390511e-06 4.3924461216e-06 2.81012752152e-06 1.71305928415e-06 4.18373129064e-06 1.9203258719e-06 1.98237310959e-06 1.85022237694e-06 1.61958185322e-06 5.83709472921e-06 1.68951759743e-06 1.96770496061e-06 2.07045516863e-06 2.37137259768e-06 4.76856210051e-06 1.81431039769e-06 3.53394282216e-06 5.11727115828e-06 3.20356158298e-06 1.34365457765e-05 4.16379731983e-06 5.04337364807e-06 4.81134108228e-06 2.97034140354e-06 2.16448897194e-06 2.85658701523e-06 1.35138783227e-06 2.79959526258e-06 2.19611661673e-06 1.31051651232e-06 7.25160071606e-07 2.52224817554e-06 1.3977255112e-06 2.26382636279e-07 1.90113913885e-06 3.11594826037e-07 2.02630840781e-06 1.71601382812e-06 1.2263448078e-06 3.31751505589e-06 4.19168026259e-07 1.34940668337e-06 3.90695802227e-06 1.2400588506e-06 6.00950656809e-07 3.93331368415e-06 2.8556551957e-06 1.13646895475e-06 4.25118751856e-06 2.64053792179e-06 3.03838074733e-06 4.58367106717e-06 5.48167216367e-06 3.33555120635e-06 1.41937163807e-05 3.14232466184e-06 3.91267179049e-06 6.85103764764e-06 2.00823538277e-06 5.86744521681e-06 5.01010260007e-06 1.86890739677e-06 7.53365412236e-06 8.29766865634e-07 5.79630588796e-06 6.03257390375e-06 8.52677469085e-07 8.1110029945e-06 2.04877595251e-06 5.31959183467e-06 6.38016032307e-06 2.16276531983e-06 8.71613026209e-06 4.6603193186e-06 4.92525759901e-06 1.74880499455e-05 5.31928110563e-06 6.04403342985e-06 6.05464690484e-06 3.28005162107e-06 3.31953944986e-06 4.59361189286e-06 1.31375428549e-06 2.42904783492e-06 4.15789921342e-06 4.84626764347e-07 1.06070062044e-06 3.30002902321e-06 9.64932661184e-07 2.41243298933e-07 2.31286625146e-06 6.63557642462e-07 1.1594107783e-06 8.14078550914e-07 1.73083915346e-06 3.64817222267e-06 4.60698902908e-07 1.52698165051e-06 3.76215198499e-06 1.15645859239e-06 1.05932242708e-06 3.29764913688e-06 3.97288359438e-06 1.04207231468e-06 3.3574253848e-06 2.11966517971e-06 3.73874705706e-06 3.96686024881e-06 5.21475193276e-06 3.18713718815e-06 1.28784546906e-05 3.10634103211e-06 4.09389844487e-06 3.93435099028e-06 2.9776373601e-06 2.90773249879e-06 5.01001601749e-06 1.74627194038e-06 4.08460727887e-06 2.29312781907e-06 1.64228736937e-06 3.89363164662e-06 1.66335453519e-06 2.37091462254e-06 4.43740528322e-06 1.84425243278e-06 5.67951465736e-06 3.4567085411e-06 3.29314486575e-06 5.18019862103e-06 4.9891951395e-06 4.70150333578e-06 1.59895480643e-05 4.91736195323e-06 5.89531797208e-06 5.36292166882e-06 4.10648213759e-06 2.98728320428e-06 3.20401668678e-06 1.29682746454e-06 3.72038959893e-06 3.31437799567e-06 1.23060064803e-06 1.0565568478e-06 2.86136881334e-06 1.17893348022e-06 2.29191488383e-07 2.55064775634e-06 9.19390973671e-07 5.52933952608e-07 2.04075236547e-06 3.76498315177e-06 4.34667266394e-07 1.44646614904e-06 3.74107022244e-06 1.37834044565e-06 5.34425370003e-07 3.95910118951e-06 3.0962665202e-06 1.46914198162e-06 3.51270071251e-06 2.59068944822e-06 3.32184935401e-06 5.6856574392e-06 4.98571524395e-06 3.56972429179e-06 1.42944123017e-05 3.42723168464e-06 5.01282857355e-06 4.51093218167e-06 2.33106743136e-06 6.07855534289e-06 3.38079726081e-06 2.38626236465e-06 5.21065833329e-06 1.68280404462e-06 5.93005205469e-06 1.50973965865e-06 1.32314200989e-06 6.29439379816e-06 1.76449387731e-06 5.22290102707e-06 2.68207948505e-06 3.53397523412e-06 6.70168645208e-06 2.74645028928e-06 6.25744692613e-06 5.89102130583e-06 5.19736865568e-06 1.75674661095e-05 5.848475156e-06 5.48423221796e-06 7.15627407577e-06 3.45484786164e-06 3.27707896785e-06 3.57562231781e-06 1.70312798413e-06 2.728513579e-06 3.78020385412e-06 5.61735130578e-07 1.20902000069e-06 2.86395007839e-06 1.02076803224e-06 2.61694979248e-07 2.52288920483e-06 1.30400966067e-06 1.37849330672e-06 2.79522945905e-06 5.97086531999e-07 1.04476355681e-06 3.49662911721e-06 9.64776709777e-07 7.58172241898e-07 4.08855261933e-06 3.59363096079e-06 1.27573079436e-06 4.02898140183e-06 1.93948722484e-06 4.05829604999e-06 4.95130209973e-06 6.69784868188e-06 2.82963335473e-06 1.45788834682e-05 3.4221369777e-06 4.6715271687e-06 5.29082517205e-06 2.28368990836e-06 3.65369236132e-06 6.11090674716e-06 9.3068419288e-07 6.49465797861e-06 1.39120167849e-06 3.01368398646e-06 5.60518451222e-06 2.47113073144e-07 5.31449975558e-06 3.0807322243e-06 1.46799286004e-06 6.87666763402e-06 1.24120585113e-06 6.63219790194e-06 4.21362473377e-06 2.50830746431e-06 6.99871524548e-06 5.62017514155e-06 5.12715777025e-06 1.83731315145e-05 4.52818669701e-06 7.49282585667e-06 6.35972729738e-06 4.60976268009e-06 2.66191264757e-06 3.84984704515e-06 1.46085018007e-06 3.5787428707e-06 3.59257251151e-06 7.91791732853e-07 8.3825808787e-07 2.56525086869e-06 6.55392726926e-07 2.58482503917e-07 1.72120632949e-06 9.32671838291e-07 1.91670790618e-06 8.96068254483e-07 1.29866943528e-06 4.34830822837e-06 1.26262856199e-06 8.70263778722e-07 4.29728425118e-06 2.8290102266e-06 1.28537062606e-06 3.13983732388e-06 3.09301979309e-06 2.71900267487e-06 4.91389101035e-06 5.27438652818e-06 3.96409290398e-06 1.23978079989e-05 3.35415198192e-06 4.58885112641e-06 4.97764553795e-06 3.20351229279e-06 3.57607169518e-06 4.19895649287e-06 2.26679929035e-06 3.16700572324e-06 1.9235158399e-06 3.4681522381e-06 2.96838858024e-06 1.26672667688e-06 1.41433137307e-06 2.94419823147e-06 3.41228859338e-06 1.99473161213e-06 3.19490174011e-06 2.45091660793e-06 3.97176754467e-06 4.08592337668e-06 3.45419824094e-06 6.54515585051e-06 5.30841083395e-06 5.32336487789e-06 1.42754689927e-05 6.11817737268e-06 5.46899643808e-06 6.44615892256e-06 2.65909200012e-06 3.77877504143e-06 3.3400608015e-06 1.37295858858e-06 2.63079013944e-06 3.53372330052e-06 6.45274823632e-07 1.05569761203e-06 2.92114721447e-06 6.35391908271e-07 4.15382865634e-07 9.03206231053e-07 1.54964546184e-06 2.03375311295e-06 7.73395690223e-06 2.57854522027e-06 1.03509041036e-06 4.99432772383e-06 4.26567131885e-06 1.77465050278e-06 3.63733658274e-06 3.49635534895e-06 5.73904630933e-06 5.77980223495e-06 7.76268009506e-06 5.04412903395e-06 1.89150133732e-05 3.87714893326e-06 5.62516886681e-06 6.20279866112e-06 3.51224430462e-06 6.74010760454e-06 5.32936349372e-06 1.79049895661e-06 8.54474448563e-06 1.28222504563e-06 6.09275683953e-06 4.57572676713e-06 1.11532758559e-06 6.69569604958e-06 1.23196691558e-06 4.35344147551e-06 6.54199754288e-06 1.40728722472e-06 8.92319740344e-06 2.12618741286e-06 5.86362704644e-06 7.31358917639e-06 3.79952170498e-06 7.94068140477e-06 7.03532676972e-06 5.72857258508e-06 2.3544216854e-05 7.2763154653e-06 8.76653539154e-06 7.25998856446e-06 6.53444127366e-06 3.72454270143e-06 3.79650612417e-06 1.91533342329e-06 3.7892937403e-06 4.11675693468e-06 6.02217618064e-07 1.99885748992e-06 5.09572340082e-06 9.70805508623e-07 8.6766475632e-07 3.10995540873e-06 7.31960330958e-06 2.11521242853e-06 9.87528300265e-07 5.3252210882e-06 3.35498806922e-06 1.78723421259e-06 4.13461209304e-06 3.82801601421e-06 3.71877715454e-06 7.14504621385e-06 5.98212459245e-06 4.9130892198e-06 1.73273510658e-05 5.05549690122e-06 4.80588061057e-06 5.55142590032e-06 3.42759253468e-06 5.26811700026e-06 6.55429388215e-06 1.52496662288e-06 5.27361278526e-06 2.28724277988e-06 3.09410011646e-06 5.36376975498e-06 1.37084742979e-06 3.45471216662e-06 3.54336614326e-06 1.33945428045e-06 5.29050905328e-06 3.37366109278e-06 2.39894684878e-06 5.20439266354e-06 1.73252406548e-06 6.93466790874e-06 5.61665042501e-06 3.82994567852e-06 7.62270405451e-06 5.49700175314e-06 7.22053344421e-06 1.99787740769e-05 7.236208724e-06 6.23022344317e-06 8.56935298556e-06 3.90162976342e-06 4.08324393502e-06 4.24528211137e-06 1.7683213729e-06 2.74904191449e-06 4.1218643194e-06 5.35162498621e-07 1.20799215451e-06 3.9470554274e-06 1.64435874908e-06 3.33525516357e-05 1.94620005889e-06 7.86752736761e-07 7.01119667305e-06 4.32801412958e-06 1.92771380323e-06 4.93208507522e-06 5.20446585122e-06 4.94613085108e-06 6.94020324225e-06 9.95533776706e-06 4.88450614373e-06 2.09190027149e-05 4.98066996188e-06 7.05827315921e-06 5.56253057312e-06 3.33352563154e-06 6.57110424947e-06 6.26142236355e-06 2.46850226536e-06 6.17228994383e-06 1.79210539152e-06 6.52392192314e-06 3.41824388308e-06 1.9982850552e-06 4.61781960276e-06 2.3513850676e-06 4.72317351076e-06 1.90247915745e-06 3.62922480465e-06 6.9617484957e-06 1.86859456112e-06 6.27922289251e-06 2.96944028628e-06 6.94483271496e-06 7.34289443742e-06 4.03163543523e-06 7.21833050312e-06 8.81689914409e-06 6.98173208035e-06 2.62800127302e-05 6.89133387924e-06 1.14536617618e-05 7.91165676017e-06 5.75103228864e-06 5.60995366652e-06 5.03164594318e-06 1.79911344578e-06 4.03283506729e-06 5.51844894727e-06 3.22532356273e-07 8.12068996169e-07 8.13824898482e-06 9.80847582921e-06 7.55364747497e-07 6.95013600439e-06 3.810439759e-06 2.14796613817e-06 4.03617125719e-06 4.49158567065e-06 4.05976127601e-06 6.99489210322e-06 5.7926312946e-06 6.00986819637e-06 1.74774721555e-05 5.10288868018e-06 5.75560747115e-06 6.10975285914e-06 2.60377712172e-06 4.43890959436e-06 5.92589236413e-06 1.88122522269e-06 6.58307246534e-06 1.37646961415e-06 3.95547079934e-06 4.88541661279e-06 1.20176580896e-06 4.63998267704e-06 2.73098685169e-06 2.46245007023e-06 4.41505880479e-06 1.2722490985e-06 4.91435373565e-06 4.35908391802e-06 1.51381287819e-06 6.49372035807e-06 2.00848112686e-06 6.24115464187e-06 4.90505563711e-06 3.06112176817e-06 8.04648679719e-06 6.5810484546e-06 7.14415920122e-06 1.93278432667e-05 8.10429479534e-06 6.1769714947e-06 7.48884995626e-06 4.51636647653e-06 4.19787397421e-06 3.38010461873e-06 1.72770669843e-06 2.88061725196e-06 5.11176846592e-06 2.82265150688e-07 2.38882246058e-06 1.35625095073e-05 1.15637488316e-05 6.90138267939e-06 3.6127236851e-06 7.10787936086e-06 6.10531721855e-06 7.02804586564e-06 1.04801258038e-05 1.01735235546e-05 7.94825231948e-06 2.89981775763e-05 6.10253742566e-06 8.85118811348e-06 8.2866735492e-06 3.94476243389e-06 6.5663907235e-06 7.31100870584e-06 3.02841691505e-06 8.88984345705e-06 2.98418087304e-06 5.48610332466e-06 4.761838496e-06 2.72142030845e-06 4.45472456024e-06 4.60366144085e-06 4.30698670216e-06 4.33176596007e-06 4.87628721539e-06 2.53238554503e-06 5.08976895351e-06 5.72124559152e-06 3.05242139941e-06 9.09019083916e-06 3.40056007813e-06 8.45510765343e-06 7.25996996058e-06 4.98675151138e-06 1.03714072028e-05 1.08007543138e-05 7.84600450493e-06 3.6539721026e-05 1.04816784276e-05 1.20239023206e-05 1.15349252662e-05 8.02307126798e-06 5.93001763552e-06 6.2938596318e-06 2.81596911701e-06 4.82198186375e-06 7.38669615371e-06 1.99453029501e-06 7.22151103279e-05 7.98994454163e-06 3.66916539915e-06 7.27373538149e-06 6.13816462145e-06 5.20138545865e-06 1.03802942044e-05 9.1746823957e-06 8.34986511588e-06 2.50901274612e-05 8.29914797719e-06 6.22327865277e-06 8.02551234211e-06 2.87915873557e-06 6.83307448399e-06 5.08585948052e-06 2.89295132743e-06 7.69638848781e-06 2.62021650241e-06 6.18798197336e-06 3.62045910975e-06 1.72560314942e-06 6.11014713115e-06 2.33152603303e-06 4.4784304915e-06 4.30276965371e-06 2.25307949946e-06 6.46077927856e-06 1.73271046406e-06 3.92576768576e-06 6.40877866409e-06 2.59023731966e-06 7.90907874201e-06 3.00329434309e-06 5.51929891377e-06 6.67454562749e-06 3.55304977807e-06 1.02797958852e-05 7.31709012972e-06 1.03360028762e-05 2.83726333804e-05 1.08918183813e-05 1.04178764947e-05 1.04690980249e-05 5.34246999484e-06 5.65313950441e-06 6.28420177366e-06 2.60737864945e-06 3.85940571789e-06 1.50899310888e-05 6.86395096144e-05 8.33428105933e-06 1.25411836479e-05 7.10861412463e-06 7.07076760226e-06 1.01304505312e-05 9.82143146923e-06 9.49245744824e-06 2.85210599088e-05 8.15150266097e-06 9.48270287428e-06 7.83616573145e-06 3.70902884506e-06 7.11236977019e-06 7.03907247695e-06 2.54684812e-06 7.76034588771e-06 2.86691303583e-06 5.89976504143e-06 5.53264031736e-06 1.76467207844e-06 4.59340226504e-06 4.233691149e-06 2.76730184195e-06 6.0289673028e-06 2.5692653279e-06 4.37794763922e-06 4.70049603657e-06 1.68514326755e-06 5.91661679669e-06 6.08373016757e-06 2.63959897223e-06 8.09699111113e-06 2.42090191261e-06 8.28221175697e-06 7.08393883598e-06 5.2180962667e-06 8.989539564e-06 1.11134033814e-05 9.92997361782e-06 3.33408837771e-05 1.17647470081e-05 1.12876297552e-05 9.74331377646e-06 7.26106389192e-06 6.39909999473e-06 7.59531808453e-06 3.13157030608e-06 1.00972880467e-05 4.47166362553e-05 3.10573218093e-05 1.88748662092e-05 1.07337582578e-05 1.3807290287e-05 1.06941770829e-05 1.20556648471e-05 3.50586253852e-05 1.03145064256e-05 9.58854429891e-06 1.30692027612e-05 3.0188817195e-06 9.7170120082e-06 7.51081546483e-06 3.59478444815e-06 7.38579377862e-06 3.25695455181e-06 6.93066487531e-06 5.95241678861e-06 2.57386357642e-06 6.14472036942e-06 3.03093851699e-06 6.02727598623e-06 3.96910616978e-06 3.8839713476e-06 5.97575117015e-06 3.00433491133e-06 6.06689476511e-06 2.38787408384e-06 6.00798137947e-06 6.90534999174e-06 3.00901484456e-06 7.91577836545e-06 4.0043208184e-06 8.23312854442e-06 9.41175478457e-06 3.71288788544e-06 1.56058182166e-05 1.09800278258e-05 1.24567322602e-05 4.23708785114e-05 1.47404932024e-05 1.2464372593e-05 1.37336827006e-05 1.0958158998e-05 1.02040298642e-05 1.08420225088e-05 5.91853974315e-06 0.000114629972062 3.1435479559e-05 2.60433351575e-05 2.92920819428e-05 1.94170987583e-05 1.37920231047e-05 4.55861752974e-05 1.27779401645e-05 1.10426831136e-05 1.21339436885e-05 5.08738667219e-06 7.79912220114e-06 9.51377631689e-06 3.10668234745e-06 9.81932746162e-06 2.48132540976e-06 7.26057111055e-06 6.40467649489e-06 2.72349501677e-06 8.12847813032e-06 3.33535103956e-06 3.93047102459e-06 7.69082186303e-06 1.951468055e-06 7.85298504398e-06 3.86528978241e-06 3.45546886953e-06 7.85148978393e-06 2.4772195632e-06 5.98941079229e-06 7.11505829333e-06 2.29707114481e-06 1.02484679491e-05 3.21241991049e-06 9.85322585403e-06 7.57349857589e-06 6.76481690776e-06 1.37338210787e-05 1.2383044216e-05 1.49205652746e-05 4.88176177765e-05 1.507089458e-05 1.80495044476e-05 1.8870805651e-05 1.48804849002e-05 1.18093495186e-05 2.52353905221e-05 0.000109846712773 3.56315903217e-05 3.63921235019e-05 2.47187928275e-05 1.8134024675e-05 4.47964131325e-05 1.56537994131e-05 1.34829959324e-05 1.35238902826e-05 4.73247045389e-06 1.20417498792e-05 8.16137692874e-06 3.29497648604e-06 8.30256903168e-06 2.61643456741e-06 5.37130395379e-06 5.18714771105e-06 2.06533230472e-06 7.02911775793e-06 3.92449358199e-06 3.93871408858e-06 4.52240210859e-06 3.6156907757e-06 3.84363024265e-06 4.3563948733e-06 4.00374461496e-06 3.77314025669e-06 6.63711417462e-06 1.91649146721e-06 4.97875425717e-06 5.31693218254e-06 2.7304605944e-06 7.71511527544e-06 3.74411715008e-06 7.82035485501e-06 1.1006568349e-05 5.29928462674e-06 1.39888163946e-05 1.24897037394e-05 1.581113747e-05 4.36796569771e-05 1.66431154413e-05 1.87417137092e-05 1.91295264926e-05 1.32571351724e-05 1.83310357295e-05 0.000138284800274 5.35497096541e-05 3.77775471828e-05 2.90006376275e-05 6.21332246645e-05 1.88676458774e-05 1.88215123324e-05 2.17007403798e-05 7.75327254413e-06 1.4254961657e-05 1.59515576032e-05 3.40101264014e-06 1.38814283606e-05 2.84961883185e-06 9.12257345657e-06 5.30584864137e-06 2.14277083831e-06 7.78733061219e-06 4.36725855526e-06 5.46520378069e-06 5.64363998302e-06 2.72845208989e-06 9.03088148753e-06 2.55050752995e-06 5.87066574155e-06 5.21481004935e-06 4.46529863413e-06 7.14204238071e-06 2.24186471746e-06 5.11243510198e-06 8.92520625219e-06 2.69289244048e-06 1.1941519228e-05 3.27843772016e-06 1.3304375437e-05 1.09786971481e-05 6.84283312316e-06 1.78653635747e-05 1.53872739036e-05 1.68104315305e-05 5.61195277943e-05 2.13628521788e-05 2.25544937734e-05 2.12608272248e-05 2.16240182189e-05 0.000305305278109 7.37456471319e-05 5.41990771914e-05 0.000102580951303 2.96059877983e-05 2.51368095407e-05 3.44469026091e-05 1.34748781431e-05 2.1367317177e-05 1.87202974722e-05 9.64743651502e-06 1.57300035183e-05 6.8029860522e-06 1.2530249256e-05 1.32578886537e-05 2.63793289432e-06 1.3316763423e-05 6.27015648652e-06 7.15939635058e-06 9.67113357702e-06 4.86275271544e-06 8.0637172249e-06 7.4950018394e-06 4.74963189864e-06 8.68044732078e-06 6.43219575654e-06 5.59222548238e-06 1.06824210305e-05 2.35765095158e-06 1.04440827786e-05 9.72916112297e-06 5.02094885612e-06 1.18114726638e-05 7.11994022441e-06 1.32922276682e-05 1.44733803275e-05 9.84138412042e-06 2.42424908729e-05 1.76368517879e-05 2.33212460264e-05 8.54482891814e-05 3.34343375833e-05 3.08191650308e-05 5.70328618746e-05 0.000353138813273 9.16180218712e-05 0.000178753413572 5.32661230442e-05 3.8832990006e-05 4.73107221765e-05 2.29673352522e-05 3.26675716206e-05 3.13915193318e-05 1.04427206325e-05 3.74555229323e-05 7.05394858636e-06 2.3477006918e-05 1.56023752912e-05 6.61575406651e-06 1.46048492737e-05 1.123518849e-05 1.02232494217e-05 1.28612446744e-05 8.91879124718e-06 1.2834391685e-05 6.6332772367e-06 1.19731894119e-05 7.86018777639e-06 1.06875611896e-05 8.80196658059e-06 8.36514409821e-06 1.09495812874e-05 4.62396515423e-06 1.09770504219e-05 1.48026357594e-05 4.34450795048e-06 2.2789720235e-05 6.43770729481e-06 1.7941912888e-05 2.00457930647e-05 1.29690913948e-05 2.67709246022e-05 2.30360952716e-05 3.46018180881e-05 0.00013385703388 4.7190885047e-05 7.47073002975e-05 0.000471023909364 0.000335338936304 9.81927438468e-05 7.12035569676e-05 7.3030664521e-05 2.89817750633e-05 4.92100595854e-05 4.60770106444e-05 1.56448033705e-05 4.07243228584e-05 1.21615588952e-05 2.39843860906e-05 2.31832298832e-05 7.32533141612e-06 2.48970696098e-05 1.10369202205e-05 1.39878959161e-05 1.69922099881e-05 9.12279321526e-06 1.87929863497e-05 9.51184273527e-06 9.33188174655e-06 1.69275759232e-05 7.58197220306e-06 1.34900804758e-05 1.05931356815e-05 7.39149594371e-06 1.64481044734e-05 4.39724549946e-06 1.36972522031e-05 1.30936760692e-05 6.5375004408e-06 2.01340338851e-05 7.6351949617e-06 2.17146012849e-05 2.35636496817e-05 1.23756622269e-05 3.19417050624e-05 3.1626862029e-05 5.01820772011e-05 0.000185158802599 0.000106384526874 0.00433949120709 0.000415323436268 0.000324748847617 0.000338350344045 0.000114095497585 0.000161964100818 0.000177037296489 6.46599010081e-05 0.000137443943941 3.98532342834e-05 0.000113328562945 6.02483276882e-05 2.82216709461e-05 7.13213413002e-05 4.16416511782e-05 4.00158629856e-05 4.69772637526e-05 2.75074618911e-05 4.99673409093e-05 3.63612491822e-05 2.28195538978e-05 3.28144677234e-05 4.06151823073e-05 2.0231605021e-05 3.14941401969e-05 2.35521961925e-05 2.26316724586e-05 3.5309502553e-05 1.21280505093e-05 2.56801886757e-05 4.21679893751e-05 1.31677189693e-05 4.67924392272e-05 1.71822052482e-05 4.60141330074e-05 4.35918283314e-05 2.51362917668e-05 7.58237127946e-05 7.5580884228e-05 0.00010948155758 0.000937414783146 








































