

















1.34903244653e-06 4.85408152723e-07 1.98310727332e-07 8.08011479125e-07 2.56929168541e-06 2.31259290239e-07 1.59346512666e-06 2.31263114396e-07 2.75687962826e-06 9.42375699203e-07 2.55887859049e-07 5.47752804248e-07 9.67616656846e-07 8.85344149767e-07 2.99856536297e-06 2.97579203577e-07 1.39614367135e-06 5.04660631878e-07 2.66365849276e-07 7.03687691878e-07 6.46715705135e-07 7.88156113319e-07 2.60728892039e-07 6.14994440068e-07 1.32658560826e-06 3.08713840617e-07 2.07886576106e-06 1.04792720452e-06 4.6952964959e-07 5.31144390308e-07 1.18886912012e-06 6.76650216321e-07 7.09481514196e-07 6.3158026725e-07 1.92312744398e-08 4.00468634769e-07 6.78461437172e-07 6.13534452967e-07 4.09519145531e-07 9.0031959031e-09 7.14392191364e-07 7.15254966302e-07 4.47553028856e-07 8.69891912483e-07 6.17024945549e-07 5.09172716376e-07 1.15729630378e-06 6.86052389576e-07 4.09005711165e-07 2.77489379937e-06 3.23619244042e-07 5.34104475038e-07 4.89065389068e-07 1.92828134319e-07 3.19974248924e-07 3.749569546e-07 1.24332281438e-07 5.34623720302e-07 6.0333516952e-07 3.07061377348e-07 1.953586289e-06 2.06578143286e-07 6.98162954565e-07 1.36900123664e-06 6.15706443398e-07 8.93988459401e-07 2.68748703226e-07 8.95000623758e-07 2.36059213228e-06 7.37712770761e-07 3.89589097563e-07 1.21605182462e-06 1.18420431499e-06 8.64097457939e-07 8.67201874543e-07 1.10113860983e-06 1.1248980002e-06 3.59777248895e-07 7.12735009654e-07 1.73967012503e-06 5.41634263453e-07 2.59762167473e-07 1.08659540527e-06 7.45238645993e-07 1.96465112951e-06 8.99021432958e-07 1.45496503606e-06 1.24470487919e-06 2.16702711316e-06 9.06842510736e-06 8.18355089555e-07 4.77658548576e-06 5.63189706432e-07 5.13644397149e-06 2.84317672724e-07 2.76738440686e-07 5.03252022814e-06 5.59983050918e-07 4.18973019246e-06 6.91744027159e-07 5.95767709419e-06 1.9970032094e-06 1.33896169437e-06 1.47594286347e-06 1.14369126193e-06 2.24360641083e-06 3.36231065581e-07 5.31610094584e-07 9.42465653104e-08 4.15283155909e-07 6.06371408741e-07 1.83444301691e-06 2.54006389204e-06 1.43821909828e-06 4.76807553481e-07 8.18630984186e-07 8.54207500086e-07 4.53985914665e-07 4.8964545944e-07 8.16150155734e-07 6.66958750723e-07 5.69141649862e-07 8.7487777207e-07 1.83540765845e-06 1.30151856617e-06 6.13360814188e-07 5.19480328362e-07 6.72741186213e-08 6.94073029269e-07 4.01484764322e-07 1.22866693877e-06 1.17534244133e-06 1.64490062859e-06 5.25376996128e-07 2.00098498054e-06 1.6743690354e-06 1.07664519926e-06 7.0718995352e-06 2.25961439624e-06 5.01730303315e-06 5.55134653128e-07 1.47476768984e-08 4.62176038857e-06 2.97193523336e-08 4.51157436731e-07 4.23899452831e-06 1.05750853274e-06 4.77225217025e-06 2.4499353348e-07 1.55203746285e-06 1.83999837337e-06 5.90193970368e-07 1.72162985025e-06 1.32278915665e-06 1.34258559113e-06 6.17527014624e-07 6.91778637219e-07 3.30520258833e-07 6.36088915647e-07 1.09372760347e-06 1.82585659977e-06 1.15830283541e-06 1.63116281524e-06 3.72475989423e-06 7.58944594862e-07 1.24700153233e-06 2.24121078564e-07 1.77595628748e-06 1.55660953126e-06 1.71988134552e-07 1.06550533442e-06 8.10215285527e-07 2.81691039696e-06 1.23334586671e-06 1.12017775922e-06 1.45524038445e-06 1.04772533207e-06 8.05270996269e-07 2.89146768231e-07 8.20530342284e-07 6.79054013704e-07 2.8143767e-06 1.83626337541e-06 8.75342426817e-07 7.80174497776e-07 2.60250537618e-06 4.36716851947e-06 1.11880703189e-06 2.19366505775e-06 2.76546631829e-06 1.07593489315e-05 2.97416468058e-06 4.19483323063e-07 6.4034799444e-06 1.00467467427e-06 9.96538898411e-07 5.70270266111e-06 3.20904736694e-07 1.73217898065e-06 7.36753879186e-06 2.49368662785e-06 1.93961923609e-06 9.15816467631e-07 4.15454366424e-06 2.73462738245e-06 9.08304121e-07 9.68103857648e-07 2.0536897264e-06 2.97884306883e-06 6.29640935594e-07 6.82440715345e-08 2.2057504923e-07 1.44312501119e-08 3.60386194758e-07 1.21367654125e-06 6.49709481038e-07 8.65445480277e-07 6.17902811274e-07 1.34363492249e-06 2.52269629841e-06 1.38887820863e-07 4.72039313603e-07 9.32452903775e-07 4.18066284703e-07 7.42073835577e-07 6.09559647699e-07 1.07631285237e-08 1.93045499614e-06 8.88598379026e-07 4.27930258894e-07 9.12796428496e-07 6.56012015946e-07 1.1798708572e-06 3.95640900734e-07 6.31471754715e-09 2.25711250001e-07 1.17131151695e-07 6.60875206211e-07 1.43741750235e-07 2.18955717627e-07 1.54288706725e-08 3.6148685005e-07 1.75563817726e-07 5.38179303207e-07 4.56918559009e-07 5.85138828579e-07 4.63042571342e-07 7.52359989924e-07 2.58944790693e-07 1.1139992056e-06 9.2537199212e-07 1.75895985162e-07 2.47564441789e-07 2.00493076493e-07 2.53238279276e-07 6.79539012944e-07 8.86440795523e-07 1.94297779447e-07 5.72457288836e-07 3.59868331478e-07 4.23402301979e-07 4.69055698188e-07 6.26962154846e-07 1.08669420362e-07 4.09908177889e-07 3.15385443603e-08 2.85285033724e-07 1.49977003299e-07 6.78595837945e-07 1.28459662756e-06 5.36556080098e-07 7.54591332483e-07 1.62054126704e-06 3.52474243318e-06 4.25222890827e-07 3.4926520887e-06 2.74113768541e-06 2.70167461607e-06 1.92822098796e-06 8.53081008158e-07 1.03544001282e-05 4.04224441426e-06 6.46270744456e-07 6.5353689655e-06 5.43792394076e-07 2.58899708282e-06 7.76134067811e-06 2.99652273495e-07 1.70464038657e-06 2.3411524433e-06 2.32818029443e-06 3.33997380134e-06 4.30923243042e-07 3.45863535956e-06 1.68128614177e-06 7.7354664718e-07 5.36037801291e-07 1.41160317797e-06 6.90019500859e-07 1.68798347192e-07 1.38868484345e-06 7.19451098419e-07 4.74736097314e-07 9.34194715488e-07 2.21688415962e-06 1.31703747518e-06 1.97293509371e-06 1.6906490867e-06 2.45120203103e-06 9.5587482295e-07 4.43431000543e-07 2.38957308956e-06 5.68945157455e-06 1.72554500421e-06 1.40092388327e-06 1.48810119266e-06 1.14685323802e-06 4.44679367939e-06 2.01852221646e-06 5.53624888824e-07 8.03885168115e-07 2.10633177443e-06 1.64242234047e-06 1.63422717385e-06 1.37337623961e-06 2.31434651352e-06 8.34984843782e-07 5.69326599234e-07 7.52615780238e-07 1.47460689165e-06 1.69879569594e-07 6.84070984634e-07 1.53624378179e-07 3.85973175186e-07 6.55758435604e-07 7.56474008916e-07 6.42713572688e-07 3.65451502445e-07 5.29743191965e-07 1.57764446344e-06 7.90264952515e-07 6.15602835316e-09 1.16119321464e-06 1.32967296254e-06 2.27130629695e-06 1.73729467561e-06 2.39980708929e-07 1.21330213456e-06 2.02170185485e-06 7.05199098987e-07 1.04660529539e-06 6.35873831373e-08 7.91978657467e-07 1.54786363503e-06 4.14794573903e-07 4.51368224084e-07 5.45574944394e-07 6.58600298414e-07 6.9793160621e-07 4.49420701844e-07 1.78279174678e-07 7.08871459835e-07 2.18834442168e-06 4.90021609064e-07 6.1099098923e-07 9.69522127249e-07 4.20998095526e-06 2.09618508182e-06 3.32278718518e-06 3.22585173422e-06 4.40182369171e-06 2.24446003513e-06 4.73853505078e-07 3.44999652499e-06 4.08313283507e-06 1.25478119798e-06 1.12857537915e-05 2.56208958522e-06 1.93630351127e-06 9.46636543082e-06 9.1530470389e-07 3.73086135527e-06 2.97528706962e-06 3.47350777273e-07 2.2577511773e-06 4.2905617563e-06 3.29212635119e-06 3.31563061191e-06 2.04161782587e-06 4.07959221764e-06 8.87164013227e-07 6.67226165536e-07 5.42041973025e-07 2.26759707141e-06 1.94223151119e-07 1.43554900591e-08 5.12798597866e-07 1.00814937194e-06 1.31392996954e-06 6.86815135356e-07 7.38687385773e-07 3.46195904022e-07 9.14472516639e-07 6.78400499624e-07 1.1579493464e-07 8.58790305731e-07 8.91907051944e-07 4.95549421667e-07 1.6068206747e-06 2.33878128502e-06 9.40011569691e-07 2.1878473335e-06 9.71877345083e-07 4.92285319461e-07 7.2546689697e-07 1.03442686221e-06 7.79944247424e-08 6.32659246081e-07 9.73033833459e-07 2.72929394367e-07 8.27759265924e-07 6.23434591347e-07 1.23906459699e-06 1.05356020523e-06 5.43306224646e-07 1.53901078867e-08 1.93244445465e-07 1.79376727221e-06 4.09664711447e-07 5.83926803681e-07 1.1865529842e-06 1.7509487803e-06 1.26241968819e-06 2.15504844368e-06 1.78978903984e-06 5.01740184295e-06 7.15020368138e-07 8.60511812253e-07 5.41726727514e-06 2.18293441381e-06 6.36648549652e-07 5.27341656666e-06 1.69472920267e-06 8.02015103514e-06 8.81547498889e-06 1.11762298191e-06 5.19393225175e-06 6.43096266778e-07 1.91181523081e-06 5.53039373164e-06 8.42329731943e-07 5.67455640322e-07 4.97565203062e-06 1.8354050541e-06 2.11832073275e-06 1.18354978992e-06 1.65448710212e-06 1.11753079672e-06 6.08482574719e-07 4.45644529372e-07 1.8252840021e-06 9.1081558701e-07 1.91048617288e-08 1.62443832934e-06 2.14751817924e-06 4.05977994419e-06 2.3876191221e-06 2.89661895229e-06 1.54666714555e-06 4.14753631098e-06 1.79225832986e-06 2.75198382888e-07 3.43265339412e-06 3.08668183047e-06 1.11012293725e-06 2.2770777701e-06 1.73063166364e-06 3.29692903524e-06 1.58270603481e-05 3.29692903524e-06 1.73063166364e-06 2.2770777701e-06 1.11012293725e-06 3.08668183047e-06 3.43265339412e-06 2.75198382888e-07 1.79225832986e-06 4.14753631098e-06 1.54666714555e-06 2.89661895229e-06 2.3876191221e-06 4.05977994419e-06 2.14751817924e-06 1.62443832934e-06 1.91048617288e-08 9.1081558701e-07 1.28278517398e-06 4.61204593896e-07 9.19502900318e-07 1.07543460992e-06 1.85019676538e-06 5.77407003019e-07 1.57669048918e-06 1.24736235775e-06 3.21557465451e-06 1.32830049812e-06 5.37051343706e-07 3.24630259496e-06 2.44236592892e-06 1.69184496e-06 2.41915244676e-06 8.65899429968e-07 2.6301797242e-06 6.0010715026e-06 5.62060350762e-06 3.28757813576e-06 7.37802558314e-07 2.32501261176e-06 1.90514904296e-06 2.44308637089e-06 3.0101375147e-06 6.91442889014e-07 1.34392766756e-06 3.2257524043e-06 1.1800023603e-06 1.73952591527e-06 4.92859917191e-07 1.76683886509e-06 9.30268138885e-07 8.4627832999e-07 5.80041913586e-07 1.28122337749e-06 1.0372430284e-06 5.11180710335e-08 1.70906409123e-06 2.10116642145e-06 3.33783928975e-06 2.71523722505e-06 1.73577140013e-06 1.92440825332e-06 3.63853211908e-06 1.39778380247e-06 4.22954611826e-07 6.52795571544e-06 1.3057925691e-06 1.21831995022e-06 6.23879273732e-06 7.12431894924e-07 1.62009018684e-06 7.99424600442e-06 1.76186230393e-06 9.77612681728e-06 2.68425961694e-06 1.06885283262e-06 7.19718797414e-06 9.76279507033e-07 1.55595850322e-06 6.45940947228e-06 4.68049677528e-07 1.51201545585e-06 3.46143793212e-06 2.04354482123e-06 1.54485289337e-06 2.78235216048e-06 3.14641004302e-06 2.01266048965e-06 1.56412170983e-06 4.58592786571e-08 1.01111063604e-06 6.01935859767e-07 3.67920525873e-07 4.12519605804e-07 6.17643638031e-07 1.10522263151e-06 4.52927665296e-07 2.03455867241e-06 3.52581539304e-07 2.86773996385e-06 8.39450158148e-07 2.5378494846e-08 2.47642279163e-06 2.03098475183e-06 5.50547064986e-07 2.50241763927e-06 1.28731753205e-06 1.47176307532e-06 4.51056185063e-06 1.97250823346e-06 2.3542636154e-06 4.45511478315e-06 2.01504812954e-06 1.46862980411e-06 2.69714553551e-06 6.37880522904e-07 2.27705748991e-06 2.54816423367e-06 7.94222840792e-08 9.52985057226e-07 2.64644186538e-06 2.52148567304e-07 2.12737388344e-06 3.5948666791e-07 9.47056099216e-07 4.74712210617e-07 3.42295205253e-07 3.72607341671e-07 5.80916017882e-07 7.11965656983e-08 4.24545564802e-07 9.101197663e-07 6.92651422743e-07 1.08312724253e-06 6.18632697206e-07 4.21720403522e-07 1.18091672536e-06 2.15494417833e-06 2.86375823832e-07 5.58853246939e-07 2.35238561848e-06 2.17509553647e-06 6.78564598885e-07 2.07992456549e-06 1.06590807992e-06 2.38980723267e-06 4.88239786169e-06 1.14210760915e-06 1.82536732826e-06 1.69960905912e-06 5.61441133471e-06 3.81083464723e-06 1.13599608779e-06 2.14521189207e-06 7.98045668443e-07 2.09247208466e-06 2.56740927965e-06 4.95108521723e-07 2.27007901275e-07 2.24606419374e-06 1.2021982289e-06 4.59358588195e-07 6.01572511163e-07 1.16000157747e-06 6.18965666037e-07 8.45477415952e-07 3.95560685667e-07 6.8888284404e-08 7.306426672e-08 9.98530321761e-07 1.6017507894e-06 1.49534781852e-06 2.62688489728e-06 1.15297986877e-06 2.14592866164e-06 1.61398483944e-06 2.87727242185e-06 1.54120477417e-06 8.18526687253e-07 4.08439866353e-06 4.08684267266e-06 1.04065054321e-06 8.31612410381e-06 1.64615821347e-06 4.16779924615e-06 1.17391999204e-05 2.63782856794e-06 3.53925633005e-06 3.5921697803e-06 3.29007247359e-06 1.45000224801e-05 6.24366632906e-06 1.66054975841e-06 9.55637306536e-06 1.45013425549e-06 4.45041607146e-06 4.09743968274e-06 8.02982064016e-07 1.83995283221e-06 2.72407274583e-06 1.68142799574e-06 2.45597273735e-06 1.18873098045e-06 2.4833378696e-06 1.44378983616e-06 1.4583722494e-06 8.95654688104e-07 7.03757804387e-08 8.68234713452e-07 1.68435264551e-06 8.28201031488e-07 2.44175191358e-06 1.26127510119e-06 1.02822836192e-06 2.08068742835e-06 5.02278610336e-06 1.78154005198e-07 9.36946751602e-07 4.20744078538e-06 2.50160200516e-06 1.04812785252e-06 3.94102211093e-06 1.8205135469e-06 2.58490911449e-06 7.7164141725e-06 2.85447621136e-06 2.47723262073e-06 8.71840045988e-07 2.51264214238e-06 4.40483752351e-06 8.94978650986e-06 4.16380440994e-06 1.9913646886e-06 4.04824053572e-06 1.40137775721e-06 2.30037308202e-06 4.55699749002e-06 9.41000700243e-07 1.73751525085e-07 5.01154724748e-06 2.14216577658e-06 1.15385827658e-06 1.35170009206e-06 2.3109117074e-06 7.8520751054e-07 1.56543611732e-06 8.14037551465e-07 5.55922313209e-07 9.60504221007e-07 9.65191442232e-07 1.95571062478e-06 7.4152358554e-07 2.17666693672e-06 1.03368822875e-06 2.52017735584e-06 6.22414973151e-07 4.66211952632e-07 2.60818332806e-06 2.98534340089e-06 7.0167157074e-07 3.47222289117e-06 1.64212491049e-06 2.50782801358e-06 7.01157671258e-06 2.3841522967e-06 3.64752026845e-06 1.58215010663e-06 1.54025486583e-06 3.71632505691e-06 2.91698673526e-06 7.59303890207e-06 4.18627356884e-06 1.45366372882e-06 4.72895746264e-06 9.301955178e-07 3.28568494969e-06 2.92942001839e-06 5.03619718529e-07 8.38795489615e-07 2.32787827677e-06 9.04593478374e-07 2.51998692423e-06 4.2939282083e-07 1.64890463444e-06 8.53258030365e-07 8.17862437647e-07 4.90975013026e-07 1.69765920267e-06 9.73633104719e-07 1.02213963161e-06 4.53297191758e-06 2.58294065396e-06 1.28360717704e-06 3.76252885318e-06 5.49086961476e-06 1.08167919794e-06 1.52689157022e-06 2.67330252605e-06 4.29690987167e-06 1.40667938717e-06 5.03646324506e-06 2.77487153982e-06 3.93005047106e-06 1.3025232025e-05 1.92187168004e-06 4.89025641771e-06 3.57132444454e-06 1.09307406047e-06 3.8691259547e-06 5.61408839322e-06 3.78949778621e-06 1.72762247618e-05 6.7422764484e-06 3.07021861001e-06 5.50129050612e-06 1.78519453395e-06 4.68614892559e-06 2.71210508585e-06 1.48659908224e-06 1.36558131226e-06 5.34393291238e-06 3.65628201663e-06 1.16980227091e-06 2.29695339301e-06 4.08974385585e-06 8.86092352743e-07 9.23138512853e-07 1.55054279788e-06 1.77668291486e-07 8.59880540678e-07 1.26028529594e-06 2.50178673197e-06 1.22959524824e-06 2.37165330358e-06 2.03896825193e-06 4.10750684731e-06 5.55244930251e-07 8.86664382517e-07 6.44248731639e-06 2.39988373544e-06 1.22720820818e-06 5.32796250011e-06 1.26967131411e-06 4.26101665169e-06 1.02567070881e-05 3.09776657676e-06 4.08470373984e-06 2.08741049617e-06 3.02664053955e-06 3.62626627111e-06 2.40329711417e-06 4.0849578134e-06 4.98385194885e-06 1.19410426937e-05 7.07367452257e-06 1.48123669079e-06 6.49551591137e-06 1.57856499863e-06 2.5570323415e-06 7.14518686135e-06 7.96059677623e-07 7.5143956486e-07 3.78552014718e-06 1.67806188094e-06 2.34152924026e-06 1.0379125676e-06 2.08877625078e-06 1.09790371493e-06 7.39909483515e-07 1.57540069006e-07 8.89442057648e-07 8.96146583199e-07 4.44057463668e-06 2.36734665203e-06 1.93864479739e-06 3.004550359e-06 6.12933471975e-06 9.62000722983e-07 1.30678489932e-06 3.9735304158e-06 6.02498767253e-06 9.9024904969e-07 6.77856178475e-06 2.79776750569e-06 3.06096855426e-06 1.246053716e-05 3.77016572399e-06 7.40489006143e-06 2.46112395834e-06 1.38835960034e-06 1.03328197184e-05 1.81028029135e-06 2.58743488137e-06 8.35490902203e-06 5.7100501927e-06 1.56902534886e-05 5.41717039648e-06 2.82604896705e-06 8.10706571731e-06 1.28792156031e-06 6.4387334134e-06 3.70833953574e-06 1.36952770067e-06 1.29840634026e-06 6.01032444637e-06 2.69300709014e-06 1.98081402226e-06 2.05054044053e-06 3.89445365842e-06 7.71002154681e-07 7.08802979797e-07 9.86569501298e-07 7.86144466712e-07 2.2513745871e-06 9.61156233798e-07 1.48197553857e-06 1.60304261974e-06 2.70655164163e-06 3.70661678513e-07 5.72218338931e-07 4.22707810263e-06 1.75608967318e-06 1.52657871833e-06 2.01275234082e-06 2.03981671234e-06 3.44765495241e-06 6.97397978106e-06 2.19682586429e-06 3.61504614695e-06 2.21896119201e-06 9.60788951984e-07 4.07201249984e-06 4.13682830744e-06 1.05528721006e-06 2.72533527251e-06 4.0549489804e-06 4.1545939002e-06 7.94669038488e-06 5.80133451775e-06 2.13766305619e-06 2.29001917054e-06 1.72048900435e-06 2.01881951255e-06 4.54341229676e-06 5.10583917885e-07 4.2718372638e-07 2.6743648273e-06 1.64254496111e-06 1.35698407419e-06 7.38476289324e-07 1.87949924034e-06 6.40606442803e-07 8.04451360516e-07 5.20484898673e-07 2.12281253103e-06 3.66973987182e-06 2.351589655e-06 2.14997815915e-06 3.36841475313e-06 6.41535104431e-06 1.11973240361e-06 1.46743220185e-06 5.56704905405e-06 5.29100531854e-06 1.07991993414e-06 9.57335782691e-06 1.54072600746e-06 5.07473027254e-06 1.38038060186e-05 2.45016745435e-06 7.29103837859e-06 3.64268153146e-06 3.16707507832e-06 6.45160216611e-06 2.76895000811e-06 5.85250849312e-06 3.79153519641e-06 4.43846834681e-06 8.43592644425e-06 3.80536478883e-06 1.67233890913e-05 8.57502665713e-06 1.56891672821e-06 1.23451783135e-05 1.37543122173e-06 5.95546291135e-06 5.33384271612e-06 1.68188585582e-06 1.50438268806e-06 6.35578552039e-06 3.14333374207e-06 2.05939102913e-06 2.00135510076e-06 2.65998675371e-06 1.63542404359e-06 4.23248004391e-07 2.29220145359e-06 4.45552666205e-06 1.28975735709e-06 2.40268383899e-06 1.78157643635e-06 3.4473679741e-06 1.20365894844e-06 6.83828521473e-07 6.67858243677e-06 2.6310708045e-06 2.50027385477e-06 5.14938794894e-06 3.75258079093e-06 2.82059453243e-06 1.32144967181e-05 4.46624426794e-06 4.4055657359e-06 3.54976740733e-06 1.70140890136e-06 9.31420827489e-06 2.48663765455e-06 2.49224184841e-06 9.54719239208e-06 1.99901396758e-06 4.36698977375e-06 4.93337315023e-06 7.39336237471e-06 1.6791941401e-05 5.07638305559e-06 4.02723519864e-06 6.07451611184e-06 3.19820106242e-06 3.00844646594e-06 6.85821770116e-06 6.93583822547e-07 1.47487552583e-06 3.53732394427e-06 1.62036745261e-06 2.2270604504e-06 9.89642458949e-07 3.66536227343e-06 1.82500719234e-06 8.08973711441e-07 2.88872793564e-06 9.14683316819e-07 1.39668664269e-06 1.40829451953e-06 2.56475594196e-06 3.68525429606e-07 5.58436493169e-07 3.26209626883e-06 1.90490638092e-06 4.93154085134e-07 3.96730189075e-06 1.07167990087e-06 4.32900219918e-06 6.42187443389e-06 1.99164672764e-06 4.19118344699e-06 1.25536885872e-06 2.24405987555e-06 4.643199002e-06 2.40015411453e-06 2.74025158205e-06 2.56363551017e-06 4.37556254643e-06 2.89810562661e-06 1.61452326033e-06 4.89528810027e-06 3.15112324593e-06 6.62228490957e-06 6.40913213591e-06 1.1698995472e-06 4.96020262493e-06 5.22630310466e-07 2.50456586099e-06 3.35390076977e-06 5.65424824073e-07 4.43522362993e-07 2.53637750096e-06 1.14358350439e-06 1.32092094576e-06 7.77560751916e-07 2.17266526599e-06 6.32801637647e-07 1.11955083138e-06 6.36581536425e-06 2.10900576283e-06 2.48212878813e-06 3.85509458639e-06 4.63206181343e-06 1.8505924972e-06 7.06388485384e-07 9.07161025793e-06 3.81505846298e-06 3.1558521752e-06 7.26649782823e-06 4.73984600666e-06 5.21435686647e-06 2.18365455009e-05 3.32473788575e-06 9.35066831332e-06 5.63965849103e-06 1.89401624649e-06 1.33654704287e-05 4.44134525167e-06 5.9118591045e-06 6.2972649423e-06 4.58196029475e-06 1.3848565801e-05 2.38044166593e-06 6.5763781677e-06 1.08242139785e-05 5.23778773198e-06 2.84452620309e-05 8.52707978021e-06 5.33199228235e-06 9.28622862854e-06 3.74242088704e-06 4.65001615966e-06 9.27492781393e-06 7.46239716081e-07 1.96180549779e-06 4.77885794728e-06 3.19296839145e-06 1.91753952914e-06 1.37366119405e-06 4.65184995139e-06 8.69802040712e-07 3.06681059738e-06 1.08138929047e-06 2.54380226272e-06 1.7830255152e-06 3.44962668984e-06 1.03964859848e-06 1.01815129579e-06 2.81349744701e-06 2.60838986468e-06 1.25890880737e-06 5.99372262879e-06 2.12245078671e-06 5.1397912591e-06 9.07410274698e-06 4.78461047914e-06 2.69459447463e-06 2.54990252684e-06 2.42431775152e-06 3.95719455371e-06 3.61413511384e-06 2.72025488923e-06 5.68310690094e-06 2.90641390643e-06 3.86857616525e-06 4.15334813048e-06 2.85564342187e-06 3.16219248237e-06 3.40019059191e-06 7.60334831872e-06 1.00951312001e-05 8.3092145609e-06 1.9488792503e-06 7.56492518264e-06 1.21356305303e-06 3.47345425705e-06 2.29234511357e-06 1.22826021875e-06 1.04729894001e-06 3.47147791297e-06 1.32568626479e-06 2.38677170196e-06 6.96733199436e-07 2.15721349937e-06 4.35171289705e-06 8.52950464191e-07 5.43671626502e-06 4.17418902792e-06 5.25192940524e-06 2.7004565787e-06 6.64220874893e-07 8.50381168009e-06 2.72552077121e-06 2.99401411594e-06 7.83825498817e-06 4.96223443527e-06 6.11048612751e-06 2.01639766167e-05 2.78143210506e-06 1.34014315497e-05 2.1330609328e-06 2.92365682187e-06 1.11944523418e-05 2.73060139123e-06 5.77306899083e-06 6.77912900044e-06 6.49536864785e-06 5.93956603253e-06 2.91824087995e-06 1.21539507348e-05 3.72416843568e-06 2.49773663615e-06 1.51729139491e-05 5.16787228953e-06 2.58910164631e-05 1.02775293042e-05 5.51709871545e-06 9.77990587938e-06 3.18183562012e-06 3.48828726323e-06 8.52703017241e-06 5.55953818317e-07 2.61745782477e-06 5.46865267999e-06 3.59674201063e-06 4.60831852165e-06 4.12401449689e-07 3.09384595648e-06 2.26979703225e-06 1.13869268102e-06 4.09188028767e-06 2.71845788474e-06 3.88091209022e-06 2.21409698403e-06 1.7208314891e-06 5.78023662635e-06 3.2072110843e-06 1.44065438946e-06 7.63666304944e-06 3.04730950265e-06 7.32605297964e-06 1.30235445227e-05 5.75665164605e-06 5.01130028723e-06 4.72549529712e-06 1.72213232035e-06 7.52600131815e-06 4.65666623783e-06 2.14807041568e-06 7.05364350418e-06 4.66746380221e-06 6.92442478173e-06 2.55971683256e-06 4.70420741233e-06 8.42070427581e-06 1.74015390178e-06 5.9958538663e-06 5.56941343307e-06 8.80778305592e-06 1.38905368278e-05 1.11259396779e-05 3.09001583785e-06 9.50501985377e-06 1.38153658487e-06 4.00838457688e-06 4.77094939284e-06 1.35940463368e-06 1.80649441824e-06 3.23107853357e-06 1.80939089373e-06 2.80502305572e-06 7.04326371156e-07 1.44702875586e-06 1.96453294157e-06 7.38134284905e-06 3.51897736335e-06 7.64425381398e-06 2.21613684201e-06 2.45983336117e-06 1.09005943757e-05 3.30014660316e-06 4.05194431065e-06 7.39467653315e-06 5.19258970357e-06 8.07765494674e-06 2.31072533692e-05 5.37252402187e-06 1.27510177914e-05 2.8086494662e-06 5.232454207e-06 4.85845223426e-06 5.1595297378e-06 5.57497435986e-06 5.28909145351e-06 7.28845647323e-06 7.82749781701e-06 5.05743958741e-06 6.05915519542e-06 5.48782247665e-06 5.13467418116e-06 6.05853010917e-06 3.6252447492e-06 1.47019633553e-05 8.34078638964e-06 2.90104671403e-05 1.2341495976e-05 5.70836322243e-06 9.20816285976e-06 4.37893135246e-06 4.00215728266e-06 1.07837289929e-05 2.08579248687e-06 1.72371200372e-06 7.09675185791e-06 2.10550058764e-06 5.18163938565e-06 1.13403653708e-06 3.38767514671e-06 6.06585092395e-06 2.17056502764e-06 6.57848164273e-06 2.27076484665e-06 1.52391088189e-06 5.69920835708e-06 5.21478686875e-06 2.18642443158e-06 9.26688986238e-06 3.19786732883e-06 9.25124765205e-06 1.66433178758e-05 7.40544668942e-06 7.05692975622e-06 4.05346236771e-06 2.40046652948e-06 9.82235796892e-06 2.09194928856e-06 3.91850431346e-06 6.92867891522e-06 3.12252220396e-06 7.70927288073e-06 3.34598705149e-06 6.52096150026e-06 4.94235174254e-06 2.20212780238e-06 1.08720226159e-05 2.37760481873e-06 5.59264329743e-06 7.61632906173e-06 1.10396041632e-05 1.8627775981e-05 1.34332917038e-05 3.2484151208e-06 1.16537556188e-05 2.14680249383e-06 5.9029120695e-06 5.71412075884e-06 8.65430889137e-07 1.69359005402e-06 5.31799420224e-06 1.17668008451e-06 3.65048077329e-06 2.1102516896e-06 2.01821690566e-05 2.78132993743e-06 8.6038074389e-06 3.7759248367e-06 3.342487677e-06 6.53428852653e-06 6.6577033539e-06 5.50018134559e-06 9.92951026456e-06 6.30436508122e-06 8.11541458208e-06 2.60469605891e-05 6.51789874613e-06 1.39958641138e-05 3.32534135467e-06 5.36208810233e-06 6.90669567202e-06 7.76862268497e-06 2.81594874357e-06 8.66691913658e-06 6.74859731212e-06 5.33364636311e-06 5.21328019074e-06 7.24646204231e-06 8.47588112899e-06 2.81033420732e-06 8.64573754363e-06 7.71494277543e-06 6.47250256475e-06 4.46131091226e-06 1.56218142968e-05 9.59258357135e-06 3.09991516226e-05 1.22318895433e-05 6.89461874099e-06 1.23213270024e-05 5.86999649598e-06 7.48005925814e-06 6.6263840159e-06 3.07846328747e-06 2.74539789325e-06 6.45962441497e-06 1.28682282512e-06 6.67704237843e-06 1.13323443635e-05 6.90930369376e-06 2.57801601724e-06 1.15211687005e-06 5.93768252197e-06 4.18410324209e-06 2.389047164e-06 1.12482413865e-05 3.55634627517e-06 1.01106263157e-05 1.65670510469e-05 7.44911869898e-06 8.14537978851e-06 4.18819314357e-06 3.45523698525e-06 8.31019393929e-06 3.32361752562e-06 4.79269014462e-06 3.15591898284e-06 4.37154412518e-06 6.53553838467e-06 2.70102267585e-06 5.86554712783e-06 5.2241656459e-06 3.18288222511e-06 5.62307248052e-06 3.35816860133e-06 9.02052482078e-06 3.52049456947e-06 6.10117531777e-06 8.37818081548e-06 1.11853091763e-05 1.84518450626e-05 1.48140923243e-05 3.25823415926e-06 1.28710497435e-05 2.59967932035e-06 3.87539166723e-06 6.55295178715e-06 1.07969541891e-06 2.18729183446e-06 5.12092140792e-06 3.92969211584e-06 1.27598981419e-05 4.21278788086e-06 1.66651252553e-06 1.0148375102e-05 9.68616422044e-06 3.3000709752e-06 1.50239047238e-05 7.81452332982e-06 1.0957055346e-05 3.06523379071e-05 6.63019531623e-06 1.67073039132e-05 4.23508969502e-06 5.75102475564e-06 9.22304312911e-06 7.04854274338e-06 3.66416018278e-06 1.14369967615e-05 2.99654498912e-06 8.65242399905e-06 5.06536896681e-06 4.61011395378e-06 9.1203091916e-06 3.30790418146e-06 1.10698937487e-05 3.8241027943e-06 7.30408553373e-06 9.97802928167e-06 6.77035211506e-06 5.68274210405e-06 1.86032625391e-05 9.99968842589e-06 3.75246111395e-05 1.591181934e-05 8.26507141802e-06 1.60125014487e-05 3.64096323658e-06 9.97799488212e-06 9.56418539112e-06 1.80893864791e-06 3.72478147958e-06 8.61428408193e-06 6.2367699569e-05 3.56980382962e-06 1.85022804754e-06 8.33228149008e-06 7.78578332798e-06 2.15527543439e-06 1.13822288212e-05 3.54992087385e-06 1.53471969228e-05 2.15501823855e-05 9.35540023545e-06 9.0500962173e-06 5.48125721489e-06 4.2574680961e-06 9.42305416041e-06 4.66966719071e-06 4.81700212433e-06 4.71842623482e-06 6.03394541711e-06 3.92303038731e-06 4.63174163215e-06 5.3402974899e-06 4.43206630201e-06 3.77258858607e-06 6.85022744915e-06 4.47980815244e-06 6.11162182103e-06 4.60730978164e-06 1.07213843499e-05 4.24112407118e-06 7.53711154584e-06 9.42899776361e-06 1.27797063776e-05 2.2912709571e-05 1.96279039261e-05 3.79454743358e-06 1.09037961068e-05 2.56036272037e-06 6.70785021084e-06 7.44958779402e-06 1.16835245964e-06 2.06060982777e-06 1.53376455216e-05 4.28017263323e-05 2.77233588023e-06 1.63109597766e-05 1.29822979848e-05 4.73864633916e-06 2.22718274592e-05 6.07046211765e-06 2.33342442575e-05 4.5927896333e-05 1.18511993542e-05 2.09478874827e-05 5.64447839481e-06 6.17959172123e-06 1.22203436842e-05 8.18723690331e-06 5.68042213998e-06 1.23850583168e-05 4.82747186265e-06 1.23726167611e-05 2.89334812675e-06 8.33261059229e-06 8.1275341583e-06 3.08800187029e-06 1.27737747192e-05 4.96342449807e-06 1.16117305451e-05 6.37741367127e-06 8.85430813239e-06 1.28473780793e-05 7.59610219293e-06 7.59986850536e-06 2.2801571035e-05 1.55895929211e-05 5.5935601907e-05 2.85508893772e-05 6.23003907219e-06 2.22008840491e-05 5.66662626251e-06 1.1642606545e-05 1.43938187571e-05 1.05141790375e-06 8.19202175532e-06 2.58663977888e-05 3.97843065313e-05 1.87385821563e-05 4.9479955697e-06 2.48165407583e-05 8.29116541789e-06 1.78353604825e-05 3.91454190398e-05 1.74229644952e-05 1.17864382277e-05 7.19531311451e-06 3.42124822908e-06 1.32405013305e-05 5.64980306255e-06 6.77495212936e-06 6.88901790293e-06 8.19591175864e-06 4.94050086761e-06 5.10393919557e-06 4.93582235405e-06 4.20151258174e-06 4.6752562994e-06 5.58249210556e-06 4.74169653735e-06 7.99035835819e-06 6.8619632226e-06 7.72376864744e-06 6.45436757004e-06 1.35962700177e-05 4.68084079279e-06 8.88873116102e-06 1.21807326128e-05 2.2857549513e-05 4.52468874828e-05 2.21159133948e-05 8.7728434614e-06 2.323559425e-05 5.98241467209e-06 1.22465433454e-05 1.74327014331e-05 3.84116913408e-06 0.000117103781988 2.41187291795e-05 9.24235525163e-06 2.70172939915e-05 6.23796699219e-06 2.19786330785e-05 3.272626571e-05 1.39966394058e-05 1.73926068943e-05 5.85432930107e-06 4.89113855328e-06 8.14112850451e-06 6.68429473136e-06 5.84104404541e-06 8.74691173898e-06 5.70756509497e-06 7.96398519709e-06 1.86073880268e-06 1.02767263877e-05 3.02608064042e-06 2.91456966419e-06 1.00328296008e-05 2.03167505868e-06 8.58737380386e-06 5.5158291681e-06 8.7996647624e-06 6.08486989141e-06 7.15464970969e-06 7.41616769657e-06 5.89714505309e-06 5.89869462735e-06 1.75437689168e-05 1.73305953317e-05 3.30092804242e-05 2.51476216591e-05 5.97862126089e-06 1.91453046957e-05 5.61972819097e-06 9.87318926397e-06 2.8896369626e-05 0.000127756854399 1.6223171225e-05 5.66298540754e-05 1.20852284761e-05 4.75988156274e-05 6.65382398898e-05 1.64398479064e-05 3.22684865556e-05 1.21232085479e-05 5.02696597273e-06 1.67925020899e-05 4.98004396964e-06 8.37972243745e-06 6.9014371089e-06 9.24859924795e-06 7.49065662319e-06 3.87459344577e-06 6.07889026726e-06 8.02715923595e-06 1.82483656793e-06 8.76684689391e-06 5.53793533344e-06 4.01693666102e-06 7.3844892282e-06 8.67699189819e-06 7.56871580453e-06 8.64938901104e-06 5.04110229295e-06 1.60938254524e-05 6.74004493772e-06 1.4664202084e-05 2.78611254286e-05 1.99617118797e-05 6.67176183448e-05 4.25868629089e-05 7.54490678285e-06 3.06611066782e-05 8.19245057193e-06 2.50243706311e-05 0.000102292736885 9.62316096374e-05 1.48197391346e-05 6.59942997928e-05 9.18920811349e-05 3.7232728083e-05 2.92106434721e-05 1.60806267958e-05 1.34619718507e-05 1.83022547682e-05 1.54406893475e-05 7.82958806806e-06 1.78251180939e-05 8.79865291027e-06 1.55154007309e-05 4.90488402494e-06 1.2802737471e-05 6.42668288276e-06 5.83927018556e-06 6.2955523433e-06 6.86678650652e-06 1.1526979167e-05 4.99009925787e-06 1.3246341073e-05 8.5078037684e-06 1.54997325301e-05 7.6207306844e-06 1.27689018428e-05 1.57300720005e-05 1.25356804249e-05 1.58932523408e-05 2.21471379476e-05 3.60260618545e-05 8.84313810898e-05 5.08862799267e-05 1.01865541916e-05 4.38231418441e-05 2.19268067406e-05 0.000408592562539 2.98979750823e-05 8.54731500636e-05 0.000103234893309 5.33470722227e-05 3.32389500294e-05 1.43936849295e-05 1.45271047519e-05 3.26874397428e-05 1.30452372736e-05 1.45045585592e-05 1.25508881529e-05 1.54093862673e-05 1.19452086932e-05 1.04496450816e-05 1.01616308293e-05 1.42688115931e-05 4.09321224571e-06 1.81687613901e-05 4.05240838567e-06 1.23339494406e-05 9.51729731462e-06 8.8735952999e-06 1.07425023197e-05 1.21741217748e-05 9.86577677856e-06 1.09888464888e-05 9.96180514916e-06 2.32626502622e-05 1.1110863638e-05 1.11663149107e-05 2.44904647471e-05 4.45804311363e-05 9.13779211858e-05 5.74479353518e-05 1.20508619073e-05 9.07670815295e-05 0.000151258918084 0.000148258204215 0.000150116408337 6.91392108184e-05 5.86607378117e-05 2.70047338567e-05 1.44820180462e-05 3.66032676504e-05 2.04945787485e-05 1.43784273179e-05 2.05096513829e-05 1.36211587913e-05 2.02599798664e-05 9.86615553087e-06 1.82570458273e-05 1.04902993387e-05 1.04916423998e-05 1.13056611715e-05 1.14724168421e-05 8.77338110907e-06 9.36460024803e-06 1.53946144309e-05 7.56593440634e-06 1.63418163615e-05 9.75973168643e-06 1.51583815595e-05 9.69287552032e-06 1.44535787456e-05 2.22343467766e-05 1.00640424398e-05 1.69589822125e-05 3.47984201041e-05 5.14442700744e-05 0.000118419831213 7.81297293631e-05 3.26139813922e-05 0.000806417022398 0.000302927951758 0.000121217558279 8.74149612259e-05 4.40455504529e-05 3.32713554228e-05 4.27860437731e-05 3.05004182692e-05 3.55440991724e-05 2.44837789215e-05 2.69740135869e-05 2.11853442526e-05 1.57321972087e-05 1.96505232679e-05 2.27080462276e-05 8.11567464121e-06 2.77571014946e-05 5.82461802317e-06 2.67252170628e-05 6.85483863899e-06 1.88141502916e-05 1.48001076904e-05 1.14716224237e-05 1.4920948974e-05 1.71937212283e-05 1.51779954464e-05 1.86051041104e-05 1.63944457625e-05 2.16808210264e-05 1.7225439614e-05 2.34699367073e-05 3.83269718016e-05 7.19622714599e-05 0.00017960390509 0.000194991389584 0.00381877159968 0.000587725322379 0.00041677407302 0.000182525437713 0.000160467121566 0.000224100351938 0.000104149480047 0.000107629957477 0.0001466248074 7.636987116e-05 0.000103701113742 3.58103287838e-05 9.11566799871e-05 5.30286227666e-05 3.91787535731e-05 6.12638417118e-05 3.7720014511e-05 3.50684367606e-05 5.29505743216e-05 2.90376385775e-05 3.73599384375e-05 5.54190797172e-05 2.05184460538e-05 5.48778704244e-05 3.25040434959e-05 6.86301406224e-05 3.59698559503e-05 3.45206139124e-05 7.47070482745e-05 4.54994832556e-05 4.92855529747e-05 9.47795756312e-05 0.000180384342134 0.00089189791356 

































