





































8.09288742569e-07 3.62127370966e-07 7.46064847401e-08 7.29123632955e-07 1.09169073741e-07 3.39986314586e-07 3.14779081281e-07 2.76621929784e-07 1.17345848176e-07 2.34431386573e-07 4.7195518089e-07 2.41330961728e-07 4.46677744774e-08 6.96140609563e-07 4.95008949257e-07 1.66089851066e-07 4.34789805781e-07 4.37412494856e-07 1.66320502581e-07 5.05565564606e-07 7.24918081173e-07 4.71906997737e-08 2.50299860162e-07 5.12013286624e-07 2.67991044564e-07 1.3436013794e-07 3.22858252661e-07 3.95021071692e-07 4.21788580481e-07 1.59470845275e-07 7.74787489035e-07 1.06315630118e-07 4.35753067004e-07 5.81110080157e-07 7.92381667413e-07 1.91544749707e-06 2.75148323964e-07 7.54878049822e-07 3.62815360433e-07 2.74191756633e-07 5.25808614693e-08 4.60194914257e-07 1.34523173174e-07 4.38729760778e-08 6.9991851247e-07 1.39033496423e-07 6.76243079427e-08 7.74737511529e-07 2.64868223021e-07 1.37503819421e-07 6.25039854702e-07 2.1703946902e-07 2.21184142543e-07 6.1206911232e-07 1.34073594399e-07 2.85865002027e-07 8.40808413901e-07 8.27086713514e-08 1.53086466098e-07 8.54995795547e-07 5.55000025512e-08 1.94016712635e-07 6.05558986876e-07 9.86207826522e-08 3.71222334993e-07 5.33266910992e-07 8.09592034897e-07 2.91509357957e-07 1.29469883336e-06 9.5448706584e-07 1.11233448273e-07 4.3296668153e-07 6.59574928725e-07 2.47375698314e-07 2.65767111834e-07 6.29134591612e-07 2.4271929762e-08 6.61832976615e-07 2.10144555691e-09 6.47947784206e-08 5.67730632296e-07 6.55575827588e-09 3.16541874102e-08 2.99623810134e-07 5.9035401509e-08 7.97976248995e-08 2.6352402129e-07 1.33317172988e-07 1.05283207657e-07 1.04799723172e-07 1.23286451125e-07 2.5605038817e-07 7.71420881562e-08 8.25385514003e-08 3.17106122702e-07 3.34554317095e-08 5.86529353993e-09 6.05496256543e-07 7.07891208825e-08 4.43365834475e-09 7.72525184401e-07 2.50765713258e-08 6.97096288509e-07 2.5853048929e-07 1.37900655191e-07 4.88396487684e-07 5.40174887539e-07 2.13804929162e-07 5.17734831343e-07 4.07504055531e-07 2.54214684819e-07 1.75422255958e-06 4.23996837264e-07 2.3531598755e-07 3.38332976436e-07 1.37280553561e-07 2.18958897544e-07 9.63489187461e-08 5.00982482149e-07 7.32357868833e-08 5.04475848878e-08 3.11637039978e-07 1.54082743359e-07 7.6879043265e-08 2.65648573914e-07 6.6658745025e-08 2.15430761745e-07 2.75529124717e-07 2.29406149931e-07 8.0044887214e-08 2.57142731034e-07 8.36803185433e-08 2.15137327079e-07 3.44794034975e-07 6.22975900124e-08 7.91212111156e-08 5.67185833749e-07 1.30241563405e-07 2.80039647732e-07 1.43020752536e-07 3.98999699511e-07 2.40382691877e-07 3.26323589639e-07 1.23031890443e-06 1.71090672568e-07 4.85140217675e-07 6.46259986988e-07 2.80362797997e-07 3.25818963456e-07 1.08741738666e-07 7.00792795532e-07 1.62627526227e-06 8.99350134065e-07 6.87165664922e-08 8.34474589872e-07 1.1337053722e-07 1.27822281814e-07 1.23941959142e-06 9.34698455911e-08 4.0592931532e-08 8.18402064397e-07 1.38322128356e-07 2.32398895678e-07 4.38084157011e-07 1.5075475985e-07 3.02948104521e-07 4.12592396749e-07 4.76384784952e-07 4.23060652971e-07 2.81555036835e-07 1.682704345e-07 4.50829548472e-07 2.51295375272e-07 1.36447387368e-07 8.51616881783e-07 3.52836668227e-08 1.05328547811e-07 1.3348383665e-06 1.50677314828e-07 1.21052788695e-07 8.27734179645e-07 6.8120265861e-08 7.70169273948e-07 1.17066947529e-06 6.201549903e-07 9.38429037653e-08 4.8587817883e-07 3.81879472224e-07 4.87284914598e-07 6.56658304623e-07 4.75616022245e-07 5.59329180454e-07 2.06580902239e-06 6.2456115136e-06 8.9565295072e-07 2.63164009583e-06 1.91307387018e-07 7.41087803007e-07 2.35013299388e-06 3.16688915081e-07 3.52712477274e-07 7.31575149469e-07 1.13196811211e-06 3.47047397255e-07 3.95634034952e-07 7.92762475074e-07 4.36334562894e-07 5.22334317432e-07 1.09618592125e-06 4.31232948506e-07 1.09488079926e-06 5.09077251815e-07 5.03447046918e-07 8.18116670196e-07 4.18656483971e-07 3.78705896953e-07 1.15668367047e-06 7.03100064497e-07 3.86285708658e-07 3.47588719213e-07 2.31643069647e-06 7.57604260902e-07 1.54517208898e-07 2.54602644499e-06 7.16310835978e-07 4.0316126775e-06 1.86131424447e-06 6.26350072737e-07 6.12964615661e-07 1.02172069589e-06 5.81187553282e-07 1.35944145071e-07 1.10461449398e-07 3.11922963924e-07 3.53511342022e-07 1.6938961997e-06 1.59705281374e-06 7.20133027315e-07 1.64964386459e-07 4.40172506044e-07 3.76320787219e-07 4.74562637577e-07 1.6010576558e-07 3.8861911117e-07 5.97504547915e-07 8.2412800327e-08 4.48957136247e-07 3.56983027372e-07 9.6087425813e-08 6.53974626439e-07 2.2676596542e-07 1.36092043489e-07 7.18165033554e-07 1.3902409085e-07 1.69060450493e-07 7.19339394823e-07 9.4670885961e-08 3.03886316084e-07 4.87050030931e-07 8.31574415008e-08 5.90260944975e-07 3.56235022247e-07 1.41514495184e-07 4.57659601686e-07 2.94649475368e-07 3.37528732372e-07 2.09177033673e-07 3.62959988755e-07 1.18263831131e-06 1.41534599108e-06 4.02289708064e-07 4.65617231063e-07 1.29508333613e-07 2.28529375323e-07 5.98967943422e-07 1.52566648395e-07 2.91004756407e-07 8.03587554186e-07 1.63577959487e-06 5.53089336563e-07 4.31965526189e-06 3.09113137319e-07 5.89336552217e-07 3.05446242639e-06 1.9594933739e-07 2.38897369069e-07 1.77972168909e-06 3.30566529006e-07 4.20730406718e-07 3.3662852314e-07 7.2274492139e-07 5.55021598605e-07 4.658605076e-07 6.93230778795e-07 4.83683830562e-07 6.6144832657e-07 6.65585745337e-07 5.04486194374e-07 7.05465129248e-07 4.09194786382e-07 6.28558973896e-07 6.94500078547e-07 2.83693299546e-07 4.18031040431e-07 3.08827594367e-07 1.66096192013e-06 1.66354275873e-07 1.37609577705e-07 2.71804737791e-06 4.28444375287e-07 1.69844397617e-07 2.93372388227e-06 3.36374391171e-07 1.57995108751e-06 8.74216636012e-07 3.39510158148e-07 2.36979731866e-07 8.83656369633e-07 1.43398944883e-07 2.53015076808e-08 1.50286816828e-07 3.63697694338e-09 2.99509320665e-07 3.76786522171e-07 1.67431479673e-07 6.48982219756e-07 2.03459472989e-07 4.65255131569e-07 1.67930403775e-07 4.5253384881e-07 2.9802726374e-07 1.61906247181e-07 2.12595394765e-07 7.77934565249e-08 1.87916193079e-07 1.99384445618e-07 1.93262860559e-07 1.25576934956e-07 2.02024536017e-07 9.77576410934e-08 1.79561558439e-07 9.90615040198e-08 1.92531194691e-07 2.04184973962e-07 1.91355250316e-07 6.55539191895e-08 1.69159321761e-07 1.66919691363e-07 3.12127750452e-07 4.28753536188e-07 1.17882566229e-07 3.85672330174e-07 9.72002631155e-08 5.28986863688e-07 1.01047763526e-07 4.86169563157e-07 3.56921996946e-07 7.9395439573e-09 2.30413430958e-07 3.64365107994e-08 2.26034728273e-07 2.38410194895e-07 1.12638110295e-07 1.32569636717e-07 2.09011600745e-07 7.73206351412e-07 2.55479836537e-07 8.02063791764e-07 2.5756256787e-07 1.59621264116e-06 1.18353726384e-06 3.84277467799e-07 1.81815035847e-07 2.86912357047e-07 8.5481102621e-07 2.09214734359e-07 1.8292785995e-07 4.68914956267e-07 1.24752437994e-07 5.41382047139e-07 5.12979749778e-07 2.11292509799e-07 8.14440527738e-07 1.70425231096e-07 1.61146281426e-07 8.04204979261e-07 2.22336289089e-07 4.93267218463e-07 5.19763334672e-07 1.39749435303e-07 3.98475277243e-07 1.5399748308e-07 1.87017545537e-07 8.0334769945e-07 2.29569682069e-07 1.44250614055e-07 2.89061678862e-07 7.43811840324e-07 1.2008441827e-06 1.38629463315e-07 6.96828194237e-07 1.60541784089e-07 7.34637460852e-07 2.17852367874e-07 1.85344907753e-07 2.03509114685e-07 3.71478211456e-07 6.07941704391e-07 2.37094520298e-07 6.89875428419e-07 7.95031703872e-07 1.8360361065e-06 1.17777829491e-06 1.91999019512e-06 8.83386898393e-07 8.25352571684e-07 7.28478920188e-06 1.31330543904e-06 4.45061582894e-07 3.55398675072e-06 6.12123905855e-07 9.43481203195e-07 2.03004975622e-06 5.55152121923e-07 1.32784793284e-06 7.47643713301e-07 1.46843063071e-06 1.08618288381e-06 8.77004555704e-07 9.79025888466e-07 6.50337253263e-07 1.00094809962e-06 8.7705267686e-07 1.05832140472e-06 1.45225342885e-06 6.91401831381e-07 1.2458786272e-06 5.31077326808e-07 1.81956035356e-06 8.31414186429e-07 5.30071202116e-07 3.19124152534e-06 3.47708925126e-07 7.38021761356e-07 4.87067890042e-06 4.88341754728e-07 7.61330373319e-07 1.72428735753e-06 1.05914121071e-06 1.95896784378e-06 9.38858520978e-07 9.3025567904e-07 3.71629985542e-07 8.53348280624e-07 2.65815308598e-07 3.53211684539e-08 1.21984951271e-07 1.95068962446e-07 5.83993822224e-07 2.62678834297e-07 4.07766604847e-07 1.82986051873e-07 7.87920307712e-07 1.14875634557e-06 1.54214700769e-06 2.02739352296e-07 5.73721100301e-07 7.65798133913e-07 2.60630816669e-08 6.12203357792e-07 2.94095496383e-07 4.33052328537e-08 9.97546930133e-07 4.49140740125e-08 2.32371359212e-07 6.29189701664e-07 1.2777553782e-07 2.54127534292e-07 3.07661571494e-07 1.03272065121e-07 6.35211695151e-07 2.31110418931e-07 3.69336526753e-08 9.47690881832e-07 3.31918245186e-08 2.41947897596e-07 6.01049732678e-07 3.31617242932e-09 5.20438827657e-07 4.32454986091e-07 1.1516896167e-07 1.19918875832e-06 5.86669598202e-07 7.43907694715e-07 1.44052396334e-07 3.21249379716e-07 2.59449217511e-07 6.34779731404e-07 2.4103723944e-07 1.76778637255e-07 5.58250647989e-08 3.74151497228e-07 8.98089930623e-08 3.00470686649e-08 7.96489111293e-08 2.6355887725e-07 7.28777461488e-08 2.79071322228e-07 4.2258203502e-08 1.05950059227e-07 9.91808924101e-07 3.86166612185e-08 5.95855753641e-07 4.79047358744e-07 2.92818044012e-07 2.06028557722e-07 3.14398214835e-08 2.89595170027e-07 2.89647755867e-07 2.5809653591e-07 2.23769474933e-07 9.20630240327e-08 3.20402070561e-07 1.81861159392e-07 9.10080821182e-08 3.17592555121e-07 9.54711503629e-08 1.50892678792e-07 3.04104318196e-07 6.76673778482e-08 1.9099421093e-07 2.5844900091e-07 3.26136497806e-07 3.14698103735e-07 6.04620077191e-09 1.38797015064e-07 2.69940115473e-07 2.64594637073e-07 5.34908905077e-07 4.67801536401e-09 7.00880272947e-07 1.11247733329e-07 1.74818818446e-08 2.62821272961e-07 4.01472956739e-08 3.35174984608e-07 8.81711577067e-08 4.22823401227e-08 1.47447349199e-07 2.73502966613e-07 2.36182991064e-07 4.93333947112e-07 6.19008064956e-07 1.26009593359e-06 7.88715959347e-07 1.07760275415e-06 3.71483450507e-07 9.88843268576e-07 2.37247296315e-06 1.46098028149e-06 4.11912961137e-07 6.92505450007e-06 2.22752394845e-06 7.9907735367e-07 3.08911353743e-06 4.9570549338e-07 1.61143233369e-06 2.29033179902e-06 8.73207861321e-07 1.7418646211e-06 1.06768531702e-06 1.09909186232e-06 1.34752513839e-06 9.39408301067e-07 9.78210223631e-07 1.34751221328e-06 1.02191406033e-06 9.36457809459e-07 1.55800710638e-06 7.29672504154e-07 2.07881728489e-06 1.40409680424e-06 3.49495530878e-07 2.84638716266e-06 5.57597856018e-07 1.35245766308e-06 4.82127851981e-06 2.63192909768e-07 1.28050236567e-06 2.00644288644e-06 7.72907974262e-07 2.66125524151e-07 1.05179343918e-06 8.45844790479e-07 1.48409373887e-06 8.59977645313e-07 7.3068296613e-07 3.76348721321e-07 3.36025832113e-07 1.49506309291e-07 4.26634287703e-07 2.84863858637e-07 1.05281005999e-06 3.82329991122e-07 8.98324432313e-07 2.74596225064e-07 7.47133108815e-07 1.33953289417e-06 4.07561375209e-07 6.41972970017e-07 1.79743857433e-06 3.53415126297e-06 7.33353304677e-07 1.11217159876e-06 1.16735959919e-06 3.749969247e-07 1.56253772952e-06 1.18715928614e-06 3.17187620093e-07 1.86553707327e-06 2.61179305821e-07 6.71426361488e-07 1.25087684141e-06 1.91319357894e-07 1.22084140469e-06 6.22582788693e-07 2.59333052933e-07 1.71503655409e-06 3.38778853195e-07 9.39106733677e-07 1.34864516701e-06 3.45177460356e-07 8.37805410225e-07 7.29521098642e-07 5.00523517816e-07 2.74338477752e-06 1.0316553747e-06 6.59603917053e-07 2.41747097079e-07 1.15264875168e-06 6.93165132177e-07 2.73636919386e-07 9.68911805388e-07 3.89867973832e-07 1.29989654127e-06 3.91395386194e-07 6.04162652166e-07 2.17782546218e-07 1.45373228725e-07 1.56730927855e-07 1.28830662288e-07 4.54108064943e-07 1.96503221183e-07 3.44986302e-07 1.82480101313e-07 1.70529367898e-07 1.12494225158e-06 1.41348418834e-07 1.92428144824e-07 1.31567111962e-06 6.63959680001e-07 1.28354463549e-06 5.7465379899e-07 4.23703649047e-07 6.64539852572e-07 1.79711093136e-07 8.02178424477e-07 4.20039166727e-07 2.05990503767e-07 3.63592161283e-07 6.88267022786e-08 6.5217944377e-07 3.29949638208e-07 3.36945542784e-07 6.54785274781e-07 8.41425979794e-08 3.18981803865e-07 2.15039035939e-07 3.65077206489e-07 7.92182880999e-07 1.21497484612e-07 4.44194442007e-07 3.69817255584e-07 3.15223283429e-07 1.13887989179e-06 3.95750832658e-07 9.93944063652e-07 1.5319149469e-07 6.55369904901e-08 8.88472105742e-07 1.35591818823e-07 1.49002440166e-07 3.38459475463e-07 1.74097225403e-07 5.24733138712e-07 1.64118509618e-07 2.33320077999e-07 1.96464593303e-07 4.41453729784e-07 5.0587183494e-07 3.32280495964e-07 1.16290994793e-06 7.34871464887e-07 5.98112253663e-07 4.72196287085e-07 8.05892967662e-07 1.54744829982e-06 8.74354564869e-07 2.03414684052e-07 1.96492684918e-06 2.07535865362e-06 4.06663860499e-07 5.38127963318e-06 1.67230432557e-06 1.14876024967e-06 2.95509637889e-06 4.64102369197e-07 1.65910316532e-06 2.42308161551e-06 5.5016293015e-07 1.70978072803e-06 7.65921110616e-07 6.93859995804e-07 1.86615964447e-06 6.9300630725e-07 6.53828866922e-07 1.75858557368e-06 4.64197733042e-07 2.17955666132e-06 1.61938643442e-06 3.46353581225e-07 2.89529067767e-06 7.58577683775e-07 9.15215393172e-07 3.95790688058e-06 1.63429945436e-07 1.64653968725e-06 1.7430796004e-06 1.16707960961e-07 8.85391855132e-07 1.30101837142e-06 8.56665794541e-07 4.5391514593e-07 5.42962445244e-07 8.64942231139e-07 1.37063748008e-06 4.56928423929e-07 6.94092055611e-07 5.33737194983e-07 3.23330655046e-08 2.34484213776e-07 2.7883108886e-07 7.32060985142e-07 3.25562560652e-07 7.0267724845e-07 1.69136954886e-07 3.9663037671e-07 1.30447527383e-06 3.30918150516e-07 1.95890625606e-07 1.16401214025e-06 6.76913352054e-07 1.00143403653e-06 1.41488332642e-06 3.592995646e-06 1.50591012512e-06 1.27045990801e-06 1.77641402888e-06 2.65456292181e-07 2.15680509273e-06 8.51767124872e-07 5.07923987807e-07 1.94995197656e-06 4.08686951995e-07 1.0941541375e-06 1.12243592634e-06 3.4573783381e-07 1.80706309944e-06 5.20352885475e-07 8.66872315291e-07 2.10747374957e-06 1.97665131513e-07 1.47467417897e-06 8.52341121348e-07 1.08609102411e-06 2.81753563988e-06 8.05875740147e-07 9.44549199743e-07 4.51854961232e-07 8.05540604007e-07 1.61722331252e-07 2.2289537194e-07 1.20585559977e-06 3.79571273023e-07 1.46782618241e-07 8.39798419523e-07 3.19260791327e-07 9.29388875829e-07 4.38542572916e-07 3.48166284554e-07 3.7501728886e-08 2.47192302373e-07 3.05314235716e-07 9.07782648233e-07 1.96682566979e-07 7.36015275727e-07 8.45674693635e-08 2.39478246854e-07 9.2128402031e-07 5.54528989375e-07 2.36450654128e-07 1.80836629637e-06 7.86292377903e-07 4.66612163048e-07 2.00956725261e-06 1.02493603813e-06 3.4290097478e-06 1.58044917062e-06 1.04227501935e-06 9.87754971246e-07 6.49580499366e-07 1.17243140604e-06 1.21325441673e-06 8.24506129938e-07 9.37052974014e-07 4.37368442923e-07 1.44814167926e-06 4.54814138804e-07 8.40592410716e-07 7.95194850373e-07 1.0566346034e-06 1.1657010586e-06 5.78239551006e-07 6.98976817262e-07 9.47046196353e-07 9.53348834885e-07 2.80891554456e-06 6.62331113423e-07 1.24478935056e-06 3.00009100975e-07 7.23035999544e-07 1.55295527894e-06 2.48316571435e-07 4.94168606698e-07 1.01235814013e-06 2.39022306442e-07 4.98513598596e-08 9.25099117442e-07 2.15524245739e-07 1.24696633588e-06 4.57894340883e-07 3.71610399863e-07 2.56468010165e-07 3.75264143998e-07 1.03424545229e-06 4.68766629099e-07 8.00886669123e-07 3.81690436907e-07 6.35317123817e-07 1.25123050234e-06 5.06039745283e-07 2.03105543368e-07 1.75955278912e-06 1.66827705292e-06 9.40863844848e-07 1.89242054354e-06 2.23347650209e-06 1.26699760902e-06 6.34747243098e-06 2.38625001765e-06 1.50333102896e-06 3.92465146526e-06 3.85885241161e-07 2.07132620516e-06 2.78042321097e-06 3.38204604903e-07 3.36756593881e-06 9.01262295682e-07 9.05315125627e-07 3.34044509087e-06 3.34556764279e-07 2.44317729896e-06 1.91075370585e-06 3.28138302334e-07 3.23517831343e-06 1.14845563886e-06 1.31422567374e-06 4.82103942779e-06 6.64917964774e-07 1.82976849457e-06 1.79716533345e-06 6.45116638937e-07 1.45124256697e-06 1.63320059674e-06 1.57370477326e-07 5.08598297147e-07 1.28907004402e-06 7.30402638743e-07 5.14034718705e-07 8.65164966736e-07 5.69987765947e-07 1.38613026707e-06 5.38254235061e-07 3.47003498447e-07 1.58730686991e-07 5.11913014652e-07 9.46368692863e-07 3.64244833316e-07 4.54999697831e-07 1.39883823752e-07 4.20683472559e-07 1.38394505863e-06 3.10190939663e-07 3.38415256165e-07 1.77703261816e-06 9.25964811355e-07 8.05954029633e-07 1.0968148168e-06 1.24353034452e-06 2.32928379341e-06 1.85014454261e-06 5.0323054892e-06 1.30005220493e-06 2.13400497349e-06 1.68679060191e-06 6.61673547772e-07 2.59659900262e-06 8.07213012296e-07 6.63883311156e-07 2.66852425986e-06 4.6370409576e-07 2.52354005659e-06 6.5057834072e-07 6.60023223143e-07 2.4474813777e-06 4.82499315536e-07 1.37357888014e-06 1.73535551845e-06 6.84973539533e-07 3.94195619823e-06 1.06264679842e-06 2.01052271459e-06 9.50044584455e-07 8.69014353197e-07 7.61872284766e-07 7.33010731851e-07 1.66670415028e-06 4.07212248355e-07 2.73010400347e-07 1.55981788966e-06 4.24831216153e-07 1.3951343905e-07 5.47689640723e-07 4.83351531947e-07 1.20850789723e-06 6.91688992553e-07 2.06482641091e-07 1.51444980901e-07 3.81402044145e-07 7.21292884576e-07 2.71892064774e-07 5.99816721197e-07 3.32654888702e-07 2.74657909287e-07 8.29840620478e-07 3.87111169239e-07 5.07209191264e-08 1.1214100688e-06 9.30224477566e-07 4.93129217351e-07 1.56609895415e-06 7.47717030697e-07 6.27967065803e-07 2.80855382595e-06 7.86731993293e-07 3.32430757828e-06 2.3312209448e-06 7.29483549075e-07 1.45696718536e-06 5.03539262814e-07 7.72984841192e-07 1.57578143625e-06 8.94431343275e-07 7.27147803681e-07 7.59432258766e-07 7.80194968007e-07 1.45950774849e-06 7.03351143644e-07 3.8377848916e-07 1.34639485672e-06 5.22438298166e-07 1.48427373058e-06 2.85160106926e-06 3.95414828912e-07 2.48584325202e-06 4.05353677942e-07 5.14680262535e-07 1.31969854617e-06 4.04283881671e-07 8.92543120931e-07 1.05708000057e-06 2.79798307586e-08 4.52211978325e-07 9.33980927998e-07 2.18953053274e-07 4.02904680907e-07 7.57796354293e-07 3.33598262481e-07 9.3947787808e-07 4.89680532415e-07 1.78915641213e-07 6.19920563142e-07 1.48669555541e-06 3.68665375747e-07 1.01442664491e-06 3.72305930496e-07 4.39887118055e-07 1.76076606592e-06 5.65746853599e-07 4.372437293e-07 1.92908149231e-06 1.66910122166e-06 9.75060942538e-07 1.85712268008e-06 2.10290845852e-06 1.81644232752e-06 2.73581071579e-06 4.12626903638e-06 1.92538275906e-06 8.75748823738e-06 2.19308075175e-06 1.94725108861e-06 4.89549655461e-06 6.05767871282e-07 3.4606894424e-06 3.83475838557e-06 7.20294481552e-07 5.9279587275e-06 7.72620552803e-07 3.47712415498e-06 3.36797967297e-06 5.73590504815e-07 4.17287522291e-06 1.5432097121e-06 1.47976191649e-06 6.86443603305e-06 1.22073879021e-06 3.63800668396e-06 2.1591939185e-06 1.4995743555e-06 1.82986507654e-06 1.77285594354e-06 1.00381330404e-06 1.55763081305e-06 1.89259574302e-06 4.30195979265e-07 6.24670948779e-07 1.86081087078e-06 5.0771618313e-07 4.31443144453e-07 1.26609007191e-06 4.67454143792e-07 1.94594108418e-06 7.53536352691e-07 1.51233231891e-07 6.26518302378e-07 1.92883317673e-07 5.63453880896e-07 1.59887200422e-07 4.98722183322e-07 7.76449186032e-07 4.13257448613e-07 1.97180651061e-07 1.08394534498e-06 5.96249481397e-07 2.36559562143e-07 8.55294086694e-07 7.31910603984e-07 1.08304843523e-06 1.23042061243e-06 1.26456564997e-06 1.56466172169e-06 1.72106997882e-06 3.09505045225e-06 1.44852426545e-06 1.4572914207e-06 1.0434930181e-06 3.03420279367e-07 2.33624645298e-06 9.34937095977e-07 1.06431373626e-06 9.95060883455e-07 9.05201509197e-07 2.28499624601e-06 2.95287370349e-07 7.45544233813e-07 1.21139539289e-06 9.72740114722e-07 2.77778915029e-06 1.1550317543e-06 1.08757266445e-06 1.03332242419e-06 8.90537683399e-07 9.40996369377e-07 7.11508311667e-07 8.76486632322e-07 1.54731412904e-07 4.72640836315e-07 1.1164131351e-06 1.5131247026e-07 4.94073501766e-07 7.49925435471e-07 5.76677338828e-07 1.73491510461e-07 6.4888524286e-07 2.65810176452e-07 8.38633500598e-07 1.90224532166e-07 1.54107987702e-07 8.79377142103e-07 1.7928308117e-07 8.07866799198e-07 9.7814468378e-08 3.47926769728e-07 1.08707642149e-06 2.38739208786e-07 3.234789045e-07 1.19111121818e-06 1.17483595817e-06 4.12912452861e-07 9.1902570776e-07 1.10785377618e-06 1.03640436729e-06 2.07027126162e-06 1.36771009741e-06 9.42499797246e-07 3.42029131004e-06 9.58595832435e-07 4.40809796945e-06 2.73085087033e-06 8.64176203551e-07 2.60951786741e-06 7.71549390866e-07 1.0641235927e-06 2.72614447325e-06 3.26891081644e-07 2.88912194302e-06 1.00585115618e-06 7.29213271786e-07 2.53911565005e-06 7.05063727012e-07 1.6188946117e-06 3.80124504234e-06 5.07940924016e-07 2.91271517778e-06 8.62150924736e-07 1.09952135289e-06 1.90475943363e-06 8.8614766344e-07 9.53801322583e-07 7.46424178152e-07 3.81864948383e-07 1.18671016494e-06 1.25977256168e-06 3.11452139795e-07 2.30364973295e-07 1.12491221639e-06 4.4725230416e-07 1.30167545338e-07 9.78509531523e-07 2.52838679847e-07 1.14660975198e-06 1.73146520385e-07 1.29068122704e-06 3.10966242318e-07 1.3033937001e-06 1.16410827862e-07 6.32896134787e-07 1.35951382223e-06 4.98923471227e-07 3.75171792049e-07 1.72749622297e-06 1.28518144476e-06 6.26770876375e-07 1.31918687558e-06 1.64969353968e-06 1.61211300345e-06 2.30388075564e-06 2.37865206926e-06 1.48625149172e-06 3.15774637448e-06 3.01714548046e-06 2.15183670371e-06 8.4455033517e-06 2.27774212344e-06 2.77899875158e-06 5.30988825398e-06 5.17131368737e-07 4.89639466969e-06 1.41570477623e-06 1.2563991744e-06 4.80245263963e-06 5.24702962041e-07 4.59409394128e-06 2.25223606813e-06 1.51468297545e-06 6.80628076503e-06 1.30155109098e-06 2.51838569676e-06 2.5280811885e-06 1.27882155299e-06 2.2903154739e-06 1.90916088623e-06 1.44830115431e-06 1.52465790755e-06 1.2956200648e-06 5.9794691764e-07 1.29098593412e-06 1.66220816331e-06 3.84588571438e-07 5.11999553249e-07 1.54226003828e-06 7.32380798393e-07 1.38519918398e-07 1.53130485254e-06 4.3967509186e-07 1.63103271369e-06 3.55422076392e-07 2.39925807895e-07 4.73389984864e-07 5.15962334016e-08 2.04445256381e-07 7.65197804657e-07 2.53557431322e-07 1.20787588371e-07 6.99674248287e-07 5.80248785462e-07 3.37454885125e-07 8.29648669114e-07 6.94820105291e-07 6.45643270955e-07 1.42380044054e-06 4.9131959349e-07 1.0043928796e-06 1.11649870627e-06 7.80141681661e-07 1.58430358402e-06 1.35899301599e-06 3.22331226896e-06 1.80462007846e-06 1.7487072703e-06 1.28193623601e-06 8.61236007226e-07 7.47906415684e-07 1.93915298778e-06 7.26228844685e-07 8.76093664307e-07 1.12982362149e-06 1.63635034485e-06 1.19451044677e-06 2.9531397766e-06 8.54798016678e-07 1.36967221373e-06 5.18722452252e-07 1.05419032871e-06 9.1453991243e-07 2.78891305748e-07 1.35919666282e-06 6.53961111603e-07 5.7251046329e-07 8.4810413228e-07 2.55760549768e-07 6.45375226611e-07 7.14301671912e-07 7.14082714686e-08 2.55736712554e-07 8.88103752128e-07 2.04329407589e-07 5.97394688093e-08 5.30856667013e-07 3.76835928774e-07 4.51693449374e-07 6.77873542369e-07 3.72776789141e-07 1.21154129078e-06 1.2521723605e-07 5.87051282612e-07 1.42829801344e-06 3.81841174732e-07 4.90847476953e-07 1.65715481145e-06 1.00080156316e-06 8.49669394985e-07 1.08192558047e-06 1.73108378526e-06 1.13074603971e-06 1.73066699444e-06 2.01116453237e-06 1.25695610269e-06 3.92625250651e-06 1.67367301056e-06 1.81497123642e-06 5.44790104751e-06 1.28062585509e-06 8.81474110042e-06 4.58391079216e-06 1.33259419744e-06 7.29734936102e-06 5.15234321005e-07 4.67019189791e-06 4.17730324153e-06 5.54869722483e-07 7.04698999526e-06 1.0123730556e-06 3.07490095191e-06 7.25960640008e-06 8.58034285617e-07 4.87161039555e-06 1.63202675526e-06 1.29569921918e-06 3.61073551804e-06 1.07121071441e-06 1.96034385304e-06 1.49361692189e-06 1.03694579004e-06 1.60337773988e-06 1.05448141363e-06 9.38657339057e-07 9.91026138219e-07 1.57869955006e-06 6.09644355603e-07 3.94840485444e-07 1.56684211055e-06 6.79524958051e-07 1.77417113831e-07 1.49397426865e-06 4.78821906084e-07 7.99097839611e-07 8.53447003773e-07 1.39244684609e-06 2.10638200288e-07 4.61765392803e-07 1.74540226604e-06 6.80957693078e-07 3.30350610485e-07 1.81266432189e-06 1.76761557803e-06 5.55925877118e-07 1.65700927628e-06 1.63686373688e-06 1.52986677032e-06 2.3470772904e-06 1.60725084803e-06 1.73873515705e-06 3.49508594299e-06 2.47586963556e-06 2.07054868217e-06 3.63286598822e-06 3.46487117314e-06 3.27438861028e-06 1.03574148773e-05 2.21875994321e-06 4.5178881641e-06 2.63834526455e-06 1.72598347915e-06 4.76578950305e-06 1.65054661504e-06 2.47755007026e-06 3.77612177694e-06 1.61166460026e-06 8.64052815195e-06 2.16980492635e-06 3.30783540469e-06 2.9663960073e-06 1.71356814348e-06 2.11039927177e-06 3.08308678e-06 1.71524215263e-06 1.412203981e-06 2.30048803461e-06 1.40379370578e-06 1.6071434455e-06 1.64673249986e-06 4.87044269402e-07 1.75250821065e-06 2.0208309497e-06 3.60707374894e-07 6.92788876166e-07 2.07321636055e-06 6.00843543288e-07 2.87782480679e-07 1.67161589919e-06 1.06720549321e-06 2.64416767984e-07 4.90179425467e-07 7.32416916281e-08 1.66989328285e-07 6.53444558066e-07 2.08857976774e-07 1.12310749144e-07 7.66393338079e-07 6.77889498757e-07 3.21004286353e-07 6.37401371025e-07 6.49886884723e-07 5.65224137466e-07 1.0337024913e-06 8.37003290893e-07 6.80359326038e-07 1.65051045234e-06 7.65344171442e-07 1.25710877465e-06 1.56335438112e-06 1.14581030631e-06 2.42609219669e-06 2.45065643343e-06 2.90543833139e-06 2.58286355833e-06 8.48038201697e-07 2.71872208033e-06 9.21388020407e-07 8.92396045075e-07 2.56416103031e-06 7.67505477316e-07 1.90886568447e-06 2.92872915832e-06 1.66919349742e-06 2.07590888626e-06 9.67777225892e-07 1.43738837519e-06 1.06462021758e-06 7.23401072129e-07 1.46846914748e-06 7.047446511e-07 6.87091320824e-07 1.08054860899e-06 4.78159205824e-07 6.01986062029e-07 7.04175235984e-07 3.63637652256e-07 6.49763203702e-07 8.01826118308e-07 1.24709333137e-07 1.89317480766e-07 7.90425260375e-07 2.30764343312e-07 7.8631285653e-08 5.52476845978e-07 3.08642259293e-07 3.14455951854e-07 9.38746273833e-07 3.1059609779e-07 4.83265379114e-07 2.21946660043e-06 9.59716598568e-07 1.90808766935e-07 2.58470807987e-06 1.91153153098e-06 6.13718975176e-07 2.50186906808e-06 1.57054475492e-06 2.34431129514e-06 2.36679716027e-06 2.7246711847e-06 1.29665712903e-06 4.23179546709e-06 1.99977341588e-06 2.72228394856e-06 5.78339380906e-06 2.78205404608e-06 4.98349245575e-06 9.1952252088e-06 1.73599623586e-06 1.55921487603e-05 2.72971022374e-06 4.74907013587e-06 8.98777872663e-06 6.00294122753e-07 8.70841570054e-06 4.03992928845e-06 1.90710741574e-06 1.28643278017e-05 9.42960523269e-07 7.90886625524e-06 4.64029162917e-06 2.62012102447e-06 5.19700179312e-06 2.50839519161e-06 1.88309754707e-06 3.99671260222e-06 1.07447434751e-06 2.7940242945e-06 2.31969314505e-06 2.30424530038e-06 1.6549293762e-06 2.51233528102e-06 5.95489940782e-07 2.09545188599e-06 2.69696502834e-06 2.07027080916e-07 1.07303227124e-06 2.53020158563e-06 6.06959865836e-07 3.93597552625e-07 1.14960896068e-06 3.49346425959e-07 3.24816411556e-07 1.66164441595e-07 2.14322856918e-07 8.69537988833e-07 2.49514709643e-07 7.25085393559e-08 6.90979940382e-07 5.46802759616e-07 2.70542197263e-07 5.83601317287e-07 6.57965134425e-07 5.56464710496e-07 6.90639202972e-07 7.03803546646e-07 7.26085599905e-07 1.22752714593e-06 5.12545572359e-07 9.03108737832e-07 1.47449339372e-06 9.15040153434e-07 1.61379468169e-06 2.19299093903e-06 1.18149769475e-06 2.18989290993e-06 2.98308471399e-06 2.43241539435e-06 2.00744354823e-06 1.09727777259e-06 1.09968573011e-06 1.7821410383e-06 1.79961655745e-06 3.03705627511e-06 1.60529680527e-06 1.30722637884e-06 1.85814915685e-06 1.58616254539e-06 8.75207485246e-07 1.36172052581e-06 9.31346968369e-07 3.82447816762e-07 1.18370205532e-06 7.49395879765e-07 5.12654949402e-07 7.32282927148e-07 4.50287136184e-07 7.23623416877e-07 5.30250369788e-07 4.06226269413e-07 7.11049598138e-07 6.85353222532e-07 5.44812341962e-08 2.61245325924e-07 9.96757850437e-07 2.58690288643e-07 2.08678072874e-07 4.15348121954e-07 3.49935973207e-07 9.51808759882e-07 2.61497550726e-06 5.58739129636e-07 1.95371431654e-07 1.93007548122e-06 1.52381571332e-06 8.32465509199e-07 1.73826877758e-06 1.67495836287e-06 1.99253927603e-06 1.977237464e-06 2.39800021313e-06 1.60658029943e-06 4.02584464177e-06 1.44118681392e-06 2.0238458746e-06 4.7436314943e-06 2.18448281665e-06 5.7707005138e-06 4.92524984679e-06 1.98742846965e-06 1.00124457406e-05 2.10884435661e-06 1.2522833853e-05 6.54692107036e-06 1.37879741461e-06 8.27358755497e-06 1.33967437098e-06 5.09987242822e-06 1.1091700669e-05 1.22792395068e-06 8.85007697632e-06 1.76314253055e-06 4.83082636425e-06 4.86746310849e-06 2.10398214146e-06 4.58187386864e-06 1.95560783502e-06 1.39202910128e-06 3.74938882433e-06 1.55351722635e-06 2.26117241657e-06 2.00113648154e-06 1.81578698928e-06 1.71108164129e-06 1.78606171379e-06 9.02995130897e-07 1.57661403196e-06 1.98765201309e-06 2.4230753455e-07 6.67919003968e-07 3.00398385191e-06 1.12196828984e-06 3.91037880906e-07 9.35619877261e-07 2.20570726682e-06 4.39564184816e-07 1.51026668624e-07 1.50631213689e-06 9.87435743504e-07 6.57032720361e-07 1.51688467715e-06 1.37923459223e-06 1.38059714668e-06 1.77003292602e-06 1.67840425005e-06 1.49930440367e-06 3.25569787894e-06 1.45300861519e-06 1.86457232112e-06 3.63853498071e-06 2.11925042173e-06 4.11617853087e-06 5.33526909562e-06 1.82937851131e-06 5.76852583151e-06 3.27358538925e-06 4.11603132826e-06 1.27518307363e-05 1.96051190241e-06 4.88560618995e-06 4.68127274457e-06 1.36163511363e-06 1.09808427078e-05 3.02432424798e-06 3.0483999807e-06 5.40629956055e-06 1.69690154256e-06 4.99480505932e-06 4.11022677494e-06 2.04572183878e-06 3.46648438466e-06 1.89498652969e-06 1.40770948178e-06 3.30078138768e-06 1.34293400632e-06 1.71539439041e-06 1.49107639223e-06 1.4206267315e-06 1.37796436353e-06 1.47774769594e-06 7.30702161512e-07 1.07224812879e-06 1.69371370832e-06 1.60022747987e-07 4.84869044123e-07 2.39082407202e-06 1.00379412282e-06 7.638278667e-07 2.60439973214e-07 9.44706293686e-08 8.25713149372e-07 4.15690261398e-07 1.6746446551e-07 7.26548097219e-07 7.27115562617e-07 5.29818035433e-07 7.45610346668e-07 8.38527151247e-07 4.55098550653e-07 1.17075640459e-06 5.24629447159e-07 6.8845131092e-07 1.11740015673e-06 4.62564968711e-07 1.4933661809e-06 1.6775161775e-06 9.10991256372e-07 1.72350094279e-06 8.74053971339e-07 3.5755032467e-06 2.0337649866e-06 2.71634278773e-06 2.88387154201e-06 1.36570428309e-06 2.40488087753e-06 3.01223157413e-06 1.48226515266e-06 3.38410550746e-06 8.22092297709e-07 1.64034687076e-06 7.22922457443e-07 1.71103007586e-06 1.42110534196e-06 4.95420762565e-07 9.67414056893e-07 6.99964365533e-07 5.00115527452e-07 1.22971388012e-06 3.5154070584e-07 7.68959459853e-07 6.56710921675e-07 5.18478930488e-07 7.16846956464e-07 7.30640550301e-07 1.27646425771e-07 5.40360879232e-07 9.26421487932e-07 1.44605460065e-07 3.11502815271e-07 8.92554117737e-07 2.27146672619e-06 3.55781522391e-07 3.67654162533e-06 2.01806742788e-06 1.3090148366e-06 1.68032902477e-06 1.63905213551e-06 2.09949624383e-06 2.23041871588e-06 1.70943469452e-06 2.41498043514e-06 2.71695926448e-06 2.53150846905e-06 2.42385494798e-06 4.95440953847e-06 2.01385229882e-06 3.97770669656e-06 4.70544228521e-06 2.58099907742e-06 8.83888935231e-06 2.23978864363e-06 6.02370959034e-06 1.07156893289e-05 1.72630224946e-06 1.81475258372e-05 5.23430613939e-06 4.31465492016e-06 1.58832637882e-05 1.19772280755e-06 1.01543703015e-05 5.39686664626e-06 2.00886488363e-06 8.71207548367e-06 2.44000777651e-06 4.61629371652e-06 3.84534022938e-06 2.05391621261e-06 4.85751645811e-06 2.51009763759e-06 2.52182871619e-06 2.8553739551e-06 2.37964366821e-06 1.66777237466e-06 2.21129918115e-06 2.13474886081e-06 1.72841401797e-06 1.75454200143e-06 1.38240727283e-06 2.11976901491e-06 3.82144583226e-06 3.64216463511e-07 2.54253613244e-06 5.37421635916e-07 2.05155301778e-06 8.45615738087e-07 4.77436088929e-07 9.771034939e-07 8.76803507585e-07 1.18673903462e-06 1.44685315532e-06 1.25810898942e-06 9.46914921399e-07 2.66570212928e-06 1.21295133499e-06 1.4895475996e-06 2.83601246245e-06 1.17714605835e-06 2.47254937633e-06 2.58119712487e-06 1.42816880174e-06 4.06499390707e-06 1.97898613725e-06 3.94039643062e-06 3.79246844988e-06 2.39377879136e-06 5.27412061883e-06 7.34336887298e-06 3.49823609086e-06 7.81067728211e-06 4.0339192719e-06 2.60894130715e-06 3.48714668748e-06 3.76128209245e-06 1.84450229492e-06 4.06937813353e-06 1.25223686092e-06 2.4311192431e-06 2.37364018548e-06 1.18776667181e-06 2.48961772355e-06 1.39947352812e-06 9.62076465709e-07 2.83302242514e-06 8.93315293847e-07 1.42660678467e-06 1.45629459872e-06 1.11421859494e-06 9.00424718815e-07 1.05619834979e-06 5.77124396218e-07 8.81106483932e-07 2.19336677896e-06 5.75378464863e-07 5.94115230404e-06 1.00607041262e-06 5.07859844146e-07 1.61278686077e-06 1.44469793686e-06 1.33385645235e-06 1.84872955942e-06 1.64810980129e-06 1.3027645903e-06 2.64785824844e-06 1.93756355738e-06 1.28735894752e-06 3.16094590991e-06 1.1009741471e-06 3.32528683007e-06 3.29723250608e-06 1.94751676613e-06 5.55680004924e-06 1.98381803543e-06 6.72957048376e-06 4.35421598545e-06 2.09594889335e-06 1.0178638899e-05 2.9757229955e-06 9.74530652185e-06 1.13368321481e-05 2.25791015879e-06 9.79702274518e-06 1.95391525059e-06 4.32282505831e-06 6.06617936115e-06 1.9187533305e-06 5.29792249629e-06 1.91407433189e-06 3.30161993262e-06 3.14449833203e-06 1.26203379412e-06 2.82495184481e-06 1.40573578794e-06 1.85003310048e-06 2.75595722554e-06 1.41600020984e-06 1.73431509908e-06 1.93750058e-06 1.09693082478e-06 1.34108679048e-06 1.68315059564e-06 6.09360978575e-07 1.12699247767e-06 6.33961701789e-06 7.37950797004e-06 6.20560438757e-07 2.70630814627e-06 1.63473826012e-06 1.45000237618e-06 1.94538586237e-06 2.14940515635e-06 1.5520183243e-06 3.7101337248e-06 1.98664053854e-06 2.28294723616e-06 3.35835634404e-06 1.72026882534e-06 4.06450524066e-06 4.79631198403e-06 2.6211882776e-06 6.10661732208e-06 2.30440526538e-06 7.31808593497e-06 7.35352915881e-06 2.30170698225e-06 8.21990456039e-06 7.27326070431e-06 4.33170172294e-06 2.36661863481e-05 4.33170172294e-06 7.27326070431e-06 8.21990456039e-06 2.30170698225e-06 7.35352915881e-06 7.31808593497e-06 2.30440526538e-06 6.10661732208e-06 2.6211882776e-06 4.79631198403e-06 4.06450524066e-06 1.72026882534e-06 3.35835634404e-06 2.28294723616e-06 1.98664053854e-06 3.7101337248e-06 1.5520183243e-06 2.14940515635e-06 1.94538586237e-06 1.45000237618e-06 1.63473826012e-06 2.70630814627e-06 6.20560438757e-07 7.37950797004e-06 2.53480058378e-06 1.93396497155e-06 1.19709801825e-06 1.23764846455e-06 1.37626608824e-06 1.08564186898e-06 1.13218295854e-06 2.44252687371e-06 9.55069158443e-07 1.41054418907e-06 2.93479774715e-06 9.52606658936e-07 2.51475378034e-06 2.58901832028e-06 1.55321963307e-06 3.55962551802e-06 1.21600773361e-06 4.68034081924e-06 3.2246143931e-06 2.10011752314e-06 4.74433365187e-06 3.59866753627e-06 4.70590302436e-06 8.49332834511e-06 6.76302106439e-06 5.78079297177e-06 3.64144404514e-06 5.01862012462e-06 1.91187957082e-06 3.44202458959e-06 4.27397623267e-06 1.21278166889e-06 3.48565981099e-06 1.41363506155e-06 2.3035751045e-06 2.77985827036e-06 9.69192853973e-07 3.13343768429e-06 1.37255355226e-06 9.1451663004e-07 2.39013621391e-06 1.01844810365e-06 1.08125316841e-06 1.30746077346e-06 1.25620721322e-06 1.06799469452e-06 1.9820508809e-06 2.39715091221e-06 1.41157258929e-05 3.48881336201e-06 2.46190275552e-06 3.88922004454e-06 2.29877819465e-06 1.97399069785e-06 4.73281345417e-06 2.35105643953e-06 2.54513638553e-06 3.77502110446e-06 2.87259919138e-06 3.52990425911e-06 6.29132555632e-06 2.73052974166e-06 8.1825248004e-06 2.65201996139e-06 8.06886430143e-06 7.30652737143e-06 3.66992309344e-06 1.18714292159e-05 5.6637268139e-06 6.64990116143e-06 2.16602694805e-05 3.30625365285e-06 2.42736705291e-05 7.6474954803e-06 6.46532316472e-06 1.27110832775e-05 3.51582774126e-06 8.02987920228e-06 7.92548536005e-06 2.74781355187e-06 8.25966857131e-06 2.80082552689e-06 6.25154382151e-06 3.75494465957e-06 2.91844557448e-06 3.95521790512e-06 2.46749575706e-06 2.29948529487e-06 4.83260618091e-06 2.00799817538e-06 2.21687314554e-06 3.84207065773e-06 2.36518580717e-06 3.24588590619e-06 1.28186524719e-05 8.07965644749e-06 1.85024867776e-06 3.25254790603e-06 1.92388265317e-06 1.57845574826e-06 2.78301668221e-06 1.63160100266e-06 2.16444790971e-06 2.84873749519e-06 1.53480334784e-06 3.56555080581e-06 3.35850683487e-06 1.81813322733e-06 5.69602538022e-06 1.94341958132e-06 5.98248740715e-06 4.00167173855e-06 2.62653685249e-06 6.73372230605e-06 5.18728571612e-06 4.1290394978e-06 1.21468349556e-05 5.66715611627e-06 7.06846755043e-06 1.09645839773e-05 5.71350789047e-06 5.16346300425e-06 7.27782891712e-06 2.48901858232e-06 4.22863431711e-06 5.63524346375e-06 1.98304540213e-06 5.39899739897e-06 1.76062289342e-06 3.10916940581e-06 3.95501400679e-06 1.47756703067e-06 2.93426246531e-06 2.14090614476e-06 1.66191684388e-06 2.68085838357e-06 1.45959908703e-06 1.80847941758e-06 3.13261192382e-06 1.7544004893e-06 6.98544886843e-06 1.05670467312e-05 5.31376673589e-06 4.14012675945e-06 2.88355966486e-06 3.47300922032e-06 1.51352903848e-06 2.08332963353e-06 3.67521068009e-06 1.53941743292e-06 2.73451355982e-06 5.75356223133e-06 1.4920526648e-06 6.07491270136e-06 1.67773908366e-06 6.38328324808e-06 4.55227406957e-06 2.49067632818e-06 7.80909323454e-06 5.15394260105e-06 5.82985777495e-06 1.39191124327e-05 3.2805760756e-06 1.4360512389e-05 3.85839861138e-06 1.50956790538e-05 7.24022835935e-06 5.7231064486e-06 8.97017831055e-06 2.29303914798e-06 5.30577310514e-06 6.13744696418e-06 2.04882350985e-06 6.15109817372e-06 1.78728679156e-06 5.73982049522e-06 3.09098579936e-06 1.4423952247e-06 3.97405214534e-06 2.01003919305e-06 1.51367332318e-06 3.61271737941e-06 2.71604874056e-06 3.81152413967e-06 4.5943222058e-06 7.95036927542e-06 2.00977777728e-05 6.52931635213e-06 3.87540151305e-06 5.95146681663e-06 2.22111151518e-06 2.8159394644e-06 4.56970817978e-06 3.06610406313e-06 4.13155134308e-06 5.66510391788e-06 2.72252392543e-06 7.163756937e-06 2.26141507408e-06 8.09027989932e-06 6.24239108127e-06 3.24033280735e-06 8.49225509828e-06 6.85135528138e-06 7.67769491429e-06 1.88904106918e-05 5.14551237156e-06 1.19221109231e-05 1.06759894681e-05 7.12892872564e-06 1.83173282962e-05 9.46336839886e-06 7.16232811689e-06 9.50211790603e-06 3.16008059503e-06 6.58609194165e-06 7.71933104147e-06 2.55574421268e-06 6.92929824416e-06 2.83763618977e-06 5.38080295125e-06 4.31005096925e-06 3.14605611401e-06 4.69067887626e-06 2.54631838654e-06 2.1573120947e-06 5.34181373586e-06 3.379963224e-06 5.33791721886e-06 1.60948164146e-05 1.65515405926e-05 4.44723583147e-06 7.91461210731e-06 3.17731984293e-06 3.82139968492e-06 4.41447257748e-06 2.96250396108e-06 6.04405141652e-06 5.2406626171e-06 2.18284619033e-06 8.35815531181e-06 2.02440898348e-06 8.12817960895e-06 5.88275881606e-06 3.57571378842e-06 8.63122267754e-06 5.39370014986e-06 7.53094216115e-06 1.73038053593e-05 4.637303811e-06 1.19058585677e-05 5.41727298386e-06 1.23662374395e-05 5.79724986405e-06 1.82132068023e-05 9.40544820276e-06 6.12295199305e-06 9.45731453546e-06 3.49882631527e-06 6.61776719755e-06 7.92835247392e-06 2.39477169071e-06 8.14042048331e-06 2.51882839129e-06 5.04516359685e-06 5.9861217155e-06 2.59102239709e-06 4.36949404026e-06 3.56019947857e-06 2.71694767879e-06 6.57696073203e-06 3.51485002612e-06 1.19977865928e-05 1.43078860968e-05 1.04567446081e-05 4.5807111495e-06 3.74364184713e-06 5.67132796141e-06 2.92139711866e-06 6.30717792887e-06 6.82094629573e-06 2.2792772984e-06 8.08166067147e-06 2.64520888272e-06 7.35282729671e-06 5.7149169492e-06 3.50185631001e-06 1.07563223747e-05 5.8730188754e-06 7.36829498499e-06 1.88571626474e-05 5.8202949838e-06 1.393182306e-05 6.82692827003e-06 7.9630052126e-06 1.34315192192e-05 7.69540076208e-06 1.83536505919e-05 9.34565332038e-06 6.15335944256e-06 1.19833929704e-05 3.4060020993e-06 6.66035700881e-06 6.96128623898e-06 2.93624663959e-06 7.90189353068e-06 2.14647191991e-06 6.66139893564e-06 5.88461696666e-06 2.50434088635e-06 5.30459196429e-06 3.39273621741e-06 3.94503082772e-06 8.30158798508e-06 1.03683636802e-05 2.89090853862e-05 6.21107533573e-06 5.84575535746e-06 7.38451346527e-06 4.14978533654e-06 6.06982968661e-06 7.43337991687e-06 3.64098715203e-06 8.88813298705e-06 2.41544366405e-06 1.12596897631e-05 6.16626792667e-06 3.99051910757e-06 1.05874467306e-05 7.80928300624e-06 6.8377280719e-06 1.95985025579e-05 5.19252078566e-06 1.45900299122e-05 6.84248762492e-06 1.05361252123e-05 7.52531443231e-06 1.48695750576e-05 6.63821258087e-06 2.07733027561e-05 8.77589110795e-06 8.70309170438e-06 1.16515751456e-05 3.90984953662e-06 7.22996652719e-06 1.12912658838e-05 2.56490652176e-06 8.58265277555e-06 3.51525322159e-06 7.20487893443e-06 5.55522233578e-06 3.87632082878e-06 6.03311559577e-06 4.56721286754e-06 4.9629611958e-06 1.9381009352e-05 1.50420493765e-05 6.86880318581e-06 9.4683653452e-06 4.10649332971e-06 5.42603594623e-06 6.06081873093e-06 3.53925685573e-06 8.3008106102e-06 2.89672781306e-06 7.09201560038e-06 7.43548018236e-06 2.9291104694e-06 9.75598932254e-06 6.61515161287e-06 8.94095455814e-06 1.73099489971e-05 5.68034539341e-06 1.3805034592e-05 7.42114663887e-06 9.46283321531e-06 8.76968331712e-06 8.47076059383e-06 1.36061010766e-05 7.68173282904e-06 1.62506879676e-05 1.09794149369e-05 6.69855719995e-06 1.1006980202e-05 2.69563865028e-06 8.4297679957e-06 6.78031851792e-06 2.80688303662e-06 8.12816116729e-06 3.03152076517e-06 5.51772528816e-06 4.95885662518e-06 3.48507272599e-06 7.45807674139e-06 4.9861022316e-06 9.3706522921e-06 2.4499156882e-05 1.47464463129e-05 6.939864128e-06 9.48771137405e-06 1.02837369387e-05 4.71079821362e-06 1.25989262621e-05 4.62975295285e-06 1.12540946988e-05 8.53221435383e-06 6.0143482117e-06 1.12374399026e-05 1.00471325262e-05 1.09076706857e-05 2.57083995825e-05 6.20367389339e-06 1.74314137505e-05 9.34752194799e-06 1.23159162634e-05 1.31225572977e-05 1.23168607012e-05 1.0113238734e-05 1.82640733045e-05 7.5887343424e-06 2.67102346383e-05 1.28707693742e-05 1.09937684792e-05 1.20517636926e-05 6.02843806545e-06 9.36403004473e-06 1.10284888008e-05 4.21729385128e-06 1.21914371566e-05 4.09722642381e-06 8.90807899546e-06 8.18123839211e-06 5.73078382817e-06 1.11433346568e-05 1.52539795848e-05 3.9990167146e-05 7.36918786334e-06 1.18671510334e-05 1.17656479699e-05 4.15952071578e-06 1.07893566387e-05 4.8410870467e-06 1.11317407817e-05 9.09579884006e-06 4.02679831891e-06 1.48438611008e-05 8.09323379566e-06 1.21361853366e-05 2.35294846126e-05 8.65074810793e-06 1.41389691551e-05 9.17189916695e-06 1.0927858749e-05 1.22493700927e-05 1.31974028424e-05 1.03948141905e-05 1.05369524457e-05 1.36982458534e-05 1.08001576462e-05 2.15245471883e-05 1.41831075353e-05 8.11811942387e-06 1.60116420408e-05 3.81407546735e-06 9.61746723496e-06 1.07681032231e-05 3.95176692521e-06 9.68025432253e-06 3.3946103719e-06 9.66506657405e-06 9.83766517723e-06 4.8573065747e-06 2.34940768705e-05 2.09576728619e-05 1.57228815835e-05 1.74698261969e-05 6.25187401255e-06 1.46459032906e-05 5.38972992918e-06 1.4491186176e-05 1.22376203679e-05 5.43120694558e-06 1.46862538431e-05 1.2959489488e-05 1.14881617232e-05 3.04915741721e-05 8.15002371466e-06 2.17329341542e-05 8.23369360382e-06 1.39445713129e-05 1.25752422625e-05 1.47135530794e-05 1.27836897236e-05 1.41559890249e-05 8.6443145869e-06 2.27927531495e-05 9.69449991087e-06 3.21674154087e-05 1.32312990492e-05 1.43073936114e-05 1.52963155004e-05 5.45238099207e-06 1.23248826706e-05 1.40170003732e-05 4.6112490869e-06 1.34094993913e-05 5.08157284139e-06 1.40041729843e-05 1.16843287101e-05 1.19258846788e-05 4.30470856075e-05 1.75356188447e-05 6.9328848329e-06 1.6240410723e-05 5.10442519405e-06 1.0809009414e-05 1.14452069712e-05 4.65469707752e-06 1.46180905061e-05 9.40383771048e-06 1.54420498946e-05 2.43859260377e-05 9.07980948611e-06 1.64402210203e-05 1.07725602706e-05 8.88981729232e-06 1.16068144041e-05 1.16548752331e-05 1.08926377788e-05 1.27637841857e-05 8.1975338933e-06 1.17921164388e-05 1.56978453924e-05 1.1430030609e-05 2.16530506265e-05 1.69766113263e-05 9.46124909114e-06 1.45994874182e-05 4.3885448211e-06 1.11358376129e-05 9.65677464442e-06 3.6963608937e-06 1.33939915183e-05 5.41255285298e-06 1.20293500736e-05 2.38263857728e-05 6.47598643507e-05 1.12184405684e-05 2.80063858768e-05 8.36130060133e-06 1.81582695413e-05 1.5282292995e-05 7.95022985822e-06 2.31695688451e-05 1.46762458219e-05 1.9101009881e-05 4.40016788827e-05 9.86034853506e-06 2.90010126607e-05 1.30063148393e-05 1.84536171313e-05 1.3458358306e-05 1.81751297773e-05 1.42545909252e-05 1.84657040531e-05 1.38319636348e-05 1.86358929487e-05 1.34112982445e-05 3.03772613304e-05 1.13529662478e-05 4.62663444797e-05 2.03045449493e-05 1.56416741658e-05 2.34300796823e-05 7.55611119625e-06 1.40277368851e-05 1.69925598035e-05 6.69628810115e-06 2.24924918878e-05 7.51775581033e-06 3.56786335958e-05 2.85373722722e-05 3.11774607296e-05 9.18487834496e-06 2.12259336052e-05 1.61738334326e-05 6.64184565664e-06 2.28104222361e-05 1.44828722862e-05 1.85924310313e-05 3.60838618374e-05 1.44279166992e-05 1.84064042069e-05 1.37604305506e-05 1.23339038549e-05 1.67475018499e-05 1.16339851814e-05 1.2845864005e-05 1.38469601153e-05 1.09751959404e-05 1.75598970905e-05 1.14650581875e-05 1.46881947567e-05 1.80721168959e-05 1.63251204259e-05 3.34589663527e-05 1.93888991298e-05 1.4727772418e-05 2.17864141037e-05 5.57522388632e-06 1.35630093308e-05 1.77147667197e-05 6.64119431618e-06 2.08928977971e-05 1.50872018633e-05 9.86741452512e-05 1.13502362502e-05 2.94452196663e-05 2.12371636497e-05 8.03324108556e-06 2.24837556916e-05 1.75521800292e-05 2.38436643014e-05 4.17550886778e-05 1.46405464337e-05 3.04183586267e-05 1.28272753773e-05 1.62848375272e-05 1.63330165079e-05 1.71036984423e-05 1.2252752289e-05 1.52062744542e-05 1.22169333216e-05 1.72014697872e-05 1.63175398678e-05 1.63943811647e-05 1.22275392705e-05 3.15734074402e-05 1.6232855303e-05 3.95334981394e-05 2.38400878503e-05 1.68104803266e-05 2.08081513369e-05 6.83463258549e-06 1.68757247246e-05 2.35495215412e-05 7.48928715553e-06 4.97500728428e-05 3.90058888536e-05 4.25142142135e-05 3.06586160912e-05 1.08202677893e-05 2.9372688329e-05 1.87328669402e-05 3.04940422844e-05 5.38727606237e-05 1.8094920234e-05 2.98840555911e-05 2.00817570516e-05 1.40130544811e-05 2.05924329793e-05 1.63993993102e-05 1.72082444028e-05 1.39300405932e-05 1.31811395977e-05 1.74759201951e-05 1.58489797307e-05 2.1122322891e-05 1.32485835219e-05 2.05899071934e-05 2.981285336e-05 1.89460570333e-05 5.29280801226e-05 2.93615707463e-05 1.76794391468e-05 2.68697625921e-05 9.39969046833e-06 2.31303716562e-05 2.91350040109e-05 2.0936571746e-05 0.000123572197618 4.16842972777e-05 1.48156412608e-05 4.12044300107e-05 2.56946186143e-05 3.20856824124e-05 6.3005051818e-05 2.30037993444e-05 3.36838953663e-05 1.94940353229e-05 2.21563342157e-05 1.81011599505e-05 2.00421011802e-05 1.75060995572e-05 1.85480735612e-05 1.23013405463e-05 1.75669881424e-05 1.76360004574e-05 1.94223489742e-05 1.81041923738e-05 2.07192421903e-05 1.86223294966e-05 3.30666655168e-05 2.34481582419e-05 5.82302306931e-05 2.99067057016e-05 2.34659510511e-05 3.47853769272e-05 1.21402682268e-05 2.74697319438e-05 6.16707672796e-05 0.00011682418603 1.81707812258e-05 5.14799413559e-05 3.03095407951e-05 3.65895451966e-05 6.03533322123e-05 2.55944553687e-05 3.56400132377e-05 1.96989352134e-05 1.79559634853e-05 2.36605694445e-05 1.5143390416e-05 1.67719318994e-05 1.54958480991e-05 1.41830726309e-05 1.39891206915e-05 1.42284841238e-05 1.68469453999e-05 1.41723156947e-05 2.38756092163e-05 1.52807361894e-05 1.91683212124e-05 3.40509449537e-05 2.45961593535e-05 5.15665339634e-05 3.24905131045e-05 2.53344435371e-05 3.9764993711e-05 1.20502986786e-05 5.41190840914e-05 5.77560149249e-05 7.39329134508e-05 4.23168611629e-05 5.30205622987e-05 8.0856863746e-05 2.88175718641e-05 4.8576854636e-05 2.52754045997e-05 2.14312629497e-05 2.41711135606e-05 2.34869659606e-05 1.81980139972e-05 1.82615935148e-05 1.64976820215e-05 1.99874322487e-05 1.57016388824e-05 1.71139885686e-05 1.72032591782e-05 2.23866064805e-05 2.23622308289e-05 1.79939303299e-05 2.44136854023e-05 4.44283633575e-05 2.63227497942e-05 6.80746470982e-05 4.38335019623e-05 3.33118689034e-05 4.83980873967e-05 2.73363593508e-05 0.000256392343231 6.61827754433e-05 8.40417081969e-05 0.00012522355306 4.17662234853e-05 5.77513385499e-05 3.50279676012e-05 3.02954508772e-05 3.308068911e-05 2.66237453831e-05 3.0348691382e-05 1.99345369576e-05 2.11241030909e-05 2.37341773691e-05 2.35996694825e-05 2.03560262389e-05 1.88075241948e-05 2.81693350178e-05 2.4049631276e-05 3.03156332668e-05 2.50656595593e-05 3.21708436378e-05 4.91795767352e-05 3.53404122467e-05 0.000104457550798 6.67109298102e-05 4.61527733755e-05 0.00012240349186 0.00022605539431 0.000130900412652 0.00019899757874 6.31807368776e-05 7.81523314109e-05 4.08591982516e-05 4.2258127548e-05 4.74163325563e-05 3.31042662724e-05 3.30053924894e-05 3.32603420808e-05 2.12592574177e-05 3.24529862924e-05 2.46576189989e-05 3.19270388383e-05 1.96046859468e-05 3.12829526925e-05 2.89370702165e-05 2.97501944156e-05 4.15713003142e-05 3.31813926912e-05 3.49654447556e-05 6.21545449228e-05 5.27996834172e-05 0.000161722600944 9.58229312286e-05 0.000112334961922 0.000458965407363 0.000326026273149 0.000103409351433 0.00012503396151 5.80796808591e-05 4.94387389717e-05 6.16323841667e-05 4.67051083457e-05 4.23682491178e-05 3.52489971413e-05 3.5101939767e-05 3.12052194995e-05 3.19805496485e-05 3.3677956692e-05 2.72142781031e-05 3.29147476545e-05 2.97203286663e-05 3.44134098527e-05 3.92586923865e-05 4.8841045607e-05 3.33935996238e-05 4.38821796649e-05 8.64917005588e-05 7.99735495613e-05 0.000225939641695 0.000241921173017 0.00278560268039 0.000353559844535 0.000413892737716 0.000184163562408 0.000146297549868 0.000143651360173 0.000131798924922 0.000112279765625 9.68616117668e-05 7.141016199e-05 0.000106560050811 6.16306981021e-05 8.69676061964e-05 5.74624600003e-05 9.23292836801e-05 5.90117550705e-05 7.02655938031e-05 8.4592640692e-05 8.66675467972e-05 9.29392371811e-05 8.13171089555e-05 0.000110662447131 0.000230100579992 0.000183603661148 0.00124305850532 
























