




















































3.55931508714e-07 3.0196803579e-07 2.97772638121e-08 3.1846311307e-07 1.16746643957e-07 4.63998777786e-07 1.80237692504e-07 2.02617412983e-07 5.83855662067e-08 1.02151170649e-07 2.69735612982e-07 2.13892380593e-07 3.9262858932e-08 3.09143806868e-07 9.14061201484e-08 9.1153423964e-08 9.35841409799e-08 1.46110430591e-07 5.00087788068e-08 1.50699092185e-07 5.27135339876e-08 1.03198939711e-07 1.0463439407e-07 1.05512609276e-07 1.04457752507e-07 5.28719463746e-08 1.53610742446e-07 5.088872892e-08 1.50123706323e-07 9.8123083661e-08 9.54092998482e-08 9.46481327132e-08 3.25433658748e-07 4.30135339538e-08 2.26257397496e-07 2.93637713234e-07 1.15076882476e-07 7.05012432707e-08 2.27247729731e-07 2.13604365754e-07 5.72198101941e-07 1.46670752334e-07 3.42620114404e-07 5.39048703183e-08 3.3804493655e-07 2.48798161455e-07 2.63406071223e-07 7.6698837379e-07 1.45423777136e-07 2.20464167347e-07 1.61436118281e-07 2.55033944214e-07 1.20245414472e-07 1.21526360672e-07 1.01438123438e-07 4.99211685118e-08 4.02854265361e-07 9.39960924635e-08 3.8116951682e-07 1.02693316121e-07 1.75535871508e-07 1.68130316466e-07 1.80093589438e-07 9.29408394249e-08 4.924879277e-07 6.22109166744e-08 1.7261754169e-07 1.41173490697e-07 1.20804027792e-07 1.06214992975e-07 3.99081071934e-07 1.08521387695e-07 1.22400073221e-07 1.37840904353e-07 1.78405713703e-07 6.32181866648e-08 5.5991965318e-07 9.42418519793e-08 2.03421452606e-07 1.99254404826e-07 2.00795605307e-07 1.15144059906e-07 4.62461844893e-07 1.06642751206e-07 5.05574369172e-07 6.38024047439e-08 1.28167849152e-07 1.61607660113e-07 1.84901590135e-07 3.76316889406e-07 2.4096088096e-07 2.52668741345e-07 1.88203398781e-07 5.30676657109e-07 3.09352415505e-07 8.2660594019e-08 1.59046804793e-07 2.85160382698e-07 2.45553332524e-07 4.83004305311e-08 2.47269623095e-07 9.0586423748e-09 1.64674309672e-07 2.16233223322e-09 3.05279963835e-08 2.08413338324e-07 5.62604504217e-09 2.41670212345e-08 1.34708645272e-07 4.13985518615e-08 7.46516311258e-08 2.98796661097e-08 1.18314847769e-07 3.02180308306e-08 5.34310234806e-08 1.38223863852e-07 3.3531243657e-08 5.67776697202e-09 1.36671829013e-07 6.32871264363e-08 1.18910430432e-07 9.70221583436e-09 3.74872963718e-08 1.66141943853e-07 5.73500011393e-08 3.87961129224e-08 1.38157410063e-07 3.17041306581e-08 9.76253003698e-08 5.04936811087e-08 1.75814541442e-07 2.28935929617e-08 8.019934752e-09 2.46053631688e-07 3.27619379488e-08 1.43382011322e-08 2.07733477468e-07 2.47423079454e-08 3.09782891648e-07 4.5289354859e-08 1.63010631872e-07 2.1127131402e-07 1.79733941146e-07 1.36905273185e-07 2.41293045243e-07 2.93792978401e-07 1.85292380162e-07 7.02393556443e-07 1.59776625958e-07 2.88672015238e-07 1.03973184812e-07 1.60280711019e-07 4.32337834498e-08 1.62242561142e-07 1.82166402752e-07 9.76645770825e-08 1.07026557873e-09 1.52518455514e-07 4.42887020174e-08 7.97252585602e-08 9.930589199e-08 1.30851528947e-07 3.8635741741e-08 1.66730679874e-07 3.93343424857e-08 2.67507972211e-08 1.54213906794e-07 5.5281081717e-08 1.07045962524e-07 1.4793293482e-07 1.20813267335e-07 1.16993070903e-07 1.35875992886e-07 1.14029710563e-07 6.37530970151e-08 1.68834756646e-07 3.97988291544e-08 5.34316910703e-08 1.88458140506e-07 5.29109481057e-08 1.46438077596e-07 1.06086865814e-07 9.69773326094e-08 7.71133229945e-08 1.90912507368e-07 4.0427481379e-09 1.27469007298e-07 2.30257601951e-07 2.32412535352e-07 7.24869572063e-08 1.78360179545e-07 1.48001817101e-07 3.00043782393e-07 1.98433448102e-07 4.89422944965e-07 1.19802464104e-07 3.67662228449e-07 2.69879812287e-07 1.10322547757e-07 1.0638931769e-07 1.14157093164e-07 2.47063487167e-07 5.69349644349e-07 5.15501009386e-07 1.57252917353e-07 4.22775762423e-07 5.64364142203e-08 9.48008479289e-08 3.75989651802e-07 1.65558128421e-07 2.83255663408e-07 4.74979967831e-08 1.08754751664e-07 1.34501028578e-07 4.27343593921e-08 4.33389295193e-08 1.71866678911e-07 6.03328022055e-08 1.02600779602e-07 1.22520294107e-07 5.06694737249e-09 1.55420138169e-07 1.54948699527e-07 1.15511797072e-07 1.62403148731e-07 1.64003465366e-07 1.32844434667e-07 1.59248594058e-07 1.69150693292e-07 3.40458065647e-09 1.38522202813e-07 1.11744749474e-07 6.35552566581e-08 2.04022398793e-07 5.54707444485e-08 5.40918956103e-08 1.65865171776e-07 1.19170026921e-07 5.49341880088e-08 3.37042021457e-07 1.88225642384e-07 4.17765607962e-07 1.20264574908e-07 5.32610606379e-08 4.46679795682e-07 1.70292147031e-07 5.53141511067e-07 4.33100031357e-07 2.32078914131e-07 1.07192769484e-07 1.84583495095e-07 1.52909495884e-07 2.4281927201e-07 2.3932107166e-07 2.29321362557e-07 2.78438650385e-07 5.39292312078e-07 2.15962930007e-06 4.36086170206e-07 8.28978530342e-07 1.50423686288e-07 3.11344543533e-07 7.67977678657e-07 2.61703674484e-07 9.74330526981e-08 7.46482453263e-07 1.41189740633e-07 4.85491024926e-07 1.72595273125e-07 3.69780165774e-07 1.41843999975e-07 2.30654553255e-07 9.6047960514e-08 2.71192075231e-07 3.96150924426e-07 2.18018742279e-07 1.93683690124e-07 2.25863281003e-07 4.34939070354e-07 1.71203787528e-07 2.74859903569e-07 2.65609259218e-07 1.72313215313e-07 4.63638609823e-07 2.50837548295e-07 1.95758141059e-07 2.52111331989e-07 4.26677354358e-07 3.03554879702e-07 1.16302638326e-07 2.84549809799e-07 1.63386902308e-07 4.3923803506e-07 1.95773632355e-07 5.32926914358e-07 1.43743202998e-07 8.01932555398e-07 1.18577946876e-07 2.67037213262e-07 7.69121729952e-07 3.35838366414e-07 1.55909437347e-07 8.00575476357e-07 4.73707531034e-07 1.48914034305e-06 5.03887260319e-07 3.21457025278e-07 2.8405309434e-07 3.62292521249e-07 2.7988765822e-07 1.16766678428e-07 4.76876545099e-08 9.42668469137e-08 1.46711287604e-07 5.66063576731e-07 5.66782393159e-07 5.43612433919e-07 1.26471809416e-07 6.80850954754e-08 3.83730412979e-07 1.6517189192e-07 5.55196948647e-08 2.44390682028e-07 8.3503538721e-08 2.59404501328e-07 1.1308888461e-07 2.11100228272e-07 4.40183232494e-08 2.26280105258e-07 8.32269003914e-08 1.88030271885e-07 1.19903233812e-07 4.39444123872e-09 2.44808197256e-07 1.54245394801e-07 2.08383052145e-09 2.485751256e-07 1.01395854366e-08 1.89097732473e-08 2.69006305857e-07 8.76987005163e-10 1.44090056373e-07 2.08486237864e-07 3.29881350962e-09 1.30557735102e-07 2.22189905591e-07 1.0207773038e-07 2.56707304716e-07 5.35207087222e-08 1.81169434745e-07 1.40712355621e-07 2.54959132663e-07 7.20795110987e-08 2.59506551839e-07 4.38475143586e-08 1.62619246721e-07 3.13172224257e-07 4.21550320954e-08 1.80705893834e-07 3.29785186779e-07 4.51521505748e-07 4.96336537466e-07 1.39859760715e-07 1.62384319045e-07 6.4764451386e-08 1.62242296798e-07 3.29920459826e-07 1.5723712146e-07 1.0846436259e-07 3.20654397827e-07 1.12826181667e-06 6.287732213e-07 1.62475176591e-06 1.92859841412e-07 2.59823383354e-07 8.73858044722e-07 2.05172095037e-07 8.6770465081e-08 4.92598342387e-07 1.60810372367e-07 2.27569210816e-07 3.69964522783e-07 2.05637874119e-07 1.20648291939e-07 2.89607328144e-07 1.4443678211e-07 2.3319915681e-07 5.30474301783e-08 2.37880591147e-07 1.67126038493e-07 5.5477857416e-07 2.44280640614e-07 2.30761736439e-07 2.01881498416e-08 4.16171928321e-07 2.13865610921e-07 4.55276035922e-07 9.39551209158e-09 2.53498573436e-07 2.55708763736e-07 5.37117159321e-07 1.94198242287e-07 2.65505086324e-07 6.2807345844e-08 2.81177150437e-07 1.58381564959e-07 3.16114727525e-07 1.25385844834e-07 2.49781018912e-07 3.22797772655e-07 2.70041665131e-07 1.40593697855e-07 4.55263556477e-07 6.24055108938e-08 1.91101465313e-07 7.97650112814e-07 2.51575265017e-07 1.17331087096e-07 1.15313400811e-06 3.2377262393e-07 1.07519263731e-06 3.59005877824e-07 1.47226614459e-07 2.21800422622e-07 4.45636194867e-07 6.32649463962e-08 2.16344733353e-08 4.10903716992e-08 4.51124363574e-08 1.88701495124e-07 9.46634401135e-08 4.00520227962e-07 2.82558787893e-07 2.10470015732e-07 2.3595833043e-07 5.7090681929e-08 3.74812267406e-08 2.52110278374e-07 8.66679627706e-08 1.01936540904e-07 5.44702427603e-08 1.04771702512e-07 9.81808062963e-08 3.30078043945e-08 1.35050008084e-08 6.13872190049e-08 3.17977437471e-08 1.08002930308e-09 7.57144659156e-08 3.93550314789e-08 7.48530352032e-08 5.84260729419e-08 8.0470403716e-08 6.92379096377e-08 9.37740588874e-08 5.27775886144e-08 3.15084592489e-08 6.64895529007e-08 1.06044573392e-09 4.91242478902e-08 8.14363286651e-08 5.1655697898e-09 4.89517875579e-08 8.78111472711e-08 1.07139452763e-07 5.36288054013e-08 1.10819586438e-07 8.12602185594e-08 2.30163874412e-07 2.76786772233e-08 4.69542922819e-08 2.57477545101e-07 1.16837926755e-07 2.30057754878e-07 1.84041188704e-07 1.33845994279e-07 1.7482464643e-07 4.089791743e-08 7.97934257227e-08 3.79567654704e-08 1.0226822394e-07 1.10911822409e-07 3.17608277794e-08 7.85604276366e-08 1.099141963e-07 3.86176166149e-07 1.67035182289e-07 4.12817378306e-07 1.88026977642e-07 5.65728593648e-07 8.42694074982e-07 2.25503031387e-07 5.1029937379e-08 3.06450951372e-07 1.22255478779e-07 2.53674025267e-07 1.48347617281e-07 1.36239726459e-07 7.93181173054e-08 2.17488148734e-07 1.24221127958e-07 1.36490564793e-07 2.65922693131e-07 1.09695707046e-07 1.08603484033e-07 3.89537615801e-07 3.02953608526e-07 2.06983704618e-07 2.05004558818e-07 1.4651587695e-07 1.1745107653e-07 4.55600552349e-07 1.19251140043e-07 1.24410500376e-07 2.03438991501e-07 2.14494700301e-07 2.81322904951e-07 4.16692722619e-07 1.0061448322e-07 1.07497751786e-07 3.10639872321e-07 1.23212949125e-07 1.17162473071e-07 2.22108041285e-07 5.68295276093e-08 1.11273534948e-07 1.41843272597e-07 2.1722231444e-07 1.17752177699e-07 1.93779249128e-07 3.966795506e-08 2.24157249195e-07 4.93478681303e-07 4.62929086447e-07 1.0771073238e-07 3.15140723601e-07 1.44337367573e-07 3.9378892978e-07 1.32081797261e-07 1.13634829055e-07 8.52543680751e-08 1.80559515107e-07 3.24657680821e-07 6.64672542642e-08 3.15421178412e-07 4.62474608807e-07 9.52799182854e-07 4.43444084813e-07 1.19877508161e-06 2.10458838927e-07 7.96103328827e-07 2.52012158364e-06 9.35144699824e-07 1.60230093517e-07 1.11417254668e-06 2.98601177966e-07 5.44824017292e-07 5.04567716437e-07 5.18375806808e-07 1.98108680508e-07 8.68615497479e-07 1.68872860907e-07 4.92823965275e-07 2.37617358437e-07 3.05226528795e-07 2.87173756066e-07 1.85157333697e-07 3.58696595241e-07 3.04308056647e-07 3.85756053227e-07 2.88614367126e-07 7.11766926697e-08 3.12943153326e-07 2.77716580156e-07 8.22075363546e-08 3.18324873632e-07 3.61742412902e-07 3.18602349107e-07 3.52367365304e-07 1.92499103304e-07 2.90397342872e-07 3.54236818529e-07 2.50247791171e-07 4.85418198249e-07 1.90048817709e-07 8.61852347666e-07 2.09674050861e-07 5.23093673626e-07 4.28015644804e-07 5.45396112696e-07 2.69107887043e-07 9.5457883185e-07 2.12978196105e-07 4.81928968106e-07 1.82082693881e-06 4.56033785143e-07 2.12731097755e-07 1.13552159314e-06 4.04125997324e-07 1.04551659193e-06 5.32526152086e-07 4.3880387694e-07 1.39367896288e-07 4.72708038919e-07 1.00025985302e-07 9.88845434011e-09 9.70966948999e-08 1.68666772139e-07 2.91949658267e-07 1.32452863692e-07 2.28516712114e-07 8.93945112232e-08 2.10845066598e-07 6.74543771435e-07 5.78018759013e-07 1.21586096495e-07 3.53575803907e-07 5.77710062075e-08 3.1238606957e-07 2.3862899767e-07 2.34511313004e-07 1.70055266208e-08 2.94549188158e-07 1.33471666092e-07 7.68073395338e-08 3.16961306016e-07 1.10322513293e-07 1.3270892649e-07 3.16946431666e-07 2.74625835029e-08 1.40184084351e-07 1.50243822178e-07 1.91489154262e-07 1.3326489938e-07 2.19977036318e-07 2.31953294896e-08 2.14685137902e-07 1.17813321647e-07 2.17662869221e-07 1.31525572489e-07 1.49103806491e-07 1.68724183272e-08 3.0137977082e-07 1.49481447656e-07 9.65677118739e-08 3.30343544383e-07 7.08892353762e-08 1.00368798786e-07 3.32864500685e-07 5.63814877278e-09 2.11874682377e-07 2.33981259628e-07 2.23498035609e-07 1.07072866155e-08 3.19968952198e-07 5.80497855145e-08 4.81175333209e-07 4.11992093015e-07 1.71949349566e-07 8.53531671072e-08 2.31851637805e-07 1.36083236289e-07 3.0430886073e-07 1.86366476834e-07 1.27143345214e-07 2.07717331963e-08 1.33572261599e-07 3.75991342002e-08 1.51292582806e-08 4.224851092e-08 8.9982965896e-08 1.18268170938e-07 1.37776462072e-08 4.39660936056e-08 2.24132321032e-07 1.22591463229e-07 2.80846741551e-07 4.00187627859e-07 7.68039577142e-08 9.9204343728e-08 1.00522672279e-07 1.91156577054e-07 8.87699875744e-08 1.43530813853e-07 4.21639850224e-08 5.47114184801e-08 5.18831049844e-09 3.77130176146e-08 2.52635388779e-08 3.73039358339e-08 3.53323057199e-08 1.36149097607e-08 4.24968214791e-08 2.54320530002e-08 3.69185151233e-08 2.88381287354e-08 2.99142019248e-08 2.25992687579e-08 1.70840283469e-08 5.25619932675e-08 2.00437796468e-08 4.87686037636e-08 3.29963602585e-08 4.6487091427e-08 1.56594852916e-08 2.08212411701e-09 7.4298990828e-08 4.03497650131e-08 1.43316417103e-07 8.07162186727e-08 1.98584787834e-07 6.21056388437e-08 6.28461970812e-08 3.76093969675e-08 2.56078725293e-07 2.39478736592e-07 4.56160782821e-08 2.41203459665e-07 5.18294433008e-08 2.28970962955e-09 1.04309505729e-07 1.28187833627e-07 4.87901938716e-08 2.77781746975e-08 5.77962671859e-08 2.07757416154e-07 8.31797970567e-08 3.40129585509e-07 2.32013214245e-07 4.45169180113e-07 3.08070971779e-07 5.94954917149e-07 1.9998630987e-07 3.79882255172e-07 1.78055216333e-06 3.68107655447e-07 3.80577384239e-07 2.62914206172e-06 9.6177651263e-07 5.90233106249e-07 7.93593551374e-07 8.00959751074e-07 3.33828605204e-07 1.01982810027e-06 2.29035856674e-07 3.97316863896e-07 5.74742194712e-07 2.99128958997e-07 5.39584607394e-07 4.83587623389e-07 5.27967561694e-07 4.82141747778e-07 1.85036104178e-07 5.58081334672e-07 2.91505756513e-07 9.1668700555e-07 3.21654054037e-07 2.1311942054e-07 3.02155809332e-07 8.82842040629e-07 3.06957855458e-07 6.14367327508e-07 1.69973389202e-07 4.7913779718e-07 5.59966624271e-07 4.42709300996e-07 5.17092667956e-07 2.97958799587e-07 4.93133630855e-07 3.30152728593e-07 2.04857194899e-07 7.50932514437e-07 3.49517838278e-07 5.36907531007e-07 7.75603496824e-07 5.89789286116e-07 4.93958137935e-07 1.90378494527e-06 1.9355815736e-07 2.92821015894e-07 1.46306081918e-06 3.19524322294e-07 1.73757884535e-07 6.20215430724e-07 3.3405650507e-07 6.0444320769e-07 3.77924561531e-07 4.59155555958e-07 1.31407744872e-07 2.67761706658e-07 1.60767768141e-08 5.02563703492e-08 1.4535702109e-07 2.39762979826e-08 1.51474985656e-07 1.10492309827e-07 1.85474104937e-07 8.20141032877e-08 1.26276890751e-07 3.42451170218e-07 9.62469028259e-08 2.26253474931e-08 5.70453153889e-07 5.74081481723e-07 5.09519085149e-07 1.76062353034e-07 1.51208193598e-07 1.13944918749e-07 3.42454178393e-07 7.75658126982e-08 1.47078730663e-07 2.38931819278e-07 2.38291356556e-07 1.67617963043e-08 4.94118796227e-07 8.82436263315e-09 1.82220272383e-07 2.92735049983e-07 4.98485783417e-08 5.08598478809e-08 2.53628539364e-07 3.28271133468e-08 1.64575539827e-07 1.72909411692e-07 2.71816906446e-08 2.2136610114e-07 3.90760854256e-08 4.91056934181e-08 2.88982182313e-07 2.11659596726e-07 1.4063522679e-09 5.25320916288e-07 1.26799556307e-08 2.14401125703e-07 2.65385571661e-07 1.3455854847e-07 5.99727803328e-08 3.49655022738e-07 7.83820467926e-08 7.04270643413e-08 1.21822687782e-07 2.50544737001e-07 4.91636015175e-07 3.56056679226e-07 2.26369706439e-09 6.44330609293e-08 3.25846577562e-07 1.13629541386e-07 9.84913763839e-08 2.10322418342e-07 1.24497536442e-07 2.26953776112e-07 3.34713624048e-08 2.14724963983e-07 7.3404423681e-08 1.99966369926e-08 1.01556494832e-07 1.82238815504e-07 1.93071039535e-07 3.47351561609e-07 1.53945332615e-07 3.95200167024e-07 5.76129278379e-08 1.94588943348e-07 7.07680680477e-07 2.26629700471e-07 1.47871825668e-07 9.27302184265e-07 4.11985254803e-07 1.17095786446e-06 5.59425958982e-07 6.82890951751e-07 1.26669448365e-07 8.30421328686e-07 2.57721126924e-07 4.97093557767e-07 3.93752649503e-07 2.75887832754e-07 4.33525009992e-07 2.7847060026e-07 5.97630014008e-07 2.93854746502e-07 2.56237398024e-07 3.58001622731e-07 1.29756416077e-07 5.84798450123e-07 2.69309450758e-07 2.71711736832e-07 2.51650622133e-07 2.6120780866e-07 2.33351328206e-07 6.30594160746e-07 1.03832162604e-07 3.05289368638e-07 2.79976302734e-07 2.7290377795e-07 4.98507211002e-07 2.72110242862e-07 4.19298309115e-07 2.73290637894e-07 2.97735233628e-07 4.29165622141e-07 2.48250078822e-07 6.55036212852e-07 8.5809914385e-08 7.77955879015e-07 3.48682393407e-07 1.00068145416e-06 2.2515117184e-07 7.53287976931e-07 1.35279595167e-07 1.79881831958e-07 6.42249440298e-07 1.8697928715e-07 5.70029078424e-08 4.72300615083e-07 1.42929907782e-07 4.7212385577e-07 2.74418420654e-07 3.06958429567e-07 1.44676388584e-07 1.96703801425e-07 1.76337306517e-07 1.16949973389e-07 4.28975109943e-07 3.98983484644e-07 9.2403337231e-08 1.95607449157e-07 1.49227786677e-07 7.24808290261e-07 2.28184585447e-07 1.41142950538e-07 1.06914048764e-06 2.34222601991e-07 8.24842632633e-07 1.59875145648e-06 1.0693805538e-06 1.89889547987e-07 7.90117800818e-07 2.18482512691e-07 3.63836404635e-07 4.15525865255e-07 1.68333363867e-07 1.91214895178e-07 4.99685806135e-07 2.72367096555e-07 3.26417885519e-07 2.47909553982e-07 3.10376907431e-07 1.34592809279e-07 2.361676835e-07 1.82508099177e-07 1.51059601727e-07 3.4671261986e-07 3.02867914762e-07 1.36146264677e-07 2.01883445181e-07 2.01273777515e-07 1.88424447286e-07 3.10653440556e-07 1.7484032354e-07 2.68405192759e-07 2.75467571277e-07 4.44006971901e-07 2.17026552398e-07 1.42378466509e-07 4.15782085681e-07 3.43286487069e-07 1.78397509955e-07 7.77172940653e-07 8.22856434005e-08 5.33537596828e-07 1.22791617504e-06 3.65591022026e-07 1.40371208236e-07 1.10633744126e-06 9.21245796341e-08 2.28392012536e-07 6.61173378119e-07 1.61500372717e-07 1.86678178321e-07 7.16422649002e-08 4.36814940724e-07 5.20611970197e-07 1.49045334433e-07 2.49450673864e-07 2.49427279676e-07 6.83831440983e-08 2.17923652741e-07 1.75095177095e-07 4.74502712904e-07 2.18412901568e-07 3.67513145599e-07 5.2460652518e-08 1.95308037128e-07 5.26570655149e-07 2.51829762729e-07 1.54588692708e-07 8.3515583756e-07 2.38803865918e-07 6.9696552893e-07 1.08544484855e-06 1.64746123974e-06 6.45254726036e-07 1.0872499938e-06 2.22804271312e-07 6.96278399713e-07 7.77626128014e-07 3.70977503596e-07 3.42855118692e-07 6.70699389841e-07 7.82360928329e-07 2.71396841067e-07 5.73585377911e-07 3.48387423372e-07 3.27950273064e-07 8.35291780843e-07 1.66930270639e-07 5.46501417629e-07 3.22289478041e-07 6.61866094917e-07 3.20723039467e-07 5.44251516779e-07 1.69841495441e-07 8.50849301201e-07 2.96027473971e-07 3.43540071824e-07 5.44862578988e-07 2.72196857693e-07 7.23418538173e-07 6.37437052258e-07 3.59136377501e-07 2.85248902283e-07 6.97231326234e-07 4.96128660728e-07 1.16606804596e-07 9.99271821242e-07 3.63140209223e-07 1.36514141715e-06 5.37983087323e-07 6.16237227624e-07 1.31837535062e-07 7.2815866032e-07 1.2716826299e-07 2.18215087913e-07 5.60169297885e-07 1.94775473423e-07 5.86991778921e-08 5.20021365391e-07 2.31603589818e-07 6.56177997059e-07 3.04750126982e-07 3.54177321984e-07 8.51170590373e-08 1.36804678187e-08 5.57635278807e-08 1.62279577654e-08 1.36060732353e-07 7.50655905269e-08 1.34140229839e-07 2.27287615479e-08 5.15542543827e-08 2.50563456319e-07 6.47112057511e-08 1.0081213914e-07 4.6663973171e-07 7.99854934537e-08 3.1638666368e-07 3.24832230613e-07 4.64309655106e-07 5.6879984667e-07 7.87370402891e-07 7.09077508452e-08 1.28915853405e-07 2.04321111498e-07 1.29209980284e-07 1.70687568716e-07 2.55070742559e-07 1.07414771475e-07 3.28855765665e-07 9.40162931272e-08 3.65350195448e-07 8.09832684254e-09 4.36912423932e-07 1.3954163474e-07 3.31732580958e-08 1.7896266657e-07 1.88291040489e-07 1.72619074827e-07 1.44762509132e-07 4.70753467737e-08 1.14013168861e-07 4.59522176969e-07 1.45056340135e-09 3.21884708017e-07 1.10630772327e-07 2.90116734638e-07 7.35338953404e-08 2.06980081842e-07 1.09743284109e-07 1.38853398922e-07 1.31628680896e-07 5.18920086548e-08 8.01042809141e-08 3.77456038746e-07 5.07570236806e-07 3.08533932471e-07 1.7988127149e-07 2.09543588212e-07 2.29999921463e-08 3.86874937767e-07 1.15965589404e-07 4.63058728455e-08 2.80930639754e-07 5.65061221709e-08 1.66425014365e-08 1.67990355471e-07 8.30117562825e-08 2.0137243228e-07 4.61025303581e-08 8.58844282401e-08 1.6758425471e-08 1.36157015617e-07 2.24517766727e-07 7.78761014325e-07 2.74766146576e-07 4.675226852e-07 1.46372111287e-07 5.63543167468e-07 7.10554209794e-07 4.28429034951e-07 2.16524337205e-07 1.20512069906e-06 3.43321775422e-07 9.15033777003e-07 1.5859313053e-06 1.32309771581e-06 8.86447645124e-07 3.31815613909e-06 9.65097407012e-07 1.02182205778e-06 1.12297171107e-06 8.81854345493e-07 7.5834625754e-07 1.38302805161e-06 7.40701224684e-07 7.90191181775e-07 7.28105663104e-07 5.93973279649e-07 5.85719862831e-07 7.13603814731e-07 5.06452040312e-07 3.80431674795e-07 3.7728800831e-07 1.06656545062e-06 5.66750232515e-07 1.03111477588e-06 3.43987016443e-07 3.30250155865e-07 5.13509483422e-07 6.57799422229e-07 5.78581136738e-07 5.65822447583e-07 5.90826559024e-07 6.64199915814e-07 6.97064179218e-07 1.03090637862e-06 7.42851581611e-07 5.8531782368e-07 9.90992060416e-07 9.81701950973e-07 5.15057257352e-07 2.55220515502e-06 4.72667106448e-07 1.01849130189e-06 1.27432024258e-06 7.3793028895e-07 3.46760761471e-07 1.13316615875e-06 1.85011247436e-07 4.6844083336e-07 7.54032698843e-07 5.75937999748e-07 2.0702798821e-07 6.01768500528e-07 3.82696860996e-07 1.09247862262e-06 3.73744012238e-07 2.05348536781e-07 6.12009100905e-08 6.32568380326e-08 1.76927226903e-07 2.18004781136e-08 1.14389876479e-07 5.60853890546e-09 1.64156003441e-07 2.27546033782e-07 7.27084731743e-08 6.33179534961e-08 2.33744062195e-07 6.19553039408e-08 2.63175392015e-07 2.21444003104e-07 3.70183870999e-07 1.36022821015e-07 6.65623592375e-07 5.8408466009e-07 5.44778230255e-07 2.83240304001e-07 5.07499730234e-08 2.14174078667e-07 4.39153970197e-07 2.47956202335e-07 1.04260423096e-07 2.33576493054e-07 2.60102951767e-07 6.70315526059e-08 4.47286866072e-07 7.54426202243e-08 1.74310659246e-07 3.19691955056e-07 2.46818064848e-09 2.9901547479e-07 2.69611164653e-07 2.06624721342e-08 3.20495756452e-07 1.66263426875e-07 7.71707177934e-08 4.34921183083e-07 5.49117599056e-08 1.86874691628e-07 2.84679904046e-07 1.0215132198e-07 2.18954335822e-07 4.33297111834e-07 1.24784214848e-07 5.80157151032e-09 1.84144845811e-07 2.83943796305e-07 5.19216658034e-07 3.76727070064e-07 8.47349945886e-08 2.16462378169e-07 1.96997561637e-07 2.18048342955e-07 1.87525626526e-08 2.36362807331e-07 7.06588413283e-08 6.49699554714e-08 2.45783659383e-07 1.45811510235e-07 6.61889909308e-09 1.19877710256e-07 3.13642579432e-08 2.42569897743e-07 7.82551441775e-08 8.83021012737e-08 4.20908358885e-08 1.69578814259e-07 4.1048429e-07 2.2302597158e-07 3.37395869103e-07 1.04425688818e-07 2.3357609164e-07 4.20512294122e-07 2.78291187504e-07 5.15716008517e-08 5.80596255425e-07 1.47898352943e-07 4.63814572944e-07 6.59581600505e-07 5.93474536328e-07 2.33282076507e-07 1.2214122875e-06 4.23407696376e-07 1.72742748468e-06 1.30412280179e-06 6.14744603795e-07 4.32918053424e-07 8.69877902238e-07 8.80929658371e-07 5.90307290215e-07 4.93366894828e-07 4.30432988961e-07 5.18706877909e-07 4.63160781225e-07 3.85579858974e-07 2.10313699202e-07 5.51511212492e-07 7.2212856099e-07 2.03091150734e-07 7.51491917131e-07 1.84770214277e-07 7.04111980152e-07 5.45627150982e-07 2.4351612632e-07 3.28039727936e-07 4.35028533494e-07 5.1180207708e-07 3.66226653293e-07 3.25659587881e-07 5.26217172172e-07 8.57929180129e-07 6.12722270434e-07 2.63289759788e-07 6.44378276916e-07 7.39823881645e-07 1.44191629739e-06 2.02149046605e-07 1.03823576117e-06 1.37993892039e-07 4.95189892233e-07 5.0708284486e-07 4.47139064366e-07 1.35876764076e-07 5.837935996e-07 5.41370036929e-08 2.79308577225e-07 5.2095692041e-07 2.45129891785e-07 1.03448591264e-07 4.87157579948e-07 2.45604039404e-07 6.64845908207e-07 2.58751331841e-07 5.65957324646e-08 8.79370498727e-08 3.02645852277e-07 5.10152565809e-07 1.22208087292e-07 4.28197761784e-07 1.76550846603e-07 2.92805306372e-07 3.77830533174e-07 2.16065576649e-07 1.88878907337e-07 3.93060392506e-07 2.61801795998e-07 5.23208529524e-07 6.40401248779e-07 8.30326706383e-07 2.5799199752e-07 1.75338754545e-06 3.29881611151e-07 1.33118019909e-06 2.34303266373e-06 1.20926916229e-06 4.61217559639e-07 1.10147206678e-06 7.6711215659e-07 5.64953821768e-07 6.84529445105e-07 4.44208690329e-07 4.09657257214e-07 1.14471271935e-06 2.31017335691e-07 7.65176227514e-07 3.57913563078e-07 8.35203906429e-07 4.54807273288e-07 3.45146850674e-07 3.71629249153e-07 3.93090975755e-07 8.34466905204e-07 3.40530507802e-07 6.76178297707e-07 2.4045100131e-07 9.46260360835e-07 3.21848154189e-07 4.34995544502e-07 6.42678228692e-07 4.95592245459e-07 6.08293803438e-07 9.613102039e-07 4.26876221359e-07 5.86291231166e-07 1.89490880089e-06 6.95160456672e-07 2.19338023533e-07 1.59714647469e-06 1.38624711337e-07 6.69265643784e-07 5.99227092335e-07 4.49663606888e-07 3.0386312661e-07 4.11793019903e-07 1.777547068e-07 2.20633544909e-07 4.08383009992e-07 2.88201255227e-07 2.02933212539e-07 5.06295872469e-07 1.63804374645e-07 6.82765500909e-07 3.80430979035e-07 1.10772216781e-07 1.19959826313e-07 2.40376606783e-07 5.80067620176e-08 2.07569783111e-07 1.2201369972e-07 7.58462694774e-08 3.7029210571e-07 9.51402519097e-08 5.79840543217e-08 2.20180237238e-07 2.12520063689e-07 2.83311929287e-07 3.61065935034e-07 3.13296283089e-07 2.00697591072e-07 8.61486345216e-07 2.0169947073e-07 6.75695625777e-07 9.34525855104e-07 1.34590985253e-06 8.07434510681e-07 8.17529303853e-07 4.69320928371e-07 5.65326178221e-07 6.27143797914e-07 6.09999103654e-07 3.50923748874e-07 7.08456627477e-07 4.5354776704e-07 2.49912861756e-07 6.06697833549e-07 4.08040024765e-07 4.97361577529e-07 4.74574547186e-07 1.8817640409e-07 4.76337610012e-07 5.49086322331e-07 3.96057314833e-07 5.68859738712e-07 2.27482324403e-07 4.32991412403e-07 6.88361704927e-07 3.34758137658e-07 5.03949938466e-07 5.17362426946e-07 4.74580797236e-07 3.86070857578e-07 7.73699863222e-07 4.84891968107e-07 1.15307632434e-06 5.3062819456e-07 5.76325340588e-07 1.11084353178e-07 7.62874966075e-07 1.67893680702e-07 2.9262117456e-07 2.81999452581e-07 2.50869401194e-07 1.93519452998e-07 3.18433880804e-07 7.58545615862e-08 1.5164102157e-07 4.33144764571e-07 9.18801652767e-08 1.60115322984e-07 2.8834901605e-07 1.0622991237e-07 3.20598680361e-07 1.62838515146e-07 8.27148013288e-08 2.67435227903e-07 4.12434760043e-08 2.55710442367e-07 2.67615716406e-08 8.20523784668e-08 2.82745276868e-07 1.24927003585e-07 1.08502264819e-08 2.92523049345e-07 2.11819745088e-07 1.70145484829e-07 4.34588111944e-07 2.74959940478e-07 8.05628144982e-08 9.32423362824e-07 1.32017910645e-07 5.14475726826e-07 7.35205926184e-07 7.13879356738e-07 1.31824353735e-06 1.66067108507e-06 7.84363141328e-07 6.09525518205e-07 4.24102499427e-07 8.15457696402e-07 2.92539978268e-07 8.27907055868e-07 2.41330689608e-07 4.42269755019e-07 2.56692313938e-07 6.14008780538e-07 1.91418522672e-07 4.30611755154e-07 2.0036939129e-07 1.51229653576e-07 4.7103309273e-07 1.87139267061e-07 5.29447203205e-07 2.10024550106e-07 4.28401253065e-07 2.38458493653e-07 6.97747002444e-07 2.80467080347e-07 7.84158318367e-07 2.76366556884e-07 5.45058659788e-07 7.42951903208e-07 9.10281814238e-07 1.15850645953e-06 3.77895111817e-07 5.37765153157e-07 3.81488216391e-07 8.00431172161e-08 7.44464438392e-07 2.07903956211e-08 2.73365790443e-07 3.82767429314e-07 2.07084009632e-07 1.88114960299e-07 3.42488838602e-07 5.96868637198e-09 1.5069046744e-07 3.23336767488e-07 9.68858533781e-08 7.32280677114e-08 3.01442612848e-07 5.79148773462e-08 4.28760019238e-07 1.05886508915e-07 1.49574283426e-07 6.83905751559e-07 1.00304837169e-07 6.31325598014e-07 7.19011618338e-08 1.47645945109e-07 6.69857039777e-07 1.81114093502e-07 1.16577378519e-07 8.32038233573e-07 4.17056148819e-07 8.61364394459e-07 5.12890646384e-07 9.2729690599e-07 2.22530501857e-07 1.75461117005e-06 4.13735450287e-07 9.10096193373e-07 2.0773465793e-06 9.20108809929e-07 1.57385964541e-06 3.65357410672e-06 2.7303999768e-06 1.18611393593e-06 1.22980035298e-06 1.39497608543e-06 8.3794754813e-07 1.99757259491e-06 4.8608435651e-07 8.7734297479e-07 1.23662674809e-06 8.35176649144e-07 1.12859293416e-06 8.47429015571e-07 5.91916423046e-07 1.02994326516e-06 5.46745846597e-07 7.95697228894e-07 1.05802612498e-06 7.8995648516e-07 1.17411874548e-06 8.21686873169e-07 5.39490052769e-07 1.52888427025e-06 7.8528912536e-07 1.01517679823e-06 1.22595316601e-06 1.19414145924e-06 1.57465556608e-06 2.99432131576e-06 8.87482373379e-07 7.07324243061e-07 1.64341295107e-06 7.68027292347e-07 4.0213757586e-07 1.57882198176e-06 2.13996121831e-07 9.14748267938e-07 4.53541356142e-07 8.09719394459e-07 4.03427279942e-07 8.81237142339e-07 1.84629021422e-07 2.0328824024e-07 8.57840417286e-07 2.29138164105e-07 1.1831525282e-07 7.94212489285e-07 1.57353186823e-07 9.78270702917e-07 1.85027853293e-07 3.80093971115e-07 6.95722285225e-08 3.84406151597e-07 5.35905689345e-08 6.91034273856e-08 3.11393037836e-07 2.94455255811e-07 4.21272595082e-08 5.92220145769e-07 2.12968860794e-07 3.71179145888e-07 3.62298906961e-07 4.18579588464e-07 9.77970601031e-08 9.89231610432e-07 2.10795303243e-07 7.08938632605e-07 8.84441781415e-07 7.34431733542e-07 7.34146245041e-07 2.0252428755e-06 2.26359067941e-06 1.68685553692e-06 6.83603162797e-07 6.76697947366e-07 5.327595973e-07 1.54182168286e-06 4.23652500129e-07 3.98771378556e-07 6.36369000133e-07 1.18356437922e-06 3.82837505328e-07 1.12181063469e-06 1.64120981173e-07 8.07122648986e-07 9.19084235647e-07 1.95289288937e-07 9.5080897686e-07 4.16790291324e-07 1.00818285471e-06 5.45466126311e-07 3.67101024034e-07 3.3752194243e-07 1.35141938936e-06 3.85976635866e-07 4.73018642597e-07 5.63725481267e-07 9.06008890112e-07 1.94924711178e-06 1.16711634064e-06 6.29035034382e-07 5.78084933511e-07 7.59959163056e-07 5.68527572494e-07 1.49390075878e-07 9.68539020022e-07 4.54734204884e-08 4.34157455122e-07 4.37389807033e-07 4.00011113593e-07 2.6241534239e-07 5.75182280719e-07 2.61995920258e-08 2.97852358415e-07 4.41922690126e-07 1.34404242319e-07 6.69887106118e-08 5.54534635689e-07 1.00706618275e-07 5.1638030581e-07 3.09356005283e-07 1.30535754848e-07 3.64051123974e-07 1.76511328698e-08 1.68556942906e-07 5.56171646993e-07 1.51021347969e-07 7.45796707341e-08 6.31537629739e-07 2.32617382247e-07 3.87218284089e-07 3.15350804544e-07 5.37448307206e-07 1.347131975e-07 1.29124789021e-06 1.04769575575e-07 5.98514901258e-07 8.46816254831e-07 5.14749699906e-07 9.04619975182e-07 1.62231463957e-06 1.41333342765e-06 1.98174003874e-06 8.88743421546e-07 1.14561428218e-06 4.40825071915e-07 1.06046240131e-06 6.31274609942e-07 5.5376412324e-07 7.76899209638e-07 7.43892987478e-07 8.26054962102e-07 5.61452549571e-07 3.81666048076e-07 4.20563793743e-07 9.75642889706e-07 4.36828310041e-07 3.30033900803e-07 5.29773921947e-07 6.31400202533e-07 6.75913288611e-07 6.37027325072e-07 4.79305239089e-07 6.39749853491e-07 8.40018570301e-07 3.23696567367e-07 1.25373272629e-06 4.81082277123e-07 1.7685501742e-06 8.3203656783e-07 1.3847542881e-06 7.64581254973e-07 4.53264530215e-07 6.70922212597e-07 6.09545792789e-07 7.03235517817e-08 1.06729008877e-06 1.28317086041e-07 5.22422910995e-07 3.80135737673e-07 3.41935588295e-07 2.32464913057e-07 7.43337632331e-07 5.29488847478e-08 1.83531940488e-07 7.12535787436e-07 2.07072274277e-07 2.36709201612e-08 4.79753945388e-07 2.38898445858e-07 4.4779019669e-07 4.43631239986e-07 7.31110570304e-08 5.13917475134e-07 5.48209083206e-09 1.49873105451e-07 5.70099066836e-07 3.4038815138e-07 1.57892188061e-07 5.54008003951e-07 5.07863882749e-08 8.57904302932e-07 1.49021781456e-07 7.23889650978e-07 3.40611559137e-07 5.67269636088e-07 2.15686136735e-07 6.25442938429e-07 8.06577601248e-07 4.82685742064e-07 4.40308268654e-07 1.86804365619e-06 1.06559427938e-06 1.25859638123e-06 2.50009689889e-06 1.53861096173e-06 2.85655949862e-07 1.52683544793e-06 5.95149209796e-07 9.88657465196e-07 9.06018820198e-07 4.750877198e-07 1.01565803981e-06 1.08846602121e-06 2.14087778564e-07 1.38777903274e-06 4.37935994816e-07 4.28868141606e-07 1.40567299264e-06 2.01200038856e-07 9.48227391916e-07 1.08093092038e-06 3.91346136465e-07 8.7648972645e-07 9.07440966268e-07 4.43064627389e-07 1.49350685134e-06 1.5247228673e-07 8.73670527395e-07 2.06392326789e-06 6.70077129156e-07 6.27604684879e-07 1.79969898604e-06 3.66028069424e-07 4.37067767704e-07 8.70086721462e-07 5.2963140802e-07 2.86773820799e-07 4.95936992907e-07 3.34859446327e-07 7.18160153666e-07 5.11139087428e-08 9.28120823261e-07 3.61447486127e-08 5.65159122057e-07 2.05257430043e-07 3.54340503736e-07 6.57012346668e-07 1.8976578098e-07 2.14563974546e-08 6.04285236236e-07 9.26617880041e-08 5.461497633e-07 1.62160644719e-07 1.50095620669e-07 4.32320420448e-07 4.96183010979e-08 2.03768355114e-07 4.35637268665e-07 7.6925755976e-08 2.25773632473e-07 4.21519728401e-07 1.00426946354e-07 4.34943278112e-07 3.3313394607e-07 7.35038055831e-07 2.53586850441e-07 1.07664726269e-06 1.64108851902e-07 6.15264100189e-07 7.02071490037e-07 7.14977813225e-07 6.62511054653e-07 1.58510596532e-06 1.03811258647e-06 1.20505484361e-06 1.61152899695e-06 2.50926464787e-06 1.24033417241e-06 1.5851547966e-06 6.15381442273e-07 9.580926941e-07 1.26537578563e-06 1.1990753151e-06 8.81344249916e-07 8.83378988857e-07 6.23195958752e-07 4.63450879606e-07 1.28653592762e-06 6.28770397672e-07 1.13817940116e-06 5.00385420746e-07 6.00824232375e-07 8.9075641615e-07 7.89179301853e-07 1.03862444016e-06 1.22231314171e-06 6.68200434334e-07 5.20727074853e-07 1.50096890845e-06 8.16144474513e-07 2.23529502441e-06 7.65875366178e-07 1.11622394305e-06 7.3369414455e-07 1.30096682565e-06 5.5563211558e-07 5.879819311e-07 6.51704018922e-07 5.72536289793e-07 1.24636785074e-07 1.00635528948e-06 2.10066529572e-07 7.14284493884e-07 3.93801250594e-07 4.08786378062e-07 1.3658510227e-07 5.91989902513e-07 1.95690523377e-07 1.1488252729e-07 5.94389242238e-07 2.81436014843e-07 1.06696192629e-07 5.91475955318e-07 2.29645052218e-07 2.16199745115e-07 1.43081785853e-07 1.84813444546e-07 2.26348787238e-08 5.54370532243e-08 2.96648925725e-07 2.54182419174e-08 1.05657820569e-07 2.58638185952e-07 1.59890047023e-07 2.40890067801e-07 1.06705787974e-07 2.87330797478e-07 9.56024120067e-08 4.47772187751e-07 1.64382837487e-07 2.88224955143e-07 4.05052150131e-07 3.78961992064e-07 3.07543282979e-07 1.03998603342e-06 4.82093228214e-07 4.92645476388e-07 4.48976085631e-07 1.09946780805e-06 1.28098143831e-06 1.74668691707e-06 4.98072754171e-07 3.07164741067e-07 4.47720980384e-07 8.69053659365e-07 4.80381339909e-07 7.08287268626e-07 3.11974000676e-07 6.41125835969e-07 2.13263416083e-07 4.03296884761e-07 2.64471929269e-07 2.54462924645e-07 5.57767101122e-07 3.23160889716e-07 6.89301221897e-07 3.30388164058e-07 9.5652083313e-07 2.82689109034e-07 1.85933289106e-07 4.81702179056e-07 9.39558955728e-07 1.21251631202e-06 7.08904396024e-07 3.40696512085e-07 4.20250287315e-07 4.11465866376e-07 7.55859775345e-07 2.89331918971e-07 2.6468815723e-07 3.50012483523e-07 2.64935775019e-07 1.16661999909e-07 5.14709577529e-07 6.93709303914e-08 2.79831325458e-07 1.69872192121e-07 2.3475535352e-07 2.080399206e-07 3.36930590449e-07 1.08308561885e-07 3.05973817852e-08 4.02656465892e-07 5.54385392525e-08 3.69946751057e-08 2.74632055812e-07 2.01589003731e-07 4.82537730097e-07 6.09808276621e-07 1.17884391572e-07 1.94487544703e-07 9.30832004239e-07 2.73380481603e-07 5.5649095513e-08 7.83815694433e-07 4.19169999862e-07 5.4385121497e-07 4.75998925263e-07 8.04752681892e-07 4.77327249886e-07 1.22340948985e-06 4.50020134981e-07 1.13313667006e-06 1.13734661349e-06 9.81494691537e-07 7.30708396437e-07 2.51439034536e-06 1.515332556e-06 1.2762974018e-06 2.4045779582e-06 2.13534037788e-06 1.81603543772e-06 5.00529570908e-06 2.2335126831e-06 1.67758748314e-06 1.7650761554e-06 2.51910500409e-06 2.1841786319e-06 2.56522866033e-06 5.97696377694e-07 2.12591304227e-06 2.68546634042e-06 6.37880288918e-07 3.36534615141e-06 6.16437223666e-07 2.57274826185e-06 2.04117865625e-06 5.89699292674e-07 2.13055412901e-06 2.14517710887e-06 1.97871309314e-06 1.41245081759e-06 1.62751642574e-06 1.4245057556e-06 4.24943227535e-06 1.14702148144e-06 1.53607399825e-06 2.09671713868e-06 1.03459341342e-06 1.33306185865e-06 2.17950086332e-06 6.62201473282e-07 9.23542088772e-07 9.83370476745e-07 1.09547642652e-06 4.40046535367e-07 1.13595427306e-06 4.44603651072e-07 8.42637808541e-07 5.33009245694e-07 5.98799816016e-07 4.62769939182e-07 1.01101083656e-06 5.445229218e-08 4.19246391108e-07 1.213773267e-06 2.61355566611e-07 1.54206305212e-07 8.3030260278e-07 5.9514087713e-07 9.40955558927e-08 1.10942920908e-07 4.26669703807e-08 2.80337960568e-08 3.30601175488e-07 9.41852911847e-08 1.45991004897e-08 2.47168416335e-07 1.50034604971e-07 2.83097782361e-07 1.21335481775e-07 2.51614718057e-07 1.67703814429e-07 3.90914780133e-07 1.36969178691e-07 2.63273685492e-07 4.2395649709e-07 2.76005467331e-07 2.6633497655e-07 7.20392072346e-07 4.08790845681e-07 5.4727333598e-07 4.95463320891e-07 7.72197462416e-07 4.03246300155e-07 1.61568780776e-06 1.34949056794e-06 1.04683506526e-06 6.90454715363e-07 5.22379979933e-07 5.29797953376e-07 8.37365323371e-07 1.79284940719e-07 6.09167278214e-07 4.15527722691e-07 5.27871920688e-07 3.7094783525e-07 4.38467099299e-07 4.72523209915e-07 4.27845305857e-07 5.44934147149e-07 1.2694077076e-07 8.16789742699e-07 3.10734657792e-07 4.04645545436e-07 6.09223699674e-07 4.81021279878e-07 1.27559555478e-06 9.12652216641e-07 3.98117522669e-07 6.6340387896e-07 3.99965663254e-07 4.34866393985e-07 3.51443834548e-07 6.14792682942e-07 1.85078353524e-07 2.86091904211e-07 3.90781910366e-07 2.62106340347e-07 1.11262635192e-07 4.18223240468e-07 1.57131671243e-07 2.58432022756e-07 1.47571689056e-07 2.74831479089e-07 1.72499788438e-07 2.72500276056e-07 3.08419507361e-08 1.34901436158e-07 4.6069747284e-07 5.37875963071e-08 6.42737569643e-08 1.37616736054e-07 1.19101522139e-07 3.81954915554e-08 1.39774037442e-07 8.01347680763e-08 9.52910004046e-08 4.5485114629e-07 1.74698242097e-07 6.35478107804e-08 5.95313043131e-07 1.02235432413e-07 4.43299029397e-07 3.15030715231e-07 3.64442726042e-07 1.90678550063e-07 6.22906526575e-07 2.81277183647e-07 5.89128675031e-07 5.94872061945e-07 6.71147175042e-07 3.21283828907e-07 1.14363601519e-06 6.02824765337e-07 8.87004463623e-07 1.03498721149e-06 9.27043300482e-07 7.22343648557e-07 2.36434706242e-06 1.11866763475e-06 2.2712959605e-06 2.07798132383e-06 1.41045953313e-06 1.01076288789e-06 1.28510076706e-06 4.69147590283e-07 1.18936116511e-06 1.3307379646e-06 7.65733551966e-07 1.95809223482e-06 4.1190567943e-07 1.8545548811e-06 6.88228930089e-07 1.28005166357e-06 1.01542858533e-06 4.47751601034e-07 1.12816490904e-06 9.64915698098e-07 1.44969967766e-06 1.28233208931e-06 2.19858468156e-06 6.72432485646e-07 1.87987646345e-06 4.76079708557e-07 7.79197914506e-07 9.92334496713e-07 7.07352219382e-07 5.00273333181e-07 1.00705307262e-06 3.7884657256e-07 5.45996140158e-07 4.96605524263e-07 5.68267790358e-07 2.97065385937e-07 6.59313779189e-07 1.64319643534e-07 4.28939631475e-07 4.20513160339e-07 4.85551738865e-07 1.33593692362e-07 7.08642151434e-07 6.54761577584e-08 2.42232033454e-07 6.21276276585e-07 1.60544740043e-07 1.13187059561e-07 2.13005650947e-07 4.79883090033e-08 3.54219321481e-07 1.7553114359e-07 2.04863573564e-07 6.57002704272e-07 1.34910815016e-07 4.32699284725e-08 7.10766187522e-07 2.5263163712e-07 2.62739758249e-07 2.35505357068e-07 7.75163470501e-07 1.69390135785e-07 1.07468851715e-06 1.30010988074e-07 9.27510466369e-07 5.10393222829e-07 7.07206197022e-07 5.72787514926e-07 1.06760246361e-06 6.77778014382e-07 8.23912824952e-07 1.21426214994e-06 1.08860789215e-06 6.18298913464e-07 2.65717069857e-06 7.44704078699e-07 2.14858911759e-06 2.96988553214e-06 3.24576198151e-06 1.38166298925e-06 1.75674814209e-06 9.22688505691e-07 1.96203018209e-06 1.79186320441e-06 7.5885649115e-07 1.81186090335e-06 1.15621118489e-06 1.13060945449e-06 1.88540850022e-06 7.06253554745e-07 1.48520283002e-06 1.90557605335e-06 7.55322001696e-07 1.42449274893e-06 1.257855441e-06 1.97569075928e-06 2.73240172566e-06 1.15143726181e-06 5.95246686564e-07 2.21235691943e-06 4.81221006554e-07 9.83404134588e-07 1.05524078485e-06 6.98318566551e-07 5.39236390143e-07 1.01888364898e-06 4.69302271771e-07 6.97568396928e-07 4.73236386333e-07 9.29403155683e-07 9.55612592e-08 1.10644666258e-06 2.05221516522e-07 8.77949994182e-07 2.63398937382e-07 3.6181209929e-07 2.87532939505e-07 7.73924500478e-07 5.5923702359e-08 1.56205916112e-07 7.91621064733e-07 2.5526686148e-07 2.11806333378e-07 4.55842556625e-07 2.47205205022e-08 1.11221885677e-07 3.40464274125e-07 7.12590707252e-07 1.25473669949e-07 2.77526504601e-08 6.54321609341e-07 1.34477870963e-07 3.91632421681e-07 4.18088547373e-07 7.10895012818e-07 3.69369061243e-07 7.68605534127e-07 2.8692667126e-07 7.87807711105e-07 7.26805087906e-07 9.06341471205e-07 5.09062478461e-07 1.84857953975e-06 6.64472286589e-07 1.04702727354e-06 1.03858766088e-06 1.32842092098e-06 9.13096263425e-07 2.51405013963e-06 9.44514111129e-07 1.49280938034e-06 2.64267879753e-06 3.97481421116e-06 2.60245307215e-06 2.45954824937e-06 1.04090264049e-06 1.73126866302e-06 2.76182026693e-06 1.17520796221e-06 2.27528989951e-06 9.34848848388e-07 2.69702485214e-06 9.35865640754e-07 2.09485304409e-06 1.08007255675e-06 2.67558977488e-06 1.26953445353e-06 8.80054260488e-07 2.3619683839e-06 1.50781489005e-06 3.59717071208e-06 1.61637252823e-06 1.29933706371e-06 7.10873205788e-07 2.0694761779e-06 7.78147375771e-07 1.28415077836e-06 8.24302021501e-07 9.80653787001e-07 6.09680693801e-07 1.7963276639e-06 5.25567761362e-07 8.09524224187e-07 6.41581174878e-07 7.55514198706e-07 3.07556585544e-07 8.6082031745e-07 3.70210492735e-07 7.35122276824e-07 5.409434658e-07 4.74570710486e-07 2.16534690738e-07 8.28443852186e-07 5.12754548592e-08 2.06401329566e-07 9.87846147947e-07 4.44195094316e-07 1.45825447035e-07 3.12411543258e-08 7.01902767906e-09 2.25243671507e-07 4.8113278347e-07 9.63496428581e-08 8.45143362746e-09 4.53276762183e-07 1.36546086967e-07 3.88920048077e-07 2.72513080484e-07 5.12894067357e-07 2.33081852713e-07 1.08422513499e-06 8.85310468399e-08 9.04616699444e-07 6.2535914694e-07 7.12219289481e-07 4.53680286732e-07 1.19732173967e-06 9.23590913663e-07 6.15908483012e-07 1.0904276275e-06 9.52897429532e-07 6.17054507819e-07 2.26614831486e-06 5.08939111069e-07 1.51255776765e-06 1.6906380268e-06 2.98272538524e-06 2.98777955998e-06 3.14107225401e-06 4.92636212121e-07 1.58345327614e-06 1.74215621404e-06 9.8305610102e-07 2.03368600641e-06 6.1165331851e-07 1.65557015471e-06 1.55233533698e-06 6.41413865064e-07 1.81537394534e-06 1.01062561884e-06 1.2512626746e-06 1.54211916531e-06 5.40574443519e-07 1.9026275179e-06 2.76285627419e-06 1.78562687841e-06 1.38110781414e-06 1.49421886931e-06 5.00844457932e-07 2.05060906058e-06 5.5063332502e-07 7.9859332844e-07 1.0487959861e-06 5.5649267105e-07 8.85057768414e-07 1.08687342242e-06 4.35476755095e-07 6.01851676675e-07 6.35664227025e-07 8.64068084788e-07 6.61313536733e-08 1.06866448382e-06 2.36475761426e-07 5.55589708123e-07 2.94148479248e-07 4.96778114012e-07 2.02042362106e-07 5.85625810903e-07 1.77068589009e-08 1.48880307018e-07 5.75373552369e-07 2.95335986992e-07 8.97360697606e-09 1.19662020727e-07 6.66582650108e-07 3.2569771494e-07 6.38923567822e-08 9.01953382099e-07 2.95565338127e-07 4.92789331747e-07 4.90722903373e-07 6.18812145946e-07 2.08603202388e-07 1.12732576967e-06 2.60347981282e-07 6.63370875652e-07 7.28488795807e-07 6.70222739544e-07 6.80071927276e-07 1.49459607957e-06 1.0389013977e-06 1.14777597918e-06 1.35685618402e-06 1.38781488868e-06 6.07031037706e-07 2.94179819645e-06 9.04243950232e-07 1.54506570511e-06 2.67811153427e-06 2.6368508226e-06 2.77976769008e-06 4.23532372126e-06 1.90539243423e-06 2.27504111346e-06 2.09978182733e-06 1.4368658207e-06 3.10097959346e-06 1.28103512206e-06 2.29320105966e-06 1.14089887327e-06 2.2458954503e-06 1.2178942271e-06 3.06707112704e-06 1.07640623758e-06 1.90319462339e-06 2.25295165253e-06 1.26171856012e-06 3.93521781122e-06 1.60446905539e-06 2.32842651745e-06 2.16484508657e-06 1.38845863792e-06 6.51852076262e-07 2.44698129818e-06 5.78307251407e-07 1.25919735315e-06 1.13826989162e-06 1.07695658589e-06 9.0538234229e-07 1.40933277296e-06 6.30066821653e-07 7.13203669539e-07 7.34794976049e-07 6.57161569065e-07 2.41893561342e-07 1.22772526379e-06 1.97369024411e-07 6.54284922033e-07 5.45666543301e-07 5.91561222965e-07 3.23648402419e-07 1.04923058552e-06 1.2515792489e-07 4.17266481637e-07 9.05032514055e-07 1.45646554489e-07 2.37080239317e-07 1.18726632465e-07 4.0053700399e-08 3.88540256642e-07 1.42962119621e-07 1.63046355409e-07 2.2821647098e-07 2.96054823666e-07 1.1300807586e-07 2.50067866263e-07 4.09893269509e-08 2.96590417693e-07 2.16123306362e-07 2.90022450386e-07 1.42759674429e-07 6.25338373984e-07 2.68641487551e-07 3.23764531928e-07 5.50735771898e-07 4.72643550512e-07 3.47587572735e-07 8.26821697895e-07 2.50415109191e-07 6.46472062488e-07 8.97163025408e-07 1.20126546785e-06 6.06193698836e-07 1.26658921533e-06 1.3274104612e-06 1.36839342447e-06 8.27469098138e-07 6.23424838734e-07 7.00528934627e-07 6.32726860388e-07 7.38111450936e-07 6.14087183383e-07 6.46920885682e-07 6.3540292869e-07 6.45382143331e-07 5.25120639935e-07 5.37848914067e-07 8.97880357422e-07 6.52502390729e-07 1.34637693774e-06 7.92664355826e-07 5.9391183391e-07 1.09532367181e-06 9.14215245466e-07 5.25342321026e-07 2.29742238983e-07 7.13027884977e-07 2.26728095995e-07 4.53468853926e-07 5.66308434687e-07 3.14568889491e-07 1.84466479493e-07 5.78835581762e-07 1.26569395242e-07 2.70378957804e-07 1.92772495086e-07 3.04848521433e-07 7.76507099041e-08 3.11053452618e-07 1.22526899127e-07 3.12787174492e-07 2.45147424464e-07 2.19437231212e-07 1.48567017669e-07 4.42993296012e-07 4.40513250171e-08 1.4238525075e-07 3.19062373132e-07 3.67127942852e-07 1.85372008455e-07 1.41226706007e-07 1.19300518282e-06 1.88840952152e-07 2.27995358037e-07 4.13198876527e-07 8.76454044773e-07 4.30574682691e-07 1.20706782505e-06 2.89052592315e-07 9.6683277243e-07 8.3890053681e-07 4.14904212015e-07 7.40409459801e-07 1.05836879618e-06 1.20296852949e-06 9.62118175415e-07 1.20778675311e-06 1.50117842837e-06 4.66941444122e-07 2.6202078018e-06 6.42946290194e-07 1.95104377332e-06 2.37236104955e-06 1.98136267109e-06 2.89473861725e-06 3.16561028691e-06 1.70794292393e-06 4.7079401358e-06 4.84599964081e-06 1.13184653992e-06 3.30681833095e-06 1.55655644997e-06 3.32613412651e-06 2.70055840821e-06 1.31236466152e-06 2.35499892968e-06 3.23706061926e-06 1.23242728777e-06 3.29017806454e-06 1.00361282742e-06 3.27611923228e-06 4.49857680852e-06 1.17773268734e-06 2.45049068336e-06 2.43253042314e-06 1.73660775881e-06 2.02113388725e-06 1.60525998004e-06 6.5286024243e-07 2.45311823013e-06 5.6588682649e-07 1.46479497425e-06 9.82660104051e-07 1.01787579977e-06 1.26630529791e-06 9.9848506604e-07 7.81444828657e-07 4.6570955311e-07 7.90953927612e-07 1.01421005695e-06 2.35941695074e-07 1.38822717955e-06 3.87290026107e-07 9.60981837694e-07 5.29122620231e-07 3.65289962624e-07 1.8936078775e-07 1.31993938588e-06 1.60702012735e-07 2.37149539308e-07 4.4379235855e-07 1.15849666156e-07 2.15318211903e-07 7.21572860022e-07 1.79318429844e-07 2.72941407942e-07 6.66129098783e-07 6.44677333764e-07 2.3207818293e-07 9.15028080574e-07 2.4610991361e-07 6.30495999496e-07 8.28920022783e-07 5.73182826418e-07 5.68960101339e-07 1.29718699714e-06 9.69524956131e-07 8.23987166268e-07 1.32556518208e-06 9.70384695931e-07 6.69100110957e-07 2.28788321955e-06 6.05705485431e-07 1.46380110104e-06 2.19847326443e-06 2.2122706617e-06 1.63735809399e-06 3.06028519711e-06 1.15149434974e-06 3.702407299e-06 4.7690340283e-06 2.31558405883e-06 2.96202521341e-06 1.29274585317e-06 2.24758812113e-06 2.00163047543e-06 1.9870363199e-06 2.01262078391e-06 2.09672431369e-06 2.06322235704e-06 1.25567141533e-06 2.71195288264e-06 1.7113439338e-06 4.42761975838e-06 2.26174592563e-06 1.09720198716e-06 2.57873546375e-06 1.35591912688e-06 1.9735942225e-06 1.94560891742e-06 1.26376154029e-06 5.08541805251e-07 1.9913178968e-06 5.57978718562e-07 9.69472571165e-07 1.28428493643e-06 8.24783891907e-07 9.33124976373e-07 1.21553704769e-06 6.12065162295e-07 5.6185584174e-07 8.91523854146e-07 5.89079020345e-07 2.69319503378e-07 1.05692639691e-06 2.5926984584e-07 7.1936341348e-07 7.21366607467e-07 4.41900479816e-07 2.39412260426e-07 9.69196681857e-07 2.58449039636e-07 1.42078551936e-07 1.08929343088e-08 2.9621371e-07 1.84687398799e-07 1.56779303425e-07 3.85604960729e-07 1.72372295391e-07 5.60428894268e-08 5.17450266016e-07 1.7724078012e-07 4.33073219991e-07 4.36231717878e-07 2.0619198551e-07 3.78406493823e-07 6.42890692604e-07 5.6882965418e-07 5.86884077455e-07 8.67060559314e-07 6.67036683826e-07 2.64231095751e-07 1.46960771226e-06 2.95524086703e-07 9.00432110828e-07 8.09600703218e-07 1.16414882745e-06 7.85859790896e-07 1.23245024652e-06 6.40765218278e-07 1.18943706656e-06 2.43843120003e-06 2.05028940597e-06 2.84701404585e-06 9.09804905546e-07 1.35219586936e-06 7.45007189451e-07 1.35915159364e-06 1.06142170387e-06 1.28957981969e-06 7.58465431174e-07 1.22088040722e-06 9.21704219339e-07 1.73848275567e-06 2.11012046561e-06 1.62727546476e-06 9.9243389877e-07 5.99059035881e-07 1.19412037623e-06 7.41251013631e-07 1.19811519574e-06 7.3952806666e-07 8.46488328755e-07 2.61012368244e-07 1.4035283136e-06 2.37483466346e-07 6.3052259061e-07 7.90808172767e-07 5.46372583888e-07 5.38413409495e-07 6.76166517556e-07 3.42474119468e-07 2.35408829411e-07 4.39395935695e-07 3.94055901896e-07 1.95837917963e-07 5.58439421645e-07 5.27438854768e-08 2.54604911244e-07 4.07820519863e-07 2.27314901547e-07 2.52660093622e-07 3.86847542391e-07 1.24063084665e-08 1.07247777453e-06 5.22255124851e-07 5.22447103227e-07 1.52016968543e-06 7.26904951097e-07 3.17530446674e-07 1.25446331963e-06 4.0765577453e-07 1.04962630465e-06 9.00778057052e-07 5.91486546991e-07 1.06900833199e-06 2.43570754596e-06 1.21510984449e-06 1.63548766947e-06 1.01025712924e-06 1.77142835532e-06 7.60377710023e-07 3.2932443829e-06 1.18573984355e-06 1.89218351674e-06 2.47459997615e-06 2.19442204151e-06 3.03278059102e-06 3.79709882345e-06 1.06716324042e-06 5.076086455e-06 3.74253992894e-06 3.0183618338e-06 6.78960855541e-06 3.32072172188e-06 3.85912206332e-06 2.57594644125e-06 2.93120852434e-06 4.12563893803e-06 4.44841651089e-06 2.57927630122e-06 2.53569011372e-06 3.93760971849e-06 2.40150645888e-06 6.37107052689e-06 2.16036260168e-06 3.02407014448e-06 4.67129059223e-06 9.82506136269e-07 3.25723541532e-06 2.59613012665e-06 1.98093779536e-06 2.3261783801e-06 1.66665536225e-06 1.16009961525e-06 2.96086642264e-06 8.36715227391e-07 1.81346629352e-06 8.98891531996e-07 1.681197907e-06 1.13981425975e-06 2.42606400259e-06 9.4795444896e-07 7.5966541591e-07 9.74670594321e-07 1.09258356631e-06 4.00860194714e-07 1.35878725866e-06 4.13291220782e-07 8.81524581385e-07 1.56799818515e-06 6.85759456332e-07 6.34558517553e-07 1.28598415212e-06 1.33285902492e-07 3.7784747763e-07 4.50694379555e-07 2.30141700374e-07 1.76614611272e-07 6.22386275107e-07 1.64154428394e-07 4.44143855877e-07 2.79660781376e-07 1.69671914308e-07 4.01535157191e-07 6.78237479051e-07 4.68915494612e-07 4.75293333602e-07 5.95914989923e-07 6.45430593885e-07 2.00065775411e-07 1.33614228459e-06 2.13108127945e-07 9.82332814389e-07 6.65169486178e-07 9.30449364559e-07 7.0745763836e-07 1.23483403621e-06 3.70378540053e-07 1.11815870246e-06 1.90471050062e-06 7.74120885018e-07 2.95279240442e-06 1.97591121866e-06 2.79131776108e-06 1.13682015601e-06 1.18962538735e-06 1.04416757533e-06 1.95619925611e-06 1.04562398084e-06 1.12227792213e-06 1.24724372389e-06 1.71857419004e-06 2.07710813209e-06 1.59853585041e-06 8.23709207323e-07 1.68953045868e-06 1.1047405472e-06 3.66319908584e-07 1.23729016287e-06 6.74009534251e-07 8.85120958724e-07 6.32693577583e-07 9.41306604724e-07 1.72034814558e-07 1.28218782459e-06 1.72893344889e-07 5.88989535512e-07 6.066231115e-07 4.73554481101e-07 4.80262974586e-07 7.02673936332e-07 3.35303125865e-07 1.79456414491e-07 2.67461341883e-07 4.53014366414e-07 1.73690059272e-07 7.0791319713e-07 1.78508284988e-07 2.95958355615e-07 5.52939323255e-07 4.59358468568e-07 1.75446954143e-07 1.18550592685e-06 6.50352239843e-07 5.69979897816e-07 1.86757585783e-07 1.30881924478e-06 3.91952894251e-07 8.90339760934e-07 9.63434549375e-07 6.62168706098e-07 9.43372322626e-07 1.49654671744e-06 1.19987780453e-06 1.57372911511e-06 9.69361916411e-07 1.65715006458e-06 5.76602039459e-07 3.17343048203e-06 6.93203986395e-07 1.72562663637e-06 2.10151778726e-06 1.95650395038e-06 2.16026756912e-06 2.53139070667e-06 9.54743314442e-07 3.54091811229e-06 2.92323755477e-06 2.29308532904e-06 4.71555027755e-06 2.7550517344e-06 6.28671385811e-06 5.15608720333e-06 2.71877993782e-06 3.41921261555e-06 3.95491019964e-06 3.57443293152e-06 3.35561899466e-06 2.90562311761e-06 3.46181770867e-06 6.18457033364e-06 2.02371565805e-06 4.02141282056e-06 2.00639506836e-06 2.76207119353e-06 3.28331092277e-06 9.77653836647e-07 2.47811495368e-06 1.86440701909e-06 1.89577381154e-06 2.02124618355e-06 1.5489011162e-06 6.74824464863e-07 2.87008558246e-06 7.37494307162e-07 1.54101995957e-06 8.99624287968e-07 1.44862734858e-06 1.13553990729e-06 1.5163481453e-06 8.36162825601e-07 6.96437979479e-07 1.10724935251e-06 8.96060501656e-07 4.70924367872e-07 1.45272811403e-06 2.79628918554e-07 7.6875359097e-07 8.14960738499e-07 1.35867879939e-06 1.15183946388e-06 5.98772215996e-07 1.78669428495e-07 1.11785717589e-06 3.88279832162e-07 7.8795853248e-07 5.06279663817e-07 5.42626559149e-07 6.63464805599e-07 1.08795556062e-06 5.55493070981e-07 1.00408901985e-06 6.2510080847e-07 8.15912337243e-07 4.72840075749e-07 1.5986011332e-06 5.30351841128e-07 1.23741692561e-06 1.19659431818e-06 1.61743183816e-06 1.35969057008e-06 1.82724483578e-06 6.13149800441e-07 2.46508839121e-06 2.03728959935e-06 1.07938707178e-06 3.75101475763e-06 1.23839481837e-06 4.42221759058e-06 3.9156537148e-06 2.9527428337e-06 1.96810918813e-06 2.44118542499e-06 1.55252466584e-06 2.1874542614e-06 1.96977232615e-06 2.05146915456e-06 3.97396543739e-06 2.64201307481e-06 1.22994368082e-06 3.3391884297e-06 1.17489855023e-06 1.79970201659e-06 2.33309363369e-06 6.37401208062e-07 1.58653746276e-06 1.35960954666e-06 1.51197447323e-06 1.25437094604e-06 1.13959712464e-06 5.89014810421e-07 1.59917174235e-06 4.76561600677e-07 8.3979846986e-07 5.51345546194e-07 1.07092299644e-06 5.83694620586e-07 1.17227625926e-06 7.22548375323e-07 6.01657028234e-07 5.79517386214e-07 8.64450128207e-07 4.20819128736e-07 1.23597813661e-06 1.73043950307e-07 6.1758364639e-07 1.68762099489e-06 1.01822346565e-06 2.50128471138e-07 1.0944027006e-06 2.28542886131e-07 4.57865426217e-07 5.64304634716e-07 5.29804147064e-07 5.71725695663e-07 8.89318517906e-07 9.02400316432e-07 7.49846608566e-07 7.01484422347e-07 1.11767288246e-06 3.39514513565e-07 1.95969373699e-06 3.81191215796e-07 1.27040664081e-06 9.70589028553e-07 1.34152361122e-06 1.63979699146e-06 1.74435213876e-06 4.41434782739e-07 1.65355042007e-06 2.38042271432e-06 1.14835744352e-06 2.74053585499e-06 1.67290028063e-06 2.83969285679e-06 2.60870767495e-06 3.3403654681e-06 3.62013863778e-06 2.57297753018e-06 1.90922855418e-06 1.86138147684e-06 2.64149089082e-06 2.66664478117e-06 3.67330917347e-06 1.79269214132e-06 2.65505922624e-06 1.56333215345e-06 2.51598045335e-06 1.02052263889e-06 2.23856202222e-06 1.51055475685e-06 4.39251994197e-07 1.59627585359e-06 1.49035387002e-06 1.23847357523e-06 9.27983882297e-07 1.05106378274e-06 3.69532467687e-07 1.69969195941e-06 3.7833333043e-07 9.34676839191e-07 8.52930875305e-07 6.31669151016e-07 8.2039175182e-07 1.05520802972e-06 5.50103598475e-07 4.78186655411e-07 6.90612254651e-07 5.22907950627e-07 2.29206074558e-07 1.20597948554e-06 3.32717122091e-07 1.31834557208e-06 1.63852740492e-06 1.90211201884e-06 5.00392719281e-07 6.72441084683e-07 1.06703709048e-06 5.78941199849e-07 6.138800528e-07 1.6644602011e-06 1.11932082714e-06 1.69457467667e-06 7.31820609056e-07 1.86344597269e-06 9.29180131455e-07 1.78210931464e-06 6.49008602086e-07 1.11502164663e-06 1.87583759963e-06 1.97898719868e-06 2.14205639155e-06 2.69461647993e-06 6.41125529569e-07 3.29068922439e-06 2.42338747658e-06 1.61552265577e-06 4.84553751322e-06 1.62394446087e-06 5.81689588638e-06 3.04892765107e-06 3.8053920853e-06 5.95472408948e-06 6.42495938492e-06 3.16411872341e-06 2.80396869399e-06 3.86448210839e-06 4.78795208242e-06 6.2123099914e-06 2.9944296895e-06 2.57203584728e-06 5.32663143726e-06 1.40803080303e-06 4.59530273167e-06 1.52440003554e-06 2.24892076774e-06 3.29455253307e-06 6.78843449925e-07 2.70139313643e-06 1.99889517913e-06 1.98087978003e-06 1.98764381151e-06 1.09257246457e-06 7.84323763206e-07 1.62488849079e-06 1.00042958808e-06 1.86759105991e-06 6.52494184013e-07 1.67002744965e-06 9.72390275389e-07 1.87488761173e-06 7.21318418709e-07 5.63056137406e-07 1.19447823058e-06 7.51548794168e-07 4.75859726562e-07 2.06413740958e-06 2.08551098079e-06 4.49806528201e-06 3.32576670235e-07 4.78764831247e-07 1.18298686603e-06 6.76576532748e-07 5.63440162005e-07 1.1192692547e-06 1.07192170077e-06 7.6988978989e-07 5.77770752214e-07 1.04766007668e-06 6.04021343653e-07 2.32983607919e-06 4.64009916409e-07 1.04950505683e-06 1.28149121118e-06 1.57000381414e-06 1.82918364316e-06 1.77000924709e-06 7.04253571866e-07 2.4879922873e-06 2.30432547202e-06 8.77995809775e-07 3.85170574146e-06 1.50588004176e-06 3.10327807191e-06 3.14530493528e-06 2.44017563519e-06 4.29280873695e-06 5.43802135238e-06 3.98232608084e-06 2.54021969606e-06 2.70945018945e-06 2.67896946099e-06 5.37080070812e-06 2.82573485486e-06 2.28733537143e-06 2.81829138851e-06 3.05475878591e-06 1.37181081452e-06 3.56287204213e-06 9.86836591523e-07 2.24695890925e-06 2.09432020812e-06 6.77050861295e-07 1.79482199522e-06 1.79183918442e-06 1.43673189011e-06 1.20485143357e-06 1.07445849771e-06 4.18306125133e-07 2.26348489129e-06 5.14415295769e-07 9.90578216337e-07 7.01112377106e-07 8.77963312812e-07 1.14536572916e-06 1.0877101749e-06 6.1894638452e-07 6.92389199111e-07 1.23782228985e-06 5.42387576466e-07 4.06264796286e-07 5.61831697043e-06 1.84860777121e-06 5.04311699165e-07 1.27147112108e-06 6.52499743996e-07 8.25331140739e-07 1.43899574161e-06 6.74562061504e-07 1.27957588563e-06 6.27130141248e-07 1.49812603746e-06 7.1655496776e-07 2.13215568586e-06 7.88835082886e-07 1.11284599197e-06 1.78914034592e-06 1.65613138235e-06 2.05855445784e-06 1.81466727874e-06 8.79985403124e-07 3.42080062556e-06 2.18426743622e-06 1.33353299248e-06 3.72624981793e-06 1.82666491025e-06 4.44443430837e-06 2.73237440401e-06 3.43760692173e-06 4.08891688606e-06 5.20975673955e-06 5.09125767129e-06 5.21472691848e-06 2.25662538099e-06 4.08362357195e-06 5.78395788115e-06 4.15682913602e-06 4.12161264502e-06 3.04647190355e-06 2.55187669558e-06 4.1177787361e-06 1.67371859113e-06 3.57591627035e-06 1.29159266434e-06 2.15463740142e-06 3.21062399288e-06 1.03217545895e-06 1.91641746453e-06 1.90618577955e-06 1.88795689314e-06 1.83900569251e-06 1.0523324116e-06 9.08550053727e-07 2.22204613219e-06 7.08518550958e-07 1.488002188e-06 7.68062477824e-07 1.31006572903e-06 6.92753407486e-07 1.59805646032e-06 8.22191525949e-07 6.84529675611e-07 1.2552847904e-06 6.23809547968e-07 2.16743904569e-06 3.69841903422e-06 1.67602349859e-06 4.40654163689e-07 6.57846846137e-07 1.35933416748e-06 9.90801544336e-07 9.1103694881e-07 5.5217260089e-07 9.56082764387e-07 5.2673345036e-07 1.27329012987e-06 4.86986398065e-07 1.32922676284e-06 1.0724099988e-06 1.60107013421e-06 1.15985342154e-06 1.6214562855e-06 4.59848000008e-07 2.50650129944e-06 2.14878732602e-06 1.03589842887e-06 3.29127198262e-06 1.09162495995e-06 3.43848479888e-06 2.24939503319e-06 2.0465420641e-06 3.64487182301e-06 2.86394030885e-06 3.77478154428e-06 4.28344828032e-06 4.14400753358e-06 3.09660698339e-06 4.65304483654e-06 2.72741126601e-06 2.90185441928e-06 3.26129718311e-06 2.13582325587e-06 1.99583026291e-06 3.54310466471e-06 1.0303808593e-06 3.23813351945e-06 9.91848716138e-07 2.12072666726e-06 2.27414497937e-06 4.36301091437e-07 1.57309682207e-06 1.08251333266e-06 1.55164534448e-06 9.80585239636e-07 1.24737994129e-06 4.61011857379e-07 1.29854544024e-06 5.15559961822e-07 1.01089600062e-06 6.57702252182e-07 8.82584652309e-07 1.07103233727e-06 1.39604887454e-06 6.94081865591e-07 5.04440248271e-07 1.71537911124e-06 4.28753205918e-06 3.8798568254e-06 6.83131169454e-07 4.55198615306e-07 9.45186097762e-07 5.78822119104e-07 7.37501841269e-07 4.99391011997e-07 9.53537080477e-07 6.19159101843e-07 1.32735011799e-06 5.32245947067e-07 1.0439784597e-06 1.29380531702e-06 1.10473285904e-06 1.21568069084e-06 1.44235907873e-06 4.99164053873e-07 2.06145979738e-06 1.41264487372e-06 9.55371327529e-07 2.4509942171e-06 1.25177347184e-06 1.85091095756e-06 2.34425886265e-06 1.73611346748e-06 2.71731008953e-06 2.79936284496e-06 2.38685246965e-06 2.91806106494e-06 4.61444638465e-06 4.81198127229e-06 4.47535513151e-06 2.40632846304e-06 2.25372601305e-06 2.69492294784e-06 2.48748554866e-06 1.73538605651e-06 2.14473888059e-06 1.94459881413e-06 1.16010250826e-06 2.27028474665e-06 1.01208313624e-06 1.36491125302e-06 2.05695386295e-06 4.45066589642e-07 1.41343537022e-06 1.23997727845e-06 1.10930766379e-06 1.14342244462e-06 1.01668265049e-06 5.48184543575e-07 1.38108906671e-06 5.77297030883e-07 8.41257627419e-07 6.19602658083e-07 6.9117853278e-07 6.08679335044e-07 9.64839412608e-07 4.92522240416e-07 7.40321651501e-07 4.34112270211e-06 6.64345095629e-06 2.065060815e-06 3.83748520456e-06 1.77451032127e-06 1.90154389026e-06 1.06093043118e-06 1.68245395102e-06 1.47772252545e-06 3.45224934896e-06 1.20293842838e-06 1.64842825463e-06 2.41348640198e-06 3.77379527312e-06 1.91256319767e-06 3.54437891777e-06 8.48674426213e-07 4.79328440427e-06 3.15076414946e-06 1.81164004492e-06 6.5718338971e-06 2.05614522374e-06 5.65624989422e-06 3.72463222087e-06 4.17427026795e-06 6.34998205297e-06 4.69695979806e-06 6.71880850231e-06 4.54851936094e-06 7.56701187753e-06 8.9182544922e-06 1.11320071087e-05 5.88470194895e-06 4.6107015285e-06 6.8301764248e-06 4.7012765097e-06 6.2523036207e-06 4.17834510997e-06 3.40405243422e-06 5.97174347534e-06 1.9997101298e-06 6.51439704526e-06 1.88310239009e-06 3.34243792963e-06 4.27379300131e-06 1.08708346355e-06 3.6991491006e-06 1.85046911449e-06 3.76387195398e-06 2.37354924318e-06 1.68975426603e-06 1.14187965474e-06 3.56089272973e-06 1.24678174297e-06 1.88982486595e-06 1.17451452098e-06 1.81499518402e-06 1.96644960557e-06 3.93617440682e-06 2.23105503939e-06 7.07021267246e-06 2.46852566632e-06 2.41662062214e-06 1.1717829467e-06 8.00885222999e-07 4.59267794453e-07 6.99530847079e-07 5.78485358241e-07 1.24983310496e-06 3.24011768259e-07 8.00066253603e-07 5.546959843e-07 1.35089933012e-06 6.60812895037e-07 1.12431491781e-06 2.01684284119e-07 1.77312037893e-06 9.60701045246e-07 8.4884739221e-07 2.09275495647e-06 8.88536208023e-07 1.65279724403e-06 1.92488463324e-06 1.01869966498e-06 2.29318151584e-06 1.7881450198e-06 1.78574267247e-06 2.29456647005e-06 2.06268193931e-06 3.23387689073e-06 6.1856832118e-06 3.23387689073e-06 2.06268193931e-06 2.29456647005e-06 1.78574267247e-06 1.7881450198e-06 2.29318151584e-06 1.01869966498e-06 1.92488463324e-06 1.65279724403e-06 8.88536208023e-07 2.09275495647e-06 8.4884739221e-07 9.60701045246e-07 1.77312037893e-06 2.01684284119e-07 1.12431491781e-06 6.60812895037e-07 1.35089933012e-06 5.546959843e-07 8.00066253603e-07 3.24011768259e-07 1.24983310496e-06 5.78485358241e-07 6.99530847079e-07 4.59267794453e-07 8.00885222999e-07 1.1717829467e-06 2.41662062214e-06 2.46852566632e-06 1.43106392511e-05 3.88385063988e-06 2.48285424233e-06 3.10596360226e-06 2.28226840605e-06 1.56444280487e-06 2.56398826766e-06 8.68165754458e-07 2.22552891562e-06 2.16449939817e-06 2.60485643412e-06 2.0591221895e-06 3.730804948e-06 6.58253562556e-07 4.31547100608e-06 2.75446978272e-06 2.09739628516e-06 5.01004244755e-06 2.09142887186e-06 5.71660848769e-06 3.81210995887e-06 3.30212854526e-06 5.0244290376e-06 5.15511872321e-06 5.30024029961e-06 4.09593485038e-06 5.7937805133e-06 7.2908825108e-06 1.01047569127e-05 8.03608872055e-06 8.77243220854e-06 5.23624552596e-06 4.21354441296e-06 5.47663087554e-06 5.4058000213e-06 4.81480619455e-06 3.41968679074e-06 3.60586897754e-06 5.80850690006e-06 2.08847490132e-06 4.8140656791e-06 2.19935098302e-06 3.04686915623e-06 3.82383762583e-06 9.19256294933e-07 3.78139311772e-06 2.26656640629e-06 2.66601613487e-06 2.14925766481e-06 2.17234875536e-06 9.60954115297e-07 2.70587216091e-06 1.08071592618e-06 2.07797187063e-06 3.14298007469e-06 2.23992643645e-06 3.76394104259e-06 1.38989843695e-05 6.4547520248e-06 1.98365695915e-06 2.14220660209e-06 1.76203165175e-06 8.89757982762e-07 1.88996850336e-06 7.79090266788e-07 1.52441146718e-06 1.35861732921e-06 1.99020727919e-06 1.10425138809e-06 2.37727906655e-06 5.60149214557e-07 2.47749527788e-06 1.77729061287e-06 1.20057504229e-06 4.11771372518e-06 1.41667431125e-06 3.23701232596e-06 2.64336044528e-06 2.14602092813e-06 4.07523428343e-06 2.32593731311e-06 3.97782485833e-06 3.17593376524e-06 3.603054347e-06 5.50372393866e-06 6.13663018548e-06 6.0835642975e-06 5.25423113056e-06 6.2565662973e-06 3.50143636807e-06 2.89978026194e-06 4.00568063324e-06 2.46182791921e-06 3.95313858203e-06 2.24086898275e-06 2.49293330185e-06 3.25293265652e-06 1.32438222256e-06 3.82653534821e-06 1.24938147855e-06 1.88344734694e-06 2.34571242564e-06 6.38312416417e-07 2.34772101504e-06 1.10844936179e-06 1.93920861939e-06 1.3721146933e-06 1.41064395711e-06 7.56555132857e-07 2.07516843874e-06 6.9851863329e-07 1.61584055287e-06 2.15106953115e-06 1.86496279129e-06 6.01458592565e-06 8.80505737096e-06 3.96266866237e-06 3.71586888142e-06 1.90162972088e-06 4.1750089915e-06 1.53219385699e-06 1.9201208801e-06 2.16365055921e-06 2.85713950732e-06 1.5052063875e-06 2.8378741496e-06 7.95809518863e-07 4.65170939961e-06 2.38409804535e-06 1.79537143855e-06 4.32181435139e-06 2.36754567211e-06 3.77443069463e-06 3.69260685699e-06 3.35856453221e-06 5.03497797344e-06 4.41849842978e-06 4.35120245093e-06 4.60727089503e-06 4.56546625075e-06 6.67008425292e-06 9.34002116214e-06 5.64140838473e-06 6.67641099572e-06 8.3020659749e-06 8.91411847059e-06 4.27234244404e-06 5.0439419142e-06 4.51266409172e-06 4.58145603469e-06 5.20017220499e-06 3.46176694165e-06 3.71716798669e-06 3.91727855327e-06 2.25225394335e-06 4.16180474153e-06 1.99486644617e-06 2.63369500089e-06 4.34504437101e-06 9.79008038336e-07 2.92753227531e-06 1.68908572408e-06 2.79722167514e-06 2.12998889934e-06 1.95954377016e-06 1.31029860168e-06 4.11169514387e-06 1.96972392726e-06 3.34128130904e-06 3.74781530058e-06 7.59769889544e-06 7.82206028039e-06 3.72432293357e-06 1.51957111313e-06 3.86525279118e-06 1.51438943528e-06 1.84219404412e-06 1.81210281643e-06 2.84194459216e-06 1.70729741389e-06 2.92137209299e-06 6.78809825152e-07 3.37159262467e-06 2.69447628178e-06 9.97778647657e-07 4.42344397382e-06 1.30399467214e-06 4.08711333425e-06 2.64392825498e-06 2.37810126534e-06 4.77467454908e-06 3.15542109845e-06 4.21073079469e-06 2.94817980172e-06 4.63783048315e-06 5.14396179421e-06 6.98611111823e-06 5.46983233657e-06 4.24967597488e-06 6.51212947883e-06 6.26350378656e-06 6.47698043895e-06 4.25776680625e-06 2.98738295262e-06 4.49524923815e-06 3.00122558285e-06 4.85023773028e-06 2.38991033574e-06 2.48644584862e-06 4.20945126219e-06 1.29426389552e-06 4.44120796611e-06 1.17410813825e-06 2.99504013288e-06 2.90759350848e-06 8.05208757111e-07 2.63543181852e-06 1.68271325844e-06 2.4932611429e-06 1.79116097819e-06 1.90691347868e-06 1.26956173418e-06 3.6081174298e-06 1.43405112349e-06 3.22717953399e-06 6.67350761043e-06 1.01362380598e-05 2.35362772945e-06 6.01534711433e-06 1.75373809366e-06 2.27081878423e-06 2.82991322432e-06 2.87749462121e-06 2.54909998784e-06 3.69691399497e-06 8.88819382281e-07 3.7606620461e-06 2.88383384247e-06 1.68231875014e-06 3.78127124624e-06 1.71000550821e-06 3.36463201096e-06 3.80608469228e-06 2.5946955099e-06 5.39954661714e-06 4.51915259659e-06 4.41547323577e-06 4.22472622065e-06 3.96925855048e-06 7.45168225562e-06 7.82709560142e-06 5.48087691791e-06 5.71930302314e-06 5.66146586682e-06 7.29871933436e-06 6.7429092441e-06 9.85586994135e-06 3.85998144557e-06 4.62767241097e-06 4.5353973034e-06 4.65908938484e-06 5.47290089711e-06 2.67801946346e-06 3.81628090739e-06 3.45209166804e-06 1.85995784444e-06 3.61985283404e-06 1.88155155768e-06 2.87455974825e-06 3.49488248513e-06 1.12391057725e-06 3.49536919515e-06 2.58657763221e-06 2.67831093422e-06 2.5693638783e-06 2.23552631489e-06 1.44559535985e-06 5.14848147329e-06 1.99501950139e-06 8.10121998557e-06 7.14638673912e-06 7.81145338231e-06 1.94181579167e-06 3.47241823549e-06 3.58138425803e-06 4.24787309182e-06 2.73543340058e-06 4.70833278488e-06 1.02836185354e-06 5.32512887768e-06 3.26306929464e-06 1.79903269178e-06 7.42540703875e-06 1.35870848702e-06 5.40769624842e-06 3.18218782887e-06 3.33494996815e-06 5.69181281099e-06 4.30695061886e-06 6.09179412168e-06 4.2072179795e-06 6.11075402358e-06 5.81603607078e-06 9.78231952107e-06 6.05293775207e-06 5.4599714232e-06 7.15903655698e-06 5.54615039544e-06 7.56464567294e-06 8.82444712215e-06 7.50223532632e-06 5.91936775336e-06 4.30568218976e-06 6.5762786034e-06 4.55218129248e-06 5.86646352995e-06 3.43760378316e-06 3.28992899456e-06 5.60442949462e-06 1.51761322014e-06 7.02410307481e-06 2.00723172065e-06 3.36907048523e-06 4.79672261138e-06 1.17268939035e-06 4.32108642436e-06 2.65947578168e-06 4.07200895457e-06 3.28301355797e-06 3.16236324547e-06 1.78760081025e-06 6.50829462347e-06 5.40672842607e-06 1.62073476929e-05 2.07480110952e-06 2.97556051181e-06 3.00857678716e-06 3.90781937897e-06 2.40667262937e-06 3.10715487002e-06 1.27345853277e-06 3.4915837662e-06 3.15970745375e-06 1.28416190009e-06 5.39697906859e-06 1.97612168945e-06 2.86593246262e-06 3.53397875948e-06 2.05368406901e-06 5.81812008497e-06 2.85429633627e-06 5.07656826751e-06 4.46991365509e-06 3.69980008951e-06 6.7612436379e-06 7.19953708061e-06 6.16621772897e-06 4.2013489342e-06 5.19000144764e-06 5.6067419353e-06 4.38863116121e-06 8.20083907674e-06 6.13466377921e-06 9.30469129052e-06 3.55710213349e-06 4.79737710932e-06 5.47148097275e-06 3.20891016089e-06 5.82884838963e-06 2.18612059526e-06 3.54231756462e-06 3.0184963827e-06 2.10893411359e-06 5.18120983686e-06 1.40113483821e-06 3.34732545464e-06 3.08005260231e-06 1.34492841105e-06 2.8482638971e-06 2.20422815058e-06 3.52152793276e-06 2.6766103572e-06 2.53406036457e-06 1.76594967975e-06 1.23527420294e-05 7.96055404603e-06 5.09865310181e-06 4.76251873426e-06 5.66390452798e-06 3.5646127873e-06 5.01534352671e-06 1.47949934546e-06 5.56678480409e-06 4.15228711708e-06 2.50742625709e-06 5.86140777922e-06 2.22279487488e-06 6.71458102582e-06 3.40868359368e-06 3.69577113228e-06 6.35180407173e-06 4.85367559472e-06 6.08597181046e-06 5.00586806344e-06 6.53400299172e-06 7.29557598272e-06 1.08126021551e-05 5.90085102814e-06 6.96648579098e-06 6.28030400842e-06 6.73108276407e-06 6.46682321762e-06 7.18707517933e-06 7.49095572846e-06 9.92257850364e-06 9.01862927646e-06 6.38278206121e-06 5.10300673082e-06 6.33232741315e-06 4.78952871753e-06 6.3543303764e-06 3.74800308534e-06 3.48446030132e-06 6.54946739515e-06 2.45655347597e-06 5.35855771055e-06 2.53251439869e-06 4.32833443863e-06 5.15767291565e-06 1.56143487432e-06 4.67202160464e-06 3.11757842782e-06 4.77948751235e-06 3.98253944519e-06 3.93581038891e-06 5.76378449645e-06 1.27227546281e-05 5.40199507604e-06 5.85866224663e-06 3.5933190516e-06 4.86604511901e-06 1.4910547993e-06 3.8829591057e-06 4.1416375749e-06 1.81017369279e-06 6.12205821273e-06 1.35889088877e-06 5.92105802437e-06 3.58222539839e-06 2.91260706177e-06 5.49160454381e-06 3.64582463559e-06 5.3640240702e-06 4.0102660328e-06 5.18823972107e-06 8.73170860465e-06 8.61377582729e-06 7.78806000034e-06 4.59243019882e-06 6.76773313466e-06 5.50604575203e-06 5.3857377633e-06 7.22922296396e-06 4.79724143673e-06 9.91505560152e-06 6.99235426149e-06 1.11156559493e-05 4.98755738177e-06 4.3146845916e-06 5.68892020257e-06 3.85806375546e-06 5.59232242578e-06 2.84373518511e-06 3.71036186952e-06 5.66609857799e-06 1.40204831519e-06 5.83286300341e-06 1.817668633e-06 3.83518769884e-06 3.33311160482e-06 1.36446229518e-06 4.21311778883e-06 3.11817811518e-06 4.70082222033e-06 4.39396335796e-06 8.85219228986e-06 1.99119587519e-05 9.57826727704e-06 5.92250015281e-06 7.35818178784e-06 2.32630916609e-06 6.42808676201e-06 5.4437924561e-06 2.93596215776e-06 8.16633193601e-06 2.74501055614e-06 6.45248696663e-06 4.4779643391e-06 5.53754138054e-06 6.04413153719e-06 6.14471787223e-06 6.45862579417e-06 6.6402484198e-06 6.77891429892e-06 1.07691208592e-05 1.27187541383e-05 8.11189967609e-06 8.12176186414e-06 6.85830874373e-06 8.83875355229e-06 6.79141242215e-06 9.03079233894e-06 7.13153944421e-06 8.60566094484e-06 9.89679152566e-06 1.13290154929e-05 1.36843191864e-05 6.70154606933e-06 6.73006078401e-06 7.05272791517e-06 6.25077555928e-06 6.23186342639e-06 5.50283933064e-06 4.55143821972e-06 5.94032007448e-06 3.0088013442e-06 7.67554315047e-06 3.18613381253e-06 5.080503236e-06 5.75385819625e-06 1.86981114574e-06 6.63978352729e-06 4.630404304e-06 7.16548561773e-06 1.38232865243e-05 2.17525244409e-05 6.19143951829e-06 7.66862312173e-06 2.42376883093e-06 6.24287623226e-06 5.84997995193e-06 2.14243935748e-06 8.06411892534e-06 2.25847415447e-06 7.35186858124e-06 2.95977967707e-06 4.70554735453e-06 7.38506438152e-06 4.48338440218e-06 6.71950708667e-06 5.19105261487e-06 6.88545629772e-06 1.0284775388e-05 1.1228676355e-05 9.75029680679e-06 5.80358642325e-06 8.25737459452e-06 5.71672578339e-06 7.45874540062e-06 7.79757385139e-06 5.52824796773e-06 9.13247029099e-06 5.99557372648e-06 1.23133826063e-05 9.26998550289e-06 1.30837795303e-05 6.88762054353e-06 5.40341741908e-06 7.23644981404e-06 4.32373386794e-06 7.55377024342e-06 4.56960177493e-06 2.94299461048e-06 7.25408035319e-06 2.53913381665e-06 7.32672531317e-06 2.30342310604e-06 5.34956600412e-06 5.67830333537e-06 1.97691125131e-06 6.46684708981e-06 4.70624317753e-06 1.36135542281e-05 2.00143272312e-05 9.28409958861e-06 3.22388039522e-06 7.01566776668e-06 7.25238731937e-06 2.66241167961e-06 7.16721270252e-06 2.54125866963e-06 7.50588042888e-06 4.08599975849e-06 4.35675979426e-06 7.20936729579e-06 6.60100606145e-06 6.10694268316e-06 6.03557748194e-06 6.20097525225e-06 1.10009677521e-05 1.22909058895e-05 8.32478463235e-06 7.72068638123e-06 6.16135910544e-06 8.61729524661e-06 4.94698303718e-06 1.02654937347e-05 4.86373507567e-06 8.62795532913e-06 6.65727285461e-06 8.21327558736e-06 1.04532982974e-05 1.10497957795e-05 1.37174452107e-05 6.09236002901e-06 5.94061547515e-06 6.80478662587e-06 6.61108192253e-06 7.43745822837e-06 4.24967543608e-06 4.2760649993e-06 7.14701087681e-06 2.90317165216e-06 6.29145432613e-06 2.78571639609e-06 6.3761213061e-06 6.28741378452e-06 2.42923364417e-06 7.2587424868e-06 1.27989483849e-05 3.34537166286e-05 5.16998406836e-06 9.32815638908e-06 8.87275063133e-06 3.98841346378e-06 1.03227332055e-05 2.54874683364e-06 1.01643818783e-05 4.76875955164e-06 6.17896404334e-06 7.127974169e-06 7.62433653473e-06 9.02003964132e-06 6.04039816312e-06 8.42493170589e-06 1.28854667056e-05 1.49458451354e-05 1.21653326085e-05 7.92424298657e-06 1.06667059316e-05 7.57088896682e-06 8.97369234488e-06 8.03377446857e-06 7.52304752007e-06 9.29516886886e-06 7.40984647196e-06 1.17982242523e-05 8.12685437007e-06 1.47242044232e-05 1.25219841973e-05 1.60607768484e-05 8.51906175567e-06 6.39256858289e-06 9.58491199308e-06 7.21421362954e-06 7.03012961758e-06 6.02981281647e-06 4.71096789013e-06 8.90195159348e-06 2.80346283432e-06 9.13610350985e-06 3.94828332952e-06 7.29147784939e-06 7.95371550773e-06 3.58660273885e-06 1.93389657384e-05 1.00385772408e-05 9.80449398985e-06 8.4546201229e-06 3.9029207863e-06 9.35827684769e-06 2.32013426452e-06 7.84521263643e-06 4.99024942409e-06 4.57717179278e-06 7.36945924574e-06 5.35706344664e-06 7.2390591436e-06 6.80689300187e-06 6.05991012733e-06 1.08525542343e-05 1.25809660618e-05 9.61871420007e-06 7.22120716999e-06 6.65023587691e-06 8.1815104162e-06 5.80439076738e-06 9.30334254243e-06 2.92743015643e-06 9.22664580391e-06 5.74708944053e-06 8.54988253362e-06 7.56869837931e-06 7.49715941815e-06 1.21939486869e-05 1.07253974094e-05 1.34184804796e-05 5.60193408799e-06 6.56208843575e-06 8.213975866e-06 4.81578504443e-06 7.45555723351e-06 4.53142004231e-06 4.97826781933e-06 6.71486204827e-06 2.48240862681e-06 7.87514177129e-06 3.59671442575e-06 6.7906118506e-06 7.48084044578e-06 6.05699618256e-06 4.32293769469e-05 1.46957023326e-05 7.12895773899e-06 1.37468340542e-05 4.15239924235e-06 1.17560092429e-05 5.30498428597e-06 7.25486470386e-06 1.04110226126e-05 8.85530589435e-06 7.94822399326e-06 9.41258925966e-06 1.04902902379e-05 1.3700334798e-05 1.65769737575e-05 1.26394591207e-05 1.08175001697e-05 1.00168910468e-05 8.76170645522e-06 1.04347569131e-05 9.4216127187e-06 7.12774458776e-06 7.48537851278e-06 8.81044458727e-06 1.0862002666e-05 8.63382775801e-06 1.0990535822e-05 1.11226617198e-05 1.48391692189e-05 1.4012404974e-05 1.68586020297e-05 1.06922827304e-05 8.82671524077e-06 8.26819770596e-06 8.63870928201e-06 9.72285771012e-06 7.09590491635e-06 5.20699966034e-06 9.88462916604e-06 4.14297783954e-06 1.12511169774e-05 5.30545120053e-06 1.07010450946e-05 2.35304665772e-05 3.06070769568e-05 6.93387824624e-06 1.25855314039e-05 3.96912761699e-06 1.06781484425e-05 4.60070149849e-06 5.2393503058e-06 9.64967745472e-06 6.43779819342e-06 7.61104375906e-06 6.91674841231e-06 6.46021236297e-06 1.43799543611e-05 1.27462598954e-05 1.08511095712e-05 7.42490980604e-06 7.72491814902e-06 7.37513558835e-06 6.18444701078e-06 9.80452150471e-06 4.14183508574e-06 8.26086649547e-06 3.91142163078e-06 9.9409983081e-06 6.26680959877e-06 7.36667207959e-06 8.95942051806e-06 7.11165009696e-06 1.31522585589e-05 1.00356717999e-05 1.64762999847e-05 6.11445349292e-06 5.84901671897e-06 7.96092677914e-06 5.83243194892e-06 8.78150849218e-06 4.81987844354e-06 4.64076114572e-06 8.35256351611e-06 3.48333927301e-06 9.62379056922e-06 4.50759178979e-06 1.68555261692e-05 2.58160217028e-05 2.65530301478e-05 7.53456844419e-06 1.78190390194e-05 8.33829354668e-06 1.05035430153e-05 1.25988958403e-05 1.10370142921e-05 1.22427813056e-05 1.20590704073e-05 9.39228883929e-06 2.30580978436e-05 2.18284290558e-05 1.4963318212e-05 1.35139336092e-05 1.09153184116e-05 1.3008461668e-05 1.02387152825e-05 1.2004371816e-05 9.6692996603e-06 9.97748165491e-06 9.50502315766e-06 9.95492108674e-06 1.13579185267e-05 1.03874664109e-05 1.27883260519e-05 1.1480017092e-05 1.40748143357e-05 1.67646346509e-05 1.87336517086e-05 2.5929297481e-05 9.57769080178e-06 1.08253030003e-05 1.23912606562e-05 1.08227405918e-05 1.0637147852e-05 9.51719054144e-06 7.88016401364e-06 1.43676698434e-05 5.969011547e-06 1.91580942715e-05 1.43944379359e-05 6.81149828989e-05 1.0782346596e-05 2.04892583489e-05 9.61071553582e-06 1.14772472929e-05 1.49528172589e-05 9.11830356048e-06 1.4077467106e-05 1.19894234531e-05 1.09245046554e-05 2.07979726528e-05 2.08084316191e-05 2.20850726484e-05 9.12282105472e-06 1.44320442915e-05 8.63537113523e-06 1.11836537484e-05 1.0291207528e-05 6.7444285333e-06 1.14383035886e-05 7.18430639289e-06 1.17176250775e-05 6.7590650563e-06 9.84689383168e-06 1.17646613992e-05 8.1911947262e-06 1.56042684588e-05 8.72227354853e-06 2.44257780111e-05 1.65314857566e-05 2.35229664787e-05 1.09494715849e-05 1.03241803895e-05 1.34295824322e-05 8.68113346419e-06 1.23716862684e-05 9.69401861037e-06 8.3503400393e-06 1.5600582017e-05 7.04333004095e-06 3.69249657597e-05 2.27619575429e-05 2.19222080366e-05 1.10856320919e-05 1.16380450317e-05 1.45201743895e-05 9.49590184513e-06 1.14263077856e-05 1.12137212767e-05 8.23914434455e-06 1.9935255742e-05 1.85996813661e-05 1.64982919484e-05 1.23145039651e-05 8.80192420935e-06 1.03274723041e-05 6.97651489874e-06 1.06654539797e-05 5.52429493434e-06 8.01689481232e-06 7.8329598256e-06 8.49016670625e-06 8.03449893206e-06 5.45948604879e-06 1.10482799945e-05 6.61944120654e-06 1.09252662324e-05 8.60844593869e-06 1.29608408978e-05 1.82874957051e-05 1.4835459374e-05 2.17749306358e-05 7.73504571924e-06 9.80537001134e-06 9.91826991062e-06 8.41407225857e-06 1.14919078444e-05 9.42943707628e-06 8.40230662481e-06 1.56712762947e-05 1.22198396958e-05 6.787144368e-05 1.7477824306e-05 1.80597734087e-05 2.05273729028e-05 1.49636772348e-05 1.67989720678e-05 1.21018364491e-05 1.28887114687e-05 2.76121114253e-05 2.45147671449e-05 2.00253871403e-05 1.4777626164e-05 1.89254112193e-05 8.15460271258e-06 1.32708509576e-05 9.02440439962e-06 1.02489363783e-05 9.4109756585e-06 8.71247176173e-06 1.37559477056e-05 9.14619864731e-06 9.18655031221e-06 1.07712200466e-05 8.43715340293e-06 1.40332716063e-05 7.72404695114e-06 1.98016488443e-05 1.49773653034e-05 2.14209765504e-05 2.05552631975e-05 2.98901798679e-05 1.27535062874e-05 1.08010586757e-05 1.4501744648e-05 1.30689432253e-05 1.53491191252e-05 1.43354586356e-05 1.12640135542e-05 3.90043457059e-05 5.46513980774e-05 2.24735724653e-05 2.72185309702e-05 1.71947483624e-05 2.13547638129e-05 1.55332514479e-05 1.22021232726e-05 3.59619378213e-05 2.7366307275e-05 2.76180128797e-05 1.21993071e-05 1.78647247874e-05 1.48093046818e-05 9.07911806902e-06 1.43303246401e-05 7.28673618869e-06 1.27144953867e-05 8.62321831533e-06 1.25349715975e-05 1.27293320512e-05 8.6767184785e-06 1.36256504681e-05 6.63397180679e-06 1.4765401909e-05 8.44566332874e-06 1.4691366273e-05 1.7838385126e-05 1.16568692881e-05 2.93801497486e-05 2.13721031428e-05 3.6777243195e-05 1.13936372577e-05 1.33143027286e-05 1.71901655159e-05 1.45780119982e-05 1.84495600219e-05 1.63859441414e-05 3.04401057214e-05 5.99280235962e-05 4.02764286008e-05 2.28453870309e-05 2.74061725781e-05 2.01327627657e-05 1.72333355011e-05 3.93495073835e-05 3.38485826852e-05 3.14804566783e-05 1.84961433459e-05 1.59787878685e-05 1.57254487353e-05 1.81045014739e-05 1.13779941158e-05 1.26197194701e-05 1.09546716221e-05 1.29713994201e-05 1.37663945291e-05 1.25571836157e-05 1.3606444448e-05 1.36321597671e-05 1.03171281736e-05 1.2584976036e-05 1.02209483196e-05 1.74673623758e-05 1.52824402376e-05 1.4675525602e-05 1.81422783342e-05 3.17916948735e-05 2.52476525082e-05 3.85524697867e-05 1.56309551372e-05 1.64292759887e-05 2.10668835673e-05 1.79135137077e-05 2.4630180246e-05 3.48672976395e-05 9.19948831929e-05 2.46399624685e-05 3.11048118116e-05 1.87095539349e-05 1.74782259582e-05 4.12747592813e-05 3.09022951172e-05 3.22366694524e-05 1.71668996275e-05 1.97949423383e-05 1.1294001438e-05 1.63272960746e-05 1.74496737822e-05 8.33097471764e-06 1.40187053508e-05 8.7252702039e-06 1.50143603616e-05 1.07196082439e-05 1.01908645643e-05 1.54933155318e-05 7.85524455651e-06 1.44871114585e-05 6.78529419276e-06 1.7200364657e-05 1.53816261635e-05 1.00079686334e-05 1.92495651959e-05 1.63941972415e-05 3.07679938041e-05 2.18352677306e-05 3.82606926899e-05 1.47208040876e-05 1.51863138695e-05 2.12832147354e-05 1.82667797268e-05 4.73411452254e-05 9.22032663913e-05 4.60730056368e-05 2.72215327905e-05 2.23698699941e-05 5.99088185686e-05 4.14087604238e-05 3.83397586892e-05 2.3965830716e-05 2.6474253188e-05 1.77889273766e-05 1.62538612778e-05 2.00064115422e-05 1.59102295784e-05 1.18162584062e-05 1.39568026587e-05 1.35612806521e-05 1.53613862397e-05 1.1950939047e-05 1.54223250275e-05 1.23612604537e-05 1.37297899335e-05 1.0763818643e-05 1.4624547597e-05 1.87482662416e-05 1.3890015567e-05 1.71171089711e-05 2.48022428796e-05 2.24068113272e-05 3.5809205738e-05 3.17803669691e-05 5.44295596776e-05 1.9534315089e-05 2.14863343028e-05 2.88874562422e-05 5.0848874261e-05 0.000146800082018 4.30960359529e-05 3.13688066425e-05 7.96514677254e-05 5.49029945932e-05 5.74195236955e-05 2.46599360485e-05 3.54027110636e-05 2.2153013428e-05 2.30604156971e-05 1.86899339987e-05 1.7704943374e-05 2.01542295249e-05 1.24161827536e-05 1.92864938198e-05 1.3975617712e-05 1.61299969671e-05 1.63508452211e-05 1.3045323858e-05 1.9190301652e-05 1.11363060337e-05 2.01992471945e-05 1.49996519586e-05 1.67087989192e-05 2.06372652233e-05 2.07750628303e-05 3.03523684605e-05 2.15873330438e-05 5.30566791079e-05 4.00432417654e-05 6.89748332104e-05 2.51988039232e-05 2.84709468108e-05 7.15249376218e-05 0.000132017994494 4.81601384933e-05 0.000112760603129 6.59885925978e-05 7.62281652912e-05 3.16571118685e-05 3.3497046453e-05 2.66100055519e-05 2.51224105439e-05 2.34903095419e-05 1.65144139884e-05 2.07200410102e-05 1.92079419142e-05 1.63715068371e-05 1.69972336107e-05 1.47810452751e-05 1.8804892898e-05 1.39376500304e-05 1.69450460945e-05 1.50366755584e-05 1.78957764229e-05 1.94142248133e-05 1.32478978641e-05 2.17487230146e-05 2.12695125925e-05 2.40978596075e-05 2.69194548912e-05 2.86587746082e-05 6.71886367175e-05 4.91436636823e-05 9.52068695468e-05 3.58373727073e-05 6.78348169755e-05 0.000173070149909 0.000185679893755 9.78810999469e-05 0.000106765315207 4.65670933369e-05 4.9948952345e-05 2.85723163595e-05 3.54229496768e-05 2.8629903622e-05 2.28564973778e-05 2.31975766187e-05 2.04542524499e-05 3.00683079515e-05 1.53015810516e-05 2.20039673059e-05 1.8869323762e-05 1.86001972548e-05 2.00966859515e-05 1.51527085892e-05 2.65321519004e-05 1.92230186267e-05 1.99573842052e-05 1.79375939292e-05 2.5049536491e-05 2.76766945693e-05 2.39385794336e-05 3.72084230605e-05 3.885147738e-05 8.87594752741e-05 6.73385718541e-05 0.000134267178294 9.34325334113e-05 0.000632978829955 0.00015885257693 0.000176715964209 6.86722335537e-05 7.61857474802e-05 4.40162493426e-05 3.85644685758e-05 4.36283337677e-05 2.7532204682e-05 3.32666449947e-05 2.08479010739e-05 3.43666446525e-05 2.77879005765e-05 1.93519910167e-05 2.79453124251e-05 1.79378573255e-05 2.67718263486e-05 1.81439988166e-05 2.55445940442e-05 2.91958970337e-05 1.92257816238e-05 2.62236300994e-05 2.1816789322e-05 3.37264170516e-05 2.71856139806e-05 3.42816432318e-05 4.83702974371e-05 5.36426632164e-05 0.000128903621552 0.000100167782855 0.000320754596414 0.00113939756716 0.00059747812477 0.000223880525166 0.000211060278381 0.000139665610951 0.00011624603422 0.000107438275545 8.03356299779e-05 9.10849397542e-05 6.61136928069e-05 7.14068467728e-05 7.01221688392e-05 7.29082867281e-05 5.22692074151e-05 5.61204743943e-05 5.31011178436e-05 4.95171933724e-05 6.29704760255e-05 5.7910909322e-05 5.60235138962e-05 5.22715070637e-05 6.41434486042e-05 5.47289446759e-05 6.78180856716e-05 7.21241378003e-05 8.42787676075e-05 0.000111594324425 0.000137763834112 0.000317649894604 0.000517220929003 





























