















1.04139698803e-06 2.41190742609e-07 7.50948456555e-08 1.77562578e-07 1.2419166156e-07 1.77339757253e-06 1.82891110086e-06 1.45393457408e-07 1.898783599e-07 7.34538845886e-08 3.03127281479e-07 7.31625971169e-07 1.97591093766e-07 2.02226695557e-06 2.01279032891e-07 1.08860495472e-06 1.58447966134e-07 3.58761346655e-07 2.69279940992e-07 3.79143894881e-07 3.27974996028e-07 1.40460734892e-07 1.02192625354e-06 1.81461186102e-07 1.35799717485e-06 2.49792689628e-07 3.63088169087e-07 2.7375867583e-07 7.77153015046e-07 2.11200128364e-07 3.90731536525e-07 3.22093840367e-07 6.06433785837e-09 5.89421365505e-09 2.63177456982e-07 4.55554613991e-07 9.67816854497e-08 5.5571357775e-07 2.27872810696e-07 3.78611468307e-07 7.10336651433e-07 1.07162343416e-06 2.34065272013e-07 2.0368094571e-06 4.47245662703e-07 3.60709449156e-07 3.47062401851e-07 9.46406200961e-08 1.80934729066e-08 3.73130770131e-07 2.72777393555e-07 2.32393575402e-07 1.37138424316e-06 1.30126590457e-07 1.0540634847e-06 7.56112461944e-07 1.78503358028e-07 2.34933171245e-07 4.8219878204e-07 3.34318130929e-07 1.48188665667e-06 9.76839787736e-07 1.20651597156e-07 3.88960110417e-07 2.75413615317e-07 3.4187217995e-08 3.89791209733e-07 3.0695072439e-07 1.22380101835e-07 7.66103930106e-07 1.08961026665e-06 2.38574768613e-07 5.02055564938e-07 3.84900930795e-07 2.35948205086e-07 1.77912849691e-06 4.14962231476e-07 6.94290705408e-07 1.04899579609e-06 7.34239978122e-07 7.16336124625e-06 7.18892906419e-07 3.48991186052e-06 6.28179515788e-08 2.95984543931e-08 4.66470697757e-06 6.90325123329e-08 6.25492105709e-08 3.23717218461e-06 4.46242573631e-07 4.44434352052e-06 5.31678511707e-07 9.19803691219e-07 7.24732825987e-07 4.74215341437e-07 1.94978378059e-06 4.07950731069e-07 4.2887227203e-07 1.51026476941e-07 3.06717084539e-07 4.98247175841e-07 1.13082263893e-06 1.30281866853e-06 4.45348825134e-07 1.29018688354e-07 6.01234852524e-07 4.43352299618e-07 2.85066532112e-07 5.48908857865e-07 1.5145327433e-07 3.19910346915e-07 1.06211767561e-06 7.69387949834e-07 4.66545162275e-07 3.70570770261e-07 1.05009564723e-07 5.14438463164e-07 5.13851852671e-07 9.42464699681e-07 3.03654620251e-07 5.78136410882e-07 3.16619457946e-07 7.93794547733e-07 3.25841587379e-06 5.81904534729e-07 6.00864831413e-06 5.28207836721e-07 5.2138497581e-07 3.76219145365e-06 1.19723332627e-07 1.35799051807e-07 3.61558067681e-06 1.76088321443e-07 1.44097504795e-07 3.7997840944e-06 2.52640314433e-07 3.1601221116e-06 7.93227765175e-07 2.74929950976e-07 5.93459605198e-07 3.20262120868e-07 9.70794252254e-07 1.48092611859e-07 9.79793599378e-08 6.95079449742e-08 6.13250908653e-08 3.40004353378e-07 2.16497746448e-07 1.67299345588e-07 3.43845748471e-07 6.46695279094e-07 4.08788791688e-07 9.14488030187e-08 6.27645083382e-08 6.62871239205e-08 3.6132709797e-07 5.50641423215e-07 2.72386577911e-07 1.68370249732e-07 2.08545143232e-07 3.61921712843e-07 1.460904804e-07 4.97213664795e-08 1.46290089813e-07 1.80676716851e-07 6.65720180623e-07 4.13691795592e-07 1.40828664045e-07 1.68689782222e-07 2.69841865264e-07 4.34695430354e-07 5.90964759346e-07 9.15438012553e-07 3.04588903687e-07 1.51414971421e-06 7.04876879571e-07 3.03417201746e-07 1.38070419104e-07 2.08849909606e-07 2.92354509798e-07 4.6323649029e-07 1.1516559716e-06 1.35068110853e-07 5.72703226069e-07 5.64429805111e-07 5.19053297883e-07 2.44178344979e-07 2.35711319212e-07 1.02682237582e-07 4.41281946813e-07 7.43671461309e-07 6.06647184695e-07 2.96388643913e-07 1.25069559654e-06 4.98596759785e-07 1.03672896877e-06 3.83548295079e-06 8.16946265096e-07 3.80174499125e-06 5.02321312238e-07 8.41807908686e-07 8.66977356281e-06 4.02104366711e-08 4.49206501969e-07 4.82874409196e-06 3.97339562908e-07 2.12055461915e-09 5.88767443221e-06 3.31680267486e-07 3.30321041336e-07 3.43336732692e-06 6.54218665181e-07 3.69985719254e-06 1.08083097904e-06 5.02988141864e-07 1.26924639973e-06 3.29347778419e-07 6.37303683356e-07 5.49597240948e-07 6.12890717519e-07 3.65572556845e-07 1.9747536044e-07 6.4400175452e-07 6.59564830514e-07 3.20683164938e-07 1.0206110094e-06 2.10531602041e-07 2.59096996797e-07 1.44628195525e-06 1.33948601427e-06 2.29776818149e-07 8.6723553985e-07 7.58629497216e-07 1.19440029454e-07 1.19957263708e-06 7.97069975222e-07 1.94044382108e-07 1.63324432279e-07 9.85986657855e-07 3.94739270108e-07 6.37949733989e-07 6.19429972337e-07 1.88239453141e-07 3.5328731179e-07 6.78854788641e-07 5.66754709805e-07 2.46012790884e-07 1.0821395476e-07 7.39549660234e-08 2.28138160795e-07 2.07517424205e-07 1.56198508587e-07 3.11400113958e-07 4.46801752138e-07 1.97383916709e-07 1.29097740815e-08 4.08811569575e-07 8.85171219206e-09 6.41926584529e-07 2.47436046185e-08 1.93821442456e-07 9.11400419501e-08 5.9504409099e-07 4.84230661549e-08 3.55871397685e-07 7.85851199092e-08 1.83363574781e-07 2.27184864581e-07 3.25673885373e-07 2.42891187907e-07 2.26180333322e-07 2.80864842829e-07 5.0261465618e-08 1.16085119333e-07 2.48369983538e-07 3.73819764898e-07 1.24964672359e-06 1.62718389624e-06 2.89170742886e-07 1.83561117348e-06 3.27910468311e-06 3.48134214518e-07 3.23686142272e-06 3.37350540231e-07 6.98079672015e-07 4.52353690094e-06 4.61260713813e-07 3.8154990812e-07 8.01227926367e-06 8.62651407436e-07 5.09241932111e-07 5.44878035896e-06 3.26076291838e-07 2.52870670963e-07 4.37532846509e-06 4.77877350741e-07 4.03178213862e-07 3.14281199621e-06 3.29514231384e-07 3.29354608746e-06 1.86719024209e-06 2.98884969873e-07 1.62808140365e-06 1.27563373776e-06 3.78725254829e-07 1.33660844267e-06 8.85821426116e-07 2.03583141683e-07 6.75957989287e-07 1.1415673322e-06 1.17564178782e-06 5.66766216924e-07 9.53600793148e-07 4.75634215432e-07 4.75658122035e-07 2.06782036764e-06 6.56234315395e-07 4.12473471315e-07 1.92442676743e-06 2.64386462295e-06 2.45675124384e-06 1.53376126067e-06 3.65308207172e-07 6.22078207152e-07 1.88938585593e-06 6.67602320194e-07 5.4697383258e-07 7.90005711689e-07 6.47044609162e-07 1.14047127257e-06 1.10169885054e-06 8.00903137146e-07 1.90507521201e-07 9.02243915336e-07 1.35678569474e-06 6.35410158487e-07 1.10459791282e-07 2.87810387556e-07 1.05834348997e-07 2.15703753261e-07 8.35529038939e-07 4.81133885296e-07 4.54170133524e-07 1.29542723888e-07 4.84996129822e-07 6.59206930685e-07 4.07791222653e-07 2.12310946225e-07 1.06968849722e-06 4.76372956803e-07 1.28667677195e-06 1.27820740774e-06 4.23011584429e-07 8.1504218675e-07 1.42674349105e-07 3.71094392066e-07 7.82051533345e-07 4.76614329988e-07 1.68989894943e-07 4.83252955855e-07 5.48419065062e-07 8.86695092385e-07 1.86876088069e-07 9.50744552919e-08 2.55845840834e-07 8.10459823748e-08 6.34170917566e-07 1.29155801636e-06 1.74308513658e-06 1.08644088035e-06 3.51601396304e-07 1.81165417191e-06 2.06943446489e-06 3.63048467845e-07 2.54920583869e-06 9.01880928463e-08 3.29493459646e-08 3.53342893226e-06 4.51284439465e-07 3.43310204281e-07 3.41708369585e-06 4.50668800554e-07 3.40017453077e-07 9.73259607696e-06 3.40017453077e-07 4.50668800554e-07 3.41708369585e-06 3.43310204281e-07 4.51284439465e-07 3.53342893226e-06 3.29493459646e-08 9.01880928463e-08 2.54920583869e-06 3.63048467845e-07 2.06943446489e-06 1.81165417191e-06 3.51601396304e-07 1.08644088035e-06 1.74308513658e-06 1.29155801636e-06 1.13727248663e-06 7.3721619183e-07 1.2336687246e-07 3.24774986599e-07 3.10891458421e-07 7.78261379645e-07 9.20963944764e-07 8.87017844253e-07 3.43926105683e-07 4.64920161558e-07 1.15441569139e-06 7.51346289052e-07 3.18581302545e-07 1.74207842537e-06 1.13041998161e-06 2.75350049454e-07 2.68744093964e-06 2.57908884518e-06 4.63337264223e-07 1.34189542186e-06 1.87635673401e-06 3.81687838747e-07 8.00794864085e-07 1.00509944527e-06 4.39768796989e-07 3.7601163463e-07 8.65072258163e-07 9.69496177756e-07 7.73247593829e-07 3.19058487485e-07 3.76987976381e-07 1.30350276679e-07 6.8595063441e-07 1.13045349503e-06 6.40043812807e-07 8.52118739165e-07 3.09367341231e-07 2.46782444548e-07 1.01267676668e-06 2.01776473761e-06 7.89303982804e-07 9.87939645446e-07 2.2141742212e-07 6.49468141149e-07 1.50200732896e-06 1.24371830859e-07 4.92535084305e-07 1.24195976454e-06 1.08049448651e-06 5.58997810357e-07 2.64720992485e-06 7.39443139909e-07 2.63427308925e-06 5.71322917962e-07 1.09319403533e-06 1.3950796945e-06 6.26822131215e-07 8.69911577992e-08 1.62037755743e-06 7.0022405559e-07 2.35402081669e-07 1.07687757737e-06 7.61785875525e-07 2.04979870785e-06 9.34380780909e-07 2.9476432125e-07 2.46855314556e-07 7.77172701308e-07 6.28989345443e-07 2.53273801763e-06 1.59137969203e-06 4.88306481634e-07 5.64719471104e-07 1.63603289316e-06 9.89586536932e-07 2.47178275202e-07 2.03646319017e-06 4.14778252807e-07 4.03343247083e-07 3.8785594339e-06 5.55391702384e-07 1.28660725184e-07 3.46945304336e-06 1.04843603109e-06 5.3985065835e-07 6.14011261764e-06 9.1362462176e-07 1.39069446389e-06 8.06901205174e-06 5.88166754331e-07 1.45369351731e-06 3.68405119301e-06 1.70372136095e-07 5.39287488635e-07 3.89540020756e-06 3.38874005168e-07 5.49072936306e-07 1.98206027967e-06 2.94241019218e-07 1.00027994185e-06 1.64328991489e-06 5.45005087646e-07 5.12916923869e-07 1.62510362223e-06 2.5081943623e-06 7.66330497617e-07 7.37152139447e-07 3.93631486323e-07 2.01576106976e-07 3.78657167315e-07 2.43978415156e-06 1.28766504161e-06 7.31303579213e-07 2.01070946328e-07 1.10656913658e-06 1.66968038746e-06 7.64677514362e-07 2.02559208993e-07 1.38580933922e-06 1.52581245656e-06 7.86588621321e-07 3.9067080086e-06 1.17796909836e-06 8.6933849988e-07 2.14281968165e-06 5.08794053816e-06 9.84450174527e-07 1.755964292e-06 1.51375614753e-06 2.32217115274e-07 7.59223203238e-07 1.72502567192e-06 1.23889963785e-06 2.67662547547e-07 7.31631759744e-07 1.31066966525e-06 2.3521918954e-06 2.6092908746e-07 2.65574977111e-07 3.42654975813e-07 6.58402524743e-07 7.53934369625e-07 1.20001211828e-06 1.16438212222e-06 6.65731009242e-07 1.70555277401e-07 1.12173040098e-06 1.82013170897e-06 1.96023980891e-07 2.40410261512e-06 2.9418644631e-08 2.80876149455e-07 2.65970300792e-06 3.10535832111e-07 4.11734866581e-07 1.24353212024e-06 2.57847991657e-07 3.80915724147e-07 3.18696123534e-06 5.66130216319e-07 9.5208375277e-07 8.09266635708e-07 1.01422535807e-06 4.2309141149e-06 6.42960677214e-07 3.1805172396e-07 1.25404498557e-06 4.76477931215e-07 3.12479899754e-07 3.05807978935e-06 3.08577855695e-07 4.72387867213e-08 2.47033310658e-06 1.63781754094e-07 1.82848709899e-06 1.04690655647e-06 1.32250473392e-07 6.85162455355e-07 1.13678081007e-06 1.19014407646e-06 7.46100686499e-07 1.08340731682e-06 6.19178913884e-07 6.68571100689e-07 9.36927408342e-07 1.24061960754e-06 1.37578099228e-06 9.70110951084e-07 5.40663096321e-07 1.5890737981e-07 3.84543078334e-06 1.11191304719e-06 3.99734795073e-07 4.16294543543e-06 1.37054437609e-06 1.26527265838e-07 6.19719369385e-06 1.4187727818e-06 1.42780414782e-06 3.83449938002e-06 1.65110361318e-06 2.15743078554e-06 8.06336023197e-06 4.1320888182e-07 1.80830548031e-06 4.56169401637e-06 4.67450686379e-07 1.33591294383e-06 4.07053324652e-06 2.15269995706e-07 6.7307203715e-07 1.04001078678e-06 1.34102520777e-06 1.23751496164e-06 9.04159508621e-07 6.90686292177e-07 6.15326212362e-07 9.8848550697e-07 7.36896274978e-07 5.54398536446e-07 3.67834242322e-07 1.30807206056e-07 5.21134352606e-07 1.7335360026e-06 6.19218386929e-07 1.33016198466e-06 1.0065753836e-07 7.02676721558e-07 9.78294325027e-07 4.17666163399e-07 4.60731923809e-07 9.85586305343e-07 1.1457273944e-06 3.30626340666e-07 2.36421117493e-06 1.23345007226e-06 8.88543485835e-07 1.56313702032e-06 1.54329437895e-06 1.25432408535e-06 1.55365327911e-06 2.78906168959e-06 4.52355793295e-07 1.55117353634e-06 1.24602433262e-06 5.9291611976e-07 3.80270133476e-07 9.9325236465e-07 7.37092731756e-07 1.12836042698e-07 1.41431739312e-06 6.47918974285e-07 1.75635539925e-06 4.59421974998e-07 1.4778942767e-07 3.41053510047e-07 5.47605787548e-07 9.38878706707e-07 2.35415678168e-07 6.82414532339e-07 1.17215682603e-06 8.47658869334e-07 1.65053293905e-07 1.87567569492e-06 2.62494912897e-07 2.79516465924e-07 3.79342450257e-06 6.27935363054e-08 1.92775087134e-07 3.06482490915e-06 5.5661222995e-07 4.34958978948e-07 3.37452506852e-06 4.50146074382e-07 1.03871109176e-06 1.58573483057e-06 1.57432703798e-06 1.92459084735e-06 1.43914363086e-06 9.57160302485e-07 4.13398955248e-06 8.80389359614e-07 8.1769356448e-07 3.07527231343e-06 2.30715962613e-07 1.01190446353e-07 4.02800463289e-06 2.37425594691e-07 3.52761336464e-07 1.99777614229e-06 6.31091049856e-08 8.53928367604e-07 1.13901880823e-06 6.19245291764e-07 2.49605840811e-07 8.53066014464e-07 1.35520630972e-06 2.47061781735e-07 6.86371673035e-07 8.185241254e-07 1.89692061991e-06 1.59821683536e-06 9.9426278646e-07 3.83095190021e-07 1.44057576488e-06 1.61380604356e-06 1.59328815083e-06 1.28732176423e-07 3.85902267535e-06 2.21173011571e-06 4.62948454023e-07 5.92202916029e-06 1.11868821908e-06 7.30722667218e-07 4.61474680934e-06 2.00400484381e-06 2.33295266355e-06 4.69320015991e-06 1.1042170806e-06 2.14648171217e-06 7.95663788554e-06 8.45988484433e-07 2.99536151612e-06 4.29661581929e-06 2.1365099568e-07 1.5395752747e-06 1.66427583309e-06 1.45362519812e-06 5.05414801594e-07 9.71595686395e-07 1.56729961947e-06 1.76151282598e-06 8.07683091314e-07 5.28474846887e-07 1.75408587708e-07 1.28050296314e-06 8.26664733234e-07 1.85231987817e-07 6.48484540587e-07 8.38045080302e-07 1.08850685832e-06 2.04755130123e-07 1.0807291334e-06 7.40987656594e-07 2.11185568476e-06 7.28477201126e-08 1.2979625881e-07 7.56052619776e-07 9.07893862041e-07 5.36910817347e-07 2.54318697086e-06 6.98865947713e-07 5.3610650177e-07 5.88380602969e-07 1.52792349691e-06 3.13297017534e-07 1.71100648716e-06 6.05748478976e-07 8.31799177186e-07 1.09751668943e-06 3.03897800524e-06 9.5328797426e-07 1.21955693537e-06 8.87819856156e-07 1.94839251346e-07 2.00570454213e-07 2.21891310873e-06 8.22141587169e-07 1.21664010753e-06 1.45431222792e-07 1.02864849088e-06 7.78792402859e-07 5.96071918469e-07 2.03784513375e-07 7.11278363616e-07 1.83685111994e-06 1.590821389e-07 1.00154744615e-06 7.01403247614e-07 9.16909239867e-07 8.58110367531e-07 1.21533835375e-06 4.25068578026e-07 5.60858897655e-08 3.97651350986e-06 8.68172250933e-07 1.182389677e-07 6.14071318788e-06 4.80476244465e-07 3.29845838127e-07 6.76943699385e-06 6.2420281809e-07 1.36307214066e-06 2.78280299308e-06 9.61267636948e-07 3.12195996273e-06 2.81248943994e-06 9.67479971772e-07 2.97293923786e-06 1.98148047419e-06 1.38161486036e-06 1.00018637199e-05 9.02857419567e-07 6.95812081235e-07 6.12643013557e-06 2.62126236046e-07 9.85688701712e-07 4.21454157577e-06 8.34214633666e-08 5.40363317862e-07 1.27638620242e-06 8.38052844847e-07 8.80779224564e-07 6.09397344553e-07 8.09412411772e-07 1.14103861652e-07 1.66254149014e-06 1.58761353803e-06 3.30578928931e-07 1.36897484284e-06 1.36214583815e-06 2.91412586267e-06 1.26633008042e-06 1.79704607336e-06 1.78038815226e-07 1.6986051129e-06 1.57959582223e-06 1.172991411e-06 5.69964164693e-07 1.95768794662e-06 2.77995878199e-06 1.70841875582e-07 6.59484434135e-06 2.32509361646e-06 1.06661735391e-06 3.77458246018e-06 1.82340505705e-06 1.77417641766e-06 4.6633744474e-06 1.60881225403e-06 2.09943944773e-06 3.91741834201e-06 1.37201496397e-06 3.8974887869e-06 8.88704120276e-06 5.28566365797e-07 4.05805339127e-06 2.322413229e-06 8.07092605783e-07 1.38429974463e-06 1.64985885135e-06 1.8491933783e-06 2.35267439164e-07 1.83466346318e-06 1.16728855424e-06 2.8438379203e-06 1.30909260598e-06 1.17921772023e-06 3.17895335631e-07 1.3850923581e-06 7.84418283329e-07 2.45974118114e-08 6.72542396956e-07 7.47253530863e-07 8.28613125366e-07 3.08864843521e-07 7.3760257882e-07 1.72561920587e-07 2.08380958779e-07 1.88478054021e-06 8.17618107683e-08 2.75784417474e-07 2.39931698472e-06 4.26594741665e-07 6.05819217206e-07 2.2286807618e-06 1.14193768002e-06 1.33989366645e-06 9.06858767823e-07 1.23269636332e-06 7.3090362633e-07 1.27736025146e-06 1.34152986037e-06 7.99829237131e-07 1.32266850737e-06 8.80438562796e-07 1.75749625375e-06 1.73474868376e-06 2.57223299811e-06 1.02008725754e-06 5.30294909639e-07 2.63328202212e-06 3.78074274038e-07 8.21740246579e-08 2.34131863885e-06 1.87585764054e-07 2.21380597681e-07 8.75234160164e-07 2.6008218218e-07 6.94892651069e-07 6.38695895912e-07 5.3423736751e-07 1.09595067384e-08 6.72425546932e-07 1.44863616248e-06 6.50941235643e-07 1.86062062715e-06 1.94611879673e-06 2.89082360179e-06 2.82676931944e-06 1.60253638846e-06 4.39814236579e-07 1.4773271199e-06 3.06841434385e-06 2.50125938987e-06 2.51418415189e-07 6.37413262704e-06 2.71801475595e-06 2.88895932585e-07 1.07692290325e-05 8.06763320061e-07 2.10361293771e-06 6.5058886147e-06 1.10384457338e-06 3.57369805475e-06 3.72699249256e-06 1.11481200969e-06 4.06426233379e-06 3.54295011572e-06 1.6894348999e-06 7.08244243373e-06 3.39767581822e-06 1.67051180104e-06 1.56246806465e-05 7.13718568298e-07 3.91738728389e-06 7.09375268751e-06 4.53947612767e-07 2.73719102796e-06 3.60688038774e-06 1.46135175357e-06 5.5274802639e-07 1.75425298064e-06 2.75927633671e-06 2.80643002717e-06 1.82431233513e-06 1.65941726965e-06 5.12185179134e-07 1.28424932412e-06 6.89748742543e-07 1.58579643468e-07 4.87780263383e-07 4.39997885162e-07 1.15733823826e-06 4.62098123749e-07 6.97978980402e-07 1.45171490161e-07 4.00393456009e-07 1.37170740549e-06 2.14884193283e-07 3.51040005534e-07 9.20109368667e-07 1.1004973752e-06 5.09185434974e-07 2.28816329649e-06 1.1754929751e-06 3.22332096613e-07 2.18763186366e-06 1.49732182578e-06 4.93927319463e-07 1.7253737015e-06 7.24325634903e-07 7.82642781788e-07 1.64009974039e-06 5.31265679069e-07 1.5697316652e-06 2.26146474138e-06 3.38005545381e-07 2.01480910587e-06 2.76545392803e-06 9.9426705252e-07 1.51009582508e-06 9.37545683628e-07 4.17477960836e-07 2.5752554491e-07 1.53762505769e-06 4.75612435871e-07 1.57699583027e-07 8.28861037055e-07 3.62425539329e-07 9.68902316466e-07 3.33519974896e-07 4.02130254343e-07 1.06042682506e-07 5.98828869558e-07 8.0440233459e-07 6.97203958934e-07 1.76263241247e-06 1.33083374778e-06 2.84821827047e-06 1.59272163593e-06 1.90345741624e-06 8.24226687447e-07 8.92671160884e-07 4.73085691925e-06 1.16632676726e-06 4.64566328528e-07 6.51334480661e-06 1.06873847675e-06 1.00822003068e-06 7.77226750125e-06 8.26769324431e-07 2.96106735279e-06 2.28489614937e-06 2.69478305077e-06 2.88034728751e-06 2.31382991512e-06 2.01518768268e-06 2.21766021546e-06 2.06236831235e-06 2.44731816287e-06 3.11910306966e-06 3.71607955693e-06 2.49610139232e-06 4.19259477191e-06 1.53907707423e-06 1.00764304739e-05 1.57327732023e-06 1.44221292469e-06 7.1473371534e-06 6.94080052064e-07 1.14501933663e-06 5.27812936617e-06 9.70348232506e-07 9.75918796083e-07 2.00941671996e-06 1.62154012201e-06 2.50218219444e-06 1.12016827365e-06 1.33477658618e-06 4.90514735214e-07 6.85565714803e-07 1.61801260009e-06 3.27694715098e-07 1.34900628859e-06 1.22369280676e-06 2.56380566354e-06 1.57808962951e-06 1.05031997787e-06 2.1704741022e-07 2.63542762232e-06 2.32877628664e-06 1.56272930496e-06 3.19042296297e-07 3.57872506506e-06 3.199461005e-06 3.64653775984e-07 7.84540094466e-06 1.91270839358e-06 6.64692372923e-07 6.2835355851e-06 7.49950781136e-07 2.93813566799e-06 4.88566079972e-06 7.40883427362e-07 2.69323254801e-06 2.90299649346e-06 7.62164801283e-07 5.01750927111e-06 3.15966928632e-06 1.08132849343e-06 6.54394123167e-06 1.17271748358e-06 3.96448400552e-06 1.07133839184e-05 6.68805145083e-07 4.23712045667e-06 4.5457650224e-06 4.79567085617e-07 1.59172873026e-06 2.56636023686e-06 2.62090406439e-06 2.63031984457e-07 1.05498948414e-06 1.41310603154e-06 2.22534193895e-06 1.01352320242e-06 1.06166488912e-06 2.19052945488e-07 1.40992988525e-06 6.09966884945e-08 7.79745318865e-08 7.05888720268e-07 4.53300982536e-07 9.05417028697e-07 6.6232547446e-07 1.06688684453e-06 4.150692107e-07 6.87635650688e-07 1.42621210572e-06 1.99136892239e-07 1.5720122007e-08 1.65255722905e-06 7.67390082316e-07 5.86764062278e-07 2.44078744492e-06 6.38595584288e-07 1.03833950276e-06 6.05657774667e-07 1.69903476648e-06 7.56192203276e-07 2.06917809827e-06 1.17910022315e-06 5.36105360078e-07 1.51948735903e-06 4.11336438716e-07 1.1904010255e-06 2.1407462448e-06 8.0183883935e-07 2.15715199369e-06 6.28719773877e-07 1.31774548999e-06 1.19198380248e-06 2.88990451643e-06 1.00085802825e-06 1.11996807615e-06 1.65519161492e-06 8.17435358572e-08 1.59072388374e-07 1.53195266088e-06 6.68443159953e-07 4.69014870215e-07 1.07706944496e-06 5.73028817102e-07 8.0280546671e-07 3.24563215741e-07 5.88037150897e-07 4.32335819144e-08 5.28924473537e-08 5.64181393319e-07 6.30522897025e-07 1.33512767868e-06 1.69196020581e-06 2.74613769257e-06 1.92741632669e-06 1.71769167142e-06 3.82143968382e-07 2.94697227818e-06 2.72005627145e-06 3.05571236305e-06 1.43479859362e-07 7.40060662292e-06 2.34380539201e-06 4.3536582216e-07 1.15330651714e-05 8.08690437637e-07 2.17681501062e-06 5.52953571315e-06 1.07886316839e-06 5.6487175304e-06 1.91650501703e-06 2.46967870485e-06 4.13640499372e-06 1.46642335949e-06 1.47041080029e-06 4.19676390917e-06 2.65875894088e-06 2.35713621585e-06 5.56286008088e-06 1.34009740001e-06 6.26251557928e-06 3.73747179308e-06 1.88786804248e-06 1.67050513735e-05 1.15662327581e-06 3.24261766146e-06 8.03169519732e-06 3.81219910612e-07 3.24335416171e-06 2.97877299301e-06 2.8068321769e-06 4.02262149234e-07 1.69389727708e-06 1.67615337808e-06 2.34769309842e-06 1.49071288326e-06 1.06099153719e-06 4.79916023196e-07 4.97247523195e-07 5.75001666237e-07 1.29474423963e-06 8.95481165602e-07 2.316555433e-06 1.48216078263e-06 1.26287778336e-06 8.65869501304e-07 1.61334723454e-06 2.63954971817e-06 5.73968820141e-07 3.89936183533e-07 3.39137670819e-06 1.89675485647e-06 5.82162130013e-07 5.86512352677e-06 2.27565442078e-06 7.25363719237e-07 3.32695467831e-06 2.4267556386e-06 1.40421484018e-06 4.29009664709e-06 1.10254884631e-06 2.40788063377e-06 3.11898890026e-06 2.69132155006e-07 3.30417843257e-06 2.49960126758e-06 9.7560837114e-07 4.84311570069e-06 1.50265018409e-06 2.60231890311e-06 3.57784523528e-06 7.88323486905e-07 4.00775719545e-06 7.82144221202e-06 1.22995314032e-06 2.89164615678e-06 3.19405600071e-06 5.43768001368e-07 5.25755357966e-07 3.1091565568e-06 1.54208891642e-06 9.42696633406e-07 1.25674434091e-06 1.44797678532e-06 1.9182932682e-06 6.82197553416e-07 1.08972653666e-06 4.44718112647e-07 6.46310195228e-07 1.09367416058e-06 9.08261723943e-07 2.68784921774e-06 1.23496683244e-06 1.31447796176e-06 3.71398364279e-07 1.71575691284e-06 3.01084540778e-06 1.24975305278e-06 1.51144979091e-07 5.91880816539e-06 1.23287497964e-06 8.19580536915e-07 6.53775105372e-06 1.60421579157e-06 2.72193779025e-06 1.53216760233e-06 2.16872581366e-06 3.23377525924e-06 1.62727237976e-06 2.66484467123e-06 1.21345823383e-06 3.35725269308e-06 1.25890553775e-06 1.57683229211e-06 3.33862924279e-06 1.08951517152e-06 2.77660119236e-06 1.8157506544e-06 3.13370637444e-06 2.79537024892e-06 1.46538744109e-06 3.61919947073e-06 2.87185993117e-06 8.10779710649e-06 1.49409987737e-06 1.66388163907e-06 6.28757032514e-06 3.87480649738e-07 1.45359874539e-06 3.34976585089e-06 1.55919111469e-06 2.74068753468e-07 1.50670664579e-06 8.70730700072e-07 2.12769954876e-06 7.83096869757e-07 7.89497641919e-07 5.04044798279e-07 1.38771670696e-06 1.80463934459e-06 1.18801390221e-06 3.5636574482e-06 2.24884980096e-06 1.41170235763e-06 1.18017937942e-06 2.22733106581e-06 3.38264776569e-06 2.30201882334e-06 3.03440698497e-07 4.53200696105e-06 4.28100318684e-06 4.24917858134e-07 1.02905578895e-05 2.37956002225e-06 1.97230197781e-06 7.52775576193e-06 9.00519311186e-07 4.2104047295e-06 5.66684731944e-06 1.20691410591e-06 4.57232249156e-06 1.699955054e-06 1.80181639885e-06 4.85201507561e-06 1.80403598909e-06 1.9913948876e-06 4.44542989287e-06 1.43042361839e-06 6.30001220034e-06 4.31366822984e-06 1.20666615991e-06 7.68325058512e-06 2.98677664915e-06 4.34799124649e-06 1.39913270463e-05 1.0573260373e-06 5.39593249941e-06 5.10880980786e-06 5.28878178535e-07 2.27332186866e-06 4.02336557954e-06 2.09532171592e-06 1.22771034642e-06 1.55509185952e-06 1.91066580871e-06 3.02356586462e-06 8.63929289507e-07 1.31526677084e-06 1.14777969744e-06 2.46280392011e-07 7.33039030508e-07 6.1512924921e-07 1.68937679947e-06 1.20761947535e-06 7.34244820867e-07 2.38379974412e-07 1.0853770889e-06 1.97205109896e-06 7.14319404203e-07 2.08552786355e-07 2.98164578012e-06 1.48882418897e-06 1.03056622827e-06 5.89896785708e-06 2.09527692438e-06 1.68096851331e-06 3.8896010129e-06 2.59152552062e-06 9.77361821961e-07 3.26195320828e-06 2.02833084468e-06 1.21389163234e-06 3.25838725205e-06 6.9875181379e-07 2.99062097643e-06 3.04175137161e-06 7.54409796108e-07 3.48591738844e-06 1.29091855827e-06 1.93196605163e-06 3.48649385563e-06 1.04930797234e-06 3.3961436935e-06 3.79753415527e-06 2.37966844152e-06 3.67869664868e-06 7.77980817733e-06 1.92058715992e-06 1.95779109937e-06 2.99130904949e-06 2.90137191941e-07 6.11886557781e-07 2.17765011845e-06 1.04706636885e-06 2.31594241157e-07 9.01408331478e-07 8.87896178796e-07 1.15699228323e-06 3.96094551975e-07 4.88757030373e-07 1.86202359966e-07 1.51490702991e-07 1.0176905099e-06 1.16775482567e-06 4.8970365731e-06 3.06090375448e-06 1.58832511494e-06 1.75601043308e-06 2.23832640301e-06 3.61472715343e-06 2.65677027694e-06 3.24175048484e-07 7.0868567359e-06 4.02602482285e-06 7.127629163e-07 1.46479747272e-05 1.81593164196e-06 3.23645231145e-06 5.81413336234e-06 2.02738747383e-06 5.42337329803e-06 1.7878045346e-06 2.67650866703e-06 4.04967567819e-06 2.26168881301e-06 2.01840022888e-06 1.99072653327e-06 4.69541298599e-06 2.21144536026e-06 2.09393356603e-06 2.66802117952e-06 4.05428916458e-06 2.96095910521e-06 2.02250283424e-06 5.64606904324e-06 2.79715238669e-06 6.33942916372e-06 5.22487485678e-06 3.6269039221e-06 2.12061035246e-05 1.5721236324e-06 4.8674785764e-06 8.57606776416e-06 6.18954926493e-07 2.60248063227e-06 4.2393402053e-06 2.18881249052e-06 1.67925012765e-06 1.79193624223e-06 2.63087746891e-06 3.91451375397e-06 7.38167800225e-07 6.54220820223e-07 1.263751452e-07 5.09521861368e-07 9.69493539178e-07 2.65631079886e-06 1.42972697961e-06 1.46318679101e-06 6.26546198206e-07 1.37874224069e-06 2.22344760052e-06 1.74617027419e-06 2.46672976379e-07 4.243924732e-06 2.93500071647e-06 9.13557373358e-07 7.74042474846e-06 2.94680296082e-06 2.17236991115e-06 4.67262986697e-06 2.3522317829e-06 2.23971374247e-06 4.45172993313e-06 7.50763158008e-07 2.47300594229e-06 3.86327516364e-06 9.18676174676e-07 3.27048554393e-06 1.98034863774e-06 2.03490361276e-06 3.18352955943e-06 9.89782625081e-07 3.84210709229e-06 2.55081706047e-06 7.62357334156e-07 4.83485373351e-06 2.74006514708e-06 2.79555051389e-06 4.92029341319e-06 2.63213797478e-06 4.85767801597e-06 9.59713374398e-06 1.55066919565e-06 3.84412924613e-06 4.50130849847e-06 4.68970916169e-07 1.56863745272e-06 2.61263844441e-06 1.20553698554e-06 3.12133704636e-07 1.63961168206e-06 8.48976457943e-07 1.67615668559e-06 5.91334980906e-07 3.22946010658e-07 3.05441581695e-07 8.39927951764e-07 3.42122638804e-06 2.53055641477e-06 9.1437498433e-07 1.7476631615e-06 1.99844818801e-06 2.86576467041e-06 2.02802498203e-06 3.07642117295e-07 4.27026753258e-06 3.52348630144e-06 5.58159831144e-07 1.07125024462e-05 1.69072451793e-06 2.75508848081e-06 3.0027033546e-06 2.25943731831e-06 2.2253827453e-06 2.78993669446e-06 1.92682762151e-06 6.83834475773e-07 2.80547688409e-06 1.01452600169e-06 1.55130791654e-06 3.18419226893e-06 7.21746986792e-07 3.21644311196e-06 1.72081501681e-06 1.10185898823e-06 2.87773594367e-06 7.39682370277e-07 1.95076615799e-06 3.13946825148e-06 2.54169631924e-06 2.85171852368e-06 3.20781748663e-06 4.45381396047e-06 3.4650890537e-06 1.54210000548e-05 1.32184371918e-06 4.40263163165e-06 5.30095613401e-06 5.27030906134e-07 2.0229440121e-06 3.24531056345e-06 1.86886103877e-06 1.62641681431e-06 9.88286703974e-07 2.30884381714e-06 2.65562040506e-06 5.26121275402e-07 2.05449628725e-07 8.86863563859e-07 1.62455376155e-06 4.62916830854e-06 1.96108384746e-06 2.30162765183e-06 1.12325728085e-06 2.36938829152e-06 3.57580420785e-06 2.4569810486e-06 5.29549973025e-07 5.68519336922e-06 3.92880619756e-06 1.78812967268e-06 1.28536359633e-05 3.14069574132e-06 3.10936567774e-06 7.02601171836e-06 2.78255087478e-06 3.43121622005e-06 4.45295887467e-06 2.28046772111e-06 3.15945871977e-06 1.78742175291e-06 1.83329883505e-06 4.15029312174e-06 2.35436863352e-06 2.80590294086e-06 2.59545141314e-06 2.41169929351e-06 4.3352191568e-06 1.93059259504e-06 1.83337089983e-06 3.22699250335e-06 2.43947504395e-06 4.83718760388e-06 4.0718572808e-06 3.1262781549e-06 7.77612897221e-06 3.96941418591e-06 5.52988602361e-06 1.69133838479e-05 3.07646296999e-06 4.99162167368e-06 6.3697541234e-06 8.11534956322e-07 2.20206380455e-06 3.68818399251e-06 2.20989917228e-06 6.66533667709e-07 2.42979120382e-06 1.35199531147e-06 3.10270012469e-06 1.0719836434e-06 6.04394905346e-07 8.82363929163e-07 1.60258607918e-06 4.53885203786e-06 2.49727905733e-06 1.86829715389e-06 2.60162147754e-06 1.79298040147e-06 4.38351011905e-06 2.39636459028e-06 4.7761121175e-07 4.99932637432e-06 4.08982146399e-06 1.02127147988e-06 1.22730126114e-05 3.03516152559e-06 2.39288856956e-06 3.8019566314e-06 3.63585499381e-06 1.67480773123e-06 4.60942545319e-06 1.75292164321e-06 1.89826168908e-06 4.08524450291e-06 7.4180567147e-07 2.9601461456e-06 4.20963210652e-06 1.04158064145e-06 4.64026474324e-06 1.04209351128e-06 4.35258077887e-06 2.98526671416e-06 8.39274188327e-07 4.20680238223e-06 2.1291738525e-06 1.88363287279e-06 4.8285189682e-06 1.89187932643e-06 4.18667076942e-06 4.24960764045e-06 3.55959735569e-06 5.49904714208e-06 1.67782022474e-05 1.96624233322e-06 4.97302487174e-06 6.30283212984e-06 8.43568185047e-07 2.25279721149e-06 4.78555588148e-06 1.62518549199e-06 2.38600506636e-06 1.73732237364e-06 2.13648796807e-06 3.06734023625e-06 9.0505029696e-07 6.12233950798e-07 2.23459454577e-06 4.16610088287e-06 1.75308569783e-06 2.42498872746e-06 1.76440805908e-06 2.41687912405e-06 3.30640973681e-06 2.49656625201e-06 5.66520327988e-07 6.83212515664e-06 3.53045536878e-06 1.64644453381e-06 1.2836140063e-05 3.36650667897e-06 3.84678464913e-06 4.4079979149e-06 3.51304994118e-06 3.17702948071e-06 4.24408415851e-06 2.27886524404e-06 1.70886639691e-06 3.31834908269e-06 1.60725822571e-06 1.5307684367e-06 3.34706909858e-06 2.60255549461e-06 1.9539391791e-06 2.10281188402e-06 2.47453801254e-06 3.42975894178e-06 1.75348331722e-06 1.53060865969e-06 3.4960727749e-06 1.77413158871e-06 2.2237646254e-06 4.73188366326e-06 4.0256747365e-06 3.67250932295e-06 4.91996764087e-06 5.27347333021e-06 5.9612069865e-06 1.67505997453e-05 2.72771710311e-06 4.40604278469e-06 7.3550036889e-06 9.30477238046e-07 2.23845529072e-06 3.10579327209e-06 2.33309745537e-06 1.19089384457e-06 2.13265340707e-06 1.18430346082e-06 2.66788867655e-06 1.55310887465e-06 2.47471950396e-06 3.95801262969e-06 1.34363067928e-06 2.57343944049e-06 2.54868478531e-06 1.68175863389e-06 5.76445153294e-06 2.2031793536e-06 8.13691091896e-07 6.00264083309e-06 4.85231085502e-06 1.05488185649e-06 1.387090669e-05 3.34141389865e-06 2.53702238288e-06 4.89413429236e-06 3.06116757256e-06 1.80672203003e-06 4.82042011642e-06 1.65091891354e-06 1.9407028632e-06 2.95068214351e-06 1.38162026613e-06 2.90750287535e-06 1.79382442382e-06 1.84156285025e-06 4.48672844659e-06 7.00108531238e-07 4.92303558737e-06 1.56973521715e-06 1.97500279306e-06 3.12343542705e-06 1.4712579897e-06 3.46695750109e-06 2.38946684018e-06 1.72315949123e-06 4.84795940296e-06 2.1161748452e-06 3.51992429305e-06 5.93945387515e-06 3.89203264816e-06 6.15166476515e-06 1.92760932521e-05 2.05085439345e-06 6.00291673113e-06 7.34826364477e-06 1.21324901933e-06 1.99635003063e-06 6.21858026194e-06 1.57304754094e-06 2.27419851097e-06 2.13480246625e-06 8.85751244721e-07 2.81560157804e-06 1.82676981617e-06 3.42851806323e-07 4.19758255206e-06 8.66083788731e-07 3.15039708114e-06 1.41854021563e-06 1.36263332981e-06 4.64003534511e-06 2.46144423846e-06 3.1610329416e-07 5.74821593505e-06 3.79382185188e-06 1.89778976742e-06 1.13462945987e-05 3.27310648205e-06 3.417024906e-06 4.71358598919e-06 4.09618907157e-06 1.86296806577e-06 4.50194411032e-06 2.53219443231e-06 1.59991994493e-06 3.36861216849e-06 1.98099791993e-06 1.65601172891e-06 3.46206115946e-06 1.03554330285e-06 3.02213815574e-06 2.00663643858e-06 1.81295867625e-06 3.08288136985e-06 1.06380790846e-06 3.15326809732e-06 1.96773527379e-06 1.87103067352e-06 3.42988587652e-06 1.79479652357e-06 2.57560143783e-06 4.82616127623e-06 2.27778628104e-06 4.34316026485e-06 5.25595271463e-06 4.58677947206e-06 5.91212947273e-06 1.42763291386e-05 3.13336611831e-06 4.60582101177e-06 6.65160433475e-06 5.7801975187e-07 2.25273676401e-06 4.42235767171e-06 1.10342678515e-06 9.50922215499e-07 2.39928303148e-06 5.69554848569e-07 2.52370578281e-06 2.18506082775e-07 6.28342307106e-06 8.86913223243e-07 3.76463550748e-06 1.61135611205e-06 2.16244593767e-06 6.22129548395e-06 2.66173337769e-06 1.00848953963e-06 5.92977741157e-06 6.37253667018e-06 1.65141844527e-06 1.70754763793e-05 3.73464468167e-06 3.77050793776e-06 6.56010005521e-06 4.26577019581e-06 3.16840305394e-06 4.46045811035e-06 2.55002043308e-06 2.82016832804e-06 2.7460177054e-06 2.20507074393e-06 2.84787809284e-06 3.01470219348e-06 2.52375621992e-06 2.18253174534e-06 1.78577856843e-06 5.62862138373e-06 1.50527306965e-06 2.36647621222e-06 2.28385389618e-06 3.15262459643e-06 3.32636957134e-06 2.1570865397e-06 2.89857732367e-06 3.33119030874e-06 2.58060706564e-06 4.57053922436e-06 3.63987735638e-06 4.94681742634e-06 7.66922488542e-06 5.74206058466e-06 6.69159903554e-06 2.28702739307e-05 3.10646445774e-06 7.61735257517e-06 7.24519489509e-06 1.50357028414e-06 2.16461171946e-06 5.96685066872e-06 1.70688537858e-06 1.01743861244e-06 2.38017106728e-06 4.84673851788e-07 3.76026806263e-06 4.08843281647e-06 1.32489360156e-06 4.96532697384e-06 1.18001182757e-06 2.44458485145e-06 6.22545462215e-06 2.57991402774e-06 1.117565308e-06 7.9419481781e-06 4.4218165692e-06 2.33897619423e-06 1.55635991085e-05 4.92833875094e-06 3.51432354842e-06 5.9276338041e-06 5.06945677141e-06 2.61341332484e-06 6.80190002969e-06 2.07914024637e-06 2.08204225068e-06 4.17895344199e-06 1.34331757584e-06 2.74165167545e-06 4.08474001144e-06 1.50532290698e-06 3.94488100415e-06 4.83759279136e-07 3.58505800989e-06 3.34584299569e-06 5.10906152998e-07 4.07873409603e-06 1.44330100089e-06 3.74829569648e-06 2.81300650922e-06 1.43255805352e-06 4.37880337463e-06 2.11358031196e-06 2.42152071142e-06 7.34977902858e-06 3.28408364884e-06 5.43723531839e-06 6.38540360128e-06 4.80181025678e-06 8.02560785872e-06 1.93967343256e-05 3.8734111826e-06 5.19887551574e-06 8.53814855951e-06 1.59762695034e-06 2.11339059571e-06 6.08766670948e-06 1.9404583853e-06 6.016140135e-07 2.81931087114e-06 6.54746255809e-07 2.08845031056e-06 3.90067082635e-06 1.63854298366e-06 7.9226513997e-06 9.35448862468e-07 1.99228121173e-06 7.31521913873e-06 2.67224394526e-06 1.04636699777e-06 7.46159218484e-06 8.45874374985e-06 1.48395096918e-06 2.01856005215e-05 4.87060972486e-06 4.04253217536e-06 4.9768011439e-06 4.68755126245e-06 2.46404153214e-06 5.37188061568e-06 3.42362897216e-06 2.40526969736e-06 3.53236143481e-06 2.42900212953e-06 2.1923557422e-06 4.28150449963e-06 1.71689378656e-06 3.27015543197e-06 1.5406176202e-06 1.40876256089e-06 3.04524855622e-06 1.40048470958e-06 1.63571205337e-06 3.38541385272e-06 1.73865485436e-06 4.30822411832e-06 2.27204533148e-06 2.50208568454e-06 3.7581095672e-06 2.73703671214e-06 3.26653062715e-06 5.12642669884e-06 3.00195162023e-06 5.3578617343e-06 5.65870115738e-06 6.20786691368e-06 8.24031817767e-06 2.78159981474e-05 2.79299785792e-06 1.03250516385e-05 8.11791581832e-06 1.52963862449e-06 1.98738393737e-06 6.68354094845e-06 1.41731511554e-06 3.34178492105e-07 5.1020095888e-06 5.66710761421e-07 2.10025158131e-06 2.53520679585e-06 6.77676749395e-06 4.11718590691e-07 2.28855568713e-06 5.85216941604e-06 2.48253089971e-06 1.21117047837e-06 7.02277729718e-06 5.20322720501e-06 2.48244569449e-06 1.60763610657e-05 5.18060380426e-06 4.10696069352e-06 6.0774994341e-06 3.90977423135e-06 1.87473696692e-06 5.62032114002e-06 2.33481292694e-06 2.69682726235e-06 2.28989696537e-06 1.73732036825e-06 2.66356558118e-06 2.04215840584e-06 1.83085561356e-06 3.35137965103e-06 7.30965599995e-07 3.63983386104e-06 1.10443588204e-06 9.91340164302e-07 3.5786459649e-06 8.0347348994e-07 3.35340487645e-06 1.65724356467e-06 1.79688277568e-06 2.96178897244e-06 1.5391702573e-06 2.32831799645e-06 2.77801596915e-06 2.35226661725e-06 5.7209957085e-06 2.56059723634e-06 3.99252958206e-06 6.50595083828e-06 5.45450590335e-06 8.24182136969e-06 2.01554164509e-05 4.31750187595e-06 6.13563003119e-06 6.8453822525e-06 1.68181085714e-06 2.29546104128e-06 4.52474023448e-06 1.40358865603e-06 2.08549417429e-07 3.89343832804e-06 1.06131445107e-06 5.15321628135e-06 8.1013302684e-06 6.82290200669e-07 6.28077784518e-06 9.92930894274e-06 2.30118536891e-06 2.66134641655e-06 1.1615949067e-05 8.58200243821e-06 3.21050584889e-06 2.75066803086e-05 6.0058044674e-06 5.09963718946e-06 7.39484685101e-06 6.04709109432e-06 1.92801686817e-06 6.44637024292e-06 3.82176848448e-06 3.10833234418e-06 5.38289504398e-06 2.11157528866e-06 2.98259787091e-06 6.14406340009e-06 8.87714253288e-07 6.53207173065e-06 1.41369459168e-06 2.85682529276e-06 5.30480139959e-06 4.1715482738e-07 5.27704150358e-06 2.45737896057e-06 1.57037237303e-06 6.50485957701e-06 6.56567554517e-07 6.08369674546e-06 3.45472220565e-06 1.9167775406e-06 5.96796588224e-06 3.57533115752e-06 3.69483827509e-06 6.15975527224e-06 2.6442261757e-06 6.97584712708e-06 7.97545780984e-06 8.7966459531e-06 9.33326917854e-06 3.80528197166e-05 5.2556290048e-06 1.05635374535e-05 1.16224371315e-05 3.35976807775e-06 1.84632178573e-06 8.34066512898e-06 5.16224876225e-06 3.16992275548e-07 5.12736305933e-06 2.53362626135e-06 1.86056075197e-05 1.08476439175e-06 4.45625799083e-06 1.04055560833e-05 2.18207973727e-06 1.05932741315e-06 1.02973996302e-05 8.45530975043e-06 2.65815185507e-06 2.25543875879e-05 7.98283367137e-06 4.71617647363e-06 6.75593457726e-06 5.49869216134e-06 2.33942270515e-06 5.02373971821e-06 3.25209488006e-06 2.74981127085e-06 4.13425533343e-06 2.54461077974e-06 1.94299173239e-06 3.53354619012e-06 1.93610918538e-06 2.69288683647e-06 1.37865096145e-06 3.55594136969e-06 1.95206040078e-06 1.37450496059e-06 1.57214484172e-06 1.67948402166e-06 3.5955934909e-06 1.51736342495e-06 2.25152678481e-06 2.02175565149e-06 3.25274184963e-06 1.95474658305e-06 2.15773550967e-06 3.87450383158e-06 3.08006039866e-06 2.89455962253e-06 5.34409728239e-06 3.51754548194e-06 5.99523301199e-06 6.94446604514e-06 6.46966390567e-06 1.17273182507e-05 2.79939339353e-05 4.48099335327e-06 1.00536732964e-05 1.00235681591e-05 9.7447377916e-07 1.88995772392e-06 8.04694790545e-06 2.88598861005e-06 3.87355510828e-07 3.80821226279e-06 3.50750532663e-06 2.86363871732e-06 1.26673431404e-05 2.69087383265e-06 3.27890200025e-06 1.02066181038e-05 9.49825909673e-06 4.48714132322e-06 2.68813342983e-05 8.42559845567e-06 5.93535969373e-06 7.04834038214e-06 5.34179624626e-06 2.22389789004e-06 5.81973853239e-06 3.6920420207e-06 2.05108263099e-06 5.02767794001e-06 2.55704742705e-06 3.58034976454e-06 3.42414434808e-06 1.17713924107e-06 8.1267303649e-06 3.60198086394e-07 4.64376045587e-06 3.41381328539e-06 7.34472739568e-07 7.17738117847e-06 6.07677045845e-07 3.54332522564e-06 4.51949882172e-06 4.48989534617e-07 7.95760775238e-06 1.08879579302e-06 3.48362885025e-06 3.57085481109e-06 2.65392319233e-06 4.8358126822e-06 2.36073179096e-06 3.49272823676e-06 6.07440979867e-06 2.97256708349e-06 5.44639770827e-06 6.92817073312e-06 9.61148509459e-06 1.25609189709e-05 3.51655334798e-05 7.23640249243e-06 1.12000388016e-05 9.84963593631e-06 2.99747705649e-06 2.254375274e-06 9.3361970001e-06 1.094589456e-06 1.30823909729e-06 3.07983388009e-05 1.90887823051e-05 5.67833367963e-06 6.72340640685e-06 1.35092342364e-05 9.80259721517e-06 5.60733805069e-06 3.34663177295e-05 9.52772737327e-06 6.24809817928e-06 9.20775912725e-06 6.31303252116e-06 2.61636188293e-06 6.61537934887e-06 4.5288035914e-06 2.8654074026e-06 5.50721544956e-06 2.29894695538e-06 4.85327284394e-06 4.27034444492e-06 1.26902711481e-06 4.80844512079e-06 1.55467667173e-06 2.69243140781e-06 3.84214400943e-06 1.38698807708e-06 2.90048148108e-06 2.37362732179e-06 1.42437123348e-06 3.9439001606e-06 2.1674776291e-06 1.77493717136e-06 4.49095626846e-06 1.22466199166e-06 3.98392559918e-06 4.64522878846e-06 2.1124773756e-06 4.94666677018e-06 3.08138223054e-06 3.69260781998e-06 6.79245137819e-06 3.85984221102e-06 6.67416561839e-06 8.99311800167e-06 9.28580824798e-06 1.38206084936e-05 4.47090126248e-05 8.57591813946e-06 1.14419679536e-05 1.24719128348e-05 6.08547681414e-06 4.92728377832e-06 1.15961834807e-05 4.00629760634e-06 0.000175321156897 8.96792399678e-06 7.78676338202e-06 1.81161947374e-05 1.28095526242e-05 5.01772365983e-06 3.74246479722e-05 1.22541686187e-05 7.88107624332e-06 9.35714812178e-06 9.67588441118e-06 3.17498105062e-06 7.89133612036e-06 3.67371858274e-06 3.59808064514e-06 4.76857692769e-06 2.30420181706e-06 4.33475730684e-06 4.73430516557e-06 1.65816219138e-06 5.24664612282e-06 1.0572352149e-06 6.43666760228e-06 2.34201056567e-06 1.89966543078e-06 4.50073832673e-06 1.59785381566e-06 4.56194441315e-06 1.88902505277e-06 2.18308871004e-06 5.78442812078e-06 1.17183400498e-06 4.78574521429e-06 1.65642879383e-06 4.6311195739e-06 4.02180714786e-06 2.30740135936e-06 4.42751090044e-06 3.70428214187e-06 3.20380592313e-06 8.05063350908e-06 3.83317295057e-06 8.92155376347e-06 8.99485609213e-06 1.10202500257e-05 1.68762958973e-05 4.6992458857e-05 7.25529006223e-06 1.45272786118e-05 1.62621224058e-05 6.2332389198e-06 6.37304415078e-06 2.40068810788e-05 6.7178608191e-05 4.85298673497e-06 2.56059454155e-05 1.50333422632e-05 6.01220525002e-06 3.65195750988e-05 1.30544125639e-05 8.53694934457e-06 8.86377488569e-06 8.17761767998e-06 4.02245872351e-06 6.45787401151e-06 3.96909711992e-06 3.8164012739e-06 5.77931580958e-06 2.3117305457e-06 4.60704167277e-06 4.78079608416e-06 1.429383728e-06 6.30892113e-06 9.55210560205e-07 3.96145734896e-06 4.3066561608e-06 9.85692394264e-07 4.56180920372e-06 2.60631304833e-06 2.46963379939e-06 4.36885546441e-06 9.6832523098e-07 4.2071424037e-06 3.86982425199e-06 9.08187170056e-07 5.76834915847e-06 1.38989524768e-06 4.28604245066e-06 4.07067470749e-06 2.1991148425e-06 5.42107059464e-06 3.49729025837e-06 3.72562423694e-06 5.40816738996e-06 4.70795336053e-06 6.6194354743e-06 8.6817644923e-06 1.12898825248e-05 1.68086300552e-05 4.35344674157e-05 8.07654673572e-06 1.56008098079e-05 1.60564180998e-05 2.57143246444e-06 7.53921982946e-06 5.3908846709e-05 7.15093763357e-05 2.75290093406e-05 1.13585056696e-05 4.76387316102e-05 1.53230380313e-05 1.09964589811e-05 9.48859574264e-06 1.06310575735e-05 4.15505373452e-06 1.13726069774e-05 3.28346280112e-06 5.73775396907e-06 5.89097253572e-06 2.9898509084e-06 4.31792956527e-06 4.33766481156e-06 1.94417792221e-06 5.36777523441e-06 1.88742772655e-06 3.49476275636e-06 3.61875095392e-06 2.12071437511e-06 2.85805026516e-06 2.74611570947e-06 3.16339909694e-06 2.54046908414e-06 2.67675647908e-06 1.56912673607e-06 3.46382424277e-06 3.11888198419e-06 1.67235472736e-06 4.86470718666e-06 1.67387049218e-06 3.53152022832e-06 3.82603623167e-06 2.57826654118e-06 5.5043226563e-06 4.81324225324e-06 2.57059515799e-06 1.00701754109e-05 4.34929553836e-06 8.33598366012e-06 8.57765514827e-06 1.39690810814e-05 1.91543805942e-05 5.60774436056e-05 1.41255856653e-05 2.05503234822e-05 2.15480398283e-05 3.65750148527e-06 0.000367280444682 8.89429789428e-05 3.74638443867e-05 0.000107409290582 2.13354381007e-05 1.41726935768e-05 1.28868879092e-05 1.31765702058e-05 6.652290439e-06 1.16379766104e-05 5.75782412624e-06 5.74965999727e-06 7.46552780598e-06 3.85043464955e-06 5.41183669112e-06 5.96509128376e-06 2.09046076413e-06 6.93191941012e-06 2.04922296819e-06 6.49691771606e-06 3.25780705789e-06 1.65416546248e-06 6.53003132649e-06 2.1080124578e-06 4.37619154866e-06 4.19324583799e-06 2.09968285304e-06 5.83319962388e-06 1.46399330418e-06 2.99909850066e-06 5.56124576995e-06 1.69901381069e-06 5.97298879237e-06 1.79673741495e-06 4.48570822071e-06 4.90110049443e-06 2.92188790535e-06 6.38624705135e-06 4.26663103778e-06 4.60068231614e-06 1.00547228379e-05 6.39993219227e-06 1.05765901954e-05 1.21503247018e-05 1.61928143137e-05 2.51010392528e-05 8.63765027222e-05 2.21030643174e-05 2.9639857711e-05 6.09004826197e-05 0.000397161294542 7.28465846939e-05 0.000158781568522 5.77376275557e-05 3.70386033583e-05 3.57576121323e-05 3.12988508439e-05 1.7747211443e-05 2.00658938367e-05 7.81814451772e-06 1.2535455763e-05 8.78841569108e-06 5.48559906233e-06 6.46042050394e-06 9.76978991995e-06 2.91075601981e-06 9.15195314159e-06 2.96099499268e-06 8.04100485806e-06 7.04473760464e-06 2.05137681032e-06 6.09641568272e-06 5.82066793932e-06 3.11343296635e-06 7.03640118029e-06 3.10583796922e-06 5.2375473934e-06 5.90746533114e-06 1.92605541442e-06 6.75336370703e-06 6.38558829888e-06 2.69568511055e-06 7.54909263055e-06 2.36767273152e-06 7.1213435221e-06 5.97931625363e-06 3.53921358188e-06 6.98210850002e-06 6.27465169982e-06 4.84820086166e-06 1.21525089353e-05 9.03241293177e-06 1.4424290158e-05 1.51265434879e-05 2.15845989847e-05 3.71861185267e-05 0.000118341009685 2.91200121608e-05 6.4743759246e-05 0.000350595922459 0.000257710227404 0.000110779775651 7.32159405055e-05 5.57531467772e-05 4.0882339763e-05 2.69589569963e-05 4.9691714895e-05 1.89503698793e-05 1.69782643806e-05 2.82375260508e-05 8.08426045588e-06 1.93488420111e-05 1.4276360861e-05 6.715213763e-06 1.74162270608e-05 5.82897630517e-06 1.08212154903e-05 1.42513629865e-05 3.1287204886e-06 1.29156485416e-05 4.72041889223e-06 8.77705083128e-06 5.02830892602e-06 5.15333229033e-06 8.76484602099e-06 4.00373445761e-06 1.09037368482e-05 2.73111379179e-06 9.51614151763e-06 8.45062873144e-06 3.89161679019e-06 9.86118958212e-06 3.98283766544e-06 8.15959949918e-06 9.55847839513e-06 3.78797533461e-06 1.1482745906e-05 7.07291460642e-06 6.24871902835e-06 1.73472360141e-05 9.35393368676e-06 1.36029384696e-05 1.96989231724e-05 2.68783343892e-05 5.06170391769e-05 0.000156378550795 6.00025574994e-05 0.00465103967412 0.000692459315837 0.000369556815396 0.000332380877907 0.000182956771235 0.000100217882487 0.0001834079553 7.83533633468e-05 7.24005052257e-05 9.0431004378e-05 5.21515768476e-05 5.62036093199e-05 7.19233257014e-05 2.35004026488e-05 7.29632731642e-05 1.62522400852e-05 4.86916614781e-05 3.94319698307e-05 1.28321202476e-05 4.29119492027e-05 2.11385259305e-05 1.83442103713e-05 3.67008873214e-05 1.1818625943e-05 3.33284964269e-05 1.48695204981e-05 1.55506589782e-05 2.94111577598e-05 7.65986870049e-06 2.24744492544e-05 2.46429022763e-05 7.55534606352e-06 3.2309508125e-05 8.80303109844e-06 2.64389293065e-05 1.88866829147e-05 1.50985649468e-05 2.47708376729e-05 1.94769535696e-05 1.74436312429e-05 4.03766248354e-05 2.10743910502e-05 3.20589047888e-05 5.5433764758e-05 5.87902291514e-05 0.000108122622899 0.000630229851991 














































