






























4.69186892014e-06 9.09936151585e-07 2.77976002683e-08 5.10406590126e-08 1.84856306008e-06 3.7696190517e-06 7.12691970269e-07 1.13357471765e-05 5.56013329771e-07 1.32287028764e-06 2.55095836733e-07 9.06735146477e-07 2.85773739046e-07 3.16168657117e-07 3.00034908489e-07 2.60497091964e-08 2.39415886838e-07 1.18545742188e-07 3.14964932805e-08 5.77409427203e-07 3.46646634748e-08 3.48742133511e-08 6.11325011681e-07 3.62571015352e-08 1.45730055443e-07 2.8626853673e-07 3.57091870868e-08 4.49914640758e-07 4.8782143478e-07 5.45622086785e-07 1.68296405951e-06 7.61366030382e-07 2.38920656226e-06 1.167758651e-06 8.73893884351e-06 1.23519385506e-06 5.65514809493e-07 3.7897777383e-06 3.31084978788e-06 3.76005129094e-07 2.99475478541e-07 1.0926936514e-07 2.24662808616e-07 1.08897476263e-07 2.24966973567e-07 1.05513490824e-07 1.70548286903e-07 2.56832625379e-07 1.89790976885e-07 2.61538171791e-07 2.67969279931e-07 2.98861236367e-07 2.87350098697e-07 2.66141814068e-07 3.36016509773e-07 2.35850148441e-07 1.56685554244e-07 3.84097428364e-07 1.88657958466e-07 4.98654619554e-07 2.51440121157e-07 6.56635059379e-07 7.35768131761e-07 2.98754376466e-06 3.03990066632e-06 2.59496824626e-06 3.89238821975e-06 1.03859694007e-05 1.53824814824e-06 1.72353309141e-06 1.06896616062e-06 1.33408329917e-06 3.81595126055e-07 6.61745465415e-07 4.00730271646e-07 8.65832777563e-07 2.43372873468e-07 1.09562841135e-06 4.1785258595e-07 1.53131170237e-07 1.35705912548e-06 1.63835281054e-07 4.78838583611e-07 1.31518894671e-06 3.34770356091e-07 1.20501926539e-06 5.90126669263e-07 1.00528383098e-06 6.79548377223e-07 1.95637325454e-06 1.46561776939e-06 2.15727904551e-06 2.30863163202e-06 8.37881547183e-06 4.22265313985e-06 2.69967670969e-06 9.46176545383e-06 6.86481007095e-06 1.71819545544e-06 2.30591461005e-06 2.99450078306e-07 6.23722930294e-07 3.4527775502e-07 5.76389021867e-07 5.77884064871e-07 6.56787438443e-07 4.18206050771e-07 2.83997190522e-07 4.37474835421e-07 1.1896644986e-07 4.34649116057e-07 3.50756542035e-07 5.16331011475e-07 8.44481970768e-07 7.86384037023e-07 1.05871392751e-06 4.98643409917e-07 1.07547476719e-06 4.41798522502e-07 2.99427907925e-06 1.79035350143e-06 6.60832056734e-06 7.75086313228e-06 2.1395008569e-05 8.42021506199e-06 1.69602546766e-05 5.70532061645e-06 3.74916740831e-06 1.19311768219e-06 8.32272936575e-07 4.92748646161e-07 9.57559935291e-07 1.10876174154e-06 1.30709916345e-06 1.16906949288e-06 1.82755523548e-07 1.56186500798e-06 3.62190103504e-07 4.49094728667e-07 1.72562840708e-06 2.46786677506e-07 1.35547108054e-06 1.4820667257e-06 1.64456358387e-06 1.38521985099e-06 5.43907939663e-07 1.22392475753e-06 1.12222740078e-06 4.57141867675e-06 5.78856104836e-06 1.40438365778e-05 8.91160403244e-06 3.71988082707e-06 6.96365873763e-06 8.53601259139e-06 2.61301880496e-06 1.30637821934e-06 1.42828514933e-06 4.72569084853e-07 1.26629897826e-06 3.29689546207e-07 1.92963971421e-06 3.10525805051e-07 2.98045410021e-07 3.8465333099e-07 4.19319948671e-07 5.57245580711e-07 3.35597462434e-07 5.95479828391e-07 1.89171469115e-07 4.41143025128e-07 2.34474651404e-06 3.84985207284e-07 1.36442623356e-06 4.22184838212e-07 1.74592319044e-06 1.42637885532e-06 3.26093876026e-06 7.57250167913e-06 7.8297096419e-06 3.05577854768e-05 8.34430250764e-06 2.46353752728e-05 6.50586775266e-06 4.52624028823e-06 2.78676380983e-06 4.37492807645e-06 1.2427930501e-06 4.11232055167e-06 1.45187897337e-06 6.44360187672e-07 2.23866987659e-06 1.54714921111e-06 5.73468876263e-07 2.09814058008e-06 5.68373305374e-07 1.5748066593e-06 2.38357824545e-06 5.23552670277e-07 1.7009259388e-06 4.61132436683e-06 1.28778855067e-06 4.68067297905e-06 2.85101128184e-06 4.35994701126e-06 6.76791632269e-06 2.55130619394e-05 5.41741119159e-05 8.43670992392e-06 8.58967497614e-06 5.20893091675e-06 1.04059946782e-06 2.55307152269e-06 1.59391674636e-06 1.16684754747e-06 9.21902664465e-07 5.60225961703e-07 1.65081119266e-06 9.35728165935e-07 6.20346622823e-07 7.33997590267e-07 6.65203319389e-07 5.31291120804e-07 1.06147212581e-06 1.46961612637e-06 7.93828599225e-07 1.44247646816e-06 1.18765146544e-06 1.93474069453e-06 2.80059511975e-06 1.76099088827e-06 4.30275263948e-06 1.15496011781e-05 1.5474606676e-05 1.38822411076e-05 7.33723489425e-06 1.50835376949e-05 4.78917812164e-06 4.13772044809e-06 2.70251086159e-06 6.2813706144e-06 1.02034012115e-06 9.83208407573e-07 2.0023071686e-06 1.9915548856e-06 1.03508735245e-06 2.90677460668e-06 3.34665685385e-07 2.84984613088e-06 1.17005031701e-06 2.27911732698e-06 2.45453337745e-06 9.38198283495e-07 9.96670227551e-07 7.11692819955e-06 2.52320299434e-06 3.84545346144e-06 5.81232666675e-06 1.6969008253e-05 1.1770007474e-05 7.82210190395e-05 4.785388194e-06 6.2091839199e-06 9.65237435906e-06 5.87566658205e-06 2.37193722574e-06 3.05829453661e-06 2.44647219983e-06 4.99897153047e-07 2.59569390747e-06 8.17548348327e-07 1.19265197774e-06 9.77366758983e-07 7.13302590688e-07 9.68976102854e-07 9.60169689921e-07 1.72321883441e-06 4.8432027248e-07 3.62851927e-06 6.4351789878e-07 3.69247953329e-06 4.71452077072e-06 3.58115586008e-06 7.36319406957e-06 1.09338368054e-05 1.09411579669e-05 1.92973473003e-05 1.45293514273e-05 7.66188997701e-06 2.23224405789e-05 1.10830559264e-05 9.62000384616e-06 5.52376777179e-06 2.61405697674e-06 3.7002222506e-06 3.9138427145e-06 1.93339602452e-06 5.33120826386e-06 9.21492053711e-07 7.90457759944e-06 9.97070618955e-07 5.39129846134e-06 2.47686291036e-06 4.71761533474e-06 4.32752881327e-06 2.99244448628e-06 6.26026529068e-06 1.24714768236e-05 1.42841219468e-05 2.86781659842e-05 1.07256389256e-05 6.26287406136e-05 7.41350398019e-06 1.45482581347e-05 1.40989125617e-05 1.48019469139e-05 4.57121449e-06 1.86861781259e-06 7.58720279871e-06 1.42546655485e-06 2.27770666367e-06 2.28071109339e-06 1.77851447434e-06 3.11399598489e-06 3.59037746851e-06 1.72342299023e-06 2.89689254117e-06 2.51462107945e-06 1.77364544999e-06 9.72148435017e-06 2.42200314475e-06 5.66780276698e-06 1.81153558446e-05 1.81284434507e-05 2.24519190001e-05 2.76021366349e-05 3.30232391676e-05 1.91779000305e-05 4.96590308416e-05 1.90288140696e-05 3.92075334875e-06 1.38115983196e-05 6.41304309138e-06 3.27254804683e-06 6.75917348838e-06 3.38076617235e-06 8.1957503282e-06 5.75168442197e-06 8.6561195818e-06 3.87523956647e-06 7.5492131603e-06 3.84498681586e-06 7.652939473e-06 1.76557057048e-05 3.97357698862e-06 2.11772082796e-05 5.3908069914e-05 2.99594032841e-05 0.000102461110033 1.60404686826e-05 2.62481226122e-05 2.12671017139e-05 6.56740711658e-06 1.07071314389e-05 5.86252702954e-06 5.47548988707e-06 4.30906446277e-06 3.00024737114e-06 5.75458262551e-06 5.6756392379e-06 5.23336433691e-06 6.7366898634e-06 2.99854409834e-06 5.34742998377e-06 6.82134244079e-06 7.07626248999e-06 1.34589848687e-05 8.92891255594e-06 2.76538904071e-05 3.5482407986e-05 4.26780258621e-05 1.59076816907e-05 8.4986455406e-06 7.37050894263e-06 1.18743194996e-05 1.90399170987e-06 3.63515067236e-06 4.63640255553e-06 9.74064780716e-07 4.14979625541e-06 1.37067757445e-06 4.05954786364e-06 1.52183814451e-06 4.62415348778e-06 1.12989567196e-06 4.71135353509e-06 4.65123332509e-06 2.26561083483e-06 1.30991055671e-05 1.04831472049e-05 1.34725061284e-05 4.10471329169e-05 3.59975137167e-05 1.50862283924e-05 5.87749163971e-05 1.82873756723e-05 9.27408893218e-06 1.68720303366e-05 9.59584392725e-06 9.40889475572e-06 9.63004617088e-06 1.03754513748e-05 1.04869918034e-05 1.09264577498e-05 1.05817129439e-05 1.12442113419e-05 1.99255231479e-05 1.04736355367e-05 2.01900449657e-05 6.42139039061e-05 1.97356243707e-05 8.66236802832e-05 1.11871811396e-05 2.64874532505e-05 2.60443731968e-05 1.22840839966e-05 8.44810970024e-06 5.19549045613e-06 1.20038907653e-05 3.62101486555e-06 8.45222901143e-06 4.04703408851e-06 8.52439470561e-06 3.26727743951e-06 1.4542546689e-05 5.26969588083e-06 1.03310497352e-05 1.0792317017e-05 3.15773240424e-05 3.68433112187e-05 2.00935625054e-05 3.44409040068e-05 1.7120844732e-05 2.09019452101e-05 1.85335553894e-05 6.37718875797e-06 1.2667632345e-05 9.83432028267e-06 5.683056772e-06 6.27250636223e-06 7.62523676641e-06 5.24260741037e-06 1.2036117631e-05 1.32201369837e-05 6.64175079919e-06 2.06688885145e-05 2.72116061889e-05 1.95593841967e-05 7.1933999174e-05 3.10145627619e-05 2.4444935551e-05 5.40387998697e-05 1.98918790464e-05 2.4092679841e-05 1.79007256935e-05 2.37236251547e-05 8.20107804641e-06 1.7608387918e-05 8.04498446255e-06 2.59095224995e-05 1.90637891317e-05 2.71030045783e-05 2.30111891127e-05 6.32216466418e-05 3.24484280416e-05 6.34023512886e-05 2.15472938024e-05 2.75083205255e-05 1.89348071034e-05 2.75326772964e-05 1.07267988309e-05 1.52007705885e-05 1.22679019296e-05 6.90095808467e-06 7.72304900743e-06 1.26425459616e-05 1.62348414509e-05 1.24624029153e-05 3.03212360573e-05 2.58225910117e-05 3.31395287474e-05 3.55069284109e-05 8.5642871007e-05 3.61775797633e-05 0.000106596344619 4.55804469166e-05 3.28270088718e-05 2.8840826684e-05 3.55940632072e-05 1.3387515992e-05 3.72367575436e-05 2.83377201931e-05 3.75518606906e-05 4.6102029288e-05 0.000116823448149 4.38016905358e-05 0.000151071578992 4.02116425896e-05 6.44125318811e-05 4.93186875514e-05 4.43497517341e-05 2.016933393e-05 2.84617786772e-05 2.00240344513e-05 1.91260218223e-05 3.00140365001e-05 2.16374030866e-05 4.64554195497e-05 6.23187702175e-05 6.97444985216e-05 5.08775669276e-05 0.000121835839869 5.94716188459e-05 0.000103821961331 4.88045570739e-05 3.69572726675e-05 2.72138959611e-05 5.64048703539e-05 2.83037875682e-05 3.96222911703e-05 4.74667098877e-05 0.000116710187889 6.85760879284e-05 0.000183852635574 7.71529019139e-05 7.01914069598e-05 5.86439696437e-05 5.30691476859e-05 2.09701249013e-05 5.03921182184e-05 5.13988570354e-05 2.24251605587e-05 5.5670478595e-05 7.49788988831e-05 7.40057788198e-05 8.95885369233e-05 0.000134853485808 7.26053174097e-05 0.000114803583812 5.18819294962e-05 6.2698610558e-05 6.83197205837e-05 6.50328897199e-05 5.21329527964e-05 0.000132624847717 8.25678025442e-05 0.00017847577435 9.16472695039e-05 7.57745457448e-05 5.7158508262e-05 8.25775205423e-05 4.77006065466e-05 4.8623753175e-05 8.71833273048e-05 7.44769195146e-05 8.04881182561e-05 9.99677882093e-05 0.000251864580426 0.000115252299656 0.000238286460034 0.000165948563653 9.20810420508e-05 0.000172655075494 0.000266095546759 0.000127150772358 0.000296391500233 0.000197233031666 0.000239920368039 0.000192006146024 0.000144377418887 0.000145801757393 0.000229377853531 0.000259523842485 0.000215947407071 0.00039231113568 0.000209714045901 0.000187807463342 0.00022404853963 0.000215834268967 0.000222288996066 0.000412323609497 0.000584089925699 0.000309487315214 0.000451578879875 0.000473838691606 0.000326488415183 0.000618006666115 0.000697725116692 0.000579332759453 0.000647440081539 0.000579332759453 0.000697725116692 0.00193852716628 0.00121007928776 0.00103911938515 0.00170619955529 0.01008104196 0.00345351841138 0.00726385884298 


