

































2.45510578075e-06 1.66597304985e-06 3.67939826569e-07 3.60969297974e-07 7.78101353425e-08 1.13570265222e-07 1.07081451014e-07 1.25246883769e-07 1.437450779e-07 1.03650713893e-07 5.48773283438e-07 7.09137250667e-07 2.05529341982e-06 1.7946755416e-06 2.06889664094e-06 5.95085589315e-06 7.55768566949e-07 5.59714475927e-07 3.14750252447e-07 2.84399255554e-07 5.5941145204e-07 2.65547161009e-07 5.62322670417e-07 6.62993363621e-07 1.62742222009e-06 1.60887712894e-07 4.72062318713e-07 4.73257139298e-07 2.13143334381e-07 7.5865501144e-07 7.57174679909e-07 2.37497804715e-07 5.06879599678e-07 5.38744413356e-07 1.99917197769e-07 1.9844190198e-06 9.6387259095e-07 7.10104205754e-07 3.89871745081e-07 8.58252914806e-07 5.09815413982e-07 5.51086197719e-07 7.80811094265e-07 9.68215683984e-07 4.04454552691e-06 2.58365588498e-06 7.80218728972e-08 8.90361763307e-07 2.00043574914e-06 8.58453103438e-07 2.47351408159e-07 1.00601664961e-07 4.01947359264e-07 1.41800693138e-07 2.42229156297e-07 3.96156888473e-07 3.57108128933e-07 1.40179343532e-08 3.74119163599e-07 2.72060743861e-08 1.67891221675e-07 1.66545864186e-07 8.71373227999e-08 1.17089966479e-07 1.61855074983e-07 1.95628493734e-07 2.54841840708e-08 5.33104769634e-07 1.14592097862e-08 5.1186628329e-07 5.13493709555e-07 3.74666052528e-07 1.95247423391e-07 6.19115993327e-07 1.00569184728e-07 2.43997037143e-07 5.78085581526e-07 1.48729352008e-06 1.19147804815e-06 1.49935822116e-07 1.94452164706e-07 1.23953355545e-06 6.152841955e-07 5.44992478441e-06 1.40624488459e-06 4.47980802504e-07 8.99068730595e-07 5.33122308562e-07 5.46329174075e-07 7.26442691554e-07 8.03673543914e-07 3.11709090179e-07 3.30860008056e-07 5.42456992194e-07 1.23018203083e-07 2.53114130338e-07 1.13667640351e-06 4.47583619814e-08 1.15999426223e-06 2.78406777331e-07 1.49005374338e-07 6.19085195626e-07 3.85859691061e-07 3.7196825211e-07 9.54315061727e-07 1.00247225669e-06 6.2513152926e-07 8.95569601995e-07 1.04185349011e-06 5.67514270488e-07 1.23452932537e-06 3.81779155763e-06 4.22292952709e-07 1.86225084462e-06 2.32097540095e-07 3.3939181318e-07 3.35095047001e-07 1.86110798667e-06 4.96824471642e-06 8.89621516031e-07 3.36329121975e-06 6.12028974481e-07 1.10114242407e-06 8.14018559739e-07 1.69448200991e-06 2.75514611944e-07 6.20107796939e-07 4.51695299988e-07 1.84558404691e-07 1.00727538174e-06 4.460861909e-07 8.96888044002e-08 1.82900259048e-06 7.15237355399e-08 4.993961726e-07 1.11577722923e-06 1.91486760612e-07 4.74875180842e-07 6.61122679535e-07 3.59134445188e-07 1.96106389632e-06 8.11327557642e-07 1.34542426109e-06 6.13188311426e-07 2.93657497012e-06 8.81709379643e-07 3.61115951703e-06 1.66935649585e-06 4.09933340305e-07 1.07709688013e-06 1.75154558818e-07 1.61044717042e-07 7.0778027136e-07 9.84524601426e-07 1.79563612803e-06 1.59133850857e-06 9.07284835455e-08 1.46634083558e-06 1.48574535681e-07 3.92273035744e-07 1.17012275528e-07 2.22371086347e-07 1.58384624503e-07 2.09633969282e-07 1.65280753167e-07 5.40780797789e-07 9.06622393932e-08 2.59990034599e-07 2.33412749034e-07 6.10719063475e-08 5.92695814727e-07 1.88056899413e-07 2.08319100946e-07 2.51814218644e-07 3.99700907394e-07 1.0627680879e-07 5.24129967247e-07 9.08381043597e-08 1.54062048692e-06 4.49710471916e-08 9.41267144861e-07 1.48586950582e-06 8.69204128634e-07 1.07922677406e-06 2.35089172646e-07 6.18871352573e-07 3.9174416122e-07 2.15737708212e-07 1.45065796864e-06 4.60747795195e-06 9.06619379611e-07 1.57701604516e-05 2.48702316418e-06 2.16724808674e-06 1.79947761474e-06 2.33944480466e-06 5.010540164e-07 1.79622324855e-06 3.48720352442e-07 7.43221972505e-07 9.93301968651e-07 9.07212218895e-07 7.06853434319e-07 1.08870907282e-06 2.82700071114e-07 1.09830011284e-06 7.68737264894e-07 9.38732920321e-07 1.10460264687e-06 8.9453455753e-07 3.20896276107e-07 2.13641753034e-06 5.72622782774e-07 2.57898873441e-06 1.98282277205e-06 1.93489014773e-06 1.83443506669e-06 1.04070447198e-05 5.24491925932e-07 4.02147276345e-06 2.03003300954e-06 7.2282625005e-07 8.23814771763e-07 1.83694165964e-07 5.636930129e-07 5.49045791789e-07 2.60021942276e-07 3.46860901371e-06 4.55792616424e-06 2.2825914755e-06 2.02458307372e-06 2.79448565126e-06 3.70511881416e-07 1.8568808831e-06 3.93271999147e-07 9.27534494432e-07 4.23282735814e-07 1.1232631439e-06 3.8432631595e-07 5.91063919134e-07 7.9512385878e-07 7.38486619208e-08 7.79193506739e-07 6.81140732539e-07 3.96483775988e-07 1.11127524177e-06 5.78825593865e-07 8.3918855547e-07 3.86356003786e-07 1.8271685012e-06 4.07386519889e-07 2.60951190073e-06 1.78911919773e-06 1.36748565743e-06 3.68057773818e-06 2.5049319761e-06 1.7500869319e-07 6.02491549511e-07 1.14432610426e-06 4.87390488704e-07 1.0390843298e-06 1.35096000921e-06 8.28764698147e-07 3.19670169393e-06 1.70771195703e-06 1.54857333557e-05 3.53259520175e-06 3.29554165022e-06 1.1585030399e-06 2.21195196388e-06 6.33821291015e-07 8.41580820035e-07 1.02102214909e-06 1.94559774174e-06 3.36370405349e-07 2.1035699615e-06 4.3197161094e-07 1.16877942188e-06 1.39439896391e-06 3.71634045177e-07 2.15404317191e-06 3.79543884683e-07 1.76831044416e-06 9.81992484904e-07 9.72791612208e-07 6.89637755465e-07 2.12227462316e-06 1.12843823334e-06 2.97265446792e-06 2.20522773296e-06 1.06456982893e-05 1.02180158352e-06 3.27641517891e-06 1.22307544804e-06 2.15466477057e-06 1.62543515702e-06 1.36201611736e-07 6.57114715909e-07 3.92234504248e-07 2.27731767849e-06 2.84303286146e-06 3.42367291156e-06 7.87365028045e-06 5.22916493704e-06 8.24763947217e-07 2.86342974482e-06 6.80535551212e-07 1.63518838514e-06 1.15576960224e-06 2.64649541388e-06 1.72300687317e-07 1.89340479982e-06 7.62518095496e-07 2.37482260731e-07 3.44919533618e-06 2.35288686247e-07 7.11646328741e-07 1.79878623574e-06 2.05824024911e-07 2.54604379703e-06 1.13768548294e-06 1.44004037623e-06 5.48268470602e-07 2.5333185024e-06 7.0023904101e-07 4.41271484581e-06 6.36404427276e-06 2.26957225e-06 2.44421434581e-06 3.16006561856e-06 4.56869278643e-07 1.51014007835e-06 4.08853433731e-07 1.39782794739e-06 2.86646344222e-07 4.29779539508e-06 2.58305417688e-06 4.79938465207e-06 7.36019472243e-06 2.38234382509e-05 3.04492297216e-06 9.12757126381e-06 1.72855280381e-06 3.59027586141e-06 2.17505858593e-06 5.32361691533e-06 7.9633263761e-07 4.8046904639e-06 1.02595067336e-06 1.02435162645e-06 4.74818880372e-06 8.71652644052e-07 4.65192636919e-06 1.07432587005e-06 1.09641037492e-06 4.69921565445e-06 7.67361761876e-07 5.4511616624e-06 2.11234792758e-06 3.22264221772e-06 1.44176479045e-06 7.64405817997e-06 2.19657234825e-06 1.70616872953e-05 6.24386119867e-06 5.06186110037e-06 2.88808619799e-06 6.35031826297e-06 9.65357596279e-07 2.72624601802e-06 2.50187860986e-07 1.54726833698e-06 7.89705369904e-07 1.44340839342e-06 1.87037631936e-06 3.368291933e-06 3.85142477493e-06 2.48264321621e-06 1.22174319162e-06 7.80630692115e-07 1.501643117e-06 1.04449977472e-06 4.57736836941e-07 8.27851773998e-07 7.34901754395e-07 2.2193754867e-07 9.56074677835e-07 5.70825235859e-07 4.44081905568e-07 1.01318619579e-06 2.0448947997e-07 7.79789082945e-07 9.40325009144e-07 2.76650698212e-07 8.35920932214e-07 1.41758985913e-06 6.90864442656e-07 1.39528469753e-06 1.85985128563e-06 3.60289698535e-06 2.27992940057e-06 1.6759628272e-06 1.52277266865e-06 7.82988673916e-07 2.56364518348e-06 5.89963628934e-07 3.05758426411e-06 2.03502194514e-06 2.27822640523e-06 2.93737169553e-06 1.20365315922e-05 2.52850792357e-06 1.47318632739e-05 2.3904562192e-06 5.00316954166e-06 2.68427694454e-06 5.34994404443e-06 1.09656575124e-06 4.92566996783e-06 8.94062198435e-07 2.10621780351e-06 2.59233218265e-06 1.13850155339e-06 3.76692862598e-06 1.21740553549e-06 2.45603785738e-06 2.16311284439e-06 7.19499840083e-07 4.13762021746e-06 1.10685802101e-06 5.18816249518e-06 1.93097058836e-06 4.20834751989e-06 1.78675113426e-06 1.21726116665e-05 1.84267455719e-06 1.00365010374e-05 3.06796591315e-06 2.82805877271e-06 2.5702670882e-06 1.117645705e-05 2.13745275001e-07 8.50044003367e-07 1.23459011463e-06 2.89677139806e-06 1.66876194569e-06 2.22911993006e-06 4.0348546291e-06 1.91251569466e-06 2.44006736196e-06 1.87910278642e-06 6.49573719135e-07 1.74074151541e-06 5.99637225999e-07 4.76276360338e-07 1.42803601706e-06 5.00488728167e-07 7.86967058544e-07 7.05782906917e-07 4.48821135534e-07 1.32924676539e-06 4.2823828724e-07 4.80574591515e-07 1.67702636297e-06 8.20556873362e-07 1.28877032488e-06 2.50268722039e-06 1.3212347629e-06 3.82755075064e-06 1.63411731572e-06 1.88725821987e-06 3.00828509166e-06 1.44024438463e-06 9.92642841393e-07 5.6194488101e-07 1.33852491448e-06 3.10223552662e-06 1.890493614e-06 4.12695787598e-06 1.85445995075e-06 7.00005261397e-06 1.87591938453e-06 1.03006416481e-05 3.20137946252e-06 7.24064636028e-06 1.11803754187e-06 5.62877769638e-06 1.05388326418e-06 2.24099819847e-06 2.56288832205e-06 1.85758429702e-06 2.10593159785e-06 1.38073123911e-06 2.07167307409e-06 1.71774472004e-06 2.45350670446e-06 2.24388144751e-06 8.66251982607e-07 5.29316219155e-06 9.68498920653e-07 6.23388496314e-06 2.45741604994e-06 9.10855828654e-06 1.43165585077e-06 5.82691247955e-06 1.64408593983e-06 4.38171819782e-06 2.04549707761e-06 4.3996486123e-06 5.15227999203e-06 5.42220616928e-06 1.83288854892e-06 3.41883076561e-06 1.52043082637e-06 4.66747258555e-06 3.15207990775e-06 3.46970917984e-06 1.01707464856e-05 6.87400946211e-06 1.85175443236e-06 3.82936306755e-06 2.12395229587e-06 1.46624651664e-06 4.94358518478e-06 6.19347069342e-07 3.95146433182e-06 1.20409436347e-06 1.16942371561e-06 3.92894009375e-06 6.26920950821e-07 4.91450919974e-06 1.22623855959e-06 2.2260446915e-06 3.17099454449e-06 1.38477677753e-06 4.95295517772e-06 9.22617130173e-06 2.41912012557e-06 3.31714341222e-06 3.88138005383e-06 1.74393638424e-06 3.65854044506e-06 2.73740915675e-06 1.82662332136e-05 5.60983492492e-06 7.23289725868e-06 2.00606301471e-06 6.07596832025e-06 2.78376838256e-06 9.63206652821e-06 6.02705162179e-06 2.57454437416e-05 2.73280275665e-06 1.38660799066e-05 2.20834660648e-06 3.92594212439e-06 6.30471445309e-06 3.4596726966e-06 3.69428895467e-06 4.51188757171e-06 1.80508793812e-06 4.47693542053e-06 3.7036979386e-06 3.28204185829e-06 5.80779527181e-06 3.59736778285e-06 1.79073481382e-06 1.18081601897e-05 2.22345529511e-06 2.10906883694e-05 4.41429728856e-06 8.25158647978e-06 2.0250117009e-06 5.63920651337e-06 2.04281320192e-06 8.13724728606e-06 2.52438042231e-05 2.38538491627e-06 6.20767587898e-07 1.80754756435e-06 4.22653305365e-07 2.00871412803e-06 2.37535532067e-06 3.44250500102e-06 3.38978006052e-06 3.57339839389e-06 1.62574092975e-06 5.29399401922e-07 3.58281732791e-06 4.53023200943e-07 3.12184088716e-06 2.27115791894e-07 1.51636471687e-06 1.36958587373e-06 1.21257675138e-07 3.07139454737e-06 2.51960594463e-07 3.30758680304e-06 5.75773865006e-07 1.7297811208e-06 2.69203821025e-06 3.83209199316e-06 2.46158282254e-06 1.79405150824e-06 1.92642162246e-06 3.42496609031e-07 1.77183592227e-06 7.54365144091e-07 4.73813263077e-06 1.905513699e-05 4.53246194252e-06 8.2440668643e-06 1.95436458162e-06 5.81896179788e-06 7.45385070145e-06 1.8967486684e-05 3.03391089159e-06 3.08655434983e-05 5.03323476783e-06 6.54551963082e-06 9.88232964516e-06 4.43575894353e-06 6.82698007129e-06 5.45676570206e-06 2.76926614171e-06 8.65260561149e-06 2.38546895558e-06 5.93409941006e-06 6.2452253695e-06 4.03168027141e-06 8.5960639422e-06 5.50480899055e-06 3.98615451329e-06 2.61316672068e-05 2.23310595652e-06 1.62102167976e-05 6.49866429329e-06 5.569596787e-06 2.03663041471e-06 1.09121509283e-05 7.54414637865e-06 5.51798832795e-05 2.23090182298e-06 3.65943735249e-06 1.29575874203e-06 2.1306136892e-06 2.31898742969e-06 4.88400079465e-06 2.22963311804e-06 5.18412050548e-06 6.1688597933e-06 2.43182491864e-06 6.70317329312e-06 1.40506413287e-06 4.77431986229e-06 1.49559526219e-06 2.10397034675e-06 1.98195886572e-06 1.97141079404e-06 1.7728428294e-06 1.42541131658e-06 4.78215094556e-06 1.2690550991e-06 6.03932338956e-06 1.90859176061e-06 6.46431888789e-06 4.03454865064e-06 2.33267576117e-06 3.98054761961e-06 2.73055051221e-06 2.18294960442e-06 2.17561404984e-06 6.6430332834e-06 6.68655901952e-06 8.00015225823e-06 1.91239116465e-06 3.18954620795e-06 2.52419179943e-06 5.16891155646e-06 1.77832672308e-06 9.37305889208e-06 2.81057700206e-06 8.96244267121e-06 7.62481976871e-06 3.76619437284e-06 4.63883203507e-06 3.90797083441e-06 2.10588066068e-06 6.3827935684e-06 1.10940085166e-06 6.16347474291e-06 2.1048732483e-06 3.72624337849e-06 3.97683521427e-06 3.12832546377e-06 6.12496938145e-06 9.47286359484e-06 2.1603876206e-06 7.47627385891e-06 1.55919107698e-06 5.08842383856e-06 2.84865296526e-06 3.32908325942e-06 3.65969722456e-06 2.27155930288e-05 9.32213125441e-06 1.20519183899e-05 6.92505739396e-06 1.20312503892e-05 3.9229090377e-06 1.79892598786e-05 1.0670176141e-05 6.43152692845e-06 4.86482039053e-05 7.68635036906e-06 2.21426484162e-05 7.1747005637e-06 8.331436508e-06 1.00838093403e-05 7.31129699561e-06 7.20484005957e-06 9.96106006838e-06 7.15818639756e-06 6.41498164385e-06 2.15836032696e-05 5.69385078234e-06 4.24866555038e-05 5.03070331777e-06 1.04695049958e-05 1.83645432912e-05 4.86250714941e-06 1.43080882872e-05 9.40091069561e-06 1.98496267931e-05 1.93421727607e-05 6.60659310645e-06 3.86635149551e-06 6.43231491644e-06 1.43388060326e-06 6.32589982837e-06 3.02694687232e-06 4.93813591114e-06 8.10859419761e-06 9.216461095e-06 7.05528798567e-06 5.58520330988e-06 2.81074008403e-06 7.69868021316e-06 1.91286018072e-06 7.07044320784e-06 1.94567116081e-06 7.64453717024e-06 2.62153451622e-06 5.35939398991e-06 5.99080150074e-06 1.01236356755e-05 6.45148400271e-06 4.32417552305e-06 3.11789274521e-06 7.04489286948e-06 1.39345455299e-06 7.79242678177e-06 6.01402447428e-06 1.64797883052e-05 1.73238480883e-05 1.79744008114e-05 2.95840026961e-06 1.25309621218e-05 5.69557605521e-06 9.72911677419e-06 3.01259071039e-05 6.63962943198e-06 3.51982508758e-05 1.03891029221e-05 1.09073343287e-05 1.26985063646e-05 8.33789230273e-06 1.07514676304e-05 1.06969755041e-05 8.10934853945e-06 1.16974392149e-05 9.00742709815e-06 8.34512586524e-06 3.36567710874e-05 5.54927067691e-06 2.91855944719e-05 9.54931303608e-06 6.52162467977e-06 1.37134737116e-05 4.60544808964e-06 2.60776361367e-05 3.29416022553e-05 1.91508842687e-05 3.79621781829e-06 1.14528062728e-05 2.91969997217e-06 4.03793946447e-06 1.45520161327e-05 7.53054581196e-06 1.03343984452e-05 1.96376495356e-05 6.31811838771e-06 1.54713960446e-05 3.45471885784e-06 1.25693198462e-05 4.96016255535e-06 1.25570103324e-05 3.5827103907e-06 1.44186054231e-05 5.31330273789e-06 1.99624043196e-05 8.51244431549e-06 7.59850035319e-06 1.56151476399e-05 3.73505975378e-06 3.42620292395e-06 1.40721730836e-05 5.7622565096e-06 3.71410964807e-05 5.74799744096e-06 1.29120938527e-05 4.3982770731e-06 4.91656762403e-06 1.25393860945e-05 6.24475702011e-06 1.53264251601e-05 7.33082070857e-06 1.70502497034e-05 1.23765831092e-05 6.75256917521e-06 9.37540028444e-06 8.69083308592e-06 9.31267537657e-06 8.73911336844e-06 6.78837251624e-06 1.13116761841e-05 1.95007759406e-05 5.98652736451e-06 1.30416429627e-05 6.13568050989e-06 1.20095236169e-05 4.67281467463e-06 5.06576714688e-06 1.80183521184e-05 1.05868489517e-05 4.20673632477e-05 1.07940797922e-05 1.21231855008e-05 1.78788280466e-05 8.43641036698e-06 2.20336961664e-05 2.13677747225e-05 1.08153174425e-05 5.32326020022e-05 1.10570122681e-05 3.10681039377e-05 1.19307893e-05 2.59819533767e-05 1.12918910939e-05 3.07321354847e-05 8.90845379461e-06 5.02710963426e-05 9.92883126472e-06 1.99738091955e-05 2.3156867632e-05 8.81743102509e-06 1.96567902152e-05 1.5140557612e-05 1.38084529898e-05 6.80683639226e-05 9.0359925325e-06 7.33339395314e-06 1.36798507428e-05 4.35112773307e-06 9.97537256658e-06 8.21128635632e-06 1.00056669479e-05 1.29181629588e-05 1.73397460899e-05 1.3126599247e-05 1.23148486633e-05 9.76070625221e-06 9.22592695615e-06 1.1943971397e-05 1.1504738227e-05 1.9620715049e-05 1.04483642822e-05 9.91781293597e-06 8.05780645822e-06 1.10169260467e-05 3.9296642206e-06 1.5937853742e-05 8.86948467361e-06 1.38835254213e-05 2.39097941468e-05 3.35898416801e-05 1.27821067576e-05 1.79903449953e-05 1.41878593245e-05 1.77431603462e-05 4.1015167553e-05 1.12653610857e-05 5.87970131065e-05 1.85692225377e-05 3.34659647045e-05 1.29983296061e-05 3.38787805755e-05 1.65719689421e-05 5.7499191948e-05 9.52564752461e-06 4.12181764583e-05 1.77457553503e-05 1.49129332239e-05 1.88828543657e-05 1.52230171553e-05 3.88547976873e-05 3.25722079692e-05 4.61357872374e-05 1.05859306036e-05 1.92403079628e-05 1.09870140022e-05 1.08767095991e-05 2.38359479256e-05 1.67956592295e-05 2.01243226847e-05 2.97069080343e-05 1.89021997692e-05 1.85655790333e-05 1.88840207302e-05 1.77642261336e-05 3.38593769555e-05 1.78710326531e-05 1.58268700039e-05 2.36215274702e-05 1.0988041642e-05 9.56402194519e-06 2.05718381189e-05 1.20340893612e-05 6.1205742594e-05 2.43702256695e-05 3.27526402133e-05 1.79545538363e-05 1.41092152117e-05 2.43170295863e-05 1.95709516263e-05 4.40857290985e-05 1.55387856065e-05 5.83466282193e-05 1.95199446322e-05 4.18130508194e-05 1.73733526138e-05 5.83553252404e-05 1.42727659611e-05 4.45380192088e-05 1.95183692206e-05 2.54274856228e-05 1.43356308977e-05 2.06030561301e-05 3.53231885841e-05 2.96905405225e-05 4.64226970953e-05 1.64308466896e-05 1.58756519713e-05 2.11147832309e-05 1.16890253129e-05 2.95970351006e-05 2.56472796666e-05 2.14076233586e-05 3.71894097941e-05 2.75126485003e-05 2.53850633118e-05 4.30517733729e-05 1.87690355642e-05 2.54534117314e-05 2.91976442552e-05 1.05404966199e-05 2.10888185496e-05 1.59363124902e-05 1.76306996723e-05 5.29736439191e-05 4.70270813621e-05 3.16395098526e-05 3.8020215676e-05 1.97674618913e-05 3.41563693015e-05 3.59987268261e-05 5.39517050123e-05 2.26317158686e-05 8.23659795472e-05 2.84158839478e-05 8.38236214401e-05 2.09890195962e-05 5.41532833308e-05 3.65898314858e-05 3.53287096192e-05 1.97826058331e-05 3.90382763443e-05 3.29269386993e-05 5.19352354013e-05 3.90129665279e-05 3.91191945343e-05 1.92347781353e-05 2.88748156268e-05 2.26841166158e-05 3.59183355556e-05 3.53033759839e-05 3.52538470196e-05 4.79738463757e-05 5.79757888588e-05 3.09308321382e-05 3.57554166987e-05 3.56297303659e-05 2.18789074377e-05 2.79286531535e-05 1.67479178418e-05 4.11414896309e-05 3.63362273315e-05 0.000117120942469 3.50360187816e-05 5.36480250978e-05 3.59949863421e-05 4.60419808483e-05 5.23782426215e-05 8.41906081464e-05 3.36294032145e-05 0.000153580870163 3.36294032145e-05 8.41906081464e-05 5.23782426215e-05 4.60419808483e-05 3.59949863421e-05 5.36480250978e-05 3.50360187816e-05 0.000117120942469 4.09016590875e-05 4.44961291287e-05 2.92026030694e-05 3.26552828026e-05 2.94665892449e-05 4.91987430781e-05 4.33755721356e-05 6.1160962515e-05 4.67080603349e-05 4.56646701298e-05 4.87394089954e-05 2.92457379821e-05 2.94396503619e-05 2.62300922233e-05 4.47324320834e-05 3.9185061986e-05 0.000163265960084 6.9399712512e-05 6.87274345677e-05 4.91431257239e-05 7.56559244453e-05 7.70647270058e-05 0.000160530208275 3.79760228054e-05 0.000157934074375 7.7956002652e-05 7.69545182318e-05 4.90723225222e-05 6.83422030938e-05 6.75305479857e-05 0.000150952290449 0.000142708448026 9.79212544214e-05 7.61066683826e-05 8.87998461559e-05 7.32403095315e-05 0.000176007401542 7.22710162228e-05 7.41058671536e-05 0.00016639920705 7.32009743479e-05 8.65421988989e-05 7.4735648347e-05 9.36872621936e-05 0.000127471353422 0.000184948015809 9.26642043293e-05 0.000118267858842 7.15384247246e-05 0.000162878783748 7.33237836216e-05 0.000116959670372 7.42367315289e-05 0.000141035604767 6.67172762312e-05 0.000109453560446 8.63590220041e-05 0.000157925732113 0.000195396369871 0.000155199749068 0.000120703017372 0.000194413875207 8.03825708535e-05 0.000139501532332 0.000134942009515 8.37998623517e-05 0.000151739766536 0.000107569724014 0.000139333401263 0.000145157160518 0.000469683210638 0.000233579335208 0.000372729269431 0.000111346497084 0.000185147102405 0.000200959180592 0.000171768032514 0.000104810959852 0.000306692043668 0.000208155027345 0.00037223374961 0.00072982458242 0.000765005788525 0.00021448000629 0.000236246216119 0.000231489656477 0.000221624997907 0.000217076885906 0.000194287786421 0.000632787877291 0.000580306222831 0.00517190048368 0.0007047106409 0.000718800785291 0.000483234045539 0.00037627396308 0.000419610748423 0.000582772123422 0.000608957055872 0.00307765640456 








