

8.24510937751e-06 8.69925417696e-06 6.35376491735e-06 8.95477881653e-06 1.79081862636e-05 1.78054128925e-05 1.10158286918e-05 4.94997944989e-06 8.4252429354e-06 1.28718870648e-05 8.4252429354e-06 4.94997944989e-06 1.0104345768e-05 1.76915430867e-05 1.68048149421e-05 1.1160848163e-05 8.47139716947e-06 8.5980669112e-06 1.47878898595e-05 5.21349557353e-06 2.24355645063e-05 9.03708396144e-06 8.42169270356e-06 1.58911189621e-05 1.35281393663e-05 2.12048068717e-05 1.13303234551e-05 2.4610747384e-05 1.782565862e-05 1.5935434355e-05 8.16177830886e-06 1.50756043646e-05 8.86435907887e-06 1.43568360236e-05 2.31775053087e-05 8.00333518256e-06 1.03791939e-05 8.29360416883e-06 1.30985485511e-05 3.62664415243e-07 1.11740806928e-05 1.140676419e-05 4.76905344907e-06 1.56770166274e-05 8.15156431282e-06 9.38449174855e-06 4.50659868222e-06 4.8005112864e-06 1.32387106834e-05 5.34107874364e-06 1.57802272803e-06 2.95609396274e-07 6.4856078287e-06 1.63426450762e-05 9.71762261852e-06 5.253157442e-06 1.24457354965e-05 2.42447105879e-05 2.24306471939e-05 2.36073874405e-07 9.84582761005e-06 1.82183553196e-05 7.47416361421e-06 1.78086771704e-06 3.14043919449e-05 2.49699469039e-05 1.08354474408e-05 6.65348124825e-06 9.08149848127e-06 1.30849844338e-05 6.7514589338e-06 8.39480894758e-06 1.06644780329e-05 1.21935776845e-05 1.55335612332e-05 6.03004510195e-06 5.20413651186e-06 4.89998567788e-06 3.17580654028e-05 4.20347675464e-05 1.25244022994e-05 2.622603104e-05 1.8743770255e-05 1.52802489262e-05 2.26448878181e-05 2.57992474865e-05 2.29353135227e-05 5.49984895555e-05 3.01676031348e-05 5.41536834248e-06 8.54588650041e-06 1.43289634314e-05 1.32369772387e-05 6.92903963735e-06 1.16218769317e-05 1.81793122526e-06 1.15186382431e-05 9.15397957468e-06 1.41925706946e-06 8.90826882016e-06 1.16096265449e-05 1.56261105984e-05 1.451640889e-05 6.08737068161e-06 9.69744796826e-06 8.82570889924e-06 3.24984463886e-05 5.21105241894e-06 3.52847256658e-05 1.8920964379e-05 1.37843644252e-05 1.51773959639e-05 1.44962140288e-05 2.02772019021e-05 3.45330599389e-05 1.10455645886e-05 3.83112529275e-05 6.12188326704e-06 9.11524567786e-06 2.24153222359e-05 4.36472274142e-05 4.18424972608e-05 1.30348062382e-05 1.21698120734e-05 9.39539166693e-06 1.73435784105e-05 7.79365139431e-06 9.25314978043e-06 1.82026931589e-05 7.72753477729e-06 1.2435086138e-05 2.29708570077e-05 5.3256715369e-05 3.86632203029e-05 1.4225031402e-05 9.09800255812e-06 1.4172529738e-05 1.30784636902e-05 6.79099114225e-06 1.28702248332e-05 4.69916205654e-06 2.4893861551e-07 2.00488182318e-06 7.7009990239e-07 6.13258815576e-06 1.38474754112e-05 1.1187928677e-05 1.47883768307e-05 1.38631471459e-05 8.01534339073e-06 4.67648584904e-05 5.1848051869e-05 6.76388482257e-05 1.25576515929e-05 5.04067591054e-05 1.53703742483e-05 3.51031458454e-05 3.00491162561e-07 2.39195849702e-05 2.08439485722e-05 4.85936905111e-07 3.74589791231e-05 1.67277000033e-05 4.73471180544e-05 2.24538196134e-05 9.14163509731e-05 4.25703933384e-05 2.59268081932e-05 1.42591781403e-05 2.18473159009e-05 2.53416381748e-05 9.22264009211e-06 1.16853028315e-05 9.14731271821e-06 4.28574694453e-06 8.04850216985e-06 3.79033328357e-06 8.22836746128e-06 5.36131519384e-06 1.17139201496e-05 1.70516974542e-05 2.75576131065e-05 1.89265990661e-05 9.5763256158e-06 1.36264748354e-05 4.79269831885e-05 6.79913625962e-05 1.87375080114e-05 5.71970308719e-05 3.69818105375e-05 1.78991262936e-05 3.36991811275e-07 5.15135486917e-05 1.36016717148e-07 1.04764673014e-06 4.72526778025e-05 7.29339793756e-07 1.83021013317e-05 3.49784952243e-05 5.73027586293e-05 2.84605464872e-05 9.08051533212e-05 3.79829317057e-05 7.50102557361e-06 2.85931889672e-06 2.14904505238e-05 3.85870735687e-05 1.44052089414e-05 2.02945687658e-05 8.53187270675e-06 4.02936474749e-06 8.39559681303e-06 1.3815213375e-05 1.67813549842e-05 5.39626818658e-07 1.77324420139e-05 1.11620090138e-05 1.36503113991e-05 4.57783561833e-06 5.27008018158e-06 1.60818241697e-05 2.18519970114e-05 4.07712069427e-05 1.68203905843e-05 1.62069986234e-06 3.37668087225e-05 9.99389074816e-05 2.75719981904e-05 5.90718192616e-05 8.7585492555e-05 1.48050588766e-06 8.4214741714e-06 3.55629495001e-05 1.10774775289e-05 1.40889052085e-05 1.22474097754e-05 1.08969039578e-05 3.14586654304e-05 1.21524506681e-05 8.36229615747e-07 7.80892189131e-05 6.32938338017e-05 4.41010704591e-05 0.000130030340751 2.20078122035e-05 8.40048818775e-05 9.92717656733e-05 8.89179487334e-05 1.4423125493e-05 2.7767535431e-05 2.33066052085e-05 6.91427022634e-06 1.01493430419e-05 1.3701995857e-05 7.93711597597e-06 2.07329523084e-05 7.98003835573e-06 1.19281441873e-05 6.85741897399e-06 6.76113833839e-06 1.50651194818e-05 1.62797153411e-05 1.44669264374e-05 0.000106792769459 0.00011815718277 4.95592981888e-05 7.45836142553e-05 6.84589537856e-05 4.35899731297e-05 2.8983211901e-05 4.00177764125e-05 1.35838304161e-05 1.25390321656e-05 6.85690049968e-07 5.42003797297e-06 9.94481505113e-06 3.76819824135e-06 2.44964601185e-06 7.4781054914e-06 5.38347782134e-06 1.86527589176e-07 1.18854488798e-05 8.12893456996e-06 2.87228034847e-05 3.38340687397e-05 4.33265740735e-05 6.4850981406e-05 2.12092084171e-05 0.000197143642941 0.000100744817423 7.56413478078e-05 2.25874841832e-05 2.62467374893e-05 1.72438094887e-05 5.46598166045e-06 5.90617014301e-06 8.37243272827e-06 2.27398563006e-05 6.8957074533e-07 2.10191486848e-05 7.38358760081e-06 3.62660462625e-06 4.07793845804e-06 1.06983743324e-05 6.78872943478e-06 1.30572235505e-05 8.23512776067e-05 8.92438860939e-05 0.000231713303437 0.00704773098873 0.00127200548923 9.06305731726e-05 8.35736994428e-05 2.00947207917e-05 4.2531569508e-05 1.2508461895e-05 4.13418766521e-05 5.67117755785e-06 4.54505662791e-05 1.2032944772e-05 1.03392542212e-05 4.23456547823e-05 3.63873775412e-06 2.61740663243e-05 8.78496340712e-06 1.70843765538e-05 9.51232604881e-06 3.3256024263e-05 3.3646147519e-05 0.000241885004776 0.000814319417799 






















