



































4.17671952876e-07 2.53317447323e-07 7.4105329907e-08 4.872671805e-07 1.18694635619e-07 3.05012198186e-07 1.43413383158e-07 1.70755130445e-07 2.9013452734e-08 1.24021062591e-07 3.29003900522e-07 1.07416878407e-07 5.59726369639e-08 1.41370351032e-07 2.10318205427e-07 1.76465917542e-07 1.81066961154e-07 2.11697077706e-07 1.40327101749e-07 6.42762227804e-08 1.13500231618e-07 3.52456371892e-07 1.43744643626e-07 3.73767273813e-08 1.87676073282e-07 1.86280777002e-07 3.54124067979e-07 1.51469177792e-07 5.27696883341e-07 9.33613700423e-08 3.08984921039e-07 2.94691846492e-07 1.00381637465e-07 8.91114231076e-07 1.38626704365e-07 2.33995091357e-07 2.22835198443e-07 2.60139634732e-07 1.1381191985e-07 2.54474399386e-07 3.46465135339e-08 1.18043417096e-08 1.81930192979e-07 1.75062897258e-07 4.95871041999e-09 1.0396328014e-07 2.09178749577e-07 1.30975566455e-07 1.9510629379e-07 1.89587166941e-07 1.40971277023e-07 2.2353885314e-07 1.03013591132e-07 1.08254918169e-08 2.00285982429e-07 2.19729965935e-07 1.10563460874e-08 6.23681030693e-08 2.72105310961e-07 1.35861018792e-07 3.19811460486e-07 3.33578966923e-07 2.51056434601e-07 1.8060756337e-07 6.02908946837e-07 1.20573668505e-07 1.11886499897e-07 7.20486314559e-08 3.39708112562e-07 1.65351154067e-07 4.85441779234e-08 5.29188485335e-07 4.90993932802e-09 4.10636050022e-07 3.58233760905e-09 1.55931670285e-09 4.20790056975e-07 1.05132803231e-09 3.98086332125e-07 3.82410782797e-09 3.9204678235e-07 1.78546008888e-09 6.05695902018e-09 4.01277435728e-07 9.24680870924e-09 3.98629264247e-07 3.11785989232e-09 4.51977471809e-07 1.3776875929e-08 6.66697436469e-09 4.32987954322e-07 6.4179984136e-09 5.65298721639e-07 6.0796664781e-08 1.08266621282e-07 2.47035100064e-07 7.66876484438e-08 1.41722216262e-07 1.57165433186e-07 4.65626265887e-07 1.16149918636e-07 8.23087885594e-07 2.11481243439e-07 1.65568170092e-07 9.96712993534e-08 2.12156937052e-07 3.69845122671e-08 8.9814143786e-08 1.88377708113e-07 1.19108123193e-07 5.61777677158e-08 1.0632307738e-07 5.59122832743e-08 1.58945556195e-07 4.34012618945e-09 2.50293631938e-07 3.41506228591e-08 2.68790715786e-07 2.15805900245e-09 1.76711144989e-07 4.85731803607e-08 1.18992816673e-07 7.33452828381e-08 1.22928057952e-07 2.2671624956e-07 9.03514699367e-08 8.07533718223e-08 2.07768574707e-07 1.13796702846e-07 1.66683150445e-07 1.62374751165e-07 5.66588289891e-07 7.13942844973e-08 4.5866641878e-07 1.94943071187e-07 1.2380433855e-07 1.3916439279e-07 2.27760988026e-07 7.35632789717e-08 7.32391159561e-07 6.54598046302e-07 8.41835143307e-08 6.92854800596e-07 6.06809158717e-08 1.11788760806e-07 5.9017052565e-07 1.39081513791e-07 6.19490189556e-08 6.68055327548e-07 6.88276643527e-08 6.51612441852e-08 4.40217582702e-07 1.48091834948e-07 1.68423061064e-08 6.96600888152e-07 2.47959480047e-08 1.52849399892e-07 4.37086154442e-07 7.46855887693e-08 7.26165638744e-08 6.87442717347e-07 6.73138686888e-08 1.44659453952e-07 6.19736970701e-07 1.22058658805e-07 6.49047583666e-08 6.73044837974e-07 8.24929455262e-08 6.08836235192e-07 5.23222510601e-07 6.57179402303e-08 2.2940586854e-07 1.677580467e-07 1.70757471172e-07 5.28326660488e-07 1.93487896349e-07 1.27181896733e-07 4.41091509322e-07 2.17095425125e-07 2.82060380757e-06 5.4449419916e-07 9.44496219694e-07 8.73275307394e-08 4.48825226683e-07 5.61712489484e-07 3.23618008509e-07 1.19322027913e-07 6.38213594853e-07 2.18499778344e-07 5.63564249726e-07 3.00066104073e-07 2.2903396351e-07 2.28480624278e-07 6.07031616319e-07 5.73223414101e-08 5.87535340922e-07 2.4795622216e-07 2.32563463727e-07 2.76587342547e-07 6.04285872956e-07 2.33477870625e-07 5.83483168675e-07 1.45668905416e-07 3.26071407141e-07 5.08886444578e-07 4.60735810495e-07 6.71414297442e-08 8.31634722267e-07 4.29132163699e-07 1.81977766114e-06 1.96564075669e-07 4.0748149699e-07 1.60832626999e-07 2.62188597101e-07 6.33526250718e-07 2.13031729508e-07 1.49045910158e-07 2.43889157587e-08 1.92956109414e-07 2.52193078903e-07 2.73576476707e-07 6.72817574134e-07 4.7635936988e-07 9.69132256853e-08 1.40208808323e-07 2.60938635272e-07 3.01275835075e-07 6.16639326486e-08 3.14029484407e-07 1.24329219667e-07 2.08500702799e-07 3.27618904522e-07 3.72800562453e-07 4.34315707425e-08 2.16199988598e-07 1.48494256686e-07 1.3544969522e-07 1.49243400869e-07 2.18015125317e-07 5.37864581288e-08 3.68283346464e-07 2.9311346751e-07 1.98420961363e-07 1.30183582606e-07 2.75437051983e-07 6.5853239783e-08 3.02189145597e-07 2.25209463118e-07 1.23507447225e-07 1.43930286062e-07 2.97291452472e-07 5.01773277633e-07 2.00851345248e-07 2.1162189951e-07 2.51878487763e-07 2.2395741414e-08 2.25482039402e-07 2.87820568815e-07 2.8524493409e-07 1.0643468812e-07 4.37789983121e-07 1.25525139735e-07 1.78293837288e-07 1.52093718464e-06 3.30237045418e-07 2.23887792315e-06 2.86261058349e-07 3.28577719871e-07 8.21021876262e-07 1.41899411413e-07 1.05570323989e-07 4.16068641874e-07 1.7753755621e-07 2.44788474926e-07 3.5490679266e-07 2.74920324161e-07 2.12036506081e-07 2.80312274904e-07 1.2404492522e-07 2.79925668924e-07 3.0711335338e-07 7.70690370992e-08 2.95074048166e-07 1.9270715627e-07 3.30572980422e-07 3.04650018022e-07 2.80374235488e-07 1.74822606945e-07 3.39259703314e-07 5.29891097143e-08 1.11991301201e-07 7.71404091277e-07 2.28706029021e-07 7.97522797932e-08 1.45774016372e-06 1.68090775734e-07 1.38481983751e-06 1.97032451003e-07 1.46783935803e-07 4.93832982576e-07 1.86161932607e-07 3.30381102401e-07 2.86127627922e-08 9.33934265625e-08 1.56216274159e-09 1.15616269822e-07 1.65149807755e-07 2.20274716294e-07 8.96531417301e-08 1.73034671786e-07 2.98820198679e-07 1.50741526174e-07 2.70715441358e-07 7.23917807158e-08 3.40274646925e-08 3.49136670443e-07 7.68516573062e-08 9.79502170011e-08 1.35792643188e-08 1.42738480515e-07 4.43090098579e-08 2.5517334014e-07 5.1793349048e-09 2.27024692743e-08 2.11960487614e-07 8.04389418139e-09 2.27171945469e-09 2.54477408108e-07 5.51597508867e-08 1.25643016548e-07 1.17984068179e-08 1.10973640172e-07 6.16857943997e-08 3.24286861915e-07 3.43504622784e-08 5.71968804575e-08 2.53392207312e-07 8.98825489328e-08 2.38267248956e-07 8.90623945176e-08 6.60160167297e-08 1.73074100662e-07 1.88691624804e-07 1.62474970661e-07 4.31694074197e-09 1.57488824964e-07 3.46544501372e-08 1.7420587035e-07 1.14758962999e-07 4.50739364551e-08 9.09121237416e-08 7.78149197246e-08 2.73157455516e-07 2.1960462423e-07 2.3570017874e-07 1.11967384108e-07 6.69721445599e-07 5.91957505024e-07 2.0505486957e-07 1.48516139017e-09 2.51103526849e-07 3.0657048001e-07 1.75558558556e-07 1.9435743179e-07 2.28392892568e-07 1.360360629e-07 4.10417838298e-07 1.94240651267e-07 8.15013097321e-08 2.38166474802e-07 2.43380758128e-07 7.8297739929e-08 1.85770218879e-07 4.16959321984e-07 1.16752887867e-07 2.62529272316e-07 1.44091688153e-07 1.52820557366e-07 2.97579009154e-07 2.19850495297e-07 1.90140656294e-09 1.95687512525e-07 3.74148789807e-07 5.05021150757e-07 4.69641703421e-08 1.37720046636e-07 2.03830810331e-07 2.23667787719e-07 8.37293221474e-08 1.43149599815e-07 4.1938298541e-08 1.76991641636e-07 1.96957564304e-07 3.38015973926e-07 6.12212666741e-07 5.93854281341e-07 1.37423429218e-07 8.07421937062e-07 2.17602075181e-06 4.14126317243e-07 1.58030489688e-06 9.05042924076e-08 5.15678516001e-07 3.39368511117e-06 4.86931703791e-07 2.95082216261e-07 1.23824231623e-06 2.55517043351e-07 8.30004540698e-07 4.44199886485e-07 3.73304927834e-07 2.56174289763e-07 8.1399676532e-07 2.38815399322e-07 6.07175676761e-07 5.0298370113e-07 1.80557420765e-07 4.60978316203e-07 6.31552136559e-07 2.1386664598e-07 6.94115140708e-07 2.73270067697e-07 3.64148652175e-07 3.51135457534e-07 7.93038308524e-07 1.73751775681e-07 9.91892325502e-07 2.18289656251e-07 2.72338013288e-07 2.21007404382e-06 2.90679794296e-07 8.22328626013e-08 1.43235513835e-06 3.36215320637e-07 2.11710693471e-06 8.41144936068e-07 1.61307001091e-07 6.22830187547e-07 7.23552480519e-07 3.73355193476e-07 4.43301329507e-07 9.64471971077e-08 6.74207779676e-08 4.30103671728e-08 1.86181676174e-07 2.71394709866e-07 1.43713163446e-07 3.69568334986e-07 5.80991146373e-08 7.67749019322e-08 7.65052804872e-07 6.19645814271e-07 2.95866237814e-08 3.68477031856e-07 1.22462570012e-07 8.50165375124e-08 4.85577795181e-07 7.3922477495e-08 5.18838242504e-08 4.89048371428e-07 5.28837430444e-08 9.60300925548e-08 3.94128790348e-07 7.34786277826e-08 7.03248274577e-08 3.62456200794e-07 1.06988887663e-07 3.6418414701e-08 4.95953892358e-07 3.81969681896e-08 6.86739485713e-08 4.25162908604e-07 6.95121790792e-08 1.05633103951e-07 3.76257124824e-07 2.49930600595e-09 4.93278235642e-07 4.11185979309e-07 6.11551470525e-08 3.21594421568e-08 3.43716140381e-07 1.32472506024e-07 2.61973497705e-07 1.87551835787e-07 4.25911920383e-08 8.61050416632e-08 1.25900010768e-07 4.81778008008e-07 3.9262858932e-08 4.8984327138e-08 4.29749789146e-09 3.78203916973e-08 1.6749182255e-08 2.19231734607e-07 1.5068003567e-07 9.17531458461e-08 8.1992417763e-08 9.61054628265e-08 7.53900746934e-08 1.15304825465e-07 2.96989531421e-07 2.31981717944e-07 8.60919464397e-08 8.83464910567e-08 5.73193681429e-08 2.54343042712e-07 4.67224133607e-08 2.30821234059e-07 3.08368202239e-09 1.24656958645e-07 1.47099464439e-07 1.1742649009e-08 1.10621907304e-08 1.03439896963e-08 1.29365784456e-07 1.17992317106e-07 6.58745924499e-09 2.04442552267e-07 5.03896955901e-08 2.89465454349e-07 4.42592414308e-08 9.47037171108e-08 5.53949452711e-08 1.58294641947e-07 2.44086928268e-07 5.92585964306e-08 7.06275008773e-08 5.9759475583e-08 6.92102157485e-08 5.67014941214e-08 1.82824897062e-07 2.36256635639e-07 1.30705078906e-08 4.05140764622e-08 1.47881582566e-08 5.88261632574e-08 4.30135339538e-08 9.20909902722e-07 9.48695334215e-07 2.06666542032e-07 2.1087978859e-07 9.03023077852e-07 9.26569938573e-07 2.04506256011e-07 1.76305570376e-06 1.42668050554e-07 3.78077823593e-07 2.11155315238e-06 1.627989937e-07 2.51848776548e-07 3.45234578917e-06 5.17862778481e-07 9.10420191318e-07 8.59284930238e-07 3.10706346025e-07 5.24512936046e-07 5.55436881304e-07 2.61074964761e-07 4.83870603315e-07 7.20527323159e-07 3.44448688168e-07 4.63307818143e-07 4.9418839229e-07 3.35150751468e-07 5.7250358692e-07 5.05686972515e-07 2.02120805853e-07 5.12040917508e-07 5.16756965997e-07 2.81657790903e-07 8.19922803212e-07 5.51574112242e-07 2.78243620593e-07 2.26121634342e-06 1.12192476269e-07 1.08658017065e-07 1.79754570548e-06 2.95950156334e-07 1.46918442734e-07 1.68396241227e-06 1.73095371508e-07 9.59046002013e-07 9.3340358055e-07 2.81002740528e-07 2.27000903861e-07 1.04911212311e-06 9.51883283961e-07 9.28567618495e-08 1.02693316121e-07 6.45480837102e-08 4.15800918401e-08 1.5917367864e-07 2.29104643231e-07 2.55205467302e-07 1.92405992852e-07 7.30847989469e-08 1.02719980704e-07 4.99743883726e-07 2.18679535897e-07 7.73652613623e-07 5.96801443339e-07 2.60416915352e-07 2.96460746838e-07 1.47694513534e-07 8.85444370811e-08 6.66249797121e-07 3.30308082734e-08 5.88944299125e-08 4.13466372227e-07 6.86962529681e-08 6.4726718012e-08 4.55888595791e-07 8.85804283685e-08 4.9570150059e-08 3.95681260037e-07 1.7624986501e-08 3.90854723274e-09 5.9851376892e-07 6.81326998763e-08 9.58785255721e-08 2.53530645706e-07 9.74364912816e-08 4.93922809123e-07 4.07735147848e-07 2.06539696573e-07 4.11931696136e-07 1.19398271926e-07 7.72752579572e-08 1.8390543146e-07 2.54704266328e-07 2.50616894579e-07 1.91613535955e-07 5.69155808309e-08 7.30031892708e-08 1.15144059906e-07 9.53203157345e-08 4.80128895303e-08 3.9992261017e-07 1.65887238346e-07 1.36648446153e-07 2.53211572846e-07 6.24600217759e-07 1.97452749919e-07 5.15939285202e-07 9.51455511375e-08 4.40073360769e-07 5.65633203138e-07 3.18306553383e-07 2.13276625524e-07 4.2173050301e-07 3.97827720046e-07 1.29627668691e-06 5.45205733091e-07 7.6299927103e-07 2.39848944253e-07 4.33444414722e-07 3.48667643634e-07 2.90027381769e-07 5.90093175038e-07 2.92083457188e-07 2.76774963474e-07 7.24630094881e-07 6.90982216567e-07 2.51595869357e-07 4.06501892232e-07 5.04676273018e-07 2.81054367731e-07 3.01704492057e-07 3.5125876975e-07 1.85717139777e-07 6.85987834418e-07 4.02651987858e-07 1.02991804537e-06 2.60869856604e-07 2.75968903066e-07 2.00076461406e-07 2.1291515767e-07 4.34178335297e-07 4.24399987483e-07 7.35809241008e-08 5.13172092193e-07 1.81419124513e-07 7.31046172331e-07 2.78712482853e-07 1.47488009075e-07 2.11968928993e-07 4.94053089862e-07 4.93333975047e-08 5.26069174325e-08 1.62938288794e-07 2.98796661097e-08 1.63034243448e-07 2.51345626424e-07 3.47757375288e-07 7.99059988995e-08 5.22927404158e-07 1.16512653899e-07 6.16792279136e-08 1.71391762688e-06 3.50260546575e-08 1.08699556033e-07 1.46172058214e-06 7.00195397362e-08 4.51542103419e-07 2.35068968882e-06 7.34614075547e-07 2.18373194673e-07 9.25517354441e-07 1.35176214658e-07 5.52951340577e-07 2.95147728076e-07 1.84392405974e-07 2.81776715609e-07 3.89533230294e-07 4.86892325166e-07 3.49435684386e-07 2.58353451285e-07 1.51699553244e-07 2.65168428045e-07 3.66269450152e-07 1.19151681705e-07 8.32069280888e-07 1.16826967563e-07 2.35796365876e-07 1.56926909729e-06 1.4885475747e-07 4.16729306881e-08 1.40631013748e-06 6.53822634004e-08 3.97557741964e-08 1.61520244599e-06 5.28876671294e-08 9.47456199273e-08 5.16890083151e-07 1.04464594746e-07 3.86415899091e-07 2.68512701127e-07 1.77216714705e-07 3.17041306581e-08 1.79268337381e-07 5.22427820808e-08 3.9906407703e-07 2.12105147197e-07 1.30851528947e-07 2.27534064704e-07 6.30162991194e-07 4.24029544601e-07 4.27211062133e-07 1.14896640661e-07 4.51513726721e-07 4.50956204313e-07 4.01224092386e-07 1.29530127224e-07 1.23127412233e-06 5.0005604032e-07 2.71914678109e-07 9.85755739526e-07 1.95335459144e-06 4.42069220832e-07 1.22147310921e-06 2.51795172803e-07 3.47622526817e-07 1.18175296998e-06 2.47841540251e-07 2.85946903351e-07 7.64238502038e-07 5.61314482419e-07 4.57795893968e-07 8.99394231656e-07 2.63308754094e-07 1.94408205501e-07 1.08724125537e-06 2.75442305201e-07 1.71039386532e-07 1.00765397508e-06 2.52544285548e-07 1.48065029059e-06 5.51566234537e-07 2.11110264756e-07 3.59420809812e-07 8.65419827009e-07 1.41011745384e-07 3.75127691843e-07 3.89364175318e-07 4.29699318678e-07 8.69555013608e-08 3.93654882918e-07 4.08947684392e-07 7.09041377886e-07 2.36028238355e-07 1.46438077596e-07 2.48076821391e-07 4.71169872284e-07 1.07263428916e-07 3.18131601195e-08 1.09770095513e-07 1.8919431259e-07 1.64810999215e-07 1.52013215213e-07 1.18019451895e-07 6.61013956626e-08 7.64558133654e-08 5.52506039541e-07 4.25649212069e-08 8.96833437588e-08 2.84363521019e-07 1.74353581458e-07 3.45943594531e-07 2.52291725101e-07 4.02954890968e-07 6.04464198129e-07 6.10452715437e-07 1.13188328156e-07 1.66164235087e-07 2.57774464615e-07 2.66678425108e-07 6.88420959776e-08 2.34080462997e-07 3.13715014415e-07 1.52756551165e-07 3.0816300379e-07 1.64835163319e-07 6.33441778776e-08 2.09293521481e-07 2.09893799283e-07 8.41922163713e-08 8.42821064496e-08 3.63280750337e-07 5.09851398325e-07 2.21011009584e-07 1.37203151343e-07 2.59361080552e-07 1.68757727953e-07 2.77384063949e-07 7.35774098849e-08 2.78299580791e-08 4.8893211537e-07 5.99714488151e-08 6.36471307045e-08 1.49464761655e-07 1.56175283584e-07 1.92210901657e-07 2.13838354153e-07 1.3921723116e-07 4.0235748653e-08 1.1531284007e-07 6.23429936147e-07 1.32300012011e-07 1.98954257027e-07 1.71866678911e-07 4.64669082194e-07 6.5710741977e-07 5.03793646764e-07 2.94990206365e-07 2.01447578672e-07 1.10179748483e-06 5.81129900777e-07 7.92255816662e-08 2.48530378248e-06 2.15537308625e-07 7.59127186712e-07 1.82583271523e-06 3.8840886147e-07 6.07583347837e-07 4.20957922322e-06 4.7459405953e-07 1.14931520666e-06 1.40128831668e-06 3.22488321447e-07 1.07050400422e-06 9.507862979e-07 9.15279707735e-07 8.49969509448e-07 9.88413938016e-07 7.66385358214e-07 8.29285506044e-07 9.8315228743e-07 2.8098155043e-07 1.19491963511e-06 8.82587080916e-07 3.1725330524e-07 2.91518257688e-06 3.27500932788e-07 3.15046218905e-07 1.53405716745e-06 4.5708602332e-07 1.74643241172e-07 2.31413879662e-06 8.346664918e-08 5.41374193097e-07 1.06339026232e-06 1.66338731772e-07 3.05721265625e-07 5.14724779519e-07 6.8351514784e-07 5.13337320899e-07 2.04022398793e-07 2.33065374271e-07 1.8543827407e-07 6.99873993495e-07 2.27342368601e-07 1.70062181975e-08 1.54903188782e-07 2.13894121951e-07 3.50841683846e-07 9.45416634342e-08 8.17660127745e-08 5.41358899809e-08 2.0092156684e-07 2.17134288929e-07 8.05289354502e-08 7.44602169964e-08 2.49005108008e-07 2.01779707072e-07 6.61941421796e-08 3.53693192282e-07 3.43503436041e-07 8.03272910853e-08 8.89530027938e-07 5.95361568101e-07 3.33225457757e-07 4.41012224284e-07 1.23854838975e-07 8.55116053219e-08 6.60038179338e-07 1.55376949433e-07 1.86188480186e-07 5.26516498477e-07 1.85832372689e-07 1.25576292677e-07 6.18076530989e-07 6.96905373527e-08 7.9266258813e-08 3.39371208787e-07 1.57880853798e-07 5.09520492434e-07 4.07067533297e-07 4.23878135313e-08 2.9708457892e-07 3.34048795494e-07 6.56361114238e-08 1.71748038541e-07 2.31777055315e-07 5.90466172824e-08 6.52602499359e-08 2.25624638358e-07 1.8501996082e-07 5.70421584934e-08 7.56103910344e-08 1.0114373199e-07 3.454726566e-07 2.28668464939e-07 1.80416457423e-07 1.97786542165e-08 2.39462782911e-07 3.20882282685e-07 9.71655650962e-08 1.83428919757e-07 2.409952152e-07 2.71192075231e-07 1.60525330042e-07 3.19064790209e-07 1.50399579831e-07 2.74082463281e-07 6.82074348379e-07 1.69694512529e-07 8.51369232562e-08 9.39704066181e-07 1.20994801547e-07 8.99630593827e-07 4.33283876993e-07 9.75382121835e-07 4.30665016788e-07 6.0176974992e-07 4.83667261233e-07 1.7331983782e-06 9.9785593531e-07 6.08395006726e-07 4.13976400534e-07 6.27217336655e-07 1.14292727673e-06 4.21341111005e-07 6.69913107643e-07 4.59820202767e-07 4.10629060302e-07 1.13618763917e-06 4.97167035364e-07 3.23040799414e-07 4.97726864157e-07 6.81412205004e-07 1.41612527781e-06 2.84225922231e-07 4.1862837285e-07 3.39395610987e-07 7.17977536055e-07 2.84488967475e-07 8.25963481586e-07 8.06674574715e-08 8.37605457976e-07 8.1146102766e-08 1.14604883066e-07 7.48743591449e-07 2.17346637593e-07 1.43348748867e-07 3.83693579603e-07 1.39574710974e-07 3.03554879702e-07 2.53981033326e-07 2.08447555179e-07 1.24105449774e-07 3.61469017956e-07 5.59380757004e-07 3.80112369089e-08 4.18673781315e-07 5.17492506758e-07 9.25762661499e-07 8.54783886526e-07 1.63892735143e-07 4.35158837867e-08 4.95265251748e-07 5.59025471826e-07 5.89142179768e-07 9.93200643461e-08 8.62394231247e-07 3.92578826171e-07 1.49606381526e-07 1.65149390972e-06 3.48088985568e-07 3.07208295813e-07 2.18673186094e-06 1.40320917519e-07 7.70758914582e-07 3.34913712709e-06 6.47550143612e-07 5.12305248761e-07 1.3135389888e-06 4.01180666983e-07 9.41552226636e-07 5.40419581249e-07 3.07849895131e-07 4.52490739214e-07 8.26125994687e-07 3.88520634224e-07 1.13263922066e-06 4.58176680282e-07 2.71801048527e-07 2.35470785079e-06 4.04396799048e-07 1.00743182172e-07 1.91935672876e-06 2.06477566084e-07 3.03168955258e-07 1.60760923982e-06 1.23507380778e-07 3.78792699626e-07 8.66535633163e-07 7.4188768782e-08 5.65789176817e-07 5.87973629182e-07 4.84159875107e-07 6.0672436675e-08 1.51589998323e-07 8.7695157139e-07 9.76020818247e-07 5.5578889283e-07 4.67678836815e-07 4.12177265623e-08 6.06393904955e-07 1.01278715102e-07 1.0471613923e-07 1.67798129873e-07 1.59918997186e-07 3.02780104567e-07 1.19903233812e-07 4.17810042539e-07 5.19165358683e-08 1.88582262922e-07 4.79318731643e-07 2.0760611898e-07 7.15075098881e-08 4.43859950387e-07 1.0880115364e-07 6.69004117909e-07 3.18824187035e-07 8.60545093988e-07 5.70628887381e-08 8.87876679036e-07 3.47807059569e-07 2.27516919106e-07 1.0872646737e-06 1.37192900128e-06 5.80752663396e-07 1.01137130886e-06 5.97441086046e-07 2.25368593462e-07 1.07179510731e-06 4.47389397678e-07 4.06029996632e-07 9.2177498396e-07 1.99035296707e-07 4.91550535934e-07 9.01701973772e-07 3.40827211986e-07 1.12690601865e-06 5.87313934715e-07 1.92573403835e-07 2.96605820393e-07 7.13932014688e-07 5.20912506193e-08 7.65456704766e-07 2.44881394002e-07 5.85236097057e-07 1.00242987017e-07 3.88225364449e-07 6.72591998869e-08 1.87314194705e-07 4.99581514496e-07 1.87414770543e-07 6.08945855245e-08 5.02805343949e-07 1.30557735102e-07 3.53779460263e-07 1.80000653668e-07 1.70001984996e-07 1.25934833786e-07 1.1194267542e-07 2.46187076202e-07 1.5671271058e-07 1.86406821502e-07 1.36869336402e-07 4.64878693615e-07 2.15775304471e-07 1.67126038493e-07 1.52951600005e-07 1.99881569011e-07 2.98080745548e-07 9.05744805089e-08 6.52963917834e-08 4.42608245525e-07 1.3545010827e-07 2.15801174413e-07 4.61937876552e-07 2.25781750607e-07 3.54339623991e-07 5.05351258558e-07 3.46038237644e-07 7.3543794404e-07 4.74922401632e-07 5.97144077073e-07 1.37592292333e-06 1.11871925529e-06 6.37636044391e-07 4.82145990917e-07 4.07851505635e-07 9.60769158034e-07 2.63510103651e-07 1.05573129051e-06 3.25642475177e-07 5.13523066742e-07 6.19018789888e-07 7.28081703207e-07 1.15460853038e-06 3.19037257549e-07 3.15906816471e-07 5.93814313639e-07 2.82898813857e-07 4.33399355822e-07 3.19764069814e-07 1.82866466761e-07 3.86275810773e-07 1.6950826538e-07 7.94342392464e-08 4.84451713894e-07 5.93432965667e-08 7.5431064489e-08 3.06017170489e-07 1.70455435273e-07 1.51560450195e-07 1.94198242287e-07 2.19896499798e-07 5.18024363458e-07 1.4350171414e-07 2.04051551719e-07 1.94713442456e-07 2.69742670834e-07 3.79871916972e-07 1.75009173696e-07 6.40947061748e-07 5.131048086e-07 7.3198377154e-07 2.69918407158e-07 7.00399687659e-07 7.57144659156e-08 1.04200628919e-06 4.84074919142e-07 3.87479007969e-07 2.50668735743e-07 7.54277566813e-07 6.96322870372e-07 3.60672474069e-07 7.81643494967e-07 1.4200003758e-06 7.43485125801e-08 3.1505385183e-06 3.48300046378e-07 1.13283124323e-06 2.42266865523e-06 2.59857661191e-07 1.19098567272e-06 4.85301877396e-06 1.495190666e-06 1.2749097038e-06 1.29981504886e-06 6.24410967162e-07 1.26395784015e-06 1.30896104305e-06 5.56210403537e-07 1.28071130747e-06 1.15732493187e-06 8.83509585937e-07 3.62930673103e-06 7.0963402034e-07 2.32854136865e-07 2.03497967327e-06 8.16449925511e-07 2.49715161717e-07 2.87689100903e-06 5.58739171427e-08 1.28564882946e-06 7.79387261432e-07 2.44536783361e-07 7.39255137852e-07 6.69161735532e-07 2.42727729789e-07 3.89681391854e-07 4.68426818053e-07 1.04239764745e-06 6.64895529007e-08 7.79733131102e-07 2.62606732365e-07 7.92990213491e-07 5.84398991455e-07 6.82280460267e-07 1.89998680901e-07 3.99577040805e-07 2.91222953152e-07 2.12177969042e-07 3.63452974558e-07 1.67993162462e-07 6.70409919586e-07 4.50784637278e-07 2.53221986566e-07 2.69901472594e-07 3.02953608526e-07 9.90659014107e-07 1.66602225631e-07 6.82931486003e-08 6.52616669047e-07 2.42544738709e-07 6.97752677183e-07 5.37894642271e-07 5.49803965958e-07 4.40189724851e-07 7.7410497374e-07 5.91035389538e-07 4.63402268686e-07 1.17239854927e-06 6.60709425688e-07 3.5948086358e-07 2.31852418273e-06 2.6087106361e-06 8.2361552706e-07 1.09471616163e-06 5.74286388278e-07 3.07642816998e-07 2.32222003353e-06 3.2344323013e-07 5.25344911158e-07 9.29446024542e-07 4.94762073469e-07 2.06530770078e-06 1.20217501752e-06 2.61348234922e-07 5.47983572142e-07 1.03237604978e-06 4.62615002431e-07 5.35250138785e-07 6.98466320137e-07 3.94500499049e-07 5.25525709516e-07 5.13430995179e-07 6.58441226939e-07 1.76398161746e-07 6.46961577354e-07 6.39937229071e-08 1.71839411712e-07 9.75765739268e-07 2.81322904951e-07 2.82989671728e-07 2.58480236782e-07 4.89027851015e-07 7.22862293453e-07 1.59064451381e-07 3.90918790983e-07 2.41233127104e-07 3.07541179363e-07 1.91982204281e-07 3.78248620029e-07 2.29341635522e-07 5.69862532967e-07 1.26482433172e-07 4.30305974553e-07 8.28931137177e-08 3.31851942912e-07 3.04308056647e-07 2.86496801806e-07 6.24754835616e-08 4.83585481724e-07 2.02844592682e-07 4.14748530007e-07 4.03524854974e-07 5.88404245263e-07 1.70585942183e-07 1.46756640941e-06 2.44264340369e-07 1.21741885167e-06 6.58364023862e-07 6.37047107804e-07 8.01540153214e-07 7.10614231486e-07 1.16639458746e-06 1.92719359839e-06 8.47895768173e-07 9.1405720079e-07 4.60013318374e-07 8.26486216933e-07 6.39349198542e-07 4.21007863729e-07 1.01932474866e-06 7.00868324095e-07 1.73928422014e-06 7.45549060406e-07 5.66235600671e-07 8.16396192862e-07 4.29901913497e-07 4.74777038681e-07 1.22844190556e-06 2.16063262966e-07 1.31912775288e-06 2.00779077061e-07 4.11734163613e-07 4.09259012957e-07 3.82191368215e-07 1.97554708037e-07 4.98683783853e-07 6.20880744859e-08 2.93034779469e-07 3.18602349107e-07 3.32391037582e-07 4.68851203561e-08 5.17167843349e-07 9.59661319082e-08 6.60834778571e-07 2.77576349604e-07 4.05417692556e-07 2.06677049056e-07 2.44311022225e-08 1.71510622099e-07 3.41357616179e-07 9.15414983962e-08 4.44124959962e-07 3.80060577533e-07 1.11916469901e-07 3.80557421805e-07 3.26200071165e-07 8.41808193031e-07 1.50243822178e-07 2.00610155513e-07 2.75195745966e-07 3.12192393017e-07 7.21896664112e-07 5.42387523058e-07 1.1492451928e-06 3.91011531131e-08 1.25760559089e-06 5.42452919432e-07 1.73847907431e-07 2.28913829991e-06 2.13924164095e-07 4.245683999e-07 2.40719733005e-06 3.10489722216e-07 8.2827753634e-07 3.94860294069e-06 1.11675694493e-06 4.67526214376e-07 1.68808686025e-06 2.58352399143e-07 1.59531820605e-06 2.72424347313e-07 4.52212822962e-07 2.67774182072e-06 3.02916899395e-07 2.29254811984e-07 2.16148178309e-06 2.81743666178e-07 2.00466528215e-07 2.33556054132e-06 1.07264499399e-07 5.77751250987e-07 1.21776925015e-06 6.48550901563e-08 1.0833347545e-06 4.98234689786e-07 6.90962897335e-07 3.31069029249e-07 2.7086067293e-07 1.8386988382e-07 1.31525572489e-07 8.42814465503e-07 3.3897249709e-07 4.25169303842e-07 1.27516696789e-07 4.12399222819e-07 4.56782159103e-07 1.04533741136e-07 3.76371293526e-07 1.79046385244e-07 2.49309543893e-08 2.75240711299e-07 2.50851036325e-07 2.92388690701e-07 7.08009183258e-07 2.54232345078e-07 3.72708195439e-07 1.18101544329e-07 3.03391176618e-07 6.34506555612e-07 3.09905896122e-07 4.24968214791e-08 1.09114203791e-06 1.95490604041e-07 3.51241950884e-07 3.64856997524e-07 6.38026819803e-07 3.39111439059e-07 9.54051269494e-07 2.97392710717e-07 1.05256051815e-06 6.27473731887e-07 1.19675441061e-06 5.61805104309e-07 1.88596116565e-06 1.29198712077e-06 4.39938846391e-07 1.49173646536e-06 2.75178990164e-06 9.02679036769e-07 1.93979330299e-06 5.17592359065e-07 5.01057285932e-07 1.75085016341e-06 6.52348038338e-07 2.34426452943e-06 9.24507242283e-07 4.16010293586e-07 1.1084676208e-06 1.3766366139e-06 5.14117994696e-07 1.06725355287e-06 5.05006055844e-07 1.05194912331e-06 2.87160692373e-07 7.66188847903e-07 3.45074945856e-07 5.51725137481e-07 3.77510490262e-07 3.13584428308e-07 1.69630729074e-07 1.15718137198e-06 5.25619932675e-08 3.35062887246e-07 6.24107369481e-07 3.01275831097e-07 8.62274038435e-08 3.90645334919e-07 2.19915908705e-07 7.89131966262e-07 3.31354214958e-07 2.666156654e-07 2.90348046273e-07 1.76478533745e-07 1.3464185306e-07 9.79926672785e-08 3.55210040279e-07 1.66083696774e-07 2.45544044928e-07 1.08367094457e-07 1.53667721997e-07 3.75313729458e-07 8.35883977376e-08 1.36666602454e-07 2.91505756513e-07 1.22390523754e-07 3.07583620601e-07 2.95136169753e-07 4.63216776339e-07 6.04125472233e-08 7.00313502125e-07 2.23305278922e-07 3.80118270522e-07 8.11835904193e-07 2.43467297629e-07 7.13431745919e-07 7.02940986032e-07 7.00378677543e-07 6.17287510188e-07 5.3294915982e-07 9.09687409027e-07 1.35736157063e-06 1.49831448933e-06 3.90470258182e-07 1.91356240353e-07 4.05835832198e-07 9.8520998565e-07 1.26228305481e-06 6.25020387838e-07 3.22406506477e-07 6.18781079648e-07 6.20448092894e-07 6.51039290961e-07 6.60926184458e-07 2.68505598092e-07 6.74711454402e-07 3.71720295026e-07 1.61717674838e-07 6.72803272931e-07 3.62714771637e-08 4.25278659111e-07 3.30115031704e-07 2.37359061742e-07 9.79072691724e-08 3.06957855458e-07 1.31907350692e-07 1.04136646883e-07 4.02362281677e-07 1.50728943546e-07 1.01496202952e-07 2.47030547562e-07 1.82798867993e-07 3.54958325779e-07 1.0601582152e-07 1.38181564815e-07 1.7809754979e-07 5.85574223204e-07 4.92637152491e-07 3.65271715752e-07 1.50785959166e-06 7.71218965028e-07 4.28573702364e-07 6.204983438e-07 4.05689736857e-07 1.04513760716e-06 4.42894064711e-07 8.30144652543e-08 1.67460129993e-06 2.53628539364e-07 1.85612362239e-06 5.35190796088e-07 9.08601190761e-07 5.91504662163e-07 1.47131584656e-06 1.0004978166e-06 6.00251092498e-07 1.52322460908e-06 1.62063448983e-06 5.48878333483e-07 4.32723621242e-06 8.0295334123e-07 1.36790063494e-06 3.30564687772e-06 7.14363561224e-07 1.29141589571e-06 7.34588069396e-06 1.09602880163e-06 2.06103048468e-06 2.01533359412e-06 8.02753059965e-07 5.51567983127e-06 8.57060188632e-07 6.1501746826e-07 2.96236849656e-06 1.07285844677e-06 6.53812826754e-07 4.17836737174e-06 5.4238597437e-07 1.48861715046e-06 1.54323240515e-06 4.43584616738e-07 9.91194854365e-07 1.40731202016e-06 6.00802988828e-07 9.0555474686e-07 4.57378584277e-07 1.80187175844e-06 2.2136610114e-07 1.71100226558e-06 5.10818553762e-08 4.2750702271e-07 1.06826791934e-06 4.23691077503e-07 6.07093770361e-07 4.59847092642e-07 7.67622692902e-07 1.54915501514e-06 3.96769296004e-07 5.18432052829e-07 5.99986990855e-07 5.75626286643e-08 8.01687725954e-08 1.17412754099e-07 4.6102829948e-07 1.7061260982e-07 1.97162556652e-07 8.35066848789e-08 1.74869901841e-07 3.19210248369e-07 1.60884141488e-07 1.48234188738e-07 3.28601784747e-07 1.08715473073e-07 2.69309450758e-07 3.6567187077e-07 3.42510506432e-07 3.27366139782e-08 5.80511381718e-07 3.01270766426e-07 4.78001708103e-07 3.69545994157e-07 2.87711969266e-07 6.4115433128e-07 6.61668357785e-07 1.02362515306e-06 2.39116904869e-07 7.73285417524e-07 6.60407531055e-07 2.17142619529e-07 1.71318328977e-06 1.27307386026e-06 6.72541346672e-07 7.6674172293e-07 5.86991341526e-07 1.19117135081e-06 1.07082893523e-06 2.16775793137e-07 6.80405798886e-07 6.37040895047e-07 2.78401123554e-07 9.37601428114e-07 6.67017496351e-07 6.18385890502e-07 2.82987611005e-07 3.64757551462e-07 4.67085134877e-07 2.7495112014e-07 6.36544662301e-07 1.93217934504e-08 2.83880282983e-07 4.03125501945e-07 2.33351328206e-07 1.05216344966e-07 3.2879216153e-07 1.51987572006e-07 1.60749729135e-07 3.31232187244e-07 2.00053184673e-07 7.89165760923e-08 2.04710919971e-07 1.66455986318e-07 4.66681194284e-07 1.23415030077e-07 8.35139944777e-08 5.72765954085e-08 1.69848341092e-07 1.13410406759e-07 2.30921411393e-07 6.25455062948e-07 4.42455057187e-07 2.67555509206e-07 3.36375105362e-07 2.51921178398e-07 7.96767345327e-07 1.22753471016e-07 7.62554668221e-08 5.71131434054e-07 1.84372817813e-07 8.14285048581e-07 1.51059601727e-07 1.16027181158e-06 1.26201421638e-07 6.68864763152e-07 4.21870087209e-07 4.37196296979e-07 1.36986129455e-06 4.52761637945e-07 4.51670855831e-07 2.15097880951e-06 3.82009230537e-07 1.24073084225e-06 6.45230149104e-07 1.24189572025e-06 8.78586724546e-07 8.01633763077e-07 5.90001241274e-07 2.8694097164e-06 1.74381307393e-06 1.35494821207e-06 2.545864084e-06 5.05795357269e-07 7.44243388504e-07 7.62872433149e-07 1.01790617122e-06 5.53834051936e-07 1.23331493285e-06 3.01958324699e-07 2.04968129327e-06 4.26994151813e-07 3.26052198723e-07 1.42538986702e-06 3.74625717355e-07 3.96230115336e-07 6.47866695852e-07 1.30198140462e-07 1.14558963148e-06 1.36146264677e-07 7.81810511021e-07 2.07230409389e-07 5.66570222733e-07 4.15058485716e-08 1.08731051031e-07 8.55891641911e-07 2.50125109939e-07 3.38366544352e-07 2.99331419581e-07 4.53560577687e-07 6.4996424809e-07 2.40107635124e-07 1.1341563413e-07 1.70927168272e-07 2.67383214012e-07 2.64315495987e-07 8.24093678453e-07 2.553966322e-07 4.32209261405e-07 2.18046956037e-07 2.64950263238e-07 5.50310918568e-07 2.57344710367e-07 1.90027447219e-07 6.98153003271e-07 1.7911940617e-07 4.71854136787e-07 4.37740835696e-07 3.22289478041e-07 5.55891119675e-07 6.54961423538e-07 3.25964051063e-07 9.22048306121e-07 8.44489577004e-07 9.65347403258e-07 3.59697701748e-07 1.49010495305e-06 1.53835616227e-06 3.14284414309e-07 2.53115060247e-06 7.67133473745e-07 6.91526144887e-07 3.24415707902e-06 3.04442485076e-07 1.81561837019e-06 3.7769716553e-06 1.52979471103e-06 3.0785570432e-06 1.24796909348e-06 1.91364151863e-07 2.87620934867e-06 6.79653257722e-07 7.40502739113e-07 2.31307447916e-06 3.17304035133e-07 1.41742739741e-06 1.52617711062e-06 2.92493324816e-07 9.26548135515e-07 8.40067144217e-07 9.19253675631e-07 3.45478367057e-07 6.25832103211e-07 5.44250558497e-07 3.20723039467e-07 4.36197834208e-07 4.29670842486e-07 1.8197501635e-07 7.01497710041e-07 2.03134614808e-07 2.39138890974e-07 5.89589894321e-07 2.63875534678e-07 2.083483773e-07 4.54145611508e-07 2.67721356602e-07 8.54079243728e-07 2.68692673979e-07 2.74691532551e-07 2.29625252173e-07 2.97892803562e-07 7.94873500502e-07 1.66666581922e-07 5.59571029985e-07 1.75953112266e-07 3.91103042079e-07 8.42572744152e-07 2.65463853632e-07 1.61950901659e-07 8.65297471828e-07 1.98408581515e-07 9.9433422197e-07 5.64085670099e-07 1.18522974127e-06 1.88291040489e-07 2.00651836611e-06 3.74152341886e-07 6.56585761373e-07 1.08970227816e-06 8.41433843542e-07 1.04743009825e-06 1.52571615744e-06 9.55401989164e-07 1.54408560732e-06 1.1174289653e-06 2.29495360562e-06 6.62192774405e-07 3.41650746197e-06 1.13368983654e-06 9.13218636034e-07 2.57192366894e-06 3.65077190558e-06 3.8492228694e-06 1.97377758328e-06 7.57143985262e-07 1.18992234717e-06 2.7291074887e-06 6.66937400994e-07 2.31179745149e-06 8.5959815782e-07 1.54950763194e-06 9.66632853297e-07 1.29753185795e-06 1.09959451984e-06 7.86950962186e-07 1.09377121108e-06 5.91813923385e-07 3.32125482586e-07 2.01930360596e-06 1.72619074827e-07 1.16165117619e-06 5.93981782319e-07 9.46740133239e-07 2.40199492818e-07 8.35176433737e-07 1.0192842152e-07 2.88050761947e-07 8.51252106762e-07 3.73624394946e-07 1.95071563913e-07 5.80203824975e-07 1.6915581328e-07 8.07944335801e-07 3.03597331869e-07 2.36327554169e-07 2.03081174969e-07 3.96395725249e-07 9.56308609068e-07 1.23802202752e-07 3.68557902776e-07 1.19526995834e-07 2.47149924237e-07 4.365318137e-07 3.41476698048e-07 8.81481434577e-08 1.00311875264e-06 1.3097983458e-07 6.43989885026e-07 3.53923669636e-07 4.71031961082e-07 5.32387838359e-07 5.66750232515e-07 8.75941773958e-07 3.17115335208e-07 6.3434678012e-07 9.61716200666e-07 5.48930725026e-07 2.39356417082e-06 5.01270393864e-07 5.92585599634e-07 2.34784080489e-06 6.87225686196e-07 9.74902947501e-07 1.42480602169e-06 5.25644821495e-07 1.59013012567e-06 6.7255136249e-07 1.60795512813e-06 6.53175349795e-06 1.60795512813e-06 6.7255136249e-07 1.59013012567e-06 5.25644821495e-07 1.42480602169e-06 9.74902947501e-07 6.87225686196e-07 2.34784080489e-06 5.92585599634e-07 5.01270393864e-07 2.39356417082e-06 5.48930725026e-07 9.61716200666e-07 6.3434678012e-07 3.17115335208e-07 8.75941773958e-07 5.66750232515e-07 5.32387838359e-07 4.71031961082e-07 3.53923669636e-07 6.43989885026e-07 1.3097983458e-07 1.00311875264e-06 8.81481434577e-08 3.41476698048e-07 4.365318137e-07 2.47149924237e-07 1.19526995834e-07 3.68557902776e-07 1.23802202752e-07 9.56308609068e-07 3.96395725249e-07 2.03081174969e-07 2.30935195039e-07 6.09367309765e-07 9.00293591644e-07 2.19590226953e-07 7.98636778244e-07 1.02072736264e-07 4.26461019335e-07 9.99468254818e-07 3.0947638506e-07 2.49647893081e-07 6.89893051067e-07 2.27063229913e-07 8.96361058997e-07 5.15419327409e-07 1.20960553168e-06 3.32208391962e-07 2.00088406174e-06 2.69611164653e-07 1.50181390489e-06 7.85110535167e-07 7.48948774222e-07 1.01557089558e-06 1.81580962086e-06 1.92199715394e-06 7.04990393104e-07 1.55277971836e-06 2.07981031328e-06 5.56108661488e-07 4.45018381212e-06 5.21029305383e-07 1.67483615512e-06 2.65666497226e-06 8.45092313353e-07 4.57853395889e-06 4.11831610176e-06 1.11593783426e-06 2.72249059527e-06 1.57209044594e-06 5.74690473163e-07 4.3775748542e-06 5.9831150414e-07 2.17980645982e-06 1.49531489914e-06 6.42564313002e-07 1.89966389974e-06 1.82459332585e-06 1.09373265232e-06 6.911368985e-07 7.52449243317e-07 1.5700639385e-06 2.9901547479e-07 1.98194548225e-06 2.88985854611e-07 1.22615419927e-06 5.93214662677e-07 8.78617540972e-07 2.53854030481e-07 7.05016741593e-07 2.03492923825e-07 2.77502477669e-07 1.07533404234e-06 4.24858993751e-07 8.98003845307e-08 7.58265892686e-07 2.45123633399e-07 8.93132372717e-07 6.0667211188e-07 2.3249116907e-07 2.58877699227e-07 4.46358769595e-07 1.06406494242e-07 2.1953040145e-07 8.37693112816e-08 9.06623453279e-08 2.87799731021e-07 2.07373723255e-07 7.13017376858e-08 2.77684710603e-07 9.36987711658e-08 3.62745582122e-07 1.37829258844e-07 2.99293185368e-07 1.32984761571e-07 4.93361033882e-07 1.70777944246e-07 1.84770214277e-07 6.48203854923e-07 2.75046105765e-07 3.12958299306e-07 5.797778596e-07 5.75229853404e-07 4.78177456012e-07 5.45841963317e-07 6.20973876082e-07 5.73768292587e-07 8.74842333117e-07 6.30490554301e-07 3.92338151808e-07 7.89153989285e-07 7.68147426095e-07 1.32339752289e-06 8.87170238983e-07 1.21910273267e-06 1.13091676473e-06 7.72403696294e-07 3.49380896548e-07 6.64818260088e-07 8.49041768088e-07 6.26204441231e-07 5.95974446916e-07 4.9715695695e-07 5.36244743338e-07 4.5817362695e-07 6.61556421538e-07 2.94307239103e-07 2.54584799821e-07 6.37944089795e-07 2.03091150734e-07 1.25192692326e-07 4.84660799326e-07 1.09970006962e-07 2.83471765375e-07 1.35253707473e-07 3.29358620412e-07 1.01197316647e-07 2.73091968943e-07 5.07995409827e-08 2.271044307e-07 2.71079106548e-07 8.6701749627e-08 8.62071261082e-08 2.07770032278e-07 9.83612343307e-08 4.49323432207e-07 2.5554588967e-07 7.29871975153e-07 1.11988407295e-06 1.6592485659e-07 1.09373497274e-06 1.01552981474e-07 5.32589535802e-07 1.18117724593e-06 3.09170348868e-07 6.63235670745e-07 6.80851333043e-07 2.30757638272e-07 8.22539061182e-07 4.78110979829e-07 9.40754875817e-07 6.04448194046e-07 1.51349183259e-06 4.31567767215e-07 1.62311809576e-06 3.93090975755e-07 1.74646824348e-06 4.62755717502e-07 1.3537206774e-06 2.13438936471e-06 6.27776039541e-07 3.48203278488e-06 7.51960503826e-07 4.57584824038e-07 4.66820323885e-06 3.36844527113e-07 3.09697261056e-06 1.02966248694e-06 1.77074614895e-06 5.47657146406e-06 7.78737689231e-07 1.14636990248e-06 6.47236737744e-06 2.29093335241e-06 1.21246562143e-06 3.17415656125e-06 4.19536030018e-07 4.6933863162e-06 5.46629422104e-07 8.51976781548e-07 3.31591140347e-06 7.47102702403e-07 2.03529608904e-06 1.45020573766e-06 5.08199753778e-07 1.67322278657e-06 4.54807273288e-07 1.68418197273e-06 4.64359141865e-07 1.42016926118e-06 6.56624432349e-07 9.6242096972e-07 5.19018309565e-07 7.5386545875e-07 2.40647767162e-07 6.91555457952e-07 6.70258537791e-07 2.73328352722e-07 1.21476568215e-06 5.09825811004e-07 6.42845340451e-08 9.68581504089e-07 1.94551230144e-07 1.12719751084e-06 7.19389130669e-07 2.85825005212e-07 8.62072690561e-07 1.9325439524e-07 6.04822409744e-07 1.61378092047e-07 2.93171684611e-07 9.61658799911e-07 2.31416568052e-07 2.73557830599e-07 8.76226131645e-07 2.69634370497e-07 8.65695165019e-07 2.96280292249e-07 9.24914200579e-07 3.96347047975e-07 1.16442111617e-06 3.31260832749e-07 6.96971736988e-07 1.41720531891e-06 5.49086322331e-07 1.194388793e-06 1.39600469842e-06 9.98128698341e-07 1.1481659165e-06 1.73528222834e-06 1.67920935003e-06 5.65610244386e-07 2.53966581397e-06 1.07733093471e-06 1.21264288876e-06 2.74710274864e-06 1.36918970498e-06 4.35899763191e-06 2.68783986495e-06 4.29875078454e-07 3.52994359601e-06 4.33865188969e-06 1.99044399646e-06 3.14931894107e-06 1.26493024797e-06 1.21600532822e-06 2.86372624554e-06 5.64798535503e-07 1.87817495486e-06 1.59555833514e-06 1.28598213985e-06 9.49708419232e-07 1.3954895777e-06 1.25571676987e-06 4.97361577529e-07 1.53423117518e-06 6.61026251319e-07 3.50111789061e-07 1.11278889083e-06 3.72073466415e-07 8.67320162371e-07 3.30281781433e-07 6.96732761111e-07 2.70503322495e-07 1.0059423263e-06 2.22608717699e-07 2.07888728964e-07 9.56102882165e-07 2.28189051288e-07 1.31710368297e-07 5.64280401708e-07 2.13976004416e-07 8.3651997828e-07 2.81255437466e-07 5.34174449827e-08 4.48648552226e-07 7.81414139095e-08 5.32303000322e-07 7.66246675303e-08 1.68474785738e-07 5.15956130527e-07 1.71567247102e-07 9.67751169253e-08 3.81887425574e-07 2.97145579684e-07 3.99132177799e-07 2.27594833678e-07 3.39810040297e-07 2.15994934136e-07 8.57132621659e-07 1.26942429414e-07 6.83476979575e-07 4.06285891203e-07 6.50772977642e-07 1.87139267061e-07 1.41459348725e-06 4.50418377848e-07 4.03089551202e-07 5.53697844329e-07 1.07556215152e-06 5.33108105038e-07 1.27158040636e-06 4.59615089785e-07 1.21667425868e-06 8.2080024995e-07 1.40572962377e-06 2.04273434091e-06 1.10846021908e-06 5.28126360624e-07 8.22789454609e-07 1.53140691824e-06 2.18437011242e-06 1.73240031586e-06 8.64706443331e-07 1.24207785973e-06 4.94575996883e-07 1.22207884529e-06 5.88787409645e-07 1.08470458641e-06 6.79052961916e-07 4.61458918964e-07 3.71477896067e-07 1.48456713305e-06 1.91418522672e-07 7.03665584154e-07 4.20189014799e-07 7.08550026888e-07 1.12754791872e-07 8.72884570743e-07 1.76433683577e-07 3.36725786064e-07 2.52867421425e-07 3.18613946726e-07 3.32920530118e-07 3.89523323408e-07 7.91572149773e-08 1.75939360673e-07 4.85200337578e-07 1.59832437872e-07 6.54124944627e-08 5.40259486269e-07 6.55350720886e-08 4.36850458373e-07 4.95701664122e-08 8.55706444942e-08 1.34132728762e-06 1.9514610093e-07 1.36690338324e-06 1.39628228347e-07 5.850272491e-07 1.21871599262e-06 2.59611842196e-07 4.00951903e-07 8.16073576229e-07 4.62767807942e-07 1.6390657984e-06 5.51859513432e-07 1.47897615797e-06 4.22955263129e-07 2.12136113801e-06 4.47803076268e-07 1.19458944921e-06 1.3604736793e-06 1.0422379106e-06 1.75728067177e-06 1.05802612498e-06 3.77742293429e-06 7.32053694931e-07 2.10794141401e-06 2.23080844985e-06 6.77846538528e-07 6.17638463653e-06 6.7352067142e-07 2.23426233651e-06 3.98784079699e-06 1.3163906372e-06 7.32801279476e-06 1.59392738942e-06 9.94599827713e-07 5.68591921949e-06 1.03526266352e-06 2.2596126532e-06 9.36200886257e-06 1.96389637056e-06 4.20920526598e-06 2.43226763977e-06 8.76194530487e-07 6.42667900367e-06 8.94552574536e-07 2.49176885667e-06 2.01866202217e-06 9.13739451792e-07 3.84722002124e-06 1.12859293416e-06 1.89105608191e-06 1.01265027675e-06 1.44885470429e-06 1.24301789494e-06 4.47787304546e-07 2.09615762834e-06 4.03546622309e-07 1.4722464906e-06 5.71187523691e-07 1.54677340617e-06 4.50137297312e-07 8.71191031804e-07 3.50987944588e-07 2.3158323564e-07 1.14677221242e-06 5.82970948815e-07 1.26208011463e-07 1.25491264472e-06 2.15024583428e-07 1.28518747008e-06 8.10176808806e-08 5.99089004771e-07 1.41084123454e-07 4.54687125333e-07 8.86470212853e-09 1.68408522704e-07 3.26859319839e-07 1.96644674735e-07 1.06730623665e-07 4.4969632907e-07 3.02840314651e-07 4.68361276859e-07 2.06529838489e-07 4.23981825113e-07 2.06990866785e-07 6.75761167431e-07 1.12661623083e-07 6.39835911711e-07 4.22368866405e-07 7.6938769757e-07 2.29810844856e-07 1.2697897108e-06 4.16790291324e-07 8.77275857104e-07 6.76178184783e-07 7.17772433137e-07 4.32172567572e-07 1.80524419108e-06 5.27785790175e-07 7.84267942087e-07 1.13691328463e-06 1.36097785893e-06 1.98414044447e-06 1.47147556574e-06 3.7195445581e-07 1.4026970233e-06 1.07619294461e-06 4.76720974304e-07 2.09770266943e-06 2.10381838918e-06 1.94905745328e-06 1.23237682318e-06 8.54261183624e-07 5.9732141955e-07 1.7596276846e-06 5.32665312599e-07 6.77461962608e-07 6.64769308658e-07 9.92595649449e-07 3.82837505328e-07 1.33655179424e-06 1.93247295539e-07 7.68369991526e-07 4.53358684316e-07 6.50562536441e-07 1.36974012541e-07 7.45441125352e-07 1.84762385989e-07 3.67498016582e-07 2.27146255081e-07 4.30792436806e-07 3.00627557796e-07 4.40612567808e-07 1.18732366673e-07 1.78785522659e-07 2.79441699022e-07 1.48330115435e-07 8.18120651379e-09 4.14096921772e-07 1.45760269653e-07 5.64889050219e-07 8.5909414289e-07 3.7297930312e-07 1.39797617889e-06 5.8630025689e-08 3.46648302512e-07 1.29991692467e-06 1.87729088133e-07 1.50972194745e-07 7.55319333303e-07 4.82608126301e-07 1.12966254816e-06 4.58408131477e-07 1.51186248009e-06 4.00704964722e-07 2.04540389003e-06 2.21848741641e-07 1.47010844359e-06 8.34537217996e-07 1.16431405756e-06 1.24953835155e-06 1.56833426816e-06 2.87392612917e-06 6.31400202533e-07 3.96992694013e-06 1.21651477188e-06 6.74071441669e-07 4.57053357579e-06 8.60606804892e-07 2.76122525966e-06 2.14051432936e-06 1.87995746821e-06 6.47328039255e-06 1.43415161643e-06 1.604683437e-06 2.12031400137e-06 1.91385936663e-06 2.11552948651e-06 1.86990600504e-06 2.1771098948e-06 7.85041168579e-06 2.7420910887e-06 2.21266221388e-06 2.9678995214e-06 1.02611024017e-06 4.92714036776e-06 8.09214533877e-07 1.40052235353e-06 3.79784570828e-06 8.26054962102e-07 2.89289705306e-06 1.54736187835e-06 1.3820739696e-06 1.15952137447e-06 8.44199437634e-07 1.51344514345e-06 2.48573639482e-07 2.00545231589e-06 3.40559960793e-07 1.47528130707e-06 5.34889712848e-07 1.02914580752e-06 4.59290607204e-07 8.0521641169e-07 1.37824375024e-07 1.72821143493e-07 1.18031245462e-06 3.18965178753e-07 7.59858252793e-08 1.26441430215e-06 3.28985099321e-07 7.86158485849e-07 7.80116380369e-07 2.45630354919e-07 8.41844053873e-07 2.33011541365e-08 1.44824163382e-07 8.67250725243e-07 3.72442743223e-07 8.41718314361e-08 8.32959971276e-07 1.78666538606e-07 1.02613588136e-06 1.20665559301e-07 8.62660735589e-07 3.309634908e-07 1.08468347364e-06 1.87673878164e-07 8.83563912619e-07 6.19660741012e-07 8.51786022039e-07 4.15085428115e-07 1.97814394286e-06 8.73064452499e-07 1.32526000544e-06 1.08093092038e-06 2.02758748755e-06 4.17317626444e-07 2.39401466514e-06 9.06645285835e-07 1.56644598222e-06 2.29683167733e-06 9.3733564345e-07 4.10240541745e-06 2.30138654318e-06 4.87845426615e-07 3.46271820454e-06 8.31831608678e-07 9.55649319258e-07 3.5531929347e-06 5.92911025205e-07 3.66057933209e-06 5.17925623532e-06 1.93086688684e-06 2.67868306746e-06 1.79271245681e-06 9.86056967324e-07 2.50365186674e-06 4.86228951557e-07 2.20140172076e-06 1.01565803981e-06 1.51575204317e-06 8.94401027382e-07 2.11544299864e-06 4.05987565264e-07 8.58658482983e-07 6.62693074527e-07 9.35002940866e-07 2.10438409302e-07 1.04184974313e-06 3.57755334683e-07 8.70728899095e-07 1.17747177022e-07 1.02680805697e-06 1.87975707413e-07 8.32502552088e-07 7.009858082e-08 3.95399763827e-07 8.59890052835e-07 1.14090180756e-07 1.55848557481e-08 7.86470380414e-07 2.13585268124e-07 7.22481163026e-07 1.65995819061e-07 3.58897856853e-07 7.70080156534e-07 9.64939073569e-08 2.49715540866e-07 7.16279796889e-07 2.62986981271e-07 9.90075993089e-08 6.76312603583e-07 2.75732682536e-07 4.31067128412e-07 4.39013258827e-07 7.04560850465e-07 2.97670508525e-07 1.42094723709e-06 2.04623700521e-07 8.53046424994e-07 5.6782745924e-07 8.84409869543e-07 5.3944441435e-07 1.27950640956e-06 1.11622865291e-06 6.67041941477e-07 1.62211719536e-06 7.89179301853e-07 1.13850359701e-06 1.8109780573e-06 5.92315902032e-07 1.35932706327e-06 1.78551943077e-06 1.76294374888e-06 3.36493486848e-06 1.49655333143e-06 9.92235841094e-07 1.40535939356e-06 2.2777661583e-06 6.5695332347e-07 2.76304569192e-06 1.31341983595e-06 1.17036224978e-06 2.07056083546e-06 3.2627201869e-06 2.55126280797e-06 1.94432545731e-06 1.48954115647e-06 7.00803394038e-07 1.67090502318e-06 1.27384643598e-06 8.81344249916e-07 1.5013033084e-06 8.00678293147e-07 1.18483059246e-06 1.34942645407e-06 5.36474825205e-07 8.80754323334e-07 6.19487519634e-07 8.01715929026e-07 2.34205291238e-07 1.4320290359e-06 2.52208589736e-07 6.14278692097e-07 5.48243498604e-07 3.14620428326e-07 2.91325988103e-07 6.01552009406e-07 9.11001415584e-08 2.23691183199e-07 6.3596887001e-07 2.34957136525e-07 9.68948286702e-08 6.71183176814e-07 3.12370926299e-07 1.56112590309e-07 6.71811262919e-07 6.30462540977e-07 8.34445802234e-07 9.11281886942e-08 1.78866453136e-07 1.58306082546e-06 7.48360192948e-07 1.38382834406e-07 1.55247194329e-06 2.5294809537e-07 1.27636836173e-06 4.01260585404e-07 1.37623826706e-06 2.42010667601e-07 1.87646226691e-06 1.94265408707e-07 1.03493760762e-06 1.53357302151e-06 9.32611038277e-07 1.35393962187e-06 1.88845239987e-06 1.88570577519e-06 1.61426060731e-06 1.84678936547e-06 2.62250470684e-06 3.30388164058e-07 7.13740245364e-06 4.17751616405e-07 1.60343337869e-06 3.70164059694e-06 1.65353343709e-06 6.69861086932e-06 1.74961481362e-06 8.28993223529e-07 5.05306225913e-06 1.18740036686e-06 2.15951539544e-06 2.16595285756e-06 1.36837327128e-06 5.68566642625e-06 1.00246149391e-06 2.75034443057e-06 8.65277762107e-06 2.95247512475e-06 3.88192469496e-06 1.8214581043e-06 6.10529816721e-07 7.58502354499e-06 4.80381339909e-07 2.94610752721e-06 1.72015027311e-06 1.85285145316e-06 1.88826829089e-06 2.09674931809e-06 1.43443006975e-06 9.33521825439e-07 1.5121460419e-06 1.0939541244e-06 2.87037187562e-07 1.80957492429e-06 2.38656542185e-07 1.29973189375e-06 4.61877669942e-07 1.19233259054e-06 1.66467949535e-07 1.48032788763e-06 9.95193356794e-08 7.40916680761e-07 1.43110076425e-06 1.5070137478e-07 9.29561674239e-08 7.88866593735e-07 5.44196923768e-07 6.17557435167e-07 5.82245914243e-07 5.37205931516e-07 9.55520835335e-08 2.50649505169e-07 1.11535819873e-06 2.81621346339e-07 1.47253192094e-07 9.91319483833e-07 5.17499628389e-07 6.30206231431e-07 3.10288817728e-07 8.83269462608e-07 3.82277173766e-07 1.30473176025e-06 1.60026499908e-07 1.32078469667e-06 8.7534121003e-07 1.11077908954e-06 6.23415334563e-07 1.82978193388e-06 1.26887389955e-06 7.94019595915e-07 1.91542642332e-06 1.16681859193e-06 1.11400855159e-06 2.14517710887e-06 1.3924411373e-06 1.2720529594e-06 1.9699023708e-06 1.88121543709e-06 4.70058268289e-06 2.17032444011e-06 8.34256576702e-07 2.38623385337e-06 2.5702905574e-06 9.21958332526e-07 4.04961626972e-06 9.60665948788e-07 3.05689135668e-06 2.48263784491e-06 9.37416554966e-07 3.53685231199e-06 5.51893390273e-06 2.86418596239e-06 2.30719307404e-06 1.43713340096e-06 1.54333158468e-06 2.1841786319e-06 1.29909533524e-06 1.22306436214e-06 1.95796559812e-06 8.52361226373e-07 1.28036870265e-06 1.88424779586e-06 6.31976870813e-07 1.06350987193e-06 8.51068931529e-07 1.26148574078e-06 1.91697920319e-07 1.27527157906e-06 4.25949369566e-07 7.83055153776e-07 3.76048615674e-07 5.1930967444e-07 4.90014281414e-07 8.7375604763e-07 1.29268427907e-07 2.34032409532e-07 9.98501154191e-07 2.17574310358e-07 9.13493582484e-08 4.81823560467e-07 5.24327824716e-07 6.81043804704e-07 5.69950393485e-07 1.16800614505e-07 2.06103381996e-07 1.46697805055e-06 2.6827084118e-07 1.11208148101e-07 1.21886729627e-06 4.44380824334e-07 1.35310294306e-06 3.93453965972e-07 1.33077933663e-06 2.26113156553e-07 1.92939878044e-06 1.92680634199e-07 1.29377970075e-06 1.63939277362e-06 8.00482098825e-07 1.26661521735e-06 1.36329107314e-06 2.35026210119e-06 1.18116556076e-06 1.83768240675e-06 1.97217942182e-06 5.40249236264e-07 5.85173160644e-06 3.10734657792e-07 3.32952432234e-06 1.59131981323e-06 1.34668833222e-06 5.92198078843e-06 1.8851962111e-06 1.27724911158e-06 2.40386808664e-06 1.64190782142e-06 1.65861132003e-06 1.72208829561e-06 1.74557727808e-06 1.77608451155e-06 2.21622466522e-06 2.72677820504e-06 1.48946176416e-06 3.31343421996e-06 7.19770567348e-06 2.33306390802e-06 1.96412330507e-06 3.52339706526e-06 5.29797953376e-07 6.2334510083e-06 6.42624361728e-07 2.24186825543e-06 1.76649714248e-06 1.38338527036e-06 2.41076180215e-06 1.52721295813e-06 1.35575787986e-06 8.02570449882e-07 1.58088982785e-06 1.22975795956e-06 2.78646461219e-07 1.87445742086e-06 2.25800403452e-07 1.18948485964e-06 4.60406192192e-07 1.22256376303e-06 3.76096825367e-07 1.1276724303e-06 7.90092864192e-08 2.54334641229e-07 1.23132590992e-06 1.68554770777e-07 8.33288436335e-08 5.27218886257e-07 6.15245754266e-07 7.83629562775e-08 4.36924402453e-07 1.96757764036e-07 2.52637235112e-07 9.05181537082e-07 2.30018444593e-07 9.60810362471e-08 9.59938044483e-07 1.40485754305e-07 8.36837739898e-07 3.29230071715e-07 7.43921648571e-07 3.31068873711e-07 1.09988732619e-06 1.95889862541e-07 8.79818497813e-07 9.97330391336e-07 8.32285111321e-07 5.54317138291e-07 1.40025535861e-06 1.09269070867e-06 8.87838936936e-07 1.36176290088e-06 9.43335172013e-07 8.80335799363e-07 2.43211421572e-06 9.37355807818e-07 9.64915698098e-07 2.97563022619e-06 1.08772849413e-06 3.96806239553e-06 1.99713179213e-06 1.0013567564e-06 2.68626962789e-06 1.43479700556e-06 1.21721208843e-06 3.47221285797e-06 7.01387903301e-07 3.30691153579e-06 1.26157520799e-06 1.55221845652e-06 3.05172108371e-06 1.21161207696e-06 3.21200613993e-06 4.32978931768e-06 1.94990328902e-06 3.43968018416e-06 1.01076288789e-06 1.10444234521e-06 2.63063549249e-06 1.06862358128e-06 1.16061397505e-06 1.33841272649e-06 1.07253177903e-06 1.06630247551e-06 1.49281092057e-06 5.22796752072e-07 8.82519107328e-07 9.02320004957e-07 8.61273096639e-07 2.43527996744e-07 1.12233276922e-06 3.20076301659e-07 6.51765925892e-07 3.81456703785e-07 7.4125865197e-07 1.0644027975e-07 8.62731948929e-07 8.89488725521e-08 1.7826378097e-07 7.13775985703e-07 2.15107952947e-07 1.58187555648e-07 3.46147201397e-07 6.45224923065e-08 4.50753458422e-07 2.30687915185e-07 3.27328431944e-07 1.01289492264e-06 1.91361415325e-07 1.12252155549e-07 8.49859434862e-07 3.03963135029e-07 4.26594887065e-07 2.67450912131e-07 9.80926728097e-07 2.02264815172e-07 1.21477258609e-06 1.53071655698e-07 8.82404209883e-07 8.53551209737e-07 6.8776365612e-07 7.0310572357e-07 1.08871113221e-06 1.08006449436e-06 7.46898862621e-07 1.23446103281e-06 1.11661232788e-06 4.77280998456e-07 2.61468836347e-06 5.54572469783e-07 1.82656122988e-06 1.257855441e-06 2.4329573607e-06 3.43074602608e-06 1.46153915121e-06 9.3218234392e-07 2.51270348115e-06 1.83446110885e-06 9.96682079535e-07 2.3218864107e-06 1.41271416269e-06 1.37577522217e-06 2.54454690868e-06 1.00644969202e-06 2.58228213646e-06 2.56704177355e-06 1.2552321189e-06 2.17520570325e-06 3.59397478866e-06 3.81596625335e-06 1.38166298925e-06 2.21442886065e-06 6.02116891552e-07 2.94780479391e-06 5.5298329324e-07 1.26211873291e-06 1.24378093742e-06 8.83510461407e-07 1.23914157787e-06 1.14970448828e-06 7.33842353701e-07 8.2257835126e-07 8.36269230691e-07 8.29155857051e-07 2.30089832217e-07 1.2446664474e-06 1.9135344969e-07 7.98494939613e-07 2.71048471852e-07 3.37145128197e-07 2.96222378517e-07 7.97772235618e-07 1.05768741319e-07 1.61652379384e-07 8.5869301766e-07 2.77893674699e-07 2.09147336705e-07 3.84710343984e-07 6.42047724069e-07 5.89095972172e-07 9.17134773036e-07 2.10923763132e-06 3.47857102047e-07 9.74529843389e-08 1.91004313622e-06 7.38523526631e-07 1.61283039372e-06 6.43465148913e-07 2.06308947973e-06 7.73618788024e-07 1.80837148511e-06 2.9029474567e-07 1.56617258243e-06 1.88250005736e-06 9.96377438055e-07 1.44028976049e-06 3.34419871237e-06 1.98614550015e-06 2.15792036267e-06 1.77149072168e-06 2.65624553354e-06 1.35435410378e-06 4.77290558318e-06 2.03891027386e-06 2.44633704923e-06 6.06524036971e-06 1.50781489005e-06 1.02988657737e-05 2.12153022064e-06 1.14929486751e-06 6.09525403979e-06 2.815978145e-06 2.63067020287e-06 4.00962218297e-06 1.75850204963e-06 6.50555402773e-06 1.89077050664e-06 3.90238071279e-06 2.86588254946e-06 3.60644366512e-06 6.54363354418e-06 1.5180879216e-06 3.59277379108e-06 1.31318428742e-05 2.60245307215e-06 6.73982673434e-06 2.83190591547e-06 2.21746021254e-06 5.32704608774e-06 1.51179073942e-06 3.15881552803e-06 1.73816361796e-06 2.53028292203e-06 1.91934575953e-06 3.64939826176e-06 1.5153869959e-06 1.10662282885e-06 1.77769936887e-06 1.47473665895e-06 3.15885589305e-07 1.76468522604e-06 6.97154814382e-07 1.80814017671e-06 7.09982585472e-07 1.35472487742e-06 7.20862200577e-07 1.59076057665e-06 9.63801811004e-08 2.46308597994e-07 1.78435405549e-06 7.74009343786e-07 5.15489599951e-07 5.38587838014e-07 8.97360697606e-09 2.95335986992e-07 5.75373552369e-07 1.48880307018e-07 1.77068589009e-08 5.85625810903e-07 2.02042362106e-07 4.96778114012e-07 2.94148479248e-07 5.55589708123e-07 2.36475761426e-07 1.06866448382e-06 6.61313536733e-08 8.64068084788e-07 6.35664227025e-07 6.01851676675e-07 4.35476755095e-07 1.08687342242e-06 8.85057768414e-07 5.5649267105e-07 1.0487959861e-06 7.9859332844e-07 5.5063332502e-07 2.05060906058e-06 5.00844457932e-07 1.49421886931e-06 1.38110781414e-06 1.78562687841e-06 2.76285627419e-06 1.9026275179e-06 5.40574443519e-07 1.54211916531e-06 1.2512626746e-06 1.01062561884e-06 1.81537394534e-06 6.41413865064e-07 1.55233533698e-06 1.65557015471e-06 6.1165331851e-07 2.03368600641e-06 9.8305610102e-07 1.74215621404e-06 1.58345327614e-06 4.92636212121e-07 3.14107225401e-06 2.98777955998e-06 2.98272538524e-06 1.6906380268e-06 1.51255776765e-06 5.08939111069e-07 2.26614831486e-06 6.17054507819e-07 9.52897429532e-07 1.0904276275e-06 6.15908483012e-07 9.23590913663e-07 1.19732173967e-06 4.53680286732e-07 7.12219289481e-07 6.2535914694e-07 9.04616699444e-07 8.85310468399e-08 1.08422513499e-06 2.33081852713e-07 5.12894067357e-07 2.72513080484e-07 3.88920048077e-07 1.36546086967e-07 4.53276762183e-07 8.45143362746e-09 9.63496428581e-08 4.8113278347e-07 2.25243671507e-07 7.01902767906e-09 5.10150141926e-07 1.49211925624e-06 6.83642740184e-07 1.29133798479e-07 2.30695956879e-06 9.1777087484e-07 1.33751357077e-06 9.53691735834e-07 2.02317633342e-06 4.67113329859e-07 2.25334234379e-06 5.48927666111e-07 1.44063333643e-06 1.80543408845e-06 5.59617737675e-07 1.52844743469e-06 2.87809584078e-06 1.89797494998e-06 2.55498086002e-06 2.02249728716e-06 2.46743822424e-06 1.08220281574e-06 5.69691086405e-06 1.62821697502e-06 2.30789868097e-06 4.68337313633e-06 2.46032047774e-06 9.47338031762e-06 1.60446905539e-06 2.12225380312e-06 2.87615694645e-06 2.26887293911e-06 2.21760314457e-06 4.47402523322e-06 2.24398863902e-06 3.40054546834e-06 2.70200145188e-06 3.31708223794e-06 2.38365383425e-06 4.80762640738e-06 2.50372278878e-06 3.11384658935e-06 3.70320679959e-06 2.65059148704e-06 2.77976769008e-06 1.16215856978e-05 3.82170227448e-06 5.40756764858e-06 2.88071789574e-06 1.79165817384e-06 6.30697643951e-06 1.18719151181e-06 2.85304222617e-06 1.86280695956e-06 2.81852584351e-06 1.82443981117e-06 3.04720384333e-06 1.53552969199e-06 7.02153339214e-07 1.77870645642e-06 1.38208450536e-06 5.25333121049e-07 2.06727033859e-06 3.06190430412e-07 1.73650634337e-06 9.10649238577e-07 1.14292448162e-06 8.44292991115e-07 1.89796853486e-06 1.12001689039e-07 5.23361957661e-07 1.20584558602e-06 3.99864476237e-07 7.63370356107e-09 9.37834523672e-07 5.74262655605e-07 1.40917832592e-07 1.66071028837e-06 3.41961685214e-07 6.0499841516e-07 6.89534885245e-07 1.05765842379e-06 4.49020222124e-07 1.25732317417e-06 4.11899165225e-07 1.31458993903e-06 1.12321769647e-06 7.25299887039e-07 7.44142633712e-07 2.07181930291e-06 1.24717625114e-06 1.21997964562e-06 1.59737961363e-06 1.3058404753e-06 8.79135362597e-07 2.5723919577e-06 1.03428446803e-06 2.08797236223e-06 2.66355572239e-06 2.64956039262e-06 5.06468845842e-06 3.54572449596e-06 5.9391183391e-07 4.26846874724e-06 1.60588629939e-06 1.19971595688e-06 3.54981320352e-06 1.29881532169e-06 3.1450351794e-06 2.07480920909e-06 1.7043654191e-06 3.48151123309e-06 1.38270585136e-06 3.59239744478e-06 1.38231249436e-06 1.80903404553e-06 4.66225904336e-06 6.06193698836e-07 5.19950911178e-06 5.51468414498e-06 3.96569367262e-06 2.98344032447e-06 2.29978858834e-06 1.1696092747e-06 2.96379335521e-06 9.76725595728e-07 1.40527958073e-06 1.65979089051e-06 1.36395684427e-06 1.36498180808e-06 2.23925457248e-06 7.44882064793e-07 8.89734400116e-07 1.0801729378e-06 1.20301312591e-06 4.04638160891e-07 1.14636299471e-06 3.86861174055e-07 8.10978313015e-07 6.24004348558e-07 5.03743467337e-07 2.99657968002e-07 1.22905671714e-06 1.12263512356e-07 4.53035528705e-07 7.11073536221e-07 5.95247445477e-09 1.12235596277e-06 6.67789274976e-07 2.52321265076e-07 2.3807500097e-06 4.08252628403e-07 5.50971399828e-07 8.15495087585e-07 1.6965789661e-06 6.08497134261e-07 2.1333924272e-06 4.21867154846e-07 1.77320158601e-06 1.56125580139e-06 5.18558783325e-07 1.31705961263e-06 2.28394368405e-06 1.82741958261e-06 2.07654653559e-06 1.54225578815e-06 2.85401868289e-06 8.81187768089e-07 4.92908109439e-06 1.26003331108e-06 2.74529389247e-06 4.05704250696e-06 2.56153920131e-06 8.62633342028e-06 2.54087548251e-06 2.03634927067e-06 2.43253042314e-06 3.90067967754e-06 1.00729450295e-06 3.67074587761e-06 1.65717010006e-06 3.58923455106e-06 3.56591744983e-06 1.43865177482e-06 3.33589237981e-06 3.77520430155e-06 1.79572323743e-06 3.95042366161e-06 1.2654735035e-06 4.97096344371e-06 2.89473861725e-06 2.51814166197e-06 4.1561927328e-06 1.06802812688e-05 4.11666144767e-06 4.67774786913e-06 3.30189000507e-06 1.32742490247e-06 5.459261919e-06 1.08961418579e-06 3.24956533784e-06 1.61534701803e-06 2.32841813236e-06 1.71199981709e-06 2.27311625915e-06 1.36977523659e-06 6.37552203202e-07 1.45143363851e-06 1.60395714566e-06 3.69667855793e-07 1.95579901541e-06 5.11963862124e-07 1.39625323665e-06 6.13078887985e-07 3.6637705335e-07 3.01020119681e-07 1.91529632916e-06 1.84460524142e-07 5.23068056596e-07 8.29623698261e-07 3.49688347332e-07 3.64958694553e-07 1.72625264988e-06 3.43189258341e-07 5.46984738265e-07 1.0479317804e-06 8.10558715482e-07 5.48455683242e-07 1.69224260542e-06 3.21578455854e-07 1.20189300875e-06 1.11930324018e-06 1.01823108516e-06 8.81095904959e-07 2.52960934321e-06 1.25601415042e-06 1.6292749188e-06 1.28217368734e-06 1.80332394979e-06 1.17290255939e-06 3.46786528787e-06 1.2007075517e-06 1.96235509153e-06 3.67352966323e-06 2.51040250745e-06 6.33150312481e-06 3.22908195351e-06 1.20270837797e-06 4.39343707898e-06 1.35591912688e-06 1.93476891704e-06 2.73518241126e-06 1.09592256427e-06 3.11564560601e-06 2.46024309572e-06 2.11677511374e-06 2.48125755089e-06 2.38229435078e-06 3.2703326435e-06 1.26931162775e-06 2.81409480368e-06 2.38673327242e-06 1.63735809399e-06 4.88656603382e-06 1.4799062978e-06 5.1736133697e-06 7.2787414868e-06 3.96188057414e-06 4.17049812176e-06 2.22732602693e-06 1.31316842722e-06 3.84336620708e-06 1.44283332134e-06 2.01737361663e-06 1.35460034652e-06 1.73333823818e-06 1.24801708805e-06 2.62483142299e-06 7.28065787752e-07 1.18725072654e-06 1.11038341786e-06 1.0045868157e-06 3.38024076634e-07 1.55258342674e-06 5.04225298397e-07 6.34257599116e-07 8.22049064705e-07 3.86617194549e-07 2.30511222202e-07 1.26023900435e-06 2.51557257678e-07 2.47634952708e-07 3.96790496531e-07 1.31043564056e-06 6.11502415266e-07 4.98856731497e-07 1.40418342677e-06 1.04953088861e-06 3.58812109752e-07 1.96294187176e-06 3.68592312393e-07 1.88488441838e-06 9.5513230143e-07 9.51948984422e-07 1.66819039379e-06 1.83767567988e-06 1.6401478268e-06 1.69971823622e-06 1.71282459764e-06 2.19919324356e-06 1.10159967077e-06 5.38758973509e-06 1.18860402073e-06 2.4619389342e-06 3.366109744e-06 3.1834306414e-06 7.58989357389e-06 3.02410555955e-06 1.75406665731e-06 3.49072592756e-06 3.5638195057e-06 7.41251013631e-07 5.63140568966e-06 9.0825437788e-07 2.7467360623e-06 3.01057055635e-06 1.70323462737e-06 3.55043983266e-06 1.83235084867e-06 2.76644081946e-06 3.04747390325e-06 1.01927739583e-06 6.01455843243e-06 7.85859790896e-07 4.40507101632e-06 4.05765875467e-06 2.1113879539e-06 4.73552384056e-06 9.05157584423e-06 4.84972537628e-06 3.94619254355e-06 2.99309749597e-06 1.33153285891e-06 5.8533803408e-06 1.22642360924e-06 2.47188222984e-06 1.77862012511e-06 1.83824863421e-06 1.6133178791e-06 1.73306412599e-06 1.6514072377e-06 9.80092470121e-07 1.08620894912e-06 1.68270217593e-06 3.56372434775e-07 1.76775964771e-06 2.28011836352e-07 8.01006887138e-07 1.06815490002e-06 3.44507256516e-07 4.17575795307e-07 1.0110398209e-06 2.97298180411e-07 2.3404052628e-06 8.76747571584e-07 7.64479624651e-07 2.41961413158e-06 1.70974499982e-06 1.06865052969e-06 2.12895039531e-06 5.75799421776e-07 2.22503077847e-06 1.29447158763e-06 9.74753714723e-07 1.5384834185e-06 3.72378790754e-06 1.3503852765e-06 2.6460837255e-06 1.41147456005e-06 3.0198412621e-06 1.41012693903e-06 4.80162102923e-06 2.02036366691e-06 2.71862022274e-06 4.85765956399e-06 3.34036432073e-06 9.18971066176e-06 3.93913703162e-06 1.72361002361e-06 4.92992832854e-06 2.92799814013e-06 1.82797582858e-06 2.59613012665e-06 2.164255402e-06 2.37693397637e-06 2.50005498388e-06 2.10244317095e-06 2.99023170572e-06 2.96952606066e-06 2.36776064716e-06 2.43956620546e-06 2.58465214132e-06 2.4976882954e-06 3.03278059102e-06 2.4239425763e-06 3.54010234972e-06 5.80742862948e-06 2.20604996882e-06 6.35766426821e-06 1.0971433223e-05 4.99355438599e-06 5.54236144373e-06 3.25250180311e-06 2.11027435598e-06 5.31213735587e-06 1.58943067819e-06 3.22408316087e-06 1.49566759029e-06 2.81867287782e-06 1.35377120948e-06 3.77410482141e-06 1.40561024283e-06 9.47349225166e-07 1.4402108551e-06 1.88237206894e-06 4.71628876278e-07 1.80868730086e-06 7.90407161269e-07 1.25430017303e-06 2.01888880133e-06 5.22782781522e-07 6.87924250876e-07 1.55952077957e-06 1.48349933551e-06 8.60738135688e-07 2.13052543252e-06 1.15259670867e-06 8.38929759866e-07 1.88793330211e-06 3.69041751444e-07 1.73326162867e-06 1.01569442243e-06 1.35048340178e-06 1.25350511777e-06 2.39472231488e-06 1.7080096233e-06 1.39516007654e-06 1.39316613896e-06 1.76320632857e-06 1.2390891343e-06 3.70645749571e-06 1.35150780147e-06 2.63535867581e-06 2.96319548564e-06 2.75338569257e-06 6.69746806088e-06 3.08122528872e-06 1.35332303207e-06 3.1728108304e-06 2.5697373104e-06 9.35407791182e-07 4.10147638115e-06 6.74009534251e-07 3.65175073481e-06 1.4770289683e-06 1.30599496955e-06 2.35048049669e-06 1.86346249163e-06 2.39477462532e-06 1.45115881275e-06 1.6229204943e-06 4.01106324826e-06 7.0745763836e-07 4.45172911459e-06 1.39362282161e-06 3.16850012265e-06 3.71105089381e-06 1.62853017309e-06 5.15448798053e-06 7.7615489679e-06 4.38339428616e-06 3.44656050267e-06 3.07291749425e-06 1.46683943454e-06 4.18227798915e-06 1.34262525151e-06 1.78558245844e-06 1.35291608215e-06 1.39113105352e-06 1.7247198129e-06 2.3483735521e-06 1.29053400269e-06 1.38971388326e-06 1.05937708391e-06 1.38118507435e-06 3.10719422653e-07 1.66945007437e-06 6.82159245904e-07 8.71514516219e-07 1.66015491116e-06 5.73099679416e-07 7.0565590408e-07 4.26211714407e-06 2.26168448469e-06 1.16476656116e-06 4.39434460965e-07 2.33314334266e-06 7.49148881385e-07 1.96990154269e-06 1.47809091136e-06 1.88980414592e-06 1.53005712083e-06 2.51071135439e-06 1.94749255649e-06 2.96240865959e-06 1.4175616151e-06 3.22813810158e-06 1.10233169718e-06 5.27595271966e-06 1.86161856711e-06 2.69282849488e-06 5.37279622194e-06 3.51138006489e-06 9.62500694645e-06 3.72501819215e-06 2.14149416776e-06 4.52810217784e-06 3.52395411618e-06 1.539813995e-06 4.17110348987e-06 1.84678626502e-06 1.86440701909e-06 4.23807932935e-06 1.77765283548e-06 2.81309462473e-06 2.69162629288e-06 2.61531095435e-06 2.9255040621e-06 1.87754356793e-06 4.03103561141e-06 2.16026756912e-06 2.17681141651e-06 4.46648472768e-06 1.96084472085e-06 4.25466249459e-06 5.41122551357e-06 2.89414664139e-06 6.115480701e-06 1.12345906189e-05 5.4225048797e-06 6.23833259336e-06 3.24211954833e-06 1.84233461871e-06 5.99297588495e-06 1.33204099184e-06 3.45354364542e-06 1.44274736539e-06 3.15963008602e-06 1.80295096072e-06 2.30577805162e-06 1.42497843707e-06 1.65995509102e-06 1.62618290604e-06 1.44496465592e-06 5.91346116168e-07 1.76954647089e-06 3.77199506894e-07 7.23280938479e-07 1.63655062453e-06 2.29705454332e-06 5.22285072274e-06 1.37656844803e-06 4.45949276332e-07 2.4254312648e-06 5.95574324423e-07 1.66663566784e-06 1.02275343517e-06 1.70220786877e-06 1.29576120142e-06 2.84071509507e-06 1.65459570315e-06 1.92012353735e-06 1.74675020745e-06 1.88616591767e-06 1.31327162328e-06 3.48243295247e-06 1.89880917707e-06 2.35533384823e-06 3.94697564287e-06 3.96556930194e-06 7.47536345132e-06 4.28568898228e-06 1.36164532907e-06 4.38173213934e-06 3.10097682697e-06 1.27339779431e-06 4.06811698073e-06 1.31899230131e-06 3.54196924699e-06 1.35960954666e-06 2.87977267126e-06 2.23178399757e-06 2.1451248086e-06 2.26302935063e-06 2.27344435668e-06 2.07591483387e-06 3.43254185538e-06 1.35969057008e-06 3.96139767528e-06 1.44281679787e-06 4.4848136685e-06 1.69538542143e-06 3.56833403071e-06 5.02589517156e-06 1.60515799509e-06 6.29307827887e-06 7.89767313682e-06 5.83863367042e-06 4.54609538578e-06 2.91522373768e-06 2.03251625497e-06 3.86064853283e-06 1.54272775525e-06 1.97007974986e-06 1.7968733155e-06 1.88533287087e-06 1.69547777876e-06 2.76297274523e-06 1.17296418483e-06 1.22520939344e-06 1.07355586347e-06 1.20819434195e-06 4.42978992808e-07 1.78918888863e-06 2.98850903358e-07 8.68402864939e-07 1.65725326674e-06 1.39895092178e-05 6.30719274913e-07 3.96016769842e-06 1.00831551328e-06 2.04701554633e-06 1.76350158097e-06 2.29450781152e-06 1.66014018637e-06 4.01575795476e-06 1.88149519511e-06 2.35661420237e-06 1.98715937739e-06 4.3181481148e-06 1.48041467664e-06 5.8431423539e-06 1.94789204034e-06 3.70685062636e-06 5.69878195971e-06 4.9043268814e-06 1.2057184516e-05 4.65916023819e-06 2.56981681473e-06 4.62531893502e-06 4.64509610691e-06 1.52941004745e-06 4.76277875646e-06 1.90723786817e-06 3.28773584106e-06 4.14152698766e-06 1.49035387002e-06 5.59445048974e-06 2.16677970454e-06 2.4556380955e-06 2.67107684063e-06 2.16768780949e-06 5.5288222156e-06 1.63979699146e-06 3.79022863596e-06 3.72755872562e-06 2.18853490235e-06 5.22475313733e-06 2.08241411914e-06 5.76442244947e-06 5.64487652252e-06 3.38544297988e-06 7.28432801467e-06 1.44315597699e-05 6.99580350131e-06 6.75350113984e-06 4.42931643956e-06 2.04961789404e-06 6.43934481294e-06 1.74489149533e-06 4.43537443484e-06 2.10486242583e-06 2.39115768453e-06 2.06714566827e-06 3.76406182629e-06 1.5037233959e-06 1.74814789789e-06 1.85987962405e-06 1.59011857918e-06 8.41850825386e-07 2.68303689062e-06 3.37858734029e-07 4.90158251318e-06 6.078259891e-06 5.56715367531e-06 1.22632638446e-06 1.69828485775e-06 1.87563098103e-06 2.08136561639e-06 1.10242812021e-06 3.6572733339e-06 1.83648596344e-06 2.99028456052e-06 1.33056722755e-06 3.19546508656e-06 2.2513921289e-06 3.70532558125e-06 2.48081294801e-06 2.40600786084e-06 5.62562256632e-06 4.42706829802e-06 1.0205244126e-05 5.54148762218e-06 1.65683769838e-06 4.89175310715e-06 2.7958890071e-06 1.47371625016e-06 4.18986574905e-06 1.17479456377e-06 3.40438752328e-06 2.44951603062e-06 2.64219483371e-06 1.99889517913e-06 3.58575372807e-06 1.93359042911e-06 1.85058499283e-06 1.96443576756e-06 3.63467245304e-06 2.14205639155e-06 2.9437047889e-06 2.29015050186e-06 3.93830695829e-06 1.28583111792e-06 4.67476523497e-06 2.1248262412e-06 3.40025097496e-06 6.05961478529e-06 1.73927986756e-06 8.22216836412e-06 1.18225758143e-05 6.49570911002e-06 6.3749836806e-06 3.09731674745e-06 2.6233061502e-06 3.91475331504e-06 2.52524377624e-06 3.35757466629e-06 1.27273009079e-06 3.04803854291e-06 1.87787298286e-06 3.47876569473e-06 9.53442719009e-07 1.61110026768e-06 1.78410808655e-06 1.18636495656e-06 9.37038782952e-07 3.27333427922e-06 1.95207283719e-06 2.81984680349e-05 2.37342195115e-06 2.09041891246e-06 2.72106941078e-06 1.75116662088e-06 1.42380620037e-06 3.1401528971e-06 1.96947505699e-06 3.32020759769e-06 1.51375335313e-06 2.79443433332e-06 2.0525102619e-06 5.74076528211e-06 1.87318380888e-06 3.06169604641e-06 4.8121168582e-06 5.79996450598e-06 1.10300653176e-05 5.05531673961e-06 2.35105370079e-06 3.71603980911e-06 4.18560423123e-06 8.5117198685e-07 5.39765771048e-06 1.39326035455e-06 2.98967314901e-06 3.24044014568e-06 2.02471826105e-06 4.46412319747e-06 1.79183918442e-06 3.95607807227e-06 1.69429128033e-06 1.69428212321e-06 3.98596809347e-06 1.82918364316e-06 4.50723628175e-06 2.20523703332e-06 3.02287179237e-06 3.32030270165e-06 1.75699449862e-06 5.91348368086e-06 1.39050863066e-06 5.06784579981e-06 4.56889105725e-06 3.12635973227e-06 7.93736811044e-06 1.28739971489e-05 8.09037777168e-06 5.47854167069e-06 3.70231199538e-06 1.94163886162e-06 6.20639914722e-06 2.31423130737e-06 2.78330616893e-06 1.56645721452e-06 3.14067761407e-06 1.99772969231e-06 2.77045128243e-06 1.42732572203e-06 1.3181586148e-06 2.36881060609e-06 1.46492004395e-06 1.02306017712e-06 8.17342245511e-06 7.40995736621e-06 4.86502707075e-06 6.44889140171e-06 1.80465153823e-06 1.9386861464e-06 4.73674484322e-06 1.99024543845e-06 4.11317466931e-06 2.04965351395e-06 4.41079880704e-06 1.98789795089e-06 6.29321158973e-06 3.49476923228e-06 2.70265366903e-06 7.276518549e-06 5.03723598878e-06 1.3699264999e-05 5.92789864267e-06 2.42814507904e-06 6.51656115494e-06 4.20033909559e-06 1.89433216322e-06 4.89046124487e-06 2.0642406352e-06 4.24915074468e-06 3.01146232795e-06 3.10438220711e-06 3.28612372842e-06 4.11394790313e-06 1.90618577955e-06 3.55411938726e-06 1.99614989659e-06 3.52174161548e-06 2.05855445784e-06 4.13663914564e-06 3.2494591021e-06 3.59356081187e-06 2.77567000353e-06 4.98088722777e-06 2.35793201079e-06 5.12760131971e-06 2.70030678571e-06 4.64874710046e-06 7.68443296734e-06 2.83894150326e-06 8.78246934024e-06 1.5557929432e-05 7.16401289293e-06 8.03153770352e-06 3.65239796119e-06 3.58559634558e-06 6.73149394308e-06 2.1712800005e-06 4.29095136033e-06 2.16638823432e-06 3.72891853551e-06 1.95181035279e-06 4.2447179695e-06 1.71285923632e-06 1.44576813565e-06 4.01484392706e-06 1.68476092433e-06 2.33957101959e-06 2.22317776376e-05 9.73930807907e-06 2.74167079571e-06 2.44596455164e-06 4.37959696041e-06 1.86111382734e-06 2.70334380783e-06 1.62799580706e-06 3.55537668963e-06 1.87969064951e-06 4.45733569562e-06 2.31841759481e-06 3.31758604285e-06 4.87407415503e-06 5.57362102075e-06 1.12518498044e-05 5.95308094599e-06 2.22095337674e-06 4.49961947367e-06 4.49320620597e-06 1.12899225631e-06 4.98528516982e-06 1.11988637081e-06 3.2347360465e-06 2.23449791663e-06 1.89855887317e-06 3.37124125658e-06 2.18785694164e-06 3.3582219673e-06 1.08251333266e-06 2.73811173649e-06 2.59236965719e-06 1.15985342154e-06 3.46477830016e-06 2.23559003783e-06 3.57874007693e-06 2.1155941405e-06 2.19777560339e-06 3.72358827313e-06 1.26096912514e-06 5.37354523352e-06 1.49342814289e-06 5.18391395619e-06 5.10015622101e-06 2.76486981583e-06 8.81587016674e-06 1.27481740726e-05 7.88218264794e-06 5.14212421975e-06 3.97213764268e-06 2.49059677652e-06 4.54074007606e-06 2.07598934475e-06 3.60383986916e-06 1.53214371153e-06 2.24494241718e-06 1.82487021244e-06 3.79659402537e-06 2.09796214684e-06 1.58153459253e-06 3.93801376142e-06 5.1378605782e-06 2.76368811863e-05 7.84416506103e-06 6.58135077629e-06 9.58174869279e-06 2.79663001392e-06 4.90473192823e-06 1.94579118183e-06 4.87580113915e-06 2.5022728555e-06 7.46216992417e-06 2.25735600589e-06 4.18000694543e-06 9.04967020191e-06 5.2724720068e-06 1.52781222277e-05 6.71206247056e-06 3.07179952015e-06 6.28638205369e-06 5.59588623127e-06 2.07979670767e-06 5.57559922647e-06 2.06955942798e-06 3.52438244259e-06 2.98990890409e-06 3.05778721825e-06 3.34970582464e-06 3.61094012212e-06 2.8493127942e-06 3.19088627135e-06 1.23997727845e-06 6.7132371002e-06 1.21568069084e-06 3.38127325322e-06 2.95995058575e-06 3.79854819163e-06 3.41706273194e-06 3.42664230276e-06 3.00207544195e-06 4.32056291811e-06 2.34661326198e-06 5.73860083389e-06 2.98835506185e-06 6.58732608875e-06 7.5625526326e-06 3.58714963691e-06 9.62836874472e-06 1.72685854579e-05 7.42887183562e-06 1.03258628442e-05 5.08350756009e-06 2.43594510605e-06 7.91063359144e-06 2.71115050044e-06 4.65047802387e-06 2.22297608498e-06 4.40114922854e-06 2.76628973543e-06 5.8419903342e-06 3.42877656857e-06 2.96971496915e-06 9.19748433954e-06 1.67134675208e-05 6.80572695748e-06 9.46013701149e-06 5.47034120382e-06 3.93799923585e-06 1.83345155391e-06 3.26399439586e-06 1.91537543441e-06 5.44165786188e-06 2.04211126298e-06 2.75768223544e-06 5.83493686048e-06 6.82196592732e-06 1.16749279703e-05 6.66397130773e-06 2.32941719009e-06 4.78599662065e-06 4.38908166002e-06 1.44878073186e-06 5.02926762947e-06 1.38880931932e-06 3.26616462385e-06 1.26190943351e-06 2.49142575915e-06 3.05359994898e-06 2.39627106397e-06 3.15626930553e-06 1.80353816327e-06 2.59448548161e-06 1.85046911449e-06 1.91256319767e-06 2.52627516595e-06 1.6728556615e-06 3.33702059237e-06 2.25287123797e-06 3.26135415058e-06 2.80332153082e-06 1.41000401474e-06 3.77663917738e-06 1.38645944422e-06 5.60685683457e-06 1.91199137392e-06 5.03132639515e-06 5.5263510248e-06 2.60230911956e-06 9.41066097146e-06 1.27868338889e-05 9.00740905286e-06 6.30911463507e-06 3.13574559723e-06 2.3352566884e-06 6.07417100668e-06 1.96194883081e-06 2.83207853438e-06 2.01739250098e-06 3.22690683025e-06 3.29116218709e-06 4.65423911385e-06 2.47633506544e-06 4.1158200316e-06 2.87803688605e-05 2.09124202544e-05 1.10221827466e-05 1.08087944165e-05 7.32720833216e-06 8.09505535732e-06 3.28542523327e-06 1.19443916763e-05 3.39284910914e-06 5.73847346424e-06 7.68302289677e-06 1.05926223937e-05 2.00677491735e-05 8.10143837127e-06 3.6279236222e-06 6.95159269205e-06 7.27342627014e-06 2.42159447101e-06 7.24548116991e-06 2.84888531145e-06 4.72088358926e-06 3.4121181955e-06 2.65136547737e-06 5.0530427637e-06 3.73344854386e-06 3.70249255324e-06 3.15197707577e-06 2.09876505463e-06 7.47590350047e-06 6.60812895037e-07 7.7186895282e-06 1.98880540539e-06 3.5155593894e-06 3.69583658313e-06 3.95274870115e-06 5.4287032347e-06 2.98194106397e-06 3.51140052429e-06 5.34113717762e-06 3.09088007622e-06 7.83784634044e-06 3.15842357221e-06 8.37809835344e-06 8.42155369124e-06 4.41796420176e-06 1.10279625266e-05 2.30374546419e-05 1.35381026038e-05 8.94019047012e-06 6.86368693765e-06 3.60502180596e-06 1.04623678098e-05 3.28773855254e-06 6.81792787784e-06 4.30664908217e-06 6.39558568963e-06 5.6619789158e-06 8.7313831538e-06 6.25916424526e-06 6.3907644064e-05 1.39011977306e-05 1.46083149198e-05 6.12539203328e-06 9.9434647104e-06 5.84649355993e-06 1.1966276061e-05 4.07764783408e-06 6.35691956191e-06 1.12701573338e-05 8.16810843106e-06 2.07936247809e-05 1.13323865428e-05 2.63404059627e-06 8.32840324239e-06 5.5317298702e-06 3.00860488474e-06 6.37266171923e-06 2.54771720959e-06 6.29391699502e-06 3.07283954342e-06 3.287120257e-06 3.09129424131e-06 3.62891359023e-06 3.73335971251e-06 2.15712098637e-06 2.60252309786e-06 4.55830309182e-06 2.0591221895e-06 2.26656640629e-06 4.18546772276e-06 2.90419955934e-06 2.21256987161e-06 3.74036222688e-06 3.84468072954e-06 3.13933324548e-06 3.82081311052e-06 3.06017833626e-06 6.85613635327e-06 2.55011548019e-06 6.94588640495e-06 3.78180461991e-06 6.25943685596e-06 9.02646331131e-06 2.97787086967e-06 1.48257195292e-05 2.16926811554e-05 1.04560012481e-05 1.13564603626e-05 6.71290940493e-06 3.77047186209e-06 8.96207874099e-06 4.28289185356e-06 7.06292042943e-06 4.07222023466e-06 6.65107549216e-06 6.46398156236e-06 1.70024806828e-05 4.2641879938e-05 1.57382137137e-05 5.84014507842e-06 1.18536889275e-05 6.34450428254e-06 1.35821392096e-05 3.59419020043e-06 6.32005992083e-06 9.73580430851e-06 1.05202384598e-05 1.83869095946e-05 1.01101144936e-05 3.27459139145e-06 5.78021002241e-06 5.99692166334e-06 2.07008586067e-06 6.3770149113e-06 2.16644053012e-06 4.80848066334e-06 3.61467681899e-06 2.4247552944e-06 4.13734580366e-06 1.88367489146e-06 3.85472395688e-06 1.85391208353e-06 1.68996811132e-06 5.24590900987e-06 1.10425138809e-06 6.06185007816e-06 1.10844936179e-06 5.23130817789e-06 1.7730968866e-06 1.99742667035e-06 3.89230336189e-06 2.04714528499e-06 4.31550308414e-06 2.6930605358e-06 3.58558142677e-06 4.9614008817e-06 2.20472318342e-06 7.33081349758e-06 2.45462131248e-06 6.86790088484e-06 5.76825501927e-06 4.22304920834e-06 1.27985845847e-05 1.88123931927e-05 1.20568535834e-05 8.86684643156e-06 6.11318705891e-06 2.73993972822e-06 9.53426264059e-06 3.65235448336e-06 6.92740722297e-06 3.58631453985e-06 5.72407501082e-06 1.04100250116e-05 4.73615397287e-05 1.20179659126e-05 1.84177440034e-05 7.03066107409e-06 1.88292337163e-05 5.99696881839e-06 8.51891829615e-06 1.43125827323e-05 1.55792312754e-05 2.54477353441e-05 1.18063285482e-05 4.8647277047e-06 1.30968294631e-05 6.4043716949e-06 3.78509820025e-06 7.54319907037e-06 3.47004315167e-06 7.1794897785e-06 4.13444342364e-06 3.44750946487e-06 4.47609897094e-06 3.06596343562e-06 4.05911928671e-06 2.1413106789e-06 1.97321853888e-06 4.35326224381e-06 1.5052063875e-06 3.95665863851e-06 3.82745825614e-06 1.68908572408e-06 4.13549445762e-06 1.99452133246e-06 2.55532424034e-06 3.52592044861e-06 3.26881527691e-06 4.35605537547e-06 3.71316207361e-06 3.66724758838e-06 6.91924755236e-06 3.37226564396e-06 7.19945353526e-06 4.15075756178e-06 6.70326862062e-06 1.27511513092e-05 4.96228519235e-06 1.37993071758e-05 2.54059506848e-05 1.65034529436e-05 1.24395321094e-05 7.29903570358e-06 4.72262171823e-06 1.27049509352e-05 4.15024144569e-06 9.72356638442e-06 5.4701367131e-06 1.03017580651e-05 6.44018535997e-05 2.59113537418e-05 1.02806722861e-05 2.23560587406e-05 6.74512014805e-06 1.25892054076e-05 1.29105831649e-05 1.85611516695e-05 2.70833877945e-05 1.65193874974e-05 4.52697842067e-06 1.24279452621e-05 1.13158669838e-05 3.22336514901e-06 1.09981643268e-05 2.72612779265e-06 8.88941493408e-06 4.87084775343e-06 3.58385345169e-06 6.70234975584e-06 3.34274007137e-06 5.25617293292e-06 2.34256090861e-06 2.78204915115e-06 5.97999398476e-06 1.70729741389e-06 6.15618533838e-06 2.81113781997e-06 5.91977642218e-06 1.68271325844e-06 5.69665372162e-06 2.90941412034e-06 2.53256069731e-06 4.65981700126e-06 3.41572418033e-06 5.94990229099e-06 3.7781542622e-06 4.16109735864e-06 8.35954094469e-06 2.51513701939e-06 1.03114120169e-05 3.31231248149e-06 1.08141018745e-05 1.16574908015e-05 4.20795646558e-06 1.79704579488e-05 2.73412285319e-05 1.84645908761e-05 1.13202211109e-05 9.63209639165e-06 5.19888123768e-06 1.44803960827e-05 4.87635510092e-06 1.03428055648e-05 1.87191299663e-05 8.18303290554e-05 1.73113654998e-05 3.47129081867e-05 1.05134101514e-05 1.76801152061e-05 1.78594998065e-05 1.99087251443e-05 3.44895494652e-05 2.06084996829e-05 5.83874088417e-06 1.27865720998e-05 1.257420288e-05 6.63604590062e-06 9.39176422614e-06 4.85875958016e-06 7.45948338705e-06 6.77237225944e-06 4.51715987178e-06 7.85235483426e-06 5.70430420615e-06 5.71478069408e-06 4.18866835296e-06 2.85410772508e-06 8.42141030021e-06 2.54909998784e-06 5.88676276811e-06 4.84550215182e-06 4.71557973379e-06 5.74308219198e-06 2.58657763221e-06 7.94708546713e-06 2.98134903617e-06 3.91516989167e-06 5.08405394459e-06 5.29000887428e-06 6.71109838394e-06 4.41676502128e-06 5.74152454944e-06 6.3401207572e-06 4.20366345225e-06 7.80255199569e-06 5.77859155549e-06 1.14241077983e-05 1.12828793519e-05 5.91199351325e-06 2.11818567732e-05 3.38637296524e-05 1.81367692263e-05 1.54068130485e-05 1.21754032946e-05 6.16418919946e-06 1.87209604964e-05 6.93640196889e-06 2.03082712279e-05 4.84782145673e-05 4.57671887925e-05 1.35159809495e-05 1.76365411675e-05 1.93824772753e-05 2.32086585475e-05 2.98954467263e-05 2.25116724962e-05 5.10429037902e-06 1.4228352164e-05 1.05014964275e-05 5.31700808867e-06 1.44663948074e-05 3.10679107646e-06 1.02299148206e-05 3.91567872492e-06 5.38499374124e-06 6.16987439155e-06 5.0557304177e-06 5.86947202301e-06 3.72029738866e-06 3.33481954181e-06 5.17837951046e-06 2.73543340058e-06 5.0944297541e-06 3.72547641311e-06 5.13308659748e-06 3.76971045865e-06 4.84997101991e-06 2.65947578168e-06 4.7278589169e-06 3.16517049763e-06 3.31656947502e-06 4.8811261155e-06 4.30599685234e-06 5.11712868402e-06 4.95565796604e-06 3.1993809744e-06 9.06762836134e-06 2.6400882122e-06 1.24725682424e-05 4.56411250504e-06 8.6589192661e-06 1.20704430451e-05 5.46843045531e-06 2.14837776749e-05 2.85892259796e-05 2.04980424259e-05 1.38889186998e-05 1.15954814254e-05 6.10363958919e-06 1.93345437552e-05 1.25371513461e-05 0.000206604530199 1.94436709752e-05 2.87115810743e-05 2.87122814645e-05 3.49958324004e-05 4.22279978645e-05 2.55725385009e-05 7.63257136063e-06 1.98352746248e-05 1.54503658302e-05 4.63647624297e-06 1.66360538685e-05 4.99392538697e-06 9.23471941771e-06 5.92654565696e-06 5.79043220385e-06 8.88377225493e-06 5.97371353756e-06 5.80739586203e-06 6.10853299205e-06 3.38288816245e-06 8.09364175343e-06 2.40667262937e-06 7.07580883725e-06 4.20456169757e-06 4.80698187866e-06 5.20914921057e-06 3.79448358543e-06 6.82123168753e-06 2.20422815058e-06 7.24336490967e-06 3.16569754688e-06 4.97332337417e-06 4.98412059039e-06 5.1720149293e-06 7.26374766092e-06 4.908225636e-06 5.43527817253e-06 7.46634153316e-06 4.46062079158e-06 1.33609189223e-05 4.28196385271e-06 1.27974293472e-05 1.60771209509e-05 7.50560927319e-06 2.31438566164e-05 3.94554832343e-05 2.92035010625e-05 1.74028644608e-05 1.60961970667e-05 7.75628707886e-06 4.57622907826e-05 8.95392541854e-05 4.80999981077e-05 4.17019134186e-05 5.2219161025e-05 6.07195836924e-05 3.82804197188e-05 8.83591299065e-06 2.60720965569e-05 1.95908500009e-05 7.96413129392e-06 1.70619335957e-05 5.91675413435e-06 1.70906854712e-05 4.98297155602e-06 8.96158009294e-06 8.24325539459e-06 8.06419284904e-06 6.56937532984e-06 6.01861671569e-06 5.37882924843e-06 8.18635177136e-06 3.5646127873e-06 6.23837501683e-06 5.92757410001e-06 5.67158139809e-06 5.1634523782e-06 5.55097584991e-06 5.43438904411e-06 5.96742819932e-06 3.11757842782e-06 7.64671778202e-06 4.69145001687e-06 4.86766073049e-06 5.62515756922e-06 6.68595307435e-06 6.54133743673e-06 6.72039796693e-06 4.2728838892e-06 1.21480516885e-05 4.80364159203e-06 1.1595254625e-05 6.14041496908e-06 1.49663741067e-05 1.98600967426e-05 7.00046250266e-06 3.22157951172e-05 5.13227450883e-05 3.73850247386e-05 2.22073599265e-05 2.16278980274e-05 2.08876693323e-05 0.000192167182152 6.95430235279e-05 7.25505608279e-05 7.42657314997e-05 5.23613140529e-05 1.37543976468e-05 2.62340293062e-05 2.6162420156e-05 1.09237427928e-05 2.33337601797e-05 6.33708894686e-06 1.87466270708e-05 9.83274229209e-06 8.25064642265e-06 1.22825859834e-05 7.81282017377e-06 1.00073312419e-05 6.54252119625e-06 6.11789035706e-06 1.28416617211e-05 3.5933190516e-06 9.91094653379e-06 5.43697933392e-06 8.00141528424e-06 6.23645884186e-06 5.81931765766e-06 7.89180493111e-06 4.66207480088e-06 9.22808061437e-06 3.11817811518e-06 1.09198323885e-05 4.87812049426e-06 4.85831050852e-06 8.13610317671e-06 5.99592412272e-06 9.06197911134e-06 5.90398469968e-06 7.43557560097e-06 1.22491923691e-05 4.30418494084e-06 1.44761935552e-05 7.03852736258e-06 1.76088201671e-05 1.82927429378e-05 8.32247837894e-06 4.04098393867e-05 6.41988859888e-05 4.89117760517e-05 2.66078876733e-05 4.68415486928e-05 0.000300106862472 0.000132627001821 0.000130190673134 7.94255960652e-05 1.94925401502e-05 4.06227139341e-05 3.06647210259e-05 1.70897335471e-05 2.95252092099e-05 1.18352756758e-05 2.00415269127e-05 1.40055186692e-05 1.61713732497e-05 1.17088902232e-05 1.40703325777e-05 9.48452132819e-06 1.0270528262e-05 7.91087266486e-06 1.39725553209e-05 5.92250015281e-06 1.08673329607e-05 8.80749916021e-06 6.7219090573e-06 8.50651601612e-06 8.77198170491e-06 8.03464691918e-06 6.3315042642e-06 7.48696344277e-06 9.79155395128e-06 4.630404304e-06 1.15333570841e-05 5.50712073379e-06 7.03639697984e-06 7.24700356224e-06 9.22817739149e-06 8.3296130914e-06 9.83941210813e-06 8.65956843863e-06 1.22284045422e-05 6.98404948073e-06 1.70095777056e-05 9.59937780317e-06 1.73014427364e-05 2.49118222994e-05 1.0745608559e-05 5.36430239144e-05 8.94565686416e-05 6.94560766524e-05 6.49406747702e-05 0.000603290152268 0.000216839618975 0.000140774464432 3.10954335839e-05 7.69054458363e-05 4.97441936068e-05 2.11787403937e-05 4.85320307985e-05 1.69604269172e-05 3.20730709931e-05 1.56768315513e-05 2.0400699585e-05 2.19138098481e-05 1.37605335298e-05 1.64448364382e-05 1.03874702627e-05 1.10081686291e-05 1.94418917498e-05 6.19143951829e-06 1.90621902989e-05 9.26095363179e-06 1.35270311987e-05 8.02038969158e-06 1.22182797783e-05 1.16407991723e-05 7.30224517564e-06 1.25150115547e-05 7.76088759017e-06 1.57670570015e-05 4.70624317753e-06 1.49057809263e-05 7.31798021198e-06 6.88421470011e-06 1.11361011737e-05 8.27121535694e-06 1.42828599835e-05 1.06910965266e-05 9.2877830148e-06 1.70045092589e-05 8.71583262576e-06 2.31154747962e-05 1.02701091196e-05 2.32885750507e-05 3.26144040213e-05 1.24661519879e-05 7.50897111747e-05 0.000129184209644 0.000165380508394 0.00209598535755 0.000607735071471 0.000131834359906 0.000275377278072 0.000199464304777 8.00713158065e-05 0.000166543234589 6.12648127551e-05 0.000119062051186 7.07687190068e-05 5.11729509202e-05 8.37495192835e-05 6.47155114429e-05 4.46584689704e-05 4.3668174319e-05 2.8471600447e-05 7.03477321708e-05 2.00143272312e-05 4.80430897637e-05 3.44901777217e-05 3.37479083603e-05 3.03504482874e-05 2.4157788624e-05 3.54560553382e-05 2.2658715914e-05 2.62144037968e-05 2.72223992482e-05 2.56006564273e-05 3.33876733148e-05 1.27989483849e-05 4.29170229152e-05 1.52460613207e-05 2.22936903079e-05 2.23499658701e-05 2.77177636587e-05 3.71013698195e-05 1.86193786355e-05 2.73735623348e-05 4.15125532827e-05 2.00576198949e-05 5.046495821e-05 2.58756586523e-05 5.7065376514e-05 6.79381213019e-05 3.25813740909e-05 0.000183031774581 0.000554451652761 














































