























7.71401631056e-07 4.82031786506e-07 3.11633231898e-07 8.37433405452e-07 2.9756610237e-07 4.20230250652e-07 4.06951548893e-07 1.23182252125e-07 3.19567667657e-07 3.44200327349e-07 1.32190194909e-07 4.5826905564e-07 4.50042971458e-07 3.54098506538e-07 9.21887866917e-07 3.3736912184e-07 6.28930601503e-07 5.55618637239e-07 2.46229266043e-07 1.51125423783e-06 4.32199622564e-07 4.81995993452e-07 3.56517351568e-07 5.51723395895e-07 2.36133470633e-07 5.58750854511e-07 1.7553356128e-07 9.00197829129e-08 5.50123330134e-07 5.40237064694e-07 1.02048735962e-07 1.87412999484e-07 5.72817753092e-07 2.31060820074e-07 6.44498637562e-07 5.18146754371e-07 5.00524311525e-07 4.14426449786e-07 1.07751328581e-06 2.93331733485e-07 3.08527308701e-07 1.44883853768e-07 6.37800714428e-07 3.13625962655e-07 2.5270430336e-07 7.48040633679e-07 3.43580501788e-09 5.78136410882e-07 2.97915237823e-09 7.02444054983e-07 7.71424695351e-07 1.57667590414e-08 5.93459605198e-07 3.67604906681e-09 7.84767013811e-07 2.49909056976e-07 1.41743029736e-07 4.88463921663e-07 1.40356567025e-07 3.66006931569e-07 3.00854179391e-07 8.61594344384e-07 3.88264998724e-07 1.77530080547e-06 7.57536310975e-07 8.60990206917e-07 3.26539757287e-07 2.94913830159e-07 6.13250908653e-08 6.55201094306e-07 1.5084560879e-07 1.80020981088e-07 6.68132920336e-07 1.460904804e-07 2.6016198764e-07 3.19261685744e-07 8.1904364728e-07 4.82949347445e-07 1.23421686168e-06 2.03636251434e-07 8.83924188413e-07 3.83759076334e-07 2.17546334621e-07 2.42618683017e-07 3.95185649197e-07 2.54320977794e-07 1.52345544595e-06 1.56668514818e-06 3.89236774018e-07 9.18646706306e-07 2.309766607e-07 1.2626260513e-07 1.03672896877e-06 1.33696555234e-07 2.7223647193e-07 1.3235274747e-06 2.49752173392e-07 1.40976471772e-07 1.08083097904e-06 1.63057782789e-07 2.34550850437e-07 8.85738568723e-07 3.56531948785e-07 1.32054289631e-06 1.10386791999e-06 2.16414841935e-07 4.24680321863e-07 2.91046418732e-07 3.23799454398e-07 1.44408157204e-06 3.73902813302e-07 2.47860482285e-07 1.19169880633e-06 6.98816240982e-07 4.64964504912e-06 1.39309288014e-06 1.35580379452e-06 1.97291176136e-07 7.89331032199e-07 1.80674826435e-06 3.85311598069e-07 1.56198508587e-07 7.57022104129e-07 1.2732142908e-06 7.43361764773e-07 2.42891187907e-07 4.53029084069e-07 1.64466291145e-06 7.58522908588e-07 1.87312469669e-07 1.19882074732e-06 1.00864786272e-06 3.22137269222e-06 5.2133569149e-07 1.11634105636e-06 2.94924109703e-07 4.54131395042e-07 1.6576361871e-06 7.18305579562e-07 3.33583930324e-07 8.67463628786e-08 6.10338158545e-07 7.51631120611e-07 7.46836710245e-07 1.26478706832e-06 6.70659803672e-07 3.73307236346e-07 2.96783053478e-07 1.10438865148e-06 4.19706801857e-07 2.81006898181e-07 6.43614844995e-07 5.66766216924e-07 1.23844938004e-07 6.47044609162e-07 5.82150563113e-07 2.60221301099e-07 4.60806113842e-07 8.97723202757e-07 3.29880517398e-07 3.6216231582e-07 3.61263663126e-07 1.023811659e-06 5.76567178148e-07 6.33681155627e-07 6.87945074953e-07 7.64973915052e-08 5.12621907579e-07 8.34559865315e-07 6.79504675453e-07 1.88100379031e-07 6.18798134979e-07 3.1051972051e-07 4.04155995475e-07 2.89597844394e-06 8.00386682799e-07 3.40972439838e-06 3.24752119827e-07 1.05931052335e-06 1.69983953615e-06 6.5316165811e-07 1.48748219427e-07 1.02951330199e-06 6.10517245356e-07 4.54170133524e-07 4.83252955855e-07 5.24560100373e-07 1.00795421423e-06 1.45357394877e-07 5.01415799582e-07 1.42183449629e-06 6.51596544648e-07 1.23792501934e-07 2.48915064216e-06 4.53276365483e-07 2.52939528064e-06 3.91121845015e-07 3.13066603163e-07 7.57332268128e-07 3.27723398197e-07 7.73039920293e-07 2.6472745112e-07 2.27605662057e-07 3.20403664751e-07 4.76291053671e-07 6.21834825354e-07 1.2324408954e-07 4.3424068823e-07 6.29476144643e-07 2.15927580822e-07 7.56204136726e-07 1.19665197099e-07 2.32354605722e-07 5.55623693545e-07 4.67089420713e-07 2.4580967621e-07 9.01880928463e-08 2.06410050185e-07 3.77640050268e-07 5.30315930378e-07 2.15366709556e-07 1.1405860427e-07 6.04059428362e-07 1.24652531242e-07 5.18312347476e-07 1.95476181732e-07 1.53084383298e-07 5.14441900927e-07 4.76173440257e-07 3.60065037883e-07 3.21135852609e-07 2.8688123617e-07 6.09521605089e-07 3.00821218761e-07 9.10343104588e-08 1.73315255776e-07 1.32858122375e-07 7.17664726998e-07 6.26011871855e-07 6.37958664472e-07 3.84835655463e-07 1.31625190103e-06 8.28480311903e-07 3.47315931313e-07 1.30228899484e-07 1.09779042124e-06 6.6169731265e-07 2.36075413459e-07 4.39768796989e-07 4.64920161558e-07 2.42414771174e-07 7.68994373356e-07 9.38498779888e-07 1.44099245944e-07 4.01661377987e-07 5.96538706454e-07 1.05690192748e-06 1.87929026112e-07 4.1526276046e-07 5.93113356796e-07 5.4969799241e-07 1.01058315256e-07 2.89469144535e-07 7.87529965122e-08 3.87070666486e-07 6.96776715867e-07 8.76035480649e-07 9.56956258446e-07 1.01801278172e-06 2.93116354402e-07 1.49601631064e-06 4.48050256623e-06 1.12687664578e-06 2.95031884734e-06 2.34674150824e-07 1.45468561681e-06 6.04152460625e-06 4.87537163593e-07 5.07213820967e-07 2.30619056849e-06 1.54564943246e-06 7.36225721824e-07 1.62037755743e-06 7.59890574836e-07 1.50200732896e-06 9.17065130786e-07 1.24477840379e-06 1.86296372307e-06 4.65053611936e-07 3.23736081023e-07 4.19036804524e-06 8.53982698065e-07 1.7313876935e-07 2.62120966069e-06 9.34570347993e-07 4.33500204356e-06 1.54504370085e-06 2.65222440538e-07 1.07933351408e-06 1.14652157893e-06 9.62362938393e-07 7.21381506775e-07 3.61487090699e-07 2.27585529067e-07 4.45778469588e-07 2.24476002811e-07 5.74953138861e-07 3.31106364839e-07 1.05274724272e-06 2.68190032098e-07 1.80023873945e-07 2.11014585023e-06 1.47661008796e-06 1.27718898644e-07 1.17734099608e-06 4.49390340793e-07 3.81043184919e-07 5.39287488635e-07 2.32605460524e-07 2.39634288816e-07 5.55391702384e-07 3.49039441856e-07 4.52083366509e-07 9.3330124699e-07 1.26711082277e-07 1.11435660697e-06 1.0393332157e-06 1.96255046211e-07 1.88813744101e-07 8.97498214297e-07 3.10857484721e-07 5.06283187953e-07 2.26719784074e-07 4.8645309293e-07 2.57956352707e-07 3.98024811854e-07 7.77004581786e-07 1.75689250732e-07 1.19529654084e-07 9.32838207468e-08 5.04402433302e-07 3.44490133773e-07 1.49453989915e-07 2.21178879684e-07 1.50312945786e-07 2.38970958044e-07 3.02317045872e-07 7.30651777478e-07 5.40142361387e-07 5.54480448749e-07 1.82550792288e-07 2.32217115274e-07 3.51643281109e-07 3.56906216749e-07 4.41803240599e-07 2.02559208993e-07 1.24194079158e-07 5.35326088135e-07 2.7872227147e-07 5.57126428473e-07 1.27516178076e-07 2.61948097141e-07 1.43428447231e-07 1.83195132534e-07 6.6400807672e-08 4.16662490987e-07 4.80426285048e-07 1.06877237659e-07 1.3391053908e-07 1.87634188015e-07 1.38095860686e-06 1.57554666964e-06 7.79021906349e-07 4.86272745666e-07 1.69594929688e-06 2.50752131438e-06 2.23644209083e-07 3.6090566667e-06 2.16382765005e-07 1.21278809737e-06 4.44338419079e-06 5.12794655205e-07 3.31011828541e-07 5.99058828362e-06 1.42396124015e-06 9.21228544271e-07 1.25404498557e-06 1.35512327813e-06 1.48682550374e-06 1.61402004121e-06 1.15347201376e-06 1.24353212024e-06 7.18152425808e-07 7.43065464358e-07 4.22527652253e-06 1.78755437815e-07 3.28777506002e-07 3.54595975651e-06 8.37022844768e-07 1.96549298051e-07 3.37710310615e-06 1.66586819906e-07 2.51050429554e-06 1.71550076801e-06 5.66494672412e-07 8.24475919025e-07 1.73980880761e-06 1.41720482211e-06 5.35773692058e-07 6.03986480437e-07 1.42544491082e-07 4.00615132732e-07 5.88611758446e-07 6.63017563809e-07 9.55388658437e-07 5.18593894739e-07 5.13400352088e-07 3.38332717455e-07 2.53364154845e-06 6.1814796004e-07 2.10113096812e-07 2.97766686122e-06 3.17150079295e-06 4.58243617481e-07 1.80830548031e-06 8.49614489145e-07 1.09532515257e-06 1.34028699083e-06 1.12373614099e-06 8.2038733008e-07 1.37054437609e-06 3.02513107552e-07 2.52040196452e-06 1.76787167313e-06 1.8654088568e-07 6.15149653215e-07 2.05485183641e-06 3.36274941568e-07 5.44418798987e-07 5.58502502217e-07 9.55742697318e-07 5.84869401575e-07 6.38311457897e-07 5.59357050407e-07 1.66193226975e-07 6.8646929842e-07 5.49815019233e-07 3.03143435203e-07 6.53933599136e-08 1.26489823765e-07 3.40438209095e-07 1.10877929348e-06 2.81633738833e-07 8.17646921922e-07 4.23374444392e-08 5.55251996961e-07 6.42683237645e-07 3.74073632282e-07 1.61552355722e-07 7.0983394758e-07 1.0119037446e-06 1.26848226797e-06 4.52355793295e-07 4.25519080642e-07 4.57154925825e-07 1.05992347566e-06 9.28669468142e-07 4.86689393652e-07 4.52489174187e-07 3.30626340666e-07 1.14072706997e-06 6.63307595644e-07 4.90918895065e-07 1.3261772207e-07 3.61543742625e-07 6.41714059769e-07 5.07186817387e-07 4.85842166045e-09 6.27793681004e-07 1.91247830797e-07 1.10353830522e-06 3.28815098593e-07 1.14674526597e-07 4.95985081175e-08 3.86687039527e-07 8.53066014464e-07 2.49605840811e-07 6.19245291764e-07 1.13901880823e-06 8.53928367604e-07 6.31091049856e-08 1.99777614229e-06 3.52761336464e-07 2.37425594691e-07 4.02800463289e-06 1.01190446353e-07 2.30715962613e-07 3.07527231343e-06 8.1769356448e-07 8.80389359614e-07 4.13398955248e-06 9.57160302485e-07 1.43914363086e-06 1.92459084735e-06 1.57432703798e-06 1.58573483057e-06 1.03871109176e-06 4.50146074382e-07 3.37452506852e-06 4.34958978948e-07 5.5661222995e-07 3.06482490915e-06 1.92775087134e-07 6.27935363054e-08 3.79342450257e-06 2.79516465924e-07 2.62494912897e-07 1.87567569492e-06 1.65053293905e-07 8.47658869334e-07 1.17215682603e-06 6.82414532339e-07 2.35415678168e-07 9.38878706707e-07 5.74251308009e-07 2.18515537293e-07 3.53168876078e-07 4.2086974675e-07 1.04285863458e-06 6.6840062921e-07 2.50427577027e-07 4.14991039544e-07 1.04644062638e-06 9.46693485159e-07 7.64500018538e-07 2.06027731119e-07 2.60640424965e-06 1.5079693976e-06 3.53714990732e-07 2.14648171217e-06 2.88199597428e-06 9.53748394788e-07 2.19579656329e-06 9.14729849001e-07 9.17904246692e-07 1.69697068332e-06 6.62294550887e-07 2.4894682377e-06 1.11868821908e-06 2.91509244588e-07 1.38421711612e-06 1.99127077383e-06 2.14158591798e-07 7.21115112899e-07 7.88591768965e-07 9.38578806414e-07 3.04814044327e-07 2.21684836149e-07 6.45121311079e-07 1.05679625325e-06 4.56956856299e-07 3.88280652536e-07 2.46250383646e-07 6.24161202265e-07 6.01682441304e-07 3.84374295894e-07 5.40327360413e-07 3.23117215608e-07 1.13446986352e-06 3.16540604642e-07 1.02608074684e-06 1.54007000341e-07 6.4429898404e-07 2.19788893392e-06 3.21403893046e-08 5.2790933149e-07 1.17716501248e-06 1.79461289548e-06 7.17373351828e-07 8.31799177186e-07 1.63840316927e-06 2.96572987362e-06 1.58578780662e-06 1.61881387362e-06 6.36900526948e-07 1.48451290623e-06 9.86662294951e-07 2.56487887883e-06 1.09460090247e-06 5.3610650177e-07 6.55894438882e-07 1.46038592427e-06 9.28547700294e-07 5.56152917991e-07 6.47613922789e-08 1.96377752772e-06 7.21602762203e-07 1.91697454469e-07 1.13575037583e-06 3.25459687285e-07 1.30896232199e-06 3.15336917364e-07 5.87559797815e-07 4.29329218193e-07 6.33704491989e-07 9.56917282338e-07 3.29360527042e-07 3.37272205539e-07 3.18791030312e-07 6.78755831374e-07 6.7404388124e-07 9.60380115103e-07 7.75909101908e-07 1.85845475575e-07 2.46791536253e-06 5.10152363724e-07 4.99942688242e-08 4.63102099896e-06 6.75695900496e-07 8.40330763439e-07 2.97293923786e-06 7.50153819833e-07 1.94881633777e-06 5.68850693658e-06 1.23926687875e-06 2.00812458652e-06 2.02485443781e-06 8.14712072437e-07 4.5348250941e-06 1.40740736976e-06 4.64488517577e-07 2.78280299308e-06 6.17237989819e-07 6.23418510174e-07 4.31345640464e-06 7.10493941277e-09 5.20971048266e-07 2.49261186971e-06 2.64587574811e-07 7.63745347404e-07 8.53734567999e-07 7.86368365652e-07 7.06447991852e-07 4.59472504239e-07 4.11081034699e-07 3.62555744849e-07 9.90166460895e-07 7.38858839514e-07 1.33783534763e-07 4.83459616115e-07 6.87286096583e-07 1.67519169115e-06 5.89591510091e-07 1.08611265819e-06 2.91640620674e-07 9.8156569738e-07 7.09461994522e-07 3.3251451829e-07 1.74478923436e-07 1.15799244197e-06 1.83965127518e-06 2.07194582377e-07 2.09943944773e-06 1.72351199975e-06 8.47567278283e-07 3.37471885242e-06 4.29091253414e-06 9.91624160017e-07 3.01309217858e-06 8.61542373072e-07 3.90801277707e-06 2.15192124322e-06 8.85421289844e-07 1.40429708789e-06 1.82340505705e-06 2.7732469258e-07 1.75256555436e-06 1.14362740879e-06 1.47997167383e-07 2.92090388044e-07 6.51704254506e-07 1.04701736974e-06 3.71933640286e-07 9.68038993808e-07 4.39557171283e-07 1.66643172938e-06 7.2633055905e-07 5.19049342818e-07 1.69259247305e-07 7.28525627486e-07 7.57890245361e-07 1.45475652216e-07 3.1404162576e-07 4.30720126079e-07 6.51758126386e-07 1.30962384665e-07 1.25757795946e-06 1.39142311723e-07 2.46747202022e-07 2.34732310044e-06 2.79898966482e-08 8.8651501164e-08 2.06994422973e-06 9.91561107935e-08 6.17111694976e-07 7.99829237131e-07 1.20998633244e-06 1.23064184934e-06 8.1407070795e-07 1.53287555244e-06 2.87784177532e-06 1.39229832739e-06 9.89399955599e-07 2.63931656105e-06 1.03184307978e-06 7.95525237952e-07 1.07862664749e-06 8.53026639263e-07 7.3090362633e-07 6.91104970696e-07 1.2753501178e-07 2.01566772517e-06 1.27197033111e-07 1.09442311053e-07 2.49196691516e-06 2.41432759841e-07 1.15628089481e-07 1.31166410537e-06 1.52495205753e-07 6.54549152646e-07 4.14087505411e-07 3.1509301628e-07 1.22989349249e-07 7.87041266324e-07 1.11182951698e-06 4.48921250311e-07 9.42352125978e-07 1.08371401232e-06 1.95534047755e-06 1.48805275945e-06 1.22743559124e-06 5.25263793645e-07 1.18277759068e-06 1.94685010897e-06 1.16989278259e-06 2.79948020829e-07 3.97117721253e-06 2.56173747051e-06 2.5079544515e-07 4.06426233379e-06 1.19826330886e-06 2.25039253338e-06 3.88446511251e-06 1.51138727423e-06 3.23848064419e-06 6.45392721364e-06 1.08257417097e-06 6.0706220016e-06 2.22567650036e-06 1.30209603736e-06 3.34047676416e-06 2.14819787526e-06 1.01217468331e-06 3.72699249256e-06 2.53723326509e-07 2.44542768765e-06 4.08623831342e-06 2.64083505039e-07 1.10155871515e-06 2.02739586898e-06 1.16610045781e-06 4.66860051943e-07 1.22555133585e-06 1.43344736729e-06 1.87643841247e-06 1.08733730298e-06 9.2364993596e-07 4.7692608859e-07 1.13085077183e-06 4.07724648628e-07 2.29490026091e-07 3.99353156769e-07 4.6371675185e-07 1.32310835292e-06 4.23179030906e-07 9.73636677862e-07 1.61546167982e-07 4.4310560085e-07 1.49622454008e-06 6.11391911824e-08 3.55779633783e-07 7.35204953012e-07 7.86024521036e-07 6.02694014228e-07 7.82642781788e-07 1.65044072006e-06 8.20342603755e-07 2.16385837684e-06 1.72286146753e-06 6.3174764987e-07 2.90897577894e-06 2.49467604347e-06 2.58825645104e-06 1.78572069047e-06 4.68324544947e-07 1.59808493778e-06 1.74150671538e-06 8.36958666597e-07 1.55296397961e-06 7.24325634903e-07 5.94476561469e-07 8.08685854625e-07 6.84662214003e-07 3.63031590059e-07 3.08233836005e-08 1.39270161265e-06 4.18980331708e-07 1.93644242902e-07 1.00218931107e-06 3.71601198546e-07 1.27855389541e-06 4.29390089522e-07 4.21521991058e-07 2.0961559367e-07 4.19039392036e-07 4.02607482842e-07 1.41743537163e-07 1.01419578968e-06 6.17290014889e-07 1.43998083377e-06 9.67068228638e-07 8.24101141994e-07 4.36157804928e-07 3.98937175108e-07 1.69087685848e-06 3.34842145885e-07 2.30073625269e-07 3.29195609652e-06 3.96618510329e-07 4.62113500944e-07 2.21766021546e-06 5.08928305026e-07 1.77239708756e-06 1.04011634455e-06 1.69249727832e-06 1.68337248938e-06 1.08226437483e-06 1.1772250073e-06 7.53159371136e-06 1.1772250073e-06 1.08226437483e-06 1.68337248938e-06 1.69249727832e-06 1.04011634455e-06 1.77239708756e-06 5.08928305026e-07 2.21766021546e-06 4.62113500944e-07 3.96618510329e-07 3.29195609652e-06 2.30073625269e-07 3.34842145885e-07 1.69087685848e-06 3.98937175108e-07 4.36157804928e-07 8.24101141994e-07 9.67068228638e-07 1.43998083377e-06 6.17290014889e-07 1.01419578968e-06 1.41743537163e-07 4.02607482842e-07 5.68255134108e-07 4.05884496657e-07 1.23615851819e-06 8.66960116189e-07 1.73267411227e-06 1.1448392835e-06 1.01607192081e-06 2.31256070628e-07 1.2545155201e-06 1.26835434713e-06 7.99920085884e-07 2.82722891379e-07 2.20249308483e-06 2.67990922692e-06 9.39101694529e-08 2.69323254801e-06 2.4462204451e-06 6.36406840712e-07 4.59373723369e-06 8.1281102861e-07 2.27669334858e-06 4.51220377851e-06 1.025653565e-06 6.7355381817e-06 6.03838209947e-06 1.22102795266e-06 4.9698515317e-06 2.24647417155e-06 1.06389641956e-06 4.63244439433e-06 7.75804545403e-07 2.29045044066e-06 2.90299649346e-06 1.64597338305e-07 2.75919175218e-06 2.33138690337e-06 3.27865945147e-07 6.60731589159e-07 1.29753257203e-06 1.31253824755e-06 2.28211551621e-07 9.5709715789e-07 1.0946884827e-06 1.72048237395e-06 8.47031689097e-07 1.20663828943e-06 3.92906440051e-07 5.70015674965e-07 1.36785809979e-07 4.55923827134e-07 4.31516006353e-07 8.19027374551e-07 3.44132470345e-07 9.14803548777e-07 2.26158735185e-07 4.22644325481e-07 1.19916026643e-06 4.92420948967e-07 2.48224990943e-07 1.44861330498e-06 4.71837871708e-07 5.9962241402e-07 5.36105360078e-07 1.16454303894e-06 1.26038446641e-06 7.8508900087e-07 1.87045066559e-06 4.26546626938e-07 2.37316156074e-06 8.37895235562e-07 2.66386587785e-06 2.35603351872e-06 2.54280353373e-06 1.20972091003e-06 2.34073262886e-06 2.94725657575e-07 1.84302622162e-06 7.85807208285e-07 1.46548332444e-06 1.22624134332e-06 4.11336438716e-07 6.62349293579e-07 4.82304743149e-07 1.35259550638e-06 2.36621013507e-07 4.43956155941e-07 1.29678602282e-06 3.3151528672e-07 2.17409731295e-07 9.68793010992e-07 3.28990789407e-07 8.12030517561e-07 4.6804454962e-07 4.53090273404e-07 1.27215574129e-07 6.76854962869e-08 6.8124600365e-07 6.03815216174e-07 1.02544606771e-06 1.37225984164e-06 7.75449364499e-07 1.2149552174e-06 1.37852046541e-07 1.20518834037e-06 1.21312494907e-06 1.86403882143e-06 3.06623708349e-07 3.50353175452e-06 1.29337806879e-06 1.86274333684e-07 4.13640499372e-06 6.33991597683e-07 1.42534048908e-06 4.02300396945e-06 5.3701549435e-07 2.96731207997e-06 1.58297600955e-06 1.73047943976e-06 6.23780707653e-06 1.86752505576e-06 2.28898296514e-06 7.22365729724e-06 2.28621117048e-06 1.73143919498e-06 3.07695262368e-06 9.0236385787e-07 4.33676736118e-06 1.46844438477e-06 8.459788798e-07 4.19676390917e-06 1.15954475282e-07 1.46665010882e-06 3.50356535982e-06 3.06559625981e-07 1.78062820197e-06 1.37496019512e-06 1.21908076221e-06 1.38529090615e-07 1.17536671871e-06 8.17262919467e-07 1.3024645266e-06 8.9385154559e-07 5.81869916888e-07 6.36146976225e-07 6.6288606349e-08 6.46963416163e-07 1.08814057871e-06 1.00021438872e-06 2.06760871961e-06 7.30330211772e-07 1.59620629776e-06 5.37831948524e-07 1.2241275314e-06 1.7247103249e-06 1.17828283898e-06 6.31412905364e-07 2.13034163471e-06 1.6187152506e-06 8.13131154908e-07 2.40788063377e-06 3.24546660902e-06 8.98329498978e-07 3.6761413854e-06 2.99821318828e-06 1.05328680258e-06 5.41591351062e-06 9.10826559127e-07 6.65519013172e-06 3.68667758464e-06 9.33402688845e-07 5.47521568543e-06 6.85142377825e-06 1.58021175965e-06 6.64173900165e-06 1.25719161815e-06 3.24274841575e-06 4.01368689257e-06 1.0703176139e-06 3.09081125591e-06 2.49960126758e-06 9.93221217408e-07 1.74570853987e-06 2.31625158239e-06 6.47102755243e-07 1.07850705561e-06 1.86656536835e-06 1.14337108308e-06 4.79512137747e-07 1.59921917815e-06 8.5092721547e-07 1.88194094182e-06 9.54775705316e-07 1.0626480658e-06 6.261111812e-07 3.00978606751e-07 4.25196948979e-07 4.47302402503e-07 8.47099716291e-07 8.26547388367e-08 7.6675167503e-07 9.31874863226e-08 5.20444215493e-07 1.0621911446e-06 4.38867408888e-07 2.38871945182e-07 1.33791459257e-06 4.35215858179e-07 2.18770754747e-07 1.21345823383e-06 1.05207400215e-06 1.37679686292e-06 7.07080624569e-07 1.14755502889e-06 1.23394949334e-06 9.96971840334e-07 1.3006899103e-06 2.54996464007e-06 1.64176236126e-06 9.33638817806e-07 1.08375721406e-06 2.52257827849e-06 2.60616595285e-06 1.64199314943e-06 9.64067828751e-07 1.1185510255e-06 1.38974581166e-06 6.34123848203e-07 1.49355462446e-06 9.13544489485e-07 1.08951517152e-06 1.78949425924e-07 3.9548032181e-07 1.46275299616e-06 2.36278294058e-07 3.47069325327e-07 1.08281782413e-06 5.11372659934e-07 1.75481714379e-08 7.46510527564e-07 1.02434132977e-07 7.16871352748e-07 4.03660994467e-07 3.76728222502e-07 2.95531221724e-07 7.72468906754e-07 1.20001417843e-06 7.61281170765e-07 2.98367985854e-06 1.00360027859e-06 1.76159009073e-06 8.1617932199e-07 1.60200408541e-06 3.16980437194e-06 1.91605980637e-06 8.13624631596e-07 2.39357546316e-06 3.30778202636e-06 5.47119893219e-07 4.57232249156e-06 2.97537217862e-06 1.49695355771e-06 6.81053925824e-06 8.47703341007e-07 3.1400317048e-06 6.01408734578e-06 7.65207111548e-07 9.45986716444e-06 1.96236708711e-06 2.09053065523e-06 5.98648513411e-06 2.48652621271e-06 3.15842241909e-06 1.13038648913e-05 1.4593241362e-06 7.34457882178e-06 3.47373185372e-06 1.42338935595e-06 6.92942880081e-06 1.98018796636e-06 3.05633510056e-06 4.44542989287e-06 5.11881106842e-07 3.59364776174e-06 2.54633092611e-06 7.35336057907e-07 1.83469309104e-06 3.1518345943e-06 1.53434522906e-06 8.15822777946e-07 1.74294312492e-06 9.67188268501e-07 2.72664221168e-06 7.28958199955e-07 1.11294406809e-06 7.52220017129e-07 1.98567731397e-07 1.37711365217e-07 7.05519279707e-07 2.48896581689e-07 7.33147215586e-07 5.17906222284e-08 5.88811489987e-07 9.35388120431e-07 2.4048622472e-07 2.6398810332e-07 8.94427505049e-07 3.84887666764e-07 3.34368450529e-07 1.21389163234e-06 1.35291750224e-06 9.54783291956e-07 1.51048874685e-06 1.45482434871e-06 4.50630652232e-07 1.99753801645e-06 1.13737640553e-06 2.44369176871e-06 2.1681758939e-06 4.71121762216e-07 1.96674130798e-06 1.94281207994e-06 4.32936452911e-07 3.15182977239e-06 2.60244041052e-06 1.74904635905e-06 2.34496851564e-06 3.6065249394e-07 1.52470640393e-06 1.51186972085e-06 1.06557677173e-06 1.3206023683e-06 1.29091855827e-06 3.34364107098e-07 4.08896693393e-07 9.23814859873e-07 2.82601382289e-07 2.22375296503e-07 9.49666890287e-07 5.64172264364e-07 2.1930803469e-08 7.01313512677e-07 2.1830809123e-07 6.39875261522e-07 1.15823917836e-07 1.71375482389e-07 5.61572829617e-07 8.81551159351e-07 2.91022428127e-06 1.33823060792e-06 1.54920118496e-06 6.49093674879e-07 8.78255694685e-07 2.66558332183e-06 1.07815029009e-06 5.9286922658e-07 2.59164942798e-06 2.10707857131e-06 4.93339512282e-07 4.04967567819e-06 1.82969457088e-06 2.74724996885e-06 4.41060752052e-06 1.5548974103e-06 3.14694589245e-06 1.79753366556e-06 2.30935995713e-06 8.52908148947e-06 1.95535988018e-06 3.09589023908e-06 2.57810926893e-06 4.78696647662e-06 2.48319799945e-06 3.71398699085e-06 3.06918265326e-06 9.90585422309e-06 3.14567838858e-06 1.94225375363e-06 3.8285676801e-06 2.12283196771e-06 4.29459557534e-06 3.15446148351e-06 1.83375011565e-06 4.05428916458e-06 4.67571314457e-07 2.40953347183e-06 2.71456003968e-06 6.74160057215e-07 1.10409878382e-06 2.6016466146e-06 8.97463548765e-07 5.05148597821e-07 1.55481643094e-06 1.23853877015e-06 2.63809809302e-06 7.70969653782e-07 5.16018747192e-07 5.970942545e-07 1.0777627602e-06 1.96267070937e-06 1.27157771468e-06 1.44811457378e-06 6.94950194691e-07 1.28467049889e-06 2.2049637589e-06 5.52994724063e-07 4.05461477452e-07 1.8217760428e-06 1.97476004323e-06 1.47732080847e-06 2.47300594229e-06 3.71036525257e-06 1.04749053794e-06 4.9679596352e-06 2.59769483024e-06 1.72988019001e-06 5.51431716688e-06 6.4907537805e-07 8.04136409414e-06 4.78686870624e-06 1.03503710062e-06 5.56767175857e-06 1.73844182064e-06 1.92427781059e-06 5.81310442756e-06 1.23030548492e-06 7.38652414284e-06 9.78345552585e-06 1.37807499222e-06 6.98888505653e-06 1.94735528687e-06 2.95859486259e-06 5.3854481334e-06 1.42463518068e-06 3.78578475879e-06 2.55081706047e-06 1.38311540988e-06 2.27580262157e-06 1.97079428277e-06 3.84800201072e-07 5.46408015505e-07 2.1211866145e-06 1.24131845383e-06 6.39330200757e-07 1.2561040038e-06 1.11225262129e-06 1.75595645775e-06 9.20943349004e-07 5.33195701376e-07 1.46205246952e-07 5.46737490883e-07 8.07976705826e-07 3.82410534139e-07 4.6952650551e-07 2.7994045388e-07 3.77690714603e-07 1.11100392671e-06 1.1502122808e-07 1.71389954167e-07 8.60547787219e-07 7.08301036395e-07 3.47677185051e-07 6.83834475773e-07 8.46631242314e-07 9.7396546861e-07 1.21966913069e-06 1.25449822039e-06 7.30995594299e-07 1.4531786562e-06 9.79948711153e-07 2.44890761261e-06 1.93738472308e-06 1.2245767086e-06 7.04802439236e-07 1.99072669294e-06 4.09335226012e-07 2.36916665039e-06 6.77019292234e-07 1.31722824239e-06 2.9046367778e-06 2.54692422384e-06 1.55475702405e-06 1.53974045551e-06 5.57159110152e-07 1.72035122421e-06 1.32841470774e-06 1.2748426286e-06 7.94460743805e-07 7.39682370277e-07 2.83167614909e-07 7.18491044189e-07 9.87250896484e-07 2.05496005655e-07 2.27701276566e-07 1.09862455975e-06 3.73636479062e-07 2.35633801487e-07 4.33714240784e-07 3.66726660498e-07 6.938048494e-07 5.03323579963e-07 1.34955018669e-07 4.76038166742e-07 1.40067516637e-06 3.17624500807e-06 5.54684693364e-07 2.22920717717e-06 8.45019150119e-07 1.11855613682e-06 3.32400546952e-06 4.83461230869e-07 1.76246404901e-07 2.18209966563e-06 2.44765822855e-06 1.57130019118e-06 3.15945871977e-06 3.10956645352e-06 1.00308388632e-06 6.61832133706e-06 1.33607958285e-06 3.50062662748e-06 5.34621825494e-06 1.28244263652e-06 1.0172813444e-05 1.72443569654e-06 2.83890737476e-06 6.3708146707e-06 1.891873867e-06 3.4156649722e-06 3.36394965937e-06 2.28001951243e-06 6.76426428349e-06 3.42043725865e-06 3.02337522319e-06 1.18988066827e-05 2.28446988952e-06 6.71585998696e-06 3.78811468193e-06 2.14778514396e-06 7.38641079183e-06 1.53541483427e-06 3.1267592591e-06 3.22699250335e-06 1.50924108825e-06 2.4385886936e-06 2.3199853002e-06 2.30766653927e-07 5.02335198059e-07 3.04589037272e-06 1.05651225873e-06 8.10217233567e-07 1.93512353244e-06 5.13497007485e-07 2.6948794412e-06 1.23568881801e-06 4.30263644339e-07 6.82887416667e-07 1.89553947191e-06 4.38504723205e-07 1.09423022649e-06 4.40604133496e-07 6.83687647139e-07 2.08454509811e-06 5.30370147923e-07 4.3657092135e-07 1.0988524573e-06 1.83697005099e-06 5.98246527524e-07 1.89826168908e-06 1.80625660392e-06 1.16220701717e-06 2.66046049539e-06 2.27966726733e-06 1.51918880571e-06 4.01234525145e-06 1.51811996536e-06 5.46181461807e-06 3.29212807219e-06 7.75423349055e-07 3.4665265391e-06 3.85257901605e-06 9.9186373617e-07 5.07289490048e-06 8.64570379218e-07 4.25353787541e-06 4.22207557427e-06 7.43644244805e-07 5.65830970727e-06 6.43672862484e-06 2.46789606032e-06 5.06285283039e-06 1.63665049462e-06 3.01364547145e-06 2.80736039039e-06 1.59689737512e-06 1.74242433402e-06 2.1291738525e-06 5.23592122023e-07 1.93672853616e-06 1.35233187803e-06 4.89959356413e-07 7.23062504996e-07 2.04664865868e-06 6.75768971018e-07 4.18360024106e-07 8.95621709656e-07 3.33144691182e-07 1.54931965073e-06 5.98270037711e-07 5.12487972707e-07 1.97004864013e-06 6.79282553093e-07 1.44947371719e-06 2.03872130933e-07 1.03866160386e-06 1.84791269997e-06 6.69090521295e-07 1.65163132075e-07 2.47718521005e-06 1.50037965028e-06 8.1946066217e-07 1.70886639691e-06 2.10203029107e-06 1.53807009858e-06 3.14528156753e-06 1.57938031512e-06 2.71109956585e-06 2.56281153765e-06 2.52912429828e-06 6.93911799646e-06 2.56438153623e-06 2.48845571809e-06 1.70596008645e-06 4.09453931362e-06 2.14909261976e-06 2.1459851854e-06 2.39482156477e-06 2.25146321071e-06 5.26488411546e-06 1.88357822059e-06 2.96444182911e-06 4.38148757455e-06 7.26179955556e-06 3.76616309017e-06 3.1279850311e-06 2.99552137371e-06 1.97263690449e-06 3.71057210732e-06 1.9425601909e-06 2.20137607898e-06 1.77413158871e-06 8.16968901148e-07 1.34837103521e-06 2.55319849174e-06 1.01420264337e-07 7.50064786546e-07 1.64734176943e-06 8.44014024706e-07 2.27443796753e-07 1.10899571576e-06 5.10792772859e-07 1.59396569881e-06 4.51435490171e-07 4.50180953001e-07 2.98118535514e-06 6.57380567603e-07 2.54412478196e-06 3.38435617878e-07 1.16285599082e-06 2.92477176263e-06 5.98948930566e-07 8.09775563467e-07 3.27540866038e-06 3.08544642883e-06 9.92848865795e-07 1.9407028632e-06 2.47988343872e-06 2.30398392494e-06 4.95237452744e-06 2.85875551751e-06 2.24159240431e-06 7.57305946224e-06 1.32064640244e-06 9.88323711009e-06 4.20912599043e-06 1.83316569023e-06 6.60170069014e-06 1.89595450664e-06 2.61521300607e-06 7.51171705186e-06 8.49916812273e-07 7.08797563044e-06 2.76672134101e-06 2.00602841625e-06 6.78474645525e-06 2.24685812923e-06 7.10021226286e-06 1.14610547206e-05 2.49234916433e-06 8.89275740611e-06 2.45049947284e-06 3.55604625328e-06 5.38270528021e-06 2.69465135496e-06 2.88041981808e-06 2.38946684018e-06 1.07357237744e-06 3.05457349124e-06 3.09688916727e-06 8.41045151699e-07 6.20721942843e-07 2.82639869587e-06 9.04609601292e-07 2.54317617783e-07 2.10045367791e-06 4.66136011041e-07 2.28638056947e-06 4.00680768025e-07 1.78159288817e-06 3.19356338744e-07 1.56415847545e-06 3.00040649163e-07 5.01928648177e-07 1.39354006592e-06 8.21940124532e-07 1.99890364275e-07 2.29365846494e-06 1.25235068257e-06 7.13727542851e-07 1.59991994493e-06 1.42196679011e-06 9.91355768215e-07 2.32464843026e-06 1.78194564973e-06 1.43538838072e-06 3.50600676457e-06 2.02835535519e-06 5.41837759464e-06 3.38403283655e-06 1.07032750102e-06 3.45653806592e-06 3.24981548755e-06 7.66724723001e-07 3.88510392488e-06 1.6455878535e-06 1.63067820961e-06 4.32228968028e-06 7.07632438629e-07 4.14490076176e-06 3.61282654701e-06 1.37900476191e-06 5.59477542966e-06 6.12845452374e-06 3.45019316331e-06 4.10988206141e-06 1.84800256107e-06 2.1685577281e-06 2.85627418342e-06 1.12004938651e-06 1.5140600893e-06 1.79479652357e-06 6.06227437324e-07 1.17885579441e-06 1.95416306923e-06 1.00488675556e-07 8.30431515451e-07 1.18787390814e-06 3.31990190821e-07 2.11330022108e-07 1.33461534855e-06 1.6592026511e-07 1.35726536567e-06 3.04102151822e-06 9.14427569217e-07 2.86339336864e-06 5.86851378867e-07 1.84266267753e-06 3.67051995972e-06 1.0968302393e-06 1.50004028199e-06 3.58819078255e-06 3.15499014287e-06 2.02195845759e-06 2.82016832804e-06 2.84680105687e-06 3.07172951945e-06 5.01447060798e-06 4.29580703883e-06 3.58605791208e-06 7.02791379455e-06 2.35541486223e-06 1.22824799926e-05 3.53191777361e-06 3.5611477557e-06 5.3191299985e-06 4.03490406958e-06 3.27586323677e-06 3.21611178588e-06 2.39030908611e-06 6.33762089013e-06 2.43739141344e-06 3.81783621254e-06 3.7693534064e-06 5.04012763983e-06 5.84070865223e-06 4.11918931845e-06 5.95419810549e-06 1.4273440016e-05 3.87306341139e-06 8.18763385325e-06 3.90860441616e-06 5.25818118748e-06 5.57695814792e-06 3.47268527749e-06 3.26683853523e-06 3.33119030874e-06 1.9533570361e-06 3.15427988322e-06 3.37314866932e-06 1.48327695964e-06 9.56485219652e-07 3.51493847399e-06 1.69271141957e-06 2.84782549211e-07 2.28278891203e-06 6.1307052803e-07 2.40093022663e-06 9.86423655266e-07 7.74429032001e-07 2.01647697632e-06 2.40446394185e-07 9.91762615805e-07 2.60994803323e-06 9.58554009805e-07 6.28074241523e-07 3.24386975406e-06 1.24939032475e-06 1.19144265458e-06 2.08204225068e-06 2.18444627464e-06 1.67080574342e-06 3.36045745193e-06 1.96140841906e-06 2.41495344623e-06 6.26027486478e-06 1.75156159678e-06 7.7387320507e-06 4.66859399698e-06 1.84158456979e-06 4.24326956368e-06 3.16038457328e-06 1.87835832455e-06 4.94212776449e-06 7.83663537212e-07 3.62123291519e-06 4.44662586714e-06 6.54754069787e-07 5.31241917593e-06 1.85245635257e-06 3.24274127824e-06 4.71892521469e-06 1.93511025436e-06 7.57717357193e-06 8.21597221921e-06 2.85643752564e-06 7.45651090976e-06 2.78778092194e-06 2.45137711894e-06 3.80529278528e-06 1.87339935167e-06 2.23143952965e-06 2.11358031196e-06 1.16520294598e-06 1.24062697246e-06 3.21826361539e-06 3.18756758923e-07 8.63246821545e-07 2.29015061854e-06 7.42971537391e-07 1.15247516165e-07 1.4428622178e-06 5.19539068875e-07 7.52089788409e-07 6.59918120505e-07 1.32392624292e-06 2.88127135749e-06 9.51610290543e-08 8.65578942105e-07 2.82122760979e-06 1.40103286411e-06 1.56490666937e-06 2.23437950485e-06 3.48427012346e-06 1.57766242003e-06 2.40526969736e-06 2.20180045735e-06 2.40852385026e-06 2.40461285037e-06 3.30027872518e-06 1.95356185919e-06 6.55023751179e-06 2.05702551945e-06 8.85188453428e-06 3.2781558446e-06 3.04955468177e-06 3.38625920615e-06 4.45527717305e-06 1.3880764052e-06 4.53613978971e-06 2.22159596401e-06 1.50201542629e-06 3.67838572823e-06 1.83005761326e-06 2.19407008645e-06 4.87480677409e-06 1.62741560018e-06 5.38342657365e-06 3.87676424348e-06 3.8491474909e-06 5.66382760705e-06 9.88933354323e-06 3.50564076903e-06 7.9827122232e-06 2.27418921725e-06 3.66248687882e-06 2.69692916251e-06 2.86519293394e-06 2.39592835983e-06 2.73703671214e-06 1.51181201354e-06 3.50989900655e-06 1.94729886968e-06 1.43987241787e-06 1.09784261012e-06 2.25176872363e-06 8.18956511525e-07 3.39745082866e-08 2.31168676771e-06 8.33366657312e-07 5.1250904473e-07 1.70694798767e-06 3.49146511225e-06 3.67569852801e-07 1.01835918069e-06 3.30763352836e-06 1.32935379839e-06 1.25996442877e-06 3.74860474744e-06 2.34969674188e-06 2.13710178847e-06 2.69682726235e-06 3.22579404308e-06 2.10818020444e-06 5.26789173728e-06 2.51572503995e-06 3.07573783768e-06 8.02052571767e-06 3.59361936244e-06 1.28742251166e-05 4.85378747032e-06 3.11359122183e-06 6.7997863973e-06 4.7655475778e-06 2.76801256571e-06 5.22060166357e-06 2.30719835946e-06 5.00747385643e-06 2.66949839067e-06 2.44804535706e-06 5.816426764e-06 2.38363109699e-06 5.64428865759e-06 3.26848281409e-06 5.3343851162e-06 8.32526366473e-06 3.31077984955e-06 8.03186281816e-06 1.49207574406e-05 5.18366409579e-06 9.42563408933e-06 3.91409333278e-06 3.07831874144e-06 6.05119408637e-06 2.30078315243e-06 3.46942764216e-06 2.77801596915e-06 1.91532295715e-06 2.23478662124e-06 3.74669611038e-06 9.3530071572e-07 1.04732704843e-06 2.44807403425e-06 7.6099431247e-07 2.51281386714e-07 2.57291680332e-06 1.21817988067e-06 1.13594498195e-06 2.56730179333e-06 5.06268011135e-07 1.07123956579e-06 2.91379841587e-06 9.96251229526e-07 7.65537773695e-07 3.19863451831e-06 3.08294276128e-06 1.20777051195e-06 3.10833234418e-06 2.47498124549e-06 3.21503527862e-06 3.76371020704e-06 4.14004164595e-06 2.5446598196e-06 7.47444346992e-06 3.04643443816e-06 1.16394523778e-05 6.58223426366e-06 2.93675107483e-06 4.59170477605e-06 6.5685305799e-06 1.28573541745e-06 6.52182749819e-06 1.82181547926e-06 3.33741948021e-06 5.18549233189e-06 7.91652721436e-07 5.20528336529e-06 3.87696348207e-06 1.84856986407e-06 7.07793826625e-06 1.87416806649e-06 7.40719909069e-06 5.44380713416e-06 3.52898405618e-06 1.03473226607e-05 1.30046100923e-05 4.47173799086e-06 8.99228022647e-06 2.87450097064e-06 4.87662103838e-06 4.19442856398e-06 3.68561121251e-06 2.49144669986e-06 3.57533115752e-06 9.03827197882e-07 2.80499484384e-06 2.72434271759e-06 6.67739930215e-07 6.56919639462e-07 1.94121220346e-06 5.89821210763e-07 2.50100347129e-07 1.70334133216e-06 8.49336953283e-07 1.83656967313e-06 7.75294956928e-07 1.11996282228e-06 4.661939485e-06 1.3987360699e-06 3.82212816025e-07 3.39491977515e-06 3.20878406651e-06 1.4643056417e-06 2.74981127085e-06 3.29883604927e-06 2.44325477066e-06 4.92614799518e-06 3.25575673618e-06 3.70812345733e-06 7.34216180226e-06 3.24302131923e-06 1.32498327406e-05 6.02926872251e-06 4.14986739952e-06 3.90562489939e-06 5.40527452227e-06 2.44539312508e-06 4.21614918797e-06 2.42150211776e-06 4.01510368585e-06 3.9775875046e-06 2.27790848503e-06 2.17972519776e-06 3.99700689009e-06 4.57546644543e-06 2.34808271836e-06 4.47416592101e-06 2.77591408015e-06 5.87311339343e-06 5.0740843055e-06 4.72081779376e-06 9.6622776492e-06 1.48872180496e-05 4.60110302075e-06 8.49345733432e-06 4.50284254166e-06 4.03091628243e-06 5.68473717685e-06 2.61444765684e-06 3.62601785743e-06 3.08006039866e-06 1.45771503938e-06 2.96195152101e-06 3.17007171273e-06 4.43719124245e-07 9.84838319547e-07 3.29181290174e-06 5.8862005139e-07 4.47663757052e-07 1.09378614744e-06 1.18794909536e-06 1.23444002994e-06 5.7575406751e-06 1.76933845683e-06 3.61009577801e-07 2.70285156762e-06 3.03040253115e-06 9.63978547539e-07 2.05108263099e-06 1.7686712364e-06 4.61272205884e-06 3.4326044275e-06 4.87755722991e-06 2.89117953384e-06 9.0002701869e-06 2.65103708537e-06 1.24563290317e-05 6.72158575016e-06 3.10610821419e-06 5.8593232735e-06 5.04359644682e-06 1.49569730678e-06 7.66984415658e-06 1.39584572111e-06 5.08458037104e-06 3.93521273385e-06 1.4157154451e-06 6.34237551247e-06 1.30495495273e-06 4.22136883036e-06 5.26199927397e-06 1.39071569391e-06 8.49733158257e-06 2.17765187113e-06 5.41950135221e-06 6.70250160995e-06 3.74656348813e-06 1.05653157936e-05 1.38705448226e-05 4.2393098527e-06 1.12565228315e-05 3.22814512429e-06 5.66176727953e-06 3.88807687505e-06 4.94704065581e-06 1.94445322942e-06 2.36073179096e-06 1.15530680119e-06 2.59734614289e-06 2.13723711998e-06 3.4282635025e-07 1.62082784998e-06 4.42058378022e-06 7.38323518034e-07 7.88477152876e-07 2.21353159378e-06 5.36764584543e-06 1.08988460916e-06 4.3777023403e-07 3.62185099062e-06 2.30402179957e-06 9.47185536063e-07 2.8654074026e-06 1.55806852164e-06 3.5426759492e-06 4.36380764063e-06 3.192217429e-06 2.71446971413e-06 7.68940897692e-06 3.67070024596e-06 1.15407914206e-05 5.51505953021e-06 3.61251602956e-06 4.13994257883e-06 6.84538919988e-06 1.02550785386e-06 4.95328147394e-06 2.55895393931e-06 3.29415566487e-06 4.9269649772e-06 1.53192955425e-06 3.02006725459e-06 3.07586244488e-06 1.63169850813e-06 4.84788803492e-06 3.86772591217e-06 2.58697755228e-06 5.41232644645e-06 1.4313051425e-06 7.50694905443e-06 5.29500270592e-06 3.82718528597e-06 8.88138894473e-06 1.23615977105e-05 5.1769514312e-06 8.79520280503e-06 3.32114889465e-06 3.40406922022e-06 4.98699574669e-06 3.42657271951e-06 1.85840697715e-06 3.08138223054e-06 1.00094199536e-06 1.67243534669e-06 2.75967920115e-06 2.75879638799e-07 6.62571045756e-07 3.2113605096e-06 1.34760653291e-06 2.16212334925e-05 1.67257802961e-06 6.30997480851e-07 6.02712171852e-06 4.53046286405e-06 1.35906489549e-06 3.59808064514e-06 3.82784139809e-06 5.05808691585e-06 4.87613253939e-06 7.73220263418e-06 3.6224497609e-06 1.12932370547e-05 4.42550214409e-06 1.61597492655e-05 7.64747875803e-06 4.58490512351e-06 6.69467618693e-06 6.96845365999e-06 2.73107813453e-06 5.96682488438e-06 2.16407328665e-06 6.8000804787e-06 3.20937972819e-06 1.81990735039e-06 5.29056677604e-06 2.09068828767e-06 5.43586744975e-06 1.78997340839e-06 3.50856603998e-06 7.29811851325e-06 2.18505427121e-06 6.75676078262e-06 3.73235339485e-06 7.76050982791e-06 7.51140994988e-06 5.533789828e-06 1.17085731976e-05 1.79515326866e-05 6.56103224525e-06 1.41070386305e-05 3.92327704021e-06 8.80874262028e-06 5.3927696683e-06 4.60306078894e-06 4.15640229015e-06 3.70428214187e-06 1.46017022267e-06 3.67951840167e-06 4.83966510721e-06 2.34563294823e-07 7.39286151353e-07 6.96617637713e-06 8.26782712063e-06 6.83001642001e-07 6.44717573388e-06 4.12769997199e-06 1.43037945791e-06 3.8164012739e-06 4.51666842124e-06 5.31572357632e-06 4.45706497136e-06 5.56160275765e-06 4.98375495793e-06 9.20897195384e-06 4.90390508779e-06 1.60884143589e-05 9.17406289899e-06 4.25429250753e-06 5.47162737446e-06 7.50822037387e-06 1.84486728849e-06 7.484684593e-06 1.80845606149e-06 5.14346944254e-06 6.18163283358e-06 1.0567170044e-06 6.52625385774e-06 2.96093585124e-06 2.97720799221e-06 6.30202286475e-06 1.1740256268e-06 6.13140370654e-06 5.77436558017e-06 2.06169062397e-06 8.00496466549e-06 2.21484129495e-06 7.88403037707e-06 6.77758226976e-06 4.54618879386e-06 1.37100729898e-05 1.76150197905e-05 6.60162146907e-06 1.05296775274e-05 5.7415289112e-06 5.389778898e-06 4.88436742218e-06 4.65274952896e-06 3.7950049784e-06 3.49729025837e-06 1.48533096097e-06 3.04879428712e-06 4.59850514174e-06 3.34353975318e-07 2.52299786095e-06 8.65661287047e-06 8.08521555591e-06 4.4234158914e-06 2.23589073594e-06 5.73775396907e-06 5.54066551329e-06 6.72464493262e-06 5.95331880938e-06 7.42328103392e-06 4.6005407336e-06 1.41619009816e-05 4.33074017827e-06 1.8181318607e-05 9.66539561067e-06 5.29212202287e-06 5.88315876653e-06 7.73856318493e-06 2.33357043999e-06 7.92078876157e-06 2.73909091214e-06 5.74359963723e-06 4.7926174084e-06 1.86124951444e-06 4.06545975224e-06 3.63863117311e-06 3.72636583498e-06 3.87282375897e-06 4.14319014774e-06 1.87230358144e-06 5.32433587787e-06 5.88622044819e-06 2.72165522158e-06 8.65048844714e-06 3.14958942085e-06 8.76495040809e-06 6.78863637682e-06 6.28137617217e-06 1.41982016764e-05 2.03043570466e-05 6.59187171808e-06 1.72812069021e-05 4.94631680023e-06 7.99187658297e-06 7.05465721041e-06 6.26182986063e-06 4.96665185454e-06 4.81324225324e-06 2.1866305049e-06 3.29895637402e-06 5.45905599662e-06 1.7295702703e-06 4.26112980971e-05 4.06782095882e-06 2.85322952823e-06 5.74965999727e-06 4.84300087389e-06 3.81951374443e-06 5.02428859701e-06 6.48869558712e-06 4.55320580556e-06 9.95724584444e-06 5.98394184592e-06 1.56974315437e-05 8.98672509865e-06 4.23808393985e-06 6.00171427849e-06 6.75792068906e-06 1.98808855312e-06 7.01075044354e-06 2.10452789917e-06 5.99253134275e-06 3.86623027369e-06 1.34507813629e-06 6.6523935031e-06 1.93423365596e-06 3.65491304863e-06 3.34713326356e-06 1.79662433689e-06 6.4955769496e-06 1.38424986355e-06 4.02854338478e-06 6.45849940146e-06 2.16515185707e-06 7.282782815e-06 2.43580264564e-06 6.70526404857e-06 7.23106390025e-06 4.52675279364e-06 1.30623876467e-05 1.60204023476e-05 7.7316518582e-06 1.17073442076e-05 5.03370458102e-06 6.23602398782e-06 6.05968208824e-06 3.32256119159e-06 3.89678320856e-06 4.26663103778e-06 1.70948052387e-06 2.18005970364e-06 1.07412800878e-05 5.56302148988e-05 7.55098177251e-06 1.2535455763e-05 6.05583008893e-06 6.29780915211e-06 6.68531590105e-06 1.04011083814e-05 5.92551618833e-06 1.51723245988e-05 7.3822269387e-06 2.46038404279e-05 1.1218448247e-05 6.40121698727e-06 8.40738536354e-06 1.16456808067e-05 2.90003696012e-06 1.05071671567e-05 3.09816149913e-06 7.7433038146e-06 6.37645404812e-06 1.82010566388e-06 5.53925633023e-06 4.89228333796e-06 3.49060168968e-06 5.93566281402e-06 3.15845043881e-06 5.07203833714e-06 5.73203028581e-06 1.82070921619e-06 7.5957006258e-06 8.23271768799e-06 3.07785223698e-06 1.11211383739e-05 3.4103758099e-06 1.28473429649e-05 9.0794176111e-06 7.69457422282e-06 1.54980523755e-05 2.71792633196e-05 9.20287200006e-06 1.77814454102e-05 6.95750542802e-06 9.36063420446e-06 6.74304139847e-06 6.18378691615e-06 5.04162368676e-06 6.27465169982e-06 3.14738613827e-06 1.02955936353e-05 2.39681728131e-05 1.69782643806e-05 8.29139455401e-06 6.56458077971e-06 8.12856649792e-06 8.91663384547e-06 5.98359100656e-06 1.53416708783e-05 6.97077468919e-06 2.11463501185e-05 1.4666315234e-05 4.37683684922e-06 7.90711483562e-06 8.79048076757e-06 3.58867856206e-06 6.73020938832e-06 2.65185312903e-06 6.36079497893e-06 4.64296272213e-06 2.21021642056e-06 5.61846131459e-06 2.68743956405e-06 6.1694333688e-06 3.66741489157e-06 3.56863923587e-06 6.01544693559e-06 2.67487165846e-06 5.68553278868e-06 2.11888916267e-06 5.33432313355e-06 6.26897671915e-06 2.75744871132e-06 6.89223867695e-06 3.94406424505e-06 8.53540947219e-06 8.66760216796e-06 5.30705033781e-06 1.94506918945e-05 2.14844183894e-05 8.69860807726e-06 1.75680445212e-05 6.88256072005e-06 7.19116457578e-06 7.78833849929e-06 5.97750996956e-06 5.41407441487e-06 7.07291460642e-06 4.25342280865e-06 7.24005052257e-05 1.72645743572e-05 1.45633013029e-05 1.55736707079e-05 9.55913222846e-06 5.47856621999e-06 1.76682929817e-05 9.4310863722e-06 2.379712622e-05 1.47032254109e-05 6.7095772251e-06 7.65984653577e-06 1.02586088711e-05 3.06201824139e-06 1.10543942242e-05 2.44409334557e-06 7.84327874614e-06 5.08764638911e-06 2.12530031757e-06 7.3391980247e-06 2.69169093717e-06 4.13585553648e-06 6.61735460238e-06 2.24219043722e-06 6.41548896836e-06 4.01663261295e-06 3.14999742645e-06 7.75533259303e-06 2.04619350989e-06 5.66701020677e-06 7.96305794909e-06 2.50563934692e-06 1.20117578579e-05 3.36260520422e-06 1.11597681886e-05 8.30391012238e-06 8.07580054128e-06 1.88998056864e-05 2.44365817094e-05 1.09389581181e-05 1.98128707457e-05 6.56698810664e-06 7.61444664881e-06 9.75208286479e-06 8.27087483145e-06 7.13995471718e-06 1.94769535696e-05 7.80792799453e-05 2.71746444038e-05 2.24999668052e-05 1.69507962751e-05 9.14788455771e-06 2.15727934919e-05 1.40428918393e-05 3.10375850347e-05 1.85798008053e-05 6.3370574965e-06 1.17360765704e-05 9.40680082207e-06 3.96275691954e-06 1.00747577848e-05 3.82027501913e-06 8.17589527966e-06 6.16663734135e-06 2.14403337276e-06 7.13375958562e-06 4.40003302434e-06 3.91299737798e-06 5.62756456525e-06 4.795861379e-06 4.81931917558e-06 5.56635597636e-06 4.16363979982e-06 4.85436653437e-06 7.31581636276e-06 2.28269455708e-06 7.02173717945e-06 7.39346628147e-06 3.78896179808e-06 1.07135031412e-05 4.73473669172e-06 9.62160091491e-06 1.26750434863e-05 7.8505716285e-06 2.30953861091e-05 3.06789626012e-05 1.4880565765e-05 1.99835259831e-05 9.20847829976e-06 1.00059692732e-05 1.21584748645e-05 1.01520804341e-05 1.5275595603e-05 9.13547419309e-05 3.52619012495e-05 2.66437980922e-05 1.57686351998e-05 3.01144197318e-05 1.6031416308e-05 3.96010655953e-05 2.75089840567e-05 7.49389241092e-06 1.20035061616e-05 1.6824861151e-05 3.91093534641e-06 1.53851609109e-05 2.93472398613e-06 1.19017319281e-05 6.11389721178e-06 1.98058527454e-06 8.14256866896e-06 4.22295703707e-06 5.09178554511e-06 5.41665704719e-06 3.3376575251e-06 8.38234542179e-06 3.20453493315e-06 5.22610190193e-06 5.58381599491e-06 4.18416008971e-06 8.41128152932e-06 2.47720687193e-06 6.40118628143e-06 1.01189352645e-05 3.59483765484e-06 1.4878379045e-05 4.54693664952e-06 1.51435419056e-05 1.2498744554e-05 9.09721932318e-06 2.94091266042e-05 3.67772289081e-05 1.52019596181e-05 2.46196382458e-05 1.19556288597e-05 1.3561624047e-05 1.57475780409e-05 1.72237746288e-05 0.000136310205515 3.63320995194e-05 2.09832091682e-05 4.02188952651e-05 1.82474166307e-05 4.3092675442e-05 2.88214029088e-05 7.94083357397e-06 1.3444556836e-05 1.49007849795e-05 6.15916851762e-06 1.25879210054e-05 3.42112152664e-06 1.0577026604e-05 7.23099030942e-06 2.46839546954e-06 5.91790581217e-06 5.49047632676e-06 3.77333870138e-06 7.32144260744e-06 3.00727215295e-06 5.62762590397e-06 5.34055748424e-06 3.10538250684e-06 6.620427805e-06 4.08084421837e-06 5.21240520468e-06 5.56918608127e-06 2.61422847654e-06 6.31554248118e-06 9.24960514486e-06 3.31544198581e-06 1.09348698958e-05 5.04287936017e-06 1.22412104062e-05 1.26278116783e-05 8.90794557734e-06 2.88807855452e-05 3.59757684393e-05 1.59250200669e-05 2.82189628607e-05 1.35243446653e-05 1.47422972145e-05 3.24206450904e-05 0.000148129823835 3.74797544787e-05 6.21327840096e-05 2.99859266918e-05 5.25034817795e-05 3.55181812209e-05 1.34251227059e-05 2.33165559708e-05 1.88380890685e-05 7.65800588736e-06 1.81408620474e-05 4.42677661418e-06 1.20507033922e-05 1.11608094502e-05 3.27643464897e-06 8.86344200448e-06 6.95473749014e-06 5.86004992107e-06 9.9356391808e-06 4.32837562767e-06 1.06754706483e-05 4.00961592894e-06 1.06825499691e-05 3.90722322761e-06 9.25651864429e-06 5.6454045693e-06 6.29641924537e-06 7.22830483274e-06 2.95782366159e-06 8.63215306814e-06 1.01421873241e-05 3.17901034663e-06 1.58558835277e-05 6.05042134264e-06 1.49846342229e-05 1.807258982e-05 1.22413280119e-05 3.10835893879e-05 4.14551761565e-05 2.27840521343e-05 3.68577524346e-05 1.64560005783e-05 3.3076490755e-05 0.000183138271601 0.000113925691148 5.47191911432e-05 7.54944226036e-05 5.70648861146e-05 1.75154507191e-05 3.1565924982e-05 3.00068561846e-05 1.1225461058e-05 2.29025858707e-05 8.67110489194e-06 1.22879456161e-05 1.85293198735e-05 4.3344144647e-06 1.86515856946e-05 6.84904742875e-06 1.02213413483e-05 9.73346880254e-06 6.68501579756e-06 1.2384739777e-05 6.20802110225e-06 6.57723310786e-06 1.10616544539e-05 6.22883266419e-06 8.82111416528e-06 8.99985835618e-06 5.40798169872e-06 1.45484538898e-05 3.33426056996e-06 1.33999798832e-05 9.12857706236e-06 6.78233583458e-06 1.73031229543e-05 8.41534213615e-06 2.10519085619e-05 2.35136778624e-05 1.36180975351e-05 4.36767089029e-05 5.77459035233e-05 3.55108952602e-05 5.06029792464e-05 3.71121209451e-05 0.000519598156187 8.51560463997e-05 0.000113956719101 9.63955114512e-05 2.83332837972e-05 4.31714843154e-05 4.4579414672e-05 1.67380477797e-05 3.85562713602e-05 9.63810402564e-06 2.97700413184e-05 1.72939609005e-05 8.13682144013e-06 2.05491748364e-05 1.29638203135e-05 1.13855345564e-05 1.51989639294e-05 9.52113613352e-06 1.5454523351e-05 1.16468862935e-05 8.81172178316e-06 1.15429159501e-05 1.34983042726e-05 8.64832301083e-06 1.18747534556e-05 9.39859757022e-06 9.72072435686e-06 1.5835672882e-05 5.55269435452e-06 1.23546070293e-05 2.01197771888e-05 6.66125721682e-06 2.4380231034e-05 1.10469259442e-05 2.68631323748e-05 2.66239012189e-05 1.90963715673e-05 6.39191496216e-05 8.62552854781e-05 4.99350211303e-05 0.000120929414765 0.000397124287042 0.000211475944641 0.000172732664848 5.40041002874e-05 6.10089168092e-05 5.50353064186e-05 2.58630695153e-05 5.52583256594e-05 1.62845070807e-05 3.6299302784e-05 3.15984541913e-05 1.01318672276e-05 2.89046809562e-05 1.37901455453e-05 1.85849215222e-05 1.78588882831e-05 8.70563510451e-06 2.13420034017e-05 1.31720970997e-05 1.34303372796e-05 1.34688276884e-05 1.20106228008e-05 1.76973130215e-05 7.23294130432e-06 1.29638658022e-05 1.29698091429e-05 9.23758419896e-06 1.85034292365e-05 5.45712973004e-06 1.88646048875e-05 1.93904242922e-05 8.48693325236e-06 2.87414530229e-05 1.3275554138e-05 2.68041438578e-05 2.8992715788e-05 2.80795832353e-05 9.0015470371e-05 0.000115254903453 0.000107309071375 0.00228301792748 0.000760696481002 0.000221078708244 0.000312226580715 0.000222709665062 7.58315615972e-05 0.000207172627962 5.72185277083e-05 0.00012153122483 8.78651578775e-05 3.75808702322e-05 7.39127186747e-05 4.81969340274e-05 5.37747215585e-05 6.36978078933e-05 2.83189234242e-05 5.40154173178e-05 3.76028682357e-05 3.43515551698e-05 4.8574740845e-05 3.11892963756e-05 3.11999867554e-05 4.0928109523e-05 1.87669218612e-05 3.96603469204e-05 2.95212876623e-05 2.41860321143e-05 3.53469833587e-05 1.50109042245e-05 3.5245434093e-05 4.26523218978e-05 1.79306082738e-05 6.40452734952e-05 2.06404080027e-05 5.94082321123e-05 7.78609552169e-05 6.23063512769e-05 0.000200440443175 0.000553922803847 






































