































2.38077488039e-06 1.73762681549e-06 4.47137225413e-07 2.89292091249e-07 2.88443492268e-07 2.22443994107e-07 1.45286847862e-06 2.12342685512e-07 8.44172693307e-08 2.08001807863e-07 9.24657693294e-08 9.72500856479e-08 4.33381666958e-07 4.34561331137e-07 9.85155748488e-08 9.75378490343e-08 2.25160709823e-07 9.12542829269e-08 2.45327739872e-07 1.69092128721e-06 2.94395219144e-07 3.99954682912e-07 3.78574992394e-07 7.82539187514e-07 2.02666646026e-06 1.70097598985e-06 2.11023252981e-06 5.53640948967e-06 6.94695824921e-07 7.65182999646e-07 2.08515087202e-07 4.69820602608e-07 4.52789773581e-07 4.15601569319e-07 4.95974786744e-07 8.03024032362e-07 5.32845317596e-07 6.63203712921e-07 4.84139687277e-07 5.24624342647e-07 4.71769578678e-07 4.91720938e-07 5.45926662565e-07 4.90068333762e-07 7.66564576892e-07 6.38689924118e-07 1.11612827546e-06 6.56890156568e-07 6.37746040456e-07 8.41354097686e-07 6.96928993532e-07 3.56602966134e-07 9.12729538322e-07 9.22885800651e-07 3.75844380279e-06 2.60337166511e-06 4.29410250196e-07 9.57306851469e-07 1.9398004961e-06 8.94623049084e-07 1.9355157206e-07 1.54701291062e-07 4.09959538344e-07 1.2832705572e-07 3.62440192539e-07 2.82749385581e-07 3.79800858721e-07 1.55036805832e-07 3.06520747404e-08 7.69817686135e-08 1.50371148667e-07 2.74975451761e-07 2.76851041026e-07 1.35208922851e-07 6.49444777048e-08 8.15070878819e-08 1.73548080723e-07 5.14039377077e-07 3.46694935865e-07 4.9007560767e-07 1.63341315132e-07 6.0171026499e-07 1.27453528938e-07 1.59213092146e-07 5.86024697698e-07 1.4534582e-06 1.22640653305e-06 9.18227780767e-07 8.38664743858e-07 4.61044120553e-07 7.9576478959e-07 5.340298129e-06 1.28773106648e-06 5.29530236793e-07 1.10164425354e-06 8.50115239802e-07 4.5477592196e-07 4.25425938433e-07 5.38166778472e-07 5.01976237831e-07 3.88841261988e-07 2.18340406571e-07 6.7470400136e-07 2.15899118398e-07 1.13117741899e-06 2.12020447876e-07 7.599101734e-07 1.9029771768e-07 4.43897051625e-07 5.85776918357e-07 6.40003349426e-07 5.77956930635e-07 5.05548449067e-07 1.27376502152e-06 1.17142571794e-06 5.8936057013e-07 1.16106421383e-06 3.68567278539e-06 5.09967004152e-07 7.25886870912e-07 1.03534650298e-06 6.24499466178e-07 2.74342805559e-07 1.78124352049e-06 4.85468551914e-06 6.68270855462e-07 3.48104697133e-06 7.97264230502e-07 1.21747253821e-06 9.06642265953e-07 1.31201835878e-06 5.62957459855e-07 5.82263584348e-07 8.06394584313e-07 2.55084767101e-07 2.38714689265e-07 1.39850460303e-06 1.65512783897e-07 1.43835101053e-06 2.69232439591e-07 2.79908919832e-07 9.03117303187e-07 5.5331892015e-07 6.32191493249e-07 1.36735381975e-06 9.38505265148e-07 1.29502689263e-06 8.4659293624e-07 2.99169770465e-06 6.63701164658e-07 3.51006145961e-06 1.56373714546e-06 2.64600980174e-07 1.58581350039e-06 2.90460265981e-07 1.22174958452e-07 4.45744683041e-07 1.20371096338e-06 1.68265008196e-06 1.51595295958e-06 4.68766441635e-08 1.47685524188e-06 3.67096047891e-08 2.26633225271e-07 6.52751472858e-08 8.54563731266e-07 3.43902645386e-08 3.18966132186e-07 2.24997846973e-07 1.11552041918e-07 2.06928794244e-07 1.26498666236e-07 8.56676485534e-08 2.88229775504e-07 2.5277337865e-07 1.4057979098e-08 9.03776109081e-07 4.14164333841e-08 4.01679121851e-07 1.08976213418e-08 1.49306224381e-06 8.41200694652e-09 9.04452565213e-07 1.42092390443e-06 1.00313625809e-06 5.93075200376e-07 1.47633245076e-07 6.71975812299e-07 6.1336810743e-07 4.2520574401e-07 1.38189882878e-06 4.26016887835e-06 1.13884765794e-06 1.46448732716e-05 2.44696106646e-06 2.83222535832e-06 2.46395323192e-06 2.86002762307e-06 8.51357360601e-07 1.3817943799e-06 6.15107653908e-07 8.71774001894e-07 1.26771726172e-06 1.51843382547e-06 3.36047864424e-07 2.41319128507e-06 3.99572990225e-07 1.4715525354e-06 1.34466357324e-06 9.43263619871e-07 5.38422104007e-07 1.3467172125e-06 9.20578126451e-07 3.07408365037e-06 2.52493882838e-06 2.44433116278e-06 1.77470902088e-06 9.6380488893e-06 6.48704791762e-07 3.71966162882e-06 1.67671551661e-06 9.83921201364e-07 1.10541588763e-06 1.58069285827e-07 4.76460291035e-07 9.21563958248e-07 3.18535765556e-07 3.15022934129e-06 4.39510717449e-06 2.3090833115e-06 2.49716250169e-06 3.02156370926e-06 3.28777145395e-07 1.90949469124e-06 2.84883405996e-07 4.40531065354e-07 1.35668376171e-06 4.2862225996e-07 6.92124300855e-07 5.82239521391e-07 8.71464852965e-08 7.22531043023e-07 6.77948427226e-07 4.37296877668e-07 1.47218784323e-06 3.54909956297e-07 2.83946027305e-07 1.85054526242e-06 2.94934200149e-07 2.83875481608e-06 2.43284358502e-06 1.35111620038e-06 3.53217492325e-06 2.32361775115e-06 2.04951795917e-07 9.22956422943e-07 8.19911086928e-07 4.75520084912e-07 3.40674105662e-07 1.17549794034e-06 2.3904073252e-06 2.38164186791e-06 2.11364325608e-06 1.83336212125e-06 1.43800812437e-05 3.50796680513e-06 3.80791738685e-06 1.36100326171e-06 1.88046324621e-06 7.35263237898e-07 1.71641555001e-06 7.22374797499e-07 2.73499686924e-06 4.15585444736e-07 2.63923656746e-06 6.61286331292e-07 5.96883886491e-07 2.78191699372e-06 4.35143167612e-07 2.77748716368e-06 6.35805041498e-07 1.62791291733e-06 7.69989052297e-07 1.72388228976e-06 1.36362410793e-06 3.45204962166e-06 1.94889287492e-06 9.84034910568e-06 1.03959989563e-06 2.02839310002e-06 2.52728279922e-06 3.19835706235e-06 2.1538168383e-06 6.51522672121e-07 2.32274080401e-07 8.46884303824e-07 8.3636730502e-07 3.89288511475e-07 2.74250033817e-06 2.56447189338e-06 4.02173704247e-06 7.75081808587e-06 5.61711707273e-06 8.39409488086e-07 3.04672616566e-06 6.89363203458e-07 1.82274661852e-06 7.49007982783e-07 1.56216809573e-06 7.30338869597e-07 1.20249978943e-06 1.04111016759e-06 1.89474553041e-07 9.94870427098e-07 1.18904034033e-06 7.04321390826e-07 1.41218885874e-06 8.92865638961e-07 1.83250487219e-06 5.09143590015e-07 2.7790890476e-06 5.65798664447e-07 4.75435990794e-06 6.16142204303e-06 2.52502045315e-06 2.26621765046e-06 3.26445266835e-06 3.2936549903e-07 1.19120161544e-06 1.80607701892e-06 4.20860919224e-07 3.43517046544e-07 6.84711470538e-07 3.55315430833e-07 3.07379811949e-06 4.5254476116e-06 3.92353418895e-06 6.62360892025e-06 2.22453650417e-05 2.86066950454e-06 9.09802962741e-06 1.98851214031e-06 4.64859966397e-06 2.19454972237e-06 5.85219507207e-06 9.07201437727e-07 3.96540577195e-06 1.96358715401e-06 1.07270393186e-06 6.46042989148e-06 1.09252711198e-06 1.79074297125e-06 3.64197132816e-06 9.7719313207e-07 5.81432851593e-06 2.05679761372e-06 4.05285038774e-06 1.58622472259e-06 7.77377009522e-06 1.98820495624e-06 1.57310536564e-05 5.5894388047e-06 3.30735494321e-06 4.33777945264e-06 3.97824828156e-06 6.79583407291e-07 1.7048507248e-06 6.66668106402e-07 5.47118076552e-07 1.32521365541e-07 8.8819418129e-07 9.78283908279e-07 1.92275069966e-06 8.64772971867e-07 4.01690228182e-06 3.85343104396e-06 2.47899480466e-06 1.28276814025e-06 1.02353743441e-06 1.49708692889e-06 5.01879241847e-07 4.65138427304e-07 9.38491759477e-07 2.69581035272e-07 7.18815527805e-07 5.35067975074e-07 6.97338252502e-07 4.88776983386e-07 2.973065982e-07 1.02186608613e-06 3.0957474649e-07 4.34877094831e-07 1.2103479101e-06 8.95767297377e-07 1.25030770079e-06 1.68091502795e-06 3.533625188e-06 2.50240736484e-06 8.41261373839e-07 1.74939245833e-06 9.91530567972e-07 1.13673146715e-06 4.58013641262e-07 9.86413935837e-07 9.79201436108e-07 3.70544548379e-07 3.0878615092e-06 1.43749057553e-06 3.1389481613e-06 4.35160480298e-06 1.15615902675e-05 3.13341548004e-06 1.44622540909e-05 2.68125901238e-06 5.00866643342e-06 2.46967068626e-06 5.75049644534e-06 8.14271128264e-07 5.14653008574e-06 9.83005442608e-07 1.51987438239e-06 4.97577150711e-06 9.83836714317e-07 4.99925069999e-06 1.35564958283e-06 1.01250978978e-06 4.33814194167e-06 6.24637987973e-07 5.75636368924e-06 1.88387564161e-06 4.26522473497e-06 1.75930426187e-06 1.17585074513e-05 2.17295687235e-06 9.68247369463e-06 4.32164066277e-06 3.3835525028e-06 1.68812844299e-06 4.53948897885e-06 1.13192184731e-06 1.56216739717e-06 3.08989047889e-07 1.61891828798e-06 6.85120501739e-07 9.35522255492e-07 1.71906560291e-06 1.49717140689e-06 1.54754137605e-06 2.55758174757e-06 3.84195945012e-06 1.59738771766e-06 2.27571183098e-06 1.4855773181e-06 8.77847698539e-07 1.23883296445e-06 5.99413979568e-07 6.23169921098e-07 1.32506297427e-06 9.68412046858e-07 9.9531579778e-07 1.30481088848e-06 5.12433349829e-07 4.21768104806e-07 1.35365525487e-06 1.01079439869e-06 1.03826182984e-06 2.01858711324e-06 9.84186492855e-07 3.65698268426e-06 1.69574920265e-06 1.76736061687e-06 1.32013822863e-06 1.83825594752e-06 6.06030855599e-07 9.39616030881e-07 2.12548564014e-06 5.20282050142e-07 1.38487828968e-06 7.60670146098e-07 1.63028630184e-06 1.58666290173e-06 5.51785082084e-06 1.37449064868e-06 6.33734808611e-06 2.11079936042e-06 9.20880707622e-06 3.30006564121e-06 7.03253242077e-06 1.20579334857e-06 6.75345671262e-06 7.9153577901e-07 2.65041495717e-06 2.99670097798e-06 9.51355992936e-07 5.20398591603e-06 9.42635748417e-07 2.80319977043e-06 2.90309990301e-06 6.43815819708e-07 6.29486205335e-06 1.06012300645e-06 6.28037658687e-06 2.36287627645e-06 8.316654915e-06 1.51240296e-06 5.3305735252e-06 1.0382488294e-06 5.00014709699e-06 1.44326002864e-06 2.23743715471e-06 1.30968177147e-06 3.24812890554e-06 4.29132289451e-07 2.13349540693e-06 1.79628171308e-06 4.48036830415e-06 2.52727563132e-06 1.9921477621e-06 3.09075199182e-06 3.87397465488e-06 1.05275262107e-05 6.70651980637e-06 2.2405039358e-06 5.426877988e-06 2.50836482585e-06 1.14129061957e-06 5.41065597382e-06 1.0673123358e-06 2.64490798089e-06 2.51162876588e-06 1.10356245317e-06 5.28655283287e-06 8.28093042651e-07 2.65786458942e-06 4.537270261e-06 1.733170562e-06 4.4197596211e-06 9.11927123251e-06 2.62143363199e-06 3.17007047916e-06 1.63837658704e-06 2.56968268688e-06 4.2075333993e-06 2.20504009576e-06 2.87004062503e-06 1.02910562678e-06 2.71380285345e-06 5.88237688007e-06 3.27243418431e-06 5.42312452691e-06 2.25270304541e-06 8.50412801424e-06 2.25873097791e-06 9.17148538968e-06 7.04152452254e-06 2.36995335607e-05 2.32237411119e-06 1.37673775479e-05 2.97640891539e-06 4.76883695651e-06 5.15029810534e-06 4.02287133214e-06 4.77350919379e-06 2.21346629576e-06 4.80264814205e-06 4.13682072556e-06 4.94634878564e-06 4.48460010194e-06 2.41474876847e-06 1.21209689177e-05 1.84069041445e-06 1.92650306482e-05 4.91480601157e-06 7.89625428664e-06 1.56203667684e-06 8.28552920071e-06 2.10179228227e-06 5.85827739422e-06 4.01408436006e-06 7.9434928052e-06 7.55899373223e-06 2.55476978915e-06 5.3306423678e-07 1.36067351598e-06 4.96386164406e-07 2.22234540353e-06 9.77600021884e-07 1.04088385108e-06 2.34555561432e-06 4.03127137895e-06 3.36927405652e-06 3.30913629135e-06 1.29261099836e-06 8.54843749868e-07 3.88720433442e-06 2.07898544775e-07 3.20673091528e-06 6.16165137702e-07 4.59500852177e-07 3.09100168112e-06 2.11243367688e-07 3.46240535743e-06 8.53488205617e-07 1.26940790703e-06 2.46080532042e-06 3.7245597295e-06 2.70907009802e-06 1.75405058488e-06 1.00939830121e-06 9.96195363611e-07 2.5340204027e-06 4.58495532937e-07 1.49042378464e-06 1.17124372291e-06 7.20875458719e-06 7.03205022359e-06 7.27228814552e-06 1.39093400677e-06 6.10146154243e-06 2.77805254715e-06 8.92633793732e-06 3.87475995878e-06 1.7563701215e-05 3.43697921818e-06 3.00534160592e-05 5.01923113165e-06 6.63133628723e-06 1.12333062408e-05 5.18074847918e-06 5.71413845485e-06 6.37332207309e-06 2.67826833716e-06 6.48144593123e-06 5.13379365812e-06 4.85486635799e-06 9.78798581362e-06 5.58841340234e-06 3.44618578328e-06 2.48470085239e-05 2.47694368722e-06 1.4957002907e-05 2.81875743968e-06 8.42355803266e-06 2.89496615296e-06 6.13718928837e-06 1.38357255146e-06 8.59768686089e-06 2.18069597024e-05 3.39686986747e-06 8.20257050605e-07 2.17998171981e-06 5.90195732108e-07 2.43150450743e-06 2.93589521703e-06 3.19845283863e-06 2.05927184435e-06 6.17190893184e-06 5.72415915166e-06 2.18301569718e-06 6.62717413857e-06 1.53022881271e-06 5.24349919065e-06 1.1202177633e-06 2.79590952498e-06 2.46109762809e-06 9.88619201526e-07 5.27951488887e-06 1.3341822885e-06 5.97690589488e-06 1.60380687233e-06 6.1398191674e-06 4.53824112074e-06 2.19105608634e-06 2.16594162625e-06 3.02888491185e-06 2.30834954618e-06 8.48379697209e-07 1.98633561977e-06 1.07603309245e-06 5.84097860976e-06 9.19872936679e-06 1.5737261165e-06 2.69931318997e-06 8.29630379704e-07 2.03138542686e-06 3.04012320399e-06 5.94212080396e-06 1.15346562815e-06 8.29099153237e-06 2.95771748949e-06 8.20885576786e-06 7.19742857837e-06 3.50630689281e-06 5.21068778548e-06 4.64493465922e-06 1.82171110884e-06 7.17525537748e-06 1.69170699894e-06 4.72659427991e-06 4.53003966301e-06 3.26767806258e-06 5.6121524699e-06 8.77043459687e-06 2.23036698741e-06 6.9727580547e-06 9.36853517292e-07 5.37865591969e-06 2.76379268639e-06 1.63355068285e-06 1.03785590364e-06 2.75975926279e-06 2.22501074734e-06 2.18813249223e-05 7.49637347379e-06 1.20023015089e-05 3.52641620547e-06 6.0177109367e-06 6.20124944094e-06 1.30270235988e-05 5.94138890742e-06 9.36644947084e-06 8.49068617128e-06 7.3665785757e-06 4.20100493311e-05 6.68312656633e-06 1.98539212873e-05 7.07134370851e-06 1.00219984836e-05 8.60566624881e-06 8.54311045417e-06 9.12647500306e-06 6.10591008006e-06 1.89092728627e-05 4.71008809509e-06 3.45986606424e-05 5.48801483075e-06 7.64980962677e-06 8.17772913513e-06 5.63686514355e-06 1.28904702544e-05 7.15407660685e-06 6.4770015044e-06 4.73171147631e-06 1.91541588128e-05 1.70586698387e-05 8.34978843522e-06 2.15210025857e-06 2.89861067438e-06 2.32886547296e-06 4.50670554794e-06 1.23980519883e-06 6.73731019191e-06 1.66855162943e-06 4.77051287227e-06 9.09131471241e-06 8.02888293832e-06 6.14810075258e-06 4.60415090153e-06 3.73220847172e-06 7.81848864249e-06 1.33465588488e-06 8.08172347505e-06 3.46569170287e-06 4.57804064539e-06 4.94103755658e-06 8.99082573657e-06 6.64098613979e-06 3.96254558744e-06 1.60388258347e-06 6.15347912809e-06 6.97325037749e-07 4.61674287324e-06 2.63739280484e-06 3.1392485624e-06 3.47791332895e-06 1.71801627713e-05 9.05752710937e-06 1.00545095023e-05 6.1171144972e-06 1.00045721539e-05 3.48708822349e-06 1.42164634596e-05 8.33289474749e-06 4.42473383688e-06 2.80473546605e-05 6.5961871467e-06 3.31507371556e-05 8.77799332133e-06 1.04361781638e-05 1.28977969202e-05 8.86121578131e-06 8.98420642039e-06 1.22011411036e-05 9.28383140979e-06 6.25925117559e-06 3.09880142997e-05 5.11516285772e-06 2.73392308082e-05 3.49254971399e-06 8.59527626076e-06 1.34708331635e-05 4.31637297192e-06 1.09055982675e-05 7.47681604843e-06 1.44769452232e-05 1.56036273096e-05 9.97557827212e-06 5.86346772528e-06 9.33608601978e-06 1.87258719075e-06 8.13317038096e-06 4.25327435007e-06 6.77019775424e-06 8.82147612489e-06 7.07459085918e-06 1.18693293651e-05 1.76564986687e-05 5.95674549977e-06 1.33771064517e-05 3.75423402273e-06 1.46512777366e-05 4.0133601662e-06 1.23382008996e-05 4.76100161659e-06 1.78261053525e-05 9.08102120203e-06 6.78856572056e-06 8.76783951357e-06 6.18775442894e-06 4.22380976546e-06 9.66018988661e-06 2.06229953747e-06 1.11484200674e-05 7.50089942862e-06 1.80719672555e-05 1.23522411365e-05 1.1022320753e-05 2.05053144063e-06 8.10461729611e-06 2.98943566927e-06 5.33544800838e-06 1.41209839565e-05 3.38476788302e-06 1.38159568164e-05 7.9369120121e-06 1.49830057821e-05 1.1255931024e-05 6.05166821056e-06 1.17571455061e-05 1.04282558791e-05 6.28697199798e-06 9.59234325075e-06 1.73203024346e-05 6.21031190384e-06 1.14094076577e-05 2.97392464752e-06 1.23202516497e-05 5.30743960269e-06 3.09748683582e-06 7.85629482869e-06 2.56937288548e-06 1.46286362294e-05 1.98927896232e-05 3.79798914377e-05 6.70404282425e-06 2.04076991074e-05 3.84359212959e-06 7.53421988691e-06 2.27907154674e-05 1.27461031778e-05 1.17918354032e-05 1.95971016565e-05 1.13182599388e-05 4.90468169581e-05 9.25327049971e-06 3.01225032786e-05 1.12737198022e-05 3.01165935527e-05 7.64693916683e-06 4.49102744689e-05 1.01184488758e-05 1.82635668693e-05 1.13262948595e-05 1.27437871162e-05 2.36159425892e-05 8.10128819849e-06 4.64929216815e-06 2.30641627085e-05 7.94062497652e-06 5.41420868432e-05 5.94948424243e-06 1.30385977938e-05 4.11935167254e-06 4.67305468934e-06 9.81373962432e-06 5.29665814849e-06 1.26117969e-05 5.17260872782e-06 8.5532542886e-06 1.55725094898e-05 1.59539112137e-05 1.38206738812e-05 9.83157886818e-06 1.07079891372e-05 1.16396589582e-05 1.80878453742e-05 1.1789854067e-05 8.59860518723e-06 4.63291263768e-06 1.2720229566e-05 5.26518935777e-06 1.10107549788e-05 4.25720062094e-06 4.15901130006e-06 1.44702959928e-05 8.40263730151e-06 4.91501431139e-05 1.22634530561e-05 1.26976536735e-05 1.821622993e-05 8.87010370452e-06 2.27313178425e-05 2.09400713652e-05 7.40305886662e-06 3.93529316544e-05 1.23863221445e-05 5.39152386133e-05 1.55078942302e-05 3.20897158078e-05 1.39970216591e-05 5.20716341318e-05 1.0133933413e-05 3.89273716139e-05 7.14865001812e-06 2.09032780307e-05 2.29553892597e-05 9.67797584616e-06 1.9376507203e-05 1.46814384558e-05 1.34569267669e-05 6.22756532728e-05 1.43723714823e-05 1.12825424532e-05 1.98940047047e-05 6.99485296187e-06 1.50065202871e-05 1.22702021342e-05 1.36410786193e-05 1.63214901327e-05 1.55988083069e-05 2.31640202462e-05 2.63184877572e-05 1.89943583005e-05 1.64832098085e-05 3.08451668769e-05 1.99941530555e-05 1.51290304362e-05 1.48360759486e-05 1.40374126278e-05 1.13938476393e-05 1.54871077272e-05 5.98142560282e-06 2.06789915653e-05 1.24379757518e-05 1.71457343615e-05 2.54917758387e-05 3.38089149795e-05 1.31780108282e-05 1.68256893354e-05 1.37128364078e-05 1.74797994527e-05 3.90208832153e-05 9.00229562699e-06 4.2390221959e-05 1.75750786471e-05 5.62546205861e-05 1.63481369437e-05 5.47948411652e-05 1.57865929281e-05 4.29131220623e-05 8.61061622738e-06 3.9336748322e-05 1.76750752553e-05 1.43918706662e-05 1.74277860005e-05 1.41688460503e-05 3.50384548821e-05 2.83473302186e-05 5.55238857734e-05 1.1916096667e-05 2.11467553037e-05 1.17810336142e-05 1.15400361503e-05 2.48679759808e-05 1.60434415105e-05 1.94024502402e-05 2.35164001088e-05 2.56552317687e-05 3.19210984459e-05 4.01948189383e-05 2.14805326015e-05 2.39197595915e-05 1.80869409768e-05 1.54772542545e-05 2.52199939785e-05 1.21499532251e-05 9.77938385114e-06 2.12298040292e-05 1.24046017291e-05 5.92605889927e-05 3.28671846346e-05 4.21449271738e-05 2.25428596888e-05 1.61946789131e-05 2.93294861604e-05 2.3175008108e-05 4.98719975713e-05 1.73685862939e-05 5.29631977045e-05 2.43318030311e-05 9.99852550718e-05 2.43318030311e-05 5.29631977045e-05 1.73685862939e-05 4.98719975713e-05 2.3175008108e-05 2.93294861604e-05 1.61946789131e-05 2.25428596888e-05 4.21449271738e-05 3.28671846346e-05 6.30717500317e-05 2.06550490183e-05 1.88587048522e-05 2.53920140192e-05 1.4856601556e-05 3.38713805011e-05 2.85416032077e-05 2.66723231417e-05 3.21544135283e-05 5.45578070579e-05 4.32663726856e-05 3.48493547671e-05 2.31978264829e-05 2.76661333333e-05 3.36618876513e-05 1.3445672092e-05 2.42191038285e-05 1.74227521507e-05 2.1154702431e-05 5.80815389236e-05 6.57846315083e-05 4.17074556858e-05 4.94484833694e-05 2.50579673886e-05 4.47496988509e-05 4.63471198821e-05 6.85941588857e-05 2.65860914885e-05 0.000106176587158 3.59934530006e-05 0.00010433024076 2.86668401003e-05 6.83388263489e-05 4.55983873131e-05 4.32647344486e-05 2.50387850623e-05 4.81589398563e-05 4.007671248e-05 5.9567636392e-05 4.43925972687e-05 4.06595574363e-05 1.96897975825e-05 3.15209136697e-05 2.37922927881e-05 3.67252126211e-05 3.32726043597e-05 5.16193465836e-05 3.91790540417e-05 4.46548728915e-05 4.18402776679e-05 3.5278151868e-05 3.65645365909e-05 2.22264477881e-05 2.82758181936e-05 1.57626342035e-05 3.95357582636e-05 3.30330918715e-05 0.000157694331348 4.66408564386e-05 6.95828973317e-05 4.45278676798e-05 5.8915707112e-05 6.44344153919e-05 0.000130966448557 3.83734175635e-05 0.000106641436985 3.92655556139e-05 0.000128675529232 6.53887912981e-05 5.86262224711e-05 4.32983280865e-05 6.6434696812e-05 4.05602929653e-05 0.000129773850758 9.70973584253e-05 0.000100655099887 7.01598139923e-05 7.2721610469e-05 6.34605710725e-05 0.000147516609381 7.48293679148e-05 6.23184078989e-05 6.17365847275e-05 7.74382346651e-05 0.000137184207625 6.30630714285e-05 6.84395434571e-05 6.55384353881e-05 9.19969033806e-05 7.53660011619e-05 0.000196060712739 8.62299934817e-05 9.59466272024e-05 6.04218577532e-05 0.000140311617808 7.48660046267e-05 9.58308376308e-05 3.52426621671e-05 9.74757230936e-05 7.56156087108e-05 0.000118683244708 5.6320076199e-05 8.53408897279e-05 7.6653896359e-05 0.000152372220734 0.000183803746606 0.00012499143994 0.000101684596868 0.000168049167942 8.21105207775e-05 0.000112479805131 6.01315784936e-05 6.75909830212e-05 0.000109620118605 8.11431577855e-05 0.000131773686289 8.65293020291e-05 0.00011130854953 0.000128245288093 0.000386316382353 0.000204163205017 0.000308773748592 0.000118576178776 0.000149805954534 8.33553296349e-05 0.000143039872775 8.72145927529e-05 0.000138641176565 0.000106606372546 0.000247269935315 0.00017420175612 0.000284926290818 0.000637065641718 0.000632501497331 0.000223650433287 0.000196586348819 0.000100232841756 0.000193879371649 0.000187308443383 9.57161418476e-05 0.000176488974933 0.000195342861227 0.000511299971112 0.000469909323589 0.00423422604119 0.000727381916434 0.000594932066808 0.000226592011558 0.000359583346604 0.000385459661337 0.000318478454269 0.000196321517059 0.000471496082839 0.000576404370381 0.00235612959705 










