








































2.92113137537e-07 1.66292510157e-07 1.49950357856e-07 2.09553910914e-07 1.59742472526e-07 3.55826199116e-07 2.02845494529e-07 4.04145690645e-07 6.77951135452e-08 2.24277451645e-07 5.50450275422e-07 2.05939869772e-07 1.15235743958e-07 2.51450007752e-07 7.82224563445e-08 3.95197311721e-07 5.43812013958e-07 8.13344592654e-08 5.49655455077e-07 4.0171910559e-07 7.95886884688e-08 2.68197832771e-07 1.27920556743e-07 2.08443623363e-07 5.9646022919e-07 2.35177397742e-07 8.83047262253e-08 4.56746111038e-07 2.25970242282e-07 4.22244429231e-07 2.05078562503e-07 2.59924094916e-07 1.72325030457e-07 2.08130379256e-07 2.13856823253e-07 2.21265799075e-07 7.76877285151e-07 1.32064881006e-07 1.64256499549e-07 1.8555252372e-07 2.8677266014e-07 1.08677321026e-07 3.24776251097e-07 5.7667739581e-08 9.38902041963e-08 2.50262122884e-07 2.55485562146e-08 2.62545374622e-07 1.02511745718e-08 1.42251650399e-07 5.25639994539e-08 1.60097260988e-07 1.22846740129e-08 6.26275539293e-07 1.95992536159e-08 1.61177789078e-07 5.78080608489e-08 1.41719861278e-07 2.05186903424e-08 3.20326617843e-07 3.55901577915e-08 2.64038882562e-07 1.27617997466e-07 6.41610974612e-08 4.39756951801e-07 1.35422634246e-07 3.85703163313e-07 2.236773956e-07 1.74508321209e-07 1.4937121073e-07 5.55063285023e-07 2.70856688169e-07 7.94427325824e-08 1.8563596293e-07 2.91314802836e-07 2.29414919428e-07 5.51718959913e-08 1.69575862311e-07 5.98271545677e-08 5.25979797175e-08 3.84605177347e-08 6.76706276212e-08 3.18428177099e-08 1.08691608788e-07 6.9481162024e-09 8.21656869975e-08 8.30158189962e-08 3.73225154634e-08 5.32325934754e-08 1.07669769045e-07 1.24460260924e-07 5.82189460614e-08 3.03534490778e-08 9.00683525951e-08 8.74122105925e-08 1.97589353707e-08 1.54162497405e-07 2.64815907484e-08 8.53318592357e-08 3.85116083298e-08 9.34473332973e-08 5.87690108093e-08 2.14443502666e-07 6.7849751098e-08 1.4563288895e-07 2.21127349246e-07 1.92022682779e-07 1.13952509483e-07 2.51012076949e-07 3.596278811e-07 2.35385058264e-07 5.82870905015e-07 1.8642574411e-07 5.88280493289e-07 2.27918567641e-07 1.69614145822e-07 7.75215345094e-08 5.57613371807e-08 4.26413610984e-07 1.2939979721e-07 1.09855721851e-07 4.35296101159e-08 1.67636800645e-07 2.37905497523e-07 1.04935042471e-07 1.85153801235e-07 4.75912042097e-08 1.66087164465e-07 8.47667999997e-08 8.75934102835e-08 1.85155612124e-07 5.40916062014e-08 2.14028235431e-07 1.0580589443e-07 2.73938136268e-07 1.80666896189e-07 7.04579319836e-08 1.23682684891e-07 1.5461330609e-07 4.39020348769e-07 7.02064216614e-08 9.228033443e-08 2.04316366727e-07 2.63802579307e-07 5.97072862855e-07 1.85365895149e-07 4.46774347832e-07 1.42221342287e-07 4.07055229518e-07 3.42858823454e-07 2.57516078681e-07 1.6160670211e-07 7.98661034195e-08 1.92734328167e-07 5.89016718263e-07 5.04276991142e-07 2.82247571034e-07 2.37725116384e-07 1.225917115e-07 1.46943931842e-07 2.46615911333e-07 5.29614008064e-08 1.54224379915e-07 2.16331505684e-07 1.14613815394e-07 1.69406694733e-07 1.7925783844e-07 1.99954322957e-07 1.4220033277e-07 1.85186953792e-07 1.452269887e-09 2.64361299821e-07 2.35988364093e-07 1.52628121315e-09 1.85354712209e-07 1.46462610674e-07 2.17864163129e-07 2.14578193674e-07 1.27940333759e-07 1.38968911072e-07 2.35239866604e-07 1.41882790589e-07 5.08780227078e-08 2.61711646759e-07 1.75697072332e-07 1.29559208484e-07 2.62709934671e-07 2.68117599633e-07 4.30570964413e-07 4.60093239125e-07 1.72611150596e-07 7.83757517005e-08 2.09218985359e-07 3.44042714638e-07 4.46495293149e-07 4.44536509002e-07 1.6314726652e-07 2.78702721451e-07 3.86492880427e-07 1.94737196896e-06 5.88438730839e-07 3.64673496315e-07 3.35364872254e-07 3.64209940688e-07 1.30880239062e-06 4.20512332287e-07 1.21022783696e-07 4.82282035414e-07 4.23791195808e-07 3.80277191477e-07 4.05261741226e-07 3.32925639448e-07 2.80908360176e-07 8.12483699252e-07 2.2112320375e-07 3.88903816067e-07 2.64737534364e-07 3.02183036959e-07 3.81672653016e-07 2.45607101526e-07 7.91809813598e-07 2.90894434694e-07 2.94705516676e-07 4.37606653861e-07 4.05795842022e-07 4.29282164639e-07 5.21671456629e-07 1.35679624004e-07 4.30134726605e-07 1.32185978794e-06 2.98223716959e-07 2.63036311666e-07 4.02344017077e-07 4.89854733641e-07 1.38654357913e-06 3.89061078433e-07 2.82923879435e-07 2.18114068155e-07 6.33664036562e-07 5.54577383225e-07 2.73229903977e-07 1.08199970968e-07 3.32496619834e-08 1.66640354129e-07 9.43716948241e-08 3.42082781894e-07 5.79268292118e-07 5.48886508886e-07 1.64085867401e-07 9.17799601189e-08 5.75282450664e-07 1.91617551262e-07 1.23104422193e-07 2.31710393974e-07 9.02665025926e-08 1.05495760534e-07 8.25729452338e-08 1.30659659034e-07 1.07699187649e-07 1.74843925796e-07 4.8139729077e-08 1.98970606239e-07 2.10550327503e-07 3.22016628009e-09 2.1173912136e-09 2.46442737314e-07 1.83834825914e-07 5.90149188689e-08 1.3073738948e-07 1.35066197256e-07 1.29491289433e-07 1.1982012203e-07 9.47718250807e-08 5.59801180235e-08 2.25096443541e-07 1.29467576163e-07 1.76630008032e-07 4.4523920901e-07 7.78778172396e-08 1.5190799551e-07 2.70037290348e-07 4.64228686242e-07 3.60370191891e-07 1.29765090857e-07 2.07283521747e-07 4.71087781066e-08 1.66241844443e-07 3.28750341816e-07 2.70156550643e-07 2.27043332813e-07 9.66885953929e-08 2.62063802523e-07 2.68194335874e-07 1.24413483828e-06 6.6053032009e-07 1.27206923759e-06 1.23639253328e-07 3.55615433142e-07 5.19768323707e-07 3.34480432818e-07 1.22337527795e-07 9.42697856298e-07 3.02178458095e-07 3.53219870725e-07 2.69059688732e-07 6.51856265159e-07 1.85445655458e-07 7.13862833675e-07 1.21289038876e-07 4.013067287e-07 5.13227272947e-07 3.79330162548e-07 2.7412647765e-07 3.72314911193e-07 4.9201161544e-07 4.01563859467e-07 1.24771748622e-07 7.38875862227e-07 1.9359741153e-07 6.18155056448e-07 2.88698804849e-07 3.2445568718e-07 2.81702643732e-07 9.50084311175e-07 7.56019921619e-08 3.23691890798e-07 5.12983701864e-07 2.72229537828e-07 1.09966950375e-07 9.83971486697e-07 3.30055926461e-07 1.14031491229e-06 3.22839617469e-07 2.88638761946e-07 1.32849967784e-07 3.17126427365e-07 3.02996972975e-07 1.20590556137e-07 1.1876346129e-07 3.09187577847e-08 7.2944904322e-08 4.76316368105e-08 1.40560595878e-07 8.74854951484e-08 3.13267175103e-07 2.89987599719e-07 2.47794612898e-07 2.9306667709e-07 1.14164551049e-07 1.90224067405e-07 9.86877206776e-08 1.65970547997e-07 9.29450166621e-08 1.28613681935e-07 1.00827868332e-07 1.12685449475e-08 5.30686178674e-08 9.35688116396e-08 3.9272741791e-08 1.51846831407e-08 9.28265022284e-08 2.05246732407e-08 2.36355321982e-08 1.12444476356e-07 1.48215048214e-07 8.96988267524e-08 1.74863945556e-07 1.12561328213e-07 1.95891256978e-07 1.05037346551e-07 2.08081534123e-07 1.41210316279e-07 2.36622888486e-07 1.45430779006e-07 1.21871220805e-07 1.55638042051e-07 4.90094669318e-08 9.38113388732e-08 3.66684931224e-08 1.60899586463e-07 1.43798349596e-07 9.25820392963e-08 6.65615580157e-08 2.79734714792e-08 8.57591589736e-08 1.4793841723e-07 4.49006636525e-07 2.29456208459e-07 2.51692903922e-07 2.12979573314e-07 5.87011969776e-07 6.81266968328e-07 2.2737045794e-07 5.47012046561e-08 5.44745529384e-07 1.36959974272e-07 3.82036298296e-07 3.58766493021e-09 2.94992408628e-07 4.90230976742e-08 4.95503242876e-07 2.25519413633e-07 7.74271015959e-08 1.91785544271e-07 2.03450895921e-08 3.9459396982e-07 3.42748746126e-09 1.7780509713e-07 7.77340843728e-08 2.19071958716e-07 4.71733686231e-07 4.77448377612e-08 2.3879111503e-07 1.52084559082e-08 3.83088426951e-07 1.59197695901e-07 4.05815904434e-07 5.27555922629e-08 2.06546276509e-07 4.0716030572e-07 4.76768312489e-07 1.20012339625e-07 1.98387361111e-07 1.83439256651e-07 4.24506437709e-07 1.74458516761e-07 1.27117194775e-07 3.23190664652e-08 8.50698729919e-08 1.03828757772e-07 3.15873319466e-07 5.23525419093e-07 2.66793395469e-07 2.71238346419e-07 2.76500444759e-07 1.07489498404e-06 4.82478719758e-07 1.22189920502e-06 2.20444935755e-07 8.78826610468e-07 2.44925477786e-06 7.24560769007e-07 2.80138789375e-07 6.46612355955e-07 4.60230387836e-07 7.54177604184e-07 7.4123058696e-07 7.45620192484e-07 1.63726742653e-07 5.92399854701e-07 3.02625197963e-07 4.1550496031e-07 5.86390127996e-07 2.8926774206e-07 4.53136487952e-07 8.92662290815e-07 8.45465955508e-07 4.48805208894e-07 2.20723505698e-07 6.09942920539e-07 3.92029747696e-07 3.088962946e-07 6.0729897696e-07 1.36972936651e-07 6.54329431213e-07 6.5385998584e-07 5.78904447063e-07 4.57466071388e-07 6.23571033376e-07 2.48061172106e-07 4.01840660008e-07 1.77100491584e-06 4.90747536171e-07 2.16820871394e-07 1.16840913591e-06 4.34010291409e-07 9.61429333702e-07 3.20027739829e-07 3.26800705354e-07 3.75323077769e-07 7.0803955671e-07 3.40171749811e-07 5.6403310341e-08 1.77793921051e-07 7.50139338956e-09 1.35535293055e-07 8.82961493105e-08 4.1564246249e-07 1.57838282234e-07 1.31080989937e-07 1.51612148994e-07 1.61074587745e-07 6.3763488664e-07 5.946146315e-07 4.08376472103e-07 1.15398033587e-07 3.76477998039e-07 4.670140621e-08 3.09049287957e-07 3.63677660303e-08 3.6670206036e-07 3.63935316629e-07 7.34284763345e-08 2.06358397492e-07 1.14587868311e-07 3.09169423871e-07 1.07435502541e-08 3.70887897185e-07 8.06027971188e-08 2.05449419103e-07 7.9236197738e-08 3.17818885516e-07 3.55756381284e-07 8.5646398448e-09 2.72550114085e-07 5.30076989285e-08 3.23882566416e-07 8.64372459207e-08 2.75925170398e-07 4.87120398717e-07 3.92419021602e-07 1.54692671469e-07 1.13367626906e-07 1.23231949001e-07 1.45374399745e-07 4.59381031101e-07 1.00007913308e-07 1.68494611369e-07 1.0693246336e-08 2.64684803809e-07 5.90643686818e-08 2.97343939757e-08 7.10912248991e-08 1.42702077165e-09 1.51125784108e-07 6.80043656882e-08 1.7325109511e-07 5.14407665609e-08 1.31976966292e-07 1.37671570791e-07 2.87084922607e-07 4.12403005295e-07 1.26392744459e-07 5.07518261145e-08 1.29292797945e-07 1.72706836299e-07 1.12112563357e-07 1.53587284423e-07 1.59475037629e-07 1.53931504878e-07 7.37172086179e-09 4.6873560625e-09 2.898470037e-08 1.71123959695e-07 1.6987854512e-07 2.39925095258e-08 2.18431642494e-08 1.78116331696e-08 1.63491303416e-07 1.07000754154e-07 1.57942072872e-07 1.17367985648e-07 1.88015660512e-07 4.90786843918e-08 6.92258015856e-08 5.36182046163e-08 2.30818171937e-07 2.42125015109e-07 5.72352906558e-08 1.63621564776e-07 5.39817428407e-08 1.35458462747e-07 4.65271871465e-08 1.5512265214e-07 5.39033085054e-09 8.40632970342e-08 3.11313948118e-08 3.37245079188e-07 1.84413062294e-07 2.29550792165e-07 4.57130382339e-07 7.13154086582e-07 3.75508508611e-07 7.33440653795e-07 1.28528941146e-07 2.86010080116e-07 1.88422709619e-06 2.6383995936e-07 4.81813100604e-07 2.36656211416e-06 7.69397804398e-07 9.68262780696e-07 5.04726268266e-07 1.08946649064e-06 3.79151361359e-07 1.35752247374e-06 2.65947935173e-07 4.93824416993e-07 4.71344707859e-07 6.33489637088e-07 2.6834680911e-07 7.5153563592e-07 4.76601047486e-07 6.29078355426e-07 4.85987309723e-07 7.63851963095e-07 2.62510186357e-07 5.66895084498e-07 5.19503987244e-07 4.11614190002e-07 2.82451740991e-07 1.25952749911e-06 3.69845418599e-07 9.68223995616e-07 4.66150146443e-07 7.34506924249e-07 4.34239555488e-07 1.7465928359e-06 2.64637612856e-07 1.80048671919e-07 1.54273607705e-06 2.29780064516e-07 1.17188485094e-07 5.77671983365e-07 4.08153949493e-07 7.78255842368e-07 5.66488539403e-07 3.1295262303e-07 2.33468356321e-07 4.33385297285e-07 1.06452446182e-07 7.18012109273e-08 6.34311501169e-08 6.33306623775e-08 3.34400259354e-07 9.07982609623e-08 2.64051748475e-07 8.07870842376e-08 9.54240762567e-08 2.73632668171e-07 2.15797121665e-07 7.8844221543e-08 5.3062202976e-07 6.51466136024e-07 3.35235750929e-07 1.88404379441e-07 2.01697197094e-07 2.55038416714e-07 2.87383078167e-07 6.05707052575e-08 9.74748800053e-08 1.0618480803e-07 1.48869724459e-08 3.12616292185e-07 7.3071275797e-08 4.7006543533e-08 1.7464021304e-07 1.3656874842e-07 2.86271473038e-08 9.76820215699e-08 2.38221470005e-07 2.09442789227e-08 1.27599666182e-07 2.26582588021e-08 3.7241490752e-08 2.32857654896e-07 2.11770141573e-07 1.44941660869e-07 6.22962003635e-08 1.68395775824e-07 5.2578204062e-07 3.48885769263e-07 4.63452625708e-08 1.10311800677e-07 2.26339590479e-07 8.48596197868e-08 8.57450464504e-08 2.81036794058e-07 9.0367111912e-08 3.58706952586e-07 7.32455840117e-08 7.69626942516e-08 7.58318824404e-08 1.24561334248e-07 3.09860264377e-07 1.60904059819e-07 1.5179253842e-07 1.95719169498e-07 7.92279805964e-07 7.34015173761e-08 5.85922573571e-07 1.37547491819e-07 2.1017623456e-07 8.68108481214e-07 1.17426502286e-07 1.59063589502e-07 4.68002757401e-07 5.33273313354e-07 1.19568362888e-06 5.06539606994e-07 9.55076106411e-07 6.39389857176e-08 1.21006958488e-06 8.82588562395e-08 8.34177417507e-07 2.32781591396e-07 3.78093170277e-07 1.32113456731e-07 9.15535050417e-07 2.46493314341e-07 8.18269086574e-07 8.95678619322e-08 8.08740914079e-07 2.57872512192e-07 8.4885666073e-07 9.6807687766e-08 3.80446314084e-07 2.18049016365e-07 8.0282071062e-07 8.75148152317e-08 8.99866762118e-07 7.8704982929e-08 7.39248821291e-07 2.31118171288e-07 1.00468563457e-06 2.99520761133e-07 4.20893600805e-07 1.61073047217e-07 1.25225754017e-07 7.65562303845e-07 1.86251527571e-07 1.50853057751e-07 5.4342529793e-07 7.41048021793e-08 8.46380993676e-07 2.26024639911e-07 1.93402637364e-07 2.00620214601e-07 4.06165422386e-07 2.15602703688e-07 4.27203916961e-08 2.49850385582e-07 2.0226696845e-07 2.30127030834e-07 1.21591661539e-07 3.27463100945e-07 1.31619628382e-07 2.25393240521e-07 8.63513732055e-07 9.56083271374e-08 1.6404402313e-07 1.12402332187e-06 1.40193373331e-07 8.5073532903e-07 1.38601069127e-06 6.65019803906e-07 3.53393601742e-07 5.03108385701e-07 2.79735340085e-07 5.77711835991e-07 7.28480553375e-07 4.29226959642e-07 2.12326116452e-07 4.76954720624e-07 7.83509144271e-07 2.15310656202e-07 4.78360080174e-07 5.81240116235e-07 2.23902708457e-07 7.4061944118e-07 4.85283740131e-07 1.96435052672e-07 3.5058929664e-07 7.55996674968e-07 3.79318623299e-07 2.95052745465e-07 4.98367417031e-07 1.87678146742e-07 4.25116637098e-07 1.07922217114e-06 4.0519250349e-07 6.42014515089e-08 1.05263335613e-06 1.17393559368e-07 1.06881316796e-07 6.36864566051e-07 2.27555316197e-07 1.22677569109e-07 3.07257430803e-07 1.58172241885e-07 2.61031509807e-07 2.71526686582e-07 3.13962727897e-07 5.89556258794e-08 2.71444014443e-07 4.59050710545e-07 1.28354780964e-07 1.86123656057e-07 1.87117561068e-07 7.38299060806e-07 1.44990729122e-07 4.76154241693e-07 6.53185195418e-08 1.43262393558e-07 8.20717113049e-07 1.97245370602e-07 1.24799988796e-07 5.65249267852e-07 3.79719488262e-07 4.72344175986e-07 9.71276756087e-07 1.87196763951e-06 7.261593817e-07 1.11499878336e-06 1.77620357015e-07 1.00062747914e-06 4.64118647425e-07 4.89325658893e-07 3.84178347068e-07 5.93419018693e-07 3.63481399155e-07 1.15173218561e-06 1.09793393041e-07 7.25392620646e-07 1.42852189394e-07 1.00902325984e-06 3.2792695448e-07 5.39630857089e-07 3.12941803519e-07 4.34605769173e-07 4.04225273677e-07 8.99255032667e-07 1.35949245734e-07 8.48104641119e-07 4.44361056329e-07 1.46485334644e-06 4.3151819437e-07 4.99988039735e-07 2.46719910701e-07 4.25600745546e-07 1.16838227371e-07 1.43558826165e-07 8.5685125532e-07 1.30774187449e-07 7.05169778377e-08 5.04058448296e-07 1.33635262534e-07 8.33902328272e-07 2.32014710818e-07 2.41042259509e-07 1.93688485602e-07 5.49253919734e-07 1.6847044168e-07 2.20045228979e-08 6.23335163198e-08 1.07780295781e-07 1.57607409806e-07 5.86910976659e-08 2.59965696759e-07 6.35380526134e-08 7.54922898569e-10 2.88317671297e-07 1.78626356245e-08 7.84316737995e-08 4.7692156463e-07 6.58373516477e-08 2.80313228694e-07 1.4765577295e-07 5.0327724134e-07 6.67678801439e-07 5.47794822112e-07 1.14529700866e-07 1.55386244368e-07 4.00300102629e-07 7.60838516508e-08 2.02425358361e-07 1.83219300462e-07 1.66906220927e-07 1.83934899598e-07 1.00928977598e-07 2.30903126818e-08 4.50694181089e-08 1.21481794538e-07 1.78156909343e-07 1.27242057255e-07 1.14326262746e-07 2.04337215669e-07 6.94550008257e-08 2.92968269315e-07 1.37431652392e-07 3.95101807133e-08 2.16952380559e-07 5.46510356617e-07 3.30149867744e-07 1.00609182971e-07 2.13917442452e-07 9.46257841278e-09 3.9084947513e-07 8.1706680741e-08 4.16570361435e-09 2.48707245541e-07 1.37308994914e-08 7.52871365494e-08 2.70589313547e-07 7.13609449629e-08 1.84921252012e-07 1.12897894913e-07 7.86973276605e-08 2.95306009111e-08 1.88621453838e-07 4.59733580058e-07 1.84440419799e-07 2.38568651434e-07 3.42364351261e-07 7.63852547099e-07 3.2290567652e-07 3.86143104191e-07 1.928946563e-07 2.66969623998e-07 9.22227042184e-07 2.8657983147e-07 1.82121501766e-07 1.36813910575e-06 3.40139233361e-07 8.32004197492e-07 1.52689515679e-06 8.66985875931e-07 8.87950658353e-07 2.72376221776e-06 6.1484635521e-07 1.52274633347e-06 5.93924754178e-07 1.1541181218e-06 6.73801678078e-07 2.00655773476e-06 1.04482295696e-06 1.07566172802e-06 3.97734499893e-07 1.72931483051e-06 4.48677109834e-07 1.55057914939e-06 5.01237406461e-07 9.25971431833e-07 1.02009335133e-06 1.80451626914e-06 5.77865807762e-07 9.27906324871e-07 5.44399879186e-07 1.17766077619e-06 4.00041176289e-07 2.20752867553e-06 5.0511684084e-07 7.0186236688e-07 1.26152406783e-06 7.66735986542e-07 3.65601804974e-07 1.10127212762e-06 1.92709315722e-07 2.65283928348e-07 8.85013375884e-07 2.58363530347e-07 1.91284110647e-07 4.21486303367e-07 3.99922072045e-07 9.0101761307e-07 4.5204841539e-07 2.96271357187e-07 2.25293950917e-07 5.27216078706e-07 8.09215850319e-08 4.68121512734e-08 8.33288051761e-08 3.22671423669e-08 1.40007345334e-07 5.8906384164e-08 2.82904355604e-07 4.40104058594e-08 1.1310774531e-07 2.19392284312e-07 5.53012404283e-09 3.75040552987e-08 4.1662620113e-07 4.86512112418e-08 1.69642241526e-07 1.61946574058e-07 4.14759806385e-07 6.51600794334e-08 6.59395938883e-07 5.75143045019e-07 3.68333498539e-07 2.82971085326e-07 1.44288010468e-07 2.77340879489e-07 4.64400061837e-07 3.93541031709e-07 3.5880418758e-07 9.10397304567e-08 1.20419319511e-07 3.32799165604e-07 2.79483211044e-07 1.53059124055e-07 1.22955622221e-07 3.12863566591e-07 3.5672535043e-07 3.32953548956e-07 2.32938256576e-07 1.17751235317e-07 1.14867682865e-07 2.56227713429e-07 5.09254372935e-07 3.83482586463e-07 5.40579570061e-08 2.90575913215e-07 1.33987574779e-07 1.38679067256e-07 7.85490170738e-09 4.03752970708e-07 3.93318760995e-08 8.20858966543e-09 2.71432108387e-07 1.05616790554e-07 6.52690500772e-08 3.06245798722e-07 6.98961723008e-08 1.82958896739e-07 5.47512408894e-08 1.1621540932e-07 6.11981246695e-08 9.02771597293e-08 2.71730478722e-08 1.43632331422e-07 2.08973572359e-07 1.44645320959e-07 4.39856392696e-07 1.43533164027e-08 5.86791737216e-07 1.05357350067e-08 1.81987419724e-07 8.98643552534e-07 9.19016885082e-08 5.6294620219e-08 7.05085023292e-07 1.57580229428e-07 4.33487992776e-07 6.13887867481e-07 5.12342379989e-07 2.58294339145e-07 7.84088151144e-07 5.91938960168e-07 1.8727444877e-06 1.08221950905e-06 6.06150722985e-07 2.75670982655e-07 1.38736711342e-06 6.17869691582e-07 1.14231226721e-06 1.5626709744e-07 5.01840960675e-07 3.35598057917e-07 1.13278599539e-06 3.10565937558e-07 4.93617474858e-07 9.55676865408e-08 1.13269957399e-06 6.16820003242e-07 1.07354615339e-06 2.68631848127e-07 4.81881521936e-07 5.70087127504e-07 1.50161155347e-06 3.39063261164e-07 6.97611653932e-07 2.30277038162e-07 4.79766235631e-07 5.00137375531e-07 4.08532801209e-07 1.22003639175e-07 6.04488704728e-07 6.97871593658e-08 9.33436399907e-08 8.75745817283e-07 1.64283932166e-07 8.81767980262e-09 6.38324594524e-07 1.6772898191e-08 4.95960991548e-07 1.96618567488e-07 2.54613093703e-07 1.73869528039e-07 3.03467306934e-08 2.79724923015e-08 1.73985937424e-07 3.86768209161e-07 1.91347639287e-07 5.94852985984e-07 1.82900245129e-07 3.92040931884e-07 4.28135517445e-08 3.89809778925e-07 3.16823144582e-07 3.52316226123e-07 7.06518582403e-08 6.21434162385e-07 1.70011394332e-07 4.26338712902e-07 5.82884711854e-07 4.79550362166e-07 2.1897361434e-07 2.00313038849e-06 3.04765187471e-07 1.35150526057e-06 1.94998126032e-06 6.05557364241e-07 8.62855716296e-07 6.69489642589e-07 1.06507117139e-06 8.77818698483e-07 8.2800333468e-07 7.88109447424e-07 4.76076155597e-07 7.40736583345e-07 8.097649404e-07 3.46023204292e-07 5.98965471217e-07 8.34335211001e-07 6.33036051575e-07 9.84222009553e-07 6.54138792091e-07 6.11061814686e-07 3.50188414044e-07 1.65281575158e-06 8.03634975624e-07 1.81067845726e-07 1.55782969285e-06 1.26802685791e-07 4.68802398792e-07 4.71560399602e-07 3.88845822001e-07 1.35378926012e-07 6.21662114364e-07 7.92507144551e-08 3.38127835204e-07 3.33663721562e-07 4.40804321698e-07 7.6741541658e-08 3.89070685492e-07 2.26363609914e-07 6.97001614507e-07 2.46049253902e-07 4.64902517998e-07 2.09365090031e-07 3.0712248323e-08 7.45355684382e-08 1.37721228047e-07 2.83949053577e-07 3.31345907834e-07 1.47758555088e-07 2.46183358576e-07 2.99908963141e-08 5.76150601728e-08 7.45438519563e-07 1.4709668439e-07 9.53868990475e-08 5.54530379509e-07 6.38715100956e-08 3.4959667895e-07 3.59512667507e-07 5.57338485049e-07 1.74039063521e-07 5.66067987968e-07 2.56224550666e-07 4.61864676234e-07 1.0752978472e-06 1.41766436509e-06 9.36547401283e-07 9.00821186134e-07 2.51319289512e-07 6.72769744386e-07 2.85232218793e-07 1.008253599e-06 5.50857588167e-07 6.32101424795e-07 1.37939142467e-07 6.35412944137e-07 6.02205722152e-07 9.95107721622e-07 2.67288704286e-07 6.40207990997e-07 2.30026588409e-07 6.79131349121e-07 6.18138553561e-07 1.16859024951e-06 4.83965543368e-07 4.09753690126e-07 1.86499798205e-07 5.04907557226e-07 1.91781134208e-07 4.43816763635e-07 3.37750917651e-07 3.25208991517e-07 7.51719449058e-08 5.55746255425e-07 9.46783665735e-08 1.28756949165e-07 7.3693187139e-07 6.17166665642e-08 3.85689056734e-08 2.73958813698e-07 1.64872821391e-07 3.76727979004e-07 3.2874849401e-07 1.49839288783e-07 8.97120658635e-08 1.25059435276e-07 1.02083034458e-07 2.56619823742e-07 3.89603002439e-07 1.76922644734e-07 2.55265970291e-07 3.22000185611e-09 1.5025791801e-07 4.09025492557e-07 1.86954871978e-07 3.36847185038e-08 7.67323475591e-07 2.65668294864e-08 2.20230138091e-07 3.97502655334e-07 5.83392493684e-07 1.47032441922e-07 7.36153527372e-07 5.56498652862e-08 6.4693862796e-07 3.75554200601e-07 8.98009238906e-07 1.57575640393e-06 1.2587866633e-06 9.18449393673e-07 2.97521336701e-07 4.28709126704e-07 7.49073472413e-07 7.2334700986e-07 7.81193571287e-07 2.45914596393e-07 1.95563662052e-07 7.59145094156e-07 7.24752006589e-07 6.85490659595e-07 2.85954342302e-07 2.87525945971e-07 6.00836499475e-07 7.12279728861e-07 1.27342346079e-06 5.21170749177e-07 3.40949689149e-07 5.45993997216e-07 1.27592691812e-08 6.99090279283e-07 6.84045884851e-08 5.71647719132e-07 3.17768084368e-07 2.19741680062e-07 2.09013598917e-08 7.85777899948e-07 6.19827885694e-08 2.05886515401e-07 4.38432572771e-07 1.45630285869e-07 5.05621301101e-09 2.70083882957e-07 1.8770738269e-07 4.42536959539e-07 3.04236629725e-07 1.3488763993e-07 1.42626059925e-07 3.13006671044e-07 4.55294774458e-07 3.56970053261e-07 7.21497044578e-07 2.48712767576e-07 6.40526269341e-07 1.14827973197e-07 3.26313495088e-07 8.81705162418e-07 3.21695705422e-07 1.79828729968e-07 6.44783497852e-07 4.22489917108e-07 4.7018825736e-07 6.64266571506e-07 9.34888721022e-07 1.36825305728e-07 1.79036617651e-06 4.01675809245e-07 1.03816910719e-06 1.9966333638e-06 7.62435481246e-07 1.87322889464e-06 3.25485775546e-06 2.03434025695e-06 1.8279574518e-06 5.55060442827e-07 1.92840878995e-06 9.37254648042e-07 2.54662783534e-06 8.24228654024e-07 9.46596333114e-07 8.46961913811e-07 2.45298075253e-06 8.68052387948e-07 1.67712825414e-06 5.85461977471e-07 1.47082556563e-06 1.35109348459e-06 2.68516162466e-06 1.16804204093e-06 6.39703607168e-07 1.61277630716e-06 8.39887771875e-07 3.9108401605e-07 1.45832088142e-06 1.77724354761e-07 8.45900556514e-07 6.59937936707e-07 4.24882624025e-07 4.51601854379e-07 5.90279067995e-07 1.82662279315e-07 3.45913815995e-07 9.06509102336e-07 3.53843806679e-07 1.81437146412e-07 7.34789936015e-07 2.78390938607e-07 8.87002231962e-07 3.78397762941e-07 5.5207869765e-07 3.56072200752e-07 1.28713942586e-07 2.27235115264e-07 2.72183012815e-07 5.86406505851e-07 2.267570693e-07 3.79067819034e-07 1.70956049575e-08 2.6026731802e-07 4.43823766771e-07 3.41273886555e-07 8.07019568399e-08 9.73657912618e-07 1.17658168442e-08 5.8087660023e-07 4.57241579347e-07 4.61716337387e-07 1.2452433046e-07 1.33064154734e-06 1.83882084121e-07 7.94964772623e-07 5.75606984716e-07 9.61819968128e-07 5.80780034835e-07 1.87011091159e-06 2.47294372005e-06 1.24017676749e-06 7.60994605374e-07 5.85453992179e-07 1.03533597105e-06 1.07060445497e-06 6.17337709973e-07 5.29937918364e-07 3.95273362087e-07 5.80037342797e-07 8.71750435672e-07 9.01733197423e-07 5.61895005258e-07 3.07301306653e-07 8.51295522987e-07 2.02700979835e-06 1.0439266226e-06 6.06665276236e-07 7.80505390467e-07 4.9642022859e-07 6.7065134987e-07 1.22657134542e-07 1.27593650934e-06 6.07853243234e-08 4.66536422866e-07 4.75259754276e-07 5.59045849567e-07 1.8751363572e-09 1.0121265386e-06 1.03293955389e-07 3.65581345606e-07 4.63957364568e-07 2.67092751028e-07 9.10683355789e-09 4.03645225912e-07 2.57084012921e-07 6.52337803479e-07 3.13272852157e-07 2.60148593932e-07 1.44000713221e-07 2.34565252833e-08 4.20869977256e-07 3.03739961829e-07 4.57544540168e-07 3.06177802746e-07 5.10425116036e-07 3.45970775796e-09 1.60118541755e-07 6.28819446687e-07 1.44156846955e-07 1.97462137706e-09 8.82190897904e-07 2.18882203502e-07 3.91806328669e-07 8.08475186593e-07 5.9798336451e-07 1.65313683181e-07 9.26299702904e-07 2.24304421706e-07 7.55062466785e-07 7.77279580412e-07 6.69742146248e-07 1.20814495431e-06 8.69824503406e-07 1.78361260082e-06 2.20357310938e-06 5.10687952076e-07 1.16401904813e-06 3.63155904044e-07 1.72529944362e-06 3.18822539826e-07 9.84957096232e-07 3.12896576305e-07 8.74251039962e-07 3.71201498071e-07 1.48373901813e-06 3.35539635124e-07 9.90620517254e-07 2.45783941863e-07 1.83371795706e-06 1.07891620706e-06 8.24690781984e-07 1.04499112964e-06 5.885132219e-07 6.7782856683e-07 6.91008144707e-07 2.34527522578e-07 8.14124758014e-07 1.70298343409e-07 5.52049574858e-07 7.40872681138e-07 3.63871703933e-07 2.00302771134e-07 8.57986685789e-07 1.44175082439e-09 1.38708192934e-07 6.69098228868e-07 1.56814653849e-07 9.68803615802e-09 5.75485636725e-07 3.27516535311e-07 5.05840171966e-07 3.68279462072e-07 4.87099695189e-07 2.50217317096e-08 2.41387276942e-08 2.16532197057e-07 2.18117439513e-07 5.53765295687e-07 1.94287771944e-07 1.83740617825e-07 1.26905802797e-07 2.85269464306e-07 4.51353396565e-07 2.8773606298e-07 6.5750204397e-08 6.02962458508e-07 1.58545900059e-07 8.08604198559e-07 3.30546071976e-07 1.02267523539e-06 9.47384464265e-08 7.97376863578e-07 1.54334011138e-07 4.09688256647e-07 8.94275628886e-07 3.79494835347e-07 5.08917745513e-07 2.12170195902e-06 4.75520929985e-07 1.33268274992e-06 1.78505479382e-06 7.5286517846e-07 8.88717830751e-07 7.37971416338e-07 5.35702711836e-07 8.60306865472e-07 1.01830471347e-06 1.1909981883e-06 7.38445402582e-07 5.31834253393e-07 8.33006725651e-07 6.11311904415e-07 6.33248952874e-07 1.68319385876e-06 8.33235170087e-07 3.99976204043e-07 1.85223286653e-06 4.0112272682e-07 3.00292681942e-07 7.85487198589e-07 3.48842252939e-07 1.64300518271e-07 7.11560005467e-07 1.12220091972e-07 9.17706260904e-07 2.33120431387e-07 7.61636733386e-07 1.80441563141e-07 5.16756809079e-07 8.84297642785e-08 2.63525634878e-07 4.85078952346e-07 2.5137035014e-07 1.9308380098e-07 2.14887037855e-07 2.23231955751e-07 6.18497987431e-07 2.32236440901e-07 2.34111090298e-07 2.61775614391e-08 1.97828546607e-07 2.78887570343e-07 5.87098855385e-07 1.87972256298e-07 4.00207906678e-07 3.07141545913e-08 4.21745271536e-07 4.20490675594e-07 3.18439783716e-07 2.74357992975e-08 7.1436953156e-07 2.13003957537e-07 3.30361017048e-07 9.62262949814e-07 4.64516564496e-07 2.41513187401e-07 1.01290637121e-06 1.74992761573e-07 5.78254815728e-07 8.09852519826e-07 7.37963140054e-07 7.89128884606e-07 1.15784981666e-06 1.36180936899e-06 8.79665347985e-07 1.26355408988e-06 3.1695496017e-06 1.74878622261e-06 1.76938905047e-06 3.31334789906e-07 1.32007187097e-06 1.02284463166e-06 1.82175944014e-06 9.87336985484e-07 1.20554648905e-06 3.16751050909e-07 1.31106844624e-06 1.22427112208e-06 2.47757694606e-06 5.01203323883e-07 8.13932017339e-07 1.14472565817e-06 9.30217740622e-07 7.63416030364e-07 6.32477764894e-07 7.54932764131e-07 5.31161035576e-07 1.61627111695e-07 9.81839524198e-07 2.26634687284e-07 4.58053429099e-07 9.11987341923e-07 3.50070229294e-07 1.75101638452e-07 7.53894586184e-07 4.19221484351e-08 3.26012636416e-07 4.66024009604e-07 4.10657871126e-07 3.05484878787e-08 4.76369652419e-07 2.11685991242e-07 6.69979229483e-07 3.23719073129e-07 2.22678236883e-07 7.1368571116e-08 1.31822387766e-07 2.97445887931e-07 1.19516434285e-07 1.40797841892e-07 2.20550260284e-08 2.46873889479e-07 2.26949686022e-07 2.0802798021e-07 9.61412458145e-09 3.39655628788e-07 5.43241930235e-08 2.66978234551e-07 4.66231763606e-07 2.27273290958e-07 1.07977691234e-08 9.33405104878e-07 6.77297156967e-08 4.02992845666e-07 4.24820570762e-07 5.12587755973e-07 3.60984467059e-07 8.14354656524e-07 3.84274041612e-07 5.80009877076e-07 2.41275077572e-07 1.19993229194e-06 1.79621778428e-06 1.63727011169e-06 4.65282625842e-07 2.53310383748e-07 9.25447939735e-07 8.82923699207e-07 8.89249867993e-07 8.74021951918e-07 2.41008590831e-07 2.99857624797e-07 8.51117194972e-07 1.47335431559e-06 8.14788231805e-07 2.0716692486e-07 4.93123279601e-07 3.08617922796e-07 7.30459185647e-07 2.88095394493e-07 5.75889769257e-07 2.67436380886e-07 4.02802866259e-07 5.05454690409e-08 8.61387324687e-07 1.93408453513e-09 2.65307047697e-07 4.55186568832e-07 2.98028945769e-07 2.79431419295e-08 3.81263122175e-07 2.59704974101e-09 2.19186288124e-07 2.07490684341e-07 2.73300225794e-07 2.07524243885e-08 1.46594098118e-07 1.59566696197e-07 3.37674340351e-07 1.45060759633e-07 7.87105839978e-08 1.7638979755e-07 6.71906100503e-07 1.06316424852e-06 4.49860300653e-07 7.04021157836e-07 1.92660799851e-07 5.17712521434e-07 7.74904419698e-07 4.26493311843e-07 7.57270412306e-08 1.12046142723e-06 3.83854841546e-07 6.11653452057e-07 7.6952644344e-07 6.98466593333e-07 3.92877645624e-07 9.51471752974e-07 4.62675705403e-07 7.40875668751e-07 1.07974623452e-06 1.09532244429e-06 1.04950099158e-06 2.63575319338e-06 1.54752372593e-06 1.25134330391e-06 2.13742801624e-06 1.46787916477e-06 2.1334114707e-06 4.20208385637e-06 1.40706163229e-06 1.91777067413e-06 1.05482691708e-06 2.8673387657e-06 1.89974136226e-06 2.64845665544e-06 9.92034729175e-07 1.68130579678e-06 1.03337193909e-06 3.81951398344e-06 1.56185283749e-06 1.29602516833e-06 1.9926199301e-06 1.05808194632e-06 1.41294196799e-06 2.09818058116e-06 1.06280242055e-06 9.66059241625e-07 1.04069768265e-06 7.35845205043e-07 4.94444286283e-07 8.77065896305e-07 4.21516427044e-07 7.92233841249e-07 6.63258851892e-07 6.89863573505e-07 3.5176141794e-07 1.17518790378e-06 1.20906274788e-07 4.04067976548e-07 9.21511866032e-07 5.59011773118e-07 1.92423012749e-07 7.74060056578e-07 4.90976085469e-07 1.16101174195e-06 7.20997992494e-07 1.87470554894e-07 1.65535805445e-07 3.19456951585e-07 7.35289840833e-08 2.03275818873e-07 9.66574383776e-08 1.1063838412e-07 3.63009895716e-07 1.50597706738e-07 6.60709715795e-09 2.74270558454e-07 1.56950553328e-07 2.50320417151e-07 2.94867426442e-07 2.9573160546e-07 3.42943051452e-08 8.51247141429e-07 1.00590160299e-07 4.73070538774e-07 3.34793276541e-07 1.94898425948e-07 2.32208965497e-07 1.13152317837e-06 5.17139327058e-07 4.15470124519e-07 2.80924849353e-07 9.80656294578e-07 4.79562282574e-07 1.58045879479e-06 1.26624878659e-06 6.61626495684e-07 6.41547564853e-07 5.00472732637e-07 7.66253964217e-07 6.94705740511e-07 4.80789496909e-07 4.01669580446e-07 2.95108890281e-07 1.15298248874e-06 8.70524717878e-07 4.64472971436e-07 7.99179193146e-07 2.05250821945e-07 4.5400054122e-07 3.78812466331e-07 1.11441674757e-06 1.86241965181e-07 2.3872287643e-07 3.55830221591e-07 4.13561125106e-07 1.02894290391e-07 8.13302532673e-07 2.04834697639e-08 3.14162230071e-07 3.16674381172e-07 2.81663709465e-07 2.10931069689e-07 2.52892666305e-07 6.07570811984e-09 1.24158063759e-07 3.825752321e-07 1.1526427102e-07 1.01676016144e-07 2.02699065593e-07 7.09800033338e-08 3.76398079075e-07 1.81226520962e-07 2.74564682606e-07 7.05936142172e-07 2.01139414981e-07 3.35225462581e-07 1.91129558123e-07 6.57939853726e-08 5.19606264162e-07 2.42853101861e-07 3.11304396286e-08 7.31413453973e-07 1.85794675788e-07 4.68393858359e-07 6.0388722153e-07 4.0027440621e-07 2.39253927638e-07 8.5793541692e-07 3.49756735844e-07 2.80418265602e-07 1.03826779533e-06 3.14612440155e-07 4.28313139357e-07 1.25248258575e-06 6.50347620843e-07 9.64217168505e-07 7.79127206694e-07 9.02146212867e-07 1.08641517018e-06 1.10586752324e-06 1.2932076903e-06 2.23359839737e-06 1.95146204501e-06 1.95058830339e-06 4.65841195397e-07 1.56987278036e-06 5.23117535744e-07 1.83246837819e-06 1.33137831579e-06 2.17744327234e-06 8.7184831357e-07 1.15895756633e-06 7.14522598351e-07 7.93460217078e-07 8.01458062297e-07 8.37765565882e-07 6.53101489055e-07 1.12647896428e-06 3.66684635043e-07 3.21005317603e-07 9.6466573916e-07 3.24688168426e-07 3.89507431496e-07 7.79518342157e-07 2.781910088e-07 4.16371461461e-07 5.07433132492e-07 4.32490315996e-07 1.68086244107e-07 8.10580216771e-07 5.08663940651e-08 2.37589273489e-07 5.83860213127e-07 6.01709457767e-08 1.97887724984e-07 3.9506145355e-07 2.34330252609e-07 7.4522935264e-07 2.97256827352e-07 2.44472290009e-07 6.69267761451e-07 1.09933476723e-07 5.04451836699e-07 9.93288606223e-08 1.90135842076e-07 5.2175496796e-07 1.67469505297e-07 5.99638060933e-08 4.43217834154e-07 3.46424438001e-07 4.23751699507e-07 5.79263648764e-07 5.45472234205e-07 8.38494315446e-08 1.48378360436e-06 2.30256867081e-07 8.67397323343e-07 4.77218084105e-07 8.0494263991e-07 3.96629875498e-07 1.23634817966e-06 8.24753527211e-07 9.64367904362e-07 9.06445428455e-07 1.21859701645e-06 3.99014207378e-07 2.37481209851e-06 5.94236078714e-07 1.87490797533e-06 3.23463770271e-06 2.07506583929e-06 1.61662082858e-06 8.46414910094e-07 8.77646858274e-07 1.37288331592e-06 1.53182153977e-06 2.79318345991e-06 1.19348523952e-06 5.58940166441e-07 2.17693375708e-06 3.65369627446e-07 1.05623379828e-06 6.300404566e-07 8.9087973207e-07 6.95175783128e-07 1.19062847928e-06 3.72978072322e-07 7.28666036236e-07 4.54040677069e-07 8.19575678327e-07 2.49380357974e-07 1.37472502829e-06 7.51326532867e-08 5.9767601567e-07 4.88552420424e-07 4.92768074086e-07 3.10948417557e-07 4.73701373852e-07 9.11651090572e-08 1.3842622506e-07 5.10218036559e-07 2.33766961554e-07 9.80701413816e-08 5.31158158443e-07 1.40498039694e-07 7.37258712494e-07 2.5717377517e-07 8.69295083068e-08 7.65228946811e-07 3.18486835023e-07 3.65042873858e-07 1.80294036001e-07 1.74260073348e-07 8.67686714067e-07 2.78386408848e-07 7.11078224473e-09 8.89352469967e-07 5.02229525443e-07 4.60372239233e-07 5.35716445296e-07 7.92176615948e-07 1.79690814091e-07 1.46925090599e-06 2.32483516177e-07 6.38134825927e-07 1.48305699027e-06 5.44053366353e-07 7.81124480567e-07 1.57580554673e-06 9.7873805428e-07 9.58261328471e-07 9.73332431252e-07 1.68482776749e-06 9.82820356398e-07 1.8463819607e-06 1.47450121654e-06 9.98280310522e-07 3.09422155224e-06 4.0201181779e-06 2.65392532862e-06 2.55823252679e-06 6.03574898072e-07 2.39709890452e-06 1.82558627331e-06 3.54702524607e-06 1.99542663629e-06 1.05843250786e-06 1.1931585129e-06 1.58784088305e-06 1.04453521549e-06 1.40191776131e-06 9.93476314427e-07 8.75640289496e-07 8.87327547415e-07 1.51458022867e-06 7.29630345062e-07 5.28076419778e-07 1.38686107989e-06 7.00082178774e-07 2.03318464845e-07 1.46557437668e-06 1.89630720205e-07 7.95716375457e-07 5.37463321094e-07 4.38763707712e-07 5.24036186903e-07 1.01268734765e-06 9.05881186476e-10 3.17547180719e-07 8.99280213906e-07 1.47067461317e-07 2.04669535691e-07 4.31810548918e-07 3.39918007284e-07 8.42420780715e-07 9.08359207254e-08 6.60935552163e-08 5.82467277831e-07 8.73800961182e-08 7.20345981692e-07 8.72166592836e-08 2.13109917163e-07 6.46933783437e-07 2.34585814231e-07 1.05542953303e-07 5.1936443121e-07 4.43894040157e-07 4.24818595635e-07 3.371565619e-07 4.48967714753e-07 2.35244911436e-07 1.16384609432e-06 1.50339722496e-07 9.44733369184e-07 5.60252019732e-07 9.38220778872e-07 2.55224696896e-07 1.97942284406e-06 4.95303861423e-07 6.15278558618e-07 9.05403949222e-07 1.44627278188e-06 7.85049879527e-07 1.62943846039e-06 6.59434662511e-07 1.65610381298e-06 1.15294192444e-06 2.30986708782e-06 2.91249348323e-06 2.04187589099e-06 1.09705260615e-06 7.04168480832e-07 1.47794695878e-06 2.72364578788e-06 1.87430616503e-06 1.09440033327e-06 1.6222323449e-06 6.12820119713e-07 1.69544054182e-06 7.10810806718e-07 1.43408286869e-06 7.38263792439e-07 5.37452734936e-07 6.00557837131e-07 1.88612464967e-06 2.49519022748e-07 8.67697303522e-07 5.41714521604e-07 9.11302639433e-07 1.69256572552e-07 1.14284349555e-06 2.87993245515e-07 4.5308005373e-07 3.03459778237e-07 5.32176237065e-07 3.96194106246e-07 5.09183234099e-07 1.29033489234e-07 2.28756329469e-07 6.8794150737e-07 2.24633047651e-07 1.02166223374e-07 7.09737333762e-07 1.04188551879e-07 5.98198069635e-07 7.12232599769e-08 8.83051187404e-07 2.17570906913e-07 7.33237763824e-07 2.04909349731e-07 1.76210772535e-07 9.32398715647e-07 1.87199684674e-07 1.23682514799e-07 9.23350882375e-07 4.12518939682e-07 6.57254311126e-07 6.73047769899e-07 7.86674257029e-07 1.83000725629e-07 1.69095461454e-06 2.23569638641e-07 6.64184711745e-07 1.18344398127e-06 5.37145069007e-07 8.43069571965e-07 1.12990535409e-06 1.31280515554e-06 9.8944399062e-07 7.77445662012e-07 1.70514435696e-06 1.05306259681e-06 2.39918759032e-06 1.21597255181e-06 1.372357633e-06 2.72436642636e-06 1.7615251101e-06 3.01281687093e-06 3.91579157601e-06 1.57558406576e-06 2.33537029995e-06 1.15419608114e-06 3.90271842662e-06 2.12523651922e-06 1.63767091627e-06 2.49618241114e-06 1.27199428909e-06 1.14710636532e-06 1.9857692276e-06 1.14294971608e-06 1.47058227462e-06 7.60056292324e-07 9.45286092455e-07 1.19700067472e-06 1.06092963852e-06 8.19305599209e-07 5.42068324687e-07 1.14390989575e-06 6.60426396373e-07 2.51105562105e-07 1.58326594568e-06 1.99338802339e-07 7.83350738075e-07 6.57869337586e-07 6.72514798028e-07 3.78652986282e-07 9.35818284101e-07 1.43483215861e-07 2.02606746943e-07 1.00058617164e-06 2.02671953405e-07 2.14207003289e-07 7.45591772773e-07 2.47436527752e-07 9.28608348616e-07 3.64415210954e-07 1.23384450897e-07 2.61416803734e-07 2.69982844549e-08 1.13624128328e-07 3.56931619454e-07 5.02911543875e-08 2.88810916854e-08 3.53451620283e-07 2.11904081931e-07 2.08874065734e-07 1.89534512666e-07 2.26088137827e-07 8.1726303112e-08 5.22404741368e-07 2.89711740917e-08 2.64804553923e-07 4.30312853853e-07 3.15231004338e-07 2.15459127431e-07 7.74858991376e-07 2.18827974898e-07 5.02761428203e-07 3.17087454509e-07 7.51173704838e-07 1.74827480765e-07 1.13299524326e-06 3.91072210628e-07 3.87073937896e-07 7.47355562037e-07 1.10274515384e-06 6.35627965738e-07 1.29530833592e-06 1.26408951275e-06 1.05498099251e-06 6.88375298946e-07 1.30893600698e-06 9.33793314271e-07 4.95939274413e-07 1.0998712842e-06 7.78949294259e-07 4.27042455272e-07 3.30258768879e-07 1.21974443384e-06 1.78502439865e-07 6.79984989571e-07 3.35794219918e-07 4.61450728849e-07 2.60385718582e-07 7.68871383615e-07 1.99136939291e-07 3.8246131197e-07 4.60806792883e-07 3.02216403761e-07 2.03536876166e-08 5.44949315541e-07 9.58461390423e-08 3.02742197363e-07 1.58548169233e-07 2.48295338826e-07 1.87981465264e-07 3.24355104155e-07 4.23089227971e-08 3.00991270926e-08 4.22539489537e-07 1.1744745533e-07 1.5805703687e-08 2.80342709256e-07 1.24055695137e-07 3.6670338357e-07 5.56290596343e-07 2.70543215972e-07 8.56041877908e-07 6.89534087513e-08 3.76908161138e-07 1.27344858525e-06 1.82983292915e-07 1.76770277972e-07 6.67883978872e-07 3.03310975728e-07 5.95374079724e-07 4.91042181035e-07 9.80407440911e-07 3.34521463598e-07 1.49114215843e-06 2.51459896298e-07 8.87073787725e-07 1.05206356933e-06 7.31526308175e-07 8.62881281559e-07 1.40952973411e-06 1.46871587297e-06 5.6075172499e-07 1.71882128204e-06 1.11752227903e-06 5.2191014652e-07 2.69883184585e-06 8.62017201953e-07 1.86550393859e-06 1.63869571259e-06 1.60049639595e-06 2.82070598201e-06 1.41955326546e-06 1.78046410205e-06 3.84126716962e-06 2.7712821262e-06 4.07765894297e-06 1.40655711123e-06 1.5370932586e-06 2.82708533516e-06 1.54140924136e-06 1.77861668981e-06 1.60506506313e-06 8.75827618281e-07 2.44922974203e-06 5.44521282991e-07 1.1104972419e-06 1.69368805123e-06 5.82437746721e-07 1.48229081125e-06 1.40516568941e-06 8.96324916577e-07 7.47696376852e-07 9.88671225029e-07 9.3424745727e-07 2.2305545073e-07 1.46141874621e-06 3.01707174203e-07 1.08736809705e-06 4.64399661704e-07 6.51176772957e-07 2.80764469927e-07 6.99331306091e-07 1.96203475536e-07 2.54849750268e-07 1.17483901031e-06 3.68368608444e-07 9.23734626783e-08 8.20806772648e-07 2.46956399327e-07 5.48453521066e-07 2.72171537933e-07 3.41474576143e-07 7.1712807694e-07 1.02412915611e-07 3.07316146093e-07 8.72242977973e-07 8.84467894843e-08 1.80143990522e-07 7.35587307164e-07 2.44776616389e-07 4.92742024589e-07 5.6157226812e-07 6.73193201641e-07 3.85472494899e-07 9.99998133475e-07 2.59618303444e-07 4.16238256357e-07 1.26587633871e-06 5.12446525165e-07 5.3374939837e-07 1.88125072759e-06 8.99191362846e-07 1.34533864715e-06 5.83914659755e-07 1.92831566639e-06 6.40311769167e-07 2.02141989527e-06 7.61915889752e-07 1.82996454951e-06 1.62609298267e-06 2.50297295228e-06 1.27419909234e-06 3.33476292806e-06 8.60673723456e-07 4.13530342183e-06 4.64948851641e-06 5.11158730181e-06 3.38866217865e-06 9.06502900505e-07 3.19460114958e-06 1.10910881157e-06 2.43343304398e-06 1.62207629163e-06 1.93349907009e-06 6.91440902782e-07 2.13777919452e-06 7.22840186769e-07 1.7982528967e-06 5.71824188807e-07 1.29358175622e-06 9.10496971907e-07 1.83380820231e-06 5.24284341247e-07 4.83111046352e-07 1.23018412211e-06 4.27724010691e-07 3.37549272432e-07 9.78942684904e-07 3.98016753795e-07 6.46041813518e-07 5.7117234645e-07 5.15572816095e-07 2.25198761868e-07 7.04851799342e-07 1.86035542817e-07 1.40786097736e-07 8.2801105408e-07 3.00157371227e-07 1.34759318065e-07 6.89008317708e-07 3.32033852751e-07 2.70351033942e-07 1.25288711147e-08 1.94297557213e-07 3.8544706684e-07 4.72146748424e-08 1.17127790031e-07 4.18287425485e-07 3.08354143382e-08 1.90221284499e-07 5.37172502431e-07 1.10564657109e-07 2.23974349015e-07 2.76386400002e-07 4.41990773573e-07 1.51118887114e-07 6.23340669443e-07 8.29056463798e-08 2.6551160661e-07 6.32259353778e-07 4.68608628131e-07 2.00718399374e-07 1.045655875e-06 4.25883805894e-07 5.84707580457e-07 8.056755582e-07 8.3836053023e-07 2.23094028561e-07 1.11305241915e-06 5.09075481208e-07 6.51358441498e-07 1.30501964804e-06 1.07994270445e-06 8.75937764627e-07 8.91997143752e-07 8.59302640517e-07 9.39401087236e-07 1.98008782137e-06 4.57886963517e-06 1.98008782137e-06 9.39401087236e-07 8.59302640517e-07 8.91997143752e-07 8.75937764627e-07 1.07994270445e-06 1.30501964804e-06 6.51358441498e-07 5.09075481208e-07 1.11305241915e-06 2.23094028561e-07 8.3836053023e-07 8.056755582e-07 5.84707580457e-07 4.25883805894e-07 1.045655875e-06 2.00718399374e-07 4.68608628131e-07 6.32259353778e-07 2.6551160661e-07 8.29056463798e-08 6.23340669443e-07 1.51118887114e-07 4.41990773573e-07 2.76386400002e-07 2.23974349015e-07 1.10564657109e-07 5.37172502431e-07 1.90221284499e-07 3.08354143382e-08 4.18287425485e-07 1.17127790031e-07 4.72146748424e-08 3.8544706684e-07 1.94297557213e-07 1.25288711147e-08 7.16581003377e-07 6.95499306657e-07 1.36079672113e-07 3.89511457492e-07 1.3231258872e-06 2.73336043682e-07 2.8460986062e-07 1.38917854059e-06 2.61377398258e-07 8.93526661245e-07 5.87867473793e-07 1.28923199941e-06 4.16972325409e-07 1.54914276805e-06 3.31034980911e-07 7.72884727858e-07 1.56939293687e-06 9.02766304682e-07 8.65440607426e-07 2.37025340335e-06 1.1550333305e-06 1.94233778168e-06 1.46094038311e-06 2.71370897112e-06 3.52629239026e-07 4.73170606277e-06 9.91938063686e-07 1.78025244065e-06 2.34595195203e-06 3.12916184441e-06 2.87935386059e-06 2.93724028963e-06 9.33411866782e-07 4.78210505577e-06 2.03055762901e-06 6.3092248323e-06 5.55363803887e-06 2.61341619917e-06 5.41896398859e-06 1.07155087543e-06 3.08446551297e-06 2.88793714341e-06 3.19658204323e-06 2.41529846367e-06 1.92532918219e-06 1.07662844953e-06 4.72663362427e-06 5.37729179681e-07 2.67063778823e-06 1.54407881959e-06 1.88940221415e-06 1.35737838633e-06 2.2612826586e-06 1.0143193448e-06 8.65223159957e-07 1.47187806718e-06 8.98887229758e-07 3.23389636186e-07 1.60369867754e-06 3.71581629928e-07 1.32619392943e-06 5.30352743782e-07 9.99300879566e-07 2.38090014461e-07 1.40375712417e-06 2.28003949026e-07 2.8358732606e-07 1.29118207087e-06 3.22735555451e-07 1.32697908859e-07 7.48154736774e-07 6.8954806028e-07 1.47956331437e-07 2.2353155681e-07 1.15474325758e-07 1.93342779471e-07 3.96591011423e-07 1.14826867378e-07 9.5325245665e-08 3.82768944544e-07 1.94522294663e-07 2.67418723209e-07 2.57493884284e-07 4.46648905495e-07 2.84505777344e-07 4.80344823277e-07 1.36593461852e-07 3.60986654081e-07 6.35669235724e-07 4.2389218842e-07 1.44610958841e-07 1.15724230713e-06 2.98929920627e-07 5.24784112384e-07 7.173327187e-07 7.4724711746e-07 2.82984718171e-07 8.21916298222e-07 5.34814291644e-07 6.26230341366e-07 9.79249752112e-07 9.34901546881e-07 1.2292777767e-06 1.0103984954e-06 6.12852940625e-07 1.04430048707e-06 1.95212131784e-06 2.30241275721e-06 2.5374651956e-06 2.28584274981e-06 2.61330636573e-06 1.28716438797e-06 6.30667085921e-07 9.3724770508e-07 1.28088793172e-06 9.85541811944e-07 1.01070744661e-06 6.56025705688e-07 5.65084562395e-07 8.5050705189e-07 2.71901302672e-07 8.05521736793e-07 7.53694848749e-07 5.12387739872e-07 2.91651163673e-07 1.16348058716e-06 1.68146764705e-07 4.25380844975e-07 5.90428877722e-07 3.50595007433e-07 1.18672598824e-07 4.62605009331e-07 2.91023526153e-07 5.05061958927e-07 2.72605391638e-07 3.06747095045e-07 1.95582155238e-07 3.824928071e-07 6.6225433079e-08 1.01549729865e-07 3.88884276506e-07 1.73964010182e-07 1.09509275318e-07 2.11965633212e-07 1.43874296802e-07 1.22960358429e-07 5.89466683876e-07 2.71356016484e-07 2.55604936268e-07 1.28344151131e-06 4.24553886601e-07 1.68175173079e-07 9.59318909174e-07 3.86458124527e-07 9.31410202127e-07 7.20118542808e-07 1.06794906143e-06 3.9972972031e-07 1.49958879587e-06 4.15296138462e-07 8.48333175772e-07 1.73321400235e-06 7.81095627101e-07 6.32612987502e-07 1.9354722946e-06 1.2354270238e-06 1.48499610399e-06 1.42182725453e-06 2.11537642072e-06 5.82329497507e-07 3.8734066818e-06 6.30030946554e-07 2.60823441008e-06 2.0043634626e-06 2.31981583493e-06 2.21148176004e-06 3.23302996681e-06 1.52765619262e-06 3.09387261666e-06 2.17518273787e-06 5.9746035455e-06 2.59128944206e-06 3.26528100159e-06 5.86104503472e-06 3.21909020333e-06 3.27465460658e-06 1.34952364643e-06 3.76947700744e-06 2.36811268207e-06 2.37985796566e-06 2.1378889641e-06 2.68081632149e-06 7.03829227583e-07 3.91796549645e-06 6.70843517518e-07 2.07388990228e-06 1.36487164297e-06 1.47632953566e-06 1.36562548065e-06 1.90964057157e-06 7.7867446105e-07 7.17323054751e-07 1.60577081355e-06 9.06369578378e-07 4.33794091807e-07 1.58460023617e-06 3.89755847767e-07 1.02740218105e-06 6.45431974394e-07 9.18265019143e-07 3.44080837893e-07 8.94492250367e-07 1.61597458449e-07 3.82274130743e-07 1.25207662928e-06 2.40658278579e-07 2.35572068855e-07 5.32822079831e-07 1.14318460039e-07 5.51240882986e-07 1.87536340046e-07 2.45444657001e-07 6.98634996145e-07 3.23248249922e-07 4.34575008089e-08 9.77384075888e-07 1.82399960971e-07 5.33127208467e-07 4.45212706588e-07 5.67203302027e-07 4.29693709337e-07 6.29999836533e-07 2.75316698136e-07 7.62969151152e-07 9.73370156739e-07 9.6634992834e-07 2.66298215147e-07 1.67551931463e-06 6.10487628368e-07 1.08710100038e-06 1.10678834857e-06 1.05397097306e-06 5.19311214102e-07 1.73459052762e-06 8.68732817848e-07 9.17638573452e-07 2.3011033881e-06 1.54510032903e-06 1.62294945125e-06 1.37491833119e-06 1.16310826069e-06 1.53683034019e-06 1.56240310682e-06 3.49077370689e-06 3.16026533192e-06 1.07778231733e-06 3.97749146745e-06 3.5652787812e-06 2.29267061421e-06 2.20659076748e-06 1.33854042718e-06 1.35836520617e-06 1.68210027733e-06 1.56344621287e-06 2.47595408126e-06 1.02097806929e-06 9.38924563347e-07 2.01394207808e-06 5.66512265402e-07 1.11961432014e-06 1.03471512178e-06 1.09197755988e-06 7.45843507928e-07 1.67370241477e-06 3.86435158743e-07 9.57749469765e-07 8.14584429054e-07 7.78973188813e-07 1.93712289484e-07 6.34713233432e-07 3.00232708382e-07 5.76514202192e-07 3.89933863297e-07 5.7991443269e-07 2.0714254801e-07 8.76956380787e-07 5.79339110749e-08 2.74434527959e-07 7.17429639647e-07 2.1439495286e-07 1.6710857581e-07 4.8596980402e-07 7.13478154726e-08 1.11894009963e-07 4.11552666686e-07 9.57362422e-07 2.53221955107e-07 1.62701809638e-07 7.59591829175e-07 1.19398047839e-07 2.9296460341e-07 5.14666969907e-07 5.37445727032e-07 3.54613100079e-07 8.94047829078e-07 4.13918338027e-07 3.86094928195e-07 9.88011417896e-07 3.68545782113e-07 4.38954804328e-07 1.42926769865e-06 6.75187518707e-07 5.20837510543e-07 1.10815100985e-06 9.19982583006e-07 5.15749297965e-07 1.7841626364e-06 7.02873174783e-07 1.61892997058e-06 9.41671406326e-07 2.98710551824e-06 1.32890943938e-06 1.92155793883e-06 8.38433519208e-07 2.21313650469e-06 2.05485474023e-06 3.56842795042e-06 1.91531252749e-06 2.29266963405e-06 2.1169275583e-06 2.58483302767e-06 3.54921388629e-06 2.62321426652e-06 2.38081877676e-06 7.67226721018e-07 2.19457819919e-06 1.34193292269e-06 3.0441762576e-06 1.01180865487e-06 1.68436745636e-06 7.28903283818e-07 1.92441834072e-06 6.4904615325e-07 9.19179155924e-07 1.05454930575e-06 5.21142353227e-07 7.21640926699e-07 1.40987018953e-06 5.01514535483e-07 4.49296683913e-07 9.89847271245e-07 3.9378557341e-07 3.07024331469e-07 9.65553620508e-07 2.6246948639e-07 5.0949169421e-07 5.02293335894e-07 2.5654298823e-07 1.41320008627e-07 7.01633170635e-07 1.77665708443e-07 2.3993713376e-07 8.83516243189e-07 3.78086700317e-07 1.04322305081e-07 6.68747971767e-08 1.28557524319e-07 6.48867780461e-07 1.23833746489e-06 3.730316055e-07 8.47030233007e-08 1.31072088067e-06 2.64502592832e-07 6.42279129832e-07 5.33376553718e-07 9.71285894062e-07 5.85988458389e-07 8.87489758117e-07 3.41219737977e-07 6.5199016376e-07 1.40724223174e-06 7.79972843443e-07 7.97605719054e-07 2.33987393617e-06 9.21379260089e-07 1.25491770964e-06 1.04288910556e-06 1.534891588e-06 8.85085133686e-07 2.21946875677e-06 1.03289077816e-06 1.59084942633e-06 2.94680629222e-06 1.44009674233e-06 3.50756027049e-06 2.18574658279e-06 9.80450164051e-07 2.92034956194e-06 2.69167759289e-06 4.83516200118e-06 3.45283730326e-06 1.31281440154e-06 5.71109120365e-06 1.48740636717e-06 3.96051649901e-06 4.4526307802e-06 3.55305385891e-06 3.61369946762e-06 1.15463561269e-06 2.65852362268e-06 3.82117673261e-06 1.56694394961e-06 3.23743213354e-06 1.72003981954e-06 1.09521772263e-06 2.47114036485e-06 9.48101080826e-07 1.74923727121e-06 1.07554909742e-06 1.40464743452e-06 1.16751106629e-06 2.22217740129e-06 9.08817395515e-07 7.79800527346e-07 1.20840226068e-06 7.51043206354e-07 2.22414818622e-07 9.48917513728e-07 4.52425223438e-07 1.00260804769e-06 5.5050615532e-07 5.77720856652e-07 3.4793117569e-07 1.23230119961e-06 8.52821834581e-08 2.55942871691e-07 1.11429491784e-06 5.65571640914e-07 1.31616322971e-07 2.78248247874e-07 7.91821838165e-07 2.78634524506e-07 3.17390582023e-08 7.93351626063e-07 1.40669970108e-07 7.13536694435e-07 6.03235268148e-07 7.40977614697e-07 3.76954897725e-07 9.55592469451e-07 3.82056447441e-07 6.99002345888e-07 9.14699765655e-07 4.64327845804e-07 4.07855066411e-07 1.51761057149e-06 6.80590177614e-07 7.3126679599e-07 1.37907610479e-06 7.41244590619e-07 7.33220712243e-07 2.11050396955e-06 5.52896642087e-07 1.75322683688e-06 1.88980155195e-06 2.89240015315e-06 1.34750082513e-06 3.05007330535e-06 1.14482546677e-06 1.76534745954e-06 1.87981488343e-06 4.5679387759e-06 2.4094712376e-06 1.76600692102e-06 2.67623989898e-06 2.79427233913e-06 1.9488591333e-06 3.75781656481e-06 5.04050668246e-06 2.82613731849e-06 2.28985990028e-06 1.22113188578e-06 3.44416279546e-06 1.31074146803e-06 3.0491124726e-06 2.08366806854e-06 1.99271149899e-06 5.85115197078e-07 2.40394137251e-06 8.35331183886e-07 7.95207296786e-07 1.41508275107e-06 8.09349185263e-07 7.05714848046e-07 1.49512618737e-06 4.68925126491e-07 5.25355367222e-07 8.9535173717e-07 7.17385587492e-07 3.69020201521e-07 9.56936115832e-07 3.8516248241e-07 7.75605536653e-07 5.76137708949e-07 5.93923039461e-07 1.32562524311e-07 7.25206143706e-07 2.58867036166e-08 2.25559880827e-07 6.75933547059e-07 2.47140005399e-07 1.45972341739e-07 9.97005609734e-07 5.53239752196e-07 1.01071882314e-07 1.31129078185e-06 3.02795415039e-07 7.62095893559e-07 7.04210383903e-07 9.33353905837e-07 3.63289687905e-07 1.1548428447e-06 4.16236839318e-07 6.2968370078e-07 1.26074382823e-06 4.90584745122e-07 7.58567032308e-07 1.78009954811e-06 7.47545840129e-07 1.26203465071e-06 1.14945492144e-06 1.2813275974e-06 6.6500698512e-07 2.59245320203e-06 9.77132766254e-07 1.16937187038e-06 2.36925159064e-06 2.21230592704e-06 2.95680419276e-06 1.43520831677e-06 1.94305093145e-06 2.21566612367e-06 1.96134545131e-06 4.55751528603e-06 3.55423859573e-06 2.14065877741e-06 3.42959467146e-06 1.88590677471e-06 3.62480607088e-06 1.87247410812e-06 4.661244326e-06 4.20226038126e-06 2.79857288366e-06 2.8125803326e-06 2.01514059075e-06 1.91582109427e-06 3.3382970517e-06 2.46510937362e-06 2.64014658343e-06 1.22726852801e-06 1.13412497079e-06 2.62756293526e-06 7.02569029623e-07 1.49490785041e-06 1.16877368627e-06 1.40349144421e-06 9.4429263662e-07 1.72544359887e-06 8.27880528156e-07 5.76812526151e-07 1.1762840257e-06 7.43599248097e-07 3.62289673686e-07 1.23200587174e-06 2.92572953041e-07 8.24675566495e-07 6.5309116455e-07 6.39528788871e-07 2.87968537978e-07 1.11707051556e-06 1.01089379272e-07 4.68743903689e-07 8.11741035245e-07 1.25027779876e-07 5.59639531428e-07 3.38104268158e-07 1.61795113975e-07 1.10583413243e-06 3.54075830994e-07 5.44094367585e-07 6.116843933e-07 7.38013237073e-07 3.31341016871e-07 9.09648283776e-07 4.24881724388e-07 8.54166983443e-07 8.26975780398e-07 5.55848252013e-07 5.02746474127e-07 1.50796471309e-06 5.94792972621e-07 7.25376648242e-07 1.23373460106e-06 8.33026659855e-07 7.10029606539e-07 1.56431431347e-06 7.22037629045e-07 1.33774464176e-06 1.35052268605e-06 2.08914324557e-06 1.59962127583e-06 2.57146990561e-06 7.17131885423e-07 2.81669303549e-06 1.87988726217e-06 3.68292416664e-06 1.92993963751e-06 1.69915230111e-06 2.6842753106e-06 1.80530622008e-06 1.75494538258e-06 2.87877411344e-06 1.81372351361e-06 3.12780996537e-06 3.57488144381e-06 2.66677805651e-06 4.00671219112e-06 8.31233118312e-07 2.84578458417e-06 1.84308332581e-06 2.2275540259e-06 1.63927535527e-06 1.43911627974e-06 7.40537831191e-07 1.71497511498e-06 8.44867432466e-07 9.45623181321e-07 1.28834915911e-06 7.75049154118e-07 6.75723444342e-07 1.51494591268e-06 5.47452538099e-07 5.63553140117e-07 7.7534855646e-07 8.99044849389e-07 3.65466460166e-07 8.53970029487e-07 2.95160770982e-07 6.44807817135e-07 5.82631885517e-07 4.02977370006e-07 2.95891187777e-07 9.10455489007e-07 1.32402790635e-07 2.94956134601e-07 4.50058909287e-07 6.77592806936e-08 1.92757687061e-07 2.14261027199e-07 8.62752149579e-07 2.7558759798e-07 4.24437552507e-07 5.22738023067e-07 6.83734426837e-07 1.25735103246e-07 9.11261257206e-07 2.99159361643e-07 6.41844682944e-07 1.07424251414e-06 5.43061106643e-07 4.9856995666e-07 1.27404973187e-06 9.44390754588e-07 8.06559888673e-07 9.77068594955e-07 9.75953004035e-07 5.36153663224e-07 2.13245610505e-06 3.42241407955e-07 1.2484923971e-06 1.14839150287e-06 1.76339038145e-06 1.34305933726e-06 2.06830087334e-06 1.02958078216e-06 1.33815043656e-06 3.05038651579e-06 3.63109025338e-06 1.90889343158e-06 1.16851240019e-06 3.12501429747e-06 1.6295819736e-06 2.07525407096e-06 1.51580770254e-06 3.49865395223e-06 1.23932607963e-06 2.84839330211e-06 3.66507044765e-06 4.21571986349e-06 1.50912871989e-06 1.14591082949e-06 2.09575534259e-06 1.68729800467e-06 1.71819947101e-06 1.2959786043e-06 1.28774523449e-06 4.08225583674e-07 2.21930090254e-06 5.29592597827e-07 1.02213011274e-06 1.02950112133e-06 7.93541947741e-07 1.03477850659e-06 1.13865772862e-06 4.79013154499e-07 4.52633722314e-07 1.08334395247e-06 5.75019112995e-07 2.01096207824e-07 9.19337149814e-07 7.70792950563e-08 6.01160581305e-07 4.69905745258e-07 3.3502988158e-07 1.74146405535e-07 7.0530274669e-07 1.66147557434e-07 1.49013222381e-07 5.73277506708e-08 2.2660555776e-07 5.21238574306e-07 1.79048259816e-06 6.88108302319e-07 8.39430923801e-07 1.45022530241e-06 1.13003527375e-06 3.87381615507e-07 1.91552087238e-06 6.91555382931e-07 1.01232274263e-06 1.53815171837e-06 1.3606514361e-06 7.52556001851e-07 3.23033276848e-06 1.3613426771e-06 2.03575262252e-06 1.74173542352e-06 2.06866204713e-06 1.40358632611e-06 3.63134020071e-06 1.43528017057e-06 2.01294532358e-06 2.79780198839e-06 4.23110008443e-06 2.57969188939e-06 4.81298065767e-06 1.62267588311e-06 5.54366275454e-06 2.28179191173e-06 8.30972545819e-06 4.09201058669e-06 2.29088669146e-06 5.64785651118e-06 3.61185565668e-06 4.12096353535e-06 4.08437092481e-06 3.79693661856e-06 6.00996884168e-06 2.34426206898e-06 5.29880373323e-06 8.53764930407e-06 3.08744541177e-06 7.3563389163e-06 1.89343901329e-06 5.39550787232e-06 3.18231102989e-06 4.40777226526e-06 3.30313381845e-06 2.194780295e-06 1.65381007604e-06 3.84023873794e-06 1.63087751583e-06 2.19734839355e-06 1.65570952676e-06 2.14382599073e-06 1.43778036727e-06 3.18158248519e-06 8.7371967213e-07 1.45881438892e-06 1.40543354617e-06 1.19697741858e-06 6.01755994684e-07 1.92615596339e-06 4.65986813416e-07 9.67936228504e-07 1.31656341643e-06 6.29459809086e-07 4.22923354451e-07 1.44190734649e-06 4.17223389207e-07 1.77986863825e-07 1.65417446219e-08 5.15796723187e-07 3.3688012483e-07 3.03086535396e-07 5.4376069315e-07 3.39473214992e-07 7.03251806357e-08 7.44585895526e-07 2.6111722395e-07 5.25407869195e-07 5.85861247594e-07 3.13878439215e-07 4.5663215929e-07 9.01555356742e-07 7.17884545994e-07 7.28496778517e-07 1.05441089702e-06 8.4069678748e-07 3.16644621795e-07 1.8713710848e-06 3.48016490992e-07 1.12865110501e-06 9.86037422213e-07 1.59748692766e-06 9.88334684842e-07 1.59216050164e-06 7.98745381175e-07 1.32324519836e-06 2.16970061969e-06 2.81349395415e-06 2.31797700756e-06 1.22893895912e-06 1.62784054296e-06 1.01128724156e-06 1.71943975959e-06 1.4152289385e-06 1.81220212486e-06 9.93342919267e-07 1.80292782581e-06 1.21307320739e-06 3.7960187278e-06 2.73371920796e-06 3.25124160004e-06 1.58591608875e-06 8.54353624371e-07 1.64326699536e-06 1.04781305453e-06 1.55219843659e-06 1.07946760429e-06 1.20057614777e-06 3.94032115604e-07 1.95947694968e-06 3.52308127667e-07 8.89382245101e-07 1.15608074575e-06 7.82512103273e-07 7.58439538906e-07 8.57187590138e-07 5.04541991764e-07 2.74922647347e-07 5.81642290503e-07 5.77430959987e-07 2.3632104016e-07 6.89933688021e-07 7.4723852569e-08 2.29829727189e-07 5.14139947639e-07 2.09039071233e-07 2.46249865066e-07 3.94951613333e-07 1.45239124117e-08 1.4592141049e-06 6.85283745744e-07 1.06191132139e-06 1.970983773e-06 1.32789347842e-06 4.68124454169e-07 1.76640300308e-06 6.49492889025e-07 1.36142829521e-06 1.56905177676e-06 7.50494876303e-07 1.21132776193e-06 3.0155629659e-06 1.17259049525e-06 1.86970679984e-06 1.77325113145e-06 2.63120725143e-06 9.78275782138e-07 3.82362161479e-06 1.30859210728e-06 1.92142768726e-06 2.64467898896e-06 3.37258140671e-06 2.43730110478e-06 4.15733295552e-06 1.53126161175e-06 4.30483513968e-06 3.81986066223e-06 8.13198384059e-06 2.88048346891e-06 4.26403960541e-06 3.86142457085e-06 2.70713352028e-06 3.84528714766e-06 4.55777828846e-06 5.02866162983e-06 3.90717132425e-06 2.70323274801e-06 4.60488466939e-06 4.51844588049e-06 4.02448244507e-06 8.44740340909e-06 5.20595858006e-06 5.87722029552e-06 1.79746188628e-06 4.58806396194e-06 3.23192343507e-06 3.56496117209e-06 3.14410947432e-06 2.20529927272e-06 1.47630608153e-06 3.89696118973e-06 1.20825285278e-06 2.58599650838e-06 1.58418207428e-06 1.95512391037e-06 1.29701912087e-06 3.06424826806e-06 1.19808136215e-06 9.46684305876e-07 1.30201391228e-06 1.40860182047e-06 5.57382449239e-07 1.55047770345e-06 3.96937267905e-07 1.04135798197e-06 1.58550232795e-06 7.3633699995e-07 5.89343488844e-07 1.0191309307e-06 2.98282718518e-07 1.16902242206e-06 1.28456734998e-06 9.64091024945e-07 3.96026238867e-07 1.53300134071e-06 3.8627371362e-07 9.62995839721e-07 1.11008912856e-06 4.73057883137e-07 8.0606641601e-07 1.63217629177e-06 1.08729665739e-06 9.03115611726e-07 1.67970103777e-06 1.47624391498e-06 5.69908607734e-07 2.71974536293e-06 6.59567387574e-07 1.60494059637e-06 1.53474573467e-06 3.17877209833e-06 1.24721038824e-06 3.29346730694e-06 9.92194607949e-07 2.77102645348e-06 3.00611242317e-06 5.00152541465e-06 4.46712192589e-06 1.0982789431e-06 5.05946638922e-06 1.97825571104e-06 2.29689809302e-06 2.30366744479e-06 3.06288655354e-06 2.51241120792e-06 2.49061953732e-06 1.78854313611e-06 5.99401577548e-06 1.03216118002e-06 6.26730588769e-06 4.92991594723e-06 4.24390058959e-06 3.43398416346e-06 9.67115760953e-07 3.53110067977e-06 1.85816376215e-06 3.20671335761e-06 1.72909177916e-06 1.77394857222e-06 7.57898656267e-07 2.82706362761e-06 6.89283836165e-07 1.55703593933e-06 1.64049451483e-06 1.00707749211e-06 1.17753511895e-06 1.65573950528e-06 7.74146596902e-07 4.79666281774e-07 1.01902713495e-06 9.67254327995e-07 3.49919273319e-07 1.30498292864e-06 3.66743133693e-07 7.0396156746e-07 9.46432472414e-07 8.70123644843e-07 2.03257567353e-07 1.91372865204e-06 1.12508347447e-06 1.22720145876e-06 4.21802970189e-07 2.26561148085e-06 5.79301154526e-07 1.18811117632e-06 1.39699595397e-06 8.11949364167e-07 1.24032632838e-06 1.74125456039e-06 1.52553370995e-06 1.69344804147e-06 1.49156874807e-06 2.12204785406e-06 5.30415791769e-07 4.17190860429e-06 7.89261674297e-07 2.3739797987e-06 2.53707548683e-06 3.30820341389e-06 2.05308532667e-06 3.39663045596e-06 1.59104947016e-06 3.61513070852e-06 3.33755494741e-06 6.99816156601e-06 4.05957721703e-06 3.34947289045e-06 2.67519342448e-06 5.29197146926e-06 2.00869177806e-06 3.09042373378e-06 3.86021016905e-06 3.55996876026e-06 3.41964129686e-06 2.274695521e-06 5.42635654484e-06 3.05744710539e-06 3.64735014211e-06 5.76136904729e-06 6.94604408563e-06 4.95426166939e-06 4.83557794467e-06 1.86856997356e-06 3.66069561702e-06 2.6144596278e-06 3.65620149783e-06 2.8480106668e-06 2.72559385558e-06 9.98680378413e-07 4.39868553514e-06 8.18482170507e-07 2.12543156192e-06 1.32417268174e-06 1.94386804185e-06 1.51202351272e-06 1.82583613257e-06 1.09986668936e-06 8.12504626673e-07 1.0935748293e-06 1.02351830779e-06 4.37879028571e-07 1.7256433923e-06 3.06979269905e-07 7.57048991075e-07 8.23445007645e-07 1.38435836915e-06 1.83158527036e-06 1.43506057148e-06 4.20686774761e-07 1.99562722263e-06 3.77690313861e-07 1.09249929286e-06 9.96443877411e-07 8.091819377e-07 1.11494995171e-06 1.9069254579e-06 1.24291669487e-06 1.09764472534e-06 1.95956330913e-06 1.19917951462e-06 3.92354136535e-07 2.69928996744e-06 7.0843791369e-07 1.7800471787e-06 1.8284827399e-06 3.48914321306e-06 1.69786372575e-06 3.44697724013e-06 9.75897954025e-07 3.48157273065e-06 3.0232338424e-06 5.7945298925e-06 3.7374490889e-06 2.22547862565e-06 4.88836921959e-06 1.56653140031e-06 3.96292203416e-06 2.1602886113e-06 2.85003985759e-06 2.57222269465e-06 2.84953128575e-06 2.42498064265e-06 4.53420571051e-06 1.43918276237e-06 5.79156854449e-06 2.19065857089e-06 5.67089023731e-06 5.56679629435e-06 4.41163423071e-06 4.90069774767e-06 1.01558913328e-06 3.81851529422e-06 2.26051389523e-06 3.66633060788e-06 2.14877066694e-06 1.79054024673e-06 1.00702412311e-06 2.65456592185e-06 6.38294405881e-07 1.30769754744e-06 1.85448354354e-06 1.23205781299e-06 1.1529095849e-06 1.89269399778e-06 9.01472573013e-07 7.68308020564e-07 9.11294469537e-07 1.01938515827e-06 4.02899188824e-07 1.48481516849e-06 2.83796845597e-07 1.00454279138e-06 9.18502704508e-07 3.97661242017e-06 6.93425317862e-07 2.47504960818e-06 3.94630497385e-07 1.28843805944e-06 1.24745428935e-06 8.01957762667e-07 1.33150872563e-06 2.08458013967e-06 1.52431493337e-06 1.25742934218e-06 1.93072560808e-06 2.04724596308e-06 4.77057503695e-07 3.93157045485e-06 5.01592812229e-07 2.17623140048e-06 1.62782181393e-06 3.62653774947e-06 2.0392133966e-06 3.80986194076e-06 1.37162275972e-06 3.23674315888e-06 4.27413984403e-06 6.56256047049e-06 4.10054650991e-06 2.9849461652e-06 4.10248355766e-06 4.11820037102e-06 1.36069685185e-06 5.28411018377e-06 2.0986417625e-06 2.68369256385e-06 2.75918400955e-06 1.95050283104e-06 5.7800061408e-06 1.53114325803e-06 4.06616857317e-06 4.78417969858e-06 3.1718497669e-06 5.95837363282e-06 6.38627172861e-06 5.86218680736e-06 4.31515989924e-06 1.55569292139e-06 4.10069468642e-06 2.77655215885e-06 3.76811001482e-06 1.90807401231e-06 2.29987166984e-06 7.23898050857e-07 4.16211538027e-06 6.9737609783e-07 2.25629545973e-06 1.68578251378e-06 1.51169549519e-06 1.39266920192e-06 1.97794219003e-06 1.08713225393e-06 7.47520534509e-07 1.14129631325e-06 1.07777688434e-06 4.59515174376e-07 1.92182634101e-06 4.3561163148e-07 2.255211718e-06 2.8956552084e-06 3.38202033546e-06 7.21935672221e-07 1.45279920895e-06 1.58197772866e-06 1.07240240691e-06 1.15127628921e-06 2.47795935992e-06 1.70401497438e-06 1.61719641763e-06 1.78010620052e-06 1.80504828385e-06 8.11856371949e-07 3.38609875649e-06 8.17009233105e-07 2.0745791774e-06 2.92672011669e-06 3.9020324575e-06 1.96495500022e-06 5.1433095615e-06 1.55975034139e-06 4.72372851096e-06 3.74260210611e-06 7.90672601415e-06 4.89523691873e-06 3.05714773697e-06 5.42753279999e-06 3.6789648892e-06 4.19386645727e-06 2.03253338072e-06 5.73001819854e-06 2.25511451258e-06 2.97973971992e-06 2.3556601321e-06 5.90192065703e-06 2.1540302077e-06 4.74270115701e-06 3.76123068044e-06 6.80716067148e-06 3.06430521086e-06 7.01579372082e-06 7.80688187947e-06 5.16306868034e-06 6.57515724513e-06 1.74589145643e-06 5.72704297174e-06 2.83310165493e-06 4.07954068057e-06 3.29961139703e-06 2.1474747141e-06 1.29879348888e-06 3.33687504812e-06 1.18480031744e-06 2.05448559306e-06 1.45779240802e-06 1.7999312445e-06 1.43282081394e-06 2.36459925059e-06 1.05719033848e-06 9.60594237494e-07 1.33852138817e-06 9.34847990987e-07 5.99024386726e-07 2.32247232233e-06 1.43868430995e-06 1.15050277746e-05 7.20349337789e-07 1.15035526073e-06 1.53241148005e-06 9.99758802267e-07 9.75441074585e-07 1.45168954665e-06 1.61658399564e-06 1.22305323201e-06 1.48577033852e-06 1.23152886643e-06 6.45417418055e-07 3.70063183767e-06 4.4566171622e-07 2.02350466976e-06 1.54634071419e-06 3.26476477286e-06 1.13489598247e-06 3.76070385989e-06 1.47272262181e-06 3.09718779784e-06 3.81598195076e-06 5.85780300803e-06 4.67263208632e-06 2.53690567948e-06 3.61318506454e-06 3.76419515427e-06 1.95038552205e-06 3.96929990709e-06 1.31578212203e-06 4.06865428227e-06 1.29699159505e-06 1.26977663124e-06 4.19863421149e-06 1.1706610797e-06 4.47447148373e-06 2.17206791178e-06 3.69871765051e-06 4.39081649572e-06 2.64891037717e-06 6.82529234537e-06 5.50840502814e-06 5.39843757596e-06 4.17173658187e-06 1.71122119493e-06 4.13172329496e-06 1.85401150754e-06 3.55483518359e-06 1.9558075469e-06 2.21300278873e-06 6.84649924807e-07 3.79370243499e-06 8.71711919139e-07 1.40847466539e-06 1.18945015493e-06 1.33000269489e-06 1.45337363587e-06 1.43546114282e-06 8.78333899592e-07 7.77008487852e-07 1.31797477173e-06 6.65689535278e-07 4.3792807563e-07 4.89639671239e-06 4.6887462855e-06 1.52683192452e-06 2.59668748593e-06 1.61696037632e-06 1.42909779226e-06 2.5114218335e-06 1.82862604814e-06 1.74081901619e-06 2.00975430635e-06 2.05245196143e-06 7.81771353691e-07 4.34313933659e-06 9.38374189863e-07 2.18539864758e-06 3.01324605344e-06 3.21719243179e-06 2.52577621762e-06 4.58043523738e-06 1.52358183383e-06 4.9560129862e-06 5.00371493423e-06 8.59375553786e-06 4.38653011937e-06 3.82964856323e-06 5.3299262116e-06 4.27334865611e-06 3.67341295885e-06 3.82865737418e-06 4.80535074915e-06 1.72212355245e-06 4.70022753866e-06 1.48336279396e-06 4.80506415549e-06 1.77804398997e-06 5.0436756942e-06 4.00907264875e-06 4.04663380472e-06 4.22399863994e-06 6.78052939957e-06 3.84819252131e-06 6.32890024794e-06 8.42123964568e-06 6.61630609584e-06 7.51641779153e-06 1.81622445088e-06 5.09937384102e-06 3.60040904762e-06 3.41358790492e-06 3.32572162846e-06 2.32922065312e-06 1.46192619105e-06 4.46195016114e-06 9.37014625898e-07 2.18762932512e-06 1.77408412471e-06 1.88164645733e-06 1.53717678965e-06 2.29224047726e-06 1.11209228032e-06 1.16719323194e-06 2.07135034752e-06 8.19458762406e-07 1.98342777481e-06 9.60602726699e-06 3.19137967895e-06 1.11999809241e-06 1.09958850652e-06 2.47824167657e-06 1.84353726218e-06 1.12227974154e-06 2.07095290602e-06 1.65111718752e-06 9.51752924415e-07 3.27569345352e-06 9.6632870015e-07 2.88392871796e-06 2.32814133417e-06 3.18210945499e-06 1.50532300841e-06 4.54051187089e-06 1.3140285108e-06 3.81080554583e-06 5.36184960829e-06 7.58863931438e-06 5.70533879856e-06 2.52697700685e-06 5.42308248866e-06 3.54873696051e-06 2.97118991617e-06 3.77321595953e-06 2.84345845157e-06 3.64367230247e-06 1.32246495485e-06 2.74663926281e-06 2.92462233538e-06 1.38119790515e-06 3.90314461441e-06 2.74731251068e-06 4.32100333436e-06 3.39237797877e-06 3.59127001874e-06 6.44058130699e-06 2.74394105986e-06 8.04586952043e-06 7.21223812426e-06 7.05861104927e-06 5.22257622965e-06 1.39014291662e-06 4.85977067174e-06 1.99123752385e-06 3.7003122321e-06 2.55044841075e-06 2.87070250217e-06 1.31353236992e-06 2.99210655541e-06 1.16814089803e-06 1.7390552107e-06 1.87458409596e-06 1.15306252006e-06 1.46146826068e-06 2.18207746332e-06 9.22641519935e-07 8.2148833405e-07 2.04392726589e-06 3.91163876843e-06 1.75202648377e-05 3.0549725474e-06 1.62059109285e-06 3.18346116553e-06 2.73063246373e-06 2.12901927281e-06 2.06968601756e-06 2.54197140692e-06 1.46193450414e-06 5.228973054e-06 9.99468932947e-07 3.95792368018e-06 4.04078219625e-06 3.34890695601e-06 2.77306227689e-06 4.60622398912e-06 2.12002120369e-06 4.95437869545e-06 6.15681021731e-06 9.93053634701e-06 6.52160070897e-06 3.99401546877e-06 5.1101839715e-06 5.91083796163e-06 3.5141511615e-06 4.71048597817e-06 4.97112611182e-06 3.64134364022e-06 4.41867621019e-06 1.34944418166e-06 9.29916835355e-06 1.27382843671e-06 4.49376293095e-06 3.78090603732e-06 5.18913474017e-06 5.08204280787e-06 3.8739733039e-06 6.00465954087e-06 6.35934539932e-06 4.14628827214e-06 8.82175256133e-06 9.50982271365e-06 7.85889455881e-06 7.42644049587e-06 2.35075716498e-06 5.48176714576e-06 3.9844734158e-06 4.05014504133e-06 4.38218074104e-06 3.83671413391e-06 1.3786430443e-06 5.08768345127e-06 1.70837749201e-06 2.95075123449e-06 1.54972261365e-06 2.29766142374e-06 2.17765826674e-06 2.76567944199e-06 1.24796171593e-06 1.60631937036e-06 7.09865745429e-06 1.2808459496e-05 3.56159816773e-06 5.25260069813e-06 2.8926657594e-06 2.04946240943e-06 2.11951706488e-06 1.97706169155e-06 1.55857820689e-06 4.5136487276e-06 1.17934019288e-06 2.82831790139e-06 3.37238102398e-06 4.29229032183e-06 1.93170764249e-06 4.72426600993e-06 1.46138241806e-06 5.64430657633e-06 5.76023638488e-06 8.84861628058e-06 7.80455332908e-06 3.23278410468e-06 5.58711406624e-06 3.65212359883e-06 3.42849941912e-06 4.11355909991e-06 2.79485715427e-06 3.92959922192e-06 2.01470533166e-06 3.11043481873e-06 2.51080318679e-06 2.41552005989e-06 3.24627330427e-06 2.14063313919e-06 4.05823947467e-06 3.02811325558e-06 4.68874756974e-06 3.94781016538e-06 3.75388891474e-06 6.75384432629e-06 3.11683483983e-06 1.05415760337e-05 8.29013481117e-06 7.54960757858e-06 7.92880700797e-06 1.67115194576e-06 5.33016537136e-06 2.5493218319e-06 4.88363209998e-06 3.76511386785e-06 2.45708094176e-06 1.51730235414e-06 4.19176035134e-06 1.60667443005e-06 1.98174058574e-06 1.66205808167e-06 2.09006123076e-06 2.15869132326e-06 3.32540914621e-06 1.64433633412e-06 4.49143581108e-06 1.33849222041e-05 1.12745938136e-05 5.67202371744e-06 2.19677804666e-06 2.30896791028e-06 2.47121445673e-06 1.42237937806e-06 5.06711156913e-06 1.29625138391e-06 3.92264968058e-06 2.75747769363e-06 4.06395511567e-06 3.22879262801e-06 4.06081230789e-06 1.6977242469e-06 4.60530769357e-06 7.30607487432e-06 9.46201334032e-06 6.46558610056e-06 4.2337392166e-06 4.81270613283e-06 5.19386255724e-06 2.41973748329e-06 5.04299350687e-06 2.9435276459e-06 3.46732326243e-06 2.71763871172e-06 2.20037629104e-06 7.56486836467e-06 1.13179652295e-06 7.79271632921e-06 2.2984421158e-06 2.86079142635e-06 3.5578143342e-06 3.15972376847e-06 5.49543107409e-06 2.75833517014e-06 5.20956220874e-06 5.86925283819e-06 4.42015686656e-06 8.7264836493e-06 8.94097615768e-06 8.92821487349e-06 6.61297175488e-06 1.92595115589e-06 4.73346633114e-06 4.21123142961e-06 4.87600308576e-06 3.2503928227e-06 3.63447221814e-06 1.48927050495e-06 4.81640010234e-06 1.38186033975e-06 2.57366501208e-06 1.8292988966e-06 1.98082987347e-06 3.2534962683e-06 5.15714178919e-06 4.38208053859e-06 3.78686304994e-05 7.6663802413e-06 4.93119545514e-06 5.59512131082e-06 3.87164173701e-06 1.94534364403e-06 5.22213780299e-06 1.79099990699e-06 4.41347959504e-06 3.71168056664e-06 4.0274279597e-06 4.01147317965e-06 7.19219413822e-06 1.64025595369e-06 6.64577510928e-06 7.2768031836e-06 1.19406087552e-05 8.49202245145e-06 4.14294230072e-06 7.86849375318e-06 4.33507974213e-06 4.36403856716e-06 4.45406032835e-06 3.93024683723e-06 4.84120235967e-06 2.67133655521e-06 3.5193096987e-06 5.604018122e-06 2.79652838022e-06 2.93246797736e-06 5.82740707631e-06 3.5743573498e-06 2.89446055646e-06 5.04422559488e-06 4.05763197828e-06 5.0519525282e-06 4.75173256216e-06 4.41778268353e-06 9.6025924969e-06 4.1256969908e-06 1.12882785575e-05 1.11339748379e-05 9.09294456648e-06 9.44827815881e-06 2.08472182395e-06 8.49546571723e-06 5.04240615989e-06 4.65424600473e-06 4.05823078907e-06 3.93852483207e-06 1.93238628553e-06 5.2482392131e-06 1.95450878796e-06 3.60554241567e-06 3.04510812497e-06 2.94950235717e-06 3.86877591718e-06 1.32038716832e-05 2.06708926822e-05 7.55422445072e-06 6.30737701643e-06 4.28761719789e-06 2.246078208e-06 6.13621184716e-06 1.41087736178e-06 3.779345455e-06 2.73894895555e-06 4.4015399812e-06 2.76011448089e-06 4.97086933847e-06 1.95174806925e-06 4.30223249374e-06 7.05473166893e-06 9.71214703587e-06 7.54447520093e-06 3.35416310049e-06 5.16694750342e-06 4.8365194491e-06 3.6166324245e-06 4.51364941975e-06 2.11264463828e-06 3.96183941095e-06 2.39408067938e-06 2.45939438837e-06 5.41453999089e-06 1.60076672306e-06 5.45564434856e-06 1.6658419714e-06 5.66515287235e-06 2.38550601048e-06 2.65020679359e-06 4.01092348493e-06 2.31633887248e-06 4.99156126361e-06 3.73407309236e-06 4.99593202757e-06 6.26416243377e-06 3.44553899684e-06 1.01080734286e-05 9.01651569151e-06 8.68415636765e-06 5.69320183464e-06 2.18229283181e-06 5.85374569405e-06 3.27282841664e-06 4.99520064133e-06 3.46473428051e-06 3.26751416222e-06 1.4871309476e-06 5.02524900775e-06 1.85121278495e-06 3.0277684695e-06 3.00395435038e-06 2.94556400484e-06 6.84159349692e-06 3.19792558153e-05 7.96903513591e-06 8.71693589929e-06 4.70033238128e-06 1.1095637615e-05 3.2676273784e-06 4.2323928112e-06 5.37184770593e-06 6.54906998405e-06 5.04679760034e-06 5.54505978148e-06 2.96659132592e-06 7.7770790904e-06 7.54486957169e-06 1.32516845982e-05 9.10836953022e-06 5.24428744195e-06 7.13079952656e-06 5.31235821758e-06 5.87899890656e-06 5.4898270203e-06 4.24698050707e-06 4.21459095541e-06 3.67023804475e-06 3.01382999929e-06 5.93956660463e-06 2.39382858474e-06 4.82910669293e-06 4.95548430476e-06 2.65982192823e-06 6.21529308689e-06 3.27722425722e-06 4.01398256666e-06 4.28269447465e-06 4.51407138488e-06 5.91755472787e-06 6.09115447832e-06 5.57461957508e-06 8.66286473546e-06 5.28603372748e-06 1.19528182797e-05 1.23066304423e-05 9.32897319141e-06 1.16123667819e-05 3.1776316538e-06 6.5699860902e-06 5.53434341571e-06 6.4026311181e-06 5.58559205275e-06 3.87855416952e-06 2.60038924104e-06 7.90227433948e-06 2.89231206483e-06 4.82040570064e-06 4.20709099536e-06 8.61617967673e-06 2.39078307938e-05 9.12200681739e-06 4.08337167959e-06 9.64596143288e-06 3.24395388886e-06 4.40857487557e-06 3.78907716427e-06 5.95606785119e-06 4.29782019868e-06 5.69194975053e-06 1.82500482355e-06 6.35808600488e-06 8.99528210572e-06 1.00095259672e-05 8.71634056732e-06 3.49088452514e-06 5.98154162967e-06 4.16392474752e-06 4.14800263617e-06 5.15499954843e-06 2.88192121182e-06 3.70770437335e-06 1.66379400341e-06 2.38642065439e-06 4.56759725648e-06 1.33037153021e-06 4.4027476091e-06 2.4057557829e-06 4.42959064864e-06 1.56547751766e-06 4.71322426656e-06 2.54538303347e-06 1.74260937996e-06 3.71039918153e-06 2.91808012884e-06 5.6779623479e-06 4.13084065295e-06 4.05553231793e-06 7.52559142168e-06 3.3798686306e-06 1.1312119048e-05 8.65104005377e-06 1.03173775262e-05 8.14087267706e-06 1.61830920606e-06 6.06229911471e-06 4.41641664199e-06 5.96709335007e-06 3.38887438687e-06 3.45270422003e-06 2.2626049448e-06 5.95588475327e-06 2.207786691e-06 4.07145038751e-06 9.09326199962e-06 4.9338599292e-05 9.00499021203e-06 1.90133376988e-05 4.89944485402e-06 8.62389936732e-06 8.00105279677e-06 8.42805381541e-06 8.84806120083e-06 1.10558118343e-05 4.46376767033e-06 9.5452228896e-06 1.51097022324e-05 1.69883356783e-05 1.20474802626e-05 6.73051788704e-06 8.24363513855e-06 8.06804389033e-06 5.94761578827e-06 8.20510076236e-06 6.06155899662e-06 5.63389429577e-06 4.43298405299e-06 2.76418785557e-06 9.18118239733e-06 2.24309166685e-06 6.26696922281e-06 4.68658826292e-06 4.69020947488e-06 6.2577433909e-06 2.50873541024e-06 9.22659593471e-06 3.0951288295e-06 4.57034787253e-06 5.64860733202e-06 6.5855051532e-06 8.61298879441e-06 6.08464190107e-06 8.14667169431e-06 9.57247651621e-06 7.01187389471e-06 1.43262026016e-05 1.56906382138e-05 1.61917533129e-05 1.19663991617e-05 3.95051143856e-06 1.04188399626e-05 7.70478874065e-06 7.7018199629e-06 6.56486287003e-06 6.72412008498e-06 3.43315008282e-06 1.07335731067e-05 4.01965548961e-06 1.28104022636e-05 2.92319363368e-05 2.58750053048e-05 6.91802987127e-06 9.63026131754e-06 8.85504908542e-06 1.07437032e-05 7.08934411823e-06 1.2195624407e-05 4.68386608247e-06 1.18645028662e-05 1.26509164959e-05 1.7183823753e-05 1.88303873545e-05 4.11764337038e-06 1.13786961028e-05 5.52135325226e-06 6.75017317284e-06 8.22158867191e-06 5.53681927579e-06 7.62444825783e-06 3.70396774558e-06 3.43760695185e-06 6.53667276117e-06 2.3987102557e-06 6.50559150999e-06 2.98636688031e-06 5.83004513823e-06 3.17380641679e-06 6.45426451935e-06 2.67630896086e-06 6.75344919444e-06 3.72750716098e-06 3.64608388777e-06 7.53705172124e-06 5.8221286076e-06 8.31127001885e-06 6.91169563134e-06 5.4809328797e-06 1.24127637463e-05 3.95404542725e-06 2.08308181497e-05 1.50490491044e-05 1.31233095963e-05 1.44405754902e-05 4.18786485999e-06 1.11308931818e-05 6.08548334006e-06 8.85679987802e-06 7.12653848257e-06 6.3649557259e-06 3.8327015625e-06 1.15434377336e-05 7.53060008675e-06 7.59805081081e-05 8.92755777066e-06 9.81500083959e-06 9.64811368528e-06 1.15928317737e-05 6.18196832396e-06 1.08142820075e-05 4.38445101349e-06 1.07773783187e-05 1.42383560501e-05 1.50169261583e-05 1.46724901867e-05 6.00632332623e-06 7.49259744007e-06 6.05154587161e-06 4.61435727188e-06 8.09779937689e-06 5.33625206187e-06 5.89465305166e-06 4.79838503589e-06 2.55465486179e-06 8.09792501086e-06 1.71221586679e-06 6.83633885378e-06 2.86571873432e-06 4.19394838237e-06 3.89125934574e-06 3.19933203553e-06 6.80821351861e-06 1.86817978428e-06 8.10632424321e-06 2.40232833059e-06 4.87167203399e-06 5.62450740131e-06 5.48692555829e-06 7.77285998423e-06 4.35036574728e-06 5.85126780331e-06 7.66488736018e-06 5.93110237349e-06 1.59722739676e-05 1.24179634842e-05 1.41619975091e-05 1.24537442025e-05 3.55931625842e-06 8.93273262792e-06 5.70928513695e-06 8.88754419206e-06 6.85524406676e-06 5.63635020272e-06 3.83786323984e-06 2.10697631599e-05 3.16251422704e-05 1.91369665825e-05 1.7952939187e-05 1.78636200317e-05 1.06188417252e-05 1.66417394927e-05 4.47192919248e-06 1.58763456484e-05 1.98043185385e-05 2.00081860896e-05 1.72809955956e-05 7.59792643706e-06 1.55369327152e-05 5.78426041276e-06 7.83365406755e-06 8.91914560731e-06 7.34757435752e-06 8.4634600547e-06 5.27790180328e-06 5.35533952965e-06 8.15526436888e-06 3.34323500945e-06 7.16117914152e-06 4.62464594869e-06 6.51694214893e-06 3.8163600307e-06 6.38544354135e-06 4.84163318887e-06 6.66413843496e-06 3.37668586492e-06 7.53670273747e-06 5.2940995812e-06 5.01995255503e-06 8.14125452358e-06 7.33250656507e-06 8.43752006223e-06 7.86546981504e-06 5.72730794788e-06 1.62707701354e-05 7.34044199933e-06 1.85023096465e-05 1.73377520642e-05 1.92722484017e-05 1.75321585523e-05 3.79491226611e-06 1.29280530576e-05 8.18721995877e-06 1.27769143787e-05 1.00675212617e-05 8.70370862511e-06 8.93912760892e-06 6.23477016035e-05 2.62766037756e-05 2.42317542816e-05 1.45649903904e-05 2.05144440639e-05 6.30510575217e-06 1.64361353452e-05 2.39838859806e-05 2.15665668429e-05 2.287479261e-05 5.9934225415e-06 1.54840208733e-05 9.29244296971e-06 5.22986532441e-06 1.1355327798e-05 4.96021805247e-06 8.87490428926e-06 4.81660408658e-06 4.20326689227e-06 1.14343038935e-05 2.41356492372e-06 9.16715025513e-06 3.66216173817e-06 7.53128798541e-06 4.85534102131e-06 4.66712866248e-06 7.18832640879e-06 3.58237357327e-06 8.40743607537e-06 2.42355817733e-06 1.07555709371e-05 4.04850761176e-06 4.87190431025e-06 8.26726485626e-06 5.16217411234e-06 1.0559119525e-05 5.18359103717e-06 9.04068061458e-06 1.55367596105e-05 5.36355581723e-06 2.35937483721e-05 1.81078045804e-05 2.17903873396e-05 1.6550814576e-05 5.06715564153e-06 1.51168875928e-05 9.38470315011e-06 1.46676542282e-05 1.20187758083e-05 1.62411657827e-05 8.70738583011e-05 3.85522513142e-05 2.27863113961e-05 2.81811380497e-05 8.57749771631e-06 2.46809983833e-05 2.50837841561e-05 2.66697720125e-05 2.82547485095e-05 8.8021044474e-06 1.59556626217e-05 1.03731947222e-05 1.03171946103e-05 1.02289887792e-05 7.43745858242e-06 8.38752971089e-06 6.07831108605e-06 4.80900058681e-06 1.08331571079e-05 3.91461621034e-06 8.33904274682e-06 5.77056603181e-06 6.41501476778e-06 7.07389691535e-06 6.38819856916e-06 6.86872540292e-06 6.05335242611e-06 5.89245776883e-06 7.22819150317e-06 4.2481784167e-06 9.65404371284e-06 4.88562237554e-06 6.23382313511e-06 7.1376771067e-06 7.81671603815e-06 8.59933851433e-06 1.05491812988e-05 9.31290027206e-06 1.49358407009e-05 8.17772686006e-06 2.71813257985e-05 2.15454217134e-05 2.14589295684e-05 2.36603297009e-05 6.26860835851e-06 1.89568009724e-05 1.27991704042e-05 1.86564267163e-05 2.43993453546e-05 9.89142462026e-05 2.82383205249e-05 3.30181662969e-05 8.42649345339e-06 2.85345022632e-05 2.92937983286e-05 2.54125270306e-05 3.01407335129e-05 8.21058602643e-06 1.7387992722e-05 8.33437147944e-06 8.56348919673e-06 1.5376144641e-05 5.17129866564e-06 1.1022496119e-05 4.87258887881e-06 4.84316687907e-06 1.14198203121e-05 2.85658580997e-06 1.13546360176e-05 4.1184888768e-06 7.76273359595e-06 4.50154411671e-06 6.92467048985e-06 6.71234840911e-06 4.54131322135e-06 7.4134268669e-06 4.11965767151e-06 1.04113189158e-05 3.07123080805e-06 1.03103254646e-05 5.03196700736e-06 4.48323476416e-06 9.34333753738e-06 5.00522865337e-06 1.30914122288e-05 8.43080697052e-06 7.06051258497e-06 1.61792867578e-05 7.31118310457e-06 2.67469786056e-05 1.88159622772e-05 2.35974644626e-05 2.37641941329e-05 5.73361540364e-06 1.94051545765e-05 1.36934788261e-05 2.77590121691e-05 0.000106761754409 5.14128279774e-05 1.24219386845e-05 3.80027441023e-05 4.29453196296e-05 3.43244422777e-05 3.66008272696e-05 1.31494842241e-05 2.4599069193e-05 1.39311645523e-05 9.93719400361e-06 1.9258913667e-05 1.18377396956e-05 1.02953853435e-05 8.85502312116e-06 4.91413190714e-06 1.69348863129e-05 3.54988223948e-06 1.14940634401e-05 7.04766902583e-06 7.51783488416e-06 6.73387590471e-06 5.75786235027e-06 8.74527155161e-06 5.43650591753e-06 6.47456691565e-06 6.76870384482e-06 6.77115070871e-06 9.75808280781e-06 3.71428852812e-06 1.42922441115e-05 4.52465266145e-06 7.71629780787e-06 7.75116766804e-06 1.05559856456e-05 1.56551677424e-05 8.32712855715e-06 1.14996319814e-05 2.17934768605e-05 1.04020523942e-05 3.13546643399e-05 2.60664585547e-05 3.32139660914e-05 3.01653286385e-05 7.42553772699e-06 2.74161999908e-05 3.45008782031e-05 0.000168434926736 1.98287286893e-05 6.00565808177e-05 5.74845335338e-05 4.59119701053e-05 5.31849533098e-05 1.46740509486e-05 3.40792967646e-05 1.76282235313e-05 1.62029541612e-05 1.8675293091e-05 1.37219418257e-05 1.89686012009e-05 7.32724612594e-06 8.0522685456e-06 1.45126421625e-05 5.31788461837e-06 1.30621473756e-05 7.62522156615e-06 1.13784750368e-05 6.73151216202e-06 9.28193772018e-06 7.53765667016e-06 7.86677683799e-06 8.61159415617e-06 6.48942038165e-06 1.02954807505e-05 7.24566514072e-06 1.10494485425e-05 5.26437777269e-06 1.13240227293e-05 7.26007641147e-06 6.07744819004e-06 1.44484279909e-05 1.15005650816e-05 1.35859453936e-05 1.3061783424e-05 1.36195704655e-05 2.7112490687e-05 1.02470197626e-05 4.44929992187e-05 3.31158138133e-05 4.17531850979e-05 4.06050586368e-05 1.10307883557e-05 5.6998776964e-05 7.62309315435e-05 9.37564089484e-05 7.54872051494e-05 5.54451272952e-05 7.12984043778e-05 1.98989918907e-05 3.60019772577e-05 2.14152435288e-05 1.88575343198e-05 2.58792832953e-05 1.26095673089e-05 2.05516363112e-05 1.28675891993e-05 6.82775807787e-06 2.24843634645e-05 5.20389438174e-06 1.77477816575e-05 9.28998284257e-06 1.25119373985e-05 1.10858788834e-05 8.79556668112e-06 1.16857065604e-05 6.4571292079e-06 1.14196484058e-05 7.99208206596e-06 1.01919459449e-05 1.08183776011e-05 8.32997972924e-06 1.4314622508e-05 4.79561923434e-06 1.67070574748e-05 6.00653453695e-06 1.04417389896e-05 1.41334617039e-05 1.01458230474e-05 1.82938914728e-05 1.38808525315e-05 1.5793213019e-05 2.61937437703e-05 1.35489837223e-05 5.72844258744e-05 4.0974035087e-05 5.51343737788e-05 5.19647529678e-05 2.8806773904e-05 0.000346700528571 0.00012228478366 8.15938302273e-05 0.000101338486716 2.62843080209e-05 5.23493578892e-05 2.3823657074e-05 2.65865304276e-05 3.26358470578e-05 1.96458309564e-05 2.11042114845e-05 1.54384518684e-05 1.42482979423e-05 1.98993298822e-05 9.50527698532e-06 1.60857385653e-05 1.31299724923e-05 1.34624259436e-05 1.17601097461e-05 1.30262331972e-05 1.21258355191e-05 9.60401851112e-06 9.70201210215e-06 1.06604430385e-05 1.22509898755e-05 1.00617795836e-05 1.17223164674e-05 1.03329883683e-05 1.33844877194e-05 7.07393493404e-06 1.49901576106e-05 1.07532335359e-05 1.12108274037e-05 1.34791854251e-05 1.47684850479e-05 2.0727800783e-05 1.81420213873e-05 1.501867411e-05 3.61982039889e-05 1.67909705302e-05 7.56223763778e-05 5.68265574354e-05 7.81231816673e-05 0.000119849375679 0.000484389334555 0.000135518322027 0.000172808248571 3.57667904574e-05 8.18197169187e-05 3.70032968385e-05 2.9949656214e-05 4.54407844745e-05 2.83292204426e-05 2.75785994986e-05 1.7764696096e-05 1.90265324454e-05 3.49372659389e-05 9.24517099498e-06 2.56883190853e-05 1.3004377402e-05 2.06390403635e-05 1.38745681804e-05 1.41676422559e-05 1.8572604451e-05 1.07585456764e-05 1.51281242754e-05 9.80296029036e-06 1.6994322941e-05 1.28288021357e-05 1.14541454598e-05 1.68053345857e-05 1.0013451892e-05 1.94534439554e-05 6.01012238639e-06 2.39244560424e-05 1.20430303505e-05 1.13219287526e-05 1.64755829861e-05 1.7918290814e-05 2.45165217775e-05 1.78095397747e-05 2.0312090187e-05 4.59514070565e-05 2.14984590676e-05 0.00011038019483 8.37915505388e-05 0.000189268825129 0.00128191134913 0.000710606760765 0.000146695536205 0.000255233886425 0.000147476796256 8.37924810788e-05 0.000121852778398 9.01397017808e-05 8.44488603778e-05 5.69982581188e-05 3.79146776822e-05 9.54668112883e-05 3.44213622704e-05 5.33883378561e-05 4.2265791646e-05 4.25798501279e-05 4.01921628921e-05 3.66637509502e-05 3.86716353646e-05 3.26124943581e-05 3.18893974025e-05 3.01804067298e-05 2.94636653305e-05 3.26151228455e-05 2.89853555125e-05 3.01002379417e-05 2.96374118753e-05 2.74659773168e-05 3.23369631288e-05 1.91925839145e-05 5.08489223305e-05 1.8729324162e-05 2.86317675337e-05 3.91370083688e-05 4.13854418119e-05 4.74649860959e-05 3.88158066683e-05 5.31578331839e-05 9.89906182865e-05 5.71146042974e-05 0.000262521402714 0.000429600427571 









































