





























5.95325648424e-07 2.9623327655e-07 1.18536980711e-07 5.72162082358e-07 2.95192028133e-07 4.38585720529e-07 2.58465867224e-07 1.76697537007e-07 6.0414572221e-08 1.85060048773e-07 2.71084499938e-07 2.34128832842e-07 1.25543227632e-07 1.23464367563e-07 2.36764305625e-07 2.72160223796e-07 2.0673532053e-07 5.68916430366e-08 1.80930679482e-07 3.08687908232e-07 5.06015560703e-07 3.60215964673e-07 6.22260323431e-07 1.43023479186e-07 3.67278931536e-07 4.20850589249e-07 1.77062636466e-07 1.27228688674e-06 1.90844034271e-07 4.98841782398e-07 2.70767307002e-07 7.29638989004e-07 1.5939302485e-07 1.70372388079e-07 9.53622469215e-08 1.38918021764e-07 5.13443515048e-07 2.2493768334e-07 5.63008755867e-08 5.65905262705e-07 5.64100548767e-07 6.32453798592e-08 2.57478577065e-07 5.29715152345e-07 1.47320700378e-07 1.281282753e-07 1.71709493646e-07 1.82799091563e-07 8.14496555839e-07 3.95670960832e-07 5.09253431844e-07 1.90717960261e-07 8.73977896875e-07 2.08925330659e-07 1.61094205371e-07 1.45643828104e-07 4.84143196142e-07 1.35522510217e-07 2.26150850607e-07 6.76443209829e-07 1.10521989921e-07 5.20243072952e-07 5.65054689764e-09 1.04329092542e-09 6.80355284621e-07 5.66449624526e-08 4.5007589679e-09 5.27011638407e-07 1.11427320108e-07 1.16004739505e-07 5.41325516098e-07 7.23340078663e-09 5.64599299956e-08 7.05298501489e-07 8.77236386807e-09 6.64039516142e-09 5.58991090816e-07 1.09341702613e-07 6.96092073727e-07 2.57344899403e-07 8.72238349269e-08 3.53521822678e-07 1.59989377361e-07 2.04145453625e-07 1.70115142792e-07 5.60816627725e-07 2.48286402921e-07 1.1730446048e-06 3.26689902538e-07 4.14257884081e-07 7.45534545515e-08 4.37888027121e-07 5.02419009537e-08 1.3441478556e-07 1.49330100208e-07 2.10503288227e-07 2.251533928e-09 2.53516994273e-07 1.84996632653e-07 5.32987393531e-08 2.13317266918e-07 2.28179417248e-07 1.41520121486e-08 2.02101427137e-07 1.7678121308e-07 1.23087957152e-07 9.22661258437e-08 4.01067428093e-07 6.59982018861e-08 4.04289494711e-07 1.80545351109e-07 8.11994716743e-07 1.61545845573e-07 5.92680539104e-07 2.28031952736e-07 2.48538557276e-07 1.26426635435e-07 2.04310298333e-07 1.70649307839e-07 1.05105983947e-06 7.53691997257e-07 2.02461334031e-07 8.64410108493e-07 5.04620295719e-08 2.09910909507e-07 8.95716036668e-07 2.03033857017e-07 6.0243844458e-08 9.72436602857e-07 1.90710264706e-07 1.44023476871e-07 6.5448093047e-07 1.57379585398e-07 1.8037796341e-07 9.9658602679e-07 5.55252287604e-08 2.0434348466e-07 9.18913038369e-07 1.9939582157e-07 4.92561084601e-08 8.24923279706e-07 2.05388662324e-07 6.60659243433e-07 7.54189495343e-07 1.78571009367e-07 2.14157217926e-07 1.61529560866e-07 3.44431490428e-07 7.15694188582e-07 4.52940675465e-07 1.40410820672e-07 5.4250918621e-07 4.83971961471e-07 4.28299591471e-06 7.02295126966e-07 1.6659764959e-06 1.73756847996e-07 5.51664358354e-07 4.9489882276e-07 4.43099172985e-07 1.78816659887e-07 9.54420451296e-07 2.37601322573e-07 4.93911745949e-07 3.57176009859e-07 4.87491518053e-07 3.49205662258e-07 5.06086411908e-07 2.6683030567e-07 8.71844619254e-07 2.06272738555e-07 4.05987789779e-07 4.71031949946e-07 5.50542769014e-07 1.49908259372e-07 1.38831370174e-06 4.50400105602e-07 2.70386436211e-06 4.27561776528e-07 4.81486287919e-07 1.74966715651e-07 6.06048340016e-07 8.42317455176e-07 2.72008815021e-07 1.9330749332e-07 9.73204222641e-08 1.89655563267e-07 2.59212101336e-07 5.73155363685e-07 9.56749280219e-07 4.29067911264e-07 1.60114589861e-07 3.29871514814e-07 5.20749067083e-07 3.05236288832e-07 4.95956906551e-08 7.56516862109e-07 4.71780982355e-07 1.7483332652e-07 2.40307468569e-07 5.3462489329e-07 5.15962359815e-08 5.65731826341e-07 2.39041537951e-07 1.7898204837e-07 5.22166850855e-07 6.62199975465e-07 4.93985546765e-08 3.22833348259e-07 4.34787904382e-07 3.32655418486e-07 1.50960445438e-07 2.6535034625e-07 7.17770714697e-07 4.79409796123e-07 2.43396573607e-07 2.67617487356e-07 9.02972910969e-08 2.80837026924e-07 3.56690496851e-07 3.23423302322e-07 2.08215189582e-07 5.41040820031e-07 3.02658751411e-07 2.21313244759e-07 1.94372442812e-06 5.46928964417e-07 3.27428795462e-06 2.31515130333e-07 3.71279289941e-07 1.64166190205e-06 2.39757656112e-07 2.17370610514e-07 3.61395852535e-07 4.75698067817e-07 3.27993858457e-07 4.93589719899e-07 1.73241838711e-07 3.24100225044e-07 3.19915432662e-07 1.82423255145e-07 4.45111987531e-07 3.04384719022e-07 4.33644610669e-07 3.6769190016e-07 1.19977972955e-07 2.00606696527e-07 1.34987077721e-06 2.16376936963e-07 5.86044947519e-08 2.12395769868e-06 2.56162487686e-07 1.8819039154e-06 2.35736460063e-07 3.23967503139e-07 6.05707782797e-07 3.33354822384e-07 3.60545987207e-07 1.12534914458e-07 1.28587992828e-07 3.13745145631e-08 1.62636069051e-07 1.77658100129e-07 2.09820885763e-07 1.72195448074e-07 2.47409162276e-07 4.26762107892e-07 9.42360287724e-08 1.93022935579e-07 1.16706875095e-07 1.16540758548e-07 3.24434164064e-07 1.06894486101e-07 7.80475642011e-08 2.13263168827e-07 1.76525588631e-07 3.72432849934e-07 1.58932450188e-07 1.72573128831e-07 8.17307550267e-08 7.9325721083e-08 3.06619226573e-07 1.07905274798e-07 8.45422998953e-08 2.03188736656e-07 5.19309794786e-08 3.45165121735e-07 1.60440997855e-07 1.61880659277e-07 1.92245732188e-07 2.18781492844e-07 2.27804029918e-07 2.73366771127e-08 2.05012592666e-07 1.35639207812e-07 3.13235924223e-07 1.57607300275e-07 1.01914592837e-07 1.15326781332e-07 2.12942306426e-07 4.43044640033e-07 2.93564133756e-07 3.6743668406e-07 2.21672361965e-07 9.84874006263e-07 5.86147578681e-07 1.55986196621e-07 6.10968600948e-08 4.27217246768e-07 5.20992760769e-07 5.18497885111e-08 6.58638505995e-07 3.69669416291e-07 1.64790874439e-07 3.56353970434e-07 3.72391334081e-07 1.56159643577e-07 3.89296505966e-07 5.87002348062e-07 5.23672327403e-08 5.3846773341e-07 3.77215535454e-07 5.56871245562e-08 1.54461995391e-07 3.47420075381e-07 7.33960150762e-07 1.09802183114e-07 2.79443500009e-07 2.61111611623e-07 3.30383706226e-07 2.33009298949e-07 1.87315445756e-07 9.11153682691e-08 2.29260753101e-07 3.582768131e-07 3.44166140602e-07 8.85596992427e-07 7.23255595642e-07 2.46187373471e-07 1.01794892613e-06 2.60040651183e-06 4.80474156784e-07 2.0837300622e-06 2.61837483355e-07 8.24852202658e-07 5.2955229345e-06 4.25411275808e-07 3.27179975194e-07 2.44109401511e-06 7.29073169854e-07 5.42566774216e-07 4.52881820378e-07 7.94017652611e-07 5.29103465017e-07 1.21004650738e-06 1.27704828787e-07 1.09067298622e-06 5.78282409358e-07 8.0129249625e-07 4.59674264137e-07 6.15351551537e-07 5.89340895637e-07 1.9168559351e-06 2.17417854535e-07 1.83023592699e-07 3.37558581034e-06 4.28186931959e-07 2.07592085298e-07 2.00055978573e-06 4.11713002081e-07 2.52084453749e-06 1.05832110665e-06 2.80073884201e-07 7.61477490401e-07 1.03491388567e-06 3.79744920705e-07 5.33644813847e-07 2.60870294515e-07 9.09127403888e-08 1.08624515123e-07 2.49408304818e-07 6.17705382808e-07 1.73611956475e-07 5.06470183072e-07 1.35299823223e-07 1.85640153883e-07 1.2190722712e-06 8.50693312441e-07 4.26955384309e-08 7.17293689671e-07 3.953678935e-07 2.17819322279e-07 7.90337774855e-07 1.60985845705e-07 1.77913075824e-07 5.36991383077e-07 6.93865954985e-08 5.41647025268e-08 5.92254655366e-07 1.69501204893e-07 1.53438986512e-07 6.33374546538e-07 2.00809427909e-07 3.90332940205e-07 5.58264927101e-07 3.51781131601e-09 7.01078850679e-07 6.51833623663e-07 1.73044849207e-07 9.0191025707e-08 4.4458640965e-07 1.26573325586e-07 6.14704533668e-07 2.37008439268e-07 1.16155883657e-07 1.08095427327e-07 3.02582309914e-07 5.8295744957e-07 4.71172612548e-08 3.98659621214e-08 2.43942623605e-08 5.8909276434e-08 3.04403701932e-07 1.67825305382e-07 1.24787255249e-07 3.38017755922e-08 1.36911597821e-07 2.58828703957e-07 1.80117122823e-07 4.69702866818e-07 1.6700302799e-07 1.70017653425e-07 7.02555532082e-08 2.48774567351e-07 2.60451350635e-07 3.66762565339e-07 2.89055253551e-08 1.67950032476e-07 2.65528730689e-08 3.21405683584e-07 3.03751965082e-07 1.95863000258e-07 6.4327065917e-08 1.73428254924e-07 1.06945894414e-07 3.64875721748e-07 8.37778170006e-08 2.62596102829e-07 8.58735976401e-08 4.21160258639e-08 7.65164263642e-08 2.12761233273e-07 3.35129629438e-07 4.47078752655e-08 3.62479512751e-08 4.90006772376e-08 4.73646283206e-08 1.00681733522e-06 1.33538211579e-06 4.39258887314e-07 2.78216483138e-07 1.0855030515e-06 1.26304060021e-06 3.91819078162e-07 2.16030364937e-06 1.5411891895e-07 3.31898223034e-07 2.72894626916e-06 2.3600968571e-07 4.31296627335e-07 4.98157396806e-06 7.69926746633e-07 3.38810174285e-07 1.79199183287e-06 6.45453479688e-07 5.85335954847e-07 6.18120619355e-07 4.9235644486e-07 9.68113171558e-07 1.04760831806e-06 4.18679397217e-07 5.67236777165e-07 6.28321689698e-07 5.49044694324e-07 1.56121265879e-06 2.8799592663e-07 3.21686156375e-07 3.30603220473e-06 2.11221735223e-07 1.65397519795e-07 2.43920921271e-06 2.55949014347e-07 1.36307077598e-07 2.03056447834e-06 3.64423107857e-07 1.27099282326e-06 1.12021044989e-06 3.79242562856e-07 4.90350015332e-07 1.4944881377e-06 1.03336756605e-06 1.89747593924e-07 4.14628474988e-07 2.34023053247e-07 2.39947546774e-07 2.77091677288e-07 8.33854024109e-07 5.25100113527e-07 7.15495478982e-07 2.88683817885e-07 2.99666263261e-07 1.13240375927e-06 3.92340638177e-07 2.31396068189e-07 1.87406662821e-06 2.17887311605e-06 3.63185352254e-07 8.99693709357e-07 8.77963941071e-07 3.17358715517e-07 1.54430295266e-06 1.05497546214e-07 6.4443680685e-07 1.01030061395e-06 6.87412115095e-07 1.13352771427e-07 1.58789602239e-06 3.00359949526e-07 7.99883670703e-07 7.2221879796e-07 1.82575122494e-07 1.65201179237e-06 1.1265225902e-06 2.18588186057e-07 3.14059917049e-07 9.08789569343e-07 2.1523287813e-07 3.09364595062e-07 6.36664168634e-07 5.25752374652e-07 8.15871676113e-07 3.03022549628e-07 3.48293117733e-07 2.3930789333e-07 4.79717123532e-07 1.94353576329e-07 3.04424783452e-07 2.06006776724e-07 6.45538784338e-08 2.80598368711e-07 3.99603371214e-07 1.58331129559e-07 3.70435095646e-07 1.57825630225e-07 2.94839120972e-07 4.32999217649e-07 1.03443609594e-07 1.16313429162e-07 5.80870556628e-07 6.14235588903e-07 8.63734951907e-07 4.2661940429e-07 3.04701243335e-07 3.03709748675e-07 4.74336834139e-07 3.22502671227e-07 1.7259076666e-07 7.37769541749e-07 5.9327800136e-07 1.47833554709e-07 2.63929040136e-07 3.98662755286e-07 3.07286726912e-07 3.12686278729e-07 2.78259082693e-07 7.25450757815e-07 3.80939098083e-07 3.84086403432e-07 6.35518806265e-08 1.06203455852e-07 4.18983635497e-07 2.72795122791e-07 1.67143146711e-07 3.13661964393e-07 1.46727347361e-07 4.37675094249e-07 2.85314420027e-07 7.47369918738e-08 2.398995627e-07 3.65770920998e-07 7.02591111475e-08 4.45506224153e-07 8.76553020659e-08 3.8418483984e-07 5.40357060909e-07 6.40376668669e-07 1.6838077959e-07 8.00670483225e-07 1.65447323894e-07 1.18508376315e-07 2.42171331297e-06 1.38497172867e-07 1.68820986587e-07 2.02439014725e-06 3.2053168838e-07 4.25594224412e-07 4.22243677228e-06 6.68635348424e-07 1.95965868998e-07 2.01374103723e-06 1.82601032086e-07 1.08277315827e-06 3.22233373511e-07 9.11902941675e-07 3.59249983745e-07 9.20780469007e-07 2.07245563932e-07 1.77858927467e-06 1.05784592573e-07 2.76920856082e-07 2.79632507515e-06 1.35262281302e-07 2.39588973851e-07 2.1041413678e-06 1.28750889143e-07 1.00189275917e-07 2.267446092e-06 1.35628639654e-07 1.29615771876e-07 7.69683995488e-07 2.19101850126e-07 6.65165543791e-07 5.6419525306e-07 4.61661677255e-07 8.8009566175e-08 5.10193223692e-07 6.98739507066e-08 2.99192451142e-07 1.26537288326e-07 1.58368734886e-07 2.59129753463e-07 8.42382904316e-07 4.09707581259e-07 5.47322558399e-07 1.33773221162e-07 3.51435367356e-07 1.07183731437e-06 4.21891695983e-07 1.63549244555e-07 1.17042456897e-06 8.73740994755e-07 1.48240640027e-07 1.55421324936e-06 1.9858981088e-06 3.5309026056e-07 1.42302451689e-06 4.96234051666e-07 5.78294310226e-07 1.24787976691e-06 2.89167650125e-07 2.64708881625e-07 1.24315838537e-06 5.43959425409e-07 4.20423426717e-07 1.06200794749e-06 1.75606135476e-07 1.62096372299e-06 9.41436879034e-07 1.44625136786e-07 6.45977359201e-07 8.77151070528e-07 1.40534942559e-07 4.4052701415e-07 9.1440667443e-07 2.74653549689e-07 1.05005479427e-07 5.25266371908e-07 4.1805015411e-07 8.94313075632e-07 2.61712338965e-07 1.70690978031e-07 1.710506029e-07 3.42509675546e-07 1.28326459384e-07 1.1276325829e-08 1.89723697158e-07 3.32760381641e-07 2.24280380298e-07 1.23885673226e-07 1.27558145856e-07 9.72717202428e-08 9.17285665723e-08 5.29280039364e-07 1.27141807195e-07 5.21885843826e-08 4.50485797483e-07 3.13495447594e-07 2.25340626385e-07 4.62389890355e-07 5.27245490793e-07 9.37762262906e-07 6.44685112412e-07 2.2135903315e-07 4.4346671684e-07 5.20256074421e-07 7.41988720886e-07 1.05819408981e-07 8.03183993887e-07 4.60985996565e-07 3.70928723686e-07 1.91304297832e-07 3.33087648645e-07 7.82558376229e-07 3.59863528681e-07 2.59252646407e-07 2.01310776006e-07 2.34341164521e-07 4.23212590298e-07 7.05928908691e-08 5.42004352887e-08 5.14876944822e-07 7.73141201259e-08 9.04027961446e-08 1.64973133695e-07 1.15446388066e-07 2.60546287237e-07 3.87549328423e-07 2.37134726617e-07 2.25143669047e-08 1.27610464964e-07 8.74074235158e-07 1.11288727842e-07 4.06496687419e-07 3.26998843773e-07 5.9029892263e-07 8.81299227549e-07 7.9976862356e-07 3.59967383652e-07 3.83021080911e-07 1.55003791533e-06 7.05175607662e-07 2.20502402992e-07 3.04251783877e-06 7.27703913999e-07 3.40262168992e-07 2.86065057204e-06 7.22903108905e-07 7.94078443159e-07 6.43025150989e-06 3.68730670748e-07 1.30149303231e-06 2.51873303748e-06 9.43146984041e-07 7.750111398e-07 7.99120844937e-07 8.89203671863e-07 2.29705167594e-06 9.89563061188e-07 2.60074718892e-07 4.51310423745e-06 4.5745304299e-07 5.37790567865e-07 2.56025437812e-06 2.62595561035e-07 5.04650735888e-07 2.84528751169e-06 2.21729217139e-07 7.4028357314e-07 1.48519215772e-06 3.37177031551e-07 3.73097123101e-07 8.23293565265e-07 8.96522531163e-07 6.10614854274e-07 3.55208168352e-07 4.46459763681e-07 1.60927655017e-07 9.489073506e-07 2.84988112313e-07 8.36374337414e-09 2.15157577576e-07 1.82642290487e-07 3.90889638151e-07 1.75152263083e-07 2.50199456561e-07 6.80195715177e-08 2.29847773953e-07 4.2859645182e-07 7.58704235551e-08 2.40776572344e-08 5.06958252229e-07 4.18692981153e-07 4.305602459e-08 5.45977724292e-07 3.18280313797e-07 4.96863182915e-08 1.41213786224e-06 9.47716181715e-07 2.28102921944e-07 7.75912776231e-07 6.47693517903e-07 4.12860916012e-08 1.09324990062e-06 4.17114845889e-08 5.59491249922e-07 5.6482415556e-07 1.4223745971e-07 7.67205042135e-07 7.12260116707e-07 7.17099115862e-09 2.45736854313e-07 4.95107453192e-07 6.7978009586e-08 3.30571829222e-07 5.18560545316e-07 1.35427016405e-08 4.89373063417e-08 4.78393628789e-07 2.24210803833e-07 7.79579172588e-08 2.61395024635e-07 1.7926218755e-07 3.94272829036e-07 2.09594701165e-07 2.45415600372e-07 1.53412924523e-08 2.92512697845e-07 3.67096300156e-07 1.21641775964e-07 2.41794892935e-07 2.94248457037e-07 5.29954738698e-07 1.83539473427e-07 4.78682145875e-07 2.28601481995e-07 2.43351861664e-07 8.8324696083e-07 3.53952727571e-07 1.64271297547e-07 1.35022991766e-06 5.16647915505e-07 4.53108670461e-07 9.22790670283e-07 7.90258943192e-07 4.73384938092e-07 1.18716591452e-06 6.09759831213e-07 2.37041168377e-06 1.02197863633e-06 1.21505333199e-06 4.1657728235e-07 1.17533935893e-06 9.72438381804e-07 4.46554418517e-07 1.17090078092e-06 6.63892038276e-07 2.15900034552e-06 3.70156261776e-07 9.95631477412e-07 3.33447177239e-07 6.14627124354e-07 6.82880058184e-07 4.41505963159e-07 4.54359526675e-07 1.14554147833e-06 1.18595464522e-07 2.45520823319e-07 9.30952826269e-07 2.14788077757e-07 2.07398740411e-07 6.12038029209e-07 1.19406277342e-07 5.46940532353e-07 3.05176220397e-07 2.63677701302e-07 1.46430828622e-07 4.02393659135e-07 6.69822952217e-07 7.69743427346e-08 5.45407694682e-07 6.2349356772e-07 1.17211718561e-06 1.13226256417e-06 2.77208089062e-07 1.13406919712e-07 6.97177748933e-07 9.26007658381e-07 6.40146285239e-07 1.30452612605e-07 1.29417694207e-06 1.07812793842e-06 1.06626328523e-07 2.36239661187e-06 4.84469046102e-07 1.96721230815e-07 2.95436691965e-06 1.75035229385e-07 1.21131913054e-06 5.15316776032e-06 9.9503287471e-07 4.88102085424e-07 2.23028158536e-06 3.63796421055e-07 2.19457504153e-06 4.36342916306e-07 4.63719736036e-07 3.5939957242e-06 5.94968815291e-07 1.08062917192e-07 2.69373889603e-06 1.69403107419e-07 3.59975695195e-07 2.21437353147e-06 6.67524630769e-08 1.01964409185e-06 1.24946838897e-06 1.24374244831e-07 6.54739350746e-07 8.87942966085e-07 6.82085714632e-07 1.3639995702e-07 2.68789794699e-07 1.16800759947e-06 1.19614433079e-06 6.37951980461e-07 5.89622606183e-07 6.7782848876e-08 7.11623048918e-07 4.85546437149e-07 2.01212685846e-07 6.20203267271e-07 4.52247743733e-07 1.03108876929e-06 4.36550118924e-07 9.50748945557e-07 1.20615876054e-07 4.80737986207e-07 1.81784518468e-06 3.99946575675e-07 2.47086946051e-07 1.72918886497e-06 8.69582143284e-07 7.16850979082e-07 1.74319198494e-06 1.47991508946e-06 3.51138488784e-07 2.62392782202e-06 1.00010810789e-06 1.0916427435e-06 3.34118416153e-06 4.68361252116e-06 5.22395472167e-07 2.58865663408e-06 1.50891840287e-06 1.53041671118e-06 2.10794142034e-06 3.30432626344e-07 3.94436092712e-06 2.06025023329e-06 8.97054296928e-07 8.93675484565e-07 2.03032276836e-06 3.20419880945e-07 1.46131534977e-06 1.6465191903e-06 6.72568703282e-07 8.12159364483e-07 1.58492573382e-06 2.74275603802e-07 3.1957951479e-07 1.82002123555e-06 4.7227378703e-07 7.46498042129e-08 1.09572604875e-06 4.07779393099e-07 1.0658803689e-06 4.75688630295e-07 6.45476690661e-07 2.10503403587e-07 5.18053206627e-07 2.70232475019e-07 4.42608035261e-08 1.84027766864e-07 1.19656420326e-07 3.1631346908e-07 2.21486854559e-07 8.61070844386e-08 1.71598445209e-07 4.51446395303e-08 3.43630204392e-07 1.27124672735e-07 9.92918636054e-08 4.41799056427e-07 2.4923127117e-07 7.2635628759e-08 3.8108813988e-07 4.36105074088e-07 2.8483574834e-07 5.21994939566e-07 1.71033147587e-07 5.4886272948e-07 6.02797250845e-07 6.63859601014e-07 9.25027029469e-07 4.42354090933e-07 4.68718320642e-07 5.89705740494e-07 3.936985512e-07 2.62724000636e-07 8.71880786444e-07 5.33156790843e-07 4.60777558305e-07 5.41948838941e-07 1.71498989713e-07 4.38514600633e-07 2.57362161983e-07 4.97013432786e-07 3.58403555856e-07 5.88683485824e-08 2.18887926541e-07 4.62004718627e-07 1.00633442981e-07 9.89931834885e-08 3.47593462526e-07 3.43520730695e-08 1.85251697842e-07 1.11557045698e-07 2.37297318291e-07 3.2019083648e-07 1.01096431068e-07 2.02087822293e-07 4.52242143103e-08 2.88447397091e-07 7.09170295445e-07 2.34849672888e-07 9.05428266849e-07 8.65037589843e-07 1.03502138704e-06 7.35044029421e-07 5.53572152378e-07 1.2155561924e-07 1.4874119662e-06 6.10745323471e-07 8.0584644992e-07 2.50266511484e-07 1.32485914486e-06 1.72663817569e-06 3.09911037243e-07 1.75368076729e-06 1.50028137102e-06 1.87285187918e-07 4.0591332234e-06 3.91151206355e-07 1.06053374819e-06 3.14458963663e-06 1.32909294712e-06 7.50946471379e-07 7.90771955339e-06 9.30164857626e-07 2.26361515196e-06 2.18530230984e-06 6.37121049444e-07 5.91371755132e-06 4.61105589071e-07 1.0331350778e-06 3.04819099549e-06 8.94403017188e-07 3.29647372007e-07 3.9312605936e-06 1.5855660847e-07 1.39559356498e-06 1.63181084498e-06 2.77209335003e-07 1.68336688234e-06 1.26638910416e-06 2.29160301335e-07 8.32461447076e-07 5.69263835357e-07 1.48515609436e-06 1.47161750137e-07 5.90954735963e-07 7.14333833507e-07 1.11164197812e-06 8.95853070122e-07 9.20834552709e-07 2.31245937017e-07 7.31996707171e-07 8.94400087906e-08 2.0128969198e-07 4.05919989363e-07 2.88057153706e-07 5.39589882723e-07 3.50131802588e-07 2.18542132369e-07 2.18039524168e-07 2.59873549188e-07 8.58282722896e-07 9.49221617079e-08 1.55140421587e-07 8.58843172748e-07 3.93979168253e-07 2.2701379903e-07 8.81889368786e-07 5.40282966091e-07 2.7178685484e-07 1.22936369117e-06 4.51049471597e-07 4.81405622761e-07 1.04050526409e-06 1.30103844675e-06 2.58790479851e-07 2.02888742505e-06 2.20110069844e-06 8.22311594682e-07 7.3496814741e-07 6.02417947098e-07 1.90813743009e-06 1.2708921788e-06 2.36145373587e-07 1.26739404814e-06 8.7951073014e-07 4.17016879303e-07 3.63994426164e-07 1.16932388241e-06 2.5636179807e-07 5.02493313158e-07 8.50820689902e-07 2.37159912725e-07 3.59197436209e-07 8.64771447253e-07 1.4809147058e-07 7.42142109444e-08 8.93672095753e-07 2.32219490519e-07 2.09790223676e-07 2.42686293131e-07 3.55086787464e-07 5.60401386635e-07 2.88454457028e-07 4.1820643796e-07 2.16420898495e-07 9.22574266481e-08 2.54965320829e-07 3.10266811996e-07 7.30446256116e-07 6.09897332118e-07 1.20138353615e-06 3.57440218361e-07 6.0003496676e-07 1.36651946118e-07 8.5549808217e-07 7.05452088095e-07 9.09747246811e-07 2.96179516793e-08 1.11362568882e-06 1.23171303689e-06 2.03313738296e-07 1.7950193246e-06 7.62496322208e-07 2.36150024553e-07 3.14706943327e-06 4.51443602275e-07 1.61152822613e-06 1.32234146873e-06 1.67669928266e-06 7.45635499209e-07 1.74318242945e-06 1.47983989963e-06 5.04088381381e-06 1.10270614885e-06 1.0427259067e-06 4.27542218091e-06 1.20675235998e-06 1.60389546646e-06 6.09913418726e-07 1.53997224194e-06 1.11483023972e-06 1.6465860635e-06 4.51179690882e-07 3.02935358357e-06 2.9663297985e-07 6.33231295189e-07 1.73896879801e-06 2.11357026088e-07 1.20910213505e-06 1.16209725124e-06 2.52709209427e-08 9.10002051744e-07 6.92657564785e-07 8.11530938261e-07 8.41012261443e-08 6.91059845894e-07 2.83149200603e-07 1.23990990559e-06 6.49018571703e-07 7.63868786362e-07 3.21742551767e-07 2.57371750929e-07 2.66339233295e-07 4.84894650275e-07 2.26051521705e-07 7.30241576666e-07 4.66732820672e-07 3.26521251977e-07 3.92802012801e-07 6.19470942613e-07 9.89915874801e-07 3.45128632169e-07 3.6492324738e-07 5.21630771729e-07 7.32080568309e-07 3.77981579006e-07 1.16623386032e-06 9.83411398461e-07 1.37239296601e-07 1.57527266306e-06 6.65600309246e-07 7.20340964066e-07 2.34094199795e-06 8.9139169659e-07 3.75497650426e-07 2.89765184121e-06 4.92028707667e-07 2.52739242449e-06 4.03887558754e-06 4.44955292984e-07 3.55526514698e-06 1.77744544536e-06 3.71051440154e-07 2.75375821302e-06 3.75040252794e-07 7.5279037385e-07 2.29181181201e-06 7.56099784541e-07 6.47200664969e-07 1.62780266488e-06 1.40817222307e-07 9.92097046745e-07 1.24419395362e-06 4.01935353984e-07 7.28609535179e-07 5.75261013912e-07 3.53579079322e-07 3.37691220035e-07 1.02146528391e-06 5.90026524693e-07 4.14391738716e-07 3.33022376071e-07 4.99593614057e-07 7.35982697897e-07 2.19177257185e-07 4.98307052387e-07 2.74382578157e-07 2.09868612507e-07 4.10088387756e-07 3.21015701975e-07 5.88317005705e-07 3.12821904016e-07 3.79567623162e-07 1.23816946882e-07 1.59154176889e-07 7.74087105124e-07 3.25451641126e-07 3.24050286526e-08 1.10942542975e-06 2.55425855773e-07 2.22922747207e-07 8.60150063028e-07 4.99075281486e-07 4.1718525274e-07 1.35940873587e-06 2.35451280273e-07 1.03901251997e-06 1.03230875253e-06 1.63279511887e-06 1.66232492046e-07 1.64000461534e-06 7.29179395767e-07 8.30597639338e-07 1.47316548975e-06 2.07957697035e-06 2.20560422587e-06 1.1108295429e-06 9.00266395696e-07 6.5735872887e-07 1.38314741072e-06 1.73048257213e-07 1.74796568525e-06 9.08504424867e-07 1.0359137076e-06 1.57090268167e-07 1.09876370605e-06 4.56554615672e-07 4.25665638543e-07 7.49787308481e-07 2.00257564176e-07 2.02269299761e-07 1.21799667038e-06 3.99720154262e-08 3.57291117566e-07 7.54271353047e-07 1.6730762342e-07 8.6338449442e-08 3.87855864606e-07 2.41335606923e-07 6.09562402915e-07 3.84935175042e-07 4.29756981509e-07 2.18908538929e-07 1.59760607412e-07 6.10390446585e-07 2.45594056649e-07 1.01406828789e-06 5.15253097939e-07 4.94672931589e-07 3.72721828392e-07 6.41592373546e-07 1.10605433607e-06 6.02933581415e-07 3.84113749717e-07 6.76226272623e-07 1.76905143129e-06 1.007829331e-07 1.39433775388e-06 1.17683021087e-06 8.77052741946e-08 3.07461460811e-06 3.77781152193e-07 7.75711065081e-07 2.66927828745e-06 1.23649641066e-06 7.88482780105e-07 1.66143032234e-06 6.00100733899e-07 2.78977620872e-06 9.40548415129e-07 1.27016913857e-06 9.2983081058e-06 1.27016913857e-06 9.40548415129e-07 2.78977620872e-06 6.00100733899e-07 1.66143032234e-06 7.88482780105e-07 1.23649641066e-06 2.66927828745e-06 7.75711065081e-07 3.77781152193e-07 3.07461460811e-06 8.77052741946e-08 1.17683021087e-06 1.39433775388e-06 1.007829331e-07 1.76905143129e-06 6.76226272623e-07 3.84113749717e-07 6.02933581415e-07 1.10605433607e-06 6.41592373546e-07 3.72721828392e-07 4.94672931589e-07 5.15253097938e-07 1.01406828789e-06 2.45594056649e-07 6.10390446585e-07 1.59760607412e-07 4.36400400774e-07 3.89682661856e-07 4.33809759828e-07 1.38630553817e-06 5.23978137842e-07 6.11011545303e-07 3.42355877136e-07 4.67058842424e-07 1.06198110652e-06 5.52468602198e-07 2.16607104944e-07 1.62782064601e-06 7.17676977122e-07 8.52680539695e-07 9.87680953071e-07 1.03917604953e-06 7.13041104897e-07 2.28721293271e-06 8.03784092467e-07 1.17447685823e-06 2.0980634666e-06 3.01810904166e-06 4.05057792304e-07 3.75810135784e-06 8.77718338268e-07 2.50664385702e-06 2.53959298099e-06 1.00436288841e-06 6.30315745971e-06 5.69340243663e-06 1.40215146072e-06 2.71126679958e-06 2.45663863799e-06 9.65843499565e-07 3.8657215012e-06 3.87019273525e-07 2.9438626172e-06 2.08548466677e-06 1.07743737057e-06 7.09056587813e-07 2.317395395e-06 7.34767360118e-07 1.07400603838e-06 9.93945511599e-07 8.3171112855e-07 6.82926481006e-07 1.68469365584e-06 1.73904835906e-07 5.66478542196e-07 1.06999917987e-06 5.04694710526e-07 2.80580862785e-07 6.35495819422e-07 4.70796967e-07 1.33804998505e-06 4.70786952818e-07 3.94173414055e-07 4.39494413759e-07 2.52993467404e-08 2.2027558148e-07 3.08960422214e-07 6.6258213568e-07 2.07879970555e-07 3.8484099793e-07 1.77429383334e-07 3.63735104946e-07 6.0121201689e-07 2.68880273319e-07 1.71203464848e-07 6.50887428548e-07 7.01007775364e-07 1.11567407754e-07 1.02168245445e-06 2.06917310245e-07 9.89673771583e-08 1.57570197987e-06 3.34783046173e-07 8.68572771237e-07 1.24040102605e-06 1.14301953949e-06 3.91331563534e-07 1.73142756443e-06 9.60738841082e-07 1.00170718364e-06 1.00944251378e-06 9.07861395201e-07 2.44174147042e-06 1.85369716312e-06 2.54926547293e-06 1.24023961879e-06 1.01344422312e-06 1.04062964676e-06 9.65564715311e-07 1.52113614908e-06 3.69462565322e-07 1.30505313434e-06 1.11367778091e-06 9.79028981415e-07 3.74268840203e-07 1.66719698032e-06 1.02531423061e-07 1.20696789321e-07 1.0943426301e-06 7.87310882163e-08 7.05847860088e-07 6.62833456372e-07 1.79267833819e-07 2.37336187793e-07 5.80703124221e-07 3.66270598334e-07 1.48674112057e-07 4.08245903939e-07 2.12310437872e-07 6.70456193827e-07 3.28458796317e-07 2.21731501187e-07 2.38105817741e-08 3.39332732522e-07 3.25751684569e-07 1.0997532218e-06 8.74659429042e-07 6.7003302587e-07 7.28414578736e-07 4.99221814349e-07 1.48460178198e-06 4.24839503678e-07 5.82677927595e-08 1.35674641078e-06 8.97497586808e-07 7.47536324999e-07 7.97758022557e-07 1.88754390813e-06 1.52777211229e-07 1.90876809231e-06 8.93243388476e-07 9.18531445639e-07 2.97685149369e-06 1.6135628637e-06 3.96756131005e-07 4.4762319628e-06 1.04326680218e-06 3.13482668724e-06 1.23333140383e-06 7.98946517767e-07 6.32740045093e-06 1.53834211653e-06 2.23776108044e-06 8.26844998743e-06 1.18935190695e-06 1.22948860289e-06 3.3020715365e-06 1.22508176008e-06 4.31720881157e-06 4.5431592684e-07 1.73063588873e-06 3.10189183462e-06 1.04748195817e-06 8.96914176096e-07 1.96953997837e-06 1.42954758198e-07 2.00291535021e-06 8.08866298864e-07 7.49784993107e-07 8.52262611286e-07 1.42454224899e-06 4.2461555544e-08 4.17554187934e-07 1.47798412316e-06 4.71488291233e-07 7.15123526869e-07 6.95225125691e-07 8.59184536202e-07 1.04447406824e-06 3.39870458162e-07 3.29379554832e-07 2.18376515798e-07 4.57132950881e-07 1.12200165833e-06 3.96788993673e-07 6.60163921281e-07 3.13756509721e-07 4.71847108548e-07 9.72007400802e-07 3.41294609359e-07 2.9332352724e-07 8.83719152152e-07 1.05497285765e-06 3.6888846198e-07 9.49026626715e-07 4.66059097271e-07 6.83882493672e-07 1.08135835602e-06 4.03189499446e-07 1.3148545111e-06 1.54250598992e-06 2.257523483e-06 2.09422259648e-07 2.5026408115e-06 1.31904098136e-06 1.87855435075e-06 2.23802854122e-06 7.37744999599e-07 4.42891947272e-06 3.06212416285e-06 7.1666238414e-07 4.0665938889e-06 4.64442309564e-06 1.13399235255e-06 2.59324679219e-06 2.24153032756e-06 1.49409180576e-06 2.55199419203e-06 2.96187047324e-07 2.36970014421e-06 1.49406634546e-06 1.35536432581e-06 4.03464709081e-07 1.07584542046e-06 7.66313042802e-07 5.21587326984e-07 9.22662536872e-07 3.17104101629e-07 1.11745730936e-06 9.18812424134e-07 2.96318288358e-07 3.09813338644e-07 9.49637936794e-07 4.19333783318e-07 2.77386000449e-07 6.87422459506e-07 3.73232513839e-07 1.06729046421e-06 4.45553295661e-07 2.15599067288e-07 1.37812123413e-07 4.21472949375e-07 7.08174098007e-07 2.77621028267e-07 4.84426634512e-07 2.54423826666e-07 2.95648889445e-07 6.26398820914e-07 2.24961066052e-07 9.30811334582e-08 7.86205029791e-07 4.34695765436e-07 4.01305453241e-07 8.05536554838e-07 6.31291814578e-07 8.40905484566e-08 1.77546558445e-06 3.53306977705e-07 8.93970581787e-07 1.30540910817e-06 1.25577205772e-06 4.09575257418e-07 1.90453582178e-06 7.34982410281e-07 1.61966538054e-06 1.36545053412e-06 7.50914718289e-07 2.77953369406e-06 1.22052991065e-06 1.25194671085e-06 1.276494096e-06 1.63200898321e-06 2.88574008054e-06 1.02025537225e-06 1.44086446932e-06 1.76714178487e-06 8.11323104103e-07 1.7092279387e-06 5.37712071866e-07 1.22912139163e-06 1.28195929315e-06 1.07890617727e-06 3.16870692816e-07 2.02345341152e-06 6.46186913725e-08 6.55645424223e-07 9.1722962889e-07 3.41925255962e-07 4.06384814311e-07 7.54188035543e-07 3.03088367391e-08 2.35342611304e-07 6.44019899707e-07 2.89306535111e-07 2.22472444508e-07 4.91945147256e-07 2.68652899428e-07 6.44686218804e-07 4.06416007205e-07 1.36451944584e-07 4.51464835499e-07 6.68856971934e-07 1.89923636853e-06 2.17783574477e-07 6.08451809584e-07 2.14623941838e-07 3.58019679175e-07 1.30407228272e-06 3.24718381126e-07 3.45678585353e-07 1.73377229643e-06 1.09436034643e-06 8.20863732896e-07 8.99669462468e-07 1.10397279677e-06 8.85932762789e-07 1.17930987959e-06 1.68608399264e-06 4.29415398648e-07 2.2453006103e-06 3.12027672516e-06 1.33889293035e-07 5.10807934323e-06 4.85011000403e-07 2.12331190897e-06 3.26512269548e-06 1.00709502998e-06 6.73747319221e-06 1.55131520175e-06 1.09476781599e-06 5.09426473912e-06 1.19988442311e-06 2.30557392513e-06 8.57442565101e-06 1.43369520972e-06 3.48363369139e-06 2.46338662703e-06 8.43309577137e-07 5.13622963105e-06 2.0044140906e-07 3.1878655366e-06 2.2364080545e-06 4.89713600001e-07 1.56204046419e-06 1.2203901998e-06 9.91690812132e-07 1.20955188212e-06 8.5918481117e-07 8.20155726206e-07 1.14305674227e-06 1.74007724804e-06 3.15244729968e-07 3.13835099431e-07 1.25045150169e-06 2.5719558035e-07 2.0591894821e-07 6.37084416295e-07 2.10774963478e-07 1.78292301072e-06 6.23822737139e-07 4.3340859929e-07 6.48729005489e-07 1.17015328435e-06 1.09387956415e-07 8.65025680548e-07 2.59940853557e-07 3.77581094474e-07 1.05576790877e-06 3.99327827432e-07 1.59517734248e-07 9.33396587374e-07 8.0149663448e-07 4.9106164492e-07 6.42914626312e-07 9.68428479702e-07 2.06313306982e-07 2.06670441965e-06 5.08872225494e-07 1.45060307129e-06 1.13306937627e-06 1.68123622659e-06 4.95442104789e-07 2.570194784e-06 8.31108248197e-07 1.82225864351e-06 1.61987332579e-06 1.21166420388e-06 4.64254556393e-06 2.42746623155e-06 9.28846629398e-07 2.39197103166e-06 2.2175319589e-06 1.00467993269e-06 3.57053939847e-06 5.63469453508e-06 1.80628788841e-06 1.83757189768e-06 2.07276496679e-06 9.22655579594e-07 2.69053200192e-06 5.80229954342e-07 1.74453809752e-06 1.17183653082e-06 1.60887029018e-06 5.13558609121e-07 2.24288923109e-06 1.58475126604e-07 1.00481444845e-06 7.27032116851e-07 4.66078325021e-07 7.66549185521e-07 8.72859445714e-07 1.25497300619e-07 3.76612651077e-07 9.67042518809e-07 4.14195057973e-07 2.43950670433e-07 8.6364928257e-07 9.00092332464e-08 1.08941660719e-06 6.13860942393e-07 7.30759653841e-07 1.38386695945e-06 3.19709638811e-07 7.56054207287e-07 2.41938150029e-07 4.37865609636e-07 1.44533545049e-06 4.58513191783e-07 3.08277711476e-07 1.81378193874e-06 1.02814696802e-06 1.12570608973e-06 1.09025432479e-06 9.99993188694e-07 7.28718475538e-07 1.9808485577e-06 1.20921055773e-06 7.99741364011e-07 3.88654856592e-06 1.23116847768e-06 3.12953345868e-07 5.13154402315e-06 8.74514211695e-07 3.29768761245e-06 1.76626708355e-06 1.24398947559e-06 6.97676289728e-06 2.39142553247e-06 2.04301378663e-06 2.50618930131e-06 1.85929480767e-06 2.51753109914e-06 2.20524053848e-06 3.83438046908e-06 8.50871937947e-06 1.81739428759e-06 2.20735375501e-06 3.64726123049e-06 1.3199412972e-06 5.34767457453e-06 5.203256681e-07 1.2614885243e-06 4.1345276506e-06 8.81675809297e-07 1.14649535477e-06 1.98789716458e-06 8.0246695685e-07 1.08956790076e-06 1.23893501437e-06 1.09856915878e-06 9.75210621341e-07 1.88920102065e-06 2.50105209821e-07 4.13152399225e-07 1.44889559034e-06 3.13921802777e-07 2.23203473495e-07 6.16471605178e-07 3.04911994267e-07 1.26383984394e-06 6.89892538533e-07 3.48463349232e-07 1.21928674874e-06 2.11758080788e-07 1.24451935723e-06 8.03088439843e-08 5.80757469787e-07 1.07168729683e-06 4.08576408451e-07 3.41800121728e-07 9.16150377536e-07 7.30880973186e-07 6.35041140492e-07 7.75924813946e-07 9.49835198206e-07 4.80683778781e-07 1.89834951013e-06 6.69198328878e-07 1.34298570674e-06 1.32654532227e-06 2.90363797741e-06 1.0521752991e-07 3.08407090293e-06 1.03011396802e-06 2.13514601577e-06 2.04414724778e-06 9.97366328223e-07 4.80508577255e-06 2.86672337884e-06 1.32028246838e-06 3.1322644559e-06 1.31169668502e-06 1.22085152515e-06 3.27259067423e-06 1.66395273628e-06 4.33079408212e-06 5.58088372513e-06 1.70214983514e-06 2.46095040707e-06 2.62138578226e-06 1.2756439518e-06 3.44386684013e-06 1.67280854962e-07 3.06259461112e-06 1.32240212836e-06 1.39681316563e-06 6.21197562654e-07 1.97103989282e-06 5.08200677363e-07 1.02793564247e-06 8.23519521835e-07 6.40866171421e-07 7.39753972725e-07 8.73040727174e-07 2.57497005894e-07 3.86100795478e-07 9.3411611975e-07 5.04272494583e-07 8.8188230667e-08 1.13958882935e-06 1.89468319187e-07 1.1254362316e-06 3.27094263197e-07 1.73850709743e-08 1.20618642804e-06 2.16131328234e-07 1.26315030202e-06 1.22452286295e-07 4.90960889407e-07 1.31372896695e-06 2.72486233959e-07 3.46618869602e-07 1.36774904918e-06 8.42089903807e-07 6.76352842774e-07 1.03382434857e-06 9.8927013674e-07 4.72931931714e-07 1.75602503335e-06 6.51882882463e-07 1.19850579621e-06 1.96277565667e-06 1.51899059758e-06 6.43283626577e-07 2.17664069718e-06 8.5566605408e-07 2.70141004933e-06 2.0845208265e-06 1.25850872513e-06 5.40474391913e-06 2.3126512663e-06 1.97709594965e-06 3.36566026061e-06 2.19028998376e-06 1.15208160753e-06 2.51183993575e-06 3.32116226584e-06 2.40246254446e-06 3.27243891368e-06 6.13482323509e-06 1.97534928645e-06 2.4174630645e-06 3.27964629835e-06 1.03170802577e-06 2.145409805e-06 8.65744121045e-07 1.45969016578e-06 2.23703057929e-06 1.31920570425e-06 6.33232284073e-07 1.81236355706e-06 4.15370502235e-07 8.85278159497e-07 1.18115558707e-06 6.02665965566e-07 8.44672136644e-07 1.3480959368e-06 2.20101513118e-07 2.43517499071e-07 1.16705775757e-06 4.02916215582e-07 1.13282020099e-07 1.08439195473e-06 2.09634862872e-07 1.08294108823e-06 1.54908708727e-08 1.59359283154e-06 1.90212976453e-07 1.33021130467e-06 1.49251468758e-07 1.11529867546e-06 1.24383655703e-06 5.55107656562e-07 7.89471724783e-07 1.17206582857e-06 1.52668029769e-06 8.21699977852e-07 9.59122030889e-07 1.13850181692e-06 1.23599733713e-06 2.09807083474e-06 9.61687580249e-07 1.83579018656e-06 1.9002463911e-06 3.55829344024e-06 7.68494418307e-08 6.60837547944e-06 3.99836450747e-07 2.36612661033e-06 3.48029100122e-06 1.01373170813e-06 7.37706936956e-06 2.2248921065e-06 1.42923241737e-06 5.36338720607e-06 1.75861202656e-06 1.86637996966e-06 2.10367826279e-06 2.03374681026e-06 5.51093888423e-06 1.86940378398e-06 3.95094826973e-06 9.45932884037e-06 1.72219754073e-06 3.94927296301e-06 2.90132749304e-06 7.8945114724e-07 7.07006314918e-06 1.72820736242e-07 3.72308224093e-06 1.97525058495e-06 1.97615083618e-06 8.39399782053e-07 2.20388293792e-06 1.28799396424e-06 1.20691058603e-06 9.4902854274e-07 7.40005476379e-07 1.40528605098e-06 1.0926300906e-06 7.3885853563e-07 4.84223039478e-07 1.15093346663e-06 1.04863098345e-06 7.55825576769e-08 1.08578088504e-06 1.67359681659e-07 1.38536650664e-06 1.09689560229e-06 3.42431942723e-07 1.29777061059e-06 1.08444052323e-07 5.21297895693e-07 1.31475961219e-06 3.21104296276e-07 4.35458204542e-07 8.72526089646e-07 1.20370242767e-06 8.28896249944e-07 8.48309489281e-07 8.36144953555e-07 5.62808678792e-07 2.02078736966e-06 6.80566144841e-07 9.78006458924e-07 1.51823651553e-06 2.08016250189e-06 4.62213244906e-07 2.35033880916e-06 1.17527030629e-06 1.51890145679e-06 2.04601832702e-06 1.46006682116e-06 5.57862257388e-06 2.5418484395e-06 1.64171947706e-06 3.18751811119e-06 2.5197506863e-06 1.73652706526e-06 2.61815731308e-06 1.82293507872e-06 2.76470565656e-06 3.21325005648e-06 1.66626636338e-06 4.22197136014e-06 6.68362504993e-06 2.43566666361e-06 2.40773006384e-06 1.78930420025e-06 1.40976011902e-06 2.49701201503e-06 6.24546337753e-07 2.25886815159e-06 1.75925686778e-06 1.11117370862e-06 6.10447122879e-07 2.14048167933e-06 5.6360290083e-07 8.13420160282e-07 9.04125269036e-07 7.36582435408e-07 1.11478018307e-06 8.82528900991e-07 3.24011960789e-07 2.99333631332e-07 1.22529205476e-06 4.31333671655e-07 8.49148058814e-08 1.12920316164e-06 2.96144062945e-07 9.4540230096e-07 1.2059997792e-06 6.44259001818e-07 2.11506237445e-06 1.0628467061e-07 7.26387212702e-07 1.72448707046e-06 8.38562232738e-07 6.0176972204e-07 1.55238361875e-06 1.63486092325e-06 7.96360272006e-07 1.26638230523e-06 1.25015695478e-06 1.31487205346e-06 2.58614674954e-06 1.39841489558e-06 1.89448808396e-06 1.80606617091e-06 3.87402778551e-06 2.87812071726e-07 5.8922885721e-06 7.59321701925e-07 4.88244194434e-06 1.76299986745e-06 1.65014110445e-06 9.08988879394e-06 3.2533606738e-06 2.24010027282e-06 4.55580012908e-06 2.51875837543e-06 2.60720995394e-06 3.33687064401e-06 3.34333648868e-06 2.95218807656e-06 2.81572491069e-06 4.84545975201e-06 2.91809640713e-06 5.12913970836e-06 1.11837620324e-05 2.63129512348e-06 2.15097061491e-06 5.77749789813e-06 9.71175238984e-07 6.24372157666e-06 5.60772329937e-07 4.086900958e-06 1.85987877037e-06 1.98179825527e-06 1.31397583122e-06 2.72579566855e-06 1.28871118792e-06 1.22223832668e-06 1.31261102861e-06 7.62936809031e-07 1.3488843083e-06 1.61397625075e-06 5.21785465166e-07 7.13434718704e-07 1.54847268586e-06 6.53069262706e-07 1.20723297147e-07 1.75185605513e-06 5.11774459537e-07 1.03636179713e-06 6.89994101399e-07 6.24313515406e-07 1.55753407026e-06 1.14413904602e-07 3.79391475411e-07 1.22348938634e-06 6.61675997377e-07 3.67334947574e-07 8.71311891348e-07 1.62081254402e-06 4.58507581997e-07 1.12725137231e-06 1.25016601559e-06 5.89794658158e-07 1.98968427221e-06 7.61675024692e-07 1.61788439671e-06 2.03228359063e-06 2.32314977833e-06 6.53013702482e-07 4.21575085139e-06 1.30101536474e-06 2.25788018412e-06 3.65954728806e-06 9.27458477344e-07 6.93551865492e-06 3.80922190162e-06 1.63718341348e-06 4.05749078161e-06 2.36665605068e-06 1.6124879157e-06 3.65758008981e-06 1.65995612824e-06 3.50150745164e-06 1.81860460971e-06 2.651904916e-06 4.38366211564e-06 2.07083052339e-06 6.37093568887e-06 8.60421312346e-06 1.59977895305e-06 4.40207515135e-06 2.59778419399e-06 1.6990392306e-06 4.46388149002e-06 8.55927353664e-07 2.4767594719e-06 2.27045788397e-06 1.84284709567e-06 7.2338734544e-07 2.18494599761e-06 5.56030991978e-07 1.24421207161e-06 1.21310492778e-06 4.38185676665e-07 1.4276892898e-06 8.75414312156e-07 3.02887092626e-07 5.71165762125e-07 9.51937624059e-07 3.18577788599e-07 1.1836488847e-07 1.28054959493e-06 4.87170330661e-07 5.94995668443e-07 4.81838819094e-07 7.47096145136e-07 1.18164249947e-07 2.62186318235e-07 1.13029808833e-06 3.03222906933e-07 1.51309809432e-07 9.7312281903e-07 7.40420525074e-07 3.06109422186e-07 5.1968946544e-07 6.27179605114e-07 5.77794425787e-07 1.16012895322e-06 3.09716910546e-07 9.34352974606e-07 1.14129106158e-06 1.7291494584e-06 4.60454571274e-08 2.04471952662e-06 5.92821400775e-07 2.04079268533e-06 1.25759981903e-06 1.38616494647e-06 3.96692743323e-06 2.00511189899e-06 1.87157667704e-06 3.03494152279e-06 1.56340230539e-06 1.50221053672e-06 1.62273709934e-06 1.96306467922e-06 1.97370907061e-06 1.59699893739e-06 1.53132847579e-06 1.82080236557e-06 2.95392949049e-06 2.17317099486e-06 2.90942395685e-06 4.20005758542e-06 2.15245302031e-06 1.51139352322e-06 2.4950218711e-06 8.19932370711e-07 2.57375673069e-06 1.20176307722e-07 1.83190871527e-06 1.2996285965e-06 9.011153075e-07 3.03687103877e-07 1.40170268424e-06 5.42756708618e-07 6.76124095809e-07 5.55938865744e-07 3.39848343976e-07 5.27525313341e-07 9.94125384378e-07 1.43939273787e-07 1.48215275074e-07 9.33350813641e-07 2.52673694413e-07 8.895681877e-08 5.38258130286e-07 3.93195408379e-07 1.16680756344e-06 1.41969530649e-06 2.40166285634e-07 5.12685857292e-07 2.92453285594e-06 1.42911758876e-06 2.96954748617e-07 2.38699079563e-06 2.50372420878e-06 3.34961357443e-07 1.72708873012e-06 1.77974976583e-06 8.96692963888e-07 3.72873164319e-06 6.68271995203e-07 2.80024662294e-06 2.21098373843e-06 5.05537847895e-06 6.06546825139e-07 4.97527313505e-06 2.05818784616e-06 3.69282780558e-06 5.47479858126e-06 1.47170623587e-06 1.2679101778e-05 2.78653291423e-06 2.34278233411e-06 8.14434071036e-06 3.3760630006e-06 2.67920794535e-06 4.32033309139e-06 2.782617056e-06 6.71340601466e-06 2.91255633585e-06 4.34075600256e-06 3.26613349166e-06 3.85378678793e-06 8.83852150706e-06 3.5253575243e-06 4.40001561603e-06 1.65359122886e-05 2.47805349758e-06 6.11407573221e-06 5.03581408359e-06 2.48555708947e-06 5.21304361316e-06 8.79282409966e-07 5.42918119799e-06 2.47177839259e-06 3.07144930292e-06 7.40741713733e-07 3.77032916169e-06 8.85578172843e-07 1.74547672169e-06 1.79522982251e-06 3.21591245304e-07 2.21770953496e-06 2.2053732086e-06 2.09517806924e-07 1.30577764479e-06 2.44393754422e-06 3.71731875282e-07 1.90023258733e-07 1.20728266193e-06 9.69710999795e-07 1.92548311232e-07 5.40343475277e-07 2.48757334664e-07 3.57081913517e-07 1.74258549479e-06 5.59773809683e-07 2.22447481928e-07 1.15979275608e-06 1.06254902192e-06 5.09884830119e-07 6.92738983451e-07 9.91654235799e-07 6.43506910483e-07 2.03041051471e-06 7.26668739689e-07 1.33763143483e-06 1.13431802398e-06 2.03935616856e-06 2.3183344902e-07 2.85858707488e-06 6.81696315472e-07 2.33985150343e-06 2.33583573628e-06 1.46243779159e-06 5.17492801811e-06 3.72966096531e-06 1.14073775781e-06 3.76254707852e-06 2.77215487039e-06 1.36964535344e-06 2.41693054715e-06 1.77432935748e-06 2.3113610517e-06 2.44246056749e-06 1.60610788861e-06 2.51577187316e-06 1.56527923587e-06 3.10705116789e-06 4.05818481668e-06 1.21132172673e-06 5.89669116004e-06 5.8470304113e-06 2.24544557907e-06 2.61393379831e-06 2.78268056259e-06 9.46456585236e-07 3.09625604064e-06 3.96370487122e-07 2.25462030933e-06 1.3023514872e-06 1.44547684661e-06 7.24464030599e-07 2.06722034844e-06 5.39558566179e-07 9.15247255073e-07 7.04242051661e-07 5.11381538573e-07 8.64672566497e-07 9.67392344329e-07 1.56439326621e-07 4.89535927326e-07 1.36114417929e-06 2.72723136879e-07 1.69817543355e-07 3.88635046824e-07 1.63631852116e-07 1.12631247616e-06 4.58105643001e-07 5.62001853269e-07 2.81744479722e-06 6.49487982392e-07 1.78053996875e-07 2.35800148614e-06 1.79812169565e-06 8.11144515783e-07 1.88421280164e-06 1.46839928058e-06 7.1275674725e-07 2.69408033323e-06 5.69829222663e-07 2.25856151784e-06 1.54268346998e-06 4.09424145592e-06 3.66887510213e-07 5.59041385389e-06 1.40645880284e-06 2.66066828644e-06 4.61745599146e-06 1.63818121132e-06 1.01665565305e-05 2.49711655512e-06 3.20766338862e-06 3.17946997367e-06 3.0068857929e-06 2.79812109103e-06 3.27031841484e-06 2.89114728663e-06 3.43427711628e-06 2.34166027445e-06 3.59496702286e-06 2.97722936014e-06 3.35971317647e-06 3.41583464139e-06 3.49325464291e-06 3.42996598981e-06 4.35839094258e-06 4.344973378e-06 1.27682229928e-05 2.72485854512e-06 5.12930140006e-06 3.70364056757e-06 1.7937061139e-06 6.0977148187e-06 5.62867472499e-07 4.35392829832e-06 1.70516687316e-06 2.50930383166e-06 6.1394653751e-07 2.68342574217e-06 7.10570189963e-07 1.34187688341e-06 1.88567339525e-06 7.50583808887e-07 1.62049933518e-06 2.22157591064e-06 9.02913329225e-08 5.03234789476e-07 2.18331103882e-06 3.88380789914e-07 3.21019819655e-07 7.706486454e-07 4.6691582921e-07 5.89116525272e-07 7.68868057228e-07 2.38770282926e-06 5.14546383756e-07 1.66059541658e-07 2.10687213948e-06 1.53244872977e-06 7.04708608847e-07 1.5276230073e-06 1.70432907286e-06 6.43316325644e-07 3.07304102001e-06 6.57807946106e-07 2.23995710535e-06 1.92593201708e-06 2.93374815119e-06 3.39741719776e-07 4.15294803628e-06 1.45103138947e-06 3.0545028563e-06 3.14757666246e-06 1.936569353e-06 8.64431733526e-06 4.37114588379e-06 1.80966070956e-06 6.19113846009e-06 2.07330305616e-06 2.21157568129e-06 4.22456059049e-06 2.28396776649e-06 3.5008139059e-06 2.67080535752e-06 2.51009870171e-06 3.92359169188e-06 2.48516256492e-06 4.161677565e-06 2.69326033231e-06 2.32402972331e-06 7.19486926107e-06 2.0004963938e-06 6.94699579241e-06 1.01101380543e-05 3.00756272429e-06 3.54843259878e-06 3.66949811831e-06 1.79823807248e-06 4.35695714289e-06 6.3584807721e-07 3.29710389057e-06 2.0560087738e-06 2.31364086766e-06 6.5930335776e-07 3.08989105695e-06 5.37689141881e-07 1.61220374688e-06 1.49462192099e-06 5.72839215241e-07 1.21434777484e-06 1.75869911669e-06 1.10179498862e-07 3.33750623224e-07 1.73672823969e-06 5.57131505508e-07 4.62976422642e-07 3.57103674243e-07 3.025720746e-07 1.26896927545e-06 2.44681613772e-06 4.35208361791e-07 1.87485290377e-07 2.26131446094e-06 1.46326491463e-06 8.19263100029e-07 1.77569095108e-06 1.82933707833e-06 7.14639929646e-07 2.26148586371e-06 5.61876060331e-07 1.98555692964e-06 1.91349170487e-06 3.99369896321e-06 5.83254098989e-07 5.22679493352e-06 1.49742997935e-06 3.61890706674e-06 4.18550410621e-06 1.59911214102e-06 9.97080866175e-06 3.92158596689e-06 2.50171695933e-06 3.40596222041e-06 4.69416864222e-06 1.08320722226e-06 3.79163781151e-06 2.98639814024e-06 2.65563561061e-06 3.03315821006e-06 2.0365762692e-06 2.90886383019e-06 2.89996383703e-06 3.21717642329e-06 4.04161737757e-06 1.40156661981e-06 4.96937873319e-06 3.8341785619e-06 3.2605661609e-06 6.5615388566e-06 1.24889391192e-05 2.66282996001e-06 4.68020069323e-06 4.97015215365e-06 1.82392415866e-06 5.40085408531e-06 7.60967524033e-07 4.21955676126e-06 2.13120610616e-06 2.18801487953e-06 7.07755110903e-07 2.23567152938e-06 7.93236081309e-07 1.61027835377e-06 1.64054198082e-06 6.26913106655e-07 1.07986814595e-06 1.74386396892e-06 4.76618442784e-08 2.58488790659e-07 1.82378938417e-06 9.8252232655e-07 2.47562236973e-07 4.75925954332e-07 1.71758287406e-06 5.26152791742e-07 1.16208571604e-07 2.1654408607e-06 1.12721270703e-06 7.48434411188e-07 1.35176971769e-06 1.26956087868e-06 5.72684107077e-07 3.22122023154e-06 2.09102376085e-07 2.34420594799e-06 1.55411899787e-06 3.48265069597e-06 1.54418155989e-07 3.52486549537e-06 1.19717892294e-06 2.81030871319e-06 4.03908213595e-06 1.69536022679e-06 8.14042226004e-06 3.63860024392e-06 2.54110635046e-06 4.47662193066e-06 2.19035710718e-06 2.49505353391e-06 1.87446215847e-06 2.44928742396e-06 3.41889794924e-06 2.27196101743e-06 2.19920826045e-06 2.20542247626e-06 2.04297230897e-06 3.71747601397e-06 2.74021204349e-06 1.81306786754e-06 3.10083421324e-06 2.51606064475e-06 5.09953332263e-06 2.98726492903e-06 6.19553051235e-06 9.49406361682e-06 2.81311935293e-06 4.45183032942e-06 3.57936145933e-06 1.58459657371e-06 3.68889165125e-06 3.50768927862e-07 3.74396410833e-06 1.64253834416e-06 2.41446283452e-06 2.64168023994e-07 3.08311043809e-06 6.31438829674e-07 1.03126236239e-06 1.18785576435e-06 6.5619242543e-07 8.37667231685e-07 1.54127045764e-06 3.62719998379e-08 3.02364910215e-07 1.25310462702e-06 3.37465679729e-07 2.59850197528e-06 1.04813857267e-06 2.02791108465e-07 2.89478457732e-06 1.7208870077e-06 1.18686495215e-06 1.5716552712e-06 1.39969865188e-06 6.40244807108e-07 3.6286870604e-06 4.23677519302e-07 1.64549479469e-06 2.3863038125e-06 3.4973558834e-06 6.54935788776e-07 5.36575000841e-06 1.64255270317e-06 3.25261740002e-06 4.65242786795e-06 2.39700749346e-06 9.85465500944e-06 4.0110104419e-06 2.60320498055e-06 5.20857446594e-06 3.89316867606e-06 1.55959340649e-06 5.12857631098e-06 1.37315915919e-06 3.71237108212e-06 3.53733045343e-06 2.27110097289e-06 3.1475818283e-06 2.38027614835e-06 3.57807537136e-06 4.08650020275e-06 1.5039342002e-06 5.42884648726e-06 2.0134299289e-06 4.06712369585e-06 5.7184321038e-06 3.25468072734e-06 6.29818254335e-06 1.15087918944e-05 3.83326365047e-06 5.02343090099e-06 4.2482164475e-06 2.06647539528e-06 5.54928659121e-06 8.90414082145e-07 3.68339465242e-06 2.65015635494e-06 1.56265111412e-06 6.44145718009e-07 3.48558237399e-06 6.26486233291e-07 1.18710628882e-06 1.50994686131e-06 9.3095074315e-07 1.28459945658e-06 2.09498257873e-06 1.58868708758e-07 7.3492413035e-07 1.69607803752e-06 1.44435275991e-06 4.17156781376e-07 4.02060548657e-06 1.72735346396e-06 1.47058164367e-06 1.83460454348e-06 1.92285293917e-06 9.36530780005e-07 3.68468089982e-06 4.77525181224e-07 3.40683912127e-06 2.30216710468e-06 4.74847095984e-06 6.86304946567e-07 5.07470193183e-06 2.205275194e-06 3.76249500776e-06 5.39760950936e-06 2.64319870468e-06 1.27060311657e-05 5.67949167595e-06 2.6373508825e-06 5.95610850933e-06 4.74082625676e-06 2.38711045337e-06 3.19645578096e-06 4.14520173918e-06 2.38272899766e-06 3.71629779672e-06 3.89553660633e-06 2.90943438504e-06 3.08070663825e-06 3.90621314174e-06 3.72524451243e-06 2.63489744422e-06 4.39807232002e-06 3.43680115657e-06 2.98951220058e-06 5.21291496333e-06 7.02771592355e-06 3.51240457621e-06 8.97480231135e-06 1.52095901622e-05 3.98758768458e-06 5.85727425798e-06 4.70353395627e-06 2.57186484888e-06 5.3695689487e-06 8.69129701407e-07 4.85250051868e-06 2.19016268884e-06 3.48607733605e-06 7.07257029473e-07 3.20076092017e-06 9.59995550502e-07 1.73796220988e-06 1.80722835102e-06 9.93363199086e-07 1.17679595118e-06 2.76300661314e-06 2.56495240777e-07 9.86711623795e-07 1.01068511268e-06 4.28485064128e-06 1.2925495679e-06 8.72944022228e-07 1.9184537614e-06 2.23521589176e-06 8.37132894074e-07 4.08231220269e-06 5.27481978317e-07 3.04692204648e-06 3.09168725572e-06 3.36688606005e-06 1.06550355151e-06 4.725277317e-06 2.30657928994e-06 4.51359200205e-06 4.63394277538e-06 2.50121212058e-06 1.15080258213e-05 6.00471305956e-06 2.6181992132e-06 4.38065598867e-06 4.23481899748e-06 2.172414002e-06 4.03234329869e-06 2.25904323586e-06 4.86277828145e-06 1.92146915627e-06 3.13258604908e-06 3.92922363284e-06 2.38420340368e-06 3.96559388913e-06 3.29181203562e-06 1.93221825088e-06 5.44816857603e-06 2.50882448541e-06 4.42489412864e-06 2.72369758973e-06 4.37718276636e-06 5.12397615287e-06 3.42308468762e-06 9.23385843916e-06 1.35642524631e-05 3.83972845275e-06 4.91811391858e-06 5.90428661713e-06 2.66210498323e-06 4.88694766639e-06 1.24163359691e-06 3.45552553765e-06 3.34568223694e-06 3.10088501901e-06 6.40097269053e-07 3.72585735619e-06 8.03247223382e-07 1.80333118982e-06 1.71475601796e-06 6.43255617493e-07 7.64756791976e-07 2.8894316929e-06 6.44891812472e-07 1.47220405351e-05 1.67787430002e-06 6.01553082875e-07 2.45639434474e-06 2.78371870248e-06 1.14663110956e-06 4.30243385215e-06 4.766275828e-07 2.78323349736e-06 2.94444423453e-06 5.28003011062e-06 1.0985200341e-06 5.25322764442e-06 2.24936509522e-06 4.38300261067e-06 6.16999472341e-06 2.70270678027e-06 1.26433100625e-05 5.95494502279e-06 3.24796901323e-06 4.82149241198e-06 4.04718367481e-06 1.93910991821e-06 3.87141546002e-06 3.07417583452e-06 2.66705352441e-06 4.26648292849e-06 2.04866026679e-06 3.17928246708e-06 3.45291308525e-06 3.33438558572e-06 3.34433133058e-06 2.02012506474e-06 4.4158156342e-06 3.09813519037e-06 3.25352826695e-06 4.11276471471e-06 2.79939536566e-06 4.5717455786e-06 5.69057821658e-06 4.63847053192e-06 9.40450648782e-06 1.49552110025e-05 3.892249166e-06 6.58172348325e-06 5.39210587935e-06 2.48375080581e-06 5.62392077197e-06 1.10037967217e-06 5.50175877175e-06 2.63946916417e-06 2.58055364131e-06 5.66617854128e-07 4.12302828545e-06 9.94605503324e-07 1.95771453006e-06 1.87839603305e-06 3.9313229333e-07 8.96065162464e-07 4.72683530426e-06 1.32168142612e-05 6.64214265472e-07 2.73795440099e-06 2.13759342338e-06 1.10775451134e-06 3.99503191749e-06 5.22864463466e-07 3.49123232941e-06 2.60194332753e-06 4.41657633526e-06 1.97041540133e-06 3.42351119405e-06 2.85486183018e-06 2.98627372863e-06 5.86722810598e-06 2.58232721154e-06 1.12794663034e-05 5.00771096558e-06 2.51948838376e-06 5.16308383748e-06 3.8503352057e-06 1.44065255866e-06 3.62847604631e-06 2.50879278035e-06 3.4429630294e-06 1.98064629246e-06 3.68543919977e-06 1.77248368338e-06 2.41923253718e-06 4.33241404585e-06 2.47168396569e-06 1.84787571904e-06 3.86827094184e-06 2.16840263899e-06 3.76871272125e-06 2.70668046512e-06 3.9121198603e-06 1.97288242642e-06 3.84382380997e-06 6.28676998385e-06 3.41053648274e-06 8.05912751651e-06 1.33460286078e-05 4.10601738149e-06 6.03828372892e-06 4.12030207394e-06 3.17005823156e-06 3.50886887545e-06 2.09148126007e-06 4.38656288649e-06 2.52217727729e-06 3.34863253912e-06 6.28397473996e-07 3.57936717156e-06 8.1979852807e-07 1.43046461787e-06 1.8592390291e-06 3.78600391468e-07 3.90696635587e-06 8.88870563645e-06 6.31163757979e-06 2.80599152668e-06 1.55050386048e-06 5.57943090033e-06 1.21668597681e-06 4.29692756427e-06 3.82357346232e-06 5.13851650546e-06 1.77247694779e-06 7.21041154899e-06 2.5683972041e-06 5.54332132935e-06 6.73584963032e-06 3.61487502987e-06 1.71956308077e-05 6.80773111889e-06 3.77790798416e-06 6.71630319592e-06 6.64679014412e-06 2.82226389565e-06 4.25642386183e-06 3.42818661336e-06 4.4246101295e-06 3.83897461444e-06 3.08129564144e-06 5.42715133064e-06 2.46830717244e-06 4.48033467338e-06 4.61516611875e-06 2.32453928432e-06 5.35945174606e-06 3.21018257392e-06 3.90610317584e-06 5.00571249071e-06 3.87003201261e-06 4.60854985949e-06 3.58312066889e-06 6.99260590813e-06 7.74972256865e-06 4.96217995115e-06 1.01859015747e-05 2.0099025788e-05 5.20542883875e-06 6.61875232392e-06 6.80620322937e-06 2.58698416527e-06 7.62249072567e-06 1.69081104108e-06 4.73982190228e-06 3.75851641329e-06 4.06349494555e-06 1.19029106986e-06 4.69326584554e-06 1.09784407493e-06 1.96601637221e-06 4.33847355613e-06 2.66522070935e-06 2.66752172455e-05 4.90258471916e-06 2.42931663985e-06 5.37342987622e-06 1.12010740025e-06 4.57939322438e-06 3.39998611877e-06 6.04579152335e-06 1.92670671172e-06 6.4153351017e-06 4.17721224276e-06 3.74924563899e-06 8.23554481468e-06 3.08691757352e-06 1.59831836355e-05 8.62800300375e-06 2.50396448647e-06 5.89135803577e-06 5.39446944808e-06 2.72355893808e-06 5.1552834122e-06 2.57589507883e-06 4.29350736674e-06 3.2022525674e-06 3.73804796603e-06 2.79734618686e-06 4.0644338664e-06 2.43395237869e-06 2.72465126449e-06 2.55307757536e-06 3.91553515342e-06 2.99615345928e-06 4.12471788067e-06 3.31367161863e-06 4.84769749733e-06 2.72899507863e-06 5.44287413325e-06 3.38145955268e-06 5.35787939066e-06 7.11376274687e-06 3.79964544328e-06 1.24450279525e-05 1.91163119794e-05 4.72550910518e-06 8.5136878853e-06 4.88571262933e-06 4.57994607339e-06 6.29083282186e-06 1.86946124817e-06 6.10596673085e-06 2.99587947885e-06 4.16538006044e-06 9.51628078301e-07 4.51761761036e-06 1.8900715225e-06 2.44582509037e-06 7.83181931234e-06 2.24394350645e-05 3.21246861362e-06 5.11371109142e-06 1.2302562294e-06 4.74033399668e-06 3.70464147001e-06 5.58326222609e-06 1.64921091504e-06 6.20866899107e-06 3.4259045036e-06 5.85310586013e-06 6.31526468062e-06 3.66972336834e-06 1.54056267471e-05 7.91963320345e-06 3.79117107501e-06 3.8979542328e-06 5.25908200232e-06 2.70525580424e-06 4.92590688193e-06 3.15851805618e-06 3.14141531016e-06 3.01408522396e-06 3.51592765552e-06 3.67153100825e-06 2.28822167989e-06 5.729735386e-06 2.03129836052e-06 2.05657959147e-06 5.78034303813e-06 2.28128147847e-06 3.97909433918e-06 3.46231364603e-06 2.96209214792e-06 3.50952865757e-06 3.35559612537e-06 5.24687351951e-06 3.25679839392e-06 5.54081153834e-06 5.14720832714e-06 4.93116389279e-06 1.14644198468e-05 1.75151681247e-05 5.2072690132e-06 5.93628112803e-06 7.02249653382e-06 3.73292417759e-06 5.77968914338e-06 1.4840707305e-06 5.62918935236e-06 3.24849267086e-06 3.75752433886e-06 1.11225797622e-06 3.68904573375e-06 1.24567053762e-06 5.38904555362e-06 1.36024333707e-05 2.06858079525e-05 3.60196811309e-06 5.79278821608e-06 4.20552947467e-06 7.45274927003e-06 1.86023095078e-06 6.752509828e-06 3.51552658089e-06 7.34638949897e-06 1.05259708908e-05 3.49978579936e-06 1.92418007339e-05 8.66550556765e-06 3.76253162413e-06 7.52409232887e-06 5.08354830381e-06 3.35347938846e-06 5.89275417495e-06 4.03638052996e-06 4.97689492486e-06 2.70173553554e-06 4.20667770942e-06 4.01269401857e-06 3.87481134846e-06 3.69031518502e-06 4.94781551503e-06 1.59768495327e-06 5.12311311567e-06 3.59705010315e-06 3.93951041054e-06 4.37502792865e-06 4.56771650568e-06 3.04978968498e-06 5.76491525474e-06 4.19979754281e-06 5.90549579568e-06 4.09018247318e-06 4.9625546445e-06 9.16279447234e-06 5.57481077446e-06 1.21611114695e-05 2.2521936106e-05 5.09330317177e-06 1.12155553964e-05 8.47833891255e-06 3.63147585146e-06 6.57692311157e-06 1.73543445205e-06 7.40326430432e-06 3.80344742294e-06 4.34903247796e-06 1.77058603358e-06 7.63050694331e-06 2.945765106e-06 5.05634960674e-05 5.09243607251e-06 6.24398147035e-06 5.60613168859e-06 6.25832967746e-06 1.85109594597e-06 6.16487064938e-06 3.14725340947e-06 5.5877463727e-06 6.84309540533e-06 4.35382041666e-06 1.54454958979e-05 8.66925557609e-06 3.36010561403e-06 5.20521975574e-06 5.68755506179e-06 2.27679920099e-06 4.44607441515e-06 3.30091639831e-06 4.40738346985e-06 2.74797555566e-06 2.84665253261e-06 3.19206457307e-06 2.9150259953e-06 4.38916212461e-06 2.16552371149e-06 2.75625281247e-06 2.87696546511e-06 2.01067170872e-06 4.58812144401e-06 2.78676060592e-06 3.4494692531e-06 2.7656423921e-06 2.82228370155e-06 4.97851212498e-06 3.12166351125e-06 4.605130736e-06 2.56870025358e-06 5.57336025119e-06 6.50883103653e-06 4.35496571131e-06 1.21695968755e-05 1.69807319255e-05 5.80545344826e-06 6.77841388383e-06 6.07604515602e-06 3.26636996831e-06 6.61002709212e-06 1.55157130198e-06 5.55647739605e-06 3.59592473938e-06 3.25546234745e-06 2.25105805461e-06 1.26688206801e-05 1.83593873868e-05 2.29985359755e-05 1.32795896233e-05 1.53158991559e-05 4.15211378114e-06 1.64235635698e-05 5.39490128465e-06 9.15475077353e-06 9.23480878187e-06 7.09900698842e-06 2.51310920089e-05 1.00863036037e-05 4.69741216554e-06 7.23969525921e-06 7.23083398959e-06 4.4134259694e-06 6.13860595837e-06 4.80264256058e-06 6.17323241122e-06 4.71118781988e-06 4.38218622802e-06 3.89507050079e-06 3.69428490595e-06 5.32190479435e-06 4.43185588296e-06 1.57085711188e-06 8.82972460755e-06 1.53627875378e-06 4.69870510855e-06 5.250865086e-06 3.78524544393e-06 3.93232742694e-06 4.64403979189e-06 5.13028289329e-06 6.91147574434e-06 4.72064518683e-06 6.49694043157e-06 5.21965406532e-06 7.51041924346e-06 8.8961426597e-06 7.20045512682e-06 1.35765736254e-05 2.99554647382e-05 9.24384897044e-06 9.63183123642e-06 1.02186489021e-05 5.62483259922e-06 1.14361225005e-05 2.31452273018e-06 1.00614870869e-05 6.25952756891e-06 7.85282238738e-06 5.20355461899e-06 5.23357775517e-05 1.82815487291e-05 2.24461189986e-05 4.32736866898e-06 1.66985833385e-05 8.21964448234e-06 1.27627543023e-05 1.39625960145e-05 6.64844124892e-06 2.84894136035e-05 1.49370982973e-05 3.68037444972e-06 8.7492973212e-06 6.11321099778e-06 4.39324625943e-06 7.31033771891e-06 4.1901286519e-06 6.19236832821e-06 4.17237530525e-06 4.82652498845e-06 4.40406341187e-06 2.52206406978e-06 5.27595368772e-06 3.42567349131e-06 2.55822505284e-06 3.99370941309e-06 3.7657432629e-06 2.87093677746e-06 3.58537193506e-06 5.32126129376e-06 2.71864269287e-06 4.49366145657e-06 5.00614436536e-06 4.10697389388e-06 6.49012548752e-06 3.93489106729e-06 7.67833703516e-06 4.92987268562e-06 6.55007590433e-06 1.03481129377e-05 5.0118151961e-06 1.95277154595e-05 3.10684268776e-05 8.31870143437e-06 1.28888524136e-05 1.22654425429e-05 6.30489294357e-06 1.09661409634e-05 2.35584493996e-06 1.15584464317e-05 9.07854456358e-06 1.02412606898e-05 6.93855598805e-05 3.31497005636e-05 4.91711526759e-06 1.77549776389e-05 8.87609800141e-06 1.49527454034e-05 1.35359211084e-05 8.23663045694e-06 2.87548686952e-05 1.64460613946e-05 5.64285673245e-06 7.09455962669e-06 7.26778921565e-06 4.21079801085e-06 6.87584668251e-06 5.67864473031e-06 5.28045889611e-06 4.45298975732e-06 4.25862697777e-06 5.34222432215e-06 2.88615238841e-06 4.28694225919e-06 3.49244819716e-06 2.40455515143e-06 6.38058180474e-06 1.97394249943e-06 6.23689589714e-06 2.48889541089e-06 3.66956585349e-06 4.25639053956e-06 3.20670782007e-06 5.07066153095e-06 4.41418443007e-06 4.53243877571e-06 5.58967850552e-06 5.64130139443e-06 7.04969129672e-06 4.36343188809e-06 7.56953551478e-06 7.50780646521e-06 7.6300206902e-06 1.95902802691e-05 2.85407760143e-05 9.23400348423e-06 1.10751844091e-05 1.29852528089e-05 6.15242018178e-06 1.08561702268e-05 2.41374335888e-06 1.32214935841e-05 1.85708601419e-05 0.000107927851221 1.12811993753e-05 2.65462317629e-05 9.88784494199e-06 2.09103483136e-05 1.61935541248e-05 1.20722578135e-05 3.62549645937e-05 1.97879095894e-05 7.97445078724e-06 1.32710679546e-05 7.01527965596e-06 5.76501895062e-06 8.80556522021e-06 6.34405366123e-06 9.02884547412e-06 4.78254059025e-06 4.7525511584e-06 6.52535617804e-06 3.54452118051e-06 6.15191107878e-06 3.09259878298e-06 2.37650184895e-06 5.39860820955e-06 3.27314285271e-06 2.96991489725e-06 5.62145935758e-06 2.26494473824e-06 3.15470174146e-06 5.97990039426e-06 4.1063570919e-06 6.0020023204e-06 4.82440426302e-06 4.7113813923e-06 8.47266327711e-06 5.32433447789e-06 7.47753676446e-06 5.7511953738e-06 6.5925182889e-06 1.38307316311e-05 9.31132085386e-06 2.17438062015e-05 3.54420101431e-05 1.23064932553e-05 1.22897873248e-05 1.55720807368e-05 6.51299549165e-06 1.48208126033e-05 4.25683571583e-06 2.5086603762e-05 3.10731673418e-05 4.33152584701e-05 1.5649256514e-05 2.73112919741e-05 1.78937523448e-05 1.75550573185e-05 4.18264424528e-05 2.6601511911e-05 8.6444287741e-06 1.57240462516e-05 1.22836943029e-05 5.39012746381e-06 1.1913882045e-05 6.26662770531e-06 9.53306510903e-06 6.13602264574e-06 5.60778586951e-06 7.29639981992e-06 4.85509453363e-06 7.81239083222e-06 5.34490688571e-06 2.72161967577e-06 8.01126490201e-06 3.89414136817e-06 6.4774215835e-06 3.71169830237e-06 7.68188345693e-06 2.66937173471e-06 5.16368109683e-06 7.6050700706e-06 4.86868795581e-06 6.18176525432e-06 5.08019262906e-06 5.83089361932e-06 8.31845926346e-06 5.13300168102e-06 1.01599070562e-05 5.41483431522e-06 1.05743788615e-05 1.50318074543e-05 9.20143197588e-06 2.65004655938e-05 4.26159683542e-05 1.54141761356e-05 1.36948092571e-05 1.79172154626e-05 7.84631775202e-06 2.10392352907e-05 8.54311517195e-06 0.000198197413332 3.05500706897e-05 4.02610304811e-05 2.54404374783e-05 2.26591972721e-05 5.35177812695e-05 3.46850615394e-05 1.10734756738e-05 1.6496029734e-05 1.40901379745e-05 9.59150914819e-06 1.04155251337e-05 8.78963704949e-06 1.08819501992e-05 7.2583331727e-06 8.34705324349e-06 7.79788096253e-06 6.68345666406e-06 9.13171532505e-06 7.67968828608e-06 4.2777574966e-06 7.80186885604e-06 5.14596820856e-06 6.85563248088e-06 7.04507894719e-06 4.52576781217e-06 7.79430722739e-06 3.6088042415e-06 6.88292261131e-06 8.08508174638e-06 5.64168289365e-06 6.25955390452e-06 7.49356340793e-06 6.34430819751e-06 8.81368616456e-06 7.05957329757e-06 8.08962483278e-06 7.91772792164e-06 1.13703846296e-05 1.48341734576e-05 1.09211111201e-05 3.26510095883e-05 5.21379661895e-05 1.86118634456e-05 1.59675444657e-05 2.23597883206e-05 1.11734113128e-05 4.39116306601e-05 0.000105573803612 6.95923913713e-05 3.5255517753e-05 2.81023954875e-05 6.97737625168e-05 4.631406122e-05 1.39263914436e-05 2.19169536036e-05 1.58266718609e-05 9.57823557595e-06 1.67336120561e-05 7.62113804899e-06 1.4425608381e-05 8.61709126671e-06 9.06881553909e-06 1.04535917905e-05 6.89797215774e-06 9.40451076861e-06 7.41394095196e-06 5.95426814694e-06 9.20936813087e-06 4.1169869454e-06 7.25830264435e-06 6.66609157161e-06 6.70715310271e-06 3.98417868119e-06 8.78857788174e-06 4.83989686144e-06 6.27439335683e-06 8.13062086445e-06 5.31949610995e-06 8.60653993119e-06 7.16908558665e-06 6.82719980033e-06 1.05218110237e-05 6.05192936304e-06 1.17423465014e-05 7.96127799613e-06 1.09681257305e-05 1.75650479437e-05 1.24983603159e-05 3.95035170388e-05 6.21707907925e-05 2.15319773023e-05 1.87811844212e-05 3.34913062994e-05 2.56681213491e-05 0.000272658509929 6.33533771982e-05 4.25665049e-05 8.43170219148e-05 5.86049496404e-05 2.11788569368e-05 2.78725248859e-05 1.93392375924e-05 1.15157111691e-05 1.97736678261e-05 1.0993758087e-05 1.33261989339e-05 1.07510028246e-05 1.03259940133e-05 1.00606803431e-05 1.02277944952e-05 8.94403880986e-06 7.52465647238e-06 5.74445663183e-06 1.12532943763e-05 5.56358174401e-06 6.69884763613e-06 7.24680564817e-06 6.72263938509e-06 6.60853009847e-06 5.17321391675e-06 1.02013571336e-05 4.55210497724e-06 6.3851580762e-06 7.50821343585e-06 7.72270628262e-06 8.00930473302e-06 7.66661961761e-06 7.72243819846e-06 9.22350650564e-06 8.14001036127e-06 1.25406998444e-05 8.02226612621e-06 1.2396562062e-05 2.00089149522e-05 1.55182171527e-05 4.56352495892e-05 6.96714179161e-05 2.75187622069e-05 2.30419556607e-05 6.3316780692e-05 0.000273226931827 7.75621931112e-05 0.000124815439788 8.30519241806e-05 2.97426282599e-05 4.11400326707e-05 2.56578802469e-05 1.73110977781e-05 2.24875495768e-05 1.53862612891e-05 2.08819041717e-05 1.01294544622e-05 1.47674402551e-05 1.10882288834e-05 1.12217109003e-05 1.6149869768e-05 8.06078260814e-06 6.37528678463e-06 1.3575577937e-05 8.25956961849e-06 9.26427411925e-06 7.74324619587e-06 8.9478911929e-06 7.18453572524e-06 9.00403432491e-06 6.96508667525e-06 1.16790268928e-05 4.98337115997e-06 6.39796329594e-06 1.21025104259e-05 7.72546709037e-06 8.10976393318e-06 9.66061892885e-06 6.63788593508e-06 1.29202568518e-05 9.63973090983e-06 1.29844923467e-05 1.05234341523e-05 1.4804005998e-05 2.63581503657e-05 1.88384882656e-05 5.51620000388e-05 9.06226708934e-05 4.21697916053e-05 5.12172318503e-05 0.000411677173375 0.0002968665335 0.000154973598285 4.89146345144e-05 7.60915858148e-05 4.78717833579e-05 2.97449477418e-05 3.46339165921e-05 2.61837080441e-05 3.20418410117e-05 2.38199473444e-05 1.83207879002e-05 2.1740861834e-05 1.62010083193e-05 2.38310314999e-05 1.79334056438e-05 8.69279956065e-06 2.24351706625e-05 1.04830842373e-05 1.7228414516e-05 1.38037806468e-05 1.11641770943e-05 1.08035910426e-05 1.29200671158e-05 1.54677350356e-05 8.77242416777e-06 1.79289932775e-05 6.11400043794e-06 1.30797589291e-05 1.62107118755e-05 1.00104526939e-05 1.43162841461e-05 1.00133573983e-05 1.366183533e-05 1.74902011729e-05 1.39855351125e-05 1.74726225592e-05 1.52290821109e-05 2.16504385678e-05 3.69533150489e-05 2.5151469251e-05 8.43617229933e-05 0.000169756247427 0.000116658060637 0.00272867953551 0.000747705406264 0.000196366632148 0.000288231847177 0.000177029811874 0.000104707262827 0.0001506755157 9.10060846769e-05 0.000109964574615 7.60974571458e-05 7.53190235251e-05 5.61353065493e-05 5.44603675011e-05 6.35321260399e-05 4.81676343655e-05 3.38245755629e-05 5.04590659994e-05 2.91182852179e-05 4.17361509462e-05 4.00441876456e-05 3.32740829368e-05 2.37776558314e-05 3.09737056927e-05 3.39986180697e-05 3.27635169478e-05 2.10821026788e-05 3.42194424204e-05 2.02365407567e-05 2.73799733524e-05 3.30811946494e-05 2.52738276075e-05 2.59541719626e-05 2.92223206193e-05 2.90369165695e-05 3.90067496127e-05 2.98836918564e-05 4.82878288416e-05 3.09251312603e-05 4.82329959466e-05 7.32568542836e-05 5.5186927691e-05 0.000212396122774 0.000664620393817 










































