






















1.12496350506e-05 4.72562477368e-06 6.48279944934e-08 1.52277508413e-06 1.747516872e-06 1.14372755869e-07 6.23448794762e-06 1.02506453403e-05 2.89567578078e-05 1.98237192755e-06 3.84793562594e-06 1.05128331472e-06 9.0085923381e-07 1.49609560848e-06 3.18831166324e-07 1.12391379943e-06 1.0923341692e-06 2.53514109782e-07 3.51725528273e-06 2.90124587093e-07 1.3786950704e-06 1.2564881154e-06 5.24044151111e-07 2.17532296275e-06 1.60468274927e-06 2.0849112271e-06 5.86506871151e-06 3.3601952751e-06 2.43643446323e-05 9.26853213749e-06 3.56975544376e-06 3.29405110427e-06 5.22288942021e-07 2.71549177391e-07 4.27934973297e-07 1.63117538321e-07 1.4506418505e-07 2.95343504032e-07 8.40765947393e-07 2.75828298132e-08 9.09594252024e-07 3.34897309131e-07 2.3624680572e-07 2.18639266418e-07 6.89752379548e-07 1.04986949957e-06 9.03499367327e-07 3.02565391231e-06 4.02979269693e-06 7.88574571762e-06 9.67540019106e-06 2.48139915104e-05 6.04829729702e-06 4.31671165001e-06 1.27643565972e-06 2.07445014499e-06 9.58670298697e-07 2.93929232657e-06 3.59629882254e-07 4.19908576632e-06 1.11841969996e-06 1.3422620652e-06 4.55577720169e-06 3.9171396584e-07 3.8315505439e-06 1.35221302132e-06 3.12998786642e-06 1.52930210718e-06 4.97907731134e-06 6.06655897237e-06 2.55799787891e-05 5.08802195691e-05 1.86236251798e-05 2.48168130741e-05 9.14140499396e-06 3.67077332826e-06 8.77874592803e-07 2.65439475604e-06 7.61967119375e-07 9.69359661339e-07 6.29884923968e-07 7.11939198365e-07 2.07430983136e-06 7.64364508713e-07 7.92769392566e-07 1.52356322462e-06 9.6450409236e-07 3.20568847492e-06 9.23392376839e-07 4.1945522582e-06 9.89719340148e-06 2.29201895046e-05 8.91536454529e-05 4.52031198918e-05 7.89910655289e-06 8.26668108226e-06 5.92313840841e-06 1.9477507397e-06 1.67946493365e-06 3.712190048e-06 1.67636424248e-06 1.18363471717e-06 5.2299198719e-06 1.26158970684e-06 1.65094514013e-06 3.71684241655e-06 2.29400390347e-06 2.15117279468e-06 7.10912864876e-06 8.13872135216e-06 8.72485500065e-06 5.97149176883e-05 2.81528819885e-05 2.14557882538e-05 5.55182641126e-06 6.81407981156e-06 4.98420774676e-06 1.53443298109e-06 5.37105319922e-06 9.3864116678e-07 4.02517529746e-06 1.78143988881e-06 1.34385362353e-06 4.3073878051e-06 1.23389816116e-06 6.58726651164e-06 1.71923737982e-06 6.36763496397e-06 1.06138130942e-05 5.79900708115e-06 2.93258528118e-05 0.000108090160841 1.98169379261e-05 2.48899676734e-05 5.51292892533e-06 8.89359648633e-06 3.52589214285e-06 4.43462348807e-06 2.71531570926e-06 1.35875106785e-06 7.2564576826e-06 1.83746847289e-07 6.84615318763e-06 2.01430659452e-06 2.51589604782e-06 5.86452907232e-06 3.49945440719e-06 1.19705566702e-05 7.06082550569e-06 3.46945249336e-05 6.75334920819e-05 1.9918415719e-05 2.38306837791e-05 7.50047127304e-06 3.8328476586e-06 7.40417683738e-06 1.37273652796e-06 4.00123204839e-06 3.64856280963e-06 2.40012714236e-06 3.18602001153e-06 3.3799425619e-06 6.27884785184e-06 2.22751035965e-06 1.01284872327e-05 5.09299334248e-06 9.92578041363e-06 2.87742942351e-05 5.12296199029e-05 2.68214033495e-05 4.08843322738e-05 8.18258809813e-06 2.56506447181e-05 7.25361028506e-06 6.12052680259e-06 1.3691419884e-05 1.37777851473e-06 2.07524360346e-05 1.41426637648e-06 1.60429091047e-05 7.07274259662e-06 7.79710355621e-06 3.10193871312e-05 1.17290058216e-05 5.35825748638e-05 7.5697611835e-05 2.93034446893e-05 2.2055620889e-05 1.44301437871e-05 5.66658010984e-06 1.32114933822e-05 4.32899346641e-06 2.5713276294e-06 4.8527287525e-06 5.56816014293e-06 2.40537208624e-06 4.94679249345e-06 1.7297617638e-05 5.49416414398e-06 1.9786016993e-05 3.20326737196e-05 6.70501376888e-05 5.80261129903e-05 0.000136724084476 1.41644325483e-05 4.17024751114e-05 3.44873985432e-05 5.23813221573e-06 3.25064273225e-05 7.65776578505e-06 3.52520645092e-05 5.64536251876e-06 4.14943982935e-05 4.73610543011e-05 1.8123274644e-05 0.000163468913492 0.000120900450814 5.43037241328e-05 1.99214694379e-05 1.08250620332e-05 1.75981308987e-05 4.37755090809e-06 5.61213273728e-06 6.00018994726e-06 5.7680508445e-06 7.75637717293e-06 3.85445602925e-06 1.89930864512e-05 1.33716221648e-05 2.69248554962e-05 0.000104005208505 4.52938454467e-05 8.22087137338e-05 3.57586125065e-05 1.33973637626e-05 4.45770881696e-05 9.95360997771e-06 3.12763240843e-05 9.72854414568e-06 4.90012472511e-05 1.42116935453e-05 4.23778276713e-05 0.000106395129243 7.95337498355e-05 0.000134464636575 0.000128313278578 1.2791684105e-05 7.28132788356e-05 2.56984110657e-05 2.38966808338e-05 2.63429960146e-05 2.52888437211e-05 7.82887627562e-05 1.693821053e-05 0.000150984480656 0.000214909124773 5.48000627575e-05 1.85810863137e-05 1.87065062726e-05 1.13558721697e-05 2.28801961883e-05 3.18407571678e-06 2.35593082732e-05 1.06964628094e-05 2.28619737752e-05 2.67956203696e-05 7.53452337996e-05 7.56336951563e-05 0.000265688997766 4.0247551606e-05 0.000108476086584 5.65324440768e-05 5.53363139638e-05 0.000118773592883 4.17576573134e-05 0.000304519416062 0.000112643136531 0.000171453088592 5.41450392044e-05 3.74698696995e-05 3.1728237458e-05 5.88081059996e-05 3.35130942902e-05 4.15572032009e-05 7.39617886481e-05 0.000198234611469 0.000157565651517 0.00025918685662 5.14458089541e-05 0.000159232652781 0.000165546953455 5.61425782333e-05 0.000303289582528 0.000203504669159 0.000244705889839 0.000112758046655 8.36282039779e-05 0.000101822703763 8.80830758614e-05 0.000150120253716 0.000277118466496 0.000354320016252 0.000485658367663 0.000188347783605 0.000213797014024 0.000552953586391 0.00041295292332 0.00087272712006 0.000527763118292 0.000169180827217 0.000605744897663 0.00097086363371 0.000809445403654 0.000334409278471 0.000414312472753 0.000782027154697 0.00148855824609 0.00200897755346 0.00148855824609 0.0164708573511 0.0128515066541 

