


























8.84763658601e-07 5.40427656088e-07 1.79233127906e-07 6.51008424655e-07 3.24110165584e-07 6.22219671986e-07 2.54969206918e-07 2.48625038463e-07 8.74099683399e-08 3.5320993702e-07 1.66540291883e-07 2.04485466439e-07 1.76954118211e-07 3.77511288698e-07 8.13117633237e-08 2.53762489471e-07 3.21157407919e-07 7.14189272464e-07 3.93665102854e-07 7.7012996649e-07 2.09672211834e-07 6.59869998766e-07 6.22992690534e-07 2.55946239003e-07 1.88930282844e-06 3.49165983557e-07 5.3849646524e-07 4.49833977555e-07 7.67266779221e-07 2.37409992672e-07 4.83550265782e-07 6.12370999611e-08 2.05660681701e-07 7.49785140772e-07 4.67692569651e-07 4.78871132869e-07 7.58966685306e-07 2.13767639288e-07 9.14313061329e-08 5.00411367253e-07 2.60599109947e-07 8.46499470054e-07 5.68141393728e-07 5.52452617758e-07 3.7099677741e-07 1.29528301685e-06 3.0398732969e-07 1.15868315766e-07 1.99944812462e-07 7.20084827253e-07 2.0235373741e-07 2.46991030748e-07 7.68256044966e-07 8.5812589021e-08 7.59896520346e-07 9.80007415154e-09 1.6538484674e-09 7.8168474784e-07 8.08030372379e-08 6.58140587686e-09 7.99185725231e-07 8.21707195181e-09 7.93788146658e-08 7.9327899983e-07 1.17403384522e-08 7.74300884696e-09 8.14394872624e-07 8.09805825226e-08 8.12477384486e-07 2.65425201164e-07 1.27481951712e-07 5.32332969849e-07 2.30703103915e-07 1.44551946076e-07 7.42001683201e-07 1.04726435739e-06 3.69701720916e-07 1.78999261279e-06 5.51201698495e-07 6.47203014249e-07 1.22906009695e-07 3.37042220911e-07 8.18316823704e-08 1.96585157832e-07 4.69834095842e-07 1.23422100275e-07 2.61493644236e-09 4.77515756821e-07 4.21499537977e-07 1.88652017533e-08 1.17649658213e-07 4.69243024847e-07 1.72429966276e-07 1.37486095218e-07 3.2323175742e-07 1.72477474725e-07 6.23141607488e-07 3.44084327832e-07 1.23623229213e-06 2.35674061324e-07 1.08180224217e-06 8.54778201187e-07 1.32601252951e-07 3.6885243945e-07 3.85029632755e-07 2.17262833044e-07 1.54693536596e-06 1.4463368549e-06 3.07128004523e-07 1.18225245081e-06 1.90771642956e-07 2.17045706601e-07 1.3306208679e-06 2.94853611613e-07 1.7353665012e-07 1.14725698343e-06 2.99080069647e-07 2.71915862615e-07 1.16699390131e-06 1.63975254623e-07 2.92412553406e-07 1.35124046931e-06 2.10460632611e-07 2.17060350016e-07 1.10079241708e-06 3.06423374355e-07 1.24735678575e-06 1.11454516343e-06 2.19741405478e-07 3.70074426524e-07 5.25244107451e-07 1.74386846075e-07 7.64993581726e-07 2.66119464636e-07 6.41335231623e-07 3.32481317087e-07 6.40894821295e-07 6.4694352017e-06 1.21289793076e-06 1.80998652746e-06 2.55763387662e-07 7.69964610993e-07 1.88038210252e-06 3.89948647822e-07 2.79584983714e-07 1.29679198647e-06 8.05771434079e-07 5.22205649337e-07 5.5418443274e-07 7.98588022087e-07 1.21610122665e-06 3.15690722402e-07 4.17649798496e-07 1.82440295939e-06 7.45469964554e-07 2.23901104833e-07 1.5808720504e-06 8.74767219173e-07 4.07434190297e-06 5.89821913007e-07 2.89646520754e-07 7.0268678094e-07 3.69631291851e-07 9.41563753521e-07 5.11516007082e-07 2.38676507676e-07 6.44128444597e-08 2.44701974208e-07 2.00574259195e-07 7.96015706281e-07 1.42360073632e-06 6.27466229142e-07 3.09429683634e-07 3.91257419909e-07 7.83717234793e-07 5.07068642348e-07 1.45779780507e-07 8.24777525297e-07 7.05370635341e-07 2.28954905807e-07 6.05935111098e-07 5.75602465477e-07 2.47274588412e-07 7.70198742304e-07 7.28565967485e-07 1.86394099904e-07 4.96851289003e-07 6.43065714548e-07 3.70695847998e-07 3.24180653215e-07 3.89125398896e-07 1.08123303196e-06 6.53058562498e-07 1.81531708846e-07 3.29842748189e-07 6.04343176628e-08 3.38943460181e-07 6.419092415e-07 3.80732503007e-07 4.53551935051e-07 9.76997942634e-07 2.22643049825e-07 8.87135742037e-07 3.59508590324e-06 8.13693576554e-07 4.97967531867e-06 3.37963021532e-07 7.36502182429e-07 1.84394927959e-06 4.36984249624e-07 2.10022930322e-07 1.69024331882e-06 5.61239780974e-07 5.37420180096e-07 6.73048485854e-07 6.10622308463e-07 6.17462278404e-07 4.94405360281e-07 5.18856751796e-07 1.59186933781e-06 1.27939070438e-07 3.57939854532e-07 1.63825603793e-06 4.84582455587e-07 8.28414167441e-08 3.23936956792e-06 3.78160440085e-07 3.43297673484e-06 8.77780771356e-07 2.35803408208e-07 1.08126871309e-06 6.18477548914e-07 4.28241473275e-07 1.18059189792e-07 2.18600156408e-07 4.86633291163e-08 2.74217671786e-07 1.31116689489e-07 1.63562619235e-07 2.57874346145e-07 3.64493193654e-07 6.29150564819e-07 1.4074392358e-07 5.42761466833e-07 1.67618770061e-07 1.79388715649e-07 6.7969363806e-07 2.43341797807e-07 8.01967655036e-08 3.43170585192e-07 2.63519294297e-07 2.33337549141e-07 2.59236408004e-07 1.05488126972e-07 2.69899960985e-07 6.07810319597e-07 1.67513772514e-07 1.18008590063e-07 4.91552949441e-07 7.74924889299e-08 5.18363383573e-07 2.35537297582e-07 2.41753502565e-07 1.39398427101e-07 1.53178879966e-07 3.85204178588e-07 5.04345925351e-08 3.15277158031e-07 1.3650770278e-07 1.97925080929e-07 2.34832863875e-07 9.2133941747e-08 2.21351219657e-07 1.5082342666e-07 1.18640860344e-06 4.68875339731e-07 4.85804781604e-07 3.27804726e-07 1.44615199142e-06 7.25490820956e-07 4.34568230686e-07 9.3945591116e-08 7.45804781318e-07 7.72586192756e-07 2.92871827597e-07 7.74312273657e-07 6.16456339668e-07 2.58628211219e-07 6.13053606312e-07 6.91605710364e-07 2.87978734777e-07 7.40841328345e-07 6.02946040434e-07 8.96427795194e-08 4.38607565323e-07 4.45234208672e-07 1.10404581331e-06 1.61204950152e-07 3.73910919774e-07 3.99171031068e-07 9.91199628918e-07 1.68815225893e-07 3.2780381136e-07 8.08467846379e-08 3.12044661967e-07 2.18112132135e-07 1.47085144918e-06 1.63302287989e-06 9.22562277482e-07 4.5765969674e-07 1.81870475854e-06 2.84402268735e-06 3.8352700027e-07 3.81914959688e-06 3.28976288249e-07 1.15679028544e-06 7.84873115276e-06 5.90042767055e-07 5.76563139411e-07 2.77711511924e-06 1.09200746478e-06 8.15430748156e-07 1.91129986834e-06 8.21688542198e-07 1.38234992069e-06 1.50649040547e-06 8.91798765829e-07 1.66231437995e-06 8.75719004727e-07 8.62262731977e-07 2.21622484782e-06 4.32905432302e-07 2.54919317348e-07 5.09469979727e-06 6.37380534555e-07 2.99453812543e-07 3.56452731372e-06 3.04813385813e-07 2.8016266528e-06 1.88656139407e-06 5.73484831467e-07 9.83931416882e-07 1.88989147411e-06 1.55304614444e-06 3.91332532763e-07 3.24109324337e-07 1.38582968163e-07 1.19008153685e-07 3.25911674617e-07 4.74716058866e-07 4.16889601685e-07 3.20894264377e-07 2.23527875725e-07 2.62342210135e-07 1.738547544e-06 1.39013500098e-06 6.34566612769e-08 1.30687079179e-06 3.86342475025e-07 3.81669779786e-07 8.34945589893e-07 4.72228514683e-07 2.26709583156e-07 7.79065933501e-07 2.16275999236e-07 4.44088068707e-07 6.94945654497e-07 3.46003905602e-07 3.84468533259e-07 1.05324445367e-06 5.53097464526e-09 1.13781957275e-06 9.21077937989e-07 2.58180012128e-07 1.48979369437e-07 2.92350581967e-07 3.82957697427e-07 4.65135511151e-07 3.40244406393e-07 1.28571968063e-07 1.70561092721e-07 3.79075936284e-07 4.12930517646e-07 7.94277578792e-08 5.72731599048e-08 2.60537512351e-08 9.27166450155e-08 4.82486058163e-07 1.32290925668e-07 2.7735074002e-07 1.95099701822e-07 3.02061372233e-07 2.62423885534e-07 6.92113719079e-07 2.43033340064e-07 4.76040677452e-07 1.00970222326e-07 3.7057257485e-07 4.59944903599e-07 2.51553296608e-07 1.41532668611e-07 1.48626268553e-07 3.10479664528e-07 4.71173270911e-07 2.87957452381e-07 8.28860762939e-08 4.68647193161e-07 1.60144526901e-07 5.50825396977e-07 1.1273964299e-07 3.16644111648e-07 1.25297373068e-07 1.97540884005e-07 1.47448959938e-07 5.40755750961e-07 6.6388203214e-08 1.82597362361e-08 6.82459771997e-08 9.28224118513e-08 9.05838737727e-08 9.295236769e-07 3.73288358628e-07 5.09741157416e-07 1.32990335465e-06 1.39782040818e-06 2.95285779555e-07 2.22557135627e-06 4.90441260006e-07 1.17940119384e-07 4.9272690662e-06 2.88216967061e-07 6.38906380564e-07 7.41837454699e-06 9.83644327266e-07 8.78727717358e-07 1.92204519589e-06 9.30498741886e-07 1.36317952082e-06 1.75431913858e-06 9.76452363193e-07 1.83455266871e-06 1.30628315916e-06 8.19541030984e-07 1.91551556822e-06 6.33391864019e-07 4.70848801217e-07 5.0272436602e-06 3.21660250412e-07 2.34034118272e-07 4.40175493138e-06 1.3442764919e-07 4.30177649174e-07 2.14255517427e-06 2.67065210492e-07 1.44104641768e-06 1.3838774329e-06 6.20952177679e-07 4.52879581696e-07 1.08106869562e-06 9.06485250304e-08 5.74091538056e-07 2.34932056438e-07 2.56649489025e-07 3.76423165059e-07 1.21310941998e-06 8.54075176953e-07 5.67158227845e-07 3.06691013605e-07 9.31056580068e-07 8.65022344567e-07 8.31870131567e-07 3.49220231608e-07 2.70925383593e-06 3.09358917003e-06 5.23065982366e-07 1.87210094757e-06 9.42480873498e-07 8.2326208234e-07 1.92432803135e-06 7.17323500261e-07 7.2681244316e-07 1.86416795745e-06 7.60102106468e-07 8.65135697576e-07 1.38233132232e-06 2.72838729525e-07 2.49392627735e-06 1.68140390375e-06 3.29212717943e-07 5.63230273887e-07 6.99055751291e-07 7.94739946346e-07 2.76000224323e-07 4.38263959938e-07 8.45685565721e-07 1.21849762707e-06 3.85209074191e-07 3.26865643281e-07 2.66784823505e-07 6.94653131964e-07 2.82276085913e-07 2.18147014186e-07 2.15166801647e-07 3.45199025298e-07 5.63952020539e-07 2.50256982457e-07 5.04848584855e-07 1.39346717604e-07 2.54146173537e-07 1.20175165387e-06 1.94774088939e-07 7.89562857696e-07 8.45930431763e-07 1.41870819794e-06 5.95804983913e-07 7.62763331882e-07 4.48358344892e-07 8.38302274997e-07 6.72503621251e-07 3.63206099623e-07 6.71475092424e-07 7.03894759021e-07 4.09934024301e-07 6.9637270897e-07 3.35569260842e-07 1.19550690033e-06 5.31811365948e-07 5.62501639202e-07 1.21167218927e-07 1.17710949482e-06 1.83715633334e-07 1.30877993183e-07 4.84236563098e-07 2.67329882526e-07 6.15397082548e-07 4.11040936392e-07 2.49825641352e-07 2.66192705459e-07 3.10772899495e-07 1.03908843134e-06 7.13149135326e-08 5.05882757357e-07 3.80873340346e-07 5.50487015353e-07 5.2378302803e-07 7.97741376511e-07 3.37727073664e-07 5.21384146041e-08 2.63408848486e-06 6.1605543857e-07 1.63828897529e-07 3.82901883473e-06 4.34882550772e-07 5.6428588723e-07 6.25116482494e-06 8.63509287728e-07 1.23842529637e-06 1.85808702366e-06 6.04674982357e-07 1.75780589997e-06 1.95122497671e-06 6.00792273093e-07 1.73925187067e-06 8.51920087912e-07 3.90126761306e-07 4.23089812116e-06 2.06153648829e-07 3.00297652791e-07 3.83794574242e-06 7.38993548127e-08 5.42607656833e-07 2.48532094366e-06 3.50536811034e-08 2.65667861266e-07 7.59586471091e-07 5.36318979707e-07 5.73068274917e-07 4.38377029759e-07 6.25967153845e-07 9.94263368123e-08 1.14803194996e-06 6.03225205769e-07 7.32322446325e-08 4.85124721685e-07 4.77691064517e-07 1.25111165313e-06 5.8009741948e-07 7.4761757606e-07 1.02992446644e-07 4.83636478188e-07 7.18975400657e-07 4.04144693535e-07 3.73487671571e-07 8.15787989434e-07 1.56554092182e-06 1.94340642342e-07 2.43593049181e-06 3.0698369275e-06 6.36016420804e-07 1.96894758242e-06 1.07719499985e-06 8.68510136345e-07 2.52358732847e-06 7.5457629913e-07 8.77685679934e-07 1.54708383035e-06 3.75815840414e-07 2.48473838006e-06 1.45318351029e-06 1.97949493312e-07 1.14166297122e-06 6.52165332607e-07 3.49906079454e-07 3.8806351405e-07 6.39658202369e-07 3.88631216158e-07 7.87363543323e-08 7.09350908462e-07 4.93815263637e-07 1.36544528185e-06 5.2272859156e-07 5.6684836549e-07 1.05689357952e-07 6.78077986328e-07 6.74381293507e-07 1.54934145966e-07 4.76726778847e-07 5.03793222216e-07 8.86047122317e-07 3.24587719502e-07 9.01910097734e-07 1.63351295236e-07 4.27279733818e-07 1.71315487865e-06 2.21481857673e-07 2.77324530682e-07 2.24521280915e-06 4.83523185402e-07 7.10689488196e-07 1.09843515859e-06 1.59469769711e-06 2.85750813342e-06 1.177056244e-06 1.52268436922e-06 7.69151155835e-07 1.5897921029e-06 1.34686353836e-06 6.7414165468e-07 1.36213945966e-06 7.40287895987e-07 2.61648878874e-06 1.05667744389e-06 8.37433541529e-07 5.26053966263e-07 3.80605313191e-07 1.86957041715e-06 2.66271572845e-07 9.4500817147e-08 1.69653492127e-06 3.53774092206e-07 1.43959453296e-07 1.02140833258e-06 2.676401248e-07 8.756878872e-07 4.96808952955e-07 5.02366418434e-07 2.16495202585e-07 7.56829376097e-07 6.92007838757e-07 1.09891597937e-07 1.00151778226e-06 9.10823787401e-07 1.56008958507e-06 1.5583018784e-06 6.62952671374e-07 3.23999724129e-07 5.31533403911e-07 1.64731005161e-06 1.02571080819e-06 1.54549442759e-07 2.64005488593e-06 1.76294499562e-06 4.88463103219e-08 4.42652652108e-06 5.19136378153e-07 1.61522387667e-06 7.62849195084e-06 5.8909119464e-07 1.99173317835e-06 2.42779069532e-06 6.08845444481e-07 2.0877979776e-06 2.04495504874e-06 3.69474692002e-07 5.31994855791e-06 7.96566024927e-07 4.3350991684e-07 4.06618038419e-06 3.97132672952e-08 1.52491823582e-06 2.57319047109e-06 1.41953516236e-07 1.06127103035e-06 1.54007579716e-06 5.06515217129e-07 3.31800582688e-07 6.09296039477e-07 1.59890767915e-06 1.59520140377e-06 9.64661051072e-07 1.10480197365e-06 1.00582409491e-07 7.55142255131e-07 6.36260426055e-07 2.55164677646e-07 4.8540251811e-07 5.40140149583e-07 1.26778498487e-06 5.05580994962e-07 1.09150288333e-06 1.64298151078e-07 8.33592093389e-07 1.53685560363e-06 3.79485766788e-07 2.76052098315e-07 1.05950531344e-06 1.26489814875e-06 6.91696077641e-07 9.81082290751e-07 1.90199938181e-06 8.85174193908e-07 3.58300926481e-06 4.33186362794e-06 1.0062692805e-06 3.17005192225e-06 1.07678841721e-06 9.9880308611e-07 2.60481381914e-06 6.14773996689e-07 3.60308733266e-06 2.15794950534e-06 6.63867498192e-07 1.69409690529e-06 9.35826141114e-07 7.11263790412e-07 1.12974918979e-06 9.35093444551e-07 2.22676894695e-07 2.75878065657e-07 1.52098905075e-06 8.01559230003e-07 2.23858669425e-07 1.20323786357e-06 4.98959114198e-07 1.29045711758e-06 5.26945142066e-07 4.91827959561e-07 2.88494171665e-07 6.84985899672e-07 1.05341186812e-07 2.08526764146e-07 6.52461321324e-07 6.19937399528e-07 9.89101820532e-07 6.52698934539e-07 5.5364066179e-07 1.90148326012e-07 2.52921003835e-07 1.76504718619e-06 2.44058817582e-07 1.32310157716e-08 2.30861034968e-06 2.32602760107e-07 2.97790373603e-07 1.94943941854e-06 2.62738367391e-07 1.17571053187e-06 5.75677824891e-07 1.31832006643e-06 3.58016672393e-06 1.03295043821e-06 1.04323159094e-06 1.05210780587e-06 8.67362513369e-07 5.97720825686e-07 3.03294554386e-06 7.37602191746e-07 6.75481084967e-07 1.02189630559e-06 1.05667190056e-07 1.80021705469e-06 2.64596137086e-07 2.1979896236e-07 2.12077808561e-06 2.62795559313e-09 2.16651494931e-07 1.71977228267e-06 2.34103363048e-07 1.71921156587e-07 5.20589249258e-07 6.18884392007e-07 1.07937150075e-06 6.87196025097e-07 6.56668374011e-07 2.35489022057e-07 1.08584683597e-07 6.48986275593e-07 4.02744554866e-07 9.91921429148e-07 7.49525375367e-07 1.81187598197e-06 9.7209929424e-07 8.88143859595e-07 1.70825851631e-07 1.61546731393e-06 1.4423844925e-06 1.0224332652e-06 1.6345369184e-07 2.11338765622e-06 2.67946403915e-06 6.57657743091e-08 3.13594329444e-06 2.31895491138e-06 7.12743443035e-07 4.84939035317e-06 1.45486084262e-06 2.98959503947e-06 8.77870743976e-06 1.34681097602e-06 3.10615720731e-06 2.82012736157e-06 8.84460217422e-07 6.9569038851e-06 2.06450461365e-06 1.13118572874e-06 4.29138789596e-06 5.62007450182e-07 2.15290566389e-06 3.05353799983e-06 4.29401614303e-08 2.50582355813e-06 2.08058745254e-06 1.80856512469e-07 1.03221900462e-06 1.45235433334e-06 1.56177940895e-06 1.62635938572e-07 9.75233792321e-07 9.17257376265e-07 1.89771950811e-06 7.90229446239e-07 9.91112372072e-07 4.35135376505e-07 6.77414496475e-07 1.63803320647e-07 6.3120431275e-07 3.34803008113e-07 9.48916122178e-07 3.93473788823e-07 7.74587102932e-07 2.2882599796e-07 4.84165588489e-07 1.35126089557e-06 2.93843370871e-07 2.95524384013e-07 1.20714216244e-06 8.66122318736e-07 3.24108798727e-07 7.44000640936e-07 7.6068636746e-07 1.36701331451e-06 1.10910232924e-06 1.79635418654e-06 7.56368832951e-07 2.70295660029e-06 3.27826879979e-06 7.56075568767e-07 2.06814735463e-06 5.23684522226e-07 2.98458179766e-06 1.84872588609e-06 6.73044894602e-07 1.7517945099e-06 8.77605454188e-07 1.24761260248e-06 6.9385080095e-07 7.3693763947e-07 3.50032880458e-07 8.49164307e-07 9.95812001919e-07 2.45200603037e-07 1.74085464054e-07 1.44572794744e-06 3.72538041079e-07 2.70712698086e-07 8.4578704196e-07 3.9158669333e-07 1.00660736325e-06 3.38275903302e-07 6.55780493263e-07 1.78386380682e-07 4.14303789681e-08 3.97591860141e-07 3.63668698055e-07 5.58657215994e-07 8.14040329128e-07 5.10789324667e-07 7.34604199192e-07 8.65806816342e-08 7.6192547638e-07 8.59350121949e-07 1.11289262623e-06 1.91599766238e-07 2.18972834989e-06 9.1665631801e-07 7.24715470515e-08 2.62297744323e-06 5.28736799875e-07 9.17777740479e-07 2.71047960073e-06 5.63977411168e-07 1.9230953898e-06 1.08214949686e-06 1.42888198155e-06 4.51478581078e-06 1.43061435321e-06 1.16720315985e-06 3.89862942283e-06 1.08154964985e-06 9.89360005969e-07 1.85457004998e-06 3.35634683969e-07 2.5143774809e-06 8.90837805675e-07 3.96244748552e-07 2.58525312108e-06 1.16421458552e-07 8.08361292993e-07 2.18970734657e-06 1.91639817718e-07 1.16502426339e-06 7.58203093168e-07 7.53242712734e-07 8.61575290882e-08 7.59347010874e-07 4.84655852812e-07 8.57662401024e-07 6.40903792319e-07 3.77384510109e-07 4.25778752281e-07 4.23034351793e-08 5.36332729279e-07 1.12967737448e-06 5.66697696721e-07 1.67442619074e-06 7.95201730309e-07 1.06394033022e-06 5.93905428383e-07 1.17087459861e-06 1.80579645837e-06 7.1956654749e-07 5.28814286733e-07 1.65554199836e-06 2.03267486729e-06 4.79658773274e-07 2.06511152036e-06 2.46308491491e-06 5.50037315934e-07 3.15200582282e-06 2.76276530402e-06 9.48125161582e-07 6.07582194673e-06 8.67572098092e-07 3.42200980339e-06 8.10742281926e-06 7.12927181368e-07 7.01866343355e-06 2.3041734904e-06 8.79624927303e-07 5.64788083348e-06 8.74189205531e-07 2.70083986328e-06 3.33529836257e-06 6.2141598777e-07 2.4145787501e-06 1.94936806266e-06 4.54293254577e-07 1.98386728261e-06 1.61096970556e-06 5.47768297921e-07 6.707381747e-07 1.83048847885e-06 1.06781176284e-06 5.72944602553e-07 1.16338359255e-06 8.15538378476e-07 1.75059935363e-06 6.16858234854e-07 1.1533383433e-06 5.55283012606e-07 2.24356466364e-07 4.6430299332e-07 3.14014334925e-07 6.64478172826e-07 2.7485734665e-07 3.09353402129e-07 1.80125538417e-07 1.98761972552e-07 1.12259118765e-06 4.04536295191e-07 4.55359233984e-08 1.46000203841e-06 4.26724085648e-07 5.36168162089e-07 9.85520182568e-07 5.75785844257e-07 1.10376719084e-06 6.60989733443e-07 1.05699068668e-06 1.22726009387e-06 8.1066563927e-07 1.18717950712e-06 6.77348258788e-07 2.6553110126e-06 2.46638394242e-06 2.69102500662e-06 2.05244479108e-06 5.83524261129e-07 1.11579065993e-06 8.24317637217e-07 1.11639227951e-06 9.43416422293e-07 5.42861557631e-07 1.20954767396e-06 5.20194156966e-07 7.86815961092e-07 5.47536507023e-07 3.88466499912e-07 1.54317989099e-06 9.56724760822e-08 4.16444109747e-07 1.14385338785e-06 1.57302717554e-07 1.02845868883e-07 3.92816767982e-07 2.44092900559e-07 7.12268967609e-07 3.6201182482e-07 5.04286970277e-07 2.22683986901e-07 5.60477198256e-07 7.3473469704e-07 4.85561982861e-07 1.8017403762e-06 9.78656434482e-07 5.82410673481e-07 6.57749211069e-07 1.05129206932e-06 1.74836962484e-06 1.09491225963e-06 5.01384037042e-07 1.43700035731e-06 2.44548637124e-06 1.0721469835e-07 3.03250942226e-06 1.03081845569e-06 8.92329185111e-07 4.63589462306e-06 7.57293294403e-07 1.53658031111e-06 4.30217061687e-06 2.43954675838e-07 3.74155320882e-06 1.70523105055e-06 1.6421368044e-06 1.38299134323e-05 1.6421368044e-06 1.70523105055e-06 3.74155320882e-06 2.43954675838e-07 4.30217061687e-06 1.53658031111e-06 7.57293294403e-07 4.63589462306e-06 8.92329185111e-07 1.03081845569e-06 3.03250942226e-06 1.0721469835e-07 2.44548637124e-06 1.43700035731e-06 5.01384037042e-07 1.09491225963e-06 1.74836962484e-06 1.05129206932e-06 6.57749211069e-07 5.82410673481e-07 9.78656434482e-07 1.8017403762e-06 4.85561982861e-07 7.3473469704e-07 5.60477198256e-07 3.38438937111e-08 4.64001339814e-07 5.64780853669e-07 1.5739748956e-06 8.06089030978e-07 1.03315038982e-06 4.15862713111e-07 8.21819586956e-07 1.82108812544e-06 8.63490908669e-07 2.64855995104e-07 2.09606970842e-06 1.13592839161e-06 1.12941254363e-06 1.86913811027e-06 1.8239583803e-06 1.58740548457e-06 2.57822002195e-06 3.40040049936e-06 1.07925691113e-06 4.16149716736e-06 2.46609679244e-06 1.22921331749e-06 5.91773957169e-06 1.10825339422e-06 8.83281050955e-06 7.81731628424e-06 1.45600288783e-06 6.50433345932e-06 1.21425754997e-06 2.77354907968e-06 4.18062666145e-06 1.05293339243e-06 3.36582329229e-06 2.57738296011e-06 1.66268583544e-06 1.77800047343e-06 1.90109460725e-06 1.190399718e-06 1.0907094233e-06 2.15417724116e-06 2.55963867915e-07 8.48777745527e-07 1.7973511863e-06 8.32199553213e-07 2.9598646936e-07 1.08898145026e-06 6.89326213264e-07 1.45259856695e-06 5.782153561e-07 4.65761000108e-07 3.22248263424e-08 2.89090298539e-07 2.73043821709e-07 1.06038909586e-06 2.72615743497e-07 4.48263250026e-07 2.52958656684e-07 3.51920567373e-07 8.62038750085e-07 4.331446237e-07 2.55553360443e-07 1.14385655129e-06 6.36640796559e-07 1.16043075725e-07 1.24420408329e-06 4.77595614943e-07 7.39072975556e-07 1.22988323864e-06 1.16031101353e-06 9.423513031e-07 1.21340417263e-06 6.45930915724e-07 1.61131829308e-06 9.17982218622e-07 1.07716978896e-06 3.07424941272e-06 2.03278839615e-06 3.1429637371e-06 1.43327725616e-06 9.71407127911e-07 1.55199874965e-06 6.16127213747e-07 1.1307568072e-06 1.0543681749e-06 1.0455738532e-06 1.1293488859e-06 7.1072371975e-07 4.98064779939e-07 1.38215335016e-06 4.09055454994e-08 7.14613654577e-07 1.28512076727e-06 2.68248142944e-07 4.53497131044e-07 8.13622995767e-07 3.23557982345e-07 1.97480109717e-07 3.75230043479e-07 2.79853171886e-07 1.06665957794e-06 2.95658024668e-07 2.96606903792e-07 5.94785461137e-07 9.63223399126e-07 2.28827567121e-06 1.05959537626e-06 1.57262333466e-06 1.08884628178e-06 9.90727457254e-07 2.32208732108e-06 9.14188012283e-07 1.46278474296e-07 2.83924822436e-06 2.10455322585e-06 1.17565802224e-06 2.04405346496e-06 3.6327647029e-06 1.16992220075e-06 5.42822327266e-06 2.88010358601e-06 1.9130741542e-06 8.05813940016e-06 7.28995216242e-07 3.47979484911e-06 6.23236806778e-06 6.82523883071e-07 1.29668485866e-05 2.30707600678e-06 3.32333572613e-06 1.686410847e-05 1.02137088523e-06 6.79975825512e-06 3.63319026722e-06 8.81388808601e-07 8.15738005913e-06 2.19840999621e-06 2.95111202336e-06 5.47229465056e-06 1.22657398454e-06 3.71982363349e-06 1.98970597464e-06 1.30777825711e-06 2.13705026938e-06 2.77897157008e-06 1.49516791384e-07 8.43115262152e-07 2.31355875958e-06 9.6309036145e-07 9.77285591745e-07 1.58574585474e-06 9.64482915035e-07 2.09140373897e-06 9.04039399604e-07 5.76535596996e-07 1.61485369149e-07 4.6555430762e-07 7.82013658789e-07 3.22642922171e-07 3.2054343224e-07 2.32042301953e-07 3.53321074855e-07 9.14592278564e-07 3.38048768831e-07 2.24388372375e-07 7.73957822452e-07 7.36701707958e-07 2.17355176893e-07 9.69567447835e-07 3.98595356409e-07 1.0410371468e-06 1.10924315195e-06 1.05718980367e-06 8.73260014211e-07 1.86945067011e-06 1.27855792915e-06 4.40501524523e-07 1.86014657511e-06 7.31335720116e-07 2.9294133172e-06 2.67565132545e-06 5.81042344938e-07 3.63036597706e-06 3.00158104253e-06 1.35296249792e-06 2.06090680954e-06 4.23137057646e-07 1.48110417877e-06 1.79962263108e-06 1.0102095496e-06 1.07881038063e-06 1.12077657494e-06 1.13627261634e-06 3.92562520075e-07 1.07550938551e-06 1.5432177533e-07 7.78867597234e-07 8.75888327403e-07 2.58023194028e-07 3.71224434385e-07 8.28172017551e-07 3.41394270398e-07 2.06246436297e-07 2.70818635853e-07 3.1370527923e-07 7.53125080769e-07 4.4687677224e-07 1.57745660311e-07 1.99573714428e-07 1.00951680918e-06 2.64099493555e-06 8.18150638908e-07 1.71161597379e-06 5.48324009402e-07 1.04266912382e-06 2.33798652163e-06 6.81052046006e-07 1.63396634564e-07 2.25369250168e-06 1.60946239057e-06 8.57590257185e-07 2.59393320109e-06 2.20302421669e-06 1.32329239417e-06 4.76645008151e-06 1.63777615469e-06 2.3717000913e-06 4.89571584845e-06 1.53235891621e-06 3.98175916919e-06 2.07421858896e-06 1.69981743759e-06 1.00744842575e-05 1.71917900029e-06 3.80047212562e-06 4.06793086861e-06 2.4329044837e-06 1.14384205826e-05 2.43525549242e-06 2.04844804209e-06 4.22766517718e-06 1.92785079257e-06 4.97223009383e-06 2.56064483391e-06 1.65161089577e-06 4.95912584579e-06 1.25427022129e-06 2.50498657187e-06 2.709511973e-06 8.28129359171e-07 1.59485608281e-06 2.42629876855e-06 1.13203552203e-07 8.14183168711e-07 2.08358415317e-06 9.83008409818e-07 5.30333992502e-07 1.73018683874e-06 7.63234246285e-07 2.4740467918e-06 9.18824867593e-07 1.89646591641e-07 8.94295523301e-07 2.27848798278e-06 4.12175807011e-07 1.22322504508e-06 3.97067603793e-07 5.13117528122e-07 2.27690761553e-06 3.87492909838e-07 7.23177641962e-07 1.93000309318e-06 1.96184407728e-06 9.6830321557e-07 1.850091341e-06 2.05429050294e-06 2.1579394221e-06 2.71637785864e-06 4.07716739133e-06 1.3214309098e-06 5.47296696857e-06 1.78722921279e-06 2.16657908694e-06 5.91278314655e-06 4.40158623262e-07 8.99132608629e-06 5.00564965677e-06 8.66641688278e-07 1.08080292387e-05 1.00076728738e-06 6.91711041823e-06 1.12184773893e-05 8.34020179131e-07 6.79835024722e-06 2.63879723392e-06 2.29485882298e-06 5.6236203439e-06 1.47635085212e-06 3.94409667373e-06 2.83991409391e-06 2.24458126016e-06 2.019827031e-06 1.86579169635e-06 9.67529562177e-07 2.12898451281e-06 1.94309011391e-06 8.19911389659e-07 4.33987268993e-07 2.20004719972e-06 4.85833651572e-07 3.6550163385e-07 1.15795443465e-06 3.51181252324e-07 2.09281974174e-06 8.31575660329e-07 1.9614696315e-07 7.51644506857e-07 1.48631327207e-07 5.36679516857e-07 1.85388241672e-07 3.90521966026e-07 6.44797365459e-07 1.29131621587e-07 1.06955882978e-07 7.04985693863e-07 4.95810565918e-07 3.78024501554e-07 9.5673027294e-07 8.9089252426e-07 5.57977403761e-07 9.39068943234e-07 8.45861524864e-07 7.06490374127e-07 1.56386668325e-06 4.79841976817e-07 1.06622505403e-06 1.66164206506e-06 1.08276235367e-06 2.77930043946e-06 1.3243466728e-06 1.29905267447e-06 1.15534211248e-06 1.08826599147e-06 1.29860584218e-06 2.12913103964e-06 2.68544224524e-06 1.51214052999e-06 1.99740077608e-06 1.17723638787e-06 4.93057953971e-07 1.54840988534e-06 8.47472808317e-07 6.87296389639e-07 9.83357745516e-07 5.68548334753e-07 9.24997574518e-07 1.09592707326e-06 4.03823340172e-07 4.06673297104e-07 6.61837247732e-07 3.62727208438e-08 1.64078565322e-07 6.4505414618e-07 3.5278995467e-07 1.38087138231e-07 4.78119530163e-07 1.73421113375e-07 6.60622802371e-07 1.87822236035e-07 5.70336520275e-07 2.35971802248e-06 5.22994771342e-07 2.73401622711e-06 2.85187501303e-07 8.10552614507e-07 3.28377130573e-06 5.29121576486e-07 1.05154654359e-06 2.91336995662e-06 2.19151063638e-06 1.52642279084e-06 1.81718929709e-06 2.54925738083e-06 2.67277532577e-06 3.65978107611e-06 3.91098880687e-06 1.5315287566e-06 8.42139711449e-06 8.20360300775e-07 4.12606293134e-06 5.0589050738e-06 1.39221964429e-06 1.28570725936e-05 1.74391148168e-06 2.2895277918e-06 9.61753606082e-06 7.46084757781e-07 9.91082341658e-06 2.42424122815e-06 2.85467092267e-06 1.63523696245e-05 2.11344143703e-06 5.82169595573e-06 4.24046653453e-06 1.48596251485e-06 8.81729801933e-06 1.6466350838e-06 3.9053224558e-06 3.958003114e-06 2.81373763416e-06 2.4822485895e-06 1.9521471419e-06 1.41549229489e-06 2.24849222488e-06 2.81786292975e-06 9.84190494295e-07 4.4112092896e-07 3.19393368943e-06 7.40513461491e-07 2.34253049677e-07 2.46114233031e-06 4.62878069067e-07 2.15987081528e-06 5.33210587982e-07 1.60986206674e-06 2.67283216377e-07 1.7780659572e-06 1.59791500586e-07 5.25700505084e-07 1.37972510711e-06 7.53717455159e-07 3.60976242465e-07 1.73935533363e-06 9.86030462255e-07 8.5549647657e-07 1.03500733057e-06 1.53710003562e-06 1.11473367136e-06 2.07033467488e-06 1.98789893388e-06 1.15480268609e-06 2.95669273178e-06 1.43653102899e-06 2.1603362912e-06 3.65988361071e-06 1.38665708172e-06 6.60270503702e-06 4.12776954722e-06 1.01718343637e-06 4.29884831077e-06 1.88874745272e-06 1.89541244856e-06 4.70987973981e-06 1.24723281642e-06 6.20301801601e-06 7.62516466558e-06 2.15354322048e-06 4.51587297131e-06 2.25801659188e-06 1.78745933624e-06 3.0723508489e-06 1.4779831845e-06 1.87139203747e-06 2.32011268594e-06 1.03624830174e-06 1.64833095027e-06 1.22983454612e-06 8.41556469561e-07 9.40225740168e-07 1.55412255523e-06 2.19702282862e-07 6.72081967481e-07 1.21076975199e-06 4.56018846286e-07 1.52946897271e-07 1.61649097013e-06 1.73135075716e-07 1.41267011877e-06 1.45956129496e-06 5.17858392563e-07 1.61821879826e-06 2.46359529513e-07 1.15211507742e-06 2.2342105199e-06 7.11194508306e-07 8.84974155981e-07 1.87992169738e-06 1.55308380215e-06 1.20510684276e-06 1.77992380803e-06 1.31897779731e-06 1.70908545659e-06 2.03776078575e-06 2.60097012727e-06 1.70720974132e-06 4.18373129064e-06 8.47658822432e-07 3.32445624906e-06 2.67464561774e-06 1.941079476e-06 8.16448059707e-06 2.64166520681e-06 2.83642895582e-06 2.83713535325e-06 1.39758234284e-06 6.90519299923e-06 1.55078201039e-06 2.77182180682e-06 3.18009569025e-06 4.22882985318e-06 8.89879011481e-06 2.93250762749e-06 3.16836864511e-06 3.65044290765e-06 1.04918074655e-06 4.76856210051e-06 1.90587104237e-06 2.5109972558e-06 2.20289936259e-06 1.86437970481e-06 1.35747447765e-06 2.07898098209e-06 1.02476898266e-06 1.54757768852e-06 1.81400740166e-06 7.50988929036e-07 6.13579410152e-07 2.12110322622e-06 1.01891977269e-06 2.36207976603e-07 1.24117354108e-06 4.5787952825e-07 1.25814265113e-06 1.29853398937e-06 7.78085597387e-07 2.42770818655e-06 2.88302809975e-07 1.10422805683e-06 2.54611842964e-06 6.41615788846e-07 9.90672077855e-07 2.56538676884e-06 1.61041747461e-06 1.52531817597e-06 1.71353229716e-06 2.60548882731e-06 1.68503690881e-06 2.42712749808e-06 3.18555876119e-06 1.74071741092e-06 5.86744521681e-06 2.10551123117e-06 2.6520434773e-06 7.91636689277e-06 1.39430571413e-06 1.17968604001e-05 4.99671404685e-06 1.64510621534e-06 1.14513587423e-05 9.01663299035e-07 6.78811776749e-06 7.58906183411e-06 8.37255771633e-07 1.18581927117e-05 2.16546557084e-06 7.44885503726e-06 1.43239542882e-05 2.08101701452e-06 8.85283920221e-06 2.94932825918e-06 2.71971864216e-06 6.38016032307e-06 2.04255366687e-06 3.2681423651e-06 2.81233386596e-06 1.83746231453e-06 2.81301115105e-06 1.75812906826e-06 1.38071276685e-06 1.62630254014e-06 2.69287656861e-06 7.97627150048e-07 6.2049190894e-07 2.32098427185e-06 9.53958334245e-07 2.03478008581e-07 1.96875459751e-06 6.05762282354e-07 1.10154450635e-06 9.56120725063e-07 1.61745221713e-06 9.62914062704e-08 4.87800136743e-07 1.71224789004e-06 5.98093196794e-07 5.46960310617e-07 1.44445005378e-06 1.79591599707e-06 8.51296297666e-07 1.37022233887e-06 1.26398301734e-06 1.48450660733e-06 1.37554708271e-06 1.62787319136e-06 1.42515187686e-06 2.90773249879e-06 9.935051473e-07 2.11641200384e-06 3.41365432806e-06 1.94309635258e-06 6.43273753334e-06 3.52593300533e-06 1.94597998428e-06 5.10587676299e-06 2.30533069611e-06 1.98240570283e-06 3.38516782179e-06 1.92795805293e-06 2.4477484398e-06 4.65126879249e-06 2.33184673492e-06 5.3208814917e-06 7.0862238506e-06 3.00534627886e-06 4.05004133214e-06 2.42297765217e-06 1.34023799514e-06 3.4567085411e-06 1.776903702e-06 1.5753534933e-06 1.60229335203e-06 1.58194955113e-06 1.13082689085e-06 1.42002833218e-06 7.45744260268e-07 1.78094832165e-06 1.50503318204e-06 4.3711900391e-07 6.17876083554e-07 1.61215534569e-06 3.55704060093e-07 3.05328876911e-08 1.32413460682e-06 8.19107811123e-07 1.59114705622e-06 3.1776273843e-06 2.44907535542e-07 5.54566018603e-07 2.52750854187e-06 1.50297310229e-06 6.19020263873e-07 2.16860752179e-06 2.55038506052e-06 1.59243303878e-06 1.66472848824e-06 3.31907691938e-06 2.51614227525e-06 3.30610009606e-06 3.77715695713e-06 1.80054220913e-06 6.07855534289e-06 2.78479291847e-06 4.24986649831e-06 7.65073510137e-06 1.89928583041e-06 1.60018396476e-05 3.36793889844e-06 3.37335194017e-06 9.41246782372e-06 1.85474521682e-06 9.79036430411e-06 2.60704153859e-06 2.39336242196e-06 1.08449652337e-05 2.07450829647e-06 9.95229786398e-06 3.94239981962e-06 5.52989279236e-06 2.01976074503e-05 3.17352085767e-06 8.5431564144e-06 5.20328979046e-06 3.32500073121e-06 6.70168645208e-06 2.16894405651e-06 3.98546004569e-06 3.78850755416e-06 2.69480316432e-06 3.43702316339e-06 1.85111810777e-06 1.40008520895e-06 2.26910538544e-06 2.33612539782e-06 5.51682667373e-07 1.40887294886e-06 2.0570587332e-06 4.17002223414e-07 2.17772350869e-07 2.76114809075e-06 1.31554095013e-06 2.47539149052e-07 1.1213745136e-06 3.40679528857e-07 5.36957596272e-07 2.44750731117e-06 7.80730106762e-07 4.08710347001e-07 2.06835253674e-06 1.74273578762e-06 9.24666808321e-07 1.86412366932e-06 1.61334635106e-06 2.05179706154e-06 2.2754312485e-06 2.46810692088e-06 1.7320446019e-06 3.65369236132e-06 1.37253594562e-06 2.86981548503e-06 6.31576763609e-06 1.89784766622e-06 8.93867010371e-06 5.80599002707e-06 1.87450125003e-06 7.5404738974e-06 2.35532143111e-06 4.42658165231e-06 6.16927828691e-06 6.66044359209e-07 5.82050391204e-06 4.78824234862e-06 2.18170514196e-06 8.09817524059e-06 1.760164306e-06 8.52556283569e-06 9.78719241446e-06 2.8257446376e-06 7.35163157775e-06 3.40237945885e-06 1.65342400507e-06 4.21362473377e-06 2.037184537e-06 2.44165016406e-06 2.39258493395e-06 2.22212472164e-06 1.43235990142e-06 2.15920137853e-06 8.84129055114e-07 1.37264461875e-06 2.0826710671e-06 3.55677693839e-07 5.3736834266e-07 1.76102432314e-06 4.0371287723e-07 2.60603870055e-07 8.37778802419e-07 2.08970732796e-07 1.70571328783e-06 5.44352301324e-07 6.83055030228e-07 3.47790678479e-06 1.61855598493e-06 2.02249118517e-07 2.6789725706e-06 2.69429144491e-06 6.22092881954e-07 1.21436983275e-06 2.74481502212e-06 1.65333189633e-06 2.44489969238e-06 3.36555502309e-06 1.65595206267e-06 3.57607169518e-06 2.07728583059e-06 2.44101556212e-06 6.63132541652e-06 1.89776732771e-06 1.13505067093e-05 3.01481365115e-06 3.08543365405e-06 4.75055672216e-06 2.57751413625e-06 4.66885227769e-06 3.81519245213e-06 1.81244166036e-06 1.88198155097e-06 3.89102459147e-06 5.15908487486e-06 2.62241635775e-06 5.38558125469e-06 3.90382383512e-06 5.38646321333e-06 1.40057588421e-05 3.10119920973e-06 7.46135021589e-06 3.17130269094e-06 2.60343908684e-06 4.08592337668e-06 2.06611931792e-06 3.19714515267e-06 2.7378397423e-06 1.84428123967e-06 2.94007224414e-06 1.22171661441e-06 6.87622729334e-07 2.26909748835e-06 2.43227322856e-06 2.42704002546e-07 1.40813625436e-06 2.87882761993e-06 4.31018811698e-07 3.91520057073e-07 1.14695219113e-06 8.64716969492e-07 1.49376821985e-06 5.0433914972e-06 1.13904958178e-06 4.19022536331e-07 3.14568466214e-06 2.68578208547e-06 1.08494910887e-06 2.23771860284e-06 2.43666292341e-06 3.46720722745e-06 2.73362865283e-06 4.36761627315e-06 2.25766462855e-06 6.74010760454e-06 1.92509611676e-06 3.66207704594e-06 8.07553297264e-06 2.8961417122e-06 1.50491258393e-05 5.66088495543e-06 3.18437872889e-06 1.10615100317e-05 2.44467274403e-06 7.9096275513e-06 6.39790881042e-06 1.81831139499e-06 8.33039709462e-06 1.8009937703e-06 5.94809402026e-06 9.37738833492e-06 2.08606147631e-06 1.23942741301e-05 3.4631317768e-06 8.8298866857e-06 1.77329203942e-05 4.40215403076e-06 9.34691426786e-06 4.18906350622e-06 2.42408706995e-06 7.31358917639e-06 2.9421385055e-06 4.31651421913e-06 2.88165054424e-06 3.59011623331e-06 2.27740058741e-06 2.23178425693e-06 1.24791261298e-06 2.10575036176e-06 2.51286021953e-06 3.29481471794e-07 9.50667439072e-07 3.97407951092e-06 1.09006119195e-06 6.80894153313e-07 2.02284833445e-06 4.45534587937e-06 8.07867133374e-07 3.94623423396e-07 3.8984468001e-06 2.44881780385e-06 9.31005529239e-07 3.03329552746e-06 2.97749570935e-06 2.21167546579e-06 3.94790808837e-06 3.67788360747e-06 1.80232532511e-06 5.26811700026e-06 2.75245507373e-06 2.58746411177e-06 7.7277081523e-06 2.41564152064e-06 1.37705966803e-05 6.23150943759e-06 2.31568772819e-06 6.89667011453e-06 3.75192557436e-06 3.47753891546e-06 6.67911850927e-06 1.58167432444e-06 4.58801351386e-06 4.99884599259e-06 1.66659501603e-06 6.68879011266e-06 4.11757557643e-06 3.70919798408e-06 8.18056693934e-06 2.81872770935e-06 9.68717770487e-06 1.64110725166e-05 3.65638393598e-06 8.4739435204e-06 3.3093766912e-06 3.18005513533e-06 5.61665042501e-06 2.28991568652e-06 3.66008944539e-06 4.18669163706e-06 2.19808845567e-06 3.0474650602e-06 2.90326799279e-06 8.46926998005e-07 1.9836208808e-06 3.27975034218e-06 2.18218239514e-07 5.75564314214e-07 3.25016012217e-06 1.47861273234e-06 9.61825126181e-06 1.21505619652e-06 3.4216480814e-07 3.77974952546e-06 2.30089330775e-06 1.01631419849e-06 2.70922331677e-06 2.96864222626e-06 2.84006557246e-06 3.28737744363e-06 4.63966426627e-06 1.72680135279e-06 6.57110424947e-06 2.30128381857e-06 4.18417261683e-06 7.13689272294e-06 2.91945992917e-06 1.52544562151e-05 6.80436823659e-06 3.69685421791e-06 6.80617567277e-06 3.29005471092e-06 7.30284139366e-06 4.47667628454e-06 2.30929618069e-06 5.06388402208e-06 4.08492649827e-06 4.74797278183e-06 2.42672004396e-06 4.36955638471e-06 8.89603650498e-06 2.96790344774e-06 7.92570888711e-06 4.51421552448e-06 1.06380694738e-05 1.8136765181e-05 4.28094965793e-06 7.90050669778e-06 4.69463121868e-06 2.62173945259e-06 7.34289443742e-06 2.16017486524e-06 4.58523047818e-06 3.2394635e-06 2.77113726362e-06 2.94673299063e-06 2.51362946741e-06 8.85708457043e-07 1.74343365268e-06 3.02876404152e-06 1.70524899106e-07 7.0378350818e-07 4.68694958713e-06 6.97649097555e-06 3.96752664458e-07 4.9536926317e-06 2.18495682155e-06 9.98550648335e-07 2.87940104548e-06 2.98204095055e-06 3.85895784794e-06 4.11404734159e-06 3.51807492849e-06 2.36717328429e-06 4.43890959436e-06 3.38273822445e-06 3.41976710903e-06 9.39047381345e-06 2.38835301794e-06 1.53512328299e-05 6.35135809202e-06 3.11259469643e-06 8.93145082811e-06 3.0208115907e-06 4.43862713119e-06 7.05375369472e-06 1.3065094645e-06 6.24867787274e-06 2.82374503681e-06 2.93759528848e-06 6.46377338191e-06 1.41880082633e-06 7.11545182812e-06 5.09842390615e-06 2.83212101808e-06 1.06108085588e-05 3.99447480305e-06 9.84800974195e-06 1.82715018657e-05 3.82821186507e-06 1.04131601287e-05 4.2359889186e-06 3.99489931866e-06 4.90505563711e-06 3.01344148121e-06 3.42936668315e-06 4.1119703133e-06 3.79215400998e-06 2.8245090855e-06 2.54417169218e-06 7.89983536645e-07 1.8025254458e-06 3.84611046819e-06 1.19569158451e-07 2.74665429771e-06 3.05074799386e-06 5.33223668934e-06 2.99283509938e-06 1.96021260163e-06 2.69870597829e-06 2.38706189175e-06 3.34615115245e-06 3.92888193801e-06 3.48384341776e-06 1.92705612395e-06 6.5663907235e-06 2.3907965307e-06 3.67697422908e-06 7.83391957721e-06 3.20805529808e-06 1.34745210393e-05 6.18586851572e-06 3.44029671398e-06 8.03561537649e-06 3.90584681384e-06 3.82710804582e-06 4.98156409835e-06 2.1088566718e-06 3.50123011325e-06 3.8571653014e-06 2.81369292948e-06 4.01789273653e-06 3.68336910274e-06 2.16445141236e-06 4.74792909014e-06 4.95112491655e-06 3.62410657165e-06 9.08936166251e-06 3.85216296158e-06 9.65623738384e-06 1.48988725971e-05 4.79680517916e-06 8.15873238896e-06 4.24289773551e-06 2.63186408311e-06 7.25996996058e-06 2.28801691272e-06 3.42846928205e-06 3.77549784893e-06 2.95538275478e-06 2.05144156577e-06 2.3912726448e-06 1.41053082107e-06 2.12035981584e-06 3.60722816528e-06 1.10878374288e-06 3.70740556177e-05 3.20958237803e-06 2.8812578992e-06 3.38239793195e-06 2.86328714828e-06 3.84674103278e-06 5.5007455091e-06 4.44715552208e-06 2.55386791938e-06 6.83307448399e-06 5.05418036859e-06 3.75107142406e-06 1.18796388156e-05 3.44147955527e-06 1.98130260311e-05 7.46043784024e-06 3.7078233067e-06 1.14125938985e-05 4.16075989705e-06 8.07202978614e-06 5.97235829028e-06 2.18452031773e-06 8.51175516365e-06 3.14439313172e-06 5.10980978955e-06 5.40359109886e-06 3.18876603539e-06 8.77565516916e-06 2.47253647137e-06 6.13518130059e-06 9.56092469071e-06 4.18613184091e-06 1.32683874374e-05 4.75177452803e-06 1.10609135186e-05 2.3163693059e-05 5.0727783946e-06 1.30224675993e-05 4.51941493766e-06 5.78669273133e-06 6.67454562749e-06 3.12630182508e-06 4.21950791448e-06 5.29308875822e-06 3.43584683294e-06 2.24701898865e-06 3.06318780902e-06 2.14296024532e-06 2.23616864722e-06 1.26182463062e-05 2.42378797789e-05 1.32929034106e-06 4.03776281496e-06 3.92596067606e-06 3.77262754731e-06 4.4161715001e-06 3.92349077523e-06 3.33173308607e-06 7.11236977019e-06 3.93336800726e-06 5.25461585221e-06 9.15556475925e-06 4.34266757093e-06 1.85388468661e-05 9.53552865981e-06 3.46488558616e-06 9.2678236978e-06 4.52001881303e-06 6.10407476466e-06 7.8262682261e-06 1.65881789346e-06 5.81672525123e-06 5.17707920736e-06 3.15948242568e-06 6.60482101607e-06 3.61999934255e-06 5.08971719869e-06 5.79677903535e-06 1.84432437764e-06 7.55523974418e-06 7.01188144549e-06 4.33923119424e-06 1.09431107412e-05 4.24313383615e-06 1.37140188523e-05 2.02011050619e-05 5.86627651008e-06 9.33943444697e-06 5.67463600694e-06 3.9975344866e-06 7.08393883598e-06 3.55375571399e-06 4.05830236225e-06 4.0617661073e-06 2.98624586922e-06 3.06345231416e-06 3.73707265852e-06 8.21479207276e-07 7.26764702203e-06 1.69344594475e-05 1.20930262569e-05 8.10125838719e-06 5.93241744904e-06 4.44876307131e-06 2.87519749225e-06 4.33267154222e-06 9.7170120082e-06 5.03187524894e-06 4.94194677226e-06 1.51698657534e-05 3.65471566028e-06 2.33218570142e-05 9.79122000553e-06 3.87606499798e-06 8.94767128607e-06 4.18962143909e-06 7.44872844177e-06 7.41390463463e-06 2.83505529559e-06 5.80975215762e-06 3.85932237746e-06 5.90163757828e-06 4.08647489305e-06 4.51726968933e-06 6.11568497896e-06 3.89278416979e-06 6.08181438405e-06 3.21900264738e-06 7.34328006471e-06 8.8254171343e-06 4.05882645927e-06 1.06302831846e-05 5.42304735234e-06 1.41574554474e-05 2.81056168443e-05 5.41324151537e-06 1.67788239169e-05 5.41725135498e-06 5.58309096998e-06 9.41175478457e-06 4.75231983268e-06 3.15894459386e-06 3.8519515788e-06 4.89901105624e-06 5.77372880992e-06 5.97404899696e-06 4.18569707236e-06 3.51272558249e-05 9.00044484517e-06 5.8637362268e-06 4.6485542712e-06 3.0947511896e-06 3.05194256782e-06 7.79912220114e-06 4.47311175928e-06 4.78740408486e-06 1.00206694473e-05 5.20143677507e-06 1.86940779372e-05 9.99261644229e-06 3.93793474142e-06 9.42411264161e-06 3.25156929703e-06 5.83592824487e-06 7.06631474873e-06 1.92783090335e-06 6.87422368282e-06 2.88261736571e-06 3.77215986472e-06 5.73609442105e-06 2.5994934318e-06 6.10178507179e-06 4.06989647684e-06 2.9731134065e-06 6.84872975386e-06 1.9747076293e-06 6.45372612127e-06 7.0722903521e-06 3.12948136495e-06 1.11950706167e-05 4.76187593638e-06 1.41541814963e-05 1.9788816891e-05 6.86354827004e-06 1.04813365248e-05 5.18994382649e-06 4.80514293873e-06 7.57349857589e-06 2.63900296316e-06 3.31043484491e-06 4.32232073931e-06 3.97676559538e-06 3.94398886329e-06 1.18041768217e-05 4.76927568072e-05 1.89033593503e-05 2.04137528079e-05 1.29138190038e-05 8.29126297257e-06 1.20417498792e-05 6.9662339227e-06 7.33504785651e-06 1.5397188828e-05 6.2903739273e-06 3.15399312142e-05 1.164404404e-05 4.89382818081e-06 1.25844787367e-05 4.67468504455e-06 7.83528709639e-06 9.49222008025e-06 3.14586610402e-06 8.8337981508e-06 5.66472742611e-06 5.38810678096e-06 5.79402005944e-06 5.62647453824e-06 5.35443510279e-06 6.42689776104e-06 5.30129569181e-06 5.83804997074e-06 9.51756666428e-06 3.33140192526e-06 9.33724810344e-06 8.72579262467e-06 5.1366623473e-06 1.46065909763e-05 7.26170341287e-06 1.59960862537e-05 3.76020383521e-05 8.23124545743e-06 1.72783710473e-05 7.92190217895e-06 7.24580106654e-06 1.1006568349e-05 6.6439254415e-06 8.44102275908e-06 1.03504375302e-05 7.6615361171e-06 1.21569534412e-05 4.53052691129e-05 1.89774838893e-05 1.52094174403e-05 9.28648720986e-06 1.4254961657e-05 5.51898333563e-06 7.50219135099e-06 1.62908187541e-05 6.16632253056e-06 2.71792661508e-05 1.56802084071e-05 4.06557219183e-06 1.20480388606e-05 3.52710843893e-06 9.68248498454e-06 6.56814947585e-06 3.02421861055e-06 7.466153485e-06 4.78032987446e-06 6.08204171516e-06 4.4435845347e-06 3.44594396548e-06 7.79825833502e-06 3.39556003046e-06 5.02285192396e-06 6.22139041032e-06 4.85366667744e-06 7.50578670824e-06 3.1200895559e-06 6.10555027542e-06 1.08158229738e-05 4.00518096232e-06 1.36472887532e-05 5.0510282036e-06 2.02939706726e-05 2.8119082084e-05 8.05755514683e-06 1.62632261907e-05 7.81171534624e-06 4.91933790062e-06 1.09786971481e-05 6.37515187031e-06 9.02596986191e-06 9.20273776362e-06 1.03369237718e-05 7.43174098518e-05 1.83668311657e-05 1.41134204385e-05 2.1367317177e-05 9.21165404968e-06 8.40284802252e-06 2.00297229451e-05 9.31118116374e-06 3.47627345227e-05 1.66220025754e-05 5.92657473521e-06 1.13512121916e-05 3.88609185702e-06 8.97038243279e-06 8.94804187086e-06 2.77010676746e-06 8.07239574192e-06 4.99471582003e-06 5.98755527665e-06 6.7137709325e-06 3.24558815282e-06 5.93379993064e-06 6.0179661935e-06 3.21327165377e-06 7.00383282504e-06 6.25496901511e-06 4.52819208859e-06 8.49641410559e-06 2.42676733941e-06 9.45447979476e-06 9.67147321216e-06 4.28905034798e-06 1.20335074464e-05 8.91551713191e-06 2.07631655054e-05 3.6045293422e-05 1.0251099557e-05 1.82044968044e-05 7.89238229893e-06 7.11782046463e-06 1.44733803275e-05 8.49742883624e-06 8.88429849356e-06 2.35419201296e-05 8.00806448338e-05 2.13827445048e-05 3.26675716206e-05 1.44030274963e-05 1.45728474817e-05 2.27226472438e-05 1.21812550847e-05 4.50023116942e-05 2.27211795169e-05 6.35854264886e-06 2.20865140297e-05 3.70040648347e-06 1.30934683614e-05 9.84808161825e-06 4.62723503514e-06 9.55202637052e-06 6.86848957588e-06 7.49564051657e-06 9.82158355185e-06 4.32480458941e-06 1.03971382429e-05 4.28806694577e-06 1.02171137201e-05 4.23278850673e-06 9.72744778769e-06 6.91546874715e-06 6.33300859233e-06 9.38765801702e-06 4.46564540933e-06 9.59401634274e-06 1.38489035862e-05 4.24806369761e-06 2.23551774168e-05 7.74499012297e-06 2.52529621974e-05 4.65253263398e-05 1.2998183882e-05 1.97174430134e-05 1.12953686375e-05 1.07006333398e-05 2.00457930647e-05 1.01152107331e-05 2.3445665276e-05 7.82598238784e-05 4.92100595854e-05 2.29215935976e-05 1.97287031137e-05 3.0157688502e-05 1.35142756051e-05 5.16963811731e-05 3.09919075746e-05 8.01112456197e-06 2.14531060726e-05 7.31980558918e-06 1.19261281445e-05 1.32383465579e-05 4.21609465197e-06 1.33247387535e-05 6.48639177075e-06 8.38530561012e-06 1.02491641344e-05 5.61868952064e-06 1.16907022875e-05 5.8088786315e-06 6.19554538362e-06 1.10982714803e-05 5.45554689524e-06 9.56250257082e-06 7.90147192498e-06 6.03343720815e-06 1.21590653756e-05 4.12872335987e-06 1.1601825077e-05 1.18773184168e-05 6.41573383821e-06 2.00489533337e-05 8.2601398965e-06 3.21211933116e-05 5.20407943768e-05 1.24267103436e-05 2.51666710684e-05 1.4696048664e-05 1.38777099056e-05 2.35636496817e-05 2.05696205893e-05 0.000161964100818 2.93411786896e-05 2.69821776971e-05 3.70702836826e-05 1.66034745177e-05 5.07968959203e-05 3.32238117809e-05 9.19007311137e-06 2.27042526958e-05 5.82553645333e-06 1.77130921846e-05 1.05181389367e-05 5.35722322375e-06 1.15765596635e-05 7.76487944528e-06 5.93107206897e-06 9.86347324074e-06 5.03613861459e-06 1.10477826693e-05 6.47967905313e-06 7.16568584641e-06 6.6511117306e-06 1.03747720425e-05 5.01331650468e-06 9.02723629564e-06 5.81428093102e-06 6.75179560981e-06 1.00652327156e-05 4.45728429846e-06 8.76313037548e-06 1.65291055902e-05 5.11238047301e-06 1.9394989087e-05 9.76229902709e-06 3.24224963975e-05 4.7251408753e-05 1.41015258796e-05 2.72531482978e-05 1.66399382618e-05 1.29574069464e-05 4.35918283314e-05 0.000101378733138 3.81305730058e-05 5.3166208086e-05 2.40735021728e-05 6.34493505065e-05 3.85349345753e-05 1.1785933001e-05 3.24936403083e-05 8.0653291368e-06 1.86888451788e-05 1.71190645641e-05 4.23107086231e-06 1.63050966352e-05 7.31964505823e-06 1.07254954312e-05 8.81730841263e-06 6.53981602023e-06 1.14864493818e-05 7.25526292676e-06 8.21383517978e-06 8.14888412281e-06 7.04858239552e-06 1.08019440949e-05 5.964259534e-06 8.05814201591e-06 9.41763300884e-06 6.3748499156e-06 1.39401215791e-05 3.61566944279e-06 1.41674646708e-05 1.60465396842e-05 6.38630747766e-06 2.65732819693e-05 1.21287768508e-05 3.53802769447e-05 5.7591374553e-05 2.00805572967e-05 3.27574553835e-05 1.81204473675e-05 2.81111937018e-05 0.000195141612947 9.55468035791e-05 4.56493661593e-05 0.000101838906461 5.72237834934e-05 1.69660190246e-05 4.55414092276e-05 1.26176540631e-05 2.73190935943e-05 1.98820062925e-05 8.15827616246e-06 1.75038425835e-05 1.05224804577e-05 1.31686700159e-05 1.54175309828e-05 6.80734537541e-06 1.39271184948e-05 9.87788353935e-06 8.65886212022e-06 1.36026531843e-05 8.38637766779e-06 9.1102709208e-06 1.25258764577e-05 6.16689969288e-06 1.32945123872e-05 1.03730400713e-05 9.12357901961e-06 1.33249088248e-05 6.28352615868e-06 1.4846625773e-05 2.0988807704e-05 9.02864994521e-06 3.55949367271e-05 1.37272939835e-05 4.65532620762e-05 8.59012067865e-05 3.1492093e-05 4.53085974897e-05 4.86630970106e-05 0.000439597971712 7.54431870066e-05 0.00017152321665 9.69215418791e-05 2.63455177852e-05 5.12582907474e-05 1.73519074089e-05 4.12872028002e-05 2.56575919847e-05 9.14666466005e-06 3.16133426758e-05 1.23566503183e-05 1.87293121172e-05 1.92841204293e-05 1.2073184262e-05 1.70904973766e-05 1.33679310676e-05 1.16178590659e-05 1.6878278744e-05 1.55042221838e-05 1.18325598868e-05 1.11063715763e-05 1.57150571057e-05 9.59526900986e-06 1.5986205913e-05 1.36389956931e-05 9.63340130752e-06 2.17761044729e-05 6.44676331755e-06 1.80244803785e-05 2.78077388808e-05 1.11339974738e-05 3.62160177465e-05 1.67667057533e-05 6.9678348218e-05 0.000132755860757 4.43002792596e-05 0.000117958260723 0.000345486584434 0.000309317782584 0.000165745684793 4.27324436528e-05 8.53385454009e-05 2.20199391558e-05 5.93144035389e-05 3.41001586459e-05 1.38577517603e-05 3.34858196275e-05 2.41728673388e-05 1.88624579799e-05 2.55496825731e-05 1.36460760721e-05 2.63061190486e-05 1.40112776409e-05 1.3792931019e-05 1.89961751182e-05 1.67985257869e-05 1.77973824391e-05 1.28727281206e-05 1.14790782385e-05 2.16335255777e-05 9.9322337654e-06 1.8987034154e-05 1.26021798621e-05 1.60549741586e-05 2.0900128392e-05 8.45394826931e-06 2.09188214533e-05 3.25784109912e-05 1.13160238271e-05 4.41292415818e-05 2.2469870281e-05 0.000100196929511 0.000179872218596 0.000107035086307 0.00303369065593 0.000705514303917 0.000180460466304 0.000385907803914 8.47336834525e-05 0.000178803317058 0.000152280139805 4.93775954335e-05 0.000125809272944 6.75307165548e-05 8.17926906882e-05 6.99515141122e-05 4.56676630661e-05 7.52648715587e-05 5.28586163348e-05 3.79552433184e-05 5.37979124211e-05 4.7683491917e-05 4.58454508363e-05 4.58900702395e-05 3.09716697779e-05 3.73260135756e-05 5.04786507885e-05 2.66493144498e-05 3.87178768809e-05 4.18020896643e-05 3.00258122093e-05 5.63859694462e-05 1.92662998347e-05 5.92739846984e-05 5.96924514652e-05 2.99775249501e-05 0.000109235206877 6.05394201153e-05 0.000225708607054 0.000832252615783 



































