













6.49047366431e-07 1.75007998374e-07 4.45049411247e-07 3.91285102981e-07 4.78155225454e-07 5.01860758313e-07 4.85308940973e-07 4.71422257339e-07 2.30772476018e-07 5.11076692635e-07 3.01488428261e-07 1.85823170558e-06 1.45611108911e-07 3.28452511562e-07 3.6441832064e-07 9.31370428177e-07 8.88898053166e-07 3.96578938375e-07 3.3562011588e-07 1.71279803868e-07 1.27191502767e-06 3.78909101848e-07 3.55870353122e-07 2.51598791114e-07 6.44043564837e-07 3.88642591871e-07 2.59095194601e-07 2.16020190199e-07 2.90646353747e-07 2.18189511129e-07 3.00710022919e-07 2.47697393347e-07 1.77310980924e-07 4.98856151192e-07 2.26826482627e-07 3.78281489912e-07 4.61746107708e-07 7.28746914733e-07 2.51895927505e-07 1.61348833948e-06 1.43830756742e-07 1.59592634059e-06 1.53139793401e-07 6.14730990061e-07 1.61456465825e-07 1.56436462482e-06 1.5501995937e-07 1.13275196405e-06 1.41978964355e-07 7.23703201061e-07 5.71683272054e-07 3.56556064601e-07 3.84967564349e-07 3.55332580175e-07 5.59057078379e-07 1.68462962776e-06 5.45087615122e-07 1.02092653271e-06 2.49546748291e-07 1.50921213415e-07 3.53503068123e-07 8.93921779059e-07 5.19225976533e-07 1.19539825334e-06 2.90491969252e-07 4.55446245202e-07 4.30965676382e-07 3.64247511122e-07 1.15302910793e-06 8.76976749691e-07 6.15193020714e-07 1.33415174261e-06 1.22104973467e-06 5.11116843404e-06 3.30399541291e-07 7.87158222579e-07 1.06553863736e-06 4.08876064949e-07 8.03202748596e-07 7.1045846796e-07 3.87518849319e-07 3.449127689e-06 9.57629912632e-07 1.40556620008e-06 6.28511411356e-07 9.26678781517e-07 1.29696346274e-06 6.59910370382e-07 4.22289873582e-07 1.88328623141e-07 4.03958200483e-07 8.18568974737e-07 8.98616133024e-07 1.76830160936e-06 8.98540260228e-07 1.55507757151e-07 3.01595024829e-07 1.30702854585e-06 3.04972940482e-07 1.94900837247e-07 2.93906001261e-07 1.24011802492e-06 5.57803217039e-07 7.89772625645e-07 3.85707273545e-07 1.68503283166e-07 4.53420170262e-07 6.71117113902e-07 7.38485471296e-07 6.98438568139e-07 6.09134395883e-07 4.35498173617e-07 1.12248871174e-06 1.94051461223e-06 5.55050371351e-07 2.78065627041e-06 5.3107054104e-07 1.69859755277e-07 1.17884019078e-06 1.08685628618e-06 1.8312225674e-07 4.42328214109e-07 2.24586183954e-06 3.14959535838e-07 1.58344711395e-06 9.88231935537e-07 3.72006861764e-07 7.03185866367e-07 7.16022191365e-07 8.16214717973e-07 1.7481993668e-07 3.20212959782e-07 1.26130756702e-08 3.04485824195e-07 3.3138355038e-07 6.94728661973e-07 1.61273360443e-07 6.36143942447e-07 4.36813955656e-07 4.1038463649e-07 3.41411177927e-07 2.00780253651e-07 5.15725231269e-07 1.89316592912e-07 6.34419867479e-07 3.08622221932e-07 3.19166838081e-07 8.18862641432e-09 3.01012090162e-07 1.62623526647e-07 7.63929879116e-07 3.74511692425e-07 3.72394047279e-09 2.69253575707e-07 3.13174571298e-07 7.15653311497e-07 6.31223793738e-07 6.51731219763e-07 3.28043178688e-07 1.54659749995e-06 1.51959616676e-06 2.05150508719e-07 3.18939731795e-07 1.05696950491e-06 1.16076467617e-06 1.8680448325e-07 2.20110401804e-07 6.83122328239e-07 6.35172325168e-07 3.48939353638e-07 2.80033783588e-07 1.97084488018e-08 4.45451111393e-07 7.92207557876e-07 1.126569916e-06 1.49957028154e-06 7.05041611109e-07 8.19001367882e-07 1.911119583e-06 2.92102305856e-06 1.32122516925e-06 1.60662009793e-06 5.1098598961e-07 7.5152531342e-07 5.68273148567e-06 1.86517194735e-06 2.01607299622e-07 1.24062655628e-06 4.51217063464e-06 4.62656657831e-07 4.51658872463e-07 1.49160904277e-06 1.16797450632e-06 2.72700896818e-06 1.96404474188e-06 8.3516615042e-07 8.21924817869e-07 1.51793337061e-06 1.17345512815e-06 9.90661907431e-07 7.23115884244e-07 1.56300198172e-07 5.93064741246e-07 4.66422156364e-07 4.92355667825e-07 4.83013892648e-07 6.12995630174e-07 1.79270204654e-07 3.79271502182e-07 9.56301474437e-07 1.54142501816e-06 1.77657331109e-07 1.51463941906e-07 1.24129702193e-06 6.57368021435e-07 3.65443137247e-07 1.75081748051e-07 6.59594946989e-07 4.44527436132e-07 4.81920617225e-07 5.02440908137e-07 6.05675739095e-07 1.57184245666e-07 7.73268909519e-07 1.02539051314e-06 1.48428145653e-07 1.31628117537e-08 2.66418207253e-07 3.40295589912e-07 6.95873034392e-07 2.76920156338e-07 2.89872500068e-07 3.71816510389e-07 5.61508127461e-07 7.40828787845e-07 6.34292532176e-07 6.73635239089e-07 4.96674453634e-07 2.4324970274e-07 3.0167421162e-07 2.92079960007e-07 6.9337730287e-07 3.1219021674e-07 2.42371194214e-07 1.64341439036e-08 1.66588536929e-07 1.95636354492e-06 1.52365521737e-06 5.28749595162e-07 9.55031513642e-07 1.37945241683e-06 1.87001684474e-06 9.0145437166e-07 1.78711410018e-06 6.9124882526e-07 9.4876461494e-07 2.85508933865e-06 1.08404442481e-06 3.59667613213e-07 4.56881342082e-06 4.60104714666e-06 1.73301626855e-07 9.4828687152e-07 2.91637852535e-06 8.97256047427e-07 5.47671752093e-07 1.95512420551e-06 8.29183182288e-07 1.94059972579e-06 1.4679251974e-06 8.42999075954e-07 6.58392525625e-07 1.51604261289e-06 1.95992953925e-06 9.39297298571e-07 4.34795104426e-07 1.33393599485e-06 6.40734618174e-07 1.59151786351e-06 1.73052111083e-06 4.34163550732e-07 5.07004653602e-07 7.38987847259e-07 2.21361322463e-06 9.50144692076e-07 2.4227680307e-07 7.51957656064e-07 5.93156653248e-06 7.51957656064e-07 2.4227680307e-07 9.50144692076e-07 2.21361322463e-06 7.38987847259e-07 5.07004653602e-07 4.34163550732e-07 1.73052111083e-06 1.59151786351e-06 6.40734618174e-07 1.33393599485e-06 4.34795104426e-07 9.39297298571e-07 3.95700059086e-07 5.88827849983e-07 2.69711369439e-08 3.54863199857e-07 5.4383172523e-07 1.16972385531e-06 5.58014202267e-07 6.37982242394e-07 1.54575668161e-07 4.91957456323e-07 6.35529362134e-07 6.5638909569e-07 1.84518487362e-07 6.36552415139e-07 1.4967559592e-06 1.30380481827e-06 1.0783142593e-06 1.53106792963e-07 6.72456653302e-07 7.59511476482e-07 3.85077297489e-07 2.01121124679e-07 6.56375006789e-07 5.5067836849e-07 1.12939630017e-06 5.98160139294e-07 3.70196380349e-07 8.11356280362e-09 6.18163184481e-07 3.87313344389e-07 1.69598211843e-06 1.12780489417e-06 2.38134401501e-07 1.00112892143e-06 1.37712356317e-06 1.42558909072e-06 8.08805761453e-07 9.87507139611e-07 6.83717290725e-07 8.34502900242e-07 2.36173231991e-06 7.7759775894e-07 4.56635258965e-07 1.91720157584e-06 3.0709390548e-06 3.30483077869e-06 2.40553345929e-06 5.15591839144e-07 8.20292894243e-07 2.58477545955e-06 5.94572652544e-07 5.9454276929e-07 1.19200099144e-06 7.08457771155e-07 1.46955223477e-06 1.42695916525e-06 8.44947486608e-07 2.54478927104e-07 1.10727678264e-06 1.67076055334e-06 8.65195224208e-07 1.85940283776e-07 1.10124609329e-07 2.31522489968e-07 5.36730357521e-07 1.59717604417e-06 1.01882589487e-06 6.55700125466e-07 4.72361372181e-07 1.43278570249e-06 8.80768374076e-07 6.39388418318e-07 2.9134525858e-07 1.71569318354e-06 3.0222262247e-06 5.28764480537e-07 5.95466196004e-07 3.92916710292e-06 2.00529884666e-06 2.42927854188e-07 6.65536629211e-07 1.1043640994e-06 1.39353582971e-06 4.37394240613e-07 7.63146556695e-07 1.05146856161e-06 1.61154286816e-06 5.25215970326e-07 2.34080170615e-07 9.79661741923e-08 1.455275162e-07 8.49075208428e-07 1.67668601423e-06 9.14862409993e-07 3.25976424382e-08 1.36805104577e-06 1.07062837749e-06 2.4845645081e-06 7.81898445604e-07 8.02613154284e-07 4.72050062835e-07 6.70217430044e-07 2.46652742452e-06 4.50756929461e-07 5.81511004914e-07 8.94397536415e-07 3.09184412424e-06 7.26050267095e-07 5.63336000693e-07 1.21760487929e-06 4.27129385229e-06 1.98175545763e-06 5.81125068498e-07 3.96912481956e-07 2.76052535651e-06 6.88714396231e-07 5.83861775891e-07 8.09299056125e-07 7.26246528501e-07 2.3765984713e-06 1.07725068432e-06 1.37370101333e-06 3.95365706045e-08 8.81745510946e-07 1.66122534111e-06 1.64308808497e-06 9.28515297545e-07 1.74866714068e-07 9.60171323322e-07 5.43085332242e-07 1.35258818622e-06 1.54039748461e-06 1.04377898255e-06 6.82953050094e-07 9.61242966695e-07 1.71210440826e-06 1.11838522367e-06 5.15992255902e-07 1.97397563956e-06 3.54567285147e-06 7.01948769835e-07 1.41302497701e-06 1.67736927732e-06 9.56907024013e-07 4.22950031928e-06 3.3116335661e-06 4.35570226411e-07 1.3671048379e-06 2.32260710765e-06 8.27121640812e-07 6.88655908506e-07 1.16840082181e-06 1.41074127068e-06 1.42755815846e-06 5.655499116e-07 7.93121449608e-07 2.17295161015e-07 8.62148647381e-07 1.60877908509e-06 1.18370538547e-06 9.40289605613e-07 2.50490858566e-07 4.21224314614e-07 8.46801537868e-07 2.81491276169e-06 1.63605844556e-06 1.03771350359e-06 2.95660018268e-07 1.19149019902e-06 1.55597300474e-06 4.88476329211e-07 8.73780750095e-07 5.3766207576e-07 3.12916554526e-06 5.37071933582e-07 1.35061810814e-06 1.42541174983e-06 1.36649254416e-06 6.76853138136e-07 3.97716786466e-06 1.2920497043e-06 8.82131878626e-07 4.92130004339e-07 1.93206179058e-06 1.15795381329e-06 2.84134493863e-07 1.12247956195e-06 1.59543425305e-06 2.8153705318e-06 9.22354975592e-07 4.61539433209e-07 2.24422344947e-07 8.95085197365e-07 1.14288987666e-06 1.16032565721e-06 9.29061256587e-07 3.26781593323e-07 9.63172316912e-07 6.78979875974e-07 6.88500954271e-07 2.74867343405e-07 1.6073403377e-06 5.3979992197e-07 3.88215807757e-07 2.304184422e-06 5.65104208136e-07 3.6829140489e-07 2.10758546405e-06 2.34952255464e-06 3.77316071009e-07 1.31054503886e-06 1.22604782916e-06 1.0307061477e-06 1.81711689664e-06 5.35654293077e-07 2.65880077386e-06 3.52205582887e-06 4.1258871183e-07 5.61737925991e-07 2.67916978952e-06 5.05399963961e-07 4.86683595613e-07 1.75239133484e-06 2.86244330808e-07 6.98455247229e-07 6.5666281036e-07 8.73667999649e-07 3.73970755002e-07 8.6082172482e-07 1.11315057029e-06 1.51923273936e-06 1.10059363375e-06 4.64663168045e-07 1.04082809341e-06 6.23242975241e-07 4.15626181099e-06 2.05073374296e-06 1.05190432142e-06 1.11087460218e-06 1.48168265669e-06 2.20412606448e-06 1.26183897219e-06 6.69157610169e-07 1.80219471436e-06 6.3217162459e-06 6.16904218511e-07 1.9072655707e-06 2.03067185523e-06 2.22054564616e-06 2.06585716542e-06 2.194955365e-06 7.99256202176e-07 8.64891259147e-06 2.32773798359e-06 6.93100560937e-07 1.77607851833e-06 2.54135680745e-06 1.54517238551e-06 1.16936441305e-06 1.13649251682e-06 2.06479138063e-06 4.13768046718e-06 6.45910883995e-07 9.06770842366e-07 4.63256945164e-07 1.06017334703e-06 1.47162610995e-06 6.76256619161e-07 9.31259077829e-07 2.68250292051e-07 7.1952047498e-07 6.78779572701e-07 1.34792787747e-06 4.15113882483e-07 1.31710984679e-06 5.19549240367e-07 1.10986035579e-06 1.72452546395e-06 6.14568122105e-07 5.09808836421e-07 9.28831830448e-07 2.48039260674e-06 1.12337613916e-06 3.22309989571e-07 1.04482767549e-06 1.10491799386e-06 1.17119030576e-06 1.08757738519e-06 3.97564654951e-07 2.02237389947e-06 3.16282357633e-06 1.77995155019e-06 4.24727565427e-07 5.68902983183e-07 2.18401492956e-06 1.08518305254e-06 5.50463919809e-07 1.39691938616e-06 4.24424560945e-07 1.26355293074e-06 6.70582039034e-07 7.0126500345e-07 1.91865054904e-07 8.16129359383e-07 6.53302435991e-07 6.87268774041e-07 8.58086623025e-07 2.07741533719e-07 6.99196313008e-07 7.97889322371e-07 7.31086751969e-07 1.19467837165e-06 6.98128127771e-07 6.80523498734e-07 4.2034367696e-07 2.56856479552e-06 7.68937066518e-07 2.33176107101e-07 2.20983959141e-06 3.15050245565e-06 3.7814138444e-07 1.71318047012e-06 1.0254841626e-06 1.40467017624e-06 1.67535873853e-06 1.36915644072e-06 1.06201811143e-06 2.26038185039e-06 5.72804521852e-07 3.96437599119e-06 3.72208357653e-06 2.62641371015e-07 7.72684950051e-07 3.16705193557e-06 4.22915896819e-07 6.41750440109e-07 6.48242368424e-07 1.19423582305e-06 8.28771954761e-07 7.35764698058e-07 5.00768915916e-07 1.78180613853e-07 7.54983100546e-07 6.69717115073e-07 1.74249317142e-07 1.32787248714e-06 7.02085879937e-07 8.78161954751e-07 7.93050756829e-07 3.92724160525e-06 1.40013578391e-06 2.83571467265e-06 3.16881152593e-07 2.17128096699e-06 1.84689000905e-06 1.66546203309e-06 9.37294386323e-07 1.42118728179e-06 5.20266832618e-06 8.29134494555e-07 1.432159243e-06 3.01937878486e-06 1.63289817405e-06 2.33453759584e-06 2.30478889837e-06 1.53252390967e-06 3.17556206547e-06 1.93896692042e-06 1.26487968075e-06 7.00192215123e-06 2.20013608317e-06 9.52081354903e-07 2.08402488895e-06 2.25340945751e-06 2.23768140134e-06 4.01032111119e-07 3.10132201526e-06 1.32641721712e-06 3.83402981822e-06 8.37618481009e-07 7.44913376165e-07 5.74252535273e-07 1.18424358972e-06 1.68479952057e-07 5.84308903158e-07 4.35573266699e-07 9.21526584369e-07 4.43454008946e-07 1.05467395946e-06 3.3443654996e-07 9.20568882246e-07 4.80896898919e-07 3.87047884651e-07 1.99267803235e-06 7.20144005229e-09 7.99974605567e-07 9.41697602433e-07 2.31707613661e-06 4.77934049676e-07 6.95765287438e-07 9.68993968008e-07 2.16402327249e-06 3.90782170183e-07 1.33407670343e-06 6.421900156e-07 2.3431974867e-06 1.0103101654e-06 1.0221169556e-06 7.68469672059e-07 2.74126702494e-06 1.96728865453e-06 7.38897251205e-07 7.96355523162e-08 2.35260943782e-06 3.94558070033e-07 5.21691425225e-07 9.50868936104e-07 4.1886799504e-07 1.00062862591e-06 4.49546917157e-07 8.1675033552e-07 3.81190905633e-07 5.10229757835e-07 1.38930626393e-06 5.3356964701e-07 6.53731286562e-07 7.70418148383e-07 2.43699525414e-06 1.69137113144e-06 8.76527919875e-07 5.52000448646e-07 1.58947989269e-06 1.39811150258e-06 1.12646054777e-06 6.58425435886e-07 3.3628078075e-06 4.9878525547e-06 5.4567745905e-07 2.76466264463e-06 1.73027139515e-06 1.52020421294e-06 3.7283359149e-06 1.45362488632e-06 1.43464700052e-06 3.84865606271e-06 1.64652416468e-06 1.884961747e-06 3.74420189515e-06 1.04613196473e-06 6.18717834006e-06 5.41850767187e-06 6.98440463216e-07 1.66374026313e-06 1.73004468913e-06 1.86211316014e-06 6.13382027211e-07 1.13431645569e-06 1.70815035391e-06 2.42621883997e-06 7.52846330118e-07 5.13298978049e-07 4.69864112877e-07 1.14818307611e-06 1.48155808233e-06 9.01877948816e-07 1.09801248788e-06 1.23296183673e-06 3.75922192902e-06 1.16464834734e-06 2.72546088232e-06 5.1407037354e-07 1.80840495815e-06 4.42278583715e-06 4.1063440755e-07 1.36203213313e-06 1.74642370221e-06 6.2915071381e-06 1.0636227319e-06 1.13486732755e-06 2.49833631406e-06 1.82548240534e-06 1.58088593487e-06 3.6266097874e-06 7.50236151124e-07 4.08248407709e-06 1.75940861492e-06 2.24326611934e-06 3.28622366821e-06 1.52444616921e-06 1.69186086353e-06 8.3733364412e-06 2.72461925147e-06 1.22063281665e-06 5.10772270977e-07 5.20956822129e-06 1.84147166634e-06 5.12607382186e-07 2.96837796797e-06 1.28788549145e-06 3.67889636435e-06 1.18934432736e-06 9.14562231384e-07 8.26255213703e-07 1.27985260065e-06 4.31628380755e-07 4.86772691776e-07 5.12233933079e-07 3.05390290942e-07 1.39608753754e-06 4.47641085533e-07 8.25555941468e-07 6.05563777418e-07 4.29361613039e-07 1.15218610324e-06 6.0460526432e-07 2.22809174396e-07 1.5879158031e-06 2.64876193459e-06 8.25874448535e-07 6.00595305581e-07 2.98414273846e-07 1.47411935714e-06 7.79273137718e-07 1.04157356052e-06 5.84344040653e-07 5.517478296e-07 1.07076766443e-06 8.4461987562e-07 1.5559738162e-06 4.24711177228e-07 8.69765101543e-07 1.36692802268e-06 3.45173471974e-06 3.03759175319e-06 1.60391405633e-07 6.5910683008e-07 1.53227086759e-06 5.22994181378e-07 6.1254572342e-07 7.9773315483e-07 4.0585580531e-07 1.26595188664e-06 2.90281723682e-07 4.13474782921e-07 4.65120104494e-07 3.45263791868e-07 2.10306395381e-06 9.31031952818e-07 1.59563713228e-06 1.3257421041e-06 5.18174532169e-06 1.91834807117e-06 2.94602356407e-06 7.73050313351e-07 3.24912562288e-06 1.90278537236e-06 1.59174887379e-06 1.4663270864e-06 1.87823322308e-06 8.25137057984e-06 7.16577607801e-07 3.47494847749e-06 2.28332594244e-06 1.45513067982e-06 4.63965212779e-06 2.19070694295e-06 1.30019495191e-06 5.78518545512e-06 1.57864070521e-06 2.29956409397e-06 5.03177865937e-06 1.62407553446e-06 3.13108184364e-06 5.07256673909e-06 1.0100453041e-06 1.10341680232e-05 3.39640132488e-06 1.42372274498e-06 2.2336354807e-06 2.49640472969e-06 3.34571943476e-06 7.77655662789e-07 3.13749264816e-06 1.94188978072e-06 4.70400534631e-06 1.20593518275e-06 1.28422613132e-06 7.70473153153e-07 1.73171312485e-06 7.43288064786e-07 3.13431355971e-07 4.30036195183e-07 6.53495154707e-07 1.36318548344e-06 4.53393233751e-07 1.00368968169e-06 3.33276519765e-07 7.79786466792e-07 1.88112695212e-06 2.15003051965e-07 4.99526570811e-07 1.67787467953e-06 2.28004986449e-06 8.21753406598e-07 5.33243427082e-07 8.80998238387e-07 7.61210626382e-07 6.54076176662e-07 1.28887896279e-06 1.59418764725e-07 1.18018057582e-06 1.22123694273e-06 1.23945138492e-07 1.48441395144e-06 6.70831341268e-07 9.67046370804e-07 1.05681944272e-06 6.62868637049e-07 1.43142268316e-06 2.80723089411e-06 2.998946568e-06 4.58035601018e-07 4.9081169197e-07 2.42754792516e-06 6.94065117959e-07 3.45643236954e-07 1.07434121927e-06 5.23704562533e-07 1.31198146635e-06 5.88743365031e-07 3.63062967235e-07 2.28766586314e-07 5.94622156785e-07 2.41268588357e-06 9.65716187795e-07 1.23435527357e-06 1.156181792e-06 3.07425486025e-06 1.49699251791e-06 1.83116832635e-06 1.01441518897e-06 2.51102504151e-06 3.44218175366e-06 2.0245255132e-06 6.70117929824e-07 3.64556543619e-06 7.5718785214e-06 6.23326493795e-07 3.39751844494e-06 1.21665127571e-06 3.20129962125e-06 3.04983647165e-06 1.24597903667e-06 2.00732586143e-06 3.05678460956e-06 1.5682852783e-06 3.20217183814e-06 2.00075918072e-06 1.55406485003e-06 3.52588999124e-06 3.3996926133e-06 1.45039842368e-06 4.89673410487e-06 8.78592511766e-07 1.00150766283e-05 6.85729178231e-06 5.563730826e-07 2.36927641638e-06 3.99098779072e-06 2.57281138209e-06 9.68588607156e-07 1.94943152003e-06 1.52430092037e-06 2.86801227936e-06 9.61849790007e-07 9.43144084512e-07 8.13959731978e-07 1.95415012339e-06 1.75956122527e-06 9.00530298575e-07 9.56423854206e-07 1.25697736774e-06 3.51648472537e-06 6.95014075419e-07 2.76571377872e-06 6.00621710129e-07 2.61088002321e-06 3.71712416132e-06 8.65798411346e-07 1.29909313177e-06 1.39224843893e-06 6.47015028859e-06 1.40119076443e-06 1.375621719e-06 2.44475902244e-06 8.60668666182e-07 3.3699784849e-06 2.25949837958e-06 9.96329331249e-07 4.55547552439e-06 1.01085731828e-06 9.82530651294e-07 4.72841076885e-06 1.10658979857e-06 2.5297962975e-06 3.92697279268e-06 1.0719250776e-06 3.33698052323e-06 1.88761978136e-06 2.07693271736e-06 8.52355252254e-06 2.48124275769e-06 1.36561931243e-06 1.1200471271e-06 4.8898311037e-06 2.77813583518e-06 6.93530645162e-07 2.70994792637e-06 8.71720337145e-07 3.30470083191e-06 1.04794094772e-06 7.96082668498e-07 6.51279042901e-07 1.39171483707e-06 2.94495937101e-07 3.54131851942e-07 2.58616136761e-07 3.58621534201e-07 1.24264612649e-06 7.57257930042e-08 1.10023092306e-06 2.87773384015e-07 5.5518704323e-07 1.72273140688e-06 3.8723553342e-07 6.42198010397e-07 1.51407678844e-06 2.24287889092e-06 6.17331617552e-07 1.33592309593e-06 3.39077235625e-07 1.36907799925e-06 7.10201654256e-07 9.40431360872e-07 4.39597924719e-07 7.30806854856e-07 1.00998658205e-06 4.95773137911e-07 1.17178719913e-06 8.09059770886e-07 4.65205520214e-07 1.01227322699e-06 7.87663481961e-07 1.58737141883e-06 5.33805595995e-07 1.80276615586e-06 1.12043992538e-06 2.60854566709e-06 2.62870529207e-06 6.55611996612e-07 6.1670645216e-07 1.98940269403e-06 6.26176236153e-07 3.59751945809e-07 1.17706346834e-06 1.08748578916e-07 1.13984471712e-06 2.28503724667e-07 1.70124650379e-07 2.69029122825e-07 2.36208643187e-07 1.14746467132e-06 9.72936467245e-07 1.15943156011e-06 1.09533652173e-06 3.47557428648e-06 1.15552303118e-06 2.27179702081e-06 3.99289660579e-07 3.10676159083e-06 2.9222983375e-06 1.69142618988e-06 1.61439050797e-06 3.33442861428e-06 8.94475065116e-06 5.25220658484e-07 3.99932625624e-06 3.56152349122e-06 1.39364477667e-06 6.25948050877e-06 1.55412721387e-06 2.50294272289e-06 5.01164711626e-06 1.0655821264e-06 3.34988653366e-06 3.44898969022e-06 9.99848363712e-07 5.35892807829e-06 2.72081727338e-06 1.86395437691e-06 6.88586920517e-06 1.86801434623e-06 4.49718902862e-06 5.29640057084e-06 8.16392295957e-07 1.17928381996e-05 5.81845939207e-06 1.65516562187e-06 2.48884393522e-06 4.02497753596e-06 3.23828348883e-06 5.00151239435e-07 2.0659360809e-06 1.36156697718e-06 3.04422880812e-06 9.66072836547e-07 9.22181057725e-07 6.39509713815e-07 8.99196775867e-07 2.27090679017e-07 4.44441583516e-07 1.1347320402e-06 5.39373130024e-07 1.92791558238e-06 4.21287408177e-07 2.530045614e-06 2.88011840286e-07 8.35043923506e-07 3.31537362423e-06 3.30763901107e-07 8.77305375289e-07 2.64265875063e-06 5.27723175074e-06 1.41897528421e-06 9.59237602895e-07 1.94019527839e-06 2.61696482918e-06 1.2311075377e-06 2.49538781574e-06 5.42615585945e-07 2.72985693526e-06 1.698328614e-06 5.89797339635e-07 2.94415271335e-06 6.02880928937e-07 1.73224463747e-06 2.91125087961e-06 3.88791353472e-07 2.93936361828e-06 1.19903165179e-06 2.76027951563e-06 2.34993464366e-06 1.39996009518e-06 2.63386166224e-06 6.81086334385e-06 4.26734555625e-06 9.51658643038e-07 6.50135229303e-07 4.15745633834e-06 9.82424197124e-07 3.50384949661e-07 2.43392616953e-06 5.1469250713e-07 1.48513531123e-06 4.21948346555e-07 7.92914177729e-07 3.14130410643e-07 1.87967329614e-07 2.15954747325e-07 5.53579248698e-07 1.03021000119e-06 1.09377233551e-06 2.67375406684e-06 7.56035009063e-07 2.79856759935e-06 4.87108179775e-07 1.36986972238e-06 3.34064548782e-06 1.46269071674e-06 9.56820684169e-07 4.39548740502e-06 6.98825336542e-06 9.78073531273e-07 2.92975674001e-06 7.07988526254e-07 2.54809569013e-06 3.46216116004e-06 7.60681141013e-07 2.31949935298e-06 1.23850893944e-06 1.59676777143e-06 1.61672258599e-06 1.26311194066e-06 1.34497398661e-06 1.83331263602e-06 1.54977983659e-06 1.27681733063e-06 2.60251026509e-06 9.65994638075e-07 3.63974046277e-06 3.25078983056e-06 1.11143529174e-06 4.05327207682e-06 1.46984781036e-06 8.87097123605e-06 7.23945283245e-06 9.48235849937e-07 2.09701197531e-06 3.61472131637e-06 1.43935157715e-06 4.20041520469e-07 2.6893007371e-06 7.45746400049e-07 2.19214481875e-06 9.3615775238e-07 7.74170498462e-07 3.51168119016e-07 1.71761399383e-07 7.07793275209e-07 1.96352861954e-06 1.27203500513e-06 4.22466375914e-06 1.26707091496e-06 3.14896336751e-06 8.89319988005e-07 2.25278667958e-06 3.74610844297e-06 7.85678065507e-07 2.14371273042e-06 3.35287996777e-06 8.91600052695e-06 1.6267014329e-06 2.37094357059e-06 2.72286758323e-06 1.12182674616e-06 4.38309679277e-06 3.05209688445e-06 1.10103127288e-06 5.5738688008e-06 8.42832422031e-07 2.02339406325e-06 3.96773456523e-06 6.21787913155e-07 4.06534973459e-06 2.18213567484e-06 8.48832743918e-07 6.06299548814e-06 1.0308597653e-06 3.85826767996e-06 5.07824762093e-06 1.21874000528e-06 3.79391869735e-06 3.61455769598e-06 2.3833982402e-06 1.14859916047e-05 5.84167536656e-06 2.08641215255e-06 1.32457446943e-06 4.35348190604e-06 2.42818260365e-06 8.92437731457e-07 2.91955440502e-06 1.24257247115e-06 3.42163269498e-06 9.25807540571e-07 1.38656143504e-06 4.85895505195e-07 6.20430402255e-07 9.62550279471e-07 9.09370681149e-07 2.0731189212e-06 6.59666582125e-07 1.95847995815e-06 5.39033286129e-07 5.61384465803e-07 4.0670562503e-06 1.0217938889e-07 1.23718393057e-06 3.12125790265e-06 5.18590785213e-06 1.28619020614e-06 1.54109372455e-06 1.28633646861e-06 1.61833474316e-06 1.26672953114e-06 1.38493792933e-06 1.43412575546e-06 1.05295877636e-06 1.9244838731e-06 5.44019822723e-07 2.10149651789e-06 7.76932999824e-07 8.53448171296e-07 2.09820103574e-06 4.94350402262e-07 2.02566385958e-06 1.22301790392e-06 1.32702272358e-06 1.54283868535e-06 1.54324017128e-06 1.88931730192e-06 1.68565939702e-06 2.07985204884e-06 2.15786896e-06 6.33473723663e-06 5.75649103353e-06 1.27286348839e-06 3.29760609571e-07 4.33721596424e-06 6.71304229986e-07 4.54275207808e-07 1.81389451875e-06 6.19572527016e-07 1.68001823561e-06 6.99543274601e-07 6.53322862516e-07 4.1891231424e-07 1.44361876952e-06 2.34634560083e-06 2.43584292715e-06 4.44748509128e-06 1.75442041038e-06 3.22042648563e-06 1.33017746824e-06 2.08386473261e-06 5.77252705004e-06 2.17387410957e-06 1.78038636289e-06 5.16054876215e-06 1.11054689058e-05 1.31499851525e-06 5.35125398355e-06 2.30003795622e-06 1.82159607394e-06 7.04785367405e-06 9.81705985878e-07 3.38750294542e-06 5.21804383215e-06 9.5622204664e-07 4.13472753295e-06 1.54876701635e-06 1.86596500125e-06 4.89097274248e-06 1.84516358002e-06 1.66893056728e-06 4.49205970218e-06 1.03514393668e-06 5.98455605328e-06 3.48077766112e-06 1.11904258208e-06 7.53180953541e-06 2.15685944336e-06 3.26596163319e-06 6.74491562426e-06 1.95050416837e-06 1.46082519639e-05 8.07446185807e-06 1.90333291079e-06 3.11244142201e-06 6.46476221575e-06 2.37135522811e-06 1.31593660517e-06 2.95238605499e-06 1.89234176899e-06 3.46756486473e-06 1.49026617335e-06 1.54166472874e-06 1.03745985599e-06 4.61198111429e-07 1.72627241828e-06 1.93484080637e-06 2.66168024686e-06 9.54666911865e-07 3.38242513921e-06 7.59630137585e-07 1.31229134423e-06 4.80421189942e-06 1.00919667894e-06 2.01393186867e-06 2.92200112853e-06 7.59787798775e-06 1.95981547999e-06 1.86103023621e-06 1.468528624e-06 2.28318691495e-06 2.21716231129e-06 1.74037578033e-06 6.95964021699e-07 1.7855287107e-06 2.01371337122e-06 4.81109583455e-07 2.85473419517e-06 4.88442940167e-07 2.27185678323e-06 2.1814188466e-06 3.93714955324e-07 3.19737450975e-06 5.11120866742e-07 1.97497797292e-06 2.31995203257e-06 5.44562226778e-07 2.47858567576e-06 2.56439793767e-06 2.44088483464e-06 2.19996839417e-06 2.44723887421e-06 3.1475218789e-06 9.22660578828e-06 5.57717963124e-06 2.07101706046e-06 1.26187459255e-06 4.86597289619e-06 1.25209750228e-06 5.6797802197e-07 3.09967128695e-06 9.44362682365e-07 2.13181236544e-06 1.29422205897e-06 1.06367323947e-06 3.3894631927e-07 1.71614772883e-07 1.32075182972e-06 1.03591974921e-06 4.34887876977e-06 1.36561064256e-06 2.07180151173e-06 1.08155742228e-06 1.17061497323e-06 4.32661955009e-06 1.08367281276e-06 1.35232848269e-06 4.90586338293e-06 7.83861803914e-06 1.30852442065e-06 5.03253102856e-06 9.45677071118e-07 2.34986699852e-06 3.53646476018e-06 9.69346542286e-07 3.59863186602e-06 6.52332667751e-07 1.70912502948e-06 2.63384821414e-06 1.23491195889e-06 2.08080152949e-06 1.27328159312e-06 2.95334055699e-06 1.42922730915e-06 1.91803579928e-06 1.42156248102e-06 3.01191683979e-06 1.67495011704e-06 8.64706628099e-07 3.33495805671e-06 1.51405139716e-06 3.94973299441e-06 2.55545022819e-06 1.66492018395e-06 6.0843482205e-06 2.09975092447e-06 9.85259842436e-06 8.03880470547e-06 1.26856974128e-06 1.83170392507e-06 4.90835751925e-06 1.43553082333e-06 1.09811904834e-06 1.83387793718e-06 1.4300818794e-06 3.25443328334e-06 5.4459329349e-07 6.8811846852e-07 1.36309777165e-07 1.24574361315e-06 2.05424403277e-06 4.0856153381e-06 1.34257018804e-06 3.72719696986e-06 7.93649655879e-07 1.46727298468e-06 6.02460015428e-06 1.3274692091e-06 1.76861971447e-06 6.06267219684e-06 1.131611834e-05 2.01829781507e-06 3.66875089559e-06 3.34448819852e-06 2.26780832089e-06 4.71653834265e-06 2.29922148599e-06 1.78475339504e-06 3.84560563691e-06 7.63545638859e-07 2.46845005404e-06 3.75389466483e-06 8.2734177755e-07 4.20910645169e-06 1.72687844707e-06 1.64688605784e-06 4.27410053876e-06 7.84038324752e-07 3.96094551871e-06 2.84475327697e-06 8.28639701492e-07 4.88449848742e-06 1.70380698424e-06 2.78035587179e-06 5.42190042198e-06 2.29512114459e-06 4.56653119204e-06 4.80516155767e-06 3.36118597074e-06 1.40126744917e-05 9.95267813722e-06 1.80261161563e-06 1.56618054208e-06 6.40691541086e-06 1.66652525339e-06 7.34991403304e-07 3.02275004702e-06 1.3280652263e-06 2.95262974732e-06 1.12860120859e-06 6.58623494545e-07 8.43869656663e-07 1.92483816096e-06 3.75661618339e-06 1.84199789327e-06 2.91892480094e-06 1.2151757133e-06 1.25056828339e-06 6.34583123652e-06 1.63041677653e-06 1.58734598127e-06 6.05720651329e-06 1.02517530004e-05 2.22548767694e-06 4.4043578768e-06 1.72519400312e-06 3.7259993476e-06 2.4924068574e-06 2.38228487852e-06 2.43148453305e-06 1.99180208587e-06 2.37804500182e-06 8.85376295494e-07 3.60874312566e-06 2.01154434583e-06 1.47340341592e-06 4.75426464636e-06 7.5811709756e-08 4.81057313209e-06 1.55773519447e-06 1.80989354148e-06 4.04517424281e-06 8.98113805236e-07 2.45454189442e-06 2.48558514193e-06 2.30635922558e-06 3.0093856369e-06 2.91034849223e-06 4.13474378155e-06 2.66140914037e-06 5.50328953957e-06 3.02752101181e-06 1.26384754073e-05 9.82933511698e-06 1.54841101189e-06 2.11863961445e-06 6.93997883221e-06 1.44014170337e-06 1.3326765026e-06 2.4690754464e-06 1.94505587511e-06 2.63711128505e-06 1.00140397509e-06 3.90014139913e-07 6.88488592232e-07 2.01615328526e-06 4.52429314095e-06 1.3298983206e-06 4.72423898618e-06 7.30233067646e-07 1.60016981707e-06 6.7489670209e-06 1.77632133664e-06 1.91306446346e-06 5.91963683949e-06 1.14110930184e-05 2.53690441539e-06 4.91100774695e-06 1.99132695461e-06 2.48336812259e-06 5.07918366557e-06 1.49564754601e-06 2.90076514302e-06 3.03461742127e-06 1.54926285214e-06 3.05957278569e-06 9.49771873089e-07 2.23467624751e-06 3.21892478114e-06 1.73343798401e-06 1.31785087973e-06 1.65523511786e-06 1.67620040003e-06 3.18971216562e-06 2.57993842712e-06 8.37633300446e-07 3.048235867e-06 1.6778570429e-06 3.16010520569e-06 3.02322955209e-06 1.89045597713e-06 5.83310437128e-06 2.49505817507e-06 3.14434038156e-06 6.23952709209e-06 4.03020894709e-06 1.40231532472e-05 1.02498946615e-05 1.8967037489e-06 2.22267450027e-06 7.27072692375e-06 1.69396642686e-06 6.65252252418e-07 3.75854312811e-06 1.28816757046e-06 2.99503211392e-06 1.08527269107e-06 3.85396531121e-07 5.23271252311e-07 2.28521521016e-06 4.68557960782e-06 1.66036332864e-06 3.75936386997e-06 1.39112210948e-06 1.34229972074e-06 6.49004243494e-06 1.59313070818e-06 2.03134235501e-06 5.46346809431e-06 1.10433062604e-05 2.64002345604e-06 5.11227682999e-06 2.75824766118e-06 2.75127622455e-06 3.31098734084e-06 3.64757517504e-06 1.70804455446e-06 5.06230014241e-06 1.18249256026e-06 2.29621256374e-06 4.68573441388e-06 4.62416241941e-07 3.92368815456e-06 3.57358015729e-06 3.00282380548e-07 6.0581389023e-06 2.23929633412e-07 3.29617562066e-06 4.25796902562e-06 5.16160115581e-07 4.67120840486e-06 2.4209106702e-06 1.34458933304e-06 5.42457897041e-06 1.80340862126e-06 3.97339546513e-06 3.80938529456e-06 3.30397630657e-06 3.65580553631e-06 6.21628108967e-06 3.72920310048e-06 1.39039659832e-05 9.12289079291e-06 2.18974765735e-06 2.42713696402e-06 7.61847287865e-06 1.51383769852e-06 1.55552206172e-06 2.62566268679e-06 1.6270206776e-06 3.06339442701e-06 1.07490072758e-06 2.90803262936e-07 2.47850529544e-06 3.6560898859e-06 1.45618756184e-06 4.05463837471e-06 3.13067858629e-07 1.64336852634e-06 5.19908329066e-06 1.42776530104e-06 1.36513763526e-06 6.92812265026e-06 1.01475143587e-05 2.22683814311e-06 4.41306921098e-06 2.10920091243e-06 3.30234998445e-06 2.9365608869e-06 2.13854076874e-06 2.79941106756e-06 1.96236771345e-06 1.53608271802e-06 1.87547456284e-06 2.46368800958e-06 1.52226445347e-06 9.91621131836e-07 3.68657400644e-06 8.79475891514e-07 1.6757622705e-06 1.37869016492e-06 9.97996279833e-07 4.03463686072e-06 8.13346594208e-07 1.72607828517e-06 2.28738702688e-06 1.68546379401e-06 1.93781081454e-06 2.07312092836e-06 3.00674198963e-06 2.10186519637e-06 3.40711306733e-06 3.20570656621e-06 2.79167925745e-06 5.50755348087e-06 3.52682056858e-06 1.19481641459e-05 1.11252677564e-05 1.36079725554e-06 1.70093049357e-06 5.41483855663e-06 1.70879966031e-06 3.83132525054e-07 2.78063105104e-06 1.07564076706e-06 2.10083450918e-06 1.33885051296e-06 2.28809338206e-06 6.36660519412e-06 2.28222334862e-06 5.19303307475e-06 8.62908159638e-07 2.3601279353e-06 8.53043292432e-06 2.20508117007e-06 1.86435278591e-06 8.91289443613e-06 1.42682244966e-05 2.60563720892e-06 6.06538856877e-06 3.03499683631e-06 4.18815049312e-06 5.78779002808e-06 3.05521283953e-06 2.49600233431e-06 6.51926585634e-06 6.72509616495e-07 3.85680803604e-06 3.71009704388e-06 1.39883779871e-06 4.38302127276e-06 1.60359257978e-06 1.63012184113e-06 5.56874481933e-06 3.84745596884e-07 5.15956394642e-06 1.79036664102e-06 1.57568228354e-06 4.49698444975e-06 1.46423480928e-06 3.34892334243e-06 3.81821686405e-06 8.81001361824e-07 6.85702560865e-06 2.61884911709e-06 3.47725810192e-06 6.18175311525e-06 4.71483293168e-06 4.04440778879e-06 7.50364591391e-06 3.47235880727e-06 1.76706847591e-05 1.34473523967e-05 2.12073316881e-06 2.76399312744e-06 9.52422566072e-06 2.5554099469e-06 1.08784457515e-06 3.43228685463e-06 1.56416131837e-06 3.32020367072e-06 1.26363742438e-06 2.51277787723e-07 6.97186315285e-06 2.1048823911e-06 5.07865026752e-06 5.85270425744e-07 2.24330308735e-06 6.70881991977e-06 2.79431277193e-06 1.57976505116e-06 8.53858250209e-06 1.36135573773e-05 3.30222089958e-06 4.74227731485e-06 2.51325567011e-06 3.69122803145e-06 4.48442049012e-06 3.96822894489e-06 2.36768686857e-06 4.14388340212e-06 2.01636513512e-06 1.56543835321e-06 4.1957042859e-06 1.09404877554e-06 1.97206092451e-06 3.78066522595e-06 8.32619483537e-07 5.05450798432e-06 1.50878583923e-06 1.47492364129e-06 4.97930070654e-06 9.01524685348e-07 4.00713490624e-06 1.88045148034e-06 1.23401704102e-06 4.17683969548e-06 1.47356974302e-06 2.53386702717e-06 3.85842602423e-06 2.57685650092e-06 4.08734803269e-06 4.93518500371e-06 3.89010905437e-06 3.51963169835e-06 5.75727626471e-06 4.71970699738e-06 1.59553299746e-05 1.31815981577e-05 1.70761840863e-06 3.050815129e-06 7.24365211165e-06 2.24191765097e-06 7.27058221542e-07 3.48206751855e-06 1.2734295671e-06 3.32422601848e-06 1.4672571011e-07 9.22126622541e-06 2.0724329177e-06 5.23486171803e-06 8.71682090183e-07 2.68350970833e-06 7.38101024474e-06 3.05623741444e-06 2.39911532964e-06 8.93630705814e-06 1.53590683901e-05 3.43697445058e-06 7.96567083773e-06 3.34735757705e-06 3.75885615038e-06 6.0069621085e-06 4.19287821127e-06 3.79183284086e-06 5.86814495698e-06 1.34022897687e-06 3.94373767859e-06 2.84562755726e-06 2.09746948649e-06 3.10616760429e-06 2.69278160451e-06 2.01455161937e-06 2.40435573084e-06 1.45857264792e-06 4.41745370579e-06 1.40997504468e-06 2.62866459021e-06 2.13091842751e-06 2.74554156556e-06 3.09515537703e-06 1.88580855275e-06 3.12125522283e-06 3.94284985402e-06 1.45160739977e-06 5.59919052517e-06 3.88930086697e-06 4.3529218977e-06 6.75168185896e-06 4.62181717913e-06 4.23479483553e-06 9.52169071897e-06 4.39035492283e-06 1.90615829694e-05 1.35155151067e-05 2.92257187005e-06 3.39543621241e-06 7.73280453876e-06 2.75480595579e-06 1.04305087006e-06 3.51443662999e-06 1.08426010884e-06 4.01734892422e-06 6.16022652593e-06 2.41968653881e-06 4.87413947186e-06 7.92167636492e-07 2.41862487241e-06 7.45494963101e-06 2.59021541424e-06 1.24024943424e-06 1.06589371175e-05 1.3758339577e-05 3.53442660817e-06 5.52727071151e-06 3.58961808528e-06 3.0697921862e-06 3.77085297582e-06 3.98721288933e-06 2.36198052683e-06 5.71131039141e-06 1.06125382561e-06 1.56173790594e-06 4.09884145889e-06 1.37226032014e-06 3.22083494921e-06 2.84840804619e-06 1.18635002296e-06 4.9955682281e-06 4.1285278395e-07 2.60006833223e-06 2.45144085682e-06 5.33522259806e-07 5.04613969778e-06 1.25423284384e-06 2.80650705809e-06 3.25260508028e-06 1.30600174462e-06 4.28480895159e-06 1.55078371558e-06 1.55033400949e-06 4.85809566983e-06 2.40634502279e-06 3.93365683608e-06 4.4672742674e-06 3.47404154294e-06 4.13863965885e-06 6.49859439467e-06 5.15550517776e-06 1.57931290402e-05 1.56050494046e-05 1.4546534849e-06 2.70000987064e-06 7.44912607023e-06 2.30977286831e-06 7.90536562563e-07 3.07736264406e-06 1.07715592181e-06 2.25048927068e-06 5.0431017578e-06 3.55825628712e-06 8.06976415868e-06 1.00349274896e-06 2.96614185886e-06 1.17806447818e-05 3.96166508056e-06 2.15678343643e-06 1.38310221592e-05 2.10085840215e-05 4.34968744791e-06 1.05734296873e-05 5.49310882804e-06 4.88977294652e-06 5.65695150276e-06 5.18775367748e-06 3.41766535824e-06 7.94576718876e-06 2.29680305748e-06 4.35533765432e-06 4.0873812788e-06 3.74063341936e-06 3.59183199414e-06 5.69565168461e-06 2.06346827767e-06 4.76860405088e-06 2.16444643885e-06 1.62051918501e-06 4.28312349264e-06 1.51360533057e-06 2.32818659527e-06 4.96191687257e-06 1.90426879888e-06 5.7447506286e-06 3.56189664331e-06 3.39970632879e-06 3.74494607989e-06 4.38737375819e-06 2.6045715905e-06 7.44077919786e-06 3.91427478576e-06 5.65380375451e-06 6.39936771934e-06 5.66685609863e-06 6.22199745832e-06 1.29063145481e-05 5.27600092909e-06 2.6292415644e-05 1.92884038178e-05 2.76652505762e-06 4.39107622674e-06 1.10931849529e-05 2.81053420715e-06 9.24191863814e-07 5.39348558337e-06 1.0460866977e-06 1.7312503093e-06 4.47470804322e-06 8.42311143229e-06 1.50475284034e-06 3.06616037595e-06 1.01294141884e-05 3.76928249688e-06 1.95621938255e-06 1.39271651755e-05 1.85860581622e-05 5.80754828366e-06 6.50403400626e-06 5.80540559113e-06 3.38985131581e-06 5.59172444954e-06 3.36596457278e-06 1.97273996809e-06 6.1925330404e-06 2.22243637042e-06 2.93712092735e-06 3.59466578281e-06 1.24114542063e-06 5.10077012105e-06 2.27200513075e-06 2.11173041203e-06 4.05868776435e-06 7.17100881691e-07 4.16953053692e-06 1.1720861092e-06 8.40943006691e-07 4.4097743962e-06 7.82215379534e-07 3.44942138405e-06 2.20314087096e-06 2.0046374549e-06 4.53821077088e-06 1.08905955194e-06 3.69833214088e-06 2.79348327655e-06 2.39813648187e-06 5.457027158e-06 2.34159777234e-06 3.34028830502e-06 6.17111676272e-06 3.86210637606e-06 6.19915871233e-06 7.66953753899e-06 6.88185963422e-06 2.13231964238e-05 1.94514896467e-05 2.5502271267e-06 4.26945615111e-06 8.05979554012e-06 2.35929353818e-06 1.0394038145e-06 5.10513557591e-06 1.31850382379e-06 6.49264408704e-06 1.152682393e-05 1.8589376129e-06 4.38699903655e-06 1.24792126014e-05 3.80247410714e-06 2.38363965322e-06 1.66309617243e-05 2.06051354451e-05 5.54926973801e-06 1.07275030478e-05 5.36305207164e-06 4.66081271084e-06 6.10745455078e-06 5.15332477031e-06 1.37005965006e-06 7.18726192159e-06 2.55101012543e-06 3.8536784516e-06 4.48826697427e-06 1.99242873432e-06 3.48547157524e-06 4.8044156978e-06 1.29670074223e-06 6.81021862947e-06 1.27719678695e-06 2.70776907583e-06 5.57221756335e-06 3.17174616247e-07 5.43198117936e-06 2.7892954179e-06 1.16260168835e-06 6.21247747568e-06 1.26197497523e-06 5.066954809e-06 2.7452892375e-06 1.85947370837e-06 4.24096339218e-06 3.5062435548e-06 2.59441954548e-06 7.15748574139e-06 1.83850712772e-06 5.46901741653e-06 6.14142923098e-06 5.68962856883e-06 5.56846947164e-06 1.32044218169e-05 6.6695155108e-06 2.41121788668e-05 2.28219742357e-05 3.19646900052e-06 4.11100240709e-06 1.02722798694e-05 3.68691784528e-06 7.91628187378e-07 5.41380630424e-06 2.0336544053e-06 4.01658454588e-05 2.35607934075e-06 5.4512832041e-06 1.61953858848e-05 4.62839874583e-06 2.4682801511e-06 2.1230546907e-05 2.4911808873e-05 7.43080882222e-06 1.0569137188e-05 9.44755822189e-06 3.89463490507e-06 9.23757300803e-06 5.25525247019e-06 3.60786239825e-06 5.65802045321e-06 2.846687927e-06 4.01098008313e-06 5.70060362888e-06 1.7911855807e-06 5.38858288982e-06 3.14727826322e-06 2.40967380741e-06 3.9536682803e-06 2.31091119395e-06 3.3561846008e-06 2.949331725e-06 1.46135016462e-06 1.54310389744e-06 2.94092810564e-06 3.35349182615e-06 1.77710896875e-06 3.4278659697e-06 2.39555279277e-06 2.96733802469e-06 4.5381949767e-06 1.93681764935e-06 5.7421848639e-06 3.70243940126e-06 3.04470398697e-06 5.26158027888e-06 4.04966972814e-06 4.87480463743e-06 9.48019930561e-06 4.17665244572e-06 1.0076856626e-05 1.25670916205e-05 8.27087133858e-06 2.9627106e-05 2.84641256318e-05 3.21437455415e-06 4.52358470757e-06 1.38513014909e-05 4.01481405947e-06 5.81127537546e-07 6.06586806891e-06 1.56544429979e-05 6.16452499758e-06 2.12694071349e-05 5.85015738234e-06 3.122798502e-06 2.22669071596e-05 2.93995144292e-05 8.84324023581e-06 1.18728238709e-05 7.56071252087e-06 6.64294514764e-06 7.23595809584e-06 7.02070653727e-06 4.31607061975e-06 8.53134263771e-06 2.71238451386e-06 3.78800316394e-06 5.88827175188e-06 1.71292974803e-06 5.37156417094e-06 3.96930538778e-06 1.56479992182e-06 6.86880909841e-06 1.29309703479e-06 5.12399560386e-06 3.65255847039e-06 1.11343937275e-06 5.76600610763e-06 9.92386520548e-07 3.33380686534e-06 4.95240106828e-06 1.11932031457e-06 6.14846382333e-06 1.53994020111e-06 3.86606256742e-06 4.21150072353e-06 1.99134277797e-06 5.18776653018e-06 3.24668267861e-06 2.34918154915e-06 7.5785874806e-06 3.9627417414e-06 6.61632718631e-06 6.56562266682e-06 7.01011383213e-06 7.39561916747e-06 1.4000048502e-05 9.35990051677e-06 3.42496982337e-05 2.82884972584e-05 3.5438905271e-06 5.48379774817e-06 1.59489753235e-05 3.05780941597e-06 1.62338877058e-06 5.22060108332e-05 2.28883233216e-05 7.39730903796e-06 4.53797566509e-06 2.52691028651e-05 2.8274838109e-05 9.38857461505e-06 1.2253246519e-05 7.67944133971e-06 5.7524358179e-06 9.90604302612e-06 5.22628164812e-06 4.70515880932e-06 6.70997613844e-06 3.44989367754e-06 2.88002724946e-06 5.42501308926e-06 1.81762591747e-06 4.89763560769e-06 4.59028247426e-06 1.41932188794e-06 4.47852848976e-06 1.87857025655e-06 2.88518382525e-06 3.48480641855e-06 1.02648501303e-06 2.7676596056e-06 3.24919614463e-06 1.0113761286e-06 3.20916616639e-06 3.04322653975e-06 1.52557562347e-06 3.72771806182e-06 1.33874490167e-06 4.02887202712e-06 3.9672417616e-06 1.78391232647e-06 5.13663104397e-06 2.09054418336e-06 3.06384818901e-06 5.49808382898e-06 4.10585537e-06 4.18082142687e-06 9.04401122258e-06 5.1523218773e-06 7.80907304077e-06 1.43024599421e-05 1.00190888624e-05 3.10798352509e-05 3.10363405418e-05 4.48230703425e-06 6.49426421156e-06 1.34883936181e-05 4.40272671219e-06 0.000284966382366 1.02148920857e-05 6.18159404804e-06 3.54790707529e-05 3.56010810696e-05 1.01299133248e-05 1.60119407803e-05 9.82899793928e-06 7.13084727815e-06 1.03767148841e-05 8.55765502565e-06 4.30302438084e-06 8.65602825915e-06 3.52131430625e-06 5.66307858006e-06 4.84743336819e-06 1.81930373642e-06 4.60178661551e-06 4.63672403183e-06 2.52390521532e-06 3.06697170356e-06 1.60936477515e-06 5.09626484189e-06 2.5356781669e-06 1.75617285751e-06 3.04103087026e-06 1.87713394476e-06 3.27070180824e-06 1.35099334954e-06 2.48689221063e-06 4.41148358009e-06 1.34192367067e-06 2.85170960085e-06 2.1514721064e-06 3.42645833252e-06 3.48686730537e-06 1.92492491716e-06 3.75912866354e-06 4.59939800209e-06 2.75180006994e-06 8.06567013457e-06 3.33824454731e-06 8.41394206174e-06 8.90240969567e-06 6.99662638362e-06 1.0872885145e-05 1.81590982647e-05 1.04568254604e-05 3.87036516469e-05 4.11559256918e-05 5.87895003971e-06 7.33032273472e-06 2.71024031509e-05 0.000172003728221 6.86386165227e-06 6.61876625087e-05 5.10773118511e-05 1.38144500261e-05 1.8791677829e-05 1.30732760328e-05 9.57368631621e-06 1.43985628024e-05 7.82468555997e-06 8.6816491617e-06 7.62087951799e-06 4.39028439542e-06 5.15962496499e-06 7.23063042207e-06 2.72178502708e-06 4.3699136431e-06 5.57938901403e-06 2.91891004935e-06 7.44204951259e-06 1.650363697e-06 4.24502330449e-06 6.66480019565e-06 5.0138394322e-07 6.88924929847e-06 2.35784663838e-06 2.36630545426e-06 6.55871914061e-06 5.5881597986e-07 6.31009165708e-06 3.64849193055e-06 1.57090657254e-06 6.22653922118e-06 2.1246696027e-06 4.53293484145e-06 3.6050508916e-06 2.07177951841e-06 5.23617902337e-06 3.8109928589e-06 3.37791925276e-06 5.76123450392e-06 6.76656615113e-06 6.60835086171e-06 1.17437738686e-05 1.00145678713e-05 1.37254126077e-05 1.95010122598e-05 1.34463840415e-05 5.58776107514e-05 6.03577031676e-05 6.00910165901e-06 1.31667233181e-05 0.000150511960371 0.000210414614496 0.000128926318887 2.65373934091e-05 3.44112616757e-05 1.53838538808e-05 1.14426642328e-05 2.00643571704e-05 9.40201832285e-06 7.30363320389e-06 1.38027653588e-05 3.96660119547e-06 5.52926986425e-06 7.34746502366e-06 3.71770912136e-06 5.98567019876e-06 6.3276808913e-06 2.35649222209e-06 8.05972275332e-06 2.24850835158e-06 4.74046448436e-06 3.53690509318e-06 1.79949976107e-06 2.99359181453e-06 2.86359607278e-06 3.39537570011e-06 2.74825114878e-06 2.70747251363e-06 1.58954091202e-06 3.08123057195e-06 3.65817564649e-06 1.60268210373e-06 6.58266472946e-06 1.68409787411e-06 4.77152098135e-06 4.24071963169e-06 2.63184166443e-06 5.09511580585e-06 4.12369546753e-06 2.70461162176e-06 9.64396372751e-06 5.46474342142e-06 6.86178245346e-06 1.59308034995e-05 1.10859040341e-05 1.3728697872e-05 2.56879043528e-05 2.04759603764e-05 9.08184855301e-05 8.76463196735e-05 1.07358867968e-05 0.00124853111353 0.000288806330036 7.27186291805e-05 0.000111178723678 4.13025766142e-05 2.05999710752e-05 4.65382834844e-05 2.35585329568e-05 1.28198416865e-05 1.59798890833e-05 6.4213927133e-06 5.08477619852e-06 8.45447223293e-06 3.96414517667e-06 6.41916475607e-06 5.7759347437e-06 2.49342646578e-06 5.84503754801e-06 1.68152423183e-06 5.98290704471e-06 2.48057752438e-06 1.5402076002e-06 4.75818175435e-06 1.54296864564e-06 3.66272555243e-06 3.269728841e-06 1.42110825869e-06 4.06963524817e-06 1.20951292036e-06 1.7406968877e-06 4.12402759377e-06 1.10026372464e-06 3.96272501364e-06 1.26875886757e-06 3.47457512427e-06 4.47233729444e-06 2.20919830787e-06 5.18473632641e-06 2.72507462955e-06 3.49105095455e-06 7.71881143578e-06 5.65043873422e-06 9.22363201337e-06 1.63530944408e-05 9.27881868635e-06 1.5319801239e-05 3.70498221388e-05 3.05135124769e-05 0.000123155502641 0.000175693719653 0.00414946216034 0.000381044850426 0.000496451618177 0.000291874616727 0.000200904344137 0.000182077134439 0.000139448056795 9.3489798939e-05 0.000137279019229 5.03578500004e-05 6.95377686234e-05 5.77285642659e-05 3.44459988125e-05 4.84757595579e-05 5.35426012853e-05 1.49090968422e-05 5.45862347601e-05 1.48387047609e-05 3.41743109213e-05 3.1396711771e-05 9.40731563208e-06 2.14960611558e-05 2.23699128884e-05 1.01492206651e-05 2.39834009026e-05 8.95078277645e-06 1.80672510446e-05 1.6380787395e-05 5.72657699665e-06 1.87240384529e-05 1.75522897855e-05 7.04162067248e-06 2.16292411429e-05 5.60421815052e-06 1.72101047541e-05 1.45352940441e-05 8.33445178539e-06 1.31583982679e-05 1.28694920441e-05 8.74212441212e-06 2.01945760934e-05 1.32368916474e-05 1.80060536366e-05 2.38373176862e-05 1.80788821222e-05 2.85819470924e-05 8.09296990575e-05 5.98680617747e-05 0.000614568149811 
















































