




















8.07803426699e-07 6.74722130563e-07 1.98088761971e-07 8.87920814291e-07 3.56556064601e-07 3.1032304096e-07 4.10022858754e-07 2.27157625445e-07 1.97452800533e-07 4.18616703546e-07 3.44527717329e-07 3.64247511122e-07 9.4514057743e-07 2.19454209509e-07 8.43166934905e-07 5.82322239687e-07 2.00025720852e-07 1.64253392347e-06 2.78835836909e-07 3.32394570049e-07 2.93666464057e-07 8.76976749691e-07 1.53039380512e-07 3.56239862644e-07 3.06209642413e-07 3.16699426089e-07 3.25720109928e-07 3.292449952e-07 1.47532523024e-07 9.26678781517e-07 4.81126163494e-07 3.57097040605e-07 3.49612517778e-07 1.16527262801e-06 2.45725446465e-07 5.09400038203e-07 1.3729295797e-07 6.41424379561e-07 5.29660508976e-07 1.64301070676e-07 8.6786338176e-07 1.88328623141e-07 6.88031679596e-07 6.45584555865e-09 4.41065204388e-09 1.00626587477e-06 1.56462754005e-08 4.28722029383e-09 6.72175749791e-07 1.68503283166e-07 9.05916032483e-07 2.12278892527e-07 2.62633542066e-07 4.92725644817e-07 1.8110851449e-07 5.42420502791e-07 1.49336578244e-07 6.02494991815e-07 3.93086978134e-07 1.80583040908e-06 4.21204558401e-07 8.9194187128e-07 1.49292023551e-07 4.35498173617e-07 1.87491621514e-07 6.24605454563e-08 2.13689018698e-07 2.82902940485e-07 2.10256893247e-08 2.54832517501e-07 3.72006861764e-07 1.44500008806e-07 7.70134639288e-07 3.62382110039e-07 1.24459655314e-06 1.8839969406e-07 6.25655389406e-07 2.81607663327e-07 5.82438431197e-07 2.72721924243e-07 3.158803792e-07 1.34277575597e-07 1.28035741043e-06 1.56881078643e-06 3.44643791112e-07 9.92243184667e-07 1.53285244039e-07 3.13174571298e-07 1.58962300082e-06 1.71592896722e-07 1.56899444204e-07 1.47845822476e-06 3.48939353638e-07 1.50032587199e-07 9.91534706469e-07 3.06081603371e-07 1.43109670384e-06 1.00094808294e-06 1.57840934715e-07 3.1238632122e-07 2.81526865895e-07 7.52363408448e-07 2.63139303461e-06 9.77351047525e-07 1.23322974065e-07 1.64603827257e-06 9.63430820642e-07 4.78638112922e-06 1.05988092155e-06 1.47813319578e-06 3.50826392981e-07 5.43369287943e-07 8.42047971673e-07 4.92355667825e-07 6.37014903926e-07 6.29836728848e-07 4.81920617225e-07 8.5827366656e-07 6.48816622354e-07 2.95306392114e-07 1.01311962651e-06 9.65137322678e-07 3.2650033381e-06 6.94164051445e-07 1.6465398106e-06 1.41491544819e-07 1.22172754071e-06 2.87906245179e-06 6.86268854104e-07 6.11438981697e-07 1.86188614963e-07 2.45812019389e-07 8.2852109501e-07 9.379841851e-07 1.27219336409e-06 1.13262700948e-06 3.56413146763e-07 3.26665732581e-07 8.93535049197e-07 4.00853956172e-07 1.51713245591e-07 9.0145437166e-07 8.29183182288e-07 1.50892186441e-07 4.93424087635e-07 7.53447954776e-07 3.85690700931e-07 4.07251639956e-07 6.41799443099e-07 1.02601173419e-06 6.83935207908e-07 8.16304074238e-07 3.4495494945e-07 1.53330170264e-07 7.94295196324e-07 7.48216582161e-07 1.22402399451e-06 1.47001835901e-07 7.88673538002e-08 6.77594771213e-07 2.26494976269e-07 1.69475474315e-06 9.10740380646e-07 3.48274195288e-06 7.87562906054e-07 6.79795036521e-07 1.09573182801e-06 5.4033842331e-07 5.58502190172e-07 6.19308294603e-07 4.34163550732e-07 7.16910681799e-07 2.83981080726e-07 4.53423796741e-07 7.87552397302e-07 4.97520963984e-07 2.87338717274e-07 2.53884463916e-06 4.15791459983e-07 1.49852593415e-06 2.22114231981e-07 6.71827076788e-07 1.13102313222e-07 2.2786498437e-07 1.23610618406e-06 2.49543575644e-07 3.76818284161e-07 9.69918424194e-08 1.38649654834e-07 3.81543285913e-07 6.54188169626e-07 1.46556708917e-07 4.47536098381e-07 6.33176779023e-07 3.48384672008e-07 7.78139282454e-07 1.46045366927e-07 1.52171326945e-07 4.21688175289e-07 2.01121124679e-07 1.54575668161e-07 5.03972767328e-07 1.53790743487e-07 1.40185313546e-07 6.18059533408e-07 1.88570898479e-07 5.18398974786e-07 3.46179271551e-07 2.0051463366e-07 5.5197527184e-07 4.34120700031e-07 1.64570028667e-07 7.78137252962e-08 3.63428496712e-07 2.7982980402e-07 6.20311110364e-07 3.57434732677e-07 1.19060518438e-07 5.25476383242e-07 3.10247157012e-07 5.5390851787e-07 3.70978816848e-07 7.87109216406e-07 2.78472193604e-07 1.54592057698e-06 1.71426186461e-06 7.29566600006e-07 1.77943295841e-07 8.5963825191e-07 5.94572652544e-07 3.1920720099e-07 8.34502900242e-07 7.19276557467e-07 1.69658328524e-07 6.42340388304e-07 9.62961923972e-07 1.17689679334e-06 1.56737691704e-07 5.41814901556e-07 4.12350646747e-07 4.05974004253e-07 3.23121016223e-07 6.65944705481e-07 1.07132014148e-07 4.24324631252e-07 7.08047368077e-07 7.86555877154e-07 2.99256409896e-07 7.96175508047e-07 3.36991060565e-07 6.06189118896e-07 3.76076420503e-06 1.23306865468e-06 2.12479942018e-06 5.66029705271e-07 1.44912713e-06 5.89914866812e-06 7.51963078318e-07 6.78182801389e-07 2.2044833468e-06 1.1043640994e-06 8.24008663357e-07 9.77564416681e-07 8.80768374076e-07 1.75431882048e-06 7.46415666563e-07 4.19444344277e-07 4.10260720177e-06 8.34540705896e-07 3.89967676002e-07 1.77729312037e-06 1.04190326946e-06 3.64880591878e-06 5.49040218143e-07 2.92741633995e-07 8.62875678346e-07 3.16541335934e-07 8.60928518608e-07 2.98675504456e-07 2.8963419448e-07 2.68661752644e-07 5.15480858369e-07 5.22210718829e-07 1.30339073753e-06 9.53899664064e-08 1.05116722826e-06 1.49581496374e-07 4.34152143339e-07 1.92997972415e-06 1.31155303598e-06 2.72506234347e-07 1.09896792374e-06 3.96912481956e-07 2.89220717041e-07 5.64105549332e-07 3.48983721981e-07 4.50756929461e-07 1.09830843195e-06 1.51096702609e-07 1.09886660202e-06 1.06729867664e-06 3.68409746585e-07 1.42573255337e-07 1.06534652916e-06 3.84951230504e-08 1.19310575102e-06 5.28961189169e-07 5.53541811798e-07 3.06050680276e-07 3.80185978564e-07 3.1098802424e-07 1.45170267051e-07 2.59104886733e-07 2.33673450571e-07 1.02072531336e-07 2.55377795842e-07 2.91559561013e-07 1.9713540346e-07 2.45365439367e-07 1.62786124355e-07 3.90705300799e-07 1.53724991965e-07 6.33434445673e-07 4.00921599508e-07 4.35570226411e-07 1.82201502515e-07 4.77109798433e-07 3.98226628181e-07 1.78810642158e-07 5.15992255902e-07 1.78735421231e-07 5.70572151186e-07 1.8110464864e-07 4.01824795437e-07 1.8012405743e-07 2.7654325733e-07 1.68074580973e-07 3.72788199809e-07 2.69472880411e-07 7.27980703217e-08 3.0847213208e-07 2.88903129794e-07 1.53369774264e-07 4.24143564184e-07 1.01310599928e-06 1.28367567667e-06 3.4469726383e-07 1.1551450222e-06 4.33998055303e-06 7.51169056567e-07 3.38048663763e-06 1.42023481974e-07 1.20481721817e-06 2.88273821061e-06 6.10749222805e-07 7.0941677941e-07 5.1520112916e-06 1.2920497043e-06 9.84739719886e-07 1.74384961812e-06 1.26176569728e-06 1.55244970568e-06 8.87606210643e-07 5.3766207576e-07 4.15230986259e-06 4.54882298233e-07 4.03906647732e-07 2.32870465384e-06 8.65315311668e-07 1.27298397656e-07 3.18373867563e-06 6.62847014359e-07 4.30685748845e-06 1.26181331735e-06 3.97433219135e-07 1.30342368434e-06 1.16143761029e-06 4.47707070549e-07 1.11315057029e-06 8.6082172482e-07 3.73970755002e-07 8.73667999649e-07 6.5666281036e-07 6.98455247229e-07 2.86244330808e-07 1.75239133484e-06 4.86683595613e-07 5.05399963961e-07 2.67916978952e-06 5.61737925991e-07 4.1258871183e-07 3.52205582887e-06 2.65880077386e-06 5.35654293077e-07 1.81711689664e-06 1.0307061477e-06 1.22604782916e-06 1.31054503886e-06 3.77316071009e-07 2.34952255464e-06 2.10758546405e-06 3.6829140489e-07 5.65104208136e-07 2.304184422e-06 3.88215807757e-07 5.3979992197e-07 1.6073403377e-06 2.74867343405e-07 6.88500954271e-07 6.78979875974e-07 9.63172316912e-07 3.26781593323e-07 9.29061256587e-07 1.16032565721e-06 3.212263442e-07 3.68892960549e-07 1.65635974178e-07 2.93965888186e-07 1.74952275051e-07 1.10804037995e-06 5.28943909353e-07 5.03399953892e-07 1.72613077463e-07 5.85743655195e-07 5.52454300867e-07 7.65748135399e-07 2.2818849036e-07 9.04424550476e-07 7.99256202176e-07 1.28020034812e-06 1.23056271816e-06 8.98970839951e-07 5.60553810655e-07 9.84839233353e-07 9.83235776651e-07 1.17750177337e-06 6.16904218511e-07 7.03449070458e-07 1.55242598947e-07 6.78577388037e-07 4.59714377614e-07 5.75957469554e-07 2.24604417623e-07 3.92593468604e-07 5.38525279721e-07 1.08219078156e-06 1.20030285528e-07 2.77770013424e-07 1.70261188378e-07 3.4145097813e-07 3.24811569833e-07 1.48768009558e-06 1.42097601259e-06 8.56453069194e-07 1.6531309174e-07 1.30863319559e-06 2.28560887374e-06 2.04727192617e-07 3.08791638322e-06 5.90484834016e-08 3.85722319618e-07 3.82259973669e-06 3.90599874693e-07 5.95597414018e-07 1.56755623197e-06 3.97564654951e-07 8.03700846518e-07 5.28864264362e-06 1.26778169759e-06 1.01158329463e-06 1.19010469096e-06 7.07662770399e-07 3.98370154418e-06 4.76144655184e-07 3.22309989571e-07 1.5544151503e-06 5.14668583226e-07 3.88169790139e-07 3.3246287599e-06 3.51095186818e-07 3.67733057888e-08 3.00512826891e-06 2.45029976114e-07 2.27516463622e-06 1.40216300123e-06 2.13194096751e-07 8.32163761553e-07 1.45547765278e-06 1.50001514784e-06 1.81059942648e-07 6.67914442518e-07 2.81435613317e-07 2.16640921331e-07 4.55954489106e-07 7.24311132904e-07 6.59348075596e-07 5.65819321685e-07 2.37397950934e-07 4.03183746249e-08 1.87237030469e-06 9.44457029365e-07 2.08232123485e-07 2.39519633177e-06 1.06201811143e-06 7.28506643638e-07 2.69678848193e-06 2.85726825361e-06 1.21735641645e-06 1.62869572187e-06 6.64554516193e-07 2.54340821562e-06 1.77346597725e-06 4.70669787662e-07 1.0254841626e-06 2.19802841327e-06 1.42686689892e-07 8.88176137415e-07 1.82139631403e-06 3.52938579043e-08 3.22480868718e-07 5.32253706672e-07 6.4006462451e-07 7.90646094064e-07 3.66452764146e-07 2.60145883446e-07 3.50545472411e-07 6.83596484409e-07 1.77665328889e-07 5.32431922265e-07 2.20567775526e-07 1.89460703823e-07 4.08899534937e-07 1.77424988446e-06 4.06171125943e-07 1.52434978928e-06 4.120367656e-08 1.01083727514e-06 9.24201582726e-07 5.97650352443e-07 5.03106593217e-07 1.05616679322e-06 1.53252390967e-06 5.71443657282e-07 1.56790510669e-06 1.95687747092e-06 2.65980080494e-06 1.82317257187e-06 1.47492171239e-06 2.53670874281e-06 1.70847161792e-06 1.11067935729e-06 6.08361742064e-07 1.63289817405e-06 9.08215604618e-07 6.20959329055e-07 4.66513463825e-07 8.396322898e-07 9.86782862517e-07 3.08681576719e-08 1.32496561484e-06 4.29972751124e-07 1.8371898139e-06 3.95935535092e-07 2.57428443193e-07 2.57504511096e-07 5.67585822869e-07 9.69652053529e-07 2.48301850657e-07 5.06523221947e-07 1.34092528943e-06 1.0572403691e-06 3.21216672904e-08 2.18221908518e-06 2.17210817654e-07 1.81684355548e-07 4.93694803542e-06 2.42552072637e-07 3.78081494471e-07 3.50863827716e-06 6.421900156e-07 1.11078290207e-06 2.40573855919e-06 5.88992614313e-07 2.06913855786e-06 5.82321773672e-06 1.1140845119e-06 4.30160201318e-06 1.10241696051e-06 4.60154181362e-07 1.98216853821e-06 1.03747294761e-06 3.90782170183e-07 3.66910533742e-06 3.93393832887e-07 2.27013989212e-07 4.67494032736e-06 1.63256405748e-07 2.03971985497e-07 2.0102887133e-06 3.72845541046e-08 1.1433724455e-06 1.37494712216e-06 5.35494471372e-07 2.57475118256e-07 9.8408555686e-07 9.13905391955e-07 2.68280923617e-07 3.60196031779e-07 5.08089541117e-07 1.47039493315e-06 8.45173365186e-07 8.46796899882e-07 3.50256657902e-08 8.12263474291e-07 9.37273665218e-07 1.02637812971e-06 1.63371721817e-07 2.86410658025e-06 1.43464700052e-06 3.08458525957e-07 2.91619082943e-06 1.14341231125e-06 9.70430939817e-07 3.88515689609e-06 3.76319341913e-06 4.01052735482e-06 2.94739958342e-06 1.0198466595e-06 1.14738030836e-06 2.50500605476e-06 4.03129273942e-07 1.45362488632e-06 2.80544007323e-06 1.66034152472e-07 9.43543177363e-07 1.0055472342e-06 7.60290310077e-07 8.48072893374e-08 8.79636075487e-07 8.38403035e-07 1.56669508329e-06 5.04540978017e-07 4.36947872813e-07 2.18659625976e-07 9.9334176243e-07 6.83452680483e-07 3.13921211686e-07 3.30417163013e-07 7.28860540389e-07 1.40150708264e-06 2.61205465508e-08 1.68855290372e-06 2.80935482348e-07 1.89953030595e-06 4.3517591014e-08 4.94034895756e-07 6.60420677987e-07 7.50236151124e-07 7.26412199247e-07 3.91621271918e-07 1.02997918812e-06 7.96125658685e-07 8.0694832438e-07 8.84163267145e-07 5.92020120103e-06 8.84163267145e-07 8.0694832438e-07 7.96125658685e-07 1.02997918812e-06 3.91621271918e-07 7.26412199247e-07 7.50236151124e-07 6.60420677987e-07 4.94034895756e-07 4.3517591014e-08 1.89953030595e-06 2.80935482348e-07 1.68855290372e-06 2.61205465508e-08 1.40150708264e-06 7.28860540389e-07 3.30417163013e-07 3.13921211686e-07 6.83452680483e-07 1.43727169272e-06 4.43868234335e-07 7.9910895955e-07 5.37468896585e-07 8.43805367323e-07 7.1719678728e-07 1.54135869935e-06 2.72045337088e-07 1.56620487315e-07 3.67493913682e-06 1.30236895662e-06 1.86829913997e-07 4.89438926052e-06 5.84344040653e-07 7.74887135245e-07 3.90244995341e-06 9.67291515576e-07 2.19303788991e-06 2.53106804727e-06 1.32389849204e-06 6.61212728425e-06 6.30477866526e-06 1.88809924991e-06 2.51015573315e-06 2.42432701892e-06 1.02527508681e-06 3.51561179993e-06 9.47460222119e-07 5.517478296e-07 5.16931860475e-06 1.80107244324e-07 1.16159856579e-06 3.89651108651e-06 2.32906061153e-07 3.4893634726e-07 1.55841753076e-06 7.16461893631e-07 9.43263459225e-07 5.68835990075e-07 7.91922739236e-07 3.84727007932e-07 1.44498148962e-06 8.32725349563e-07 1.4108017272e-07 4.1078029953e-07 4.18020105639e-07 1.07328528632e-06 4.51828295262e-07 8.21516179625e-07 5.4649173525e-09 4.37700388417e-07 7.95489015024e-07 2.76059976549e-07 2.55474732158e-07 7.17135454135e-07 1.30019495191e-06 3.04287929487e-07 2.21772052208e-06 1.50915259826e-06 5.52746487492e-07 2.3241839228e-06 1.07692796634e-06 2.72655464118e-06 2.62007719447e-06 2.66064904701e-06 1.23953020002e-06 2.01926172667e-06 5.98540644846e-07 1.73702027269e-06 2.01101531754e-06 2.43221089027e-07 1.57864070521e-06 6.43387116636e-07 3.58857009121e-07 2.41426980193e-07 8.48511909612e-07 3.72935571374e-07 2.23393870766e-08 8.45583188797e-07 4.4229914134e-07 1.09826966353e-06 5.14394759805e-07 4.38660809868e-07 1.26655144278e-07 8.12721427655e-07 9.83801582905e-07 1.53736686561e-07 3.9386627035e-07 5.17609381764e-07 8.18186440808e-07 1.90619007192e-07 1.63958013171e-06 1.44535111851e-07 3.01790949801e-07 3.11495864395e-06 1.36802888817e-07 1.58996291389e-07 2.51958465646e-06 1.59418764725e-07 8.63881213371e-07 9.13629532913e-07 1.06628329908e-06 1.34828330936e-06 9.94406547439e-07 1.28980384973e-06 3.29914570131e-06 1.2367499445e-06 1.74037290923e-06 3.59730221914e-06 1.91609444055e-06 1.01758838494e-06 1.53830231167e-06 1.51248291555e-06 9.99786546414e-07 7.7138961872e-07 1.23945138492e-07 2.58743028716e-06 1.10814376455e-07 3.49873708103e-08 2.93415387555e-06 3.08434002528e-07 1.73927889654e-07 1.57197244933e-06 1.63702980831e-07 8.14697657983e-07 5.38400157599e-07 3.92552032201e-07 1.8184456527e-07 9.47362806701e-07 8.11250972452e-07 3.71854306487e-07 9.26725325788e-07 1.1073248637e-06 1.67039130836e-06 1.25715676332e-06 1.18063774745e-06 3.21949888064e-07 9.25119425677e-07 2.42165651208e-06 1.01461250796e-06 3.36083240495e-06 2.00732586143e-06 3.89169645353e-07 4.46712256844e-06 6.13186057342e-07 1.570982034e-06 4.08991009748e-06 7.97903408213e-07 6.11348273341e-06 2.78209562545e-06 1.00069614705e-06 4.04810080524e-06 7.1674331005e-06 1.47989500875e-06 3.98346635671e-06 1.76765040958e-06 1.00801302369e-06 4.42868764464e-06 4.73714363338e-07 2.00075918072e-06 3.57496182537e-06 1.00602118417e-06 2.39772348929e-06 8.25648742756e-07 4.08125038608e-07 1.18766325663e-06 1.27916126703e-06 1.66004966659e-06 1.16525068188e-06 9.69552150354e-07 3.90514390845e-07 7.83794123851e-07 2.19074488663e-07 2.87762091246e-07 2.48022671306e-07 5.57080873937e-07 1.18001988635e-06 3.10746911641e-07 1.00776352642e-06 5.56188032396e-08 7.2259293954e-07 1.25498694671e-06 2.54538021486e-07 1.85225676541e-08 8.75979610163e-07 9.96329331249e-07 9.66648385244e-07 6.17409149328e-07 1.01482299854e-06 1.93822386524e-07 2.34768988221e-06 1.22954799338e-06 2.29314239171e-06 2.21823027658e-06 5.85405681183e-07 7.89684562338e-07 2.84618043204e-06 2.50749203435e-06 2.012538561e-06 2.50959395773e-06 4.87838919415e-07 1.3170970778e-06 6.64082098836e-07 1.06862954399e-06 1.10658979857e-06 7.94746660666e-07 2.75656036572e-08 2.70800375058e-07 1.22949583446e-06 6.86700656846e-07 1.25456250123e-08 1.09706339505e-06 2.35356498353e-07 1.13082956814e-06 4.56757339264e-07 1.91569851061e-07 2.69719559141e-07 2.18694627469e-07 2.17169367194e-07 4.70978044114e-07 1.31333674802e-06 1.37439205019e-06 2.1587430015e-06 1.23776878401e-06 1.04117849852e-06 3.43842313174e-07 4.68206726095e-07 3.43954456534e-06 4.33302989863e-07 5.25591118626e-09 4.24155617123e-06 4.39597924719e-07 5.29192274172e-07 3.60043410938e-06 2.11334380113e-07 2.04379261119e-06 1.35096216993e-06 1.47520438349e-06 6.06589108772e-06 1.19544165137e-06 1.73472502674e-06 2.10421561173e-06 2.08646318187e-06 2.06590087642e-06 7.16033344786e-06 2.63664013287e-06 1.15135564978e-06 2.35142106374e-06 5.25476734782e-07 3.89887883708e-06 5.95580747206e-07 4.65205520214e-07 4.61722069936e-06 2.64620315433e-08 4.88117635164e-07 3.53009437239e-06 5.0584200767e-07 3.80296652023e-07 1.10728132358e-06 1.30539786908e-06 1.97820364106e-06 1.23987479906e-06 1.30492264265e-06 4.17053528292e-07 2.10682373623e-07 6.2885763009e-07 4.41949206999e-07 9.4385709428e-07 1.30209614565e-06 2.32980371284e-06 1.04303630519e-06 1.31107170132e-06 1.25403571984e-07 1.66250569719e-06 2.04774115297e-06 7.51108861527e-07 1.26755216087e-07 2.536875902e-06 2.50294272289e-06 4.28446464859e-07 3.67266958499e-06 2.05801170461e-06 5.63089072042e-07 4.95908874186e-06 8.59605937109e-07 6.38770517647e-06 4.1290092273e-06 1.0885067249e-06 2.84586668572e-06 2.80809271444e-06 1.18837855069e-06 5.97919007893e-06 7.7852965296e-06 1.64555880618e-06 5.90577646611e-06 7.28227439977e-07 2.40208269039e-06 3.9495866079e-06 4.81319555761e-07 2.72081727338e-06 2.49831976323e-06 2.2422329112e-07 7.55206917439e-07 2.08200978169e-06 1.56763681213e-06 8.79526037367e-08 1.18998356283e-06 8.20432232629e-07 2.24105439337e-06 1.12809984828e-06 8.5769421567e-07 3.94676995835e-07 6.09737303292e-07 2.04623978586e-07 6.55645678971e-07 6.5233855153e-07 9.42818823322e-07 5.07041595789e-07 1.06940624165e-06 2.86407039809e-07 4.52141593379e-07 1.54386096677e-06 2.27189102992e-08 2.19918978007e-07 1.51657914983e-06 5.42615585945e-07 5.55935361849e-07 9.45240254095e-07 8.69005204735e-07 1.09199633407e-06 9.9789539652e-07 1.58817742192e-06 2.28023052111e-06 2.31872958712e-06 1.3460897892e-06 5.33183283672e-07 2.25227944211e-06 3.68407071969e-07 1.5127376659e-06 3.37722588265e-06 2.42111528716e-06 2.52496027216e-06 1.08763275984e-06 1.71759649161e-06 1.12437436262e-06 1.00229854919e-06 5.85842980982e-07 3.88791353472e-07 1.45225631955e-06 2.99204828106e-07 8.72195017427e-08 1.72819952875e-06 3.98579278446e-07 2.84486923949e-07 1.09205901009e-06 4.31596696391e-07 8.99046439944e-07 5.05693556485e-07 6.19019102009e-07 2.15751119326e-07 3.34203218748e-07 5.80955268489e-07 1.18266034111e-06 1.33332795035e-06 2.49578935264e-06 1.39766965571e-06 1.8781421283e-06 2.86281583154e-07 2.11388237352e-06 2.02219138465e-06 2.04756160137e-06 1.94375334291e-08 5.06352309572e-06 2.31949935298e-06 7.77565877454e-07 7.06089691299e-06 7.67030614103e-07 2.16660562845e-06 5.68100961146e-06 5.68600288854e-07 9.39779765319e-06 1.72553287034e-06 2.61005516255e-06 3.70914009996e-06 2.58533707378e-06 2.45929798539e-06 3.8461907796e-06 3.38471611067e-06 2.96315287761e-06 1.18147178777e-05 1.51696924265e-06 5.69684162591e-06 2.65753394745e-06 1.05808181058e-06 6.9535751011e-06 1.080477014e-06 2.60251026509e-06 5.66106001857e-06 9.27813539314e-08 2.09635388419e-06 2.30591167556e-06 1.96831592163e-06 3.10960047838e-07 1.66368595741e-06 1.38329216608e-06 2.2509679707e-06 1.23943038012e-06 1.01040389546e-06 5.34192135814e-07 3.18573257575e-07 2.89457127513e-07 6.75916995005e-07 3.65435423143e-07 1.0172914164e-06 5.49985845865e-07 4.83061464976e-07 3.43747106654e-07 5.93681050599e-07 1.02880325499e-06 2.47957532757e-07 3.01874837019e-07 1.08473838367e-06 1.10103127288e-06 4.7340645559e-07 1.75526855023e-06 1.20402069267e-06 1.96835668898e-07 2.0685840634e-06 1.27226018296e-06 2.32624815999e-06 2.21192891513e-06 2.69069066502e-07 1.31660850322e-06 1.74837841106e-06 2.05432396055e-07 1.89625032316e-06 1.57148952269e-06 3.24377640422e-07 3.38434049424e-06 2.56313965626e-06 2.01674444658e-06 2.54413684399e-06 3.62882254185e-07 1.42231612042e-06 1.87831273011e-06 5.91323484136e-07 1.0308597653e-06 1.08708656206e-06 4.16220902195e-07 3.00028733022e-07 1.18764113884e-06 4.94774295907e-07 3.12237441158e-07 4.9730228728e-07 5.72613818466e-07 8.4712913395e-07 2.96231382458e-07 5.79315691171e-07 2.55090257276e-07 6.81730673718e-07 1.37434445499e-06 8.75028101648e-07 2.30927822332e-06 8.49583098841e-07 1.50610657581e-06 3.4919505925e-07 1.54640592975e-06 2.53984948798e-06 1.09190787748e-06 1.34189184071e-08 4.76288142925e-06 1.43412575546e-06 1.18650092109e-06 4.04221907405e-06 1.6011256587e-06 3.02648787491e-06 2.23344735687e-06 2.43580686113e-06 7.70020891312e-06 1.93252349592e-06 3.3383341523e-06 1.54243686667e-06 5.48233888086e-06 2.23278455903e-06 2.45452018774e-06 6.09839937515e-06 1.39818878187e-06 4.27013153686e-06 3.34562247665e-06 8.87667578639e-06 4.22872333931e-06 2.26821051789e-06 3.58448803891e-06 2.37660125146e-06 3.91713296806e-06 1.36512729186e-06 1.32702272358e-06 5.48047176377e-06 1.09799728562e-07 1.18182981639e-06 2.94289243394e-06 1.23906392521e-06 2.58349281425e-07 1.39448074641e-06 6.89905947095e-07 1.99768823914e-06 7.76801769395e-07 1.12654333572e-06 6.28276391876e-07 8.8694225202e-07 1.29705325934e-06 1.00947946338e-06 2.41273550482e-06 1.21266734215e-06 1.28475511809e-06 8.40921835299e-07 1.65466496683e-06 2.13743455425e-06 1.50115203089e-06 3.46251189169e-07 2.41142514074e-06 3.38750294542e-06 6.03870942176e-07 5.26300591188e-06 1.84623013023e-06 1.27695155756e-06 5.89393233337e-06 6.32567063033e-07 7.03340329211e-06 4.19221214794e-06 8.94812864718e-07 3.925039631e-06 1.12711744773e-06 2.10255314558e-06 3.07316062222e-06 2.02536053241e-06 1.34319639958e-06 4.34216481715e-06 1.29458474384e-06 7.01112278694e-06 8.41434697742e-06 1.13058760046e-06 6.32573629343e-06 1.8620756713e-06 2.24361037296e-06 5.39208528729e-06 8.83933031724e-07 3.48077766112e-06 2.54172501625e-06 5.24247037844e-07 1.47746763809e-06 2.46622130784e-06 1.51050070178e-06 8.7738542709e-07 1.26436454251e-06 1.25407417129e-06 2.1899795793e-06 7.45338931876e-07 1.03567325324e-06 8.26434996942e-07 6.66343700434e-08 2.52851634816e-07 3.59674439892e-07 6.92295285352e-07 2.43860485118e-07 5.42929040312e-07 1.25937067771e-07 3.54386783076e-07 7.85172868821e-07 4.23568826557e-07 1.13709358418e-06 6.95964021699e-07 3.3840188454e-07 1.22170227745e-06 6.42411677418e-07 6.80582028969e-07 1.52406486188e-06 1.37286767223e-06 2.38882220491e-06 1.82771888583e-06 1.19625504356e-06 5.6328831529e-07 2.5085834327e-06 3.72426476934e-07 2.15851382226e-06 2.10586678485e-06 4.39133203316e-07 3.00417007611e-06 4.50815617425e-07 1.34205244595e-06 3.00235278912e-06 2.76374143801e-06 2.57866278401e-06 1.44079804338e-06 8.55707277542e-07 8.62732949589e-07 1.31163496543e-06 3.56738529576e-07 5.44562226778e-07 1.41611245573e-06 3.86251028032e-07 8.75225190734e-07 3.10218873112e-07 5.06606723414e-08 4.98306273624e-07 1.66082476195e-07 6.10066975287e-07 2.42619283366e-07 2.03716027187e-07 5.64026546017e-08 4.64140807522e-07 9.20994972901e-07 3.61180865328e-06 1.44345859743e-06 1.65895838769e-06 1.1328413158e-06 1.5329317109e-06 2.80143629531e-06 2.03810864108e-06 3.10643549956e-07 3.59953253032e-06 3.59863186602e-06 4.77440175859e-07 6.77921662253e-06 6.1532154887e-07 2.2716746561e-06 5.14513754855e-06 1.39706242159e-06 9.4664529462e-06 1.4499771542e-06 2.47460214403e-06 3.93368236556e-06 1.709228253e-06 3.12446634859e-06 1.8847026062e-06 6.24354951034e-06 2.1087363498e-06 3.39346389162e-06 2.37709918502e-06 4.78570960012e-06 3.47265118326e-06 2.45643471379e-06 1.15659525716e-05 2.87643201208e-06 5.20662309466e-06 3.21020365655e-06 1.37367218865e-06 7.05758630405e-06 8.86512169732e-07 3.33495805671e-06 3.91368731271e-06 5.20339030143e-07 1.87806753778e-06 2.70532560795e-06 1.408758922e-06 1.10095381337e-06 1.45111252184e-06 1.28939084781e-06 3.07999132816e-06 7.29329523299e-07 3.52567322313e-07 2.14613081547e-07 5.56122359081e-07 1.86305769612e-06 6.74115702911e-07 9.70724012425e-07 3.54774967299e-07 9.89665413925e-07 1.20033898083e-06 1.08293349099e-06 1.87967546109e-08 2.08960045467e-06 1.78475339504e-06 6.66014645109e-07 2.79964217809e-06 1.41953885041e-06 6.3664508429e-07 3.7324808263e-06 1.80394569214e-06 5.41584459071e-06 4.2050056054e-06 6.95592039179e-07 2.16235023752e-06 3.70442397931e-06 7.73973305173e-07 3.82614830839e-06 2.235994435e-06 1.91853088851e-06 4.39681999242e-06 8.59420726844e-07 3.79871397652e-06 2.43419410859e-06 7.05699615442e-07 6.58227211261e-06 6.32285087593e-06 3.19458664357e-06 4.88582584412e-06 9.70905831026e-07 1.83849871342e-06 3.42508143385e-06 7.07580900724e-07 1.70380698424e-06 2.54941268356e-06 5.9332765175e-08 1.04789139662e-06 1.30800226707e-06 1.07999667064e-06 2.27112829737e-07 7.57446730569e-07 5.97139785692e-07 1.56059635191e-06 4.15613883525e-07 1.78342917787e-07 1.79590841846e-07 1.0645793795e-06 2.38000815678e-06 1.19650660029e-06 1.29019582796e-06 8.64767436129e-07 6.3929003237e-07 2.57822183032e-06 1.13338884987e-06 2.74179670577e-07 2.48899849111e-06 2.43148453305e-06 6.73979958172e-07 2.78172843163e-06 9.7117896004e-07 2.2452050253e-06 2.46713382834e-06 2.22616400348e-06 6.4885995436e-06 2.92662558377e-06 2.86098411368e-06 9.13744492874e-07 3.88152128144e-06 2.36739685805e-06 1.74652002842e-06 6.31950832783e-06 7.94791687798e-07 6.16054537368e-06 2.0204190992e-06 2.44534550819e-06 4.50636591613e-06 6.9644888769e-07 3.40022669076e-06 5.04555868888e-06 7.12416842404e-06 4.22516966602e-06 2.80365653157e-06 2.90182137476e-06 1.70911119992e-06 3.17712039904e-06 1.01796072545e-06 2.30635922558e-06 2.73322103209e-06 3.67223033877e-07 1.00051553696e-06 2.38361305086e-06 7.58955830727e-07 6.39213519422e-07 1.24790997193e-06 1.06052161717e-06 1.88496869642e-06 8.11354582186e-07 1.53095442423e-07 5.81475833943e-07 1.59146173035e-06 3.05330310376e-06 1.08419435306e-06 2.46283815145e-06 1.30944021295e-06 7.11597423141e-07 3.03543801599e-06 1.46968892956e-06 9.09344499653e-08 3.43551000186e-06 2.90076514302e-06 1.31392261543e-06 4.28902027507e-06 1.67271085324e-06 1.31739945331e-06 8.07899056907e-06 1.28509819397e-06 9.26770347511e-06 4.82388962437e-06 1.69792446904e-06 4.37578328436e-06 1.24728008977e-06 2.28589121684e-06 4.74340018259e-06 2.53563364602e-06 2.46815484099e-06 2.36323036196e-06 2.90690186564e-06 5.12128966783e-06 2.51220073387e-06 1.63650260415e-06 4.73514335242e-06 2.37082153449e-06 7.57646807061e-06 1.08039996294e-05 2.5568789782e-06 9.12779993434e-06 2.04089296386e-06 2.43008034976e-06 5.089821601e-06 1.60266995639e-06 3.02322955209e-06 3.64458272359e-06 1.64842987161e-07 1.25811130003e-06 2.69698201655e-06 8.92638205183e-07 1.08112838828e-06 1.94940434389e-06 8.83649210516e-07 2.34420187487e-06 1.23955664347e-06 4.92196187929e-07 8.43509571195e-07 1.88649854314e-06 4.58756558809e-07 1.36069494774e-06 7.35640922573e-07 3.59635971918e-07 2.0165004802e-06 1.06390206252e-06 4.94603540085e-07 1.94480777524e-06 1.70804455446e-06 2.95746449362e-07 2.09350966403e-06 9.92762267597e-07 1.2946654333e-06 3.51734279522e-06 2.84023860726e-06 5.4362698998e-06 3.96740106819e-06 1.68041158638e-06 1.89898600714e-06 3.50041076433e-06 5.65105661941e-07 2.6428618196e-06 4.25743643998e-06 1.0218914225e-06 4.92949274943e-06 1.03299179972e-06 4.13991668669e-06 2.95270170425e-06 7.57012641625e-07 4.38504559522e-06 2.04581311828e-06 2.09866002115e-06 6.25749396693e-06 6.16677122304e-06 5.17135121371e-06 3.66137305025e-06 1.96183303653e-06 1.47413159577e-06 2.36484915804e-06 4.21018277646e-07 1.80340862126e-06 1.94307169518e-06 6.34416213577e-07 1.160990447e-06 1.83126081897e-06 3.40890561426e-07 6.51694255062e-07 9.36444075475e-07 3.71949573102e-07 1.52957399301e-06 6.84539581435e-07 1.19439314231e-06 3.80570204736e-06 8.88392497881e-07 2.31288860788e-06 8.3625874122e-07 8.64327020369e-07 3.83096041687e-06 1.52110495018e-06 2.94312365597e-07 4.50304748402e-06 2.79941106756e-06 1.51489956401e-06 3.97128685089e-06 2.92488309457e-06 2.66770165795e-06 7.31463033322e-06 2.13021893329e-06 1.18298223583e-05 3.54172483292e-06 3.53461115946e-06 3.38887445732e-06 3.50817291662e-06 3.33425340605e-06 1.41298074825e-06 6.51869030774e-06 2.2846705084e-06 2.99883694988e-06 3.5425029841e-06 2.30398694163e-06 6.53478057124e-06 1.69494561663e-06 3.56444744326e-06 4.5117230204e-06 3.74440171714e-06 5.0851505955e-06 6.30474292561e-06 1.39624327319e-05 3.97575847269e-06 7.911596446e-06 3.73349708197e-06 3.89022257807e-06 5.03209342063e-06 1.82360148818e-06 3.00674198963e-06 4.6295099684e-06 4.54744379253e-07 1.38720863726e-06 3.44630153651e-06 8.94795903548e-07 7.96402651754e-07 1.73812807824e-06 5.22444146217e-07 2.5936788727e-06 1.06847890987e-06 3.57990796916e-07 2.84650825714e-06 7.53701663407e-07 1.81922121695e-06 3.0575346853e-07 7.54226565844e-07 4.02420026092e-06 8.33070482733e-07 5.0400792881e-07 2.65003043363e-06 2.49600233431e-06 5.5934698751e-07 2.25840253753e-06 1.42593758601e-06 2.01860519084e-06 6.36301148274e-06 2.23050137749e-06 7.78759621369e-06 5.54776218435e-06 1.96256451542e-06 2.80199050539e-06 3.4160042152e-06 1.8348777077e-06 3.06305751319e-06 1.7391785896e-06 1.48677212411e-06 4.8269932121e-06 1.21029556902e-06 4.81768682853e-06 1.60590199253e-06 2.01990227273e-06 3.29327016761e-06 2.38063243484e-06 3.73875781718e-06 3.06312434105e-06 2.28268228494e-06 8.31683666639e-06 8.9896294117e-06 4.35226024916e-06 6.32962786018e-06 2.55035472631e-06 2.05479475614e-06 2.6452185565e-06 8.60782003877e-07 2.61884911709e-06 2.57210895495e-06 6.44923679868e-07 9.11874513777e-07 3.53135129298e-06 7.16132985163e-07 3.31584367688e-07 1.41477306977e-06 4.78449584617e-07 1.86198395293e-06 2.97952475005e-07 2.94382879779e-06 5.43203841759e-07 2.5654544108e-06 1.69504225773e-07 6.71179238155e-07 2.77901215762e-06 1.09028833391e-06 2.55007604162e-07 3.62263745156e-06 2.36768686857e-06 1.26684766913e-06 2.32871008221e-06 2.24359612216e-06 1.63584444241e-06 6.60326607302e-06 2.52689248678e-06 8.34560344328e-06 3.47131498404e-06 2.98806600227e-06 1.79423547591e-06 4.15617004723e-06 1.62645798053e-06 2.30960537219e-06 4.88852647577e-06 5.4674032147e-07 4.51993315391e-06 2.1672691325e-06 2.14838248868e-06 4.80504118743e-06 6.45563703154e-07 4.82520800137e-06 2.955966369e-06 1.82955222721e-06 4.8303173481e-06 2.31000320134e-06 4.08344196525e-06 5.94012140683e-06 9.48857266377e-06 4.3706441634e-06 6.83183782299e-06 2.57554143885e-06 2.89078761301e-06 2.8472328513e-06 1.4996278354e-06 2.57685650092e-06 3.39189201065e-06 2.7536180104e-07 1.06292273654e-06 2.19272877671e-06 6.37042429817e-07 1.650042971e-07 2.0714688132e-06 2.4168329149e-07 2.11680516705e-06 3.00019362044e-06 8.89793670821e-07 3.05095925242e-06 4.00202813504e-07 1.63703612442e-06 3.96344658057e-06 5.58136317255e-07 8.71692702796e-07 3.69445351667e-06 3.79183284086e-06 7.31457687611e-07 3.96050381742e-06 2.26244409991e-06 3.25506436333e-06 8.5884544825e-06 3.76452615937e-06 1.19650672288e-05 5.05155726994e-06 3.48010007925e-06 4.4825723901e-06 4.22491804397e-06 2.9722547154e-06 3.41441948265e-06 4.766812137e-06 2.23952224859e-06 2.42389988351e-06 2.53688298867e-06 6.22953647975e-06 2.63427026043e-06 2.59209824868e-06 2.40345572693e-06 5.13394862816e-06 3.81174208475e-06 3.2642768587e-06 4.45195427169e-06 4.8857555202e-06 4.27081654072e-06 8.32759463967e-06 1.39171287848e-05 6.61468049589e-06 8.73966760408e-06 4.23612298132e-06 2.85812679975e-06 4.54984669547e-06 9.8658897919e-07 3.88930086697e-06 3.3484674483e-06 9.80230837086e-07 8.14980297036e-07 3.32551591349e-06 1.2906471214e-06 3.28854351612e-07 2.1662338787e-06 4.71979100097e-07 2.01495832072e-06 1.70606539159e-06 1.11650480741e-06 3.09678527118e-06 2.28546757511e-07 1.91985919127e-06 4.59150927251e-06 9.12039098055e-07 4.91287554894e-07 5.55479156338e-06 2.36198052683e-06 1.66290703787e-06 3.26676665605e-06 3.04602047852e-06 2.26435138904e-06 7.64645548458e-06 2.67335085304e-06 1.02528782927e-05 6.6711024127e-06 2.11419759556e-06 3.01869180779e-06 5.77319438052e-06 1.66577078247e-06 3.48143482184e-06 4.41604106753e-06 1.40192876056e-06 5.21884157045e-06 7.21378074497e-07 5.24300135513e-06 4.94474855197e-06 7.4884077458e-07 5.90484381747e-06 1.38757742579e-06 4.32266347724e-06 4.08510733374e-06 1.97519009287e-06 6.29942191144e-06 3.48472615243e-06 3.06537059088e-06 1.06385622113e-05 1.10505740798e-05 4.61701439692e-06 7.97224923359e-06 3.19817887888e-06 4.01231846144e-06 4.10510456105e-06 1.91679246314e-06 2.40634502279e-06 5.22458208842e-06 5.05955174577e-07 1.02158286275e-06 3.76141375042e-06 1.44497953417e-06 1.56747618527e-07 2.45557656162e-06 5.40435145443e-07 1.1497654114e-06 7.9405633726e-07 1.76666469692e-06 3.63122349677e-06 4.04570519953e-07 2.00811897354e-06 4.50629408206e-06 8.82387808478e-07 6.55454793829e-07 4.23777998439e-06 3.41766535824e-06 1.14454970687e-06 3.08005191518e-06 2.74727350416e-06 3.31444157692e-06 7.81038684218e-06 3.45387114107e-06 1.17010154584e-05 6.3742743763e-06 3.67372149547e-06 2.44195232399e-06 5.77675891446e-06 2.9657493422e-06 2.85030375372e-06 5.57453699605e-06 1.99664657854e-06 3.616809493e-06 2.22662080688e-06 2.57238378709e-06 3.57420060287e-06 2.74824423799e-06 2.19942340666e-06 3.99940122956e-06 1.8223832114e-06 5.6508892604e-06 3.553807404e-06 3.45448994202e-06 6.03929354709e-06 2.84273652156e-06 4.92930830489e-06 9.83472390645e-06 1.32989231066e-05 6.11773100242e-06 7.88458045901e-06 4.21552709556e-06 3.27596032371e-06 3.75243952529e-06 1.20560699288e-06 3.91427478576e-06 4.12652131116e-06 4.16234781106e-07 1.05054520204e-06 3.46654522128e-06 1.33061214411e-06 1.90854540059e-07 2.64324087956e-06 9.47290589196e-07 5.53621293812e-07 1.72328661674e-06 4.33380169072e-06 4.1553652898e-07 2.08653983754e-06 4.33452736869e-06 1.06494746201e-06 1.83308985097e-06 4.61132265615e-06 1.97273996809e-06 2.70219046358e-06 2.34342120866e-06 3.47688503622e-06 2.59361313262e-06 9.27962435431e-06 3.296545621e-06 1.12083988211e-05 7.13944858358e-06 2.84581550376e-06 3.8446722971e-06 4.65448432322e-06 2.36922392285e-06 3.60108441825e-06 3.90597474138e-06 2.29042011607e-06 3.51128317225e-06 1.45925863569e-06 5.6093098258e-06 1.75602374299e-06 2.06227844456e-06 5.35426889618e-06 1.53091652569e-06 4.42152142829e-06 2.21116780962e-06 4.04599539146e-06 4.33788811301e-06 2.49841443468e-06 4.99710244352e-06 4.89261666597e-06 3.80826379382e-06 1.1696950312e-05 1.23787263605e-05 5.54226460916e-06 9.37531010683e-06 3.72803792992e-06 3.88121912494e-06 3.20074654543e-06 2.76525475813e-06 2.34159777234e-06 4.1322977349e-06 1.51765237799e-06 1.20392900415e-06 3.47190881877e-06 1.77341587222e-06 1.32149145228e-07 3.21651096794e-06 1.02831444487e-06 1.02319766594e-06 3.04281332248e-06 6.9876632598e-07 1.27847073479e-06 3.38968810865e-06 1.22524410372e-06 1.77883890728e-06 4.07230633993e-06 1.37005965006e-06 2.27824011558e-06 2.41002108521e-06 3.3370918371e-06 3.46348636689e-06 7.89018073637e-06 4.08130724328e-06 1.10000347035e-05 5.65926670946e-06 3.45117996709e-06 3.1808247745e-06 6.4043453082e-06 1.68987411191e-06 3.46408920381e-06 5.10584753976e-06 1.90070398782e-06 3.4920416294e-06 2.06849022757e-06 3.70015260537e-06 2.89346494399e-06 1.34751127953e-06 3.05219007089e-06 4.28630526754e-06 1.61922306621e-06 4.21413566936e-06 2.06317252018e-06 4.94620951609e-06 4.07436907399e-06 1.95182575174e-06 6.69208902091e-06 3.59312621329e-06 4.34154313628e-06 9.05637339401e-06 1.18962726976e-05 6.82991746696e-06 7.46801533312e-06 4.08822706639e-06 3.54999356729e-06 3.30528271963e-06 1.66036194095e-06 1.83850712772e-06 3.4822182088e-06 1.084140575e-06 1.16990353824e-06 2.37864123241e-06 7.30909617926e-07 2.78409227882e-07 1.68519862006e-06 7.37034873396e-07 3.46952437819e-06 1.06436243576e-06 1.5061154678e-06 5.6046092367e-06 1.61090715107e-06 2.15982645007e-06 4.7947469823e-06 3.60786239825e-06 3.86517148854e-06 2.92427838144e-06 6.31820941395e-06 3.52644887446e-06 1.17561878601e-05 4.45077066999e-06 1.47647468752e-05 7.92818580795e-06 3.4908008303e-06 4.63515432166e-06 6.28623515997e-06 3.60846125342e-06 3.31190412533e-06 5.70730222092e-06 3.44779356476e-06 4.40902622819e-06 2.43553660924e-06 4.99359574764e-06 3.25913420584e-06 2.86488370205e-06 2.40525606557e-06 4.00033722733e-06 5.07832517753e-06 2.35977819969e-06 5.45331255916e-06 3.02311766669e-06 5.71298376173e-06 4.13223863584e-06 3.74689488619e-06 6.60356713104e-06 5.62855317708e-06 4.65838946367e-06 1.22363547454e-05 1.6248034357e-05 7.37893292337e-06 1.25731569624e-05 4.09691420812e-06 6.29712126686e-06 4.39693185242e-06 3.08483653181e-06 4.04966972814e-06 4.53223408535e-06 1.44464449633e-06 1.11634639709e-06 3.48737890828e-06 6.45746228739e-07 4.44471031316e-07 1.80847085532e-06 1.35058566363e-06 2.23668183636e-06 7.20741450768e-06 3.14670381977e-06 1.01250572113e-06 4.18120769981e-06 4.31607061975e-06 3.19838078261e-06 2.77987236255e-06 5.95075181754e-06 5.37945528793e-06 8.93787679623e-06 5.61194862322e-06 1.41184422623e-05 1.00882580679e-05 3.14221154665e-06 3.6139744173e-06 7.04919762983e-06 2.59867963773e-06 4.5153292571e-06 3.96356618206e-06 2.64244912276e-06 4.07773150291e-06 1.62726798408e-06 5.04893098564e-06 3.11507394679e-06 1.78650615442e-06 4.11245716747e-06 1.91030881793e-06 2.99237280337e-06 5.22138597315e-06 1.73992806045e-06 5.24714116083e-06 2.51634309466e-06 4.69935900749e-06 5.88427701101e-06 2.91183935144e-06 7.33690303745e-06 4.03518140536e-06 4.34296056077e-06 1.45526309306e-05 1.45472831729e-05 9.1071784662e-06 8.34878588057e-06 5.69932674755e-06 5.58863332123e-06 3.71570885436e-06 2.24792466197e-06 3.9627417414e-06 3.96076495633e-06 5.67688624089e-07 2.02419777215e-06 4.54126564439e-06 9.77954348926e-07 7.2028149494e-07 8.80130557698e-06 8.28151821927e-06 3.72483192319e-06 3.85134248608e-07 4.55887677143e-06 4.70515880932e-06 3.98878313475e-06 3.27045235367e-06 6.94811828345e-06 5.2955831827e-06 1.4438269789e-05 4.14298429399e-06 1.66912080798e-05 9.82617843961e-06 3.98639247473e-06 3.39308714266e-06 7.13664990977e-06 3.84214775519e-06 3.60465065021e-06 6.66212961191e-06 2.69529593777e-06 4.54426188191e-06 2.42602398663e-06 3.82045443808e-06 4.36453552053e-06 1.49618168023e-06 4.22653563543e-06 4.72149222842e-06 1.45661713379e-06 4.87273931193e-06 3.87684315932e-06 2.54109225338e-06 5.77618036049e-06 2.4787114474e-06 7.02060174481e-06 4.57983137304e-06 3.62570192348e-06 7.82103874612e-06 4.15143611832e-06 5.67493889303e-06 1.4472417448e-05 1.86457014989e-05 7.11880420339e-06 1.61332843272e-05 5.63305095407e-06 7.13068923121e-06 4.82480276378e-06 2.87570019174e-06 4.10585537e-06 3.94677158904e-06 4.01120757071e-07 2.53769446371e-06 5.12393816959e-06 2.56145981661e-06 2.33577286653e-05 1.68778532527e-06 4.67969494491e-07 6.75191219238e-06 4.30302438084e-06 2.39904076845e-06 3.96872631327e-06 6.29806947913e-06 4.84000770394e-06 9.0648154165e-06 6.29551460975e-06 1.44081843538e-05 9.76901228745e-06 3.95051504652e-06 4.52806220112e-06 4.97246083215e-06 3.11869970428e-06 3.45360270558e-06 3.93816162119e-06 3.50256095146e-06 2.58064143479e-06 1.49020569796e-06 4.21055571386e-06 2.07455571533e-06 1.14250729398e-06 3.01008362924e-06 2.37066388301e-06 2.8853742937e-06 1.47907028962e-06 1.7701926966e-06 4.49271313785e-06 1.28622309405e-06 3.29080296772e-06 3.24433555438e-06 4.1819105861e-06 4.32034973049e-06 3.44368405521e-06 5.31436641003e-06 4.90409630026e-06 5.40877145924e-06 1.37826677585e-05 1.51929222314e-05 1.03990382723e-05 9.12004116911e-06 4.85621097259e-06 5.25309501316e-06 4.79146618821e-06 1.84932501024e-06 3.33824454731e-06 5.31641221588e-06 3.50524206475e-07 8.10020303263e-07 5.88333703887e-06 2.15074408248e-05 7.7144113644e-07 1.31819018986e-05 8.6816491617e-06 2.7783683749e-06 5.02807340439e-06 9.90840782934e-06 8.62896528533e-06 1.39328133978e-05 7.98804909378e-06 2.17107259276e-05 1.20197363927e-05 4.85473016601e-06 6.22969369741e-06 8.48196086009e-06 4.38452453615e-06 4.73434656858e-06 7.17749421998e-06 3.83010337817e-06 8.32079537094e-06 2.1022130565e-06 4.50498658876e-06 7.62664363835e-06 6.60681863552e-07 7.73384192167e-06 3.04622078343e-06 2.89472930404e-06 7.84868641419e-06 8.1080762152e-07 7.62946802852e-06 4.94228348541e-06 2.32974478224e-06 9.45863747145e-06 3.49882109326e-06 7.55566615863e-06 6.02688296242e-06 3.58417433125e-06 9.87581889456e-06 7.176911139e-06 7.41857173297e-06 1.62085895907e-05 2.36222727577e-05 1.21042185332e-05 1.63077925283e-05 9.56570858584e-06 8.747575822e-06 5.88494170066e-06 1.96399224423e-06 6.76656615113e-06 1.0005309019e-05 4.1082208762e-07 4.1494433187e-06 1.12281866101e-05 1.55962637209e-05 7.30363320389e-06 2.06045239907e-06 5.19381716815e-06 7.01460150068e-06 6.63416853404e-06 1.24815266413e-05 6.98787963015e-06 2.00084521485e-05 1.5896504639e-05 4.43381672918e-06 5.750675917e-06 6.81730496574e-06 5.48523047846e-06 3.85411224789e-06 5.87876438413e-06 2.74262054182e-06 5.33796595243e-06 2.00790206453e-06 3.33310772044e-06 3.75132755988e-06 1.21259269095e-06 3.13127146166e-06 2.903274705e-06 2.8086611038e-06 3.07747349455e-06 2.99685779797e-06 1.62223459806e-06 3.28993280005e-06 4.2513673151e-06 1.73842366733e-06 5.99954015892e-06 2.32245969011e-06 6.0355902597e-06 4.57603382544e-06 5.28955729134e-06 8.09968084401e-06 6.18289600028e-06 5.94938697785e-06 2.09633568551e-05 2.09279392034e-05 1.04455320306e-05 1.43159443196e-05 6.88645669447e-06 5.92799091969e-06 5.43661942295e-06 1.92532451308e-06 5.46474342142e-06 7.90160748425e-06 1.64671353327e-06 9.10705314952e-05 1.28198416865e-05 2.57885815118e-06 8.31536304875e-06 8.38923566078e-06 6.94164301796e-06 1.2267205602e-05 1.08913542969e-05 2.2901585888e-05 1.66997302318e-05 5.44075373596e-06 5.69150725695e-06 6.95874095131e-06 5.33402530401e-06 5.10773583876e-06 6.56216699305e-06 2.85135097686e-06 6.88448750493e-06 2.2484034318e-06 5.04220456585e-06 5.37589050503e-06 1.08610012558e-06 9.11170269534e-06 1.77571989427e-06 4.60200068198e-06 4.23398491849e-06 1.73814173305e-06 9.11052138686e-06 1.08684269608e-06 5.81247405553e-06 5.014144767e-06 2.75096583611e-06 6.92291975172e-06 3.0886622609e-06 6.18063322611e-06 6.25260365017e-06 4.41130913903e-06 7.97952434594e-06 6.29213072628e-06 8.71749989354e-06 2.17836367625e-05 2.4237475483e-05 1.62047172601e-05 1.40651889146e-05 7.8740726453e-06 7.28886574811e-06 7.99991524034e-06 3.13181341932e-06 5.65043873422e-06 1.78855335197e-05 9.3489798939e-05 9.65734391072e-06 2.21840143038e-05 1.21720880461e-05 9.53470626386e-06 1.25632828547e-05 1.43760838917e-05 2.73396037843e-05 1.89849148965e-05 5.69203884697e-06 7.40689523542e-06 7.91202442969e-06 6.09535691167e-06 6.66346617213e-06 9.23186215973e-06 2.69661525886e-06 9.07991637838e-06 2.8327344827e-06 6.77648645193e-06 5.07198232954e-06 1.3667774766e-06 5.10627723524e-06 4.39969283208e-06 2.86627257729e-06 5.04405955396e-06 2.65422558706e-06 4.73841607934e-06 4.6486698088e-06 1.84436948653e-06 5.37694356594e-06 7.16861464379e-06 2.3603586411e-06 9.35906808919e-06 2.2536069979e-06 9.13077852066e-06 7.10751142798e-06 5.63391346471e-06 9.62655467405e-06 8.69688178502e-06 8.21392744073e-06 2.35294940163e-05 2.90496840389e-05 2.01676482652e-05 1.52134857201e-05 1.05582056047e-05 1.08119436283e-05 1.12905161647e-05 4.99140704811e-06 1.32368916474e-05 5.60768517528e-05 3.36986962453e-05 2.41002083793e-05 1.72593347191e-05 2.08926714782e-05 1.65106083162e-05 3.37257984809e-05 2.41113296943e-05 6.36172514624e-06 7.4794887582e-06 1.16538089284e-05 4.16494472225e-06 8.66534308445e-06 7.5163267376e-06 4.32741651446e-06 7.13438742951e-06 3.66414335264e-06 6.40672240937e-06 5.43968388107e-06 1.84800446773e-06 6.33301811811e-06 2.38698988454e-06 6.21824420116e-06 3.67959461525e-06 3.30995633687e-06 6.43785275035e-06 2.27306858048e-06 6.19125539016e-06 1.71442020896e-06 5.894020972e-06 5.87497116445e-06 3.38332030031e-06 6.80884057952e-06 4.03601801066e-06 7.55122110387e-06 9.50463966537e-06 4.23215068769e-06 1.31416501557e-05 8.60320090006e-06 9.20200830153e-06 2.94809864048e-05 3.17908271934e-05 1.87318169707e-05 2.14719991815e-05 1.46445824776e-05 1.32049650086e-05 1.16924171085e-05 9.04603764991e-06 0.000125272353109 3.26901087001e-05 2.7010735208e-05 2.53910851077e-05 2.05912564377e-05 3.32640918103e-05 2.75840462094e-05 8.28614678094e-06 6.84820777499e-06 9.93662264585e-06 4.6265884921e-06 6.10388513565e-06 7.7403274139e-06 3.51050776854e-06 1.03991653044e-05 2.42359766402e-06 7.62518768871e-06 5.23397447728e-06 2.02001411277e-06 7.29014334853e-06 2.45328521733e-06 3.29131687587e-06 6.41546976801e-06 1.73732323982e-06 6.52599406998e-06 3.09057215326e-06 2.48318273387e-06 6.60134145028e-06 2.28443002783e-06 5.14307367504e-06 7.41092030241e-06 2.34929645614e-06 1.02800313483e-05 3.15785668561e-06 8.33155505092e-06 5.27800592632e-06 5.23199770819e-06 9.19830213044e-06 8.2087351333e-06 1.02587864392e-05 3.014178916e-05 3.06274229608e-05 2.07896636713e-05 2.28258403462e-05 1.56957591131e-05 1.14651968122e-05 2.63429888128e-05 0.000144403924979 5.09458533358e-05 4.68764302336e-05 4.12218887619e-05 4.45922636891e-05 3.62680493501e-05 1.32480918969e-05 1.14348556971e-05 1.85239200801e-05 4.53408061732e-06 1.65825259451e-05 5.99683355408e-06 4.02930996148e-06 9.64430187571e-06 2.73494971111e-06 6.79223994849e-06 5.445094267e-06 2.50379915013e-06 5.91243116622e-06 4.43339950523e-06 2.78535481637e-06 5.12998118184e-06 4.10222659837e-06 4.30978056354e-06 4.74369703286e-06 2.75187994907e-06 4.40367905395e-06 4.98370612469e-06 2.33898866642e-06 4.88287290834e-06 6.58218330042e-06 2.49443464642e-06 8.71774043834e-06 3.72762511904e-06 5.71266913589e-06 1.3287850883e-05 4.27603453574e-06 1.44724659782e-05 1.15105978747e-05 1.31949177067e-05 3.32862308825e-05 3.78024291685e-05 3.47556411769e-05 2.79672781417e-05 1.76256566242e-05 2.57288077138e-05 0.000201009975561 8.23708351056e-05 7.83399153293e-05 7.44134019602e-05 5.8001275255e-05 1.99653567722e-05 1.97107939998e-05 3.20558142568e-05 6.14108314928e-06 1.85729744197e-05 1.65828232475e-05 4.72528354496e-06 1.75088973911e-05 4.32710344461e-06 1.13526581935e-05 1.05801829588e-05 3.8326671688e-06 1.17369349701e-05 7.17318717838e-06 7.37207216994e-06 9.37156891081e-06 2.60754568635e-06 1.62449526414e-05 2.91953023211e-06 8.82715840681e-06 6.38778882831e-06 6.37297249109e-06 9.55764234301e-06 3.14367747269e-06 8.32432084056e-06 1.00069766264e-05 3.40826886684e-06 1.34381879692e-05 3.39111162292e-06 1.35948421778e-05 1.27503037406e-05 5.89167654912e-06 2.21805702218e-05 1.49445360746e-05 1.55757656392e-05 4.27257043576e-05 5.33348612814e-05 5.15795114051e-05 3.76032355852e-05 3.64000603212e-05 0.00050395670594 0.000125734510848 0.000110326796875 0.000108398154383 3.72557393698e-05 2.62290114602e-05 4.97495266951e-05 1.81874185153e-05 2.82268408769e-05 2.38284677222e-05 1.2328168017e-05 2.31477912029e-05 8.33983639264e-06 1.58122983572e-05 1.77301721245e-05 3.46826447516e-06 1.8413202125e-05 7.50427688696e-06 1.04608222552e-05 1.25950549174e-05 4.91992054026e-06 9.53999170442e-06 9.57534972231e-06 4.80724459702e-06 1.0984880478e-05 8.47448793981e-06 6.29415885648e-06 1.35286584707e-05 2.63442075367e-06 1.31697371311e-05 1.10642815766e-05 5.853377923e-06 1.38092560487e-05 7.73453220978e-06 1.43673603258e-05 1.69948576725e-05 9.53374029667e-06 2.87483816792e-05 1.69054308316e-05 2.08883195704e-05 6.68686751666e-05 7.24949787462e-05 6.59703642886e-05 8.45069196074e-05 0.000641835228685 0.000193550142769 0.000183236043742 6.11713240155e-05 4.68496930984e-05 5.55819975423e-05 2.53955983173e-05 4.27654890096e-05 3.7884399537e-05 1.28650452992e-05 4.90980195991e-05 8.93032834115e-06 2.85847796057e-05 2.10035314356e-05 7.29986039893e-06 1.68092608383e-05 1.12661397063e-05 1.20724431206e-05 1.44535164523e-05 1.00593514422e-05 1.32789001049e-05 8.12043183877e-06 1.23655352133e-05 8.21998272028e-06 1.14232625849e-05 9.31381925607e-06 7.70995484197e-06 1.10218904975e-05 4.43592453982e-06 1.1838310925e-05 1.54331789062e-05 4.39128487137e-06 2.42762387201e-05 6.29817675505e-06 1.74248030589e-05 2.02304214661e-05 1.11951720713e-05 2.53526422945e-05 2.05700007228e-05 2.68084795752e-05 9.43817700941e-05 9.7689328625e-05 0.00014056278365 0.00232168282022 0.000942047818729 0.000270811214037 0.000228922839502 0.000239830675338 8.62896741335e-05 0.000156519647757 0.000140984488847 4.93800165088e-05 0.000115660260846 3.84848273875e-05 7.2761448523e-05 6.22500343486e-05 2.29978540246e-05 6.8386469913e-05 2.98649496477e-05 3.96439422691e-05 4.65006298146e-05 2.57412822401e-05 5.12342397814e-05 2.5177126712e-05 2.41186909137e-05 4.50403999807e-05 1.95617494392e-05 3.36971819608e-05 2.51111878589e-05 1.7626901795e-05 3.69371975603e-05 1.08850233335e-05 2.86760637757e-05 2.86341060075e-05 1.37102041696e-05 3.90177835876e-05 1.40987570601e-05 3.70395492069e-05 4.11392411786e-05 1.94068111532e-05 5.07723944199e-05 4.63901511814e-05 6.32479062167e-05 0.000212769053747 0.000461136983735 









































