











































3.91533415808e-07 3.30289074914e-07 1.14696061842e-07 3.28202277534e-07 2.26526766723e-07 4.8447478146e-07 1.69297453938e-07 1.32093224493e-07 1.56896201533e-07 5.81035705235e-08 4.21120820599e-07 1.17669783037e-07 1.34535750768e-07 3.07387617666e-07 1.48879922334e-07 1.33862522706e-07 8.54925501873e-08 2.2400116862e-07 9.61457316293e-08 1.16268106978e-07 1.15972645443e-07 9.70242626789e-08 2.31385784791e-07 8.82106773225e-08 1.39492753967e-07 1.58620390824e-07 3.24617311902e-07 1.39470533382e-07 1.3066990956e-07 4.56310217512e-07 6.47132929938e-08 1.75966866405e-07 1.5353851288e-07 1.90868099065e-07 5.80693320209e-07 2.94545154194e-07 3.81936959856e-07 1.27514815771e-07 4.22874086752e-07 2.93153881073e-07 2.04091755833e-07 9.7905497285e-07 2.14326337806e-07 1.4385115244e-07 1.78918084812e-07 3.90169913018e-07 1.62203153647e-07 1.96285817596e-07 7.3203417653e-08 8.71766196615e-09 5.36440972648e-07 3.84208699713e-08 8.15549281581e-08 2.87567005425e-07 6.43601543614e-08 1.37394645541e-07 3.12743419064e-07 1.12169288272e-07 3.46795080989e-08 3.69444112578e-07 5.54218380206e-08 5.68968595681e-08 3.79489700128e-07 3.77386219944e-08 1.15219846101e-07 3.41645883483e-07 1.6093366084e-07 7.19793613305e-08 3.14081281658e-07 9.44734538549e-08 4.32629148088e-08 6.43418040647e-07 1.49227819035e-08 9.13115680008e-08 2.53175621479e-07 2.12504950783e-07 5.35713684902e-07 2.64421152867e-07 1.62822091807e-07 2.45546099568e-07 6.61806599498e-07 2.68971248552e-07 8.99282943012e-08 1.66503010682e-07 3.13148715473e-07 9.72173056077e-08 3.19464413678e-08 3.00421888696e-07 2.92205915743e-08 2.33487990998e-07 1.34832076255e-08 3.90474105358e-08 1.72750527742e-07 1.44719855254e-08 6.64570665578e-08 1.86081188819e-08 5.55976792506e-08 8.32443690276e-08 8.13643607049e-08 5.72965541622e-08 9.9782544482e-08 3.96535740064e-08 7.86675962052e-08 8.16672949327e-08 4.71403082358e-08 9.83672213499e-08 5.58540526462e-08 8.3402293236e-08 1.01759862507e-07 6.51731443026e-08 2.9388883425e-08 8.1349694297e-08 1.34705121715e-08 2.07739743892e-07 4.55467570394e-08 1.6313046112e-08 2.63377590707e-07 3.29147032711e-08 3.37692474867e-07 3.13503006802e-08 6.29015855145e-08 2.35699286581e-07 1.84286345315e-07 1.13267586352e-07 3.40387485955e-07 3.66224908851e-07 1.24286648368e-07 9.06265644198e-07 3.45147998567e-07 4.40461971855e-07 6.47276964166e-08 2.04835353158e-07 6.16620105718e-08 1.52285678616e-07 1.32640793164e-07 8.5909145193e-08 4.51053086667e-08 2.67536935063e-07 3.7171740502e-08 2.09795540424e-07 7.19208177286e-09 2.36212260403e-07 3.17862190233e-08 3.19100799104e-07 4.34733753213e-08 1.44903762451e-07 8.13176088474e-08 1.53086518337e-07 3.89092519488e-08 3.33194739132e-07 3.35264615379e-08 2.44540806178e-07 1.25155795946e-08 2.34785048126e-07 3.82444012347e-08 3.23278006212e-07 5.4431488049e-08 9.90838899495e-08 1.72245796522e-07 1.91012433065e-07 8.6653317686e-08 2.24910065623e-07 7.29579425664e-08 4.49067595834e-07 2.75364689969e-07 6.16200882358e-07 8.84676123219e-08 3.82280218728e-07 3.8384888943e-07 1.56904180522e-07 1.91416098351e-07 1.39056840844e-07 2.45964286607e-07 7.92382273354e-07 8.96988718909e-07 2.3265408584e-07 3.73319590008e-07 3.94801318627e-08 7.53689561893e-08 4.306250331e-07 1.05761199854e-07 2.36180097504e-08 2.64966291903e-07 3.78657969045e-08 1.72304419182e-07 1.08130631448e-07 1.05780093831e-07 9.36686207813e-08 1.91442775235e-07 7.04127222291e-08 1.74060353486e-07 1.54511139589e-07 7.46860223114e-08 1.52581677885e-07 1.64958796612e-07 7.09290198048e-08 2.22452957011e-07 1.09961679512e-07 1.19303431273e-07 1.20822547746e-07 1.76652571503e-07 4.21634862695e-08 3.01898939795e-07 1.92232863967e-08 1.14429521076e-07 4.4861063257e-07 8.40713874743e-08 3.53234435623e-08 3.79108751697e-07 2.36693498283e-07 7.90476655936e-07 5.58255546764e-07 2.3319611649e-07 1.38603996885e-07 2.81608977316e-07 1.93608738507e-07 2.47466014819e-07 2.82574495435e-07 2.87031257345e-07 3.77074798307e-07 5.64679438377e-07 3.15185942099e-06 7.87373997562e-07 4.97653935314e-07 2.40994613894e-07 3.93807664073e-07 4.23441417078e-07 3.58926275148e-07 1.16923591791e-07 8.00086513953e-07 2.45067192054e-07 3.76551619191e-07 1.87134818577e-07 6.91523305593e-07 1.31601192232e-07 6.82361009717e-07 1.34579183437e-07 4.28122713968e-07 4.10133675729e-07 3.90880999821e-07 1.94177532914e-07 3.90124060262e-07 4.15705781518e-07 4.30383302444e-07 1.36410856606e-07 7.00121958244e-07 1.36587290314e-07 7.4417281989e-07 1.92415789601e-07 3.91605218669e-07 2.58123748692e-07 8.36113984702e-07 1.26003539007e-07 3.59061930227e-07 3.88457694772e-07 3.59080595179e-07 2.23815004472e-07 4.56125964917e-07 6.36254707511e-07 2.00665454095e-06 5.0653067986e-07 3.98690757385e-07 3.34212119612e-07 4.05710468327e-07 3.05172321035e-07 1.51231385214e-07 6.41308877183e-08 2.06097789039e-08 1.09586155416e-07 2.05007194082e-07 5.20529552789e-07 8.00234249514e-07 2.32880054505e-07 1.95854082753e-07 9.17824833836e-08 4.5706335257e-07 1.59731023941e-07 4.34194874365e-08 3.15751648208e-07 1.36109582561e-07 9.49570728866e-08 2.09576722091e-07 1.36104738253e-07 2.20744985419e-08 4.48848510246e-07 3.40759906016e-08 5.8817075965e-08 2.78884662135e-07 3.92463267399e-08 7.21543751744e-08 3.52984525685e-07 6.42895984724e-08 3.87845424006e-08 2.77921297448e-07 6.09410032817e-08 2.79794186191e-08 4.58675328845e-07 2.76301229814e-08 1.36107947642e-07 2.19727638024e-07 9.51871093065e-08 1.35842275375e-07 3.06394269723e-07 3.50880068359e-08 1.41685738082e-07 4.079247075e-07 7.33757026605e-08 2.14586076612e-07 1.23390708218e-07 5.71599928294e-07 4.99448840351e-07 2.18639379458e-07 1.38179915706e-07 2.67451512478e-08 9.86141814052e-08 1.8232758292e-07 4.89955275107e-07 3.92397828118e-07 3.6397560004e-07 1.56703618224e-07 4.17047457563e-07 1.29641063273e-06 2.97937749306e-07 2.20549840685e-06 1.24652008677e-07 4.5321062399e-07 4.88759682009e-07 3.16334649579e-07 1.07975699662e-07 3.01249099655e-07 2.52626700824e-07 2.75167618775e-07 3.62731847132e-07 3.12203912296e-07 1.24546566485e-07 3.00615579023e-07 1.91550320877e-07 2.09380508556e-07 3.12348402417e-07 1.27449569492e-07 2.80953119909e-07 4.18192556412e-07 4.27502740767e-07 2.8085587476e-07 1.46690359469e-07 2.88093474047e-07 2.1290257662e-07 1.86524643129e-07 2.91747729804e-07 1.15630727733e-07 3.38415032626e-07 3.54433021149e-07 2.73691782503e-07 2.50386182826e-07 2.72309999325e-07 9.24931757751e-08 2.41796918944e-07 4.67363654364e-07 3.51842751252e-07 5.69069957663e-08 1.43848942851e-06 1.96478560701e-07 1.18881962352e-06 4.33329623533e-07 1.84929276756e-07 4.34582789313e-07 5.3674250523e-07 5.42715807716e-07 3.43913308008e-08 4.47580319603e-08 1.15324385772e-09 1.21376123748e-07 5.41522866951e-08 1.91870441347e-07 1.57978260504e-07 1.27356636864e-07 2.89839431353e-07 7.6761148871e-08 3.66523622529e-07 6.06448595977e-08 4.40154116806e-08 1.60115005818e-07 3.23946029491e-08 6.34094425064e-08 6.21400820797e-08 6.49981019961e-08 5.28768603849e-08 1.12247514383e-07 2.10460911026e-08 1.27232678615e-07 7.00744835752e-08 1.46970674527e-08 8.44936562267e-08 7.65721289125e-08 9.37603518732e-08 8.72631694766e-08 7.71267678986e-08 2.44178672425e-08 7.42335582326e-08 1.16534628847e-07 1.88622916544e-08 1.04086961506e-07 6.22999857888e-08 7.31564287316e-08 5.05309972945e-08 6.5967411718e-08 3.35193038158e-08 1.34030613177e-07 4.40457066302e-08 4.53470507623e-08 2.99260720266e-07 4.69810220203e-08 2.351029082e-07 4.17027820212e-08 1.7336875867e-07 1.89219721776e-07 5.4629631549e-08 1.65372687559e-07 7.64704060385e-09 5.52346538616e-08 3.98093977688e-08 1.91320450392e-08 1.51449441022e-07 3.92755446734e-08 8.65293659422e-08 1.09669250515e-07 3.51630307996e-07 1.8838424247e-07 3.55824276495e-07 1.20209769575e-07 7.20819654958e-07 3.14482146724e-07 3.04738052357e-07 2.05763066244e-08 3.93010310209e-07 1.42364777093e-07 1.1035897715e-07 2.34960236972e-07 2.40807320918e-07 5.81744741927e-08 2.79174626775e-07 5.22634756662e-08 5.71611024565e-08 3.34267045052e-07 5.59293711956e-08 5.80791107456e-08 3.20184889549e-07 1.06435260831e-07 1.06045805715e-07 3.02004300635e-07 6.18477380573e-08 5.11165215212e-08 3.45460739598e-07 5.73165932767e-08 5.71914197248e-08 2.72684400532e-07 4.86864089357e-08 2.29172969962e-07 2.31323004587e-07 8.57816566692e-08 1.26797847498e-07 3.1484914553e-07 2.15926971363e-08 2.96065659415e-07 1.82677692524e-07 5.39845975797e-07 6.21963126638e-08 2.9109246125e-07 1.535368882e-07 3.5709762834e-07 1.2146990743e-07 1.23953352188e-07 6.20533973462e-08 2.18661831333e-07 2.09097923817e-08 1.33875556021e-07 3.73364445947e-07 1.61264987073e-07 3.63741487619e-07 7.09055270882e-07 7.86106702998e-07 4.35572338962e-07 1.3411470001e-06 2.67461981318e-07 4.55663625543e-07 3.55857193485e-06 2.73500753257e-07 3.72183320088e-07 7.53690838476e-07 4.00681005819e-07 7.7043796767e-07 2.82693380009e-07 7.43931186861e-07 2.94669887755e-07 1.13443106275e-06 2.24953088684e-07 4.30571266754e-07 3.21817452202e-07 5.19525615133e-07 1.87613711833e-07 7.04372712188e-07 4.54839596568e-07 4.79582950464e-07 4.60515535581e-07 7.0207413837e-07 1.79223522409e-07 5.13894586356e-07 3.13596187635e-07 4.09900096168e-07 2.36542566681e-07 1.03819444859e-06 2.60763794864e-07 7.00493764604e-07 2.46993778428e-07 6.44190449517e-07 3.10355403221e-07 6.17094430822e-07 2.87929242004e-07 1.74366352344e-07 2.29928772375e-06 2.72841916594e-07 2.20162779504e-07 1.21358680743e-06 3.66915681656e-07 7.92820821875e-07 7.88218514541e-07 4.73466297567e-07 2.09065568689e-07 5.09475071281e-07 1.38538774537e-07 1.73586342171e-07 6.93561204571e-08 6.62775949062e-08 8.82976684913e-08 2.73735557133e-07 1.53437531867e-07 2.57553673659e-07 8.52790428744e-08 2.36117131954e-07 6.23539947677e-07 6.49130308718e-07 3.52117206007e-08 7.10555933854e-07 8.6318848666e-08 2.74923464739e-07 2.93060669567e-07 6.0242482777e-08 5.69125927599e-08 3.09935947081e-07 5.30378446569e-08 1.14790012602e-07 1.8580264849e-07 4.40108053171e-08 1.28259800928e-07 9.39904564484e-08 8.64028803577e-08 1.29350011135e-07 1.11633631821e-07 7.01162883826e-08 1.13231870874e-07 9.79882230187e-08 4.7514400274e-08 1.83243547475e-07 8.83737861153e-08 2.84556493628e-08 2.88732902985e-07 2.8079879239e-08 3.75495478694e-08 2.760168691e-07 2.58854297348e-07 4.41247202708e-08 5.56670086216e-07 1.84748032449e-08 5.15538983722e-07 3.13971584644e-07 2.41119077628e-07 5.45134965987e-08 2.41215030356e-07 1.40382216869e-07 2.72881483342e-07 1.00387009272e-07 9.09569442929e-08 1.00692207771e-07 2.19028433138e-07 8.41764201939e-08 1.32635306334e-08 7.23290255839e-08 2.64521641807e-08 2.03471322473e-07 5.06652942058e-08 9.93242885396e-08 3.45576213905e-08 9.60801311011e-08 1.9381633341e-07 5.35120627838e-08 2.87632718458e-07 1.62848548912e-07 9.38917120947e-08 6.36254358007e-08 8.43357377577e-08 1.36438824753e-07 1.99145165925e-08 1.49425226427e-07 3.97121157314e-08 6.84810109439e-08 1.19775995679e-07 5.06223283312e-09 2.97222286304e-08 1.62889814705e-07 5.55710581327e-08 5.63939785483e-08 1.21253259367e-08 5.75686435986e-08 5.04276319986e-08 1.5462412312e-07 2.3370575521e-08 6.28467705963e-10 1.12321716418e-07 7.32251216468e-08 3.14915292173e-08 1.17882759276e-07 2.36160724552e-08 1.15246863512e-07 4.65605760281e-08 6.44292188867e-08 5.01409510821e-08 8.45631875607e-08 2.4197243923e-07 1.45859299826e-08 2.14526637812e-07 8.50279603063e-08 3.40561282017e-08 9.00939932791e-08 4.45050090635e-08 2.36312312735e-07 2.7249149289e-08 9.8812108878e-08 1.78177649832e-08 1.26355171366e-07 3.37700794619e-07 1.3591053876e-07 1.7105126409e-07 2.57886695446e-07 3.98123975074e-07 2.12250822791e-07 5.60419212718e-07 2.17133937252e-07 3.68242240808e-07 1.78211554678e-06 4.16489951397e-07 1.98304486821e-07 3.44722742296e-06 2.72472480323e-07 1.26471513422e-06 4.4960932875e-07 8.62052200342e-07 4.04274844009e-07 4.9781640219e-07 3.13130796007e-07 5.01175501963e-07 7.92949341253e-07 3.98017643127e-07 3.06302414609e-07 4.23337207283e-07 9.00644265528e-07 3.16690000329e-07 4.40751269567e-07 4.45209245543e-07 3.05685141294e-07 8.82791760141e-07 4.17616199936e-07 2.96108930671e-07 3.93095597185e-07 7.45063543905e-07 4.46722910921e-07 3.27856863024e-07 4.51133713884e-07 3.70499162061e-07 7.09175518193e-07 4.21053342451e-07 8.83479347906e-07 1.71744396794e-07 2.27227497327e-06 1.22993223635e-07 2.7882060216e-07 1.51795615043e-06 2.83769698352e-07 1.89605584882e-07 5.51089143949e-07 2.3298741137e-07 4.27697362879e-07 3.34672756122e-07 2.48103381177e-07 1.86603882025e-07 4.27619222958e-07 1.49571228448e-07 3.94826194785e-08 1.02843088842e-07 1.50852951831e-07 3.66036329674e-07 2.06434793504e-07 2.14745763329e-07 5.7265677722e-08 1.4427043265e-07 3.38197638263e-07 1.69198143654e-07 3.71772487354e-08 6.23420696456e-07 6.13681079074e-07 2.095305128e-07 4.19015985184e-07 1.51887795305e-07 1.184011831e-07 6.27252561906e-07 1.42757994024e-08 2.26031530717e-07 2.09375373958e-07 1.38080964757e-07 3.19602345357e-08 3.43329410332e-07 1.81842463929e-09 3.571943885e-07 4.54112052468e-08 1.98247925101e-07 6.66788514103e-08 3.40543679366e-07 7.02396116875e-09 3.44585997126e-07 2.04542871389e-08 1.26681684334e-07 2.02022773134e-07 2.15384248761e-07 2.93796540765e-09 5.84711794015e-07 9.24552973326e-08 9.86879642803e-08 3.08805328151e-07 1.1996833443e-07 5.07934092541e-07 3.18035108549e-07 2.10028986461e-08 1.37874187244e-07 3.26243960872e-07 1.28095425182e-07 5.26696488936e-08 1.72170724062e-07 1.96624100387e-07 4.09767631336e-07 1.83277292461e-07 1.3907626155e-07 4.99277351408e-08 1.8994374986e-07 2.71491982918e-07 1.18373390281e-07 1.27753677413e-07 1.17910694441e-07 4.5639043255e-07 1.38349067375e-07 6.06481303131e-07 9.23922864636e-08 1.96087758094e-07 7.10168322542e-07 3.18502048212e-07 1.49799877643e-07 7.92854619214e-07 2.21500344097e-07 1.99198204427e-06 3.00559140545e-07 1.20436847849e-06 1.12125291478e-07 1.04994208174e-06 1.88169694179e-07 1.74625919244e-07 4.55580714164e-07 3.56802196218e-07 2.21714760217e-07 5.14925451483e-07 3.32817915842e-07 1.92840674702e-07 5.12643842041e-07 1.75650843105e-07 1.79238757581e-07 4.81103445013e-07 1.92820275698e-07 3.12486911598e-07 4.58638973092e-07 2.05282496563e-07 3.1212591843e-07 3.67944331399e-07 1.55834055836e-07 1.86460884938e-07 9.2953878258e-07 8.55669769809e-08 1.03866440822e-06 1.24168788275e-07 1.41964805866e-06 1.02691497521e-07 7.10925811641e-07 1.36898837629e-07 2.80062317582e-07 6.42564804924e-07 1.81398769321e-07 1.01611044147e-07 6.47668333705e-07 1.35978204087e-07 5.0827316992e-07 1.45226121976e-07 1.70017266152e-07 1.55174982972e-07 3.43326753965e-07 3.1951916942e-07 4.16886614899e-08 1.73491982529e-07 2.11700060939e-07 4.75921295038e-07 4.23193192284e-07 1.97314412151e-07 1.59569303328e-07 1.22425046954e-07 5.17950412576e-07 2.89502473452e-07 1.03983630336e-07 1.24551264247e-06 1.7347438898e-07 2.96454692295e-07 2.04246067945e-06 3.88820923125e-07 3.76202111668e-07 6.10758062716e-07 2.33723691745e-07 4.96943310405e-07 2.57725934993e-07 3.59971852097e-07 2.46366867494e-07 7.71916641891e-07 4.22028484186e-07 2.56826165708e-07 2.1056229112e-07 5.52193209131e-07 1.26270031225e-07 5.45752265339e-07 2.03362128451e-07 2.30043992604e-07 4.30091697466e-07 6.7602231474e-07 2.06013765746e-07 3.1500947184e-07 2.44369478067e-07 3.59131427541e-07 2.03324497928e-07 5.04609627133e-07 2.03770697897e-07 1.91556042651e-07 1.42609721846e-06 2.17313129864e-07 5.93651096261e-08 1.19520466629e-06 5.34021352498e-08 2.78695910724e-07 4.7985554956e-07 1.21935739521e-07 1.47352129295e-07 1.72158812083e-07 4.66349051916e-07 5.19675332916e-07 2.67668687803e-07 2.34321816092e-07 6.04326982582e-08 3.62788669299e-07 1.80841783203e-07 7.71658795033e-08 1.60110482914e-07 2.28007649304e-07 4.53886286875e-07 1.38341475304e-07 6.73008907836e-07 5.58782413399e-08 3.34357842896e-07 6.09862306074e-07 1.95416311831e-07 1.60661240825e-07 8.53303912724e-07 4.26719870756e-07 8.14492809455e-07 6.91595803224e-07 2.38576060423e-06 1.94602328475e-07 1.85827010034e-06 1.65903922554e-07 7.62591111769e-07 8.09283349752e-07 1.78188396644e-07 3.97986143208e-07 7.57333533762e-07 5.34099034885e-07 4.35920642872e-07 3.74983651373e-07 2.34091082068e-07 4.51185281316e-07 4.6058266053e-07 2.3834698676e-07 3.46890384465e-07 3.97069083909e-07 4.76403016296e-07 6.85679375714e-07 3.4789808992e-07 1.46539265153e-07 6.98774773814e-07 7.14140972375e-07 1.16230365286e-07 1.4500337155e-06 1.32785170176e-07 1.72084139174e-06 2.98178381711e-07 8.10532174258e-07 2.90184370363e-07 6.71103023778e-07 1.41619813696e-07 1.63030465717e-07 5.79741533641e-07 3.19771137234e-07 5.71410414735e-08 7.44126297305e-07 1.27462651729e-07 5.52068045241e-07 2.89479621776e-07 2.10532549898e-07 1.00789576032e-07 2.18119202799e-07 1.12301384314e-07 3.12093734438e-08 8.18130072525e-08 7.621808572e-08 2.25051349566e-07 1.17967834004e-07 1.58996885652e-07 5.8665865117e-08 4.23029958962e-08 4.6077515429e-07 5.3454972219e-08 4.249833931e-08 4.45850345049e-07 1.57263959972e-07 2.72956017339e-07 2.16831261553e-07 3.44489112148e-07 6.4600178424e-07 3.28132983203e-07 1.88395899983e-07 1.03317735658e-07 3.42477183964e-07 2.96267475327e-07 4.63352815395e-08 4.38827925989e-07 2.34767853254e-07 2.84815292003e-07 1.74715487457e-07 2.34707807293e-07 8.08510504761e-09 6.70425732625e-07 1.20344113107e-08 2.22110506662e-07 1.90826132661e-07 2.90755790216e-07 2.1040026616e-07 3.96725118677e-07 3.37831681037e-08 2.80168914513e-07 2.54607766435e-07 9.21108152646e-08 1.34312972612e-07 1.96196344728e-07 5.33997790038e-07 1.91152673904e-07 1.26106050249e-07 2.07719748296e-07 1.26032959025e-07 3.64515162657e-07 4.95642441891e-08 3.37889219863e-08 4.44618553165e-07 3.03090813917e-08 6.40673573031e-08 1.79400314075e-07 1.29283385909e-07 2.6964740942e-07 9.5350596167e-08 1.0674358506e-07 4.59128142162e-08 1.35985265284e-07 2.44559448259e-07 1.32986137363e-07 5.266055045e-07 5.28906373437e-07 9.06881095839e-07 3.20035671146e-07 5.74001663067e-07 7.47363095542e-08 5.74692801968e-07 4.63261598656e-07 6.57766000756e-07 1.18102267044e-07 9.91925865261e-07 5.75928848003e-07 9.75311544154e-07 1.47284907333e-06 1.3430630949e-06 3.90954268714e-07 4.89920153786e-06 2.72844280834e-07 1.84855469968e-06 8.01252155398e-07 8.88734891749e-07 7.48368422971e-07 6.38388982383e-07 1.04989023265e-06 7.82702085021e-07 9.94278422669e-07 8.1463671451e-07 4.00894441444e-07 6.92625438724e-07 6.8322070259e-07 3.97376250708e-07 7.71387923215e-07 8.98004928707e-07 7.03534801535e-07 9.61903481017e-07 5.34662623009e-07 6.48199110583e-07 7.78505708461e-07 6.2313187714e-07 1.38420764861e-06 1.51552840673e-07 3.3140709531e-06 2.12057478511e-07 1.01240203632e-06 1.23434509387e-06 7.8233813334e-07 5.73288466961e-07 8.48688468866e-07 1.08422185076e-07 6.71438575545e-07 4.59654585422e-07 6.0099118362e-07 8.45240232566e-08 6.14740691927e-07 3.65888616286e-07 1.09480171358e-06 6.42868866609e-07 6.25945305847e-07 1.71737327967e-07 2.75593444107e-07 2.14482246984e-08 4.80825543925e-08 1.37701040281e-07 7.75829038505e-08 1.59182988379e-07 1.05022509574e-07 9.33706937681e-08 8.92370551763e-08 7.2377664385e-08 3.53771094712e-07 7.11848885825e-08 7.99588301281e-08 2.13402390152e-07 5.21847871271e-08 2.28547051276e-07 2.54039617584e-07 3.40995621584e-07 6.66542796967e-08 6.25881963558e-07 5.87738720088e-07 2.09672374019e-07 5.81118020033e-07 1.02489820266e-07 1.82561356166e-07 4.92798241859e-07 1.08518857835e-07 2.82861404801e-07 2.89308223697e-07 2.25282908009e-07 5.22798822712e-08 3.05290861371e-07 5.39813688919e-08 2.95462582297e-07 6.51383391625e-08 2.16929012714e-07 3.08134000527e-07 2.39923538802e-07 9.62694040307e-08 4.84277675771e-07 1.43758485802e-07 7.4599919282e-08 4.09298432614e-07 1.20751804327e-07 5.15778364856e-07 3.34999437685e-07 3.88322910719e-08 2.3391980121e-07 2.32552075962e-07 2.11863920593e-07 3.61666890292e-08 2.21228766163e-07 6.85305954452e-08 5.35300260195e-08 3.79870246103e-07 6.26800228777e-08 1.07508754745e-07 1.01393826454e-07 1.29521128626e-07 2.01700412199e-07 1.0200344056e-07 1.71414123433e-07 6.14260895031e-08 2.40105759976e-08 1.38875615948e-07 2.08733156764e-07 2.45829930982e-07 4.47729656599e-07 1.14610282084e-07 4.25194385894e-07 4.66257609125e-08 2.19824985922e-07 5.67084238439e-07 2.09693236068e-07 2.91794231894e-08 8.87357104155e-07 2.15714257082e-07 3.7993586908e-07 4.47085481467e-07 7.79866428745e-07 3.74071401446e-07 1.21689400093e-06 2.67170608876e-07 2.30869619364e-06 4.74908817007e-07 9.14688982129e-07 2.58775451184e-07 1.14685528452e-06 7.62355985992e-07 3.16339244544e-07 6.00231189594e-07 5.61365609677e-07 3.36948961978e-07 8.13446560303e-07 2.63981535927e-07 2.59607917584e-07 7.68214848667e-07 3.61233882307e-07 5.61039532429e-07 4.83838854172e-07 2.8682550475e-07 6.83330074245e-07 9.92180674084e-07 2.18397598886e-07 7.76483062003e-07 2.68090876045e-07 1.73017717444e-06 1.26728270558e-07 1.06536489358e-06 2.69619597306e-07 6.73884755018e-07 3.29251984754e-07 3.39408730773e-07 1.92101443621e-07 8.30037996854e-07 3.96261284416e-08 2.07530697718e-07 5.72528464194e-07 2.25054894201e-07 3.43432601168e-08 5.05459299938e-07 1.16526748792e-07 5.53457671377e-07 3.36626848533e-07 2.6038887496e-07 1.74051315505e-07 1.89761339488e-07 3.5515402687e-07 1.56631063e-07 3.52946069194e-07 1.71758089251e-07 3.35602939779e-07 1.13234757835e-07 3.12618973827e-07 6.88636495493e-07 2.14025234746e-07 2.17246308854e-07 3.06529170513e-07 5.26015555623e-07 3.15957906485e-07 4.85921564633e-07 8.81886573211e-07 2.17379684113e-07 1.93146835061e-06 2.59906124067e-07 6.74704722979e-07 3.28752118759e-06 3.91626057776e-07 9.61296350004e-07 7.98653345521e-07 8.83480209093e-07 1.01523081986e-06 3.54894559411e-07 8.93977064962e-07 4.32979148903e-07 1.38596543047e-06 3.15338574393e-07 7.37848776223e-07 3.20995383971e-07 1.32717456535e-06 3.59846109014e-07 7.87154268352e-07 3.53522012104e-07 7.7831810513e-07 6.5708460146e-07 6.45110522865e-07 6.56908881133e-07 1.88756609102e-07 2.30608066837e-06 4.40017430987e-07 1.23952971878e-07 1.6309591552e-06 1.60606743727e-07 7.87937662367e-07 4.7067446108e-07 2.17277154464e-07 5.1661180518e-07 2.63004603123e-07 1.95362097765e-07 2.38185162716e-07 6.60681465164e-07 3.40597667215e-07 1.49841055526e-07 3.62649558904e-07 2.13234106208e-07 4.65797939849e-07 1.98110301299e-07 4.24718326134e-07 2.24607850959e-07 1.39132652276e-07 2.0295992377e-07 1.46006017911e-07 3.74189382313e-07 1.48884699356e-07 1.90105508269e-07 5.95698089667e-08 1.11027172278e-07 3.9339261328e-07 1.64841704566e-07 3.86207563553e-08 6.75714796717e-07 1.27088723496e-07 5.80297939212e-07 2.53415857985e-07 3.97114416538e-07 2.71805041092e-07 8.26135511382e-07 2.89365791991e-07 6.05786209731e-07 7.53587821294e-07 1.60774547728e-06 2.84765482904e-07 1.50813447212e-06 3.84727987251e-07 7.17485772044e-07 5.53721106461e-07 2.06371198287e-07 4.00267885235e-07 8.64338394577e-07 2.5405191355e-07 3.49690815383e-07 3.39176869292e-07 2.32824738757e-07 7.93929146912e-07 3.62861768389e-07 1.7541990478e-07 4.90309088733e-07 6.71585929179e-07 3.12202156187e-07 1.17839397717e-06 1.76390200798e-07 1.26785673487e-06 3.41672073709e-07 5.55671570839e-07 1.82048994135e-07 6.97045151358e-07 2.66022885348e-07 2.96363897482e-07 2.16515827434e-07 5.51799804542e-07 1.14347267042e-07 6.85418385358e-07 4.82891074118e-08 1.69920107625e-07 4.07751354666e-07 1.14935316803e-07 6.04338560067e-08 2.07511965025e-07 1.73907553436e-07 4.76538885631e-07 1.98984568493e-07 2.58139239309e-07 1.6283861457e-07 3.50980073513e-08 1.70261450086e-07 1.74021854793e-07 3.39539969969e-07 1.62013073842e-07 2.55937234391e-07 4.35454442064e-08 1.21354802222e-07 3.73947418185e-07 1.27322422585e-07 9.44574414471e-08 4.57493626796e-07 1.42435357506e-07 2.31213338662e-07 4.92428110471e-07 3.61376529046e-07 1.15205510367e-07 7.58110665993e-07 2.14388377152e-07 5.82457653502e-07 5.67348080579e-07 4.53808378163e-07 1.53090289367e-06 7.0627453065e-07 1.11852672251e-06 4.83257981722e-07 5.11252173179e-07 7.85580671802e-07 1.88337126394e-07 1.22783024695e-06 3.41948976682e-07 5.38706283801e-07 3.68262127375e-07 5.48281859202e-07 3.29805808268e-07 1.15613701695e-06 1.64808215292e-07 7.31673323607e-07 3.73284868992e-07 4.17996451856e-07 9.09740421369e-07 4.36749875074e-07 1.2377680271e-06 2.49828447232e-07 4.32649509287e-07 4.43047822504e-07 1.51632753905e-07 6.05698940416e-07 8.47821723246e-08 3.58195415746e-07 4.2919318399e-07 2.23625764861e-07 9.68292782848e-08 4.48618285726e-07 1.06368118832e-07 1.15789659255e-07 4.08003888524e-07 1.37807681825e-07 3.47516740661e-08 3.08432880812e-07 1.94068349856e-07 4.09809606651e-07 2.22927053206e-07 2.11074626083e-07 3.82953419271e-08 1.71234944509e-07 2.61091093528e-07 3.04737551058e-07 7.62301073315e-07 4.77961776251e-07 4.51346674197e-07 3.15464177674e-07 2.68083771112e-07 1.04641264009e-06 3.04458833647e-07 5.67152579431e-08 1.00130206713e-06 3.25074139749e-07 1.03342218365e-06 2.66499096606e-07 1.57462506602e-06 2.53669592197e-07 1.2228669434e-06 5.52356864594e-07 1.04078832676e-06 2.07160273118e-06 9.57899123034e-07 8.09873120842e-07 5.22211134818e-06 7.99942716298e-07 2.19728416252e-06 8.48680783606e-07 1.45143644768e-06 9.2760547933e-07 9.27935570477e-07 7.9821045365e-07 1.14718869841e-06 1.2680205286e-06 1.22097251105e-06 1.09316335641e-06 7.81031734481e-07 8.12015655469e-07 7.59149521841e-07 1.2096907185e-06 7.40893146611e-07 1.75453200506e-06 4.54160285899e-07 3.7405327024e-06 4.68947185436e-07 7.39069017739e-07 1.68288612767e-06 7.91814029934e-07 5.31357157074e-07 1.02672242228e-06 2.19813164992e-07 1.43056689006e-06 2.36803718347e-07 9.73967680478e-07 3.62205615404e-07 9.56416577697e-07 5.11336126718e-08 3.17979103407e-07 1.12768301194e-06 2.69306645924e-07 3.49439405481e-07 4.88184471581e-07 5.37809922746e-07 9.25098697048e-07 3.84690237125e-07 3.21760301231e-07 1.83422828804e-07 1.72930719248e-07 2.00506925126e-07 5.41775550927e-07 2.01072679717e-07 3.62574641012e-07 9.32401712397e-08 2.26183405e-07 4.37334720792e-07 2.28069829509e-07 1.33502719712e-07 5.84794262926e-07 2.01441447001e-07 3.3088765524e-07 7.03595724009e-07 4.17259161775e-07 3.76335513288e-07 7.11113537632e-07 1.74813401596e-07 8.99679157019e-07 8.96600125627e-07 6.94213357897e-07 6.81537084786e-07 1.66898825265e-06 2.75170575391e-06 5.47873954597e-07 1.41157939791e-06 5.44723747595e-07 4.78682550978e-07 1.80643726047e-06 2.12288065994e-07 8.27474089379e-07 8.20456619877e-07 1.08121972522e-06 7.55961278618e-07 8.68360097349e-07 1.67776753063e-07 1.67565097357e-06 4.54216895602e-07 4.57890263267e-07 1.0984834686e-06 3.67470653361e-07 2.11889270166e-06 9.3222327914e-07 6.16970715998e-07 5.65860673874e-07 7.62013635428e-07 7.57264876707e-07 1.58204843821e-07 6.9689184778e-07 3.02448597576e-07 3.85823220359e-07 7.16558178006e-07 3.21453615572e-07 1.59814280697e-07 5.81546585193e-07 1.63494856904e-07 2.58014803651e-07 4.49699548065e-07 2.54727407481e-07 1.01719004095e-07 3.84826759123e-07 2.3594017441e-07 6.66170787147e-07 2.46694013855e-07 2.115980036e-07 1.07940316488e-07 1.61808160933e-07 4.56240908579e-07 1.22385755937e-07 4.06647862213e-07 7.49192983559e-08 1.6242389762e-07 6.25116953589e-07 1.49124791283e-07 4.94328973022e-08 6.7508921625e-07 1.20122972753e-07 5.33756251325e-07 5.15618827316e-07 8.70201225493e-07 1.75389741688e-07 1.41666739737e-06 2.63303182975e-07 5.62283273942e-07 8.04375111193e-07 6.7344604735e-07 9.3185565292e-07 1.49481282251e-06 8.54537560637e-07 2.89351306392e-06 4.58828262327e-07 1.76966744822e-06 2.3200395083e-07 1.84966565694e-06 5.99464357711e-07 3.00763877092e-07 6.91217764338e-07 8.23512323907e-07 8.26404070368e-07 6.5361847156e-07 2.78177169397e-07 5.56107997878e-07 1.50773805914e-06 1.97249311841e-07 1.61175229838e-06 2.5501636676e-07 2.27299680693e-06 4.34912329708e-07 1.39333948274e-06 8.18969122327e-07 5.96309068768e-07 6.2405993306e-07 4.97495839322e-07 2.18926462599e-07 1.25925983201e-06 1.5472892514e-07 8.33412340364e-07 4.75344593232e-07 5.10565289352e-07 1.22281579625e-07 6.8849803508e-07 2.71568819293e-08 1.48268033963e-07 7.21345754492e-07 1.64235430813e-07 6.5877338065e-08 4.68525834579e-07 1.48444378508e-07 5.36325289175e-07 1.99805601607e-07 1.30480564643e-07 1.37564919582e-07 2.33684128781e-07 6.05309590472e-07 1.44311881704e-07 2.59437203738e-07 1.40485683577e-07 1.81128593661e-07 3.42536674491e-07 1.47116411573e-07 8.56001792049e-08 6.55060580642e-07 2.00203942435e-07 4.5373957305e-07 3.06917661092e-07 3.90525382292e-07 4.16995791342e-07 3.88323020322e-07 5.92285437743e-07 3.00008052653e-07 7.13946702908e-07 6.10606592596e-07 4.00365577148e-07 2.14932442979e-06 5.92300442416e-07 4.92700892641e-07 3.21705091604e-06 4.83902735853e-07 7.94337567931e-07 8.54971206495e-07 4.16650322749e-07 1.28397472092e-06 3.4799156212e-07 9.00000914433e-07 1.25218176261e-06 8.39739921901e-07 3.13409120224e-07 1.20272434797e-06 3.39358434396e-07 7.97047972039e-07 4.34817405165e-07 2.2451997997e-07 2.45907110348e-06 3.13715001364e-07 3.85400827597e-07 1.98173773386e-06 2.5332997812e-07 5.44305643613e-07 7.07437959037e-07 2.15633340654e-07 5.97425143005e-07 3.15107498146e-07 4.39301895107e-07 4.02174078992e-07 2.26038284881e-07 4.99949580599e-07 2.02818259702e-07 5.98081392972e-07 1.276184896e-07 1.63403311492e-07 4.09361614724e-07 2.09810499071e-07 1.71859605495e-07 2.8462139319e-07 1.56806310222e-07 7.05568958928e-07 2.60359678211e-07 1.53847151939e-07 6.07309299518e-08 3.56260491367e-07 4.57241157003e-07 2.29194258771e-07 4.40942443576e-07 7.76426504409e-08 2.26580985281e-07 6.71186230129e-07 2.23732352785e-07 7.74400001602e-08 5.38091698163e-07 2.11312715411e-07 4.75144464381e-07 5.25150402616e-07 7.49015732178e-07 2.21671548853e-07 1.35043389499e-06 1.38721574276e-07 1.05133133992e-06 6.64240869272e-07 5.08146135215e-07 8.64237766214e-07 1.42426155986e-06 1.25502888197e-06 1.29103019316e-06 9.6463223809e-07 3.24952405809e-06 5.38457187107e-07 2.88079075673e-06 3.92262517831e-07 1.12938966119e-06 1.08046738204e-06 4.88678646472e-07 1.16256344523e-06 1.10923216708e-06 4.51931255057e-07 1.03807435298e-06 1.02404666624e-06 3.19671677258e-07 2.30202351296e-06 3.31861007745e-07 2.60067949869e-06 4.71233763653e-07 1.1576919632e-06 9.54540119301e-07 1.19515837065e-06 8.08126908929e-07 4.28475564516e-07 5.76501208008e-07 9.38075222654e-07 9.96665022014e-08 1.31694328562e-06 2.0459676986e-07 7.51099834018e-07 5.57495498857e-07 4.64013274291e-07 2.24411419734e-07 5.61706330332e-07 5.52302876861e-08 2.59758961027e-07 7.5219376254e-07 2.57698366975e-07 9.97216570003e-08 5.02450159371e-07 2.79252686089e-07 5.43742098548e-07 4.17581343883e-07 6.96616293199e-08 1.80897756223e-07 4.08625094793e-07 1.374563444e-07 1.68497213756e-07 8.00723512866e-08 9.27761364354e-08 3.28464858434e-07 1.89611477919e-07 3.10750991263e-08 4.10011272253e-07 6.81847519253e-08 2.6314373692e-07 2.71078966031e-07 2.323991713e-07 1.33330541554e-07 5.46154618555e-07 2.16877969115e-07 2.76643668218e-07 6.43039603003e-07 3.74682006497e-07 3.00315590053e-07 7.97750735312e-07 5.90282844113e-07 5.73241419228e-07 4.21976762127e-07 7.03235683486e-07 1.47022181989e-06 7.91744158247e-07 6.28286227034e-07 4.34566068073e-07 6.66567218079e-07 9.71400991972e-07 3.3397570199e-07 1.08865764141e-06 3.06009756046e-07 9.80741663626e-07 4.92417320466e-07 2.8580903934e-07 5.50299225061e-07 5.42136710995e-07 1.29563531372e-06 4.6179341288e-07 2.8022395794e-07 4.63070259673e-07 4.94415301885e-07 6.36259529458e-07 2.60897439362e-07 3.50377740809e-07 5.42796471329e-07 2.72961107776e-07 2.12448369343e-07 5.21473529692e-07 9.29040253215e-08 1.95161938887e-07 2.61642378626e-07 2.32913959167e-07 6.12396213938e-08 4.38210634855e-07 2.28587142719e-08 2.19231209086e-07 3.5651207951e-07 1.06771906791e-07 9.30865036202e-08 1.98254326698e-07 1.55908092706e-07 4.92093812417e-07 2.0261757184e-07 5.44288916731e-07 1.09444591854e-06 2.18904059413e-07 8.09992517149e-07 8.48300275383e-08 3.82008934249e-07 1.1030757433e-06 3.4022401904e-07 4.16569446871e-07 9.20031214564e-07 3.55591699867e-07 6.58624596766e-07 7.43387983599e-07 9.42495302587e-07 4.7552782243e-07 1.60819756267e-06 4.32801217883e-07 1.72294730383e-06 6.10513450323e-07 1.6657687367e-06 8.3928116722e-07 1.75211098244e-06 2.01807938991e-06 1.37978827347e-06 2.70066823214e-06 1.85144807224e-06 8.85674898448e-07 7.94911465895e-06 5.96174927737e-07 3.07568299413e-06 9.49924839406e-07 2.32829152741e-06 2.50313936864e-06 9.25809374152e-07 8.37119944707e-07 2.48970839405e-06 2.06610463488e-06 8.70773502831e-07 2.62692239024e-06 3.57060287885e-07 5.86014655275e-06 5.02565222125e-07 1.5308448636e-06 2.38853509786e-06 1.11404048387e-06 1.77603876753e-06 1.52492915014e-06 7.42029139613e-07 1.558031586e-06 5.04672192445e-07 1.61287119857e-06 4.24834575161e-07 1.45726807233e-06 4.93397768639e-07 9.79581108312e-07 7.05001523513e-07 6.90975307075e-07 3.35713745229e-07 9.42884044309e-07 4.43120976559e-07 3.71643691313e-07 1.21656900583e-06 4.47653579547e-07 8.32490679358e-08 9.47957186535e-07 2.57283290979e-07 1.27295156111e-06 5.93038039767e-07 1.09578480403e-07 2.83836550404e-07 1.1504758463e-07 1.84691162486e-07 3.8480545816e-08 1.25439800838e-07 3.67765886677e-07 1.29581776638e-07 7.80320988487e-08 3.78473504785e-07 1.44058858778e-07 2.44316114114e-07 2.02212315504e-07 2.91977001926e-07 1.31370704122e-07 4.83552105114e-07 1.5420932303e-07 2.54315538364e-07 5.75384255184e-07 2.41892142421e-07 6.02425490347e-07 6.38922093105e-07 3.82118055916e-07 6.47014698996e-07 6.65610534471e-07 8.09947659042e-07 3.83223012245e-07 1.27569924908e-06 1.38103863349e-06 3.78314281214e-07 1.07998346422e-06 5.89800486614e-07 6.48536175053e-07 1.05252435965e-06 1.41312744937e-07 1.00207063544e-06 5.74576498513e-07 4.7726340516e-07 8.72218282777e-07 2.56411255863e-07 1.24204178149e-06 7.42427304939e-07 3.55826312569e-07 6.70966638013e-07 5.24258314176e-07 6.08115613083e-07 3.22338531772e-07 6.16333345837e-07 5.54343512562e-07 2.30928753282e-07 5.45947982059e-07 2.32026235113e-07 1.33839907805e-07 5.32487328458e-07 1.10228936664e-07 2.87148367806e-07 1.75556258452e-07 2.28410031422e-07 1.79751147171e-07 3.6467788664e-07 7.0821899979e-08 1.42327445182e-07 3.67581675081e-07 1.28594780489e-07 4.97416856861e-08 1.94109511912e-07 1.32206405404e-07 3.12107918891e-07 1.21053780646e-07 1.02567857845e-07 6.08623836112e-07 1.93822610061e-07 5.23739948259e-07 4.34121617012e-08 2.93616818455e-07 5.50171907856e-07 1.81166087524e-07 2.25030451082e-07 5.51959288663e-07 2.4218687966e-07 2.94030670395e-07 4.57830453535e-07 3.57177865602e-07 4.21081320588e-07 7.79027526594e-07 3.40269774713e-07 7.65967499774e-07 6.16839067374e-07 6.89723412813e-07 2.35877202677e-07 1.97641298119e-06 6.47409280741e-07 6.00907266024e-07 1.15789417932e-06 1.01884074339e-06 7.96996393676e-07 1.87773381171e-06 5.25534698364e-07 3.24277535318e-06 7.96908321439e-07 2.49258581483e-06 6.62441525191e-07 1.57715677477e-06 5.72151997409e-07 5.11462349469e-07 1.47853508992e-06 6.48892937961e-07 2.13620827992e-06 4.57340964232e-07 2.72197931054e-06 2.93767640981e-07 1.61239872487e-06 5.37209095604e-07 8.13051776521e-07 1.09307627175e-06 5.0651234008e-07 5.60691157936e-07 1.82412236478e-06 2.28480668301e-07 6.17410660044e-07 5.63469148496e-07 7.69679525342e-07 3.54927429646e-07 7.23265893949e-07 4.44134799446e-07 3.63525620724e-07 4.92885822728e-07 3.00030305846e-07 2.51610096699e-07 5.61109898836e-07 2.38300731974e-07 1.64936618735e-07 6.13933344277e-07 3.09348390277e-07 3.81949948764e-08 5.88324822238e-07 2.35585547853e-07 6.95911672086e-07 1.10875363285e-07 2.15728475265e-08 5.78307465137e-07 1.21564867684e-07 5.8535127029e-07 8.94797499739e-08 2.36519949785e-07 6.29535631927e-07 1.01141960149e-07 1.52466057573e-07 4.67700401189e-07 2.34401956442e-07 6.96222999378e-07 3.27444887332e-07 6.71730589022e-07 2.07664472649e-07 1.07160542949e-06 2.59340558817e-07 5.36934276998e-07 7.11714773295e-07 4.25719123799e-07 8.88315829017e-07 6.59534265649e-07 1.57457954543e-06 5.6768203947e-07 8.69579496257e-07 1.31606318709e-06 5.91588758129e-07 2.68806359942e-06 5.59182488876e-07 1.27998631527e-06 3.96156774182e-06 1.09393225389e-06 2.24490947519e-06 1.08974657054e-06 5.49092533616e-07 2.15962995966e-06 5.98891451534e-07 9.98472964457e-07 2.12684842506e-06 7.60522100667e-07 3.18585948605e-06 8.28359752762e-07 4.16187290111e-07 2.32901709667e-06 4.42501822651e-07 1.1966148643e-06 8.38540375384e-07 4.59916701349e-07 1.44339486063e-06 6.26196664256e-07 8.3958874731e-07 4.02421034383e-07 6.79990916743e-07 4.59453531785e-07 2.51723702106e-07 1.06238458562e-06 1.8127798416e-07 6.61437764263e-07 3.17148035717e-07 7.27238897925e-07 2.51295177235e-07 4.78631450201e-07 1.69093444108e-07 1.30689384531e-07 7.05824240798e-07 2.4221664903e-07 1.07214099054e-07 6.8299782641e-07 1.25570492139e-07 6.37783235124e-07 2.24120865765e-08 7.3152723832e-07 2.23176909133e-07 5.24038479081e-07 1.59710357015e-07 3.30285187575e-07 5.73367066117e-07 3.11139862984e-07 7.26186937833e-08 9.8382464055e-07 2.51576844056e-07 5.5537609362e-07 6.10832474509e-07 7.09985249724e-07 2.31392688486e-07 1.01132093324e-06 3.25525752928e-07 8.43010133243e-07 8.09419440359e-07 6.6154338754e-07 5.88593518288e-07 2.14541892323e-06 6.31234335586e-07 1.6041673746e-06 9.10978298582e-07 1.10494772148e-06 1.0520262068e-06 2.61712666285e-06 1.10170783785e-06 1.66664829169e-06 1.84131824516e-06 5.34257226157e-06 1.03949730842e-06 3.64651045293e-06 4.41098061538e-07 2.64056712435e-06 2.45285301096e-06 4.3994851368e-07 3.30136598924e-06 7.25854858094e-07 4.4301071298e-06 1.1029879347e-06 1.50337650565e-06 9.10645082521e-07 2.17679585032e-06 1.08807067509e-06 9.49538105717e-07 7.54416081594e-07 1.48971667701e-06 5.37697522513e-07 2.03763933904e-06 5.27433095306e-07 6.22767370763e-07 7.89177033258e-07 8.44434371616e-07 3.60237429642e-07 9.90448978357e-07 2.36337455135e-07 7.00089651105e-07 6.75867697132e-07 5.82268673719e-07 2.75942897777e-07 1.05678688854e-06 8.1463538573e-08 3.10081360517e-07 6.59093808874e-07 3.88979346775e-07 1.82509918315e-07 5.68212175958e-07 2.67002261125e-07 8.19580493115e-07 4.19284525786e-07 1.75458719638e-07 6.74354294481e-07 4.05257734823e-08 1.70114762002e-07 6.29499975798e-07 9.21712765296e-08 7.3506333346e-08 4.29448752901e-07 2.44954990509e-07 5.4887776401e-07 2.85274513519e-07 7.86816697105e-07 1.81631979089e-07 1.06957456847e-06 1.32572607724e-07 8.07170743174e-07 4.50239700071e-07 6.18411399717e-07 7.37106117121e-07 8.25259668451e-07 1.5428784283e-06 4.40562646454e-07 2.02551771108e-06 7.46945255218e-07 4.31581084734e-07 2.62780819614e-06 5.47258794755e-07 1.58287974475e-06 1.18008651407e-06 1.46244858064e-06 4.18688623242e-06 1.16112527723e-06 9.9728320269e-07 1.1282823928e-06 1.02072499554e-06 1.13083413406e-06 8.55831166398e-07 7.64880862097e-07 3.45241620936e-06 1.00264398305e-06 1.14160764232e-06 1.47265347182e-06 4.58990295942e-07 2.43761790709e-06 3.5950476889e-07 6.48807878339e-07 2.11729436807e-06 3.36746774684e-07 1.53276060222e-06 8.36444943017e-07 6.66420454162e-07 6.20967497365e-07 4.45086516264e-07 7.8405783658e-07 1.18319328875e-07 1.09088207468e-06 2.13709314518e-07 8.0632665605e-07 2.44484336788e-07 6.0248669235e-07 2.57391000694e-07 4.02836977761e-07 8.0518503864e-08 1.00122180337e-07 6.93289026491e-07 1.84879094673e-07 3.12693470341e-08 7.45587295409e-07 1.98922294997e-07 4.58183542875e-07 3.77872231643e-07 2.83774696429e-07 7.04543610608e-07 1.32683406022e-07 2.47787039497e-07 8.72048532808e-07 3.71993261796e-07 1.15896647881e-07 9.08028427166e-07 2.39298078208e-07 7.06352842646e-07 5.59534578755e-07 7.20981326629e-07 2.88326293888e-07 1.08255486651e-06 2.92782564636e-07 7.50711235211e-07 9.94867146596e-07 6.60858300236e-07 7.27829246466e-07 1.92563890648e-06 1.02049574463e-06 1.64951242172e-06 5.80515211312e-07 2.35883563974e-06 8.14570393859e-07 2.06905033705e-06 1.06572770778e-06 1.52340592376e-06 2.5377703806e-06 2.68257355355e-06 1.95230897712e-06 6.19821343792e-06 4.9910110743e-07 4.13471371709e-06 1.33390517123e-06 1.27784045983e-06 3.73639061671e-06 3.77101902676e-07 5.14550647432e-06 1.22740615636e-06 2.44304498506e-06 2.20560569116e-06 1.44603171927e-06 9.80521776589e-07 1.82558985256e-06 7.63209111852e-07 2.22788056909e-06 5.05721275688e-07 1.61206486725e-06 9.40460948457e-07 1.88867797507e-06 7.01913471908e-07 6.43930698373e-07 9.51214236248e-07 7.29719709363e-07 3.56466322179e-07 1.02562543571e-06 3.29937938612e-07 6.85947688198e-07 6.30311706197e-07 6.89726877438e-07 2.39107990323e-07 9.64036771237e-07 1.30009129073e-07 3.88812143215e-07 9.32188444495e-07 2.8449452963e-07 1.52312398445e-07 7.75721280296e-07 3.13997653208e-07 4.08517674589e-07 8.22284779632e-08 1.21469910957e-07 2.81559808661e-07 3.33543166138e-08 1.02360193827e-07 2.66494332023e-07 9.81054517997e-08 8.11037602956e-08 2.20551957529e-07 1.79278917194e-07 1.79336319285e-07 1.95487264089e-07 2.39400632569e-07 9.35327641409e-08 5.28468010981e-07 6.25606667582e-08 3.23345898005e-07 3.07909973016e-07 2.85580216283e-07 2.74691860247e-07 4.7736006732e-07 4.72902732971e-07 2.54419832605e-07 5.18802814517e-07 3.32371178001e-07 5.89776991933e-07 8.14516841662e-07 2.72877654489e-07 5.20194500341e-07 8.74102414391e-07 1.09007640937e-06 6.24193199881e-07 9.35008828793e-07 1.25093876761e-06 6.49234874173e-07 1.19013619602e-06 3.43721056207e-07 1.23882369319e-06 4.69052202112e-07 1.24128960546e-06 6.16151269294e-07 5.29192448584e-07 1.02412373314e-06 7.75580908249e-07 3.82689031456e-07 2.36765804354e-07 7.85412688207e-07 5.77146417941e-07 3.204395906e-07 5.07543542326e-07 2.46939974685e-07 4.15916812581e-07 5.0712044702e-07 2.47818663597e-07 2.65597822334e-07 2.97832415387e-07 2.78853984067e-07 6.66689567324e-08 4.76363810637e-07 1.04484325255e-07 2.26257472074e-07 1.88197655084e-07 1.724772227e-07 2.0460559303e-07 2.17884017348e-07 9.26507417147e-08 7.7912000361e-08 2.69789793034e-07 1.15534663215e-07 2.97670781536e-08 2.95053919027e-07 1.35338557079e-07 9.08639120223e-08 2.56746719838e-07 3.77152053882e-07 6.92264431451e-07 1.06908218142e-07 2.20214391557e-07 1.07016783768e-06 4.4811043131e-07 1.01294587198e-07 1.07738022183e-06 1.72916084056e-07 8.03684358878e-07 5.36038994203e-07 9.40479329311e-07 2.57024976239e-07 1.15478851778e-06 3.40411918307e-07 6.32024472829e-07 1.23608841153e-06 6.9574753996e-07 1.07975730918e-06 1.52959382037e-06 1.21092196093e-06 1.51758447661e-06 1.15762421085e-06 2.09181232265e-06 3.41933779183e-07 4.65423622359e-06 6.43992376552e-07 1.22084842051e-06 2.49139787697e-06 1.8746072658e-06 3.03235542733e-06 2.37109327371e-06 7.12823868076e-07 7.55532326375e-06 1.28945353976e-06 2.16758559544e-06 1.91284202231e-06 1.04102172282e-06 6.12527099408e-06 4.23125419594e-07 2.15196491991e-06 2.6949665382e-06 1.66417651002e-06 2.27876579032e-06 1.14348969802e-06 6.48283020168e-07 4.53479890482e-06 2.97475787265e-07 1.98450659554e-06 1.21355368791e-06 1.41535953961e-06 1.29046584694e-06 1.44771361223e-06 1.11866220803e-06 6.51449736419e-07 1.18400318444e-06 6.81432313103e-07 3.25423103246e-07 1.13989434115e-06 2.24254265175e-07 1.00947819218e-06 5.07855714518e-07 8.81168735355e-07 1.72732043755e-07 1.14372197474e-06 9.6260229301e-08 4.63735000935e-07 1.12645333281e-06 2.31487262609e-07 1.17075970548e-07 7.54389116893e-07 3.92730941686e-07 2.68320091594e-07 2.79069893586e-07 5.69580138797e-07 1.09482431314e-07 2.76757802665e-07 8.70104250492e-07 2.75271806867e-07 9.22941840673e-08 7.96820218385e-07 3.28956095926e-07 4.21233332634e-07 6.10191307635e-07 5.43227457924e-07 3.50595946136e-07 1.06287464928e-06 3.55818188096e-07 8.28922250696e-07 9.07002393614e-07 6.01205300997e-07 6.71764719316e-07 1.68338163654e-06 1.08447304623e-06 8.92113003064e-07 1.08158178016e-06 1.13561658872e-06 1.09133923977e-06 1.43224871489e-06 1.22461769344e-06 1.36669273638e-06 1.48515660354e-06 2.60038280173e-06 1.63034205689e-06 3.04568883973e-06 8.26463021356e-07 2.65158970919e-06 5.60895164347e-06 1.04532254629e-06 4.97058222507e-06 7.80848527136e-07 5.1359386363e-06 1.94635628889e-06 7.9591389164e-07 2.79618696679e-06 1.37082163061e-06 2.61697244299e-06 1.35379805447e-06 1.31933974232e-06 1.11638447952e-06 1.37213240632e-06 1.08980107978e-06 1.02275947283e-06 1.02749510934e-06 8.28047855939e-07 9.62467279595e-07 1.67386420545e-06 6.24403902946e-07 5.67559744528e-07 8.72584594085e-07 7.91626357296e-07 3.46549615416e-07 1.0213895743e-06 3.51384716077e-07 5.3791674409e-07 6.43064126099e-07 4.46990191434e-07 3.16351528683e-07 8.29516123953e-07 8.7292942139e-08 2.99156587319e-07 9.00974421557e-07 2.95734213979e-07 1.25090923741e-07 6.19780905458e-07 2.94817258008e-07 4.57273840154e-08 2.13128831932e-07 9.4228827542e-08 9.62633114314e-08 5.00830651713e-07 1.52909652297e-07 6.46389833794e-08 3.57796900147e-07 1.37632335157e-07 3.67306007657e-07 2.58172789758e-07 4.10960872421e-07 1.55902339107e-07 6.33840094467e-07 1.73517636723e-07 3.62547831351e-07 6.4230832542e-07 2.869292219e-07 3.1146978442e-07 7.63856228628e-07 5.4625019226e-07 5.90531814265e-07 5.45948657187e-07 8.29555960911e-07 2.68337407007e-07 1.56718619858e-06 2.81531691033e-07 1.0723265286e-06 8.55155585639e-07 9.51943186264e-07 9.47245072828e-07 1.50779080298e-06 5.3980945857e-07 1.30986184263e-06 1.28763608133e-06 2.34441801389e-06 1.30611240064e-06 1.03651577682e-06 2.3898414182e-06 8.70073095146e-07 1.23754904667e-06 6.11062477047e-07 1.29321198672e-06 8.84592704015e-07 9.2792633397e-07 8.01745385039e-07 1.04329376403e-06 2.52012378622e-07 1.54936267272e-06 2.32931799003e-07 8.46150568288e-07 5.68730901811e-07 5.93998441595e-07 4.94170809518e-07 7.74188917842e-07 2.53045195001e-07 3.1243825084e-07 6.93285600942e-07 3.39333270309e-07 1.66118455385e-07 5.99835518347e-07 1.59891888124e-07 4.27179624571e-07 2.88047417123e-07 3.72564080851e-07 1.54583249811e-07 3.8372756367e-07 6.72700692316e-08 1.6982155464e-07 5.13376604522e-07 1.02241974507e-07 1.08542406594e-07 2.3578667355e-07 4.91841433716e-08 5.04332119219e-08 3.5994574322e-07 2.44978711684e-07 3.41547675389e-07 1.13861484729e-06 3.05292582487e-07 9.3447786737e-08 1.13530737608e-06 2.78389032723e-07 8.27252926319e-07 8.77611643387e-07 8.71106549757e-07 3.44469863887e-07 1.40475475864e-06 3.69084895657e-07 1.14075250423e-06 1.22470100107e-06 1.01463325077e-06 8.19009636971e-07 2.1741133246e-06 1.19937706304e-06 1.7408904808e-06 1.27158438344e-06 1.62889101684e-06 1.28938912813e-06 2.68992602008e-06 1.86292980034e-06 1.04431585857e-06 4.25672876933e-06 2.21876997395e-06 1.76368615242e-06 4.110086048e-06 7.64570801651e-07 5.55702532169e-06 3.05030677962e-06 1.59099658698e-06 1.08289050036e-05 8.16604426371e-07 9.62745379941e-06 1.26410613277e-06 2.84030512506e-06 5.46431262957e-06 7.24633294161e-07 3.92134444587e-06 1.85184685759e-06 2.17344828143e-06 4.18070891953e-06 9.89095936586e-07 1.77350706494e-06 2.7310216e-06 1.25432332076e-06 1.66411230459e-06 1.23533874237e-06 1.71577361564e-06 1.18854884739e-06 2.16605695932e-06 8.74217196435e-07 9.98896402978e-07 1.20825765824e-06 1.17967236951e-06 3.5531897502e-07 1.45299693617e-06 3.22265106206e-07 9.14176205885e-07 8.55013879687e-07 8.96782672829e-07 3.03880094224e-07 1.11435000221e-06 9.23551025676e-08 3.13164725771e-07 1.179535878e-06 3.49408526573e-07 2.50701785772e-07 3.61344925934e-07 4.92047967567e-08 1.59765726935e-07 1.26300917466e-07 2.19283334448e-07 5.09047584178e-07 1.13088935794e-07 5.08882910894e-08 4.60011309722e-07 1.24717902093e-07 2.18955673852e-07 2.82850066998e-07 5.02289893121e-07 1.46152321176e-07 6.40073883541e-07 1.16291079107e-07 4.37481643274e-07 4.84806991568e-07 3.64767410572e-07 3.21396897307e-07 8.26542017012e-07 4.23933720196e-07 4.42512988206e-07 5.65452241407e-07 7.26139764935e-07 3.11313994409e-07 1.40139574421e-06 3.47491646385e-07 9.3790416868e-07 6.16645965273e-07 1.65927747645e-06 7.3374678516e-07 9.82848761409e-07 4.88648494356e-07 1.47332220749e-06 1.39661918387e-06 8.46771023321e-07 2.08389638833e-06 2.02799753953e-06 2.42504273529e-06 1.5551023793e-06 9.17067853621e-07 1.51154807662e-06 1.3857599224e-06 5.29921226577e-07 9.62189273467e-07 7.53447553436e-07 1.66631398822e-06 6.02991709063e-07 9.8247667742e-07 3.47707252776e-07 1.40780812895e-06 2.92632574803e-07 7.13785961619e-07 6.16688185045e-07 4.55456699385e-07 4.12131830982e-07 8.46880119542e-07 2.91632734537e-07 3.92106813138e-07 4.99420920921e-07 4.43386134979e-07 1.2518143337e-07 6.03586217843e-07 1.42047260498e-07 4.92530514953e-07 2.63911855892e-07 2.57676067473e-07 1.06652217489e-07 4.5902528621e-07 4.57394976846e-08 1.28757349763e-07 5.23103584344e-07 2.1893264271e-07 1.32674190079e-07 1.70905049104e-07 1.30720358588e-07 1.72256180192e-07 5.1312793385e-07 1.40485394512e-06 2.89415642886e-07 1.24423203443e-07 1.12330891035e-06 3.84093187178e-07 6.99650248119e-07 6.28360994138e-07 9.07794849532e-07 4.07052604506e-07 1.22432194285e-06 3.68726937255e-07 8.85358585818e-07 1.30318369054e-06 6.78238469816e-07 6.9594019316e-07 2.19020348602e-06 1.0493773317e-06 1.46952115643e-06 7.36355106529e-07 1.77215881706e-06 9.8235568264e-07 2.52729886589e-06 1.30297020364e-06 1.22829722017e-06 3.58246886097e-06 1.43841325447e-06 3.46962881479e-06 2.44805980641e-06 7.41486150964e-07 4.35525132052e-06 2.58847547766e-06 2.28443648146e-06 4.38927597495e-06 1.262577539e-06 1.33530506764e-05 1.262577539e-06 4.38927597495e-06 2.28443648146e-06 2.58847547766e-06 4.35525132052e-06 7.41486150964e-07 2.44805980641e-06 3.46962881479e-06 1.43841325447e-06 3.58246886097e-06 1.22829722017e-06 1.30297020364e-06 2.52729886589e-06 9.8235568264e-07 1.77215881706e-06 7.36355106529e-07 1.46952115643e-06 1.0493773317e-06 2.19020348602e-06 6.9594019316e-07 6.78238469816e-07 1.30318369054e-06 8.85358585818e-07 3.68726937255e-07 1.22432194285e-06 4.07052604506e-07 9.07794849532e-07 6.28360994138e-07 6.99650248119e-07 3.84093187178e-07 1.12330891035e-06 1.24423203443e-07 2.89415642886e-07 1.40485394512e-06 5.1312793385e-07 1.72256180192e-07 1.30720358588e-07 2.80668266034e-07 7.06573239214e-07 2.00616156106e-07 7.22734033814e-08 7.04181677889e-07 3.38596678687e-07 4.87582100515e-07 4.65652895898e-07 5.33800468943e-07 2.75247675475e-07 1.20965790059e-06 1.69537008965e-07 8.9845033272e-07 6.41606011535e-07 7.11936486966e-07 5.27637785361e-07 1.21760647998e-06 9.26287058867e-07 6.33581577793e-07 8.55447306228e-07 9.43230227689e-07 6.08575854844e-07 2.03713342976e-06 5.27579876277e-07 1.49416981879e-06 1.31632936116e-06 2.59273425192e-06 8.27912179721e-07 3.09005405808e-06 5.51507306478e-07 1.94591211443e-06 2.10063202726e-06 1.07049595959e-06 3.74809826706e-06 1.07748420772e-06 5.06116884232e-06 4.43896383075e-06 1.36303195602e-06 4.2758762102e-06 1.11770893565e-06 2.16850166153e-06 2.09734904584e-06 5.80887804203e-07 2.94550580607e-06 8.82970749177e-07 2.52223837611e-06 1.40357494967e-06 1.49752222206e-06 5.31964375236e-07 2.1347917998e-06 5.14312326301e-07 9.62649559066e-07 9.83243742415e-07 6.74554799432e-07 9.39502680543e-07 1.21928963999e-06 5.63391187247e-07 7.25721576127e-07 6.73340111923e-07 9.26978379229e-07 1.94196077311e-07 1.15314318039e-06 2.82726037353e-07 5.48615942658e-07 4.22154638136e-07 4.52299920585e-07 3.09897335756e-07 7.26023940045e-07 4.54339523504e-08 1.90803943795e-07 6.50413264184e-07 2.72214519533e-07 4.36374375096e-08 5.48668630602e-07 3.32505743021e-07 1.06962012044e-07 7.59920104802e-07 2.34706985816e-07 5.4822183382e-07 4.42398538151e-07 6.53024403387e-07 1.82326867885e-07 1.0241480844e-06 2.65406965498e-07 5.28300471963e-07 9.12277785966e-07 4.28461352184e-07 5.35033201355e-07 1.15462344645e-06 7.19480567598e-07 8.76541188071e-07 8.68510681663e-07 1.07022884172e-06 5.31796757617e-07 1.83346105899e-06 6.47673575336e-07 8.00716638336e-07 1.46663714544e-06 1.69475175431e-06 1.81362424978e-06 1.19781090683e-06 1.0740379152e-06 1.98089028581e-06 1.58956362632e-06 1.37183786858e-06 3.02594812421e-06 1.46494063589e-06 4.95784184249e-06 1.29917727782e-06 5.61051259786e-06 1.629584915e-06 2.98200638338e-06 1.44992242835e-06 1.57739425182e-06 1.86153352514e-06 1.09932054162e-06 1.22304056515e-06 1.7691105269e-06 1.66962352323e-06 1.45944405032e-06 8.62247331352e-07 6.57249841536e-07 1.91749015656e-06 5.75539373635e-07 1.07516839893e-06 8.53159560937e-07 8.47013859367e-07 7.02499026602e-07 1.16038003015e-06 4.99767136597e-07 3.85210541118e-07 1.02335994764e-06 4.15061218009e-07 3.17160631416e-07 9.59865178493e-07 1.62411468164e-07 6.33466662386e-07 4.61933461392e-07 5.64540429494e-07 2.26913351931e-07 7.39564951129e-07 1.10945531822e-07 3.3473937469e-07 5.62815672511e-07 4.38486281834e-08 9.68193161903e-07 5.51691999568e-07 1.51478515768e-07 1.44981013813e-06 2.50893148734e-07 4.70360831504e-07 7.54322625183e-07 1.00673503923e-06 4.01307818634e-07 1.39569469931e-06 3.16622426948e-07 1.39665326523e-06 7.31035347991e-07 1.00677580223e-06 9.04367918853e-07 1.96452263521e-06 1.32200054486e-06 1.3126718673e-06 9.59413629193e-07 1.18730563455e-06 1.18137642265e-06 2.00624507712e-06 1.36654913936e-06 1.42824192378e-06 1.99393415324e-06 3.03686667154e-06 1.67735209568e-06 4.68866873567e-06 3.38881561968e-07 5.97231526599e-06 1.80414507742e-06 1.07371012424e-06 5.93809346721e-06 9.19632855886e-07 8.27594063966e-06 1.7799418134e-06 1.9714016369e-06 9.5278713891e-06 1.42399670971e-06 6.35559664261e-06 1.15150964538e-06 1.93679345755e-06 6.33879332871e-06 3.93659440499e-07 4.6949832198e-06 1.85680599098e-06 2.97749853543e-06 2.13075308254e-06 1.46465478436e-06 1.36956170644e-06 2.03894057467e-06 1.2210975205e-06 1.25946395709e-06 9.21361061344e-07 1.34857714695e-06 1.34880710699e-06 1.948853498e-06 9.50038797974e-07 1.0674217691e-06 7.09077641427e-07 1.44646462233e-06 2.70647277992e-07 1.35906852562e-06 4.09270885913e-07 9.50469051372e-07 7.45523623367e-07 3.88503714897e-07 2.20556122188e-07 1.39738960192e-06 1.33562479496e-07 5.3031892945e-07 9.03895040058e-07 1.82382132785e-07 2.26086696972e-07 2.13047255414e-07 1.11150678307e-06 2.56044803314e-07 4.06675274806e-07 5.22376814071e-07 7.67314499662e-07 2.45790162064e-07 1.12961736491e-06 2.47744328745e-07 8.40076529397e-07 9.5700258864e-07 4.67824399408e-07 6.72229216368e-07 1.23746048125e-06 9.91436426478e-07 9.99359016287e-07 9.5987101716e-07 1.40719407022e-06 5.55478104281e-07 2.14662282688e-06 5.56365649893e-07 1.38343072896e-06 1.76791850896e-06 1.82331641566e-06 1.91425842723e-06 2.12002819575e-06 1.33005462946e-06 1.72643233027e-06 3.51635031537e-06 1.25000571899e-06 3.07013265482e-06 1.41623149041e-06 5.80139158089e-06 2.41429473088e-06 2.59848666707e-06 3.2949930338e-06 5.89564454369e-06 1.70795529203e-06 3.15806492384e-06 1.39946158089e-06 3.84351270771e-06 1.7739382008e-06 1.40254789619e-06 2.22250600274e-06 2.01344229416e-06 1.86698295665e-06 1.80252049263e-06 1.53743519127e-06 5.11344644616e-07 2.27170095068e-06 5.42564369743e-07 1.3729741956e-06 1.0735857155e-06 9.56903961503e-07 1.01636651746e-06 1.29403805715e-06 6.95228252464e-07 4.29532613048e-07 9.8288945987e-07 8.48182692632e-07 2.61965995941e-07 1.05452817316e-06 2.59802028392e-07 7.43640567099e-07 4.80173221009e-07 3.49286737512e-07 2.62300882717e-07 1.0831579518e-06 2.1302122522e-07 2.15465168855e-07 1.75653596756e-07 2.10534266998e-07 2.26648374887e-07 1.39847771675e-06 3.00952229908e-07 5.07791261038e-07 7.95349845243e-07 5.96620281049e-07 2.85432588916e-07 1.3432654614e-06 2.58835102766e-07 8.26044355708e-07 9.46848097976e-07 1.04127856084e-06 7.2897027623e-07 1.8492049358e-06 1.05956677769e-06 1.36260408712e-06 8.05293582834e-07 1.45985266415e-06 1.38791620947e-06 1.97588382919e-06 1.21094513012e-06 9.83945092907e-07 2.35358846898e-06 2.32521650974e-06 1.66167765654e-06 3.39985936407e-06 6.41684043384e-07 5.17399546687e-06 1.10038525709e-06 2.25914260447e-06 3.01712572927e-06 8.90651921577e-07 7.41218661033e-06 1.45668365589e-06 3.72699377637e-06 3.641131307e-06 2.11901197862e-06 8.55919624921e-06 1.26723429305e-06 3.46478979231e-06 2.40398753667e-06 1.1987136646e-06 5.45077683109e-06 7.03670734278e-07 3.47346059149e-06 1.74417740987e-06 2.41114208019e-06 2.36156502439e-06 1.01151428977e-06 1.24729772292e-06 2.09075966823e-06 1.4459072446e-06 1.47932093207e-06 7.49923262383e-07 1.39592097802e-06 1.0925834238e-06 1.84546918123e-06 7.29601829484e-07 1.06716803067e-06 9.33151850873e-07 8.49866468496e-07 2.28086835547e-07 1.31050765242e-06 3.09582937258e-07 5.57926854544e-07 7.36187494652e-07 4.58217710734e-07 2.47944853269e-07 1.2831910606e-06 2.06286237584e-07 1.90554976058e-07 8.65067892081e-08 7.28497218627e-07 3.59250969739e-07 4.19941768652e-07 7.82185854067e-07 6.2687654532e-07 2.64758176717e-07 1.11400576208e-06 2.37691273456e-07 7.11393010015e-07 6.8944195363e-07 5.83434359794e-07 6.82339691238e-07 9.58324069105e-07 9.3048417427e-07 7.67160899701e-07 8.98153178046e-07 1.11001092339e-06 6.32594184404e-07 2.19168711946e-06 6.61913914994e-07 1.20159275916e-06 1.25875130345e-06 1.97963341433e-06 1.46492589989e-06 2.02593394136e-06 8.33561888554e-07 2.36015996382e-06 3.04849602417e-06 6.51136217184e-07 4.86075579368e-06 8.5646444957e-07 4.68407771369e-06 2.01559594324e-06 2.09116234735e-06 3.49862055219e-06 2.09389858703e-06 2.79788068855e-06 4.79982671055e-06 1.22171750474e-06 5.55082049264e-06 7.21171130323e-07 3.20534655207e-06 2.53455005534e-06 8.67307135411e-07 2.04753918245e-06 1.62531941507e-06 2.0097976426e-06 1.25358028855e-06 1.31085133778e-06 6.50494518839e-07 2.30485322452e-06 6.01929488597e-07 1.0917900476e-06 9.1420376654e-07 7.65546982958e-07 9.05165886005e-07 1.00403456131e-06 6.43993100685e-07 5.04730632328e-07 6.47640472156e-07 7.12977356998e-07 2.60757280337e-07 1.05143014124e-06 2.25547324338e-07 5.66319223489e-07 7.38581518121e-07 3.39347440316e-07 3.13235780717e-07 6.44807393054e-07 8.06790626072e-08 5.19196933371e-07 3.19484667014e-07 4.76797724807e-07 7.70888539857e-07 6.29880344122e-07 2.52398849161e-07 8.4849708271e-07 3.01945411382e-07 5.96216527082e-07 7.81816909125e-07 3.7826150495e-07 5.6112312791e-07 1.29873274904e-06 7.53805477192e-07 7.63526495811e-07 7.22317616934e-07 1.0645845908e-06 5.18045187953e-07 1.50664883295e-06 5.43866857711e-07 9.23970946539e-07 1.43774532982e-06 1.32585065026e-06 1.26769812073e-06 1.9014198571e-06 7.02342625818e-07 2.31595937426e-06 1.89444615607e-06 1.54456982834e-06 2.10005851653e-06 1.50598687206e-06 4.59073616673e-06 1.16311215835e-06 2.26458719573e-06 2.75450613609e-06 2.58517392396e-06 2.39312967897e-06 1.53504079115e-06 4.78464873429e-06 1.96580865756e-06 2.05819843377e-06 1.84195386775e-06 2.00909825091e-06 2.68698774341e-06 7.31105733787e-07 1.99381462442e-06 1.37848114204e-06 1.36647584381e-06 1.4340481216e-06 9.92260305841e-07 5.41497003479e-07 1.69663382082e-06 5.30108767501e-07 1.09385204194e-06 7.83039487065e-07 7.53010899828e-07 7.47679411377e-07 1.29155386338e-06 5.81673299933e-07 2.94907609043e-07 8.08919135831e-07 5.50916134185e-07 3.1552109847e-07 7.63028677159e-07 2.47552031405e-07 5.84404334349e-07 7.37618401895e-07 4.31951020673e-07 2.87640982148e-07 4.65957648783e-07 5.8115600251e-07 1.54004388159e-06 1.84033194369e-06 1.04914833518e-06 5.40009223381e-07 1.76146269017e-06 3.97713803345e-07 1.57207075682e-06 1.56932445481e-06 1.30424734107e-06 7.69825196088e-07 2.54646166883e-06 1.96562591231e-06 1.33725957224e-06 1.63277944699e-06 1.82352511672e-06 1.50200966192e-06 3.29588324532e-06 1.18129538873e-06 2.44837489965e-06 2.48857783842e-06 4.05293947541e-06 1.9476003919e-06 4.75784513748e-06 1.43539286991e-06 4.60490996547e-06 5.03547418405e-06 2.02378655569e-06 9.78448806308e-06 9.16572901357e-07 1.27050749128e-05 2.2629524052e-06 3.09123543178e-06 7.0834499745e-06 3.15022172608e-06 7.25351022402e-06 3.27676024728e-06 3.1289363706e-06 1.5326915212e-05 1.48870280591e-06 1.0999883636e-05 2.39760631019e-06 5.26446470787e-06 5.1391272459e-06 1.4992407315e-06 4.953714429e-06 2.1392337324e-06 4.34603188616e-06 2.64124412176e-06 2.59712608792e-06 1.28485479531e-06 3.48414376537e-06 1.59732701574e-06 1.89749437193e-06 1.58721567276e-06 1.42387101511e-06 1.82734601548e-06 2.563151989e-06 7.66481770207e-07 1.3173128064e-06 1.41037317838e-06 1.49467511094e-06 3.50228156969e-07 1.5966799846e-06 4.4322829441e-07 8.3952450484e-07 1.71759193855e-06 1.26860836224e-06 4.78921069189e-07 7.2462869301e-07 4.346457272e-07 4.10001915184e-07 1.49135423229e-07 7.74788327483e-07 2.51159662865e-07 4.77898934217e-07 5.90532988004e-07 3.71433589055e-07 4.45953506987e-07 8.08719010827e-07 6.05621283889e-07 7.72601252577e-07 4.7979962025e-07 8.21877311769e-07 3.93330297153e-07 1.53071231065e-06 3.5990638126e-07 8.26080595306e-07 1.07799796456e-06 1.01107936616e-06 9.94350410182e-07 1.32166130863e-06 5.21415379545e-07 1.75109915881e-06 1.47310463655e-06 1.07007736979e-06 2.1447535043e-06 1.07931501763e-06 3.29843751128e-06 1.84630277796e-06 1.54966566272e-06 1.78966346382e-06 1.90636423015e-06 2.10928543981e-06 1.82358006163e-06 1.45001596684e-06 2.74991317511e-06 3.35291405766e-06 1.46936092501e-06 2.51496014803e-06 1.22297884215e-06 1.55906002921e-06 1.88848965989e-06 5.09196434369e-07 1.35007504356e-06 1.15214270353e-06 1.04346877354e-06 1.12080948654e-06 9.20334206064e-07 3.69708792744e-07 1.69249625708e-06 3.07521087712e-07 8.83813367776e-07 5.16993022086e-07 8.39322194725e-07 6.39934829084e-07 7.98158249302e-07 5.03131905401e-07 3.53156643252e-07 5.13831759667e-07 4.74847872498e-07 2.090415436e-07 6.98036930547e-07 9.9604045751e-08 3.03989278835e-07 3.46854527916e-07 6.32269827654e-07 3.20355209694e-06 1.62892116699e-06 4.48971285295e-07 2.22068012646e-06 6.52729807813e-07 1.11909753378e-06 1.22894887554e-06 1.20419849037e-06 1.02456349934e-06 2.7254258018e-06 1.25063328037e-06 1.79880346477e-06 1.78230056995e-06 1.45681601259e-06 1.42423359701e-06 2.76206797515e-06 1.24153799695e-06 2.22067229549e-06 2.38696876959e-06 4.24353829904e-06 1.88905026506e-06 4.3413041713e-06 1.17487364101e-06 5.13038778224e-06 4.25628061404e-06 1.95534768783e-06 7.6083748334e-06 1.82325334361e-06 1.19705629031e-05 1.4090736399e-06 5.94626508613e-06 3.73824439204e-06 2.72331424135e-06 6.19073768962e-06 2.86128654846e-06 4.17580818154e-06 6.458155262e-06 2.35851604831e-06 1.40510635803e-05 2.45366615441e-06 8.75982980208e-06 2.3166274178e-06 4.63332275774e-06 5.71459011272e-06 1.30031309474e-06 4.72527885868e-06 2.11274542682e-06 4.47635729865e-06 2.52573620431e-06 2.33093334565e-06 1.33602544314e-06 2.85448512044e-06 1.46527183033e-06 1.48706326049e-06 1.78633039753e-06 1.84468718852e-06 1.18650915217e-06 2.60747386761e-06 9.83639279185e-07 1.11089389752e-06 1.19217934524e-06 1.05559020102e-06 5.87817489521e-07 1.93988403079e-06 3.52186548556e-07 1.26642276864e-06 1.9854512486e-06 2.4659088416e-06 4.04683379579e-07 1.72602168634e-06 4.41062229122e-07 9.26952795367e-07 1.10863576475e-06 5.91315945717e-07 7.39158749766e-07 1.7289581735e-06 1.05901669728e-06 8.68268245319e-07 1.29114578717e-06 1.5370441926e-06 6.63479345836e-07 2.46086101783e-06 6.20369364523e-07 1.48201274283e-06 1.58624025639e-06 2.1813318331e-06 1.75345911523e-06 2.30873806139e-06 8.89277586085e-07 2.38474593164e-06 3.204305343e-06 1.64099342306e-06 4.4265415901e-06 1.52132110144e-06 6.72026482834e-06 2.74918366782e-06 1.41603158733e-06 5.20660485762e-06 2.20530555505e-06 2.88946032738e-06 2.91062066678e-06 2.10311639239e-06 5.64534277421e-06 1.51450285696e-06 3.82693331499e-06 7.16667827055e-06 2.12660107666e-06 4.78816384328e-06 1.91367187943e-06 3.4217579244e-06 2.61298722949e-06 9.7426228702e-07 2.29575453121e-06 1.98803132033e-06 2.2451574626e-06 1.70284088104e-06 1.44357253519e-06 6.05889933281e-07 2.54369987315e-06 5.92915997273e-07 1.59063143046e-06 1.24400644965e-06 7.51426323752e-07 1.07777538441e-06 1.64664865985e-06 7.13490321404e-07 5.50429332587e-07 1.02709856744e-06 7.83768606322e-07 4.0184451126e-07 1.43980344561e-06 3.22393624319e-07 1.80582299956e-06 2.63200354548e-06 2.78907886065e-06 8.72253906202e-07 1.2363943164e-06 1.79435619734e-06 7.81028104328e-07 7.21129198062e-07 2.37404281925e-06 1.33502395758e-06 1.86846955171e-06 1.10474174185e-06 2.11814228755e-06 1.33529993099e-06 2.51118654312e-06 8.89895807577e-07 1.84510671393e-06 2.32605706865e-06 3.19062822258e-06 1.81567334575e-06 4.44485108747e-06 9.51534215021e-07 4.3248006271e-06 3.51633664434e-06 2.17101311999e-06 6.52456190409e-06 1.62002802838e-06 1.00107578395e-05 2.40894886737e-06 4.23123125916e-06 2.84087009987e-06 5.55219171033e-06 2.92164819738e-06 2.47732109024e-06 3.08340842234e-06 5.91617893128e-06 3.10234447274e-06 4.93848192396e-06 3.3789257423e-06 1.15270781783e-05 2.32495998656e-06 7.4798699175e-06 2.72286426859e-06 3.7808415878e-06 5.02818472005e-06 1.11718614647e-06 4.69692731677e-06 2.10043037775e-06 3.40879992784e-06 2.48824578017e-06 1.99001851632e-06 9.5005729747e-07 2.73887711403e-06 1.38788301402e-06 2.21740921407e-06 1.01884755087e-06 1.94055162651e-06 1.35868343196e-06 2.23973314453e-06 7.42356024127e-07 7.48457235642e-07 1.6036072136e-06 1.0233312806e-06 7.52398009232e-07 2.2177564811e-06 1.61795275604e-06 8.61740137229e-06 4.72741585383e-07 9.03772400129e-07 1.39025146837e-06 8.01331916555e-07 8.82979640343e-07 1.67710672682e-06 1.19887564649e-06 1.42476936418e-06 1.19214937876e-06 1.3281383022e-06 9.26292527092e-07 3.04497589333e-06 6.26944953124e-07 1.80891081394e-06 1.48442335673e-06 2.77242149108e-06 1.59449234614e-06 2.86975836162e-06 1.15567132582e-06 3.1339619039e-06 3.69026175638e-06 1.44527402582e-06 5.97363736576e-06 1.76636022513e-06 7.9055944657e-06 2.93405258806e-06 3.28357468422e-06 5.12098413726e-06 1.62920468582e-06 5.19350548887e-06 2.11963200396e-06 1.98493232556e-06 5.52287105602e-06 1.65508163835e-06 5.58943241424e-06 3.45777611204e-06 4.39333979198e-06 8.73294812097e-06 2.47459131827e-06 6.71839509795e-06 1.75632659829e-06 3.91835648427e-06 3.43461824639e-06 1.30612196315e-06 3.04265618341e-06 1.77082810755e-06 2.84327652528e-06 1.58353150116e-06 1.72539367669e-06 6.80927542557e-07 3.17742779393e-06 9.03269119436e-07 1.31937676797e-06 1.16719963972e-06 1.36310658349e-06 1.19181861355e-06 1.53846348083e-06 7.39352642327e-07 6.26453208689e-07 1.28254756987e-06 7.03464690437e-07 3.73246390588e-07 5.05716222895e-06 2.97470849044e-06 1.25821681618e-06 1.78317247111e-06 1.05991722509e-06 1.24673597081e-06 2.27518917951e-06 1.03286359162e-06 1.68785697347e-06 1.2445203798e-06 1.82479579893e-06 1.08390934748e-06 3.13840933957e-06 1.14993953106e-06 1.74958367155e-06 2.30582552828e-06 2.63916342903e-06 2.26621373049e-06 3.38231960994e-06 1.17336065951e-06 4.54365809537e-06 3.43614183543e-06 2.13197048464e-06 5.25948739945e-06 2.03910336885e-06 9.31608407519e-06 2.33134126242e-06 3.82296781948e-06 4.16454202502e-06 4.51499476397e-06 2.19614865926e-06 4.37050416077e-06 1.50177855722e-06 4.5065240945e-06 2.37036496446e-06 4.97121656032e-06 4.65824850104e-06 4.25461595128e-06 3.35173169301e-06 1.0242084086e-05 2.80794147509e-06 5.95030466534e-06 2.71221175983e-06 3.8060866432e-06 5.15893167254e-06 1.31297694591e-06 3.5582527397e-06 2.65647318814e-06 2.76934325288e-06 2.54946423067e-06 1.78800066693e-06 1.2779333819e-06 3.22057648436e-06 1.12162359355e-06 1.84197733842e-06 1.15190019158e-06 1.67107723817e-06 9.82150961556e-07 2.110398928e-06 1.07176182991e-06 8.85632404393e-07 1.53978914716e-06 7.775944507e-07 1.68678666766e-06 1.03106544549e-05 4.70143010384e-06 1.189445122e-06 1.16306017529e-06 2.70276366888e-06 1.65307175193e-06 1.67310507725e-06 1.69475875122e-06 2.18017916358e-06 1.21282685603e-06 2.83040069734e-06 1.13439120225e-06 2.90524425867e-06 1.83080336724e-06 3.88504598504e-06 1.72519255813e-06 4.25449252554e-06 1.31418692424e-06 4.4086652663e-06 5.16624558982e-06 2.16923299546e-06 7.98658614316e-06 1.76302163147e-06 1.14152420508e-05 3.64011764728e-06 3.77971805169e-06 5.70428353387e-06 3.73822969583e-06 5.58255024003e-06 1.88965582118e-06 3.96372333109e-06 4.28456005253e-06 1.8338585594e-06 5.9328376504e-06 3.89058713003e-06 6.37785337582e-06 4.24369627982e-06 5.40502099372e-06 1.31756531042e-05 2.53244131881e-06 8.93246817215e-06 2.5762325228e-06 5.60417892149e-06 4.98287676237e-06 1.43420671443e-06 4.57787061753e-06 1.98591374567e-06 4.04516378524e-06 1.98061572306e-06 2.87914625482e-06 1.11805637889e-06 2.81677226416e-06 1.18051975292e-06 2.14524455829e-06 1.53267347671e-06 1.52698010256e-06 1.53812780514e-06 2.43744433414e-06 1.07769055277e-06 9.76306028508e-07 3.27617202964e-06 5.35056879001e-06 9.79768339574e-06 1.89824321994e-06 1.17662397043e-06 2.36172664117e-06 1.35360847249e-06 1.54750184508e-06 9.67621981827e-07 1.91417734391e-06 9.9874260162e-07 2.76091283631e-06 1.08178943038e-06 1.92553152886e-06 2.31130985561e-06 2.15046217397e-06 1.87967063605e-06 2.52025406572e-06 1.24734353152e-06 3.20857892554e-06 3.44855083601e-06 2.0440735886e-06 5.01866290165e-06 1.77338248022e-06 7.69122824757e-06 2.9492813624e-06 3.19065185589e-06 3.67545567303e-06 3.72746671149e-06 2.88298142087e-06 3.21382402837e-06 1.03711936754e-06 6.52578085716e-06 9.87152510699e-07 3.30925616028e-06 3.01966370959e-06 3.85778684667e-06 4.23059043659e-06 3.48030446774e-06 4.20258986218e-06 8.26976135253e-06 2.52153451701e-06 5.76239477956e-06 2.54373815973e-06 3.69722288155e-06 3.60299147513e-06 1.33561617432e-06 2.72368256269e-06 2.30430022299e-06 2.23447796662e-06 2.58929704911e-06 1.82142815773e-06 1.08472483702e-06 2.76896927934e-06 9.98606301159e-07 1.92004079425e-06 8.49105149586e-07 1.45110287058e-06 1.23250399561e-06 1.89653226639e-06 9.0600709976e-07 1.24570709942e-06 5.11673706674e-06 9.63046707413e-06 3.04778292934e-06 4.95182372728e-06 2.62740494119e-06 2.04407866708e-06 1.61582082128e-06 2.12580935976e-06 1.30601872796e-06 3.72198299954e-06 1.4352460155e-06 1.95790474421e-06 2.63815306455e-06 4.35221368852e-06 1.74195446605e-06 4.38099686807e-06 1.13772835441e-06 4.69464624244e-06 4.45876556415e-06 2.23484562649e-06 8.57676279724e-06 2.35023840999e-06 1.22083742017e-05 3.09776574294e-06 5.24520684548e-06 5.33082694088e-06 4.02636371183e-06 4.79858706287e-06 3.26172604254e-06 3.32763422495e-06 3.18492985351e-06 3.01666661025e-06 3.69419996846e-06 3.32341893167e-06 5.22526407102e-06 4.26550325189e-06 5.92528161121e-06 5.80370686272e-06 4.84700180005e-06 1.38465474765e-05 3.19110353244e-06 9.84794215891e-06 2.70153773052e-06 4.8920278339e-06 5.29936029437e-06 1.23504071961e-06 4.61582511582e-06 2.01420756127e-06 4.54694333432e-06 2.8566417141e-06 2.00074419998e-06 1.44467585922e-06 3.70480599442e-06 1.30634212404e-06 1.98145316678e-06 1.48995375749e-06 1.8750684039e-06 2.17789595758e-06 3.4359979808e-06 1.719730689e-06 4.60648499353e-06 8.48398273231e-06 5.90700430772e-06 3.15398876473e-06 1.98674532243e-06 1.95977608773e-06 2.08425468522e-06 9.35555446098e-07 3.70653322226e-06 1.11892743932e-06 2.03747647899e-06 1.92812935506e-06 3.09410530759e-06 2.51780458094e-06 2.85048426108e-06 1.55781529343e-06 3.25406734012e-06 4.31613686521e-06 1.92508245313e-06 6.43125495985e-06 2.63258997158e-06 9.95430240858e-06 3.30495426418e-06 3.10801084901e-06 5.36184158025e-06 3.77504432373e-06 3.49555497975e-06 3.28599565126e-06 1.9797294265e-06 6.35406490957e-06 8.81491863483e-07 6.25796888513e-06 2.16323165577e-06 3.43829516447e-06 3.73206560371e-06 3.97968392897e-06 6.07932812293e-06 3.38143604393e-06 4.6379449164e-06 1.02669633033e-05 3.49825992106e-06 7.21606043421e-06 2.34770113528e-06 4.75107608844e-06 3.57752167409e-06 1.64397253114e-06 2.97024223564e-06 2.84860649473e-06 3.06279434349e-06 1.99409217208e-06 2.06845663356e-06 1.05454600548e-06 3.51451734393e-06 8.87431821062e-07 1.89077341831e-06 1.67809802393e-06 1.56514604933e-06 2.16035611333e-06 3.54376109221e-06 3.88345613925e-06 2.81518896891e-05 6.16865462583e-06 4.20802963632e-06 4.5965513692e-06 3.47882634175e-06 1.23404369064e-06 3.95963077503e-06 1.58927877899e-06 2.57658399992e-06 2.93558209196e-06 3.42082085037e-06 3.35675573068e-06 5.76016885283e-06 1.61838177459e-06 5.58147087637e-06 4.54224519375e-06 3.14739750127e-06 8.98127614867e-06 3.09146653559e-06 1.46513800147e-05 3.9612501618e-06 5.03411865738e-06 5.29895673207e-06 5.8722922e-06 5.03278470308e-06 3.85200551057e-06 3.19086272102e-06 5.84114754025e-06 3.0488578601e-06 3.0978703467e-06 5.86047101e-06 3.49318667493e-06 4.03793206735e-06 5.47813341126e-06 6.30652192981e-06 6.08294614355e-06 5.92969599789e-06 5.57219391876e-06 1.66161883984e-05 4.05959899137e-06 1.03742990962e-05 3.84103699876e-06 5.23642637366e-06 6.35550347687e-06 1.77278428665e-06 6.05290575056e-06 3.65660605508e-06 3.55695446126e-06 3.18129289347e-06 2.7109286669e-06 1.46504744994e-06 3.83575721513e-06 1.2960199396e-06 2.9970407197e-06 2.96335481686e-06 2.67511785489e-06 3.79527407764e-06 1.3052746822e-05 1.7266190497e-05 5.83022170209e-06 4.4795519576e-06 4.23844191751e-06 1.86410637865e-06 5.74345574885e-06 1.30790234486e-06 2.47461260601e-06 2.7192551191e-06 4.02126135552e-06 2.56452302045e-06 4.50041975239e-06 2.21532048967e-06 3.75882183552e-06 5.2071542701e-06 2.06677900137e-06 9.28644203815e-06 2.67568704499e-06 1.24014015648e-05 4.88642957768e-06 3.89220325961e-06 5.71164487695e-06 3.85698810612e-06 4.86426151942e-06 3.46506691297e-06 2.39987183431e-06 6.03565882445e-06 1.72640657385e-06 6.12332090216e-06 1.73489741681e-06 6.22206185563e-06 2.73630438367e-06 3.50748191887e-06 5.24497360823e-06 4.13402751307e-06 6.70595504403e-06 4.41138443352e-06 6.76556175432e-06 1.35650435003e-05 3.54711933005e-06 1.0801540805e-05 2.50566497351e-06 5.88377107805e-06 4.27359339734e-06 2.36969857364e-06 4.70177675691e-06 2.64608047024e-06 4.17180130293e-06 2.70648623645e-06 2.62583403835e-06 1.24150004029e-06 4.75931306595e-06 1.57462610755e-06 3.13921051887e-06 2.97570711844e-06 2.94804927889e-06 7.37933374492e-06 1.94583584162e-05 6.30681021425e-06 5.91246366149e-06 2.76765712385e-06 6.86974910113e-06 2.09876237864e-06 2.57077972484e-06 3.69848938048e-06 4.47114867926e-06 3.8290612152e-06 3.73444636361e-06 1.98338137429e-06 5.48901840998e-06 4.05671933887e-06 2.85231981063e-06 8.02573042669e-06 3.31249187636e-06 1.30101408429e-05 4.53829480615e-06 5.08643737928e-06 4.63671932188e-06 5.09402289854e-06 3.36742392314e-06 4.24812062582e-06 2.16865532706e-06 5.6403411825e-06 2.0130297038e-06 4.3804252389e-06 4.28683314406e-06 2.08921522841e-06 5.85574186619e-06 2.38793627631e-06 4.32862313859e-06 3.77966435196e-06 5.43210336037e-06 5.34036503689e-06 6.02376554723e-06 6.52173485696e-06 1.44713123299e-05 4.20084884708e-06 9.0979540139e-06 3.46514589418e-06 4.61012413814e-06 6.31997634472e-06 2.12951645661e-06 3.91242869451e-06 3.69026536126e-06 4.36470580119e-06 3.35614569373e-06 2.53987078185e-06 1.6035942396e-06 5.36005569491e-06 2.01876409098e-06 3.68940894643e-06 3.81616876657e-06 7.08903719346e-06 2.13686130775e-05 9.88396874112e-06 4.09528424751e-06 1.03330772041e-05 2.78719718789e-06 4.40604434472e-06 4.48271127108e-06 5.99358776298e-06 4.74102129818e-06 6.48673969379e-06 2.09968044414e-06 6.6521105169e-06 8.23855516605e-06 2.39261665187e-06 1.31938628559e-05 3.12074026604e-06 1.74320525411e-05 5.30684989696e-06 5.29139778934e-06 7.93461213942e-06 4.73373676238e-06 5.48104118583e-06 3.56878653271e-06 3.19174870097e-06 6.63182790778e-06 2.17979377827e-06 6.49967661316e-06 3.40573014213e-06 6.61157755864e-06 2.24504067317e-06 6.81578995141e-06 3.69033571608e-06 3.64585244227e-06 6.01178843421e-06 5.09968895731e-06 8.9485793659e-06 6.25604024351e-06 7.21861878381e-06 1.88113286639e-05 4.03691322684e-06 1.44180636871e-05 3.01023656867e-06 8.89325839709e-06 7.3937288688e-06 2.223320827e-06 6.42500554238e-06 4.45842183717e-06 5.49531510065e-06 3.9584731818e-06 3.88985604432e-06 2.08547933662e-06 7.06847559206e-06 2.65501468315e-06 5.14773680769e-06 1.0696321608e-05 2.33624656113e-05 5.37943986376e-06 1.12561075197e-05 2.76612637655e-06 4.52305630049e-06 4.75483339225e-06 4.71642742624e-06 3.97839113976e-06 5.24490513537e-06 2.35146793745e-06 4.81365437943e-06 5.55869636382e-06 3.29745405542e-06 8.7179461844e-06 3.66569636418e-06 1.38137069045e-05 5.41818171639e-06 4.55928808084e-06 5.30089929772e-06 5.03539716155e-06 3.52240388011e-06 4.13302610163e-06 1.88326374239e-06 6.29053783329e-06 1.79447040584e-06 4.34124654278e-06 3.20604102964e-06 3.27520997283e-06 4.42668181985e-06 1.84111555629e-06 6.40361679192e-06 2.10364808469e-06 4.02026442937e-06 3.88841368017e-06 5.68685464459e-06 5.86517933741e-06 5.36499999044e-06 7.2756849805e-06 1.4695596099e-05 4.52878334421e-06 9.14813760086e-06 3.82899060648e-06 5.98173899546e-06 5.0610526518e-06 2.16122027546e-06 5.16407553797e-06 3.38139773717e-06 4.06361727478e-06 3.61870432602e-06 3.57401886963e-06 2.04201408689e-06 6.85578598052e-06 2.83635407876e-06 8.32287667944e-06 1.82130697857e-05 1.82115288525e-05 5.05095961401e-06 7.73490648254e-06 6.84694328427e-06 7.91135888907e-06 5.45595457099e-06 8.0375672379e-06 3.02874172704e-06 7.79982207709e-06 6.69176899084e-06 4.55147844113e-06 1.61277960174e-05 3.76829847764e-06 2.0542276305e-05 6.00967577876e-06 7.03958542935e-06 8.3852146087e-06 5.70288513372e-06 7.14358173507e-06 4.33231200711e-06 3.65724039306e-06 6.43491667343e-06 2.88410466582e-06 6.20696245331e-06 3.77618810624e-06 6.06420345508e-06 3.86959833119e-06 6.37606725585e-06 2.9890290638e-06 6.65282342102e-06 3.92049586549e-06 4.35922487531e-06 7.65209085108e-06 6.24606003106e-06 9.08968340429e-06 8.08586367747e-06 7.63503544512e-06 2.16761517201e-05 4.62481313642e-06 1.76363003986e-05 4.96510549852e-06 7.08916816291e-06 8.19203596063e-06 2.78039544474e-06 7.53937137681e-06 4.83606845938e-06 6.57413754424e-06 4.81187987115e-06 5.34563367385e-06 3.10543909035e-06 9.47106496232e-06 6.49703231802e-06 4.43040861502e-05 5.25574716266e-06 7.3897692987e-06 6.23074048819e-06 7.62799423577e-06 4.92518368945e-06 5.82159587468e-06 2.47558916843e-06 6.3743191538e-06 6.38041430057e-06 2.99703897603e-06 1.10579269071e-05 4.88754436256e-06 1.54084739218e-05 6.18940818805e-06 4.67455821639e-06 6.59102607302e-06 5.08046999066e-06 4.14314542712e-06 4.40708017953e-06 2.66787539536e-06 6.48702867249e-06 1.5284973134e-06 5.46084933713e-06 3.08579678495e-06 3.61786286525e-06 3.5544075966e-06 3.16733133744e-06 5.41973339027e-06 1.60986473744e-06 6.32959226813e-06 2.67441811443e-06 4.33516576423e-06 4.49894852288e-06 5.54752914338e-06 7.3116878068e-06 5.16077825039e-06 7.83783643827e-06 1.54011227671e-05 5.44318072986e-06 1.17621355303e-05 3.06595494407e-06 6.38453604803e-06 6.39356572338e-06 2.18453480062e-06 4.90339554951e-06 3.98204881768e-06 5.74437223226e-06 4.30740494599e-06 4.22290028721e-06 2.7771205401e-06 1.68376454725e-05 2.35890111376e-05 1.45337560383e-05 1.21869518609e-05 1.43758346487e-05 9.11503225133e-06 1.20622157758e-05 3.53969201985e-06 1.20304982486e-05 1.11967865228e-05 6.2147730861e-06 1.49520389464e-05 7.39596955684e-06 2.72223575627e-05 7.6987658765e-06 8.69519157526e-06 9.25690082731e-06 8.41831844155e-06 7.47254822702e-06 5.96497938202e-06 5.21182936554e-06 8.51276658672e-06 3.58110988044e-06 6.92977911618e-06 5.53958619989e-06 7.24011218502e-06 4.60935130697e-06 7.24047525952e-06 5.46252762101e-06 7.2243125589e-06 3.49304927742e-06 8.66407605088e-06 5.30419440096e-06 6.02204838914e-06 7.96408255238e-06 8.97546884425e-06 9.82689535486e-06 1.00032791923e-05 9.00122148617e-06 2.85971010059e-05 8.06043593317e-06 1.5749713101e-05 6.50830805417e-06 1.06126153047e-05 1.11772363563e-05 3.17381454306e-06 9.93660383118e-06 6.47896090051e-06 9.96592539285e-06 7.48459244324e-06 7.01680575921e-06 8.88820596455e-06 4.19379655623e-05 1.55358273291e-05 1.70868143014e-05 9.99820110443e-06 1.36216311463e-05 4.38045707946e-06 1.06750953787e-05 1.28316733504e-05 6.19360834934e-06 1.89619194083e-05 5.91576036943e-06 2.70477530311e-05 1.12653448496e-05 6.1225657158e-06 1.12612320827e-05 6.27439026282e-06 8.01307718003e-06 5.41697544252e-06 4.63178152197e-06 1.05218234846e-05 3.157897613e-06 7.77704915153e-06 4.18548458601e-06 7.29484215091e-06 5.20105030153e-06 5.41951706145e-06 7.02864130801e-06 4.40836579971e-06 7.77100663037e-06 3.02191924159e-06 1.03677188711e-05 4.83430435544e-06 5.38649982274e-06 8.12230091425e-06 6.61067070326e-06 1.1318057946e-05 6.959939673e-06 1.28884779333e-05 2.70468109722e-05 6.35653326666e-06 1.95527183039e-05 6.21470384422e-06 1.14773347038e-05 9.43926368078e-06 3.62146361662e-06 1.04706696709e-05 6.53290259684e-06 1.03136847327e-05 8.26233306956e-06 1.44744861916e-05 4.3016852307e-05 1.99594062583e-05 1.06888143534e-05 1.35079536659e-05 4.43345062299e-06 1.17186794317e-05 1.05084045303e-05 6.38226504869e-06 1.67485110784e-05 6.62331989004e-06 2.22596934802e-05 9.50665088835e-06 8.28724897934e-06 7.54368862574e-06 6.87587500174e-06 5.68735155597e-06 5.52906166915e-06 3.90314308929e-06 8.44569753237e-06 3.4413263822e-06 6.04069325864e-06 4.48346212865e-06 5.16946180921e-06 4.93032168784e-06 5.36733252163e-06 4.89183149191e-06 5.15122852871e-06 4.35465071514e-06 5.95810588977e-06 3.16817070639e-06 8.45154436834e-06 3.87823874867e-06 5.35449488033e-06 5.6784387159e-06 7.43050053652e-06 6.98784245051e-06 9.220847502e-06 1.08050296483e-05 2.17692979336e-05 6.8975322528e-06 1.67534034207e-05 5.97433628035e-06 8.43315042313e-06 9.57946108201e-06 3.36409428867e-06 9.81724628021e-06 6.52181575586e-06 9.81683445348e-06 1.57949409385e-05 6.45304169098e-05 1.7105637863e-05 2.16321178251e-05 6.52847371344e-06 1.66270619649e-05 1.56350758523e-05 6.95519708878e-06 2.37098911337e-05 9.43747676059e-06 3.11643253137e-05 1.06207068816e-05 1.07433422511e-05 1.59666971565e-05 6.51087752297e-06 1.05766955791e-05 5.64718100624e-06 6.0477496336e-06 1.04632201021e-05 3.92099657666e-06 1.0026070539e-05 4.6578285103e-06 7.93810022737e-06 4.92964404574e-06 7.16939440299e-06 6.95272699117e-06 5.10096638145e-06 7.58631869694e-06 4.67861048553e-06 1.01645053897e-05 3.86884285504e-06 1.03899763176e-05 5.92461305189e-06 5.47708151209e-06 1.04324711666e-05 6.67438051417e-06 1.51539717146e-05 1.15779922022e-05 1.1690631445e-05 3.06153726197e-05 9.40893874087e-06 2.22882657167e-05 6.47171470312e-06 1.29930528962e-05 1.32150305234e-05 4.1221988766e-06 1.39447314015e-05 9.06907160476e-06 2.30227001454e-05 6.34997606325e-05 3.01487886636e-05 8.83972723379e-06 2.04930308355e-05 1.91154242357e-05 9.83962767721e-06 2.23583397097e-05 1.10769486243e-05 3.48383245204e-05 1.41138846166e-05 9.48083294085e-06 1.53932872597e-05 1.11381887331e-05 7.78944293078e-06 7.87641238122e-06 5.06870072398e-06 1.33611929375e-05 4.00313622874e-06 9.22150695073e-06 6.5841487397e-06 7.12333101899e-06 5.99055244732e-06 5.63962557959e-06 7.76869165108e-06 5.65998906632e-06 6.19620933633e-06 6.54424330807e-06 6.73450774736e-06 9.05238479091e-06 3.8117391343e-06 1.26970739714e-05 4.86542862639e-06 7.42787473224e-06 7.4306828014e-06 1.1106395048e-05 1.42928899237e-05 9.88895996604e-06 1.50828954029e-05 3.33586129018e-05 1.05149698162e-05 2.01845918222e-05 8.7173907442e-06 1.48393329041e-05 1.49074934863e-05 5.07691216354e-06 1.59888722765e-05 2.21400284174e-05 0.000100504594214 1.25103583915e-05 2.88138816175e-05 2.62750141172e-05 1.36317187059e-05 3.27117985377e-05 1.15876352473e-05 4.59889944078e-05 1.78080676425e-05 1.39825878905e-05 1.50560550927e-05 1.30565396824e-05 1.37562259353e-05 6.74017417934e-06 7.87234126246e-06 1.17984178666e-05 5.42100366845e-06 1.05141788615e-05 6.39323653595e-06 1.05451388036e-05 5.62489060669e-06 8.04945893649e-06 6.43216835064e-06 6.47712421915e-06 7.88909629938e-06 5.42528874966e-06 9.85148465841e-06 6.23922356773e-06 1.03292179201e-05 4.74770751652e-06 1.09396620773e-05 7.37305133929e-06 6.00446128445e-06 1.30249203773e-05 1.2142530088e-05 1.34635549239e-05 1.39488449726e-05 1.79465419535e-05 4.27774670683e-05 1.03849623888e-05 2.86618392158e-05 1.08449962748e-05 1.85283566982e-05 1.91003931817e-05 6.49935625138e-06 3.37010974418e-05 3.57892688636e-05 3.72115358313e-05 2.93693755393e-05 1.44007909031e-05 3.50886458586e-05 1.36963005863e-05 4.18618149867e-05 1.87085765019e-05 1.3174447268e-05 1.63896560785e-05 1.02997844187e-05 1.22892474712e-05 9.52251250645e-06 5.53055278883e-06 1.34784514474e-05 4.1841134061e-06 1.09565279008e-05 5.86848046696e-06 8.07302297533e-06 7.06014193205e-06 6.07699585891e-06 7.83347481937e-06 3.90972112737e-06 7.81728115386e-06 5.58477849838e-06 7.09470101002e-06 6.99621434755e-06 5.90104103773e-06 1.02402627213e-05 3.58125975908e-06 1.24498714599e-05 4.86781860082e-06 8.37126505357e-06 1.10034271307e-05 8.87816574716e-06 1.4293049869e-05 1.24859598014e-05 1.77223722753e-05 3.5981669714e-05 1.16124849195e-05 2.74800442604e-05 1.04774975081e-05 1.81245898489e-05 1.98461608932e-05 1.22705779142e-05 0.000139182003919 4.47290048192e-05 2.09397431557e-05 4.55774066835e-05 2.02144554214e-05 5.4753652081e-05 2.12853029929e-05 1.94953199887e-05 2.2436176149e-05 1.54644523766e-05 1.28197076449e-05 1.13904009119e-05 1.00344914402e-05 1.30564493462e-05 6.26987159623e-06 1.1372969902e-05 8.96745054952e-06 9.94546797011e-06 7.70044576108e-06 9.60388029059e-06 8.38050167467e-06 6.90285387312e-06 7.1871323728e-06 7.85529318625e-06 9.43584534294e-06 7.29342254394e-06 9.05586792733e-06 8.31739048974e-06 1.03859074068e-05 5.27180222189e-06 1.16183072276e-05 8.80101236718e-06 9.54900944028e-06 1.1062059271e-05 1.31012609149e-05 1.89270026492e-05 1.78497083214e-05 1.91171759106e-05 4.82855804462e-05 1.65279383136e-05 3.49529803666e-05 1.44792815955e-05 2.54038282335e-05 4.61154418939e-05 0.000157671651409 3.27278867675e-05 7.15034209577e-05 2.63964143743e-05 7.84315840161e-05 3.18847938486e-05 2.1555407525e-05 2.91794876141e-05 1.93978546225e-05 1.87210824219e-05 1.12637246734e-05 1.16036777987e-05 2.33223157696e-05 5.69501250265e-06 1.76100013069e-05 8.28786844498e-06 1.36315252662e-05 9.20285868735e-06 9.73536391514e-06 1.28190927595e-05 6.80799831289e-06 1.08613251322e-05 6.5089318145e-06 1.21224531239e-05 9.12479124938e-06 8.53550372008e-06 1.2114445681e-05 7.58802695967e-06 1.5315781233e-05 4.45470054193e-06 1.97418281792e-05 9.40567898757e-06 9.11007139939e-06 1.58462711905e-05 1.53910805263e-05 2.33877757013e-05 1.80131685314e-05 2.73323514367e-05 6.44366599358e-05 2.09388106718e-05 4.79130356244e-05 1.83805628226e-05 5.59799201013e-05 0.00010209355457 0.000107049912929 3.76920196071e-05 0.000102552570761 4.38756627229e-05 2.85079273846e-05 2.90784989924e-05 2.51869264913e-05 2.15530096022e-05 1.52996145841e-05 1.08692405741e-05 2.51694732683e-05 9.50348747701e-06 1.49878617085e-05 1.21666697042e-05 1.20567522073e-05 1.18994507351e-05 1.10320866427e-05 1.21486418768e-05 1.00880389967e-05 1.00067677372e-05 9.96993281965e-06 9.8294987839e-06 1.13975840816e-05 1.01139937892e-05 1.08240003345e-05 1.04544092114e-05 1.0827199411e-05 1.22024631048e-05 7.66275724982e-06 2.02942856896e-05 8.30918385916e-06 1.20937552886e-05 1.74390319916e-05 1.89502331313e-05 2.20658149788e-05 2.39833593517e-05 3.43879675949e-05 8.2286153288e-05 2.82360375828e-05 6.23383678896e-05 3.95962473146e-05 0.000392116191465 6.2148060866e-05 0.000159089202913 6.19300128534e-05 4.30634537908e-05 4.62212501658e-05 2.88261883486e-05 3.16520031476e-05 2.06883993936e-05 1.71507508434e-05 2.60626731533e-05 1.09276044528e-05 2.77128825028e-05 1.11209661937e-05 1.92103015231e-05 1.14360312181e-05 1.5401640398e-05 1.4360265931e-05 1.03744266071e-05 1.51075783695e-05 9.76845359369e-06 1.49751219197e-05 9.670112571e-06 1.31602481923e-05 1.39274461518e-05 9.8267470999e-06 1.61547839409e-05 8.81427787839e-06 2.18350901175e-05 8.32031040908e-06 1.90195041154e-05 1.24206797666e-05 1.49191037468e-05 2.26309065922e-05 1.9408606665e-05 3.14750056389e-05 3.27760102214e-05 4.47949664512e-05 0.000115649160722 4.04402386757e-05 0.000151056968892 0.000239013998558 0.000277741011682 0.000102797078492 6.16909222489e-05 7.28009137522e-05 4.44439654514e-05 3.80436532681e-05 3.0206839814e-05 2.22608759284e-05 4.34070276174e-05 1.16918442862e-05 3.38836985355e-05 2.20215623094e-05 1.8360251029e-05 1.90417216575e-05 1.52774377004e-05 2.09745644445e-05 1.33910396211e-05 1.63036124951e-05 1.52439456502e-05 1.54690585998e-05 1.53504566358e-05 1.18099659233e-05 1.83645554835e-05 1.27136239867e-05 1.5326558992e-05 1.36385973098e-05 1.64853112113e-05 2.35383211178e-05 8.35801402385e-06 2.88354753669e-05 1.44280317188e-05 1.92127779305e-05 2.26287500161e-05 2.69427867446e-05 4.21039034066e-05 4.42778340567e-05 6.14234953649e-05 0.000175026869739 9.78174523024e-05 0.00270145864338 0.000384303241128 0.000215938874195 0.000236161487108 0.000142817045326 0.000129837223592 7.48092060289e-05 6.42369791133e-05 0.000122752628699 3.6198103296e-05 7.66562205266e-05 5.29154988404e-05 7.16357614373e-05 3.79808771346e-05 5.01504019536e-05 4.3285365543e-05 3.74263834875e-05 4.11438783223e-05 3.29100162829e-05 4.8637555481e-05 3.11052959766e-05 3.58737316043e-05 3.04677246989e-05 3.32742697578e-05 3.59299118454e-05 2.54742758643e-05 4.54751261014e-05 3.14380120323e-05 4.21191333908e-05 2.08023177098e-05 6.01508235532e-05 3.26416283281e-05 3.3745958553e-05 5.41914423885e-05 6.4247858123e-05 9.43964223279e-05 0.00010909502569 0.000142643475267 0.000945539088137 






































