



































7.676844839e-07 3.24993107768e-07 2.40303154209e-07 4.13280075547e-07 2.42179139744e-07 7.64993581726e-07 4.34681147792e-07 4.24690422158e-07 1.48492737088e-07 3.74053727854e-07 3.93277938577e-07 2.91109583706e-07 1.47689652458e-07 6.80976957823e-07 4.24537604214e-07 3.97131349054e-07 3.96356823479e-07 4.32597612104e-07 6.99892932193e-07 1.57244157943e-07 2.89504813148e-07 4.30464259304e-07 4.02614574073e-07 1.70853307912e-07 4.83149950183e-07 5.07281694195e-07 9.41563753521e-07 3.1182485855e-07 4.64261349198e-07 3.16100321561e-07 3.66584284229e-07 5.42720364255e-07 5.8845697782e-07 1.80297135538e-06 2.03536659403e-07 6.24134916029e-07 2.41171770036e-07 4.78879401485e-07 2.38676507676e-07 2.58309983065e-07 1.68597670096e-07 1.88013261725e-07 3.91259959617e-07 1.7859762298e-07 1.29552443366e-07 4.74899916883e-07 4.3107432369e-07 6.42157689361e-08 4.28719146506e-07 4.60760119894e-07 5.60934002625e-08 4.64257648773e-07 5.39478725311e-07 1.44451564897e-07 2.19508483555e-07 4.78950371768e-07 2.41919166554e-07 2.0942245516e-07 3.41195375488e-07 3.38943460181e-07 6.11334849321e-07 3.2800820311e-07 6.38155673887e-07 2.23780662906e-07 1.2456075831e-06 7.08098733882e-07 1.936182017e-07 4.47116026441e-07 6.14463265316e-07 4.17891084698e-07 2.85319630772e-07 3.03526838281e-07 4.88665045763e-09 3.60823805382e-07 4.86633291163e-08 7.14050964955e-09 4.56351156569e-07 1.42240955667e-07 4.39220009906e-07 1.86985377501e-07 2.51693706097e-09 3.20573077418e-07 3.36370506603e-08 1.90177464115e-08 3.05191551021e-07 9.32899697965e-09 1.63390796661e-07 4.69430786969e-07 1.61222720442e-07 5.08411997122e-07 8.12425726691e-09 5.04345925351e-08 4.83271279847e-07 1.10214571601e-08 3.58503169204e-07 2.98821148693e-07 2.83119933639e-07 4.66142554782e-07 4.7370270668e-07 2.91894727817e-07 5.38339283553e-07 6.24266716836e-07 3.29432023295e-07 1.51415460491e-06 2.23441538879e-07 1.07095875922e-06 3.0917370377e-07 2.75441650992e-07 2.2928977504e-07 2.21351219657e-07 2.91805228097e-07 2.30371884324e-07 5.83023879668e-08 3.12846626033e-07 4.53385421183e-07 1.46982944093e-07 1.65984360694e-07 2.62654248961e-07 2.76977209873e-07 2.91367191981e-07 1.2598506686e-07 1.38885006712e-07 5.20414046705e-07 3.48967162046e-07 6.67982735369e-08 2.69337650832e-07 2.89094343503e-07 3.2780381136e-07 2.92733925172e-07 3.1580961321e-07 3.77530610195e-07 1.06350903233e-06 2.29795345705e-07 1.08268124151e-06 1.88523525006e-07 7.02469716075e-07 6.21348039675e-07 3.55855263276e-07 1.8036232558e-07 1.48989178442e-07 6.88994860554e-07 1.23737171926e-06 5.50889492243e-07 5.35004626129e-07 4.70488407168e-07 2.97268437809e-07 1.70858298741e-07 1.00679319392e-06 3.25911674617e-07 6.14746783149e-09 8.10910261065e-07 3.67882349029e-07 1.44567460781e-07 5.65099692888e-07 2.27977244553e-07 2.595284334e-07 5.98652629013e-07 2.62269776223e-07 1.83226382073e-07 5.85579630214e-07 1.41808899664e-07 3.98944661186e-07 8.25138293446e-07 7.91630238341e-09 3.40244406393e-07 1.06427543731e-06 2.24236923943e-07 2.85496045025e-07 4.93226523475e-07 5.64767614135e-07 5.55005513791e-07 9.72250413275e-07 5.30275833164e-07 1.52722957669e-07 2.9678672603e-07 5.1205303486e-07 8.70803267576e-07 8.66297199551e-07 4.4856995741e-07 8.00834613343e-07 1.46144396786e-06 5.08317956572e-06 4.39608826153e-07 2.14075806538e-06 4.51240921452e-07 4.07035320995e-07 2.79060668144e-06 4.35440777984e-07 3.91851165706e-07 1.39782040818e-06 5.00314312953e-07 6.87253416607e-07 5.33705229752e-07 6.92941665683e-07 1.13529717984e-06 5.28620184551e-07 9.45542056638e-07 5.71686222748e-07 1.14758886694e-06 6.97764456119e-07 5.29786793334e-07 6.82274400916e-07 5.27336979732e-07 1.44104641768e-06 4.19882213122e-07 5.1439610681e-07 2.60113254913e-06 4.29461083028e-07 4.50447946026e-07 1.90529448726e-06 5.00858263321e-07 3.45163076507e-06 1.25152507017e-06 8.09864223575e-07 5.40815038375e-07 1.31448298746e-06 1.04536432815e-06 3.15526070535e-07 1.77357352472e-07 2.02696718809e-07 4.2740800396e-07 1.45543604492e-06 1.27093402824e-06 9.30014039495e-07 1.3923936253e-07 5.61500104947e-07 1.27459302762e-06 2.50660593409e-07 2.29311021549e-07 4.34758786945e-07 6.43942745724e-07 2.50256982457e-07 9.08945142449e-08 3.11544883059e-07 1.97837877901e-07 3.43897152123e-07 5.50103196576e-07 1.30602732754e-08 5.53952688747e-07 3.63303307316e-07 2.03412304553e-07 2.67450055543e-07 1.27971956327e-07 2.67329882526e-07 5.82324173668e-07 4.18631220415e-07 2.28734897504e-07 2.64072009883e-07 1.02529558503e-06 4.21074321724e-07 1.99256721192e-07 5.60909179179e-07 1.02526811144e-06 1.16400510846e-06 4.24241293873e-07 2.87183262457e-07 1.86260398142e-07 4.29024556517e-07 6.9850326254e-08 5.48681700419e-07 2.3967400189e-07 3.00672478349e-07 6.54445776737e-07 1.86304604042e-06 9.41920827929e-07 3.48830453525e-06 2.7524761865e-07 2.37676290976e-07 2.54696633704e-06 6.82270320846e-07 1.04582775768e-07 2.01488801654e-06 3.98866577415e-07 3.5302637981e-07 7.97741376511e-07 3.45950764144e-07 6.72775272244e-07 6.0023757194e-07 3.95445390935e-07 7.79208765379e-07 7.70679349677e-07 3.83329657657e-07 5.33584104999e-07 7.14466544377e-07 3.34285351327e-07 7.59586471091e-07 3.58597466424e-07 4.12777970734e-07 1.88252963589e-06 6.01496080906e-08 6.60331110388e-07 2.04873924088e-06 2.48469122146e-07 1.64645863288e-07 2.5490404617e-06 4.28133860182e-07 1.99907860223e-06 7.37295354241e-07 3.44346949716e-07 3.39207595351e-07 7.49656669472e-07 7.35712336419e-08 5.69649316677e-08 8.29514119944e-08 6.98547802815e-08 6.61702090032e-08 6.48731947142e-07 2.68067127996e-07 5.30334175562e-07 6.84853623977e-07 4.51519884951e-07 2.80121506324e-07 1.00751361046e-07 1.70706133249e-07 4.03335487104e-07 3.88827831394e-07 1.87390500889e-07 1.47042149478e-07 1.02992446644e-07 1.74607021999e-07 2.47324204528e-07 1.82275387921e-07 1.11696935383e-08 2.34248683852e-07 2.73245867625e-09 2.32458525179e-07 2.46105137468e-07 1.62069535231e-07 7.87363543323e-08 1.11274259516e-07 2.34588275463e-07 3.86525156676e-07 3.92783698667e-07 1.42893377285e-07 9.60348058987e-08 2.87342278034e-07 2.43724605198e-07 5.42849787519e-07 2.63847001016e-07 3.39912679719e-07 5.75562545634e-07 5.40810550653e-08 1.06548270738e-07 9.92839661724e-08 6.99207964291e-08 1.80643560742e-07 1.06835338047e-07 1.89264660443e-07 3.52654653191e-07 7.86686676324e-07 2.99399732056e-07 9.57671897352e-07 2.49007540153e-07 1.26501711721e-06 1.54231484949e-06 2.03626755908e-07 8.82748240282e-08 1.10552931271e-06 3.4703255898e-07 4.67406831802e-07 1.17241102534e-07 3.8006251781e-07 4.27279733818e-07 3.12346636056e-07 6.32529924516e-07 1.54217001264e-07 3.94564023047e-07 4.32753161822e-07 1.508954749e-07 5.90145854209e-07 3.06266320577e-07 3.53774092206e-07 3.26530153299e-07 1.30238099237e-07 3.90944689814e-07 3.89893233396e-07 8.59352998385e-07 8.370368521e-08 2.42089485189e-07 8.80256614505e-07 1.04930010869e-06 1.49256681252e-07 6.96222109841e-07 2.62246941898e-07 8.40780065057e-07 3.81533257466e-07 2.67222631809e-07 2.16032113223e-07 3.16875755889e-07 8.45474149616e-07 1.0948447932e-07 6.50849567041e-07 9.02971788265e-07 1.9388226046e-06 1.42662058921e-06 1.96918049731e-06 7.560395888e-07 1.23559651118e-06 6.29780338575e-06 2.05435007566e-06 2.42098198539e-07 3.11947061429e-06 1.99549389536e-06 5.35950961477e-07 2.25430024234e-06 8.38985144956e-07 1.31994004352e-06 1.64731005161e-06 6.54540793575e-07 1.19886174465e-06 1.21678131811e-06 8.34055140062e-07 1.26712241811e-06 1.21082825604e-06 6.8293027295e-07 1.54007579716e-06 1.19241041428e-06 7.89580871037e-07 1.91775896491e-06 4.97910390613e-07 1.72109087683e-06 2.5748321492e-06 2.79491747704e-07 1.02500269777e-06 4.41443340063e-06 6.97801397367e-07 6.26717536533e-07 2.06579093472e-06 1.23117978293e-06 1.85303033968e-06 9.84859406495e-07 8.07006787694e-07 1.66341161642e-07 1.15895329785e-06 2.62876015729e-07 2.33283584821e-08 2.14092461162e-07 3.88236185107e-07 8.86258904519e-07 3.18068266089e-07 8.35971029273e-07 1.96720792996e-07 6.24450885174e-07 1.03528445059e-06 1.21216649953e-06 1.36270169085e-07 2.79932391458e-07 5.60023563551e-07 4.18722720107e-07 1.60953465569e-07 6.49444914258e-07 1.02149191406e-07 5.74319707022e-07 3.79485766788e-07 1.35400187529e-07 4.51024517743e-07 3.8211994489e-08 1.92646147503e-08 4.76822951362e-07 1.27269010743e-07 2.75878065657e-07 5.67842763242e-07 5.26778544493e-08 4.87733575301e-07 1.34302620802e-07 3.4642253954e-07 4.32899205673e-07 2.7757487144e-07 4.42847521098e-08 1.06108036093e-06 6.64359110602e-07 4.69725228151e-07 1.54499997402e-07 5.11518030029e-07 3.28335091309e-07 9.17345963813e-07 4.114598953e-07 2.7824638273e-07 5.33787014695e-08 3.4764082394e-07 6.89533767098e-08 5.69030227431e-08 6.16143729941e-08 5.86660862155e-08 2.58072862648e-07 3.57947896375e-07 7.23225072203e-07 7.55679831777e-08 6.7430485247e-07 7.14406663598e-07 3.27805998306e-07 1.35441154384e-07 4.3380003254e-07 2.47690620497e-07 3.56764255323e-07 3.02910846668e-07 2.50953168947e-07 1.32310157716e-08 1.52676206455e-07 2.27016466948e-07 1.43796015793e-07 2.15408303357e-07 1.55001071666e-07 2.62795559313e-09 2.34625783146e-07 3.25151172654e-07 3.79067714292e-07 3.0469256004e-07 2.9035395533e-07 1.06894186184e-07 3.21099005198e-07 4.25032715883e-07 5.57267573433e-07 7.0475828568e-08 5.65027003329e-07 2.40649591221e-07 2.50159083995e-07 7.19360299495e-08 9.17376610281e-08 7.97844173785e-08 1.02089069424e-07 6.21613617813e-07 2.35865707148e-07 5.8271102899e-07 4.06568003757e-07 1.29939419277e-06 8.71784387412e-07 1.25360739921e-06 2.51474406342e-07 1.05503471122e-06 2.61150675572e-06 9.32296787989e-07 6.00504739385e-07 5.88915251271e-06 2.90922969604e-06 3.85467066074e-07 2.841103139e-06 1.94744903379e-06 8.22724932627e-07 2.43514254141e-06 1.00265442705e-06 1.24915988162e-06 2.11338765622e-06 5.80531005113e-07 1.45711681461e-06 1.37655817802e-06 5.71762276383e-07 2.08058745254e-06 1.268437951e-06 1.015190049e-06 2.20063298178e-06 7.5543000399e-07 1.57609741868e-06 2.23670316566e-06 3.31347895871e-07 1.66721430714e-06 4.32815666492e-06 2.81287213668e-07 7.02739352398e-07 2.5255806671e-06 8.02999371328e-07 2.00622631037e-07 1.12478374122e-06 9.63153997915e-07 1.61285061583e-06 5.37138413138e-07 8.35976891446e-07 3.32467561188e-07 7.80195433524e-07 9.3983664807e-08 1.57065205321e-07 3.96457088864e-07 2.10974173277e-07 7.42567655615e-07 2.57346253565e-07 1.21696308476e-06 1.7519247483e-07 4.91212098562e-07 2.07872816917e-06 3.25067614651e-07 4.75829321519e-07 2.13367277813e-06 3.40543167193e-06 1.31693083112e-06 6.99980047591e-07 1.17496732183e-06 1.38013975781e-06 5.99515825895e-07 1.46968180914e-06 1.94395676736e-07 1.45562543981e-06 8.66122318736e-07 3.01440464468e-07 1.47207635667e-06 2.94898669817e-07 8.49164307e-07 1.36492846763e-06 2.71307792973e-07 1.24769390787e-06 6.15553768849e-07 1.30848241459e-06 9.70097639194e-07 4.79618801448e-07 7.09487642106e-07 2.63861587537e-06 1.32132937531e-06 4.38652687644e-07 1.65381950553e-07 1.65768681212e-06 4.17521961753e-07 1.44005920143e-07 1.265022807e-06 2.10643704089e-07 9.63957791192e-07 2.69686565012e-07 5.67366020102e-07 2.22220791758e-07 1.13545339508e-07 1.51253840047e-07 2.65449234921e-07 1.15926072878e-07 3.8557549722e-07 2.85657983971e-07 4.25448272437e-07 2.69351082818e-07 8.62194103012e-08 9.03601763814e-07 1.91044031251e-07 1.56823783856e-07 1.29850069971e-06 7.34923905182e-07 1.36365808711e-06 7.2288954738e-07 2.29418822385e-07 6.79962619716e-07 7.83986890021e-07 3.39446020168e-07 5.40238507001e-07 1.15744263328e-07 5.38955072294e-07 7.24715470515e-08 3.52688490044e-07 3.49173928035e-07 1.16421458552e-07 4.20924711239e-07 1.28950585681e-07 3.88782938727e-07 4.1392285468e-07 5.52837010062e-07 5.25043093898e-07 2.84349879636e-07 2.7210363885e-07 1.16414100267e-06 4.89036765636e-07 9.0609651603e-07 1.53782614497e-07 4.06428661252e-08 9.22169209507e-07 6.47386962818e-08 2.75428172901e-07 4.65604111274e-07 2.94288985699e-07 4.36362878538e-07 1.55674834103e-07 3.63876809087e-07 2.20649147679e-07 2.77948820404e-07 6.81079085412e-07 4.26373470885e-07 1.19893329262e-06 9.04985490827e-07 7.8546521307e-07 5.89185395879e-07 9.63805572763e-07 1.943222848e-06 3.28597098729e-07 3.39855000855e-07 1.99628500044e-06 1.80727884799e-06 7.68720712701e-07 4.88840138251e-06 2.50484824716e-06 4.92702179316e-07 2.23615327205e-06 1.62644931444e-06 9.39156365057e-07 3.02694731293e-06 6.09755231963e-07 1.56225079224e-06 2.06511152036e-06 1.68207596879e-07 1.94936806266e-06 1.5049253961e-06 6.89093028946e-07 2.68131040443e-06 8.77634275114e-07 1.51672227413e-06 2.07934667394e-06 4.53352324523e-07 1.42228401299e-06 3.66570220423e-06 3.63851331258e-07 1.18547178529e-06 2.11961044262e-06 2.43710114708e-07 3.58730512588e-07 1.64971857386e-06 1.00834202159e-06 5.41168438315e-07 7.892986146e-07 9.26350489146e-07 1.44784714562e-06 5.59675728501e-07 8.09215149767e-07 3.59376041398e-07 2.58932764082e-07 2.99884072923e-07 3.30879029643e-07 8.42054237023e-07 3.41216294186e-07 5.79209937308e-07 2.27875965468e-07 3.14355332757e-07 1.85041292936e-06 1.64656442219e-07 2.87652381542e-07 2.13102936687e-06 8.4282969851e-07 6.88518429701e-07 1.79491245698e-06 3.14295069022e-06 1.97308978642e-06 6.83619091147e-07 1.44540085423e-06 1.18830062573e-06 1.24260747077e-06 1.30487403903e-06 5.70965305928e-07 1.50045347353e-06 5.75785844257e-07 5.20194156966e-07 1.56744755744e-06 6.57546251346e-07 1.14825285193e-06 1.17603495705e-06 8.00562829349e-07 1.14906128855e-06 5.24740905083e-07 1.21983512425e-06 2.61577419269e-06 1.00263486973e-06 6.00953040324e-07 6.43168234307e-07 1.34270534373e-06 2.36247936716e-07 7.28416493046e-08 1.83662284011e-06 2.60931652337e-07 2.44550561684e-07 7.058304475e-07 3.24921123733e-07 1.06023119471e-06 3.87789991092e-07 4.62824698078e-07 3.33599214759e-07 9.83308858911e-08 3.40801516557e-07 4.24062389519e-07 8.40844917254e-07 2.77736979833e-07 6.33337311645e-07 2.62728727401e-08 4.49242487207e-07 1.10474365371e-06 3.9896178666e-07 1.58373197893e-07 1.65633802288e-06 1.07842972168e-06 2.15052346254e-07 1.86673540572e-06 1.36965326747e-06 3.2448848348e-06 1.93824665218e-06 8.46361122173e-07 9.31037835652e-07 2.75858122943e-06 6.8113308862e-07 1.23761747897e-06 9.89846264382e-07 9.2142051621e-07 8.92329185111e-07 8.71776850941e-07 1.09384480733e-06 9.35595973571e-07 7.9099424946e-07 2.16337417288e-06 6.38475778781e-07 7.91220832533e-07 1.06508932236e-06 2.71824209648e-06 1.01695328697e-06 1.23268873613e-06 1.50852517474e-07 9.10798036968e-07 1.49721377999e-06 9.37762893755e-08 4.30628596858e-07 1.04045293188e-06 4.20319528377e-07 1.09682333889e-08 7.19844050343e-07 2.52074791412e-07 1.07545365413e-06 6.12193731552e-07 4.6866296553e-07 1.16534351929e-07 8.21977355441e-08 2.76327316833e-07 2.22979029886e-07 8.09270087566e-07 4.37552486404e-07 5.43886650627e-07 1.46478649325e-07 6.54896641204e-07 1.37473890526e-06 5.61459917496e-07 3.91494536223e-07 1.86366785187e-06 1.28219896884e-06 8.91469345142e-07 2.37345884704e-06 2.06449735052e-06 1.84742910891e-06 5.28832791668e-06 3.62426182842e-06 7.20399021688e-07 3.02614645315e-06 1.61239071408e-06 9.44918575532e-07 3.22899814374e-06 4.82334218668e-07 2.57738296011e-06 2.57822002195e-06 5.14704164977e-07 2.81407239179e-06 9.44055466779e-07 1.45569385455e-06 2.42219709189e-06 7.62032430939e-07 2.02432095088e-06 4.27088578465e-06 9.7204570848e-07 1.38505432219e-06 2.43100063306e-06 6.20443594247e-07 1.10858115564e-06 1.78791251702e-06 3.67384152056e-07 5.07543610811e-07 1.36505027647e-06 6.9713847859e-07 2.1799023894e-07 6.29641754595e-07 5.34368506617e-07 1.07905565581e-06 3.12326305262e-07 3.60383909382e-07 9.74014265083e-08 2.41950251075e-07 2.33865254313e-07 1.11050711025e-06 2.439542335e-07 3.76732934781e-07 7.76492824318e-08 3.01627609974e-07 1.06964352368e-06 3.64133342648e-07 3.03981056472e-07 2.59814159074e-06 7.57025698581e-07 3.94357106418e-07 1.74822024168e-06 1.27274054481e-06 1.69369690645e-06 1.63322735791e-06 4.25802925224e-06 1.43821600604e-06 1.45759007844e-06 1.68855614772e-06 1.32676997982e-06 9.59548964014e-07 1.14592051249e-06 1.0455738532e-06 2.45430253681e-06 1.16031101353e-06 8.47311473811e-07 1.10885882859e-06 9.71810881438e-07 1.27000131297e-06 1.32941634533e-06 6.98531210793e-07 3.59895834153e-06 9.65898575428e-07 1.53895006907e-06 1.01789134088e-06 1.26711717114e-06 3.83038427617e-07 4.84673271143e-07 2.34643711219e-06 3.33512159248e-07 3.95152155921e-07 1.30062597791e-06 2.56847695707e-07 6.74732180548e-08 4.95305565371e-07 2.71104101961e-07 1.30368560485e-06 3.29520241774e-07 3.18937952103e-07 8.91714588937e-08 2.07806941763e-07 7.80298175955e-07 2.98569892846e-07 3.78723365284e-07 1.13556414869e-07 5.39998335322e-07 6.54001133533e-07 5.23945698309e-07 2.96663825875e-08 1.27470634178e-06 8.51903492118e-07 3.53790450362e-07 1.71254071693e-06 9.19249356712e-07 4.85452915513e-07 2.44291292206e-06 1.59729332179e-06 3.16142543796e-06 3.29113605631e-06 3.52849807721e-07 1.21709705429e-06 1.89935698826e-06 4.29710363422e-07 2.19840999621e-06 9.59265444255e-07 1.1179972175e-06 1.9130741542e-06 3.86986652587e-07 1.85221198965e-06 1.08117511876e-06 3.47796019589e-07 2.1025028027e-06 2.70792229536e-06 9.0197284607e-07 1.86624041315e-06 3.18322542145e-07 7.09769425203e-07 1.39982108905e-06 3.33007322555e-07 8.9237669752e-07 1.04480022734e-06 9.39837730545e-09 5.41466745493e-07 6.00169490416e-07 4.94832706963e-07 1.7738748365e-07 4.85362006213e-07 3.37057851455e-07 9.31528848059e-07 2.7806117954e-07 1.07306540773e-07 2.37510401724e-07 8.65185866782e-07 1.52540871389e-06 6.28055568883e-07 7.05523231698e-07 1.82308596789e-07 1.05720334626e-06 1.65458625609e-06 8.45102031123e-07 4.90221400176e-07 2.66225250308e-06 1.24279257096e-06 8.2016404585e-07 1.96216765717e-06 1.5760128765e-06 2.34577730759e-06 2.5785979156e-06 3.46775808193e-06 2.52277934444e-06 8.38909169719e-06 3.41635296934e-06 9.62337784695e-07 3.35671985448e-06 2.02392814863e-06 1.79962263108e-06 4.629020724e-06 1.71364015031e-06 4.2902725208e-06 1.86945067011e-06 1.86621385142e-06 2.97531163287e-06 9.08236660122e-07 2.21465022141e-06 6.60732710029e-06 1.46331279188e-06 2.81995271748e-06 2.21296506331e-06 1.98283055386e-06 1.45705871528e-06 1.74371043404e-06 9.86689305519e-07 9.95901042934e-07 2.50047688334e-06 4.47011120446e-07 8.57809251343e-07 1.70444420683e-06 1.11054589187e-06 2.4603186456e-07 8.26846705029e-07 7.62397832339e-07 1.81656849364e-06 1.04692023195e-06 2.82599319874e-07 3.82894118741e-07 7.90036757749e-07 4.66380272924e-07 7.76573685767e-07 1.33555645663e-07 5.55995528114e-07 6.43590333621e-07 4.1550180696e-07 2.67728423204e-07 8.86341323052e-07 8.38928521452e-07 1.06493892968e-07 1.52467190247e-06 5.80154873208e-07 8.73458372808e-07 1.72320719709e-06 1.29977114864e-06 1.18541076725e-06 2.66035701627e-06 3.09305188804e-06 1.42779368095e-06 8.21858938478e-07 8.73776501101e-07 1.92785079257e-06 1.15267414905e-06 1.27701384078e-06 1.23027040557e-06 1.25569482779e-06 1.53235891621e-06 7.0829564216e-07 7.85343344536e-07 8.01526647828e-07 2.77987403355e-06 1.67666043258e-06 8.4896223452e-07 1.23106476151e-06 1.18992570944e-06 8.84030739973e-07 3.60003086145e-07 1.4252923257e-06 6.45073156632e-08 7.74631426068e-07 1.03376851212e-06 2.53423889892e-07 4.18495922383e-07 7.19857168161e-07 5.44759388892e-07 1.00343308054e-07 9.18309166653e-07 5.61147447334e-07 9.49323028742e-07 4.48751461789e-07 3.73918773569e-07 9.68324781704e-07 2.08215431988e-07 5.59763568535e-07 2.61475015067e-07 4.22355606886e-07 1.27915541168e-06 4.51914065623e-07 3.06224597758e-07 8.45207423771e-07 1.2104553351e-06 3.27245076264e-07 1.33073365781e-06 1.08901520876e-06 9.98060859452e-07 1.75460024399e-06 1.88352841966e-06 1.02290655914e-06 3.16428301899e-06 1.5424350377e-06 4.02295539053e-06 3.53644356704e-06 4.64777653003e-07 2.63879723392e-06 2.65846117213e-06 5.40356487011e-07 3.1705593128e-06 6.19914835107e-07 2.40786188503e-06 2.16657908694e-06 4.84639593159e-07 2.05758004512e-06 3.41363413629e-06 9.48824978352e-07 2.50771578216e-06 9.49493003568e-07 1.42479204208e-06 1.66278780962e-06 7.26379385733e-07 1.12891037745e-06 1.18641355567e-06 3.73904079702e-07 1.14810628187e-06 6.8678278581e-07 2.72856825844e-07 3.31481342452e-07 1.30284068632e-06 4.27304779462e-07 2.75377583435e-07 6.83893891556e-07 2.74065452003e-07 1.18471216994e-06 4.26804635417e-07 3.69859912135e-07 1.26925848299e-06 2.76525276393e-07 1.10990910173e-06 4.28204111332e-07 8.02385958302e-07 1.42054373274e-06 6.82478032016e-07 2.4158183372e-07 1.39606853603e-06 1.14369351344e-06 5.13885202567e-07 2.18504548431e-06 1.35292007955e-06 1.81934880589e-06 2.25835578403e-06 1.85206676572e-06 2.2558615102e-06 3.35812986855e-06 2.36809855863e-06 2.7384297341e-06 6.70116796637e-06 2.76496332521e-06 1.99740077608e-06 4.06278321337e-06 2.03821215711e-06 2.31132821004e-06 2.28139614106e-06 1.84985383809e-06 3.33465408685e-06 1.66164206506e-06 1.64473452319e-06 6.08110380459e-06 1.60273846015e-06 1.96851751345e-06 3.08369377543e-06 1.75408645831e-06 1.96373228619e-06 2.10902148692e-06 1.86606599737e-06 1.1828416988e-06 2.07396817668e-06 3.89727764085e-07 1.23184400479e-06 1.38933219867e-06 2.56423568654e-07 6.46347917017e-07 1.60762663217e-06 8.16892929111e-07 3.90629270939e-07 1.31036457702e-06 4.0810004586e-07 1.63997955163e-06 4.17887766406e-07 7.43552014362e-07 1.93915775144e-07 5.4154575711e-07 7.32335442685e-08 1.30688622053e-07 8.09868030383e-07 2.72104081216e-07 2.93086018323e-08 7.35730435555e-07 7.32117404641e-07 2.23032111697e-07 9.1953624356e-07 7.70081771302e-07 4.13825933021e-07 1.75541244732e-06 3.36260944132e-07 1.19031621742e-06 2.02570599626e-06 3.65864373886e-07 1.40428633077e-06 1.97698864511e-06 2.91388052557e-06 2.11344143703e-06 1.25440929408e-06 1.09684611114e-06 2.31580140983e-06 4.83008434909e-07 2.163267729e-06 8.6721352539e-07 1.26867402876e-06 1.39221964429e-06 2.78874985894e-06 1.2985769053e-06 1.14572855639e-06 2.89289960511e-07 1.66275725451e-06 9.17438853852e-07 1.14592188882e-07 1.76737043284e-06 3.9674310065e-07 7.74413562179e-07 8.63512666328e-07 2.61161560981e-07 6.99418899354e-07 6.8314252264e-07 2.3468619302e-08 2.99215277292e-07 8.91949500842e-07 9.88802991425e-08 6.23185196633e-08 6.12260245044e-07 2.94295102269e-07 9.60653156803e-07 1.41267011877e-06 1.73135075716e-07 1.61649097013e-06 1.52946897271e-07 4.56018846286e-07 1.21076975199e-06 6.72081967481e-07 2.19702282862e-07 1.55412255523e-06 9.40225740168e-07 8.41556469561e-07 1.22983454612e-06 1.64833095027e-06 1.03624830174e-06 2.32011268594e-06 1.87139203747e-06 1.4779831845e-06 3.0723508489e-06 1.78745933624e-06 2.25801659188e-06 4.51587297131e-06 2.15354322048e-06 7.62516466558e-06 6.20301801601e-06 1.24723281642e-06 4.70987973981e-06 1.89541244856e-06 1.88874745272e-06 4.29884831077e-06 1.01718343637e-06 4.12776954722e-06 6.60270503702e-06 1.38665708172e-06 3.65988361071e-06 2.1603362912e-06 1.43653102899e-06 2.95669273178e-06 1.15480268609e-06 1.98789893388e-06 2.07033467488e-06 1.11473367136e-06 1.53710003562e-06 1.03500733057e-06 8.5549647657e-07 9.86030462255e-07 1.73935533363e-06 3.60976242465e-07 7.53717455159e-07 1.37972510711e-06 5.25700505084e-07 1.59791500586e-07 1.7780659572e-06 2.67283216377e-07 1.60986206674e-06 1.1662822885e-06 4.09919761763e-07 1.23621634814e-06 1.91355235408e-07 3.56368601547e-07 1.56016065357e-06 4.28264150888e-07 9.10949736876e-08 1.37059339578e-06 1.37277078278e-06 5.77459052604e-07 1.97039037277e-06 1.33214130769e-06 1.0560041922e-06 3.41154372198e-06 1.12365081042e-06 2.56697431408e-06 2.37137259768e-06 1.47478397223e-06 3.1500797749e-06 3.64015809784e-06 2.84164931424e-06 4.22882985318e-06 8.46167014852e-06 3.81724065408e-06 2.40197561878e-06 2.52366036671e-06 5.12551948613e-06 2.18239328237e-06 2.28656776988e-06 2.63752062596e-06 7.50629136799e-06 2.64166520681e-06 2.65906931038e-06 3.33301782805e-06 2.52181504349e-06 1.46649492596e-06 1.9203258719e-06 2.3834060685e-06 9.3152493276e-07 3.15340361516e-06 1.03833000126e-06 1.28584119365e-06 1.88418887092e-06 5.46492918977e-07 1.34639080225e-06 1.46458101221e-06 6.12882537818e-08 4.99304242281e-07 1.61340510272e-06 4.60473535216e-07 2.14453155116e-07 1.36738630169e-06 5.37944509101e-07 1.35235075987e-06 1.18891159144e-07 2.8210706544e-07 7.32439127036e-07 2.71688031092e-08 2.44514392303e-07 8.15041909535e-07 3.29402126736e-07 7.01705521662e-08 7.41072550022e-07 6.27116421921e-07 3.44688299242e-07 9.02063125555e-07 4.22746434742e-07 6.43075196731e-07 1.10315754711e-06 9.07336424054e-07 6.93788712893e-07 2.04877595251e-06 2.22595246671e-07 1.15778522036e-06 1.96906621278e-06 1.17730003598e-06 2.16546557084e-06 2.21252307245e-06 3.78450885972e-06 2.90120560612e-06 7.23208292803e-07 1.81415034316e-06 1.83359749931e-06 6.01641906947e-07 1.6474256986e-06 3.31002084118e-06 1.67080463067e-06 1.64510621534e-06 1.17108597166e-06 1.6837014434e-06 1.17397395285e-06 2.32093008579e-07 1.86890739677e-06 7.0096438028e-07 7.64764017584e-07 1.0510143724e-06 6.54567077954e-07 3.54299428782e-07 9.40826816864e-07 3.24090815089e-07 5.93175011482e-07 7.89752620153e-07 2.30413728814e-08 3.3130933024e-07 8.64039190798e-07 2.54652528537e-07 5.58507379659e-08 8.32608395237e-07 3.40172353302e-07 1.37425207574e-07 1.27448987187e-06 2.03956847171e-06 1.34863494678e-07 6.18296736305e-07 2.5504107521e-06 9.33940993986e-07 5.60093827599e-07 2.2361267404e-06 2.48095843629e-06 1.04144911055e-06 2.11588365795e-06 1.75542134275e-06 2.28365865548e-06 2.63915075329e-06 2.13148754973e-06 1.99970061478e-06 4.43740528322e-06 2.10919114246e-06 3.04675423381e-06 4.53980900217e-06 3.58560053826e-06 4.65126879249e-06 7.34156826667e-06 3.38269100132e-06 1.0552365542e-05 4.74774110308e-06 2.68056391082e-06 5.46553050023e-06 2.79769197211e-06 3.3191206202e-06 1.02430636362e-05 2.34769207548e-06 6.13619788752e-06 5.10587676299e-06 3.27590486741e-06 4.24847056929e-06 2.83508736857e-06 2.14201194539e-06 4.08460727887e-06 1.8084047465e-06 2.32959363331e-06 2.38168395989e-06 2.21414078965e-06 1.87739373079e-06 2.04384714498e-06 9.63787660222e-07 2.38430202544e-06 2.13184341743e-06 5.6917577612e-07 9.66022710294e-07 2.57482628403e-06 7.25465067911e-07 2.28314424967e-07 2.2371552524e-06 1.32879080242e-06 3.22541724711e-07 3.98434783285e-07 3.54861701953e-08 1.25435082307e-07 6.58719958962e-07 8.86646198047e-08 2.89886451396e-07 6.58039757777e-07 3.91107689767e-07 5.43165342942e-07 5.02170931213e-07 6.12063166941e-07 6.44741322627e-07 1.16660232022e-06 5.68693941978e-07 7.65458262845e-07 1.76449387731e-06 5.01814514899e-07 1.48976943562e-06 1.48412500671e-06 7.95681684765e-07 2.07450829647e-06 2.16732625443e-06 1.37806207776e-06 1.95426262117e-06 3.33841609652e-06 2.98307137642e-06 8.25979957399e-07 8.82161533667e-07 1.997952392e-06 3.13572010297e-06 1.38219239119e-06 1.24719640064e-06 2.08610515514e-06 1.85474521682e-06 8.4016381402e-07 1.41692390439e-06 1.44199897466e-06 5.05809724758e-07 1.68280404462e-06 7.29629317844e-07 5.51631756923e-07 1.09269911399e-06 6.1178262529e-07 6.3925445574e-07 4.56853499997e-07 5.5046114436e-07 3.58550440845e-07 6.1849380496e-07 3.5974233378e-07 8.22219317502e-08 6.80021419048e-07 1.71729488976e-07 4.22274806996e-08 4.1806278966e-07 3.54159257645e-07 1.19647723288e-07 8.35816451372e-07 3.56814136812e-07 5.04140715306e-07 1.94128407614e-06 4.89429196489e-07 5.06621330998e-07 1.90098069826e-06 1.39464770895e-06 9.64977644308e-07 1.53586185036e-06 1.49330339975e-06 1.76968905097e-06 2.68659583986e-06 2.23179873963e-06 2.14315263377e-06 3.0807322243e-06 1.73108528984e-06 2.4231021763e-06 5.40002000024e-06 1.95483988232e-06 4.78824234862e-06 6.4473702913e-06 2.70466960351e-06 7.71723897079e-06 3.24878004798e-06 9.57693602109e-06 7.29869452898e-06 1.33866422094e-06 5.54704863385e-06 9.57029600251e-06 2.39658159415e-06 6.56488509374e-06 2.38487980883e-06 6.11024370958e-06 4.42658165231e-06 1.9949687367e-06 5.53623059799e-06 2.08588717513e-06 1.88470502985e-06 3.01368398646e-06 1.85007630268e-06 2.42776696838e-06 2.48823756313e-06 1.74677957609e-06 1.35493293447e-06 1.78551580797e-06 8.05143807533e-07 1.35388453792e-06 2.03853448591e-06 4.58304054343e-07 5.95744466285e-07 1.97581477496e-06 6.00483704719e-07 4.10951365894e-07 9.7818568608e-07 1.20658371799e-07 9.31600905582e-07 4.41109100764e-07 5.12614705674e-07 2.42555975983e-06 5.97239706905e-07 2.15987868187e-07 1.74414296206e-06 1.47046405282e-06 7.27958636509e-07 1.04967751354e-06 1.51431743864e-06 1.37038001956e-06 2.06748491129e-06 1.72531030622e-06 2.00016861366e-06 2.94419823147e-06 1.32937028439e-06 2.4981293063e-06 3.14981429975e-06 2.49456954492e-06 3.89102459147e-06 4.04267390613e-06 3.13274855558e-06 4.63480944393e-06 3.26209576587e-06 5.22619055264e-06 8.42651357286e-06 3.39838736187e-06 2.47560218196e-06 9.14531096337e-06 4.08851601484e-06 2.89597918723e-06 5.00017536589e-06 2.88870188031e-06 3.91127553928e-06 3.81519245213e-06 2.46251418889e-06 2.92460941092e-06 2.48599219038e-06 1.3415125015e-06 2.96838858024e-06 1.62956710292e-06 1.94526911319e-06 1.68610440799e-06 1.43977127332e-06 1.53036113857e-06 1.22003775049e-06 5.99406928461e-07 1.4746658625e-06 1.92962692577e-06 1.33200569914e-07 6.6400673126e-07 2.39727856754e-06 5.36911612275e-07 4.50402844177e-07 9.68317933443e-07 1.17778714037e-07 3.75916176809e-07 8.56255462644e-07 2.35991405384e-07 6.65686687253e-08 5.57965117875e-07 4.96193260274e-07 2.85652033386e-07 3.79798153653e-07 3.35466060669e-07 7.77695044905e-07 7.07048888238e-07 7.15897340812e-07 9.55154408964e-07 1.23196691558e-06 6.04667982895e-07 8.15596845456e-07 1.50451509372e-06 4.07659656849e-07 1.8009937703e-06 1.30319330095e-06 9.74906620765e-07 2.49085308899e-06 9.52664835787e-07 2.24054579874e-06 1.77957378192e-06 3.04970047254e-06 2.55907162614e-06 3.21712773848e-06 1.38485607767e-06 2.17697085284e-06 9.57033356895e-07 2.15950700254e-06 8.16163085648e-07 1.37124736599e-06 1.81831139499e-06 3.39214650475e-07 1.54396440281e-06 8.84822153187e-07 6.25626212526e-07 1.11532758559e-06 8.93253077212e-07 7.27352418114e-07 7.91547191562e-07 8.02606698067e-07 4.32168643569e-07 4.5904546223e-07 3.25431491248e-07 5.56719686373e-07 5.58900744472e-07 4.35219747177e-08 2.18154313757e-07 9.19319447336e-07 4.170101788e-07 1.24553993346e-07 1.24531166162e-06 2.45131986662e-06 6.02193827141e-07 2.59843688981e-07 2.33461293489e-06 1.62459807232e-06 1.06608908809e-06 1.48351707612e-06 1.9386152208e-06 2.10164137797e-06 2.57992820449e-06 2.07403546088e-06 2.36074611421e-06 3.54336614326e-06 1.99078339931e-06 1.92241402805e-06 3.99403974832e-06 2.06689907876e-06 4.99884599259e-06 6.12155311507e-06 2.07605681763e-06 6.97173240376e-06 3.93538757421e-06 4.82616331089e-06 7.93911005866e-06 3.43392266684e-06 1.15444922808e-05 1.37741963779e-05 2.57135525047e-06 7.60706820993e-06 5.00111835458e-06 3.59981879031e-06 6.84876334935e-06 1.86911128039e-06 6.21446089558e-06 4.58801351386e-06 2.17590707091e-06 4.13714242882e-06 1.88754203412e-06 2.22023724574e-06 3.45471216662e-06 2.11326781772e-06 1.95012136115e-06 2.60991874918e-06 2.03843697083e-06 1.86235546617e-06 1.81280092567e-06 9.35918280352e-07 1.3838298028e-06 2.29583567565e-06 1.97159692549e-07 5.57032281519e-07 2.65696963513e-06 1.20669164392e-06 1.98807066477e-06 5.76923246701e-07 9.01232499723e-08 1.85533999854e-06 9.38566972381e-07 4.47968540612e-07 9.98658634787e-07 1.82751415243e-06 1.4828897477e-06 9.11047192784e-07 1.7672930525e-06 1.18533194151e-06 2.3513850676e-06 8.09051683568e-07 1.30668017979e-06 2.02984366576e-06 8.54442486182e-07 4.08492649827e-06 2.40668181541e-06 1.70841241141e-06 3.36913654624e-06 2.01597648608e-06 4.08221810554e-06 3.44552922684e-06 2.21926946003e-06 4.09448389734e-06 1.35902340968e-05 4.09448389734e-06 2.21926946003e-06 3.44552922684e-06 4.08221810554e-06 2.01597648608e-06 3.36913654624e-06 1.70841241141e-06 2.40668181541e-06 4.08492649827e-06 8.54442486182e-07 2.02984366576e-06 1.30668017979e-06 8.09051683568e-07 2.3513850676e-06 1.18533194151e-06 1.7672930525e-06 9.11047192784e-07 1.4828897477e-06 1.82751415243e-06 9.98658634787e-07 4.47968540612e-07 9.38566972381e-07 1.85533999854e-06 9.01232499723e-08 5.76923246701e-07 1.98807066477e-06 1.34604628944e-06 2.39935386507e-07 2.59895625358e-06 1.17892331919e-06 4.5449715059e-07 1.6289456552e-06 1.80841306681e-06 1.53107305792e-06 1.6762715715e-06 2.05817109079e-06 1.52311039172e-06 2.73098685169e-06 1.41854323848e-06 1.85058490702e-06 3.13350262155e-06 1.17339163878e-06 2.82374503681e-06 3.80950262942e-06 1.53221417704e-06 7.05370629977e-06 1.84409572455e-06 5.20200895141e-06 5.56089119711e-06 2.18235804047e-06 7.01131424525e-06 9.64770191389e-06 7.771626804e-06 8.50574747651e-06 2.29230025334e-06 5.49263158538e-06 4.88098278009e-06 1.84572232681e-06 7.02815276083e-06 1.68253426547e-06 4.02538420445e-06 2.93759528848e-06 1.29626751828e-06 3.04504078012e-06 1.86075499513e-06 1.65175434042e-06 2.46245007023e-06 1.44736465202e-06 1.68852247837e-06 1.63732897181e-06 1.50493381764e-06 1.51185636293e-06 1.54352112462e-06 4.85495835101e-07 1.18315272713e-06 2.51292634506e-06 2.95916785574e-07 1.34933347337e-06 9.34990005403e-07 3.56422101581e-06 1.43179803639e-06 9.37827143853e-07 1.71632231842e-06 1.46319016807e-06 1.81060521678e-06 2.36647872293e-06 2.31823602508e-06 1.4516373525e-06 4.60366144085e-06 1.56337425678e-06 2.27414448319e-06 4.04562880076e-06 1.93012084169e-06 3.8571653014e-06 3.95056877005e-06 2.03488489899e-06 6.61273946698e-06 2.99731622924e-06 6.11208340023e-06 5.66661336716e-06 4.23952962412e-06 6.55511881683e-06 1.26923505834e-05 5.68463364765e-06 1.19329744186e-05 8.5704460056e-06 3.88989053595e-06 6.16276123105e-06 6.40314419976e-06 3.21585247302e-06 6.60561509899e-06 2.32077430282e-06 4.19444532792e-06 4.01789273653e-06 1.91286234482e-06 4.60852025147e-06 2.42051484935e-06 1.97104591936e-06 4.33176596007e-06 1.53873674727e-06 2.04442710781e-06 2.35113637739e-06 1.92845093126e-06 1.42480569983e-06 1.58779317759e-06 7.75833644509e-07 1.37412557439e-06 3.33377365389e-06 8.73310158364e-07 5.83184358058e-06 7.71484322821e-07 4.67368482079e-07 1.31750778612e-06 8.41615334025e-07 1.00664580968e-06 1.50661285275e-06 1.23066744558e-06 8.87859947134e-07 2.33152603303e-06 1.01125992164e-06 1.20889603498e-06 2.36506725198e-06 1.47682055862e-06 3.14439313172e-06 2.53471285336e-06 6.36544213006e-07 5.19355421047e-06 1.36637631727e-06 5.23011235341e-06 2.80459325362e-06 2.34819303582e-06 4.56079902614e-06 8.5038324091e-06 3.66910400803e-06 4.83554986769e-06 8.92460984953e-06 6.55587919212e-06 2.27266715599e-06 3.2686966412e-06 4.96240353124e-06 1.64015540142e-06 4.97332723842e-06 7.60948574292e-07 2.48445542382e-06 3.18876603539e-06 1.50296095609e-06 2.55921446506e-06 1.12289021056e-06 1.00079606105e-06 2.25307949946e-06 8.69070866523e-07 1.23619389581e-06 1.48579659413e-06 1.03188342799e-06 9.2674706873e-07 1.31230178315e-06 4.35942362308e-07 7.10554129345e-07 5.03494970411e-06 1.11849564442e-05 6.28659228025e-07 3.63791746208e-06 2.5424812999e-06 2.29202352754e-06 2.38606534054e-06 2.94064032864e-06 2.19984641604e-06 4.233691149e-06 2.04418626282e-06 3.05767708623e-06 3.90525166081e-06 3.08842636026e-06 5.17707920736e-06 5.99088810905e-06 1.69604878873e-06 8.19419072054e-06 2.77689611949e-06 8.23292261639e-06 8.645617769e-06 3.76009927371e-06 8.20358931943e-06 1.59681380486e-05 5.4802306237e-06 1.18190486445e-05 6.95688612697e-06 1.54953678498e-05 1.04816231857e-05 3.78856843579e-06 1.05093764223e-05 8.58291662638e-06 3.30527414312e-06 8.45428920042e-06 2.05489196508e-06 6.61528107302e-06 5.08971719869e-06 2.92892780663e-06 3.98792643534e-06 3.17002396071e-06 2.46367062862e-06 4.37794763922e-06 2.36920803967e-06 2.90856660687e-06 2.22161567882e-06 1.9213382648e-06 2.14715868128e-06 3.27346712088e-06 5.61955919312e-07 9.03362552232e-06 3.58370823611e-06 2.95026180764e-06 1.64223316513e-06 1.90837759531e-06 1.95700619955e-06 1.38672348003e-06 1.19349494227e-06 3.03093851699e-06 1.49862762588e-06 1.67964972753e-06 4.34249588824e-06 1.33550673625e-06 3.85932237746e-06 3.58643255412e-06 1.4750876493e-06 5.75625375191e-06 1.18225238019e-06 7.24340373163e-06 4.37884834216e-06 3.87652897716e-06 4.82698899975e-06 1.07609998368e-05 5.71315753281e-06 5.84783474643e-06 5.91734657335e-06 7.48863107374e-06 1.02218342867e-05 7.2218095679e-06 3.69394028187e-06 5.11329626526e-06 7.0935511e-06 1.57266666202e-06 5.74865337238e-06 1.88068678713e-06 3.5656484629e-06 3.89278416979e-06 1.1917649863e-06 4.30250021884e-06 1.67179478654e-06 1.68884805592e-06 3.00433491133e-06 1.13653429024e-06 1.11770602114e-06 1.87455058627e-06 1.71391226459e-06 1.6366603351e-06 2.50233403601e-06 2.86322597508e-06 1.32115787066e-05 2.66230281823e-06 1.9484186534e-06 2.17543898257e-06 1.68746912077e-06 1.22664260867e-06 3.33535103956e-06 1.9093824363e-06 1.68230683573e-06 3.58705792129e-06 2.69692178752e-06 2.88261736571e-06 5.06453160439e-06 1.2005931647e-06 7.16638743949e-06 1.15524234928e-06 6.20770591502e-06 5.98368088776e-06 2.9197788849e-06 8.54245232695e-06 1.13560548084e-05 4.15575269256e-06 9.20355607258e-06 4.03833389483e-06 1.05061501427e-05 5.31275448115e-06 1.13800969629e-05 1.21707214048e-05 3.0099059636e-06 7.46601417021e-06 6.34881603686e-06 1.4550565139e-06 7.15130591448e-06 1.45776431943e-06 5.42645802464e-06 2.9731134065e-06 2.7212512111e-06 3.65055579273e-06 1.96874839153e-06 2.02529452622e-06 3.45546886953e-06 1.24159136693e-06 1.85660322712e-06 2.29482357422e-06 1.83436325061e-06 2.14787484333e-06 9.71916186136e-06 1.37362192774e-05 3.05901893933e-06 4.37913497724e-06 3.27272285325e-06 2.21669975261e-06 3.92449358199e-06 2.44545208842e-06 2.75002064021e-06 4.95993942572e-06 1.98947846966e-06 5.66472742611e-06 4.77301894379e-06 1.92848314854e-06 9.64529742414e-06 2.4975136223e-06 8.55570030328e-06 5.62802368477e-06 4.77432044232e-06 7.27795157641e-06 1.63842308105e-05 5.38113828119e-06 8.4293392887e-06 8.3785311518e-06 9.09049030033e-06 8.39062738191e-06 7.28606314346e-06 1.6704523872e-05 1.03031445509e-05 4.65172701996e-06 6.5863058487e-06 8.69546918738e-06 2.97711177694e-06 9.83029363758e-06 2.18219061733e-06 5.01139299296e-06 5.83804997074e-06 2.20678529612e-06 4.773638255e-06 3.03397908398e-06 2.52433646563e-06 3.77314025669e-06 2.20183952698e-06 2.93056961957e-06 4.11407138839e-06 2.36993893593e-06 9.46874828626e-06 1.37459027887e-05 7.513235786e-06 5.923375081e-06 3.58659358919e-06 4.36725855526e-06 1.97042261847e-06 2.63934814817e-06 5.34631362651e-06 2.05825631364e-06 4.78032987446e-06 6.46897469792e-06 1.48913840902e-06 8.59477110697e-06 1.89857840648e-06 9.18386018886e-06 6.0612928216e-06 3.50580749072e-06 9.57800599494e-06 1.32739695724e-05 7.90839864186e-06 8.3751567267e-06 4.5858831283e-06 1.39646685503e-05 4.27559241402e-06 9.30004797897e-06 9.63596905524e-06 1.25727689619e-05 1.32589245006e-05 3.75070294832e-06 7.48409619171e-06 9.67897296599e-06 2.42485148434e-06 8.5066591673e-06 1.99656479039e-06 7.02706911621e-06 4.85366667744e-06 2.11601862406e-06 5.14099635773e-06 2.61510005607e-06 1.86608659524e-06 4.46529863413e-06 3.18648624555e-06 4.43478669385e-06 5.45245253426e-06 8.59636932591e-06 2.16662236586e-05 7.0929512388e-06 3.75213844348e-06 6.27015648652e-06 2.76593840315e-06 3.43154770423e-06 5.14361000856e-06 2.82702278504e-06 4.99471582003e-06 4.90167078868e-06 2.58600952677e-06 8.95567549858e-06 2.11449247851e-06 9.88154213742e-06 7.05598670981e-06 3.80167432319e-06 8.50905940739e-06 1.63797165278e-05 5.80985894671e-06 1.11334523322e-05 5.15643973093e-06 8.95574614766e-06 8.18263045767e-06 5.93892007009e-06 1.163878319e-05 7.91203320892e-06 1.56014873902e-05 1.19373690633e-05 3.40073031878e-06 8.21206998198e-06 9.92376164769e-06 2.33997711046e-06 8.79415131568e-06 2.74171424638e-06 5.69829882763e-06 4.52819208859e-06 3.07631890826e-06 4.88456013462e-06 3.25775325293e-06 2.66751952696e-06 5.59222548238e-06 3.14707942824e-06 5.26960297195e-06 1.42275349907e-05 1.79753591478e-05 5.63306985314e-06 1.123518849e-05 4.3889307433e-06 4.34671093134e-06 5.43316008974e-06 3.22391764144e-06 6.86848957588e-06 5.17460995719e-06 2.61114072139e-06 1.03700659918e-05 1.86100855819e-06 9.16243437382e-06 8.01906049623e-06 4.47933551209e-06 8.90234741984e-06 1.58646103233e-05 6.80188071616e-06 8.76476274353e-06 5.67893312544e-06 9.94667138586e-06 3.67629607163e-06 9.98506328953e-06 5.64170841875e-06 9.94979698871e-06 8.67256970808e-06 1.53043751911e-05 1.28696560339e-05 4.56755638371e-06 9.96373096232e-06 9.81471680778e-06 2.37308044081e-06 1.06043612556e-05 2.88325675977e-06 5.65195430349e-06 6.33300859233e-06 2.96315208488e-06 5.10538346773e-06 3.93526202835e-06 3.51203398309e-06 8.36514409821e-06 3.85497742099e-06 1.05154990803e-05 1.49324748239e-05 1.10369202205e-05 5.29145796022e-06 4.28065464297e-06 5.86030209099e-06 3.11785912031e-06 6.48639177075e-06 6.41481336148e-06 2.51441278348e-06 8.60345987816e-06 2.70149251234e-06 7.45681028979e-06 6.29820728102e-06 4.08379367112e-06 9.23438167956e-06 1.46245238615e-05 6.44399649519e-06 9.54365567253e-06 5.38726853444e-06 1.17056419007e-05 4.1828633728e-06 4.9011216989e-06 1.16605945215e-05 6.11864953196e-06 9.99920909416e-06 8.77115966874e-06 1.36714432449e-05 1.27270069425e-05 3.75204417338e-06 7.60427578876e-06 7.40918747456e-06 2.9906688158e-06 8.66615873883e-06 2.41418449467e-06 6.76660950539e-06 6.03343720815e-06 2.68055025301e-06 5.28316132355e-06 3.3799885617e-06 3.70163924387e-06 7.39149594371e-06 8.81345089749e-06 4.16416511782e-05 7.41862758886e-06 8.10238769594e-06 1.01563785292e-05 4.71018070868e-06 7.76487944528e-06 1.0085559779e-05 4.55056272421e-06 1.16343927944e-05 3.72791808953e-06 1.33189128941e-05 9.32348007001e-06 5.32006194405e-06 1.35129640681e-05 2.10743455823e-05 8.57780273986e-06 1.26900848851e-05 6.42756873303e-06 1.45835786709e-05 8.56982112582e-06 8.14408354954e-06 8.76723357859e-06 1.50451720945e-05 6.3086563483e-06 1.41425240196e-05 1.06104157618e-05 2.01751188324e-05 1.78725501453e-05 5.36763937733e-06 1.05539215192e-05 1.40715422193e-05 3.81706400815e-06 1.17505844009e-05 4.43152104254e-06 9.42985129329e-06 6.75179560981e-06 4.18956103764e-06 8.38696610836e-06 6.07545272304e-06 4.93873430656e-06 2.26316724586e-05 2.16105999558e-05 8.6188409658e-06 1.21747616662e-05 5.64661337892e-06 7.31964505823e-06 8.73877912621e-06 3.81494181032e-06 1.19207884021e-05 4.03867585724e-06 9.93327970919e-06 1.1333013298e-05 4.8785358439e-06 1.32086510089e-05 2.05474890511e-05 1.01384651824e-05 1.07496213709e-05 6.50939595388e-06 1.32165132228e-05 7.58551817313e-06 8.62409029489e-06 7.69888217798e-06 8.36047496014e-06 1.29956154156e-05 7.17072138199e-06 1.08851554499e-05 1.29078506857e-05 1.86496647263e-05 1.70716587677e-05 4.44175812364e-06 1.20904281383e-05 9.72102048698e-06 3.85184321445e-06 1.13344271608e-05 4.03702235377e-06 7.53840097916e-06 6.3748499156e-06 4.25583968113e-06 9.27752760743e-06 5.77349012435e-06 1.05989538204e-05 3.01230837671e-05 1.69279217832e-05 7.4723211705e-06 1.05224804577e-05 1.22690016804e-05 3.90421634481e-06 1.58812342131e-05 6.17071262174e-06 1.36322760256e-05 1.22794535384e-05 7.2139046352e-06 1.47842579755e-05 2.46295077629e-05 1.09748400291e-05 1.63265903551e-05 5.67785640014e-06 1.67965161283e-05 8.45697002697e-06 1.10472199833e-05 1.13589904392e-05 1.11331752169e-05 8.62374109832e-06 1.74513927586e-05 5.65335115232e-06 1.78648737787e-05 1.33026628171e-05 2.31511186179e-05 1.86983287751e-05 7.27246219926e-06 1.29932167294e-05 1.41364176063e-05 5.64889760958e-06 1.42215682235e-05 4.34589829287e-06 1.08714922877e-05 9.12357901961e-06 5.97906708745e-06 1.16640314748e-05 1.51162700714e-05 4.64054913394e-05 7.63285515314e-06 1.23566503183e-05 1.26466383385e-05 2.77659492249e-06 1.36931977667e-05 4.53432417563e-06 1.20190664847e-05 1.11807711519e-05 4.88496103273e-06 1.65456116108e-05 2.05534090432e-05 1.06633595013e-05 1.31515049179e-05 7.674099085e-06 1.06688846212e-05 7.28150725741e-06 8.39934523229e-06 9.32269093224e-06 1.00487081545e-05 7.48422965387e-06 8.44938857686e-06 1.02164049971e-05 8.46738144205e-06 1.31919440638e-05 1.30733765099e-05 1.74538455374e-05 1.95980381746e-05 4.60424703797e-06 1.06089100636e-05 1.12433247973e-05 3.91567842627e-06 1.1484369569e-05 3.00634152995e-06 9.901958633e-06 9.63340130752e-06 5.08391776735e-06 2.21085305658e-05 3.28479207025e-05 2.41728673388e-05 2.37685161309e-05 6.4213062599e-06 2.13970832133e-05 5.8390005712e-06 1.97032805789e-05 1.80273034961e-05 7.3183257604e-06 2.33684215873e-05 3.28030841108e-05 1.4260727526e-05 2.1059170418e-05 9.79025279254e-06 2.2674145554e-05 9.68346429892e-06 1.45096065513e-05 1.36740064922e-05 1.54944004239e-05 1.36957203624e-05 1.45770947867e-05 9.42603500382e-06 2.34701467266e-05 9.90315730625e-06 2.32495146184e-05 1.62042660425e-05 3.17240584344e-05 2.70240214245e-05 7.64759130643e-06 1.75357469535e-05 1.89698698393e-05 6.00302753661e-06 1.71863228237e-05 6.11625142939e-06 1.81779740065e-05 1.60549741586e-05 1.46292469181e-05 6.75307165548e-05 2.61070353361e-05 9.34253210134e-06 2.3971486329e-05 5.35385964139e-06 1.723633941e-05 1.80090010803e-05 7.05412920941e-06 2.37780352344e-05 2.98700595134e-05 1.82668106535e-05 1.52812362795e-05 9.07259192254e-06 1.52340729911e-05 1.1580964747e-05 9.40574671045e-06 1.2396746446e-05 1.21266309859e-05 1.13975178796e-05 1.3452881988e-05 8.0334996806e-06 1.20416282725e-05 1.43865674821e-05 9.72533381022e-06 1.53745297731e-05 2.01339841548e-05 2.57754090368e-05 2.67806241188e-05 6.77708072055e-06 1.67253466151e-05 1.49064134656e-05 5.22562484507e-06 1.78544717143e-05 7.34704919936e-06 1.66203434782e-05 3.00258122093e-05 8.10811762769e-05 1.34529163142e-05 3.27698891951e-05 6.78863966037e-06 2.17110068099e-05 1.86733475857e-05 7.73419136719e-06 3.01521782777e-05 3.42810512956e-05 1.86486368295e-05 2.38488994606e-05 8.57159102227e-06 2.10391425411e-05 1.10491296893e-05 1.44206348848e-05 1.14829557605e-05 1.39020003608e-05 1.19864025858e-05 1.41027030039e-05 1.14055182312e-05 1.42400559865e-05 1.05551129689e-05 2.17216805618e-05 7.82959860668e-06 2.54177205194e-05 2.01134813554e-05 3.03729661507e-05 3.28857800178e-05 7.32947195046e-06 1.65177437025e-05 1.81344932084e-05 6.58725827522e-06 2.38411572783e-05 8.62526354259e-06 3.59515466397e-05 4.34304423395e-05 5.02145725284e-05 1.15660801746e-05 3.32090530948e-05 2.45426729082e-05 8.84652500271e-06 3.81591657617e-05 4.23924137452e-05 2.23915249942e-05 2.35346674651e-05 1.38877656974e-05 1.81760311515e-05 1.41100133671e-05 1.37075680706e-05 1.76289734959e-05 1.34339315703e-05 1.37545728179e-05 1.49061909661e-05 1.26190424482e-05 1.8689639421e-05 1.22839760167e-05 1.48892502908e-05 1.734674323e-05 1.42442606189e-05 2.39326301792e-05 2.26429314551e-05 3.84785535533e-05 3.92975426783e-05 8.48994098583e-06 2.06437498572e-05 2.6058393817e-05 9.059636226e-06 3.1928802338e-05 2.10869899335e-05 0.000148588260746 1.71026950556e-05 4.84225029181e-05 3.58848753605e-05 1.24718612421e-05 4.1956211037e-05 4.89382669259e-05 3.0702667867e-05 2.85222925474e-05 1.37789719965e-05 3.01106831357e-05 1.10711324731e-05 1.70392372948e-05 1.56890239846e-05 1.81384244326e-05 1.20218041613e-05 1.41512341569e-05 1.23368760114e-05 1.77979449193e-05 1.56021997898e-05 1.57687206214e-05 1.11247882626e-05 2.92697065572e-05 1.27039427589e-05 2.73170305307e-05 3.07851524561e-05 4.1817316606e-05 4.16442352561e-05 1.1077115575e-05 2.76930071977e-05 3.50198644737e-05 1.1288220237e-05 6.92804826776e-05 5.09050007323e-05 5.54322296011e-05 4.25357848944e-05 1.49696930816e-05 4.89017753715e-05 4.77005318345e-05 3.14740872324e-05 3.04409087779e-05 1.44354228251e-05 2.47789921661e-05 1.61302665376e-05 1.233823766e-05 1.70286920061e-05 1.5854416112e-05 1.44329708512e-05 1.22037562071e-05 1.10888677285e-05 1.57544863007e-05 1.35101077562e-05 1.79701396441e-05 9.96814003123e-06 1.75588768283e-05 2.13762508465e-05 1.31792001057e-05 2.87290886135e-05 2.99019901082e-05 3.71179773677e-05 4.52772912517e-05 1.24596374253e-05 3.10696546697e-05 3.44361809568e-05 2.41460495975e-05 0.000167429005298 5.82633368461e-05 1.98183108541e-05 7.0547007005e-05 6.35564507389e-05 3.5470277e-05 4.17537552482e-05 1.76961614302e-05 3.20677223766e-05 1.53664983442e-05 2.23818051874e-05 1.66174664335e-05 2.05571603388e-05 1.62078455306e-05 1.77050945164e-05 1.24381356187e-05 1.67770353717e-05 1.63537772975e-05 1.88942933083e-05 1.52055449341e-05 1.94257676922e-05 1.45680112477e-05 2.75175332203e-05 1.62327790971e-05 3.8132170458e-05 3.14928147486e-05 4.86506554198e-05 5.95106945446e-05 1.57545800777e-05 3.57157418512e-05 7.88865677154e-05 0.000220632428259 3.27432082667e-05 0.000111604165974 9.55176815172e-05 5.39606162115e-05 4.9253003792e-05 2.49791739351e-05 4.53364774485e-05 2.37542217496e-05 2.40038709315e-05 3.15974258706e-05 2.08326367717e-05 2.18797966278e-05 1.98298307341e-05 1.89693955377e-05 1.86907393607e-05 1.84053601658e-05 2.21522625045e-05 1.7374052108e-05 3.03138353689e-05 1.86868467087e-05 2.18053742735e-05 3.7975701272e-05 2.21138176182e-05 4.11684707478e-05 4.58771010536e-05 7.42093092206e-05 8.96756642942e-05 2.29244560327e-05 9.65248357743e-05 0.000124360679703 0.000181503917825 0.000142674130789 8.4476232006e-05 6.87648993897e-05 2.75751046536e-05 6.12401554339e-05 3.24606395473e-05 2.94220193596e-05 3.18448878644e-05 3.62399609908e-05 2.18045500958e-05 2.65768990726e-05 1.98217998681e-05 2.82284322686e-05 1.9029156328e-05 2.43953132859e-05 2.0136630819e-05 2.99784987215e-05 2.88902162216e-05 2.34051551605e-05 2.78854853776e-05 4.77606652048e-05 2.27497652618e-05 5.4131786968e-05 7.0152626618e-05 0.000112507494484 0.000130881293967 6.17992374632e-05 0.000659176783273 0.000234250739616 0.000132610025439 0.000107547010095 3.7678593754e-05 7.13709539376e-05 4.02892948857e-05 4.14872744578e-05 4.00657102221e-05 3.45761750198e-05 3.68520391425e-05 2.46198570342e-05 2.6005930478e-05 2.96641082964e-05 2.85973930306e-05 2.43076590463e-05 2.14904022348e-05 3.30037018237e-05 2.6917045452e-05 3.42568468324e-05 2.90330399309e-05 3.33242856045e-05 4.69996205271e-05 2.73498466415e-05 7.49982567351e-05 0.000101510262716 0.000153076471758 0.000293881433914 0.00189853181301 0.000482612063809 0.000367340015754 0.000144248771323 0.000211663175687 0.000105765943248 0.000116600303673 0.000122649960654 9.2637022729e-05 8.54053466628e-05 9.00012256819e-05 5.42479614058e-05 8.02590920483e-05 6.30844951477e-05 7.56240215139e-05 4.69877643499e-05 7.33947654572e-05 6.37595660506e-05 6.39472089714e-05 8.43003486364e-05 6.74563439263e-05 6.52602597639e-05 0.000105565303634 7.87063321895e-05 0.000182544313123 0.000252933916758 0.000809135789719 


























