



















1.18450825257e-05 7.71009865983e-06 1.99436986101e-06 6.75192976996e-07 3.23499371546e-06 1.37209025144e-06 2.77023516492e-06 5.492287038e-07 1.3210231984e-06 1.3066607783e-06 5.74473210731e-07 3.11371651017e-06 1.50601187701e-06 4.03870494162e-06 9.65849622921e-07 3.59729680696e-06 8.94203722361e-06 8.63715981864e-06 3.29031700373e-06 2.75410063934e-05 2.92176397736e-06 1.90187623073e-06 4.98432308137e-06 4.64821693951e-06 1.99809355018e-06 6.43973975587e-07 3.71529887018e-06 1.27890256517e-06 1.33637065721e-06 3.85509066151e-06 7.86540030366e-07 2.45421373066e-06 5.90998987682e-06 6.86518504415e-06 2.30056563871e-06 3.6866910145e-06 1.95153140947e-05 5.24745456404e-06 1.69290863104e-06 1.00023339039e-05 3.39239003532e-06 4.86875644628e-06 6.00686299332e-06 6.43253550575e-08 9.34803897547e-07 2.4198973408e-06 8.38223381368e-07 9.42108444258e-07 1.08376193911e-06 8.52113656067e-07 2.73561150001e-06 6.47805705492e-07 1.13885068281e-07 6.73734558116e-06 4.54398609705e-06 2.12092293772e-06 7.68760826781e-06 2.59744682481e-06 7.39987620373e-06 8.21482841992e-06 2.55798569377e-05 6.82428620397e-06 4.10208928075e-06 2.71161317942e-06 1.57597537847e-06 1.54368896399e-06 2.67244323717e-06 7.13543595019e-07 5.51697914008e-06 7.66205095185e-07 2.67958220172e-06 9.0836770898e-07 1.67454242707e-06 3.84872309897e-06 3.82412650605e-06 5.08261705762e-06 1.94385855571e-05 6.83984221027e-06 1.12789782914e-05 2.88493485469e-06 2.60262067229e-06 1.0962399906e-05 2.27242451583e-05 1.1433611824e-05 1.08179534083e-06 3.99555730476e-06 1.51515583086e-06 3.79714532189e-06 1.46230187169e-06 3.22092294028e-06 2.87709278139e-06 1.39687241849e-06 4.2907634073e-06 1.41417313573e-06 3.61216740161e-06 1.12469083392e-06 1.16124562368e-05 1.80448662666e-05 8.96176283252e-06 2.22947783854e-06 7.95795537861e-06 2.55815571254e-06 8.30136855771e-06 6.44638187268e-06 3.91006075908e-05 8.44185398238e-06 9.96570103237e-06 3.17979836504e-06 9.63737952661e-06 9.80692566761e-07 1.171819638e-05 3.27368060062e-06 3.46069262632e-06 1.16524952663e-05 9.97811373013e-07 9.90674553542e-06 2.2756019979e-06 6.88837125607e-06 6.36376821176e-06 3.1697411374e-05 7.0272212014e-06 9.57514867566e-06 6.42874611099e-06 7.88183529166e-06 7.05917947742e-06 1.57826996739e-05 2.24356673544e-05 5.2083296952e-06 8.2202841276e-06 3.19700550007e-06 2.22075390747e-06 1.59095317172e-06 2.05909412865e-06 6.22926128419e-06 1.20076218382e-06 1.91045386601e-06 1.49557631613e-06 2.96350003457e-06 8.71203974501e-06 4.17530579639e-06 1.90832157909e-05 1.45736447345e-05 8.06644665039e-06 2.74023183224e-05 5.65742056211e-06 8.26149583244e-06 9.90007770428e-06 1.98306679261e-05 5.23306840969e-06 1.01252430226e-05 9.29005723079e-07 1.6627765755e-05 1.02847351882e-06 6.16335362949e-06 6.21758259099e-06 8.99632994929e-07 1.59264641562e-05 1.08944796085e-06 1.05760929644e-05 3.06059034188e-06 1.89921399258e-05 8.58146516145e-06 6.63176785668e-06 2.29530069977e-05 1.13906507854e-05 5.09088692635e-06 8.15209742646e-06 2.38954756242e-05 7.81314161262e-06 3.94847354143e-06 5.98135557199e-06 3.96630348247e-06 3.03365019256e-06 6.5138214223e-06 2.493408318e-06 5.15908436304e-06 4.86874209988e-06 2.46525031287e-06 5.80019798936e-06 2.24241297163e-05 5.54527459797e-06 6.20663081811e-06 1.36714012476e-05 2.26568194205e-05 9.58501489762e-06 5.97604936514e-06 1.31537982897e-05 3.41852546531e-05 6.35708033052e-06 2.60142557012e-05 3.0588251819e-06 2.07849739052e-05 4.09933993564e-06 3.93039847593e-06 2.1204075837e-05 2.69720385497e-06 2.37895551452e-05 5.614313187e-06 3.17475148526e-05 1.07008000028e-05 5.44936735004e-06 1.22454518538e-05 6.63383070133e-05 1.12853811059e-05 6.78056181318e-06 3.82210912597e-06 1.46281954785e-05 1.97384108206e-05 1.18864518752e-05 6.3071431144e-06 6.04861728405e-06 1.81319689149e-05 2.46432312424e-07 1.80221800071e-05 6.09802357443e-06 5.31378121543e-06 9.72846270229e-06 1.98413944596e-05 1.45280662668e-05 4.27994695203e-06 6.72972001383e-06 3.48051166078e-05 3.40586227469e-05 1.42388016103e-05 2.05859580028e-05 3.00270004098e-05 0.000125576629626 9.63481230381e-06 4.92528680309e-05 1.7194022209e-05 1.17898926624e-05 1.26821234046e-05 1.61890287115e-05 4.71539584982e-05 8.14791123372e-06 0.000114366814824 2.93646258255e-05 2.00621185306e-05 1.94778600629e-05 8.46439259177e-05 1.173221596e-05 1.39492505482e-05 5.01354697473e-06 2.5833436264e-05 1.99303036709e-05 1.19513487657e-05 1.97053131346e-05 1.81654765483e-06 3.15127433975e-05 1.35581906246e-06 1.97512619422e-05 1.01358420338e-05 2.32045063003e-05 2.5320989259e-05 4.2981182278e-06 1.49944299158e-05 2.44639589401e-05 4.99969788404e-05 2.54067180426e-05 3.74290323743e-05 2.14581638464e-05 7.40580744763e-05 2.90606470304e-05 1.39888638533e-05 2.61440150356e-05 2.68282514257e-05 1.21697945771e-05 2.66572987e-05 7.76215838716e-05 1.93706791888e-05 3.77282639002e-05 3.32646493039e-05 8.98046871677e-05 3.96486282742e-05 6.63219202753e-05 1.51848790149e-05 6.34959281321e-05 0.000110507590777 1.04927268365e-05 8.35849211757e-05 1.34076860524e-05 8.18068930419e-05 9.89190808942e-06 0.000110009655076 6.36697591954e-05 1.46932010798e-05 7.97969197951e-05 6.45990524605e-05 3.91286525049e-05 8.41836713095e-06 1.28281102587e-05 2.59421096392e-05 1.69260612925e-05 1.90517714308e-05 9.75214864036e-06 9.41561431342e-06 1.7258501464e-05 2.30775727323e-05 2.61833323902e-05 1.23225919219e-05 7.41241544086e-06 5.834584862e-05 6.04750331435e-05 8.57251695569e-05 6.04041823427e-05 3.82312833967e-05 0.000241105665586 3.21904349857e-05 0.000127392398308 2.8971527955e-05 0.000226968983018 3.6604441374e-05 6.17761503916e-05 9.42331677906e-05 8.06308998137e-05 6.88759021961e-05 4.94200212801e-05 1.25673961307e-05 6.8756493039e-05 4.69130737204e-05 3.45982573914e-05 3.14133650386e-05 5.95600318923e-05 6.50218373111e-05 9.83255302682e-06 4.86323917713e-05 7.54266848712e-05 0.000190868918083 4.40003772852e-05 9.28768030956e-05 6.91667799432e-05 0.000247493263866 4.14267032538e-05 0.000237685907231 6.76719575076e-05 9.9417607502e-05 4.53063620638e-05 0.000221586435697 4.4993914696e-05 0.000108716238609 3.37174662827e-05 0.000103514205192 8.96359645218e-05 0.000117644887287 9.75838929526e-05 2.99135175145e-05 0.000106415988392 3.94398875257e-05 0.000431525189989 0.000113092511538 0.000150539836077 0.000140344680045 0.000527423718852 0.000140344680045 0.000150539836077 0.000113092511538 0.000431525189989 0.000247706490424 0.000318359525874 9.81376306998e-05 0.000440622088066 0.000424274545398 9.31450219837e-05 0.000306216639963 0.000231485960329 0.000443981402637 0.000169390530503 0.000296617258758 0.000263054302697 0.00020381169178 0.000160823469188 0.000358725593123 0.000794140237154 0.00106337228152 0.000411148103893 0.000362207276164 0.000933958399352 0.000681384646639 0.00871098768236 0.00186704544944 0.000567560250581 0.00167832138473 0.00569887308732 




