


































4.17790567727e-07 3.36217678935e-07 2.53513965211e-07 2.2682019039e-07 2.7214017378e-07 5.13121941413e-07 2.11538301346e-07 7.62652446557e-07 2.39660047379e-07 2.81257180021e-07 1.50823714151e-07 4.53636745672e-07 1.69085266633e-07 4.92487832358e-07 4.33515110409e-07 1.03335233391e-07 4.38301330827e-07 5.0522181568e-07 1.72186141403e-07 4.5130455568e-07 1.56070685792e-07 2.95562796193e-07 2.72961305592e-07 8.42605975481e-07 2.26237958292e-07 5.9410939542e-07 3.62421481765e-07 3.04042603649e-07 2.78013678561e-07 4.35890416592e-07 3.3436226232e-07 4.07700485999e-07 1.03777086491e-06 2.91148216415e-07 3.19913658817e-07 1.68568847246e-07 3.02444563252e-07 1.57124855515e-07 3.27368611891e-07 6.22548995207e-08 3.03873949037e-07 3.41866340916e-07 2.48608812678e-07 5.685749225e-07 1.84831470835e-07 1.92233034502e-07 1.37331302068e-07 1.88525314292e-07 1.88870252753e-07 6.19841207357e-07 2.61820060442e-07 3.84121477338e-07 3.38834766212e-07 5.78805161876e-08 4.43644339576e-07 1.93196897354e-07 3.93523100855e-07 2.15372747822e-07 3.41943074892e-07 2.98330004636e-07 7.53881608354e-07 4.7997274294e-07 1.4191599904e-07 2.66848041665e-07 4.15463469666e-07 2.2750729513e-07 8.41831776779e-08 1.87214427563e-07 3.37265599951e-08 1.61221703154e-07 8.52144857422e-08 1.33727496667e-07 7.66411558393e-08 4.38308124423e-08 1.59431308886e-07 1.16919642556e-08 6.15587624673e-08 7.30566811938e-08 4.33286159865e-08 7.33792819347e-08 6.85065357787e-08 2.81000395345e-08 2.10750249293e-07 3.44811286228e-08 8.11550483821e-08 1.62041217333e-07 7.68361229949e-08 2.34968435922e-07 2.99334882283e-08 2.33288954202e-07 1.01962386411e-07 1.33354537374e-07 3.24421512708e-07 2.88167661648e-07 1.97335156773e-07 4.97598524747e-07 4.16159734107e-07 2.11637195347e-07 8.70680032425e-07 4.07476708025e-07 9.09630537586e-07 2.05042645954e-07 1.76803475349e-07 1.70970151995e-07 9.07463300654e-08 5.03827172635e-07 9.19573235694e-08 2.37586492918e-07 1.42438323324e-07 3.56406943663e-07 2.73529059507e-07 1.01229504367e-07 1.07627867637e-07 3.09171440503e-07 3.52351845683e-07 1.80711663856e-07 2.38377438777e-07 1.09443625376e-07 5.03795647236e-07 1.05886864363e-07 1.69591273621e-07 2.16424510176e-07 2.53917795173e-07 9.5343538694e-07 3.69406074586e-07 6.67049745356e-07 1.10447318463e-07 4.57151770803e-07 6.31791998932e-07 3.52542593654e-07 3.56860410092e-07 1.32866021061e-07 3.14417697773e-07 1.08737583563e-06 8.61141920633e-07 4.53359573911e-07 2.95084326345e-07 1.16026924363e-07 5.08114907939e-08 6.23185579336e-07 7.1088589066e-08 1.92272704425e-07 1.56533715208e-07 4.36584424636e-07 8.44121572497e-08 3.01938800172e-07 1.44308944229e-07 6.46495086764e-08 7.02492772343e-08 1.34468916905e-07 3.77691544242e-07 6.06503606727e-08 4.274339673e-07 1.73157401747e-07 1.79545565329e-07 6.92210246535e-08 6.57030456311e-07 3.01154612032e-08 1.2364194907e-07 3.14315280083e-07 4.60241998144e-07 7.8277606786e-07 7.93351606942e-07 2.98144615945e-07 1.04679206154e-07 4.54200678416e-07 4.45860355906e-07 5.79206404461e-07 5.75674558021e-07 3.22623929441e-07 4.91786713103e-07 8.1749145098e-07 3.12572350352e-06 9.27123822637e-07 8.73276013315e-07 5.22019890419e-07 5.90726186711e-07 1.05580600211e-06 3.02412266621e-07 2.94490825257e-07 7.28063801582e-07 1.01745125981e-06 1.06277348021e-07 1.14206652061e-06 5.85872678405e-07 3.29774520035e-07 4.64657276282e-07 4.28780242503e-07 3.35238988426e-07 6.16547677284e-07 1.23769849483e-06 1.18738560126e-07 9.48828421359e-07 7.56717402908e-07 2.71035492459e-07 3.02397475462e-07 1.01490301322e-06 4.40511608302e-07 4.48690391687e-07 7.77222119214e-07 8.0976110128e-07 2.17899847174e-06 8.09303477084e-07 5.37302351175e-07 4.27765568789e-07 7.81346913163e-07 7.33496358253e-07 3.23025902549e-07 1.20547968067e-07 4.40280944387e-08 3.07454625123e-07 2.17558780506e-07 5.45492608843e-07 1.07249026736e-06 5.63102833568e-07 3.10600707893e-07 1.59436929192e-07 7.08634451927e-07 2.31482608633e-07 1.45172544691e-07 2.2871460261e-07 4.83449385249e-07 6.96564410646e-08 3.33756910483e-07 1.00297083446e-07 7.02252849846e-08 1.59554079448e-07 7.39304535355e-08 1.07795867109e-07 9.85346641016e-08 7.35115226605e-08 1.15673743426e-07 3.38351412923e-07 6.96470694585e-08 4.31139623855e-07 1.70275527717e-07 1.38517706374e-07 1.68764434115e-07 6.14570449448e-07 1.72123525957e-07 2.88892268635e-07 2.54868599712e-07 8.03061671196e-07 6.03086913613e-07 2.20381708836e-07 3.48821998031e-07 4.8943195031e-08 1.70889372638e-07 3.85778322318e-07 4.23115637329e-07 2.03258778265e-07 2.03168670495e-07 3.64368441007e-07 5.62311804971e-07 1.5547207615e-06 6.67600042961e-07 1.98443751112e-06 2.34657939153e-07 6.75959258183e-07 9.50466968693e-07 5.1705977873e-07 1.66383006998e-07 7.60727419521e-07 7.10384277806e-07 4.77875534074e-07 5.04391074006e-07 6.98186667711e-07 1.59017243866e-07 1.47100574618e-06 2.61088708232e-07 5.93311517215e-07 2.90745647655e-07 1.48734839451e-06 1.5427992128e-07 7.01104222098e-07 5.20879328291e-07 4.21180634066e-07 5.98196501077e-07 7.27721003039e-07 1.02021901819e-07 4.99117443013e-07 8.42900083604e-07 4.66553264448e-07 1.52208208078e-07 1.49691091457e-06 3.37145779501e-07 1.26731399002e-06 6.06963030096e-07 3.79118906545e-07 3.01029981786e-07 3.38413142473e-07 4.78280626752e-07 1.1552027641e-07 1.20210318469e-07 4.40391679669e-08 2.04916590761e-07 7.93383538507e-08 3.13162423517e-07 2.00772374864e-07 4.43550744039e-07 4.09747421359e-07 1.25071043551e-07 3.71165320333e-07 8.48577362985e-08 1.55091502826e-07 2.05491891933e-07 1.63881510176e-07 6.50710260548e-08 1.56299595087e-07 1.65765570155e-07 1.72624767784e-08 6.14851852562e-09 8.39460844684e-08 1.09834701146e-07 1.12258832957e-07 1.24880675291e-07 6.17865168289e-09 2.89595855212e-09 1.46921328537e-07 1.43284814708e-07 1.40586225427e-08 1.49850099287e-07 1.81742770131e-07 1.44575691818e-07 6.50379321376e-08 3.37834330542e-07 6.78592975899e-08 3.3937406973e-07 1.55574519556e-07 2.5583199997e-07 2.79147644292e-07 7.14088385959e-08 2.32947922481e-07 4.6689537923e-08 1.68729392298e-07 1.34157122363e-07 6.36800494499e-08 2.20980444484e-07 4.79035128215e-08 1.76505603646e-07 1.97321260432e-07 7.03198058371e-07 2.56417110033e-07 4.06162170946e-07 4.37877619247e-08 8.5352522516e-07 7.78257609199e-07 3.59907311178e-07 7.76358381182e-08 6.98176578062e-07 3.99555017681e-07 2.86813221171e-07 2.44718195865e-07 5.03167347486e-07 1.08041920076e-07 8.22239353797e-07 1.04844933937e-07 5.5777970365e-07 4.41511763993e-08 5.54771572907e-07 1.19598051635e-07 8.04893389726e-07 8.45358297398e-08 4.62579242523e-07 2.31961992265e-07 2.62056935595e-07 2.8697717084e-07 5.44949972719e-07 7.62770658855e-08 3.70386594636e-07 4.47583020361e-07 6.92619401664e-07 3.19957653984e-08 3.02184261467e-07 1.9649230999e-07 6.52445586435e-07 2.26868440391e-07 2.3894794729e-07 4.65262313747e-08 2.90760318457e-07 7.11099153e-08 2.0963761232e-07 5.83745554625e-07 3.27362737851e-07 2.78545588537e-07 6.60844327016e-07 1.43271396717e-06 7.02554311703e-07 1.5500594983e-06 4.3861463738e-07 1.00309861245e-06 3.60821744179e-06 8.25314208941e-07 3.54131039899e-07 1.28872536246e-06 1.46353146044e-06 5.77332290199e-07 7.0950920746e-07 7.29995298701e-07 5.26820235826e-07 9.58979452795e-07 4.40700539029e-07 3.15626332992e-07 1.20744477176e-06 1.23343353061e-06 3.27028371327e-07 4.77781358717e-07 9.48403420211e-07 5.28795274998e-07 6.40607472201e-07 6.47324318497e-07 5.58644847329e-07 1.33620316675e-06 1.04698579652e-06 3.64616900805e-07 4.35069145361e-07 2.59249762799e-06 5.8234365812e-07 4.39576970147e-07 1.35234060336e-06 5.9220394105e-07 1.29395825636e-06 7.63202310738e-07 2.9458829415e-07 4.52054625678e-07 7.50668157208e-07 2.27999795965e-07 7.38270914458e-08 3.33957018083e-07 1.06503653376e-07 1.26100832587e-07 1.72708211049e-07 5.75650123653e-07 3.39699907974e-07 2.988763587e-07 1.54693917785e-07 2.88465500575e-07 4.96585231335e-07 9.32257029492e-07 1.2675469697e-07 7.31380373784e-07 2.41711429605e-07 4.19810374642e-07 1.84662897156e-07 2.61489302098e-07 8.51646195202e-08 7.94564806664e-07 5.85114968734e-07 6.30411603997e-09 7.56989470969e-07 3.11567068118e-08 5.3985934613e-07 7.74021838308e-07 4.75125168127e-08 2.52007732625e-07 1.33585701223e-07 3.6314406125e-07 2.08269416164e-07 4.60728753414e-07 6.69930964096e-08 7.50968198582e-07 2.98080102435e-07 3.08299323044e-07 1.00796549785e-07 2.58108329168e-07 3.01113281328e-07 6.11682900729e-07 2.11036642954e-07 1.48395190322e-07 1.25346324445e-07 4.3875298817e-07 7.9140483759e-08 3.85104611798e-08 9.68135961673e-09 4.61558263544e-08 4.64412630012e-08 3.3627981816e-07 1.02292255185e-07 1.6796419149e-07 6.43499891328e-08 1.48846881821e-07 2.92220700848e-07 3.20591929273e-07 4.74303276131e-07 2.54470365221e-07 2.86931929058e-07 6.67543951959e-08 3.13217853608e-07 2.18065659407e-07 3.17260428438e-08 4.30174740115e-08 7.99035461798e-08 1.84040470519e-07 3.63911834005e-08 2.90365001876e-08 1.40397523985e-07 7.52931440138e-08 3.99409114893e-09 2.85626022359e-09 1.87379923412e-07 2.02074167598e-07 6.38818274154e-08 2.82228313765e-07 8.64664180155e-08 3.73123781767e-07 1.45970869316e-07 3.30532261609e-07 1.54517468355e-07 6.34510189149e-08 1.25867833619e-07 6.77713164229e-08 3.19523938866e-07 3.97574541143e-08 5.53430981319e-08 3.05097587917e-08 4.20574086425e-08 4.70471540755e-07 2.82228669616e-07 3.64715235835e-07 6.87692320869e-07 1.02576578496e-06 4.97440352479e-07 1.0504516644e-06 3.49667467709e-07 5.54082369319e-07 2.36734868123e-06 5.54308240632e-07 3.51127047693e-07 3.07101542359e-06 1.38027042295e-06 8.96823298913e-07 1.05974465493e-06 1.34764968434e-06 6.00647729977e-07 1.28043280442e-06 3.49932400673e-07 1.27144581336e-06 8.2742991244e-07 2.00029704612e-06 1.56565070046e-07 1.84935772702e-06 8.55173247351e-07 1.163890625e-06 4.05104368146e-07 1.19643336195e-06 5.6428345373e-07 1.1973737698e-06 8.88672409074e-07 6.3868216877e-07 8.45249240749e-07 2.37321707012e-06 1.62597244839e-07 4.09530772802e-07 1.83670475569e-06 4.37478258605e-07 3.27382065164e-07 8.14855206363e-07 4.80013106882e-07 1.06349622277e-06 8.09922799758e-07 4.19752422697e-07 3.65961961796e-07 6.07369267063e-07 3.97968879272e-07 1.95866488264e-07 2.28512936135e-07 2.30974795744e-07 6.6813050446e-07 2.9881400339e-07 6.45305497067e-07 2.33099585912e-07 6.14360683192e-07 1.0005866024e-06 5.44692314737e-07 3.82013185176e-07 1.31062788607e-06 2.18666445285e-06 6.14400614292e-07 9.45258003011e-07 5.85738668432e-07 4.28793712172e-07 9.70271885332e-07 8.86464725586e-08 3.08160390473e-07 5.78676577809e-07 5.84762636388e-07 2.3659241191e-07 1.91014117976e-07 5.39225379938e-07 5.70674643142e-07 2.67909230415e-07 6.00852709192e-08 6.7286764785e-07 4.03812595525e-07 4.78354227429e-07 6.26974058989e-07 3.71422278551e-07 1.68945189439e-06 6.37285518229e-07 3.73019265705e-07 4.24500364898e-07 9.0455721436e-07 5.70138721752e-07 1.94634223848e-07 6.45191157731e-07 2.78070111319e-07 6.86402655948e-07 2.69290118008e-07 2.81352207247e-07 2.30177057484e-07 4.83259266038e-07 1.8219426651e-07 1.93183642084e-07 7.62555814906e-08 7.0297664197e-08 5.00207028307e-07 1.99372789843e-07 5.08903072544e-07 1.89359768357e-07 1.17708967858e-07 6.91055884741e-07 1.15895523575e-07 6.93678897942e-08 4.50294090031e-07 3.40023184732e-07 9.30248200675e-07 4.98200136266e-07 5.23958627902e-07 1.01589280905e-07 8.67893394801e-07 5.74080327867e-08 4.24658093966e-07 3.38420987612e-08 8.36899966886e-07 1.20447490016e-07 6.39530015958e-07 1.02570065052e-07 8.28105929772e-07 3.79007564976e-08 4.28037388329e-07 9.06373461147e-08 7.71176324218e-07 1.19400148661e-07 4.13081640846e-07 2.04436377775e-07 7.7502840696e-07 2.29860631599e-07 3.85169605439e-07 6.82363850788e-08 1.23075597047e-07 7.03363765265e-07 1.00463154012e-07 2.10770769736e-07 4.60720637757e-07 2.25074954369e-07 5.29455098006e-07 7.57352422984e-08 8.94244479615e-08 2.39003426942e-07 2.2158964977e-07 4.75015916535e-07 1.57147739822e-07 2.98023306069e-07 2.58532576271e-07 5.85373524536e-07 2.07980250125e-07 6.41217522209e-07 2.81400199914e-07 3.99922686478e-07 1.23569267466e-06 2.29940620726e-07 2.29788568882e-07 1.63080425246e-06 9.39811599226e-07 7.70638380881e-07 2.47526583268e-06 8.80069464937e-07 5.94785456697e-07 1.08232544913e-06 5.67005100299e-07 1.23038756038e-06 5.32772102792e-07 9.85695305857e-07 3.58453509941e-07 7.20469868711e-07 8.07083708886e-07 3.25967596042e-07 9.34502292566e-07 5.32273585769e-07 9.10506744245e-07 5.13169137712e-07 9.42157228996e-07 3.20253848487e-07 5.12699527977e-07 1.99139417045e-06 4.69573182989e-07 7.02468314269e-07 1.4588373338e-06 1.69150806283e-07 2.68485225647e-07 9.91616878311e-07 4.25741132875e-07 2.35628173233e-07 5.81495323249e-07 2.68229209396e-07 6.56558010461e-07 3.87681939688e-07 3.69298371723e-07 1.70434480652e-07 5.85408696776e-07 3.90862252991e-07 8.50802979494e-08 2.05889836055e-07 1.8762805738e-07 6.79015171241e-07 2.32090709667e-07 5.55875380718e-07 1.121318384e-07 1.95961850298e-07 1.04018793416e-06 2.08985269913e-07 2.608305728e-07 1.00721083957e-06 1.03955640271e-06 4.61282070433e-07 1.00135576491e-06 1.82589988573e-06 5.17854665723e-07 1.4834124378e-06 2.15807406083e-07 1.10798437102e-06 6.45958728136e-07 9.62241717053e-07 3.69727237586e-07 9.80226775579e-07 4.50561724754e-07 1.0489333196e-06 3.53668385442e-07 8.48325984148e-07 4.79967593594e-07 1.03995283704e-06 1.97864865127e-07 1.14901790553e-06 3.48010209558e-07 1.52799541984e-06 3.51639304837e-07 4.16231057553e-07 7.89715186072e-07 7.5539350328e-07 2.89687335711e-07 1.14916868457e-07 9.91836352098e-07 1.76991426684e-07 1.09246970338e-07 6.18745031319e-07 2.20442538799e-07 7.74793918689e-07 2.1688125037e-07 2.39958149525e-07 1.00078474755e-07 4.62785838837e-07 1.4502969294e-07 6.68865802519e-08 1.32840454289e-07 2.21986702405e-07 3.30594617564e-07 1.28139389897e-07 3.90880158586e-07 7.59501138899e-08 5.30284037361e-07 5.06715392591e-08 6.90324277888e-08 6.32681781712e-07 4.90267782437e-07 1.23517837974e-07 2.36572627681e-07 2.52071252845e-07 1.05452825735e-06 8.04896591063e-07 2.11717446837e-07 2.73908623144e-07 5.60518126164e-07 4.68184651712e-07 1.89066359017e-07 3.00028800207e-07 3.17365739218e-07 3.08204877838e-07 2.92663744269e-07 1.73184576905e-07 4.27226507926e-07 4.70190045591e-07 2.23934185644e-07 1.03202880359e-07 3.59578913764e-07 8.45113903616e-07 1.79168384021e-07 1.43488994453e-07 1.25215567018e-07 4.12990295912e-07 6.18624318653e-07 9.16898452545e-08 1.14162658361e-08 4.9268581871e-07 9.90444881085e-08 4.23660023942e-07 1.26472713613e-07 3.97420005435e-07 2.45633705803e-07 1.76107068728e-07 7.39636455115e-08 1.62851516547e-07 5.79155608777e-07 2.39342131203e-07 4.99619778117e-07 6.87266803157e-07 1.06637903734e-06 4.29318279716e-07 8.02087742677e-07 2.81693398825e-07 4.20891005637e-07 1.47454388072e-06 5.11622324866e-07 4.10710210129e-07 1.78144849202e-06 1.47691380048e-06 3.80416194918e-07 1.87851848601e-06 1.45327858807e-06 1.32509841133e-06 5.02421299752e-06 6.36304157157e-07 2.03962916221e-06 1.32650489009e-06 3.23629275904e-06 6.95993252755e-07 1.89887505249e-06 6.22993287567e-07 2.43089440818e-06 6.04661624931e-07 1.89996305038e-06 5.84686134177e-07 2.90562062393e-06 1.17619181359e-06 1.66841776872e-06 3.39535846918e-07 3.86951018138e-06 8.66023674204e-07 1.07645612032e-06 1.45071584471e-06 3.28101805043e-07 1.35191836694e-06 1.46007607028e-06 3.60078125698e-07 5.47436496372e-07 1.3181593892e-06 4.88790864911e-07 2.97049776532e-07 7.73845857677e-07 4.65983475783e-07 1.25086731983e-06 8.1281624576e-07 6.12832563354e-07 2.83137712976e-07 6.49804944221e-07 6.87575574417e-08 5.13362966749e-08 1.90630417693e-07 4.9977886872e-08 1.38835783309e-07 1.16864108152e-07 3.31169803651e-07 5.50321263151e-08 1.50268372901e-07 3.75385672702e-07 9.38259714164e-09 7.78382659654e-08 5.01943447523e-07 2.39092214184e-07 7.37444266864e-08 3.03706110832e-07 3.57072932715e-07 2.95949745436e-07 1.01182238344e-06 8.27846432359e-07 3.61795968619e-07 3.74398777631e-07 4.52934814494e-07 2.51295355391e-07 5.21534941807e-07 1.54837556954e-07 4.72138007486e-07 4.13672273308e-07 1.68263441122e-07 4.39529829343e-07 2.42316381527e-07 4.04846025038e-07 2.38960290953e-07 2.03098901392e-07 7.59142347256e-07 5.0905996682e-07 2.0986727753e-07 2.53294502972e-07 2.66731654824e-07 1.58237727295e-07 1.52191161717e-07 4.88973180977e-07 7.99928681643e-08 1.09554397335e-08 4.42179709245e-07 1.09869414337e-07 9.139370253e-08 3.19057533962e-07 1.4336333258e-07 2.04034481226e-07 8.27222082399e-08 2.38436254274e-07 6.86387027196e-08 7.63290685247e-08 2.1241321925e-07 1.8747126459e-07 2.95895359521e-07 7.38297033016e-07 6.11424156896e-08 7.59417609932e-07 2.02365536196e-08 1.73125008271e-07 1.2568849117e-06 2.3044344322e-07 1.38871049393e-07 1.40568712059e-06 5.92300240047e-07 2.29394482297e-07 8.0062088182e-07 8.47536290657e-07 7.03854313352e-07 1.45627905332e-06 4.34022592544e-07 2.90761831502e-06 1.53747213555e-06 2.24838899868e-06 3.07717799624e-07 1.9464072247e-06 6.41874163681e-07 1.15729926549e-06 4.46008251477e-07 1.15572256743e-06 5.56022505737e-07 1.56282151914e-06 3.23404269284e-07 1.83677047231e-06 7.78289648362e-07 2.27277556462e-06 1.88312222999e-07 1.32551188195e-06 5.93291806833e-07 7.4730839967e-07 7.46701331945e-07 1.97144931602e-07 6.18186091644e-07 1.23583334244e-06 1.30350991239e-07 2.35879916051e-07 1.28845718574e-06 1.42604764008e-07 1.21816148519e-08 8.4061323244e-07 5.03209732029e-08 7.76394211581e-07 3.72954245809e-07 2.14031834366e-07 2.48899019865e-07 3.16514804479e-07 4.57642322807e-07 2.33849142061e-07 8.71308972156e-07 1.80817904659e-07 4.56352564567e-07 6.86151065469e-08 3.67229767503e-07 6.44160788462e-07 5.45556462875e-07 2.41643657449e-08 9.7456406178e-07 7.70909433578e-07 6.19239520221e-08 9.98341943557e-07 9.71295587778e-07 3.92731548045e-07 2.29179901787e-06 4.56976797398e-07 1.32138366748e-06 3.30689966756e-06 1.67367620821e-06 9.5609357956e-07 9.66195358657e-07 9.75428744974e-07 1.76312195831e-06 7.31248906835e-07 7.51513427179e-07 1.48644031963e-06 9.00103546407e-07 9.88080782584e-07 7.2283784027e-07 1.09576236797e-06 2.63803145521e-06 9.04068544041e-07 2.89367290934e-07 1.77271761405e-06 2.94633515951e-07 9.0934496206e-07 8.6326111385e-07 5.6915929877e-08 7.51622080824e-07 8.64186976235e-07 7.78232468572e-09 5.10112772283e-07 6.19213300756e-07 4.55466870984e-07 1.36339622153e-07 3.76170647222e-07 2.30278163987e-07 9.83776631429e-07 2.87551645148e-07 5.76064198068e-07 3.56702708713e-07 2.99173388387e-07 5.32374781526e-07 3.63488553876e-07 1.06113303256e-06 2.85505852712e-07 8.44837281027e-07 1.42127378235e-08 3.16226126874e-07 1.44895374308e-06 2.79358950568e-07 3.20278796593e-07 1.47479965377e-06 8.40605757624e-07 4.85387546397e-07 1.08466091927e-06 1.25559791419e-06 9.06353717623e-07 1.85328821827e-06 6.48167962649e-07 1.99136038629e-06 2.49692928043e-06 5.06684278578e-06 1.22389205523e-06 2.7649366002e-06 9.06756214978e-07 2.92165772159e-06 1.18852226212e-06 1.42475693448e-06 1.00372049847e-06 2.68913619485e-06 8.49600390738e-07 2.2286633988e-06 7.25229143319e-07 3.99959377967e-06 1.22885491677e-06 1.75060549702e-06 5.10145800768e-07 1.52172280446e-06 9.77900483243e-07 9.91569336899e-07 1.09365372578e-06 3.95917032745e-07 7.80992501797e-07 1.46598297898e-06 3.51671663749e-07 2.63915492693e-07 1.50616290166e-06 3.12590497394e-07 1.50981217569e-08 9.37888748317e-07 3.02413036502e-07 1.17631052458e-06 4.19177791996e-07 6.18857548673e-07 3.32080795574e-07 2.61493681101e-08 1.04194982824e-07 2.24020700819e-07 2.75971673707e-07 5.98556335041e-08 3.08579769145e-07 1.28774125813e-08 9.20095697723e-08 4.19495997919e-07 1.07047139756e-07 1.40534806318e-07 5.21727162001e-07 2.14283365442e-08 6.90765914469e-08 5.08645521747e-07 5.58751414586e-07 2.00746633316e-07 5.12089820814e-07 1.00403288838e-07 3.50277302984e-07 4.05013105438e-07 3.04133587347e-07 1.01455504543e-06 5.87540560397e-07 4.64939300324e-07 3.19754144082e-07 3.75227836809e-07 2.21643322728e-07 2.30731009617e-07 3.88209972776e-07 3.10812181673e-07 3.91087395287e-07 2.52317817873e-07 8.48903634233e-07 1.83046917463e-07 4.50632900393e-07 3.50612600506e-07 1.21124934865e-07 4.9719407373e-07 1.38086617623e-07 5.66151594188e-07 4.83820806836e-07 1.94618480529e-08 3.54464673477e-09 5.02969091989e-07 1.39700357493e-07 9.11395347438e-08 4.70534146918e-07 1.12892184312e-07 5.94625657991e-09 3.35834963646e-07 6.28825259049e-08 2.84026075711e-07 2.63208167052e-07 1.2369749296e-07 2.95650017527e-08 2.30556587773e-07 5.28287908772e-07 4.8345536393e-07 9.01984618488e-07 4.50652515004e-07 9.81427573427e-07 1.66230018373e-07 3.54509477456e-07 1.32251067386e-06 5.15333051923e-07 3.70502440114e-07 1.13880500146e-06 1.3283905391e-06 3.24073708791e-07 1.39009275229e-06 1.61953758747e-06 3.63003188916e-07 2.34763824935e-06 5.41869385475e-07 1.4769186015e-06 2.76243487988e-06 2.49959263855e-06 1.35611355155e-06 4.75685655248e-06 1.26361320517e-06 2.87077528734e-06 1.18138088027e-06 2.07905905341e-06 2.21524042979e-06 1.97050243273e-06 1.15232595932e-06 2.70534938938e-06 8.83910529158e-07 4.18281127314e-06 9.23387696092e-07 2.15711776243e-06 2.35656509884e-06 1.16570844258e-06 5.29170102083e-07 1.95249198115e-06 4.45371835759e-07 1.50852369772e-06 1.02930633892e-06 4.33034582429e-07 1.26857019685e-06 1.03588060515e-06 3.22918924494e-07 5.42503842338e-07 1.33842893911e-06 4.25754254733e-07 2.73290195021e-07 9.56598330801e-07 5.42151265772e-07 9.94976974268e-07 5.16728548152e-07 6.0800344531e-07 2.576878468e-07 5.87098271829e-08 1.57818984642e-07 1.33568787086e-07 5.72202401272e-07 1.87118603187e-07 4.512458073e-07 1.64304813511e-08 1.13523185301e-07 6.08308940427e-07 2.12235392739e-07 1.674053043e-07 8.20606784213e-07 2.16391572564e-07 1.71656032041e-07 6.76715886297e-07 4.81600098408e-07 1.08495223113e-07 1.01753867438e-06 2.52371309391e-07 1.08708908455e-06 7.75169542563e-07 1.13797126039e-06 6.18048873359e-07 1.02417887359e-06 1.83046495688e-06 1.31378965626e-06 1.12805309278e-06 4.03357602403e-07 1.28779133275e-06 1.17029111769e-06 3.69440117482e-07 8.26213541664e-07 6.64307634285e-07 1.65549331267e-06 3.68224957213e-07 5.78795855895e-07 1.02773334082e-06 6.82435195905e-07 1.05862434961e-06 1.82234203279e-07 9.82612625235e-07 3.17697849352e-08 4.40339494792e-07 6.54243079308e-07 1.2847468191e-07 3.26872646509e-07 7.99636798453e-07 1.84546936225e-07 1.89774752733e-07 6.78000373906e-07 1.25721323064e-07 4.84541380523e-09 4.81720293715e-07 2.04652199451e-07 6.40434807941e-07 1.51910856327e-07 1.68171320622e-07 6.36501627795e-08 3.38106026709e-07 3.43845781959e-07 1.11273564981e-06 2.6610178285e-07 8.11240800357e-07 9.73738811957e-08 4.65713608212e-07 1.28833206205e-06 2.87093507837e-07 1.43923254474e-07 1.44817188214e-06 9.02604837508e-07 2.28545505629e-07 1.70060311937e-06 7.26387353984e-07 1.67307259439e-07 2.17407962122e-06 3.74464677148e-07 1.60846317867e-06 1.9467238053e-06 1.94775050213e-06 1.04646520976e-06 2.11831303083e-06 1.64172284889e-06 4.39279251289e-06 1.99559151642e-06 2.22497429197e-06 1.38750619569e-06 3.24501167685e-06 1.33560957819e-06 1.90758284557e-06 1.39308183094e-06 3.81657904826e-06 1.12244623819e-06 2.07997560152e-06 8.62991451394e-07 1.66918979141e-06 1.90632857455e-06 1.44100786239e-06 3.59084341454e-07 2.13855274238e-06 1.81302034774e-07 7.58135801577e-07 1.49914012287e-06 2.63009837638e-07 8.41561104946e-07 1.3919236566e-06 1.38622698033e-07 2.78216665239e-07 1.36427986845e-06 4.18767895114e-07 1.44608366711e-07 8.44371554835e-07 3.50205079444e-07 1.20895665579e-06 3.96889157587e-07 3.73844961138e-07 2.81714423735e-07 2.40306851068e-07 7.65239398421e-07 4.03985325864e-07 4.74749521782e-07 8.75822862293e-08 3.19652496887e-07 8.03195002297e-07 3.71168383561e-07 1.84592610404e-08 7.4926202436e-07 4.64170123848e-07 2.64347650011e-07 6.78456125537e-07 7.34281577722e-07 1.15393850628e-07 1.48590053277e-06 5.63703120134e-07 1.17541625468e-06 1.27313257414e-06 1.83677105914e-06 5.21121935785e-07 1.67388526067e-06 8.79987116323e-07 1.86780591553e-06 3.19303689794e-06 8.29055902764e-07 1.63931813718e-06 1.22510767282e-06 1.10779449613e-06 1.64444187178e-06 7.07571486092e-07 2.91817529526e-06 1.17636355076e-06 8.62586340452e-07 1.53183589781e-06 4.53798520112e-07 1.77684593121e-06 1.02219326667e-06 1.14531790394e-06 5.2495171181e-07 1.32782991505e-06 2.04871628654e-07 6.39807244418e-07 6.93512406474e-07 2.61699122892e-07 5.82986636932e-07 6.38275226128e-07 4.27148393443e-08 4.22249309563e-07 7.50631634086e-07 3.21701034721e-07 1.29225641024e-07 4.44521139697e-07 4.68684567764e-07 8.84305999193e-07 2.51803860691e-07 2.95321575452e-07 6.96142353996e-08 2.40765889096e-07 5.73460017488e-07 4.70938126984e-07 4.46388304371e-07 7.06833407385e-09 3.08380318028e-07 7.36880615042e-07 3.56494867606e-07 1.45232698833e-08 6.33149681299e-07 3.21804696094e-07 1.94078056152e-07 7.69056458492e-07 3.32526406628e-07 2.33598384036e-07 9.55465708883e-07 2.60211285606e-07 1.12324692858e-06 8.41481911888e-07 1.11135448177e-06 4.18453087223e-07 1.14371248039e-06 1.06351726763e-06 1.45846539419e-06 1.89360923857e-06 3.02452798058e-06 1.51198980341e-06 2.19923336469e-06 6.2339694409e-07 2.17690622299e-06 9.83659999465e-07 2.61524544432e-06 1.09647925782e-06 1.41647647091e-06 8.2247521112e-07 9.73524642474e-07 4.87857405068e-07 9.53728903217e-07 8.86845810623e-07 1.07127176603e-06 2.53454122802e-07 9.8183440341e-07 2.58167742492e-07 3.56139094593e-07 7.38972595712e-07 2.2165205015e-07 3.00645089813e-07 6.80154106551e-07 9.29106150857e-09 3.34590213517e-07 6.87219873061e-07 3.58315318693e-07 3.17832296193e-08 5.38260590914e-07 4.82820563482e-07 6.57638338406e-07 2.53461574871e-07 7.27124594942e-08 1.81935926112e-07 5.41888009607e-07 8.59581625072e-07 3.58203865903e-07 6.55926863009e-07 2.96629926011e-07 3.85742046815e-07 8.58693199609e-07 3.13790148405e-07 4.04117823188e-08 1.00558404739e-06 5.41846419082e-07 4.55900341283e-07 1.22297283852e-06 8.74193898964e-07 8.61582551633e-08 2.69793788202e-06 4.22494257088e-07 1.43854156969e-06 1.70927905754e-06 1.63882852218e-06 7.16949429154e-07 2.27897058493e-06 1.0817641388e-06 2.35618904649e-06 1.92115262576e-06 1.36034049633e-06 3.84765344072e-06 2.17601197761e-06 1.701992128e-06 1.66926228114e-06 1.6273732142e-06 3.70604492541e-06 1.00121962439e-06 1.82060071216e-06 2.15955384072e-06 9.79976547041e-07 2.53938109571e-06 5.46100343223e-07 1.67436274363e-06 1.74054547756e-06 1.19196077572e-06 4.71075970274e-07 2.36728744594e-06 1.12120731275e-07 8.41722419438e-07 1.07404873978e-06 5.35073937655e-07 5.79594353914e-07 1.04827337305e-06 1.24108177944e-07 2.9994808807e-07 8.35198427885e-07 3.9419851926e-07 3.39231768887e-07 6.45902179349e-07 3.70161371023e-07 9.44232130676e-07 5.61963932499e-07 1.83749497884e-07 7.64160180841e-07 1.36806011323e-06 4.63045276541e-07 6.24813717508e-07 3.63041599958e-07 4.39541034503e-07 1.05115209645e-06 4.38914735972e-07 8.94208955683e-08 1.41727365207e-06 7.1768992624e-07 3.48217777213e-07 1.4537927676e-06 7.89938841478e-07 2.80332677602e-07 1.89609788418e-06 8.32313900475e-07 1.14117766914e-06 1.31676476649e-06 2.78894972377e-06 7.14292071748e-07 2.09621623427e-06 1.8546725751e-06 2.30849123083e-06 2.61915096088e-06 1.92754903399e-06 3.07409856684e-06 6.04458072178e-06 2.24731853268e-06 3.08599952002e-06 1.66052767262e-06 5.35339273757e-06 2.068420269e-06 1.91076990613e-06 2.17645689378e-06 1.96871341883e-06 1.85875465025e-06 1.77684106228e-06 7.51311188517e-07 2.55129492069e-06 1.2722431792e-06 1.08461730355e-06 6.98128610205e-07 1.92922989706e-06 2.74378902104e-07 7.62704872954e-07 1.33150349623e-06 3.03558964001e-07 7.79829652026e-07 1.42823533965e-06 1.15092784712e-07 4.74041882768e-07 1.07340919773e-06 5.45718319409e-07 3.93911282409e-07 7.14820471203e-07 5.44503518783e-07 1.37644707478e-06 7.96683302445e-07 2.9790149196e-07 7.28982651938e-07 1.80127249047e-07 3.55808182773e-07 1.8283270114e-07 1.30930245837e-07 8.0560020698e-07 2.38982710582e-07 1.189720361e-08 7.24266996071e-07 4.480239279e-07 1.31578442028e-07 8.48715154664e-07 1.84901142268e-07 1.18397491872e-07 1.167194052e-06 2.53303039729e-07 1.00185338269e-06 5.65508333805e-07 1.26880732302e-06 3.3226571431e-07 1.39708007455e-06 8.3156389872e-07 1.48383681189e-06 1.06066080482e-06 1.09540612787e-06 1.33957324359e-06 1.77087466173e-06 2.23400944588e-06 1.79668065981e-06 1.31180590408e-06 2.2842704338e-06 1.37850516949e-06 1.23846217253e-06 9.97056675609e-07 8.89315100603e-07 1.4859813909e-06 7.20263316306e-07 1.30389650049e-06 2.89808270859e-07 1.17110037159e-06 5.0761953355e-07 9.62000232698e-07 2.29523280959e-07 1.18684568237e-06 1.26882602324e-07 2.61430942225e-07 8.86461209948e-07 1.97429725263e-07 4.5018525319e-07 7.49603923996e-07 1.86222019313e-08 2.49770556174e-07 8.05096641045e-07 1.69600980986e-07 1.99562315585e-07 3.4118195523e-07 2.08932723529e-07 7.18041815574e-07 3.05737789636e-07 2.95754851858e-07 1.20599870949e-06 4.15349877938e-07 5.76561602931e-07 1.83024220052e-07 4.60204088087e-07 1.29294714609e-06 3.84802841087e-07 1.067080948e-07 1.39545076345e-06 9.30858468091e-07 5.04248897128e-07 1.42744699912e-06 6.29641941569e-07 3.25118607681e-07 2.09395563641e-06 7.60688893122e-07 9.71942034605e-07 1.71510298044e-06 1.51820672732e-06 4.83516328389e-07 3.10576939371e-06 1.58247554314e-06 2.38706408422e-06 2.15685965512e-06 9.77684689972e-07 3.35670813218e-06 2.70880490528e-06 1.85143835931e-06 5.42804550165e-06 2.17589787385e-06 5.38117606671e-06 1.57078895666e-06 2.69502244858e-06 3.34158573509e-06 9.70595928433e-07 2.33374811182e-06 2.22695816726e-06 1.53312966336e-06 3.08353968694e-06 4.22725033975e-07 1.65893430307e-06 1.70946635135e-06 9.3612691217e-07 7.99664852417e-07 1.90041445816e-06 3.85686792645e-07 5.63286042138e-07 1.28949716893e-06 5.42606455992e-07 9.26119997617e-07 1.35332692349e-06 1.41701507411e-07 4.34103735985e-07 1.30550020633e-06 4.55981674502e-07 2.041604605e-07 7.11571591646e-07 4.07903564774e-07 1.24563039964e-06 2.97044423117e-07 4.33559714451e-08 1.00787318852e-06 3.83033285993e-07 8.74786966603e-07 1.3064265152e-07 3.1482475593e-07 8.66084885304e-07 3.83313828316e-07 1.39771287301e-08 9.37873093202e-07 7.16408637643e-07 2.13688339055e-07 1.0899689029e-06 4.93025935428e-07 2.03471431837e-07 1.70236598114e-06 3.85213000337e-07 9.84177479084e-07 9.05361149353e-07 2.21029620394e-06 3.18037765587e-07 1.74122679863e-06 1.30306844355e-06 2.25300298911e-06 1.43859179689e-06 1.46867323598e-06 1.62780203354e-06 3.07561785795e-06 1.43162887955e-06 3.02912337477e-06 3.79207972303e-06 4.40577015893e-06 2.42405077865e-06 1.49235639489e-06 3.10591747804e-06 1.74892891337e-06 1.53314846451e-06 1.24434480161e-06 2.33155192251e-06 1.2737469768e-06 1.83376986522e-06 3.95429637033e-07 2.10812736715e-06 9.883104665e-07 9.32882227787e-07 3.4365116401e-07 1.53188897695e-06 2.01370923694e-07 6.34906453437e-07 1.00222987561e-06 2.49165374829e-07 6.71358989941e-07 9.30290719213e-07 3.33427140406e-08 3.93108658793e-07 8.23483661623e-07 3.164374297e-07 1.35410934185e-07 8.62489564159e-07 3.36488632516e-07 1.00404992848e-06 4.43328952816e-08 7.45973850579e-07 2.00775910538e-07 5.06077122862e-07 2.24513466962e-07 2.64592704413e-07 4.75875262669e-07 2.31108184168e-07 2.20823161108e-08 1.16536377068e-06 4.93246918659e-07 2.47758367981e-07 8.80424139692e-07 3.40332441197e-07 1.41908106898e-07 1.61362836449e-06 3.82828553108e-07 1.07739793176e-06 5.83319744444e-07 1.37217225273e-06 2.52204437857e-07 1.30175797491e-06 6.01823721939e-07 1.46915481118e-06 1.55105868636e-06 6.80009530726e-07 1.53610881004e-06 1.45538126049e-06 1.27215687791e-06 2.12585834664e-06 1.43428677379e-06 6.42664641587e-06 1.43428677379e-06 2.12585834664e-06 1.27215687791e-06 1.45538126049e-06 1.53610881004e-06 6.80009530726e-07 1.55105868636e-06 1.46915481118e-06 6.01823721939e-07 1.30175797491e-06 2.52204437857e-07 1.37217225273e-06 5.83319744444e-07 1.07739793176e-06 3.82828553108e-07 1.61362836449e-06 1.41908106898e-07 3.40332441197e-07 8.80424139692e-07 2.47758367981e-07 4.93246918659e-07 1.16536377068e-06 2.20823161108e-08 2.31108184168e-07 4.75875262669e-07 2.64592704413e-07 2.24513466962e-07 5.06077122862e-07 2.00775910538e-07 7.45973850579e-07 1.35386896392e-06 3.68997031197e-07 1.00122590341e-06 3.23057355806e-07 3.77632042475e-07 7.40122353998e-07 6.67340114681e-07 2.10090467616e-07 1.63323803854e-06 8.81294739865e-07 5.1605532417e-07 1.03113550148e-06 1.01166844982e-06 4.45859578994e-07 2.36651282056e-06 5.66562539756e-07 1.63403326423e-06 1.16405698218e-06 2.7255436967e-06 1.86949743782e-07 3.35486725614e-06 5.11435189941e-07 2.11522975929e-06 2.62507552964e-06 1.6585601537e-06 2.48850662621e-06 3.46827269971e-06 1.30982822732e-06 4.7899789567e-06 2.04479327793e-06 6.15764640435e-06 5.53630875573e-06 2.65333987842e-06 4.69259087838e-06 1.43188250654e-06 3.79519788404e-06 2.80490435039e-06 1.7586826633e-06 2.70498259121e-06 2.01489833783e-06 6.12519352687e-07 3.34507471019e-06 2.03830744057e-07 2.57911557042e-06 1.32683645336e-06 1.67211185112e-06 5.55807169267e-07 2.23935022046e-06 5.57135405104e-07 1.04538159077e-06 9.57897256811e-07 4.41840575996e-07 1.07865061448e-06 1.41380246126e-06 2.76464817033e-07 6.01949998157e-07 8.08255697037e-07 4.20594357801e-07 2.30315039175e-07 1.02691333735e-06 3.45167212834e-07 1.29713544854e-06 6.43277902757e-07 3.99792190819e-07 8.12773606466e-07 1.22690292466e-07 2.84967453322e-07 1.22616892102e-06 3.24506062087e-07 1.32220800562e-07 1.24145335575e-06 3.56584794275e-07 4.77776671199e-07 5.07529262163e-07 6.71431317593e-07 1.6697759193e-07 2.1827129532e-06 3.40784342946e-07 9.30459779152e-07 8.73683956535e-07 1.6342603186e-06 7.92739827888e-08 1.56538566424e-06 8.73275977412e-07 1.42170129048e-06 1.15971265396e-06 1.26719423041e-06 2.31536942034e-06 1.89962795216e-06 1.67317325928e-06 1.99850688166e-06 1.71763382515e-06 4.50354890894e-06 2.07951043156e-06 4.74940605062e-06 2.51462687879e-06 2.04068008937e-06 1.94897283663e-06 1.89642326744e-06 2.43058010496e-06 1.20636630519e-06 1.23319882178e-06 1.38055937459e-06 8.13541040218e-07 1.70880791469e-06 1.08182725586e-07 1.60400305463e-06 8.90571050209e-07 9.87757499649e-07 2.79248039647e-07 2.1671731985e-06 1.79002270442e-07 6.84148478461e-07 4.57216393808e-07 5.61653925012e-07 3.77766205419e-07 1.17552285749e-06 1.7545309188e-07 3.10681118671e-07 1.1730247091e-06 3.22878257401e-07 9.0075201259e-08 8.42422855435e-07 3.71419370435e-07 6.12747093878e-07 4.52370884602e-07 5.78140956341e-07 1.36876741101e-06 1.36052325225e-07 4.77777532236e-07 1.72949801684e-06 6.38488314491e-07 1.60251955816e-07 1.60909784869e-06 5.35798684978e-07 4.71533872448e-07 1.45875349572e-06 8.54917888121e-07 4.30123142485e-07 2.57521943229e-06 7.71438438821e-07 1.50009139672e-06 1.06917658987e-06 2.81500461738e-06 2.51107569233e-07 2.94953033363e-06 6.79186546298e-07 3.5354306745e-06 1.53247780033e-06 1.36146916381e-06 3.47627993858e-06 3.37019896244e-06 2.07974528596e-06 4.35207752999e-06 1.97756024226e-06 6.59690618386e-06 3.18989533583e-06 4.28944369605e-06 6.32656528783e-06 2.87097476457e-06 4.89357866921e-06 2.11238661088e-06 3.7342769637e-06 3.93625076875e-06 1.55048757197e-06 1.79502394969e-06 3.58961687701e-06 7.94245978922e-07 3.01419882507e-06 3.53085961323e-07 2.81809404073e-06 1.17106934204e-06 1.5628476934e-06 7.36643351462e-07 2.55518308833e-06 5.09884241884e-07 7.91156276446e-07 1.4055237092e-06 3.95448345085e-07 6.37352770816e-07 1.48198357155e-06 1.59822607072e-07 5.83500613489e-07 1.57875431383e-06 4.91648095059e-07 1.68899027549e-07 1.20978638857e-06 5.00939984915e-07 4.17043416849e-07 1.58668469502e-08 5.71050448125e-07 9.38326347156e-07 9.98842697114e-08 3.16536582557e-07 1.05877010642e-06 2.1316674961e-07 2.55509151701e-07 8.17254181649e-07 6.40504258629e-07 3.73001240317e-07 9.07042575215e-07 7.77807184393e-07 2.92707881153e-07 1.82646629298e-06 3.73692187418e-07 1.00503690258e-06 1.25755040013e-06 1.50196172198e-06 1.99366710714e-07 2.10091591626e-06 6.9368034569e-07 1.61837895301e-06 1.62459570927e-06 1.05764049614e-06 2.1499838876e-06 3.07703836975e-06 1.62910102884e-06 2.34546265783e-06 2.39897011921e-06 4.39112514915e-06 2.5202437936e-06 2.59814933745e-06 3.21074541218e-06 4.21567586171e-06 3.43151932705e-06 2.59992021243e-06 1.83641587273e-06 3.20172360119e-06 2.42480614628e-06 1.08939993356e-06 1.82887229802e-06 1.65412863705e-06 6.60151667942e-07 2.31977200905e-06 2.44808542012e-07 1.54402481221e-06 1.26709302546e-06 1.01853609517e-06 4.23828207474e-07 1.75125755359e-06 3.55831679363e-07 7.30675014971e-07 7.75240909544e-07 2.9970934318e-07 7.07356487372e-07 8.24841904993e-07 2.09906931836e-07 1.74547768761e-07 9.72099998838e-07 3.17422780505e-07 1.02878319608e-07 8.40408370978e-07 5.23182384785e-07 1.507256615e-08 4.30318070406e-07 9.58660745229e-07 1.64307143445e-07 4.94602926118e-07 1.22283318523e-06 1.92448476286e-07 3.9999893067e-07 1.10181596378e-06 5.40964644026e-07 6.64866720944e-07 1.03497186196e-06 9.67333987723e-07 4.8592060053e-07 1.55549868976e-06 2.1898212443e-07 7.05709484517e-07 1.50410043571e-06 1.82313687653e-06 1.05978433658e-07 1.97472397208e-06 9.72212212383e-07 2.25380513969e-06 1.26012350554e-06 1.51288496727e-06 2.0029473823e-06 2.67400592488e-06 2.06234081635e-06 3.20725372208e-06 1.88651784134e-06 5.6665124702e-06 1.64910807129e-06 3.49318388514e-06 3.38217369113e-06 2.39228509391e-06 6.17025847931e-06 2.58111698665e-06 3.37751917167e-06 2.21662119995e-06 2.91575065783e-06 2.04177130106e-06 1.76840792336e-06 1.30095831926e-06 2.45445326269e-06 1.01079089878e-06 2.00851663962e-06 1.83059499415e-07 1.85745699663e-06 1.64912461477e-06 7.99131355296e-07 3.10355667585e-07 1.50134130025e-06 4.84598379164e-07 9.49295538781e-07 1.03288354569e-06 5.90780134389e-07 6.25261152428e-07 1.0676732587e-06 3.37604677886e-07 2.05828096952e-07 1.09138545273e-06 4.19905904339e-07 1.50901660954e-07 8.68688284273e-07 3.97573127356e-07 3.12940888927e-07 6.94036659902e-07 2.54592557813e-07 5.39786452956e-07 1.69785245843e-06 3.03819811514e-07 2.18805267706e-07 1.53163312791e-06 1.04357082544e-06 3.29935441005e-07 1.09909391161e-06 8.06875668911e-07 5.9674954447e-07 2.35925081133e-06 2.17457590201e-07 1.25332041151e-06 1.4713238034e-06 2.34612485868e-06 3.19551453724e-07 1.98622701515e-06 1.22605851783e-06 1.84938011136e-06 2.15465286565e-06 1.0017043123e-06 3.57227726046e-06 2.28260437924e-06 1.63282640554e-06 4.64831985221e-06 2.15648754805e-06 5.650555901e-06 3.4751262897e-06 2.4927432522e-06 4.97720506572e-06 2.24619238698e-06 4.40813346331e-06 5.37730944658e-06 3.32142938662e-06 5.6339957666e-06 1.95856442452e-06 2.72214645387e-06 4.35484465554e-06 1.18080294911e-06 2.32340829716e-06 2.03525339434e-06 1.39059211106e-06 2.35107886287e-06 5.43860189983e-07 2.4784676135e-06 1.60814673056e-06 1.42035898579e-06 2.00230817601e-07 2.54776174918e-06 4.86871661153e-07 9.51077539269e-07 1.11585045118e-06 3.10516490436e-07 1.01332788896e-06 1.53412082183e-06 2.24197855165e-07 3.65297800262e-07 1.5126722346e-06 3.65170818873e-07 1.76320388039e-07 6.1349481649e-07 2.88149847868e-07 5.8949723721e-07 3.09883028499e-07 4.15207546383e-07 1.26966793269e-06 4.17186891685e-07 1.9812670059e-07 1.02022151494e-06 8.88827519539e-07 4.63618140214e-07 8.6323536215e-07 8.77183178868e-07 5.47943771118e-07 1.51764762536e-06 3.54326470582e-07 6.04674975641e-07 1.31666904725e-06 1.67838597658e-06 9.4749293682e-08 2.34643138337e-06 7.56869544748e-07 2.09278634041e-06 1.40137154248e-06 1.13283603078e-06 1.82619380459e-06 3.40890110364e-06 1.55139740174e-06 2.82097310524e-06 2.60200524475e-06 5.62704749256e-06 1.49167065548e-06 3.39340081489e-06 2.41983678943e-06 2.47563584148e-06 3.59587618071e-06 2.85641137562e-06 6.0166722885e-06 3.38942772197e-06 3.08274218293e-06 1.8064702354e-06 4.00659391502e-06 2.08703898116e-06 1.39496756924e-06 1.55417888544e-06 2.11525799224e-06 7.57249487095e-07 2.38709454967e-06 1.38772141565e-07 1.81866503093e-06 1.39479365488e-06 6.83280751467e-07 4.47383809798e-07 1.42967876292e-06 5.68488098074e-07 9.50386488312e-07 8.41081632789e-07 4.79710869385e-07 7.92825845382e-07 1.00668443723e-06 1.99159936491e-07 3.84071441281e-07 1.14434252102e-06 3.36161393781e-07 2.509224919e-07 4.8068442281e-07 6.67368190113e-07 4.89807829987e-07 7.36902581523e-07 1.98306891467e-06 5.57403932086e-07 2.79587195726e-07 1.72441194463e-06 1.17139030486e-06 4.90984099874e-07 1.73118958349e-06 7.88919373198e-07 6.07787842722e-07 2.11340993141e-06 4.93724241161e-07 1.26082355559e-06 1.66709702699e-06 2.59137349004e-06 3.78997512947e-07 3.6479507029e-06 1.52683189798e-06 2.62528692076e-06 2.38096369176e-06 1.6019940168e-06 3.73082812137e-06 3.06364696184e-06 3.342916207e-06 3.60888761784e-06 2.70369270215e-06 8.3925169347e-06 3.85891983934e-06 4.09606889199e-06 5.52359649035e-06 2.47085318515e-06 6.22357163985e-06 3.9955271385e-06 5.14614691151e-06 8.62470869035e-06 4.2060415261e-06 4.00978007134e-06 3.9082538701e-06 3.24375452366e-06 4.55444618852e-06 1.94772475045e-06 2.66460890961e-06 2.73812448413e-06 1.75081554795e-06 3.70116415985e-06 6.28625327486e-07 2.72736598461e-06 1.70546177883e-06 1.51589140855e-06 5.64796912684e-07 2.2292204979e-06 5.82094961746e-07 7.86578042662e-07 1.52454919681e-06 4.9202511232e-07 9.96541970826e-07 1.5388361304e-06 2.11112673386e-07 5.16532315933e-07 1.75394701003e-06 6.12152373072e-07 4.1977344281e-07 5.28204068309e-07 2.42004069261e-07 7.44804066788e-07 1.75832778142e-06 5.0936100251e-07 2.93297839142e-07 1.84299161239e-06 9.58558098437e-07 3.09588297226e-07 1.33325270373e-06 1.25221626411e-06 3.74199465236e-07 2.06101069618e-06 3.80976983091e-07 1.058352429e-06 1.6632612124e-06 1.94174031054e-06 2.12221795537e-07 2.67731160377e-06 1.35724968123e-06 2.35990740272e-06 1.6993578567e-06 1.4575523053e-06 2.94876757506e-06 3.41838048467e-06 1.51963207723e-06 4.74104417716e-06 1.90332990383e-06 5.99308757577e-06 3.26155647385e-06 3.20835658009e-06 3.07020899856e-06 3.18854764322e-06 3.25123645452e-06 3.57894680159e-06 3.13180480646e-06 4.73469983986e-06 6.21807486182e-06 2.70764146125e-06 6.07300924761e-06 1.87079422234e-06 4.04596077213e-06 3.59101377641e-06 1.45577112873e-06 1.92827037296e-06 2.48025512531e-06 1.49632405441e-06 2.95641308914e-06 3.17708776629e-07 2.112981807e-06 1.67026941779e-06 1.31118282391e-06 4.09065092286e-07 2.16168810502e-06 3.82262805132e-07 1.28899279277e-06 1.208950533e-06 4.27885596747e-07 9.07814754858e-07 1.5454313596e-06 1.62967712901e-07 3.50616462052e-07 1.39281157357e-06 6.21756165947e-07 2.12261600297e-07 2.42008992848e-07 1.20295542564e-06 3.9455491565e-07 1.58557577918e-07 9.91289384025e-07 5.38996483033e-07 1.30958522797e-07 7.16130517298e-07 6.46989003122e-07 4.35365967275e-07 1.23791269211e-06 3.5596596696e-07 6.56558812801e-07 1.33622144538e-06 1.59627780517e-06 1.18267912492e-07 2.12323536744e-06 7.99494495286e-07 2.28463513531e-06 1.08119456052e-06 1.26593130307e-06 1.44427629635e-06 2.59391776876e-06 1.64234439045e-06 1.8744273627e-06 2.28445598767e-06 4.46731095461e-06 1.45706606626e-06 3.05995011583e-06 2.44540004175e-06 1.34942152363e-06 3.24152550486e-06 1.50691477004e-06 2.66206653168e-06 3.39367746736e-06 2.5840484539e-06 4.50269496877e-06 3.42458929682e-06 1.89692141513e-06 2.01857044779e-06 2.75312123528e-06 1.86875549308e-06 1.27365767296e-06 1.23995483946e-06 2.26307996925e-06 7.99955578878e-07 2.15634038452e-06 1.97725986325e-07 1.58687425636e-06 1.40979554913e-06 6.43746628361e-07 3.18271483462e-07 1.19378608743e-06 4.09251107352e-07 6.96177736602e-07 6.93078218819e-07 1.22315639763e-07 4.17825269133e-07 8.49455629158e-07 1.0344582582e-07 3.19718040922e-07 9.33501274606e-07 1.97342107295e-07 2.46137285023e-07 2.40426222657e-06 8.74996156379e-07 2.58061505601e-07 2.55154933719e-06 1.16391781587e-06 6.47902458296e-07 1.7729378553e-06 1.46381961694e-06 1.20730993354e-06 3.63635276849e-06 7.66165111175e-07 2.03702712413e-06 2.63816370628e-06 3.57747534315e-06 5.80210503857e-07 3.86316570313e-06 1.62517712756e-06 4.1032671926e-06 3.02978354365e-06 2.64935142119e-06 3.32673804522e-06 5.72339135502e-06 2.72935781867e-06 6.7701536355e-06 2.93393621111e-06 1.05649256457e-05 3.4842155697e-06 4.35033970714e-06 7.77131772603e-06 3.69828231932e-06 5.58717227369e-06 5.42675546201e-06 3.76313081992e-06 8.72356677606e-06 4.60055384646e-06 4.67937310074e-06 1.10923833897e-05 4.44646555901e-06 7.92500703184e-06 3.54631808786e-06 6.13257360476e-06 4.13444561765e-06 2.91782302854e-06 3.53530629254e-06 4.19223250304e-06 1.74035479219e-06 3.63110346707e-06 8.38020660244e-07 3.65781251902e-06 2.40689516748e-06 2.19360950065e-06 5.85090237113e-07 3.48754127352e-06 9.80812952491e-07 1.50358869081e-06 1.51379563928e-06 5.65377186628e-07 1.03807092104e-06 2.24225786543e-06 1.96777222568e-07 6.59597280569e-07 1.74716402772e-06 1.94805795193e-07 7.0334838786e-07 5.85688616336e-07 1.31298141365e-07 1.34431000033e-06 7.81366613633e-07 3.43235848797e-07 1.09079874295e-06 8.6161693786e-07 6.21980362057e-07 1.66359089144e-06 6.13497194932e-07 8.83725583753e-07 1.58320054235e-06 1.90677824957e-06 1.72205793457e-07 3.38906297681e-06 7.065492083e-07 2.19589172852e-06 1.25777031718e-06 1.78501391163e-06 2.07945787532e-06 3.33712032757e-06 1.32203926958e-06 3.77962781839e-06 2.15498016287e-06 4.83341987755e-06 3.01217424233e-06 1.93272797043e-06 2.75043371038e-06 2.87826597546e-06 2.7216969183e-06 1.91206095811e-06 2.79735479033e-06 2.98712923392e-06 3.18340469973e-06 1.85704355033e-06 4.59113559225e-06 4.80811125642e-06 3.4912922615e-06 4.08543723805e-06 1.48682575034e-06 3.37027193826e-06 2.68457323853e-06 1.90938189689e-06 1.33400398623e-06 2.22311244199e-06 8.14202202704e-07 3.44856359403e-06 2.24283812786e-07 2.04651174599e-06 1.46767614921e-06 9.35591894151e-07 5.37206813568e-07 1.5628306426e-06 5.29811239163e-07 7.31638402299e-07 1.00089398221e-06 2.67438072603e-07 6.11774288709e-07 1.09260895136e-06 1.00571410261e-07 4.46248233754e-07 5.09491109504e-07 6.66608612909e-07 5.20620646934e-07 2.49341412547e-06 1.30716031699e-06 8.14400908282e-07 1.87399564143e-06 1.5440269322e-06 6.44326634568e-07 2.03580696973e-06 5.58209799278e-07 1.81492250423e-06 2.01773357108e-06 2.77315005318e-06 4.894469997e-07 3.91815487655e-06 1.4600468142e-06 3.5119161352e-06 2.00413416313e-06 2.54888925607e-06 3.18281393782e-06 5.17506800162e-06 2.20273281901e-06 5.07763651249e-06 3.24134747147e-06 8.53872947113e-06 2.68302031828e-06 6.46318720537e-06 3.29924429666e-06 3.03399790857e-06 5.94590265097e-06 3.81142771604e-06 4.21606091714e-06 5.99564957678e-06 3.25354571152e-06 3.90350337442e-06 6.83335328349e-06 3.95692966769e-06 8.4705215478e-06 4.99852710895e-06 5.97476459022e-06 2.82664436338e-06 5.75769665029e-06 3.98601626745e-06 2.76143109944e-06 2.42229420323e-06 3.43204740006e-06 1.69601214627e-06 3.80518297786e-06 7.68776955277e-07 2.95783403814e-06 1.85130201371e-06 2.09063625545e-06 5.26556056595e-07 2.21452346295e-06 6.78814479886e-07 1.29356651542e-06 1.6027533175e-06 5.46833046658e-07 8.48315446076e-07 1.98199075281e-06 3.36246612394e-07 4.30061790945e-07 4.36270029746e-07 2.80112458529e-06 1.33997502267e-06 5.91327068217e-07 1.71989361089e-06 1.35487824323e-06 6.67352049162e-07 2.32555794979e-06 5.26438995987e-07 1.24388858399e-06 2.48435613459e-06 1.97970107423e-06 4.51495512322e-07 3.51925177518e-06 9.95415208192e-07 4.09858338825e-06 1.55041414742e-06 2.24478364471e-06 2.89655200267e-06 5.45663825806e-06 2.27962867726e-06 5.25506008571e-06 2.68592457905e-06 8.51092040782e-06 3.69041231419e-06 3.56175793221e-06 6.05791333886e-06 2.41870141864e-06 4.51881082654e-06 4.51452451111e-06 3.3713665609e-06 4.51547562739e-06 4.71533230389e-06 2.3100584261e-06 7.51507314055e-06 3.45522508892e-06 5.70512077749e-06 8.74406153817e-06 4.2527566076e-06 5.82783718408e-06 2.72887448884e-06 5.74845285295e-06 3.63159678631e-06 2.30113727372e-06 2.06748585059e-06 3.94325140039e-06 1.25116890794e-06 3.3144053607e-06 5.78529297963e-07 2.11328276231e-06 2.37356895157e-06 1.2995262504e-06 5.49972378291e-07 2.30481633797e-06 7.02244713875e-07 1.25637251014e-06 1.45187694951e-06 4.20965510787e-07 8.66060459613e-07 1.91064406187e-06 3.16073225437e-07 4.40215394762e-06 1.90932871692e-06 3.88424752542e-07 1.86874630955e-06 1.35993801013e-06 6.76419353456e-07 2.83397410132e-06 5.02855767766e-07 1.37352436931e-06 2.37818969709e-06 3.31787010072e-06 4.42308287847e-07 4.1978724804e-06 1.11671753239e-06 3.94020379343e-06 2.10016066841e-06 2.12172518376e-06 2.58547989095e-06 5.64556338299e-06 2.56005240957e-06 5.34584106335e-06 3.07108890977e-06 7.9401504007e-06 4.2606654901e-06 5.2309948493e-06 3.36155439044e-06 5.37220487727e-06 2.16944230364e-06 4.31884753594e-06 4.55245087326e-06 4.37139783577e-06 4.59136500212e-06 2.41011484778e-06 5.4778887298e-06 4.18564844503e-06 5.07697452253e-06 6.0608690328e-06 7.77928023446e-06 4.86489161235e-06 6.18552184251e-06 3.29446556501e-06 6.31813191792e-06 3.73252715421e-06 2.25398533895e-06 2.64131880243e-06 3.77434282229e-06 1.43334632892e-06 4.22857320649e-06 6.99466933249e-07 3.61488251666e-06 1.95571533318e-06 1.70866549227e-06 4.47629342649e-07 2.34397387977e-06 6.71980849653e-07 1.2311250152e-06 1.63771955199e-06 2.83360490007e-07 1.11566475058e-06 2.33798218489e-06 3.23987925741e-06 8.02512651803e-07 1.89305269076e-06 1.01924595743e-06 4.78196070255e-07 2.37533705194e-06 6.67709118926e-07 1.49432909899e-06 1.92343340024e-06 2.02669548375e-06 4.92387842525e-07 2.98748021108e-06 9.79042264015e-07 2.83235073699e-06 1.37720268563e-06 2.34121276754e-06 1.92087007821e-06 4.71869566385e-06 2.08595020153e-06 5.0727997363e-06 2.80714319339e-06 7.8481775188e-06 2.61836258393e-06 5.10548383479e-06 4.04631797071e-06 2.40465016317e-06 5.18128334859e-06 2.20638320159e-06 3.77436837493e-06 5.56408555548e-06 3.99788922899e-06 2.29156695273e-06 5.76614766058e-06 2.41962589697e-06 5.11870475632e-06 4.74823094483e-06 4.34142129704e-06 7.93083447908e-06 3.95473767005e-06 6.08337443926e-06 2.41842797347e-06 4.81844102576e-06 2.63050990189e-06 2.34222004092e-06 2.04180179791e-06 2.91995781651e-06 1.21790677625e-06 2.82517264309e-06 6.04889362702e-07 2.27545530643e-06 1.66558753708e-06 1.54754202561e-06 4.87791029487e-07 2.03928870821e-06 4.25977157784e-07 8.02118155453e-07 1.5475479639e-06 4.58218517089e-07 1.84871486479e-06 3.07220114549e-06 3.30479828234e-06 1.53140567895e-06 7.44673121271e-07 2.96830124449e-06 8.8125808333e-07 1.77878712536e-06 2.5175369843e-06 2.49021207269e-06 4.93708636897e-07 4.40668515144e-06 1.02110467088e-06 3.62613931382e-06 1.42941879801e-06 2.52009189984e-06 3.76301852753e-06 4.98117795186e-06 2.49277490511e-06 5.82169625848e-06 4.59668087357e-06 9.47520464612e-06 4.21942810442e-06 5.16796342451e-06 5.73971680485e-06 4.38965341491e-06 3.0505825732e-06 6.40606523645e-06 1.93361869275e-06 5.7074759537e-06 6.00085120275e-06 2.10036971405e-06 6.82261130461e-06 3.3888414297e-06 4.12997602596e-06 6.92097464397e-06 5.3632748791e-06 6.15708125586e-06 9.47167470955e-06 6.65340407102e-06 6.80051542149e-06 3.06208772874e-06 5.34817833836e-06 4.77749422519e-06 2.67555067917e-06 1.9543495025e-06 3.46202016177e-06 1.35085598027e-06 4.49628087072e-06 4.85299944582e-07 2.65207004539e-06 2.30252428961e-06 1.68983314626e-06 6.69646090574e-07 2.61909948565e-06 6.65934317382e-07 1.08020574425e-06 2.36536410116e-06 1.46603441707e-06 1.23567469498e-05 2.07265374822e-06 1.04195196272e-06 3.49118851469e-06 1.13506193869e-06 1.85838594916e-06 2.89860776121e-06 3.23961882093e-06 7.29831431233e-07 4.77657696466e-06 1.62384697659e-06 3.23314724718e-06 2.00910479729e-06 2.5676946905e-06 3.63141191744e-06 7.31144465082e-06 2.6696840325e-06 6.83531004566e-06 4.84399506987e-06 1.11879252504e-05 5.05172653743e-06 5.16178958763e-06 5.29850763648e-06 5.19791219415e-06 4.50901256517e-06 3.60278048222e-06 5.86399550396e-06 3.56689829666e-06 5.66189143947e-06 3.6736198203e-06 6.22921410197e-06 3.72297410658e-06 5.18730818079e-06 5.23963882433e-06 7.04450701186e-06 5.06676073417e-06 7.15881902186e-06 1.10693257964e-05 6.67783966816e-06 8.23024532602e-06 3.11842509278e-06 7.89184821247e-06 4.5086127369e-06 2.83210436946e-06 2.991414777e-06 3.5088685559e-06 1.79770321238e-06 4.40923908329e-06 8.52257875145e-07 3.29448668576e-06 2.45401471943e-06 1.85752086958e-06 7.59200412608e-07 2.90578567555e-06 7.02282229689e-07 1.20830159148e-06 4.97346934568e-06 1.12909664789e-05 9.48495956343e-07 3.6005493993e-06 1.00612937537e-06 1.83728642327e-06 2.91933199386e-06 3.30883851934e-06 9.74332801496e-07 4.50606855205e-06 1.6447494275e-06 4.07333958194e-06 1.91118582859e-06 2.7504928608e-06 3.60700773899e-06 6.08826378828e-06 3.28069566504e-06 5.58147623979e-06 4.87844147877e-06 1.03168729638e-05 5.83036698889e-06 5.59326081747e-06 4.39273206039e-06 4.38899748167e-06 3.84172327701e-06 4.94116758553e-06 2.486678444e-06 7.93785115714e-06 2.57668509362e-06 2.5996282636e-06 8.23176808027e-06 2.84229245516e-06 5.43907527519e-06 4.47703656426e-06 4.50669020584e-06 5.28511680679e-06 5.45060707866e-06 8.30110446978e-06 9.83377592068e-06 6.98701480661e-06 6.53958816122e-06 3.81608581214e-06 6.86190591393e-06 4.34239785857e-06 2.9952376545e-06 2.57201223843e-06 4.12258444278e-06 1.98932571945e-06 4.36953293441e-06 9.60476175121e-07 3.24818127687e-06 2.4477432492e-06 1.94712097973e-06 7.12173237218e-07 2.72210115646e-06 5.82777064005e-07 4.48271825271e-06 7.11697098969e-06 7.25853950402e-06 1.13788174936e-06 2.11994236811e-06 3.17644248153e-06 3.64860505697e-06 1.19162551627e-06 4.93584236179e-06 1.41286207735e-06 4.16582608758e-06 2.03296047574e-06 2.44367838505e-06 4.47130585128e-06 5.87691045657e-06 2.86513536679e-06 8.37477765415e-06 4.07334138341e-06 1.08793990045e-05 4.74336775741e-06 6.58128097598e-06 5.40788360921e-06 4.0633118555e-06 3.8895919974e-06 4.7990033836e-06 3.56992128323e-06 4.12564421518e-06 6.5707213349e-06 1.57743576106e-06 6.79518192496e-06 4.12657221352e-06 4.00636181786e-06 4.96417770474e-06 4.38184805665e-06 4.03733205256e-06 6.84813662835e-06 6.37764170651e-06 6.91331478586e-06 1.04376039674e-05 5.87850242395e-06 1.01589449806e-05 3.13532163091e-06 6.57773454763e-06 5.4535766309e-06 2.72760974544e-06 2.98834129562e-06 4.60498476524e-06 1.83914558551e-06 4.48848961616e-06 1.13334385234e-06 3.48504788522e-06 2.50032411579e-06 2.01065670347e-06 9.50944552395e-07 4.37741831583e-06 2.71550264205e-06 2.95771725236e-05 2.85818263907e-06 1.99098640533e-06 2.78545376809e-06 3.34002417719e-06 9.77213825751e-07 4.17193662408e-06 1.42383757375e-06 3.26474940866e-06 2.18989452086e-06 3.14953442849e-06 3.03573226799e-06 5.53281933148e-06 2.28800859393e-06 5.75434096674e-06 5.51690173376e-06 9.69916233457e-06 5.25901536138e-06 5.35145495413e-06 6.15058272726e-06 4.40939548939e-06 2.41048972057e-06 5.19604937595e-06 2.53990187708e-06 5.74713950414e-06 2.81745461222e-06 2.89124810146e-06 2.92774546614e-06 2.94303248903e-06 5.57411247415e-06 2.92562829078e-06 5.64450221212e-06 2.85288314237e-06 4.59442195848e-06 7.26844324861e-06 5.11249687769e-06 7.55317108044e-06 9.04381778602e-06 7.65444827238e-06 7.05763292298e-06 2.76382265386e-06 6.75236280314e-06 3.42493367144e-06 3.15588829764e-06 3.00710204356e-06 3.70531447746e-06 1.68418630736e-06 3.69008508685e-06 8.30363404268e-07 3.25229551436e-06 1.96329230191e-06 1.59233542575e-06 1.66774166075e-06 1.04979818713e-05 9.28550321104e-06 5.98912140007e-06 5.41021547011e-06 4.63926874449e-06 1.43894543425e-06 5.64144324415e-06 2.4101837662e-06 5.00307238776e-06 3.54486942483e-06 4.24248815149e-06 5.8845679592e-06 6.24564048066e-06 4.07906600271e-06 8.38283750156e-06 6.45189929795e-06 1.56116433797e-05 5.30954495348e-06 7.64429180545e-06 7.26965029201e-06 6.76896040144e-06 4.37750670741e-06 4.25524402285e-06 3.49681356041e-06 6.29065028971e-06 4.53208186882e-06 2.30596568438e-06 1.01335580069e-05 2.37142488204e-06 4.85063357316e-06 6.30518656267e-06 4.48557554605e-06 4.04492592602e-06 5.04190460151e-06 6.6207479725e-06 8.91728496504e-06 7.53228178388e-06 7.67284318848e-06 1.52731667772e-05 8.71633654647e-06 9.64592915815e-06 4.48655630612e-06 6.83629995186e-06 6.95953875375e-06 4.46055005876e-06 4.16771516033e-06 4.84663196421e-06 2.68538565144e-06 5.2841617145e-06 1.09595172112e-06 4.08658909372e-06 3.44383532358e-06 2.86981259496e-06 3.47202793753e-06 2.95548476729e-05 1.1674139251e-05 7.62814102532e-06 1.88060989657e-06 7.7514745184e-06 2.44347504727e-06 5.19561080208e-06 3.17197852561e-06 3.4889068219e-06 5.85766167924e-06 7.89641149512e-06 3.16441452627e-06 8.64606042131e-06 6.36292388094e-06 1.39567800706e-05 8.94752737556e-06 5.78187696162e-06 7.09845101892e-06 5.94172646128e-06 4.91219146165e-06 5.78206130788e-06 2.25087078269e-06 7.37087796518e-06 3.91916258222e-06 2.61872036147e-06 5.15556342775e-06 5.36318053128e-06 2.85780360805e-06 4.22219966259e-06 7.30764187732e-06 2.60798088512e-06 6.1466034183e-06 5.49139404119e-06 6.15871170981e-06 8.44235322739e-06 5.82385283164e-06 1.19662404508e-05 1.34833740624e-05 8.54314653384e-06 1.05699122559e-05 3.67624557555e-06 9.46547686757e-06 6.57316358083e-06 3.31939481012e-06 3.85218084416e-06 5.70394745497e-06 2.64510626841e-06 6.11483870169e-06 1.26339061485e-06 4.91076968848e-06 5.7376132639e-06 8.40608516361e-06 3.05555508741e-05 1.48390736087e-05 2.53125193465e-06 7.7584435766e-06 3.12334094706e-06 4.69798839095e-06 3.52806432935e-06 4.4918098783e-06 5.6143973478e-06 6.84683100669e-06 4.13083204732e-06 7.46197401057e-06 6.82715993159e-06 1.34752308198e-05 6.68094039775e-06 7.88734504703e-06 4.22722756106e-06 5.10573674531e-06 4.55803458024e-06 5.52545477879e-06 2.90856046233e-06 4.58240673969e-06 3.97294636274e-06 2.41002128612e-06 6.17953252442e-06 2.89591269856e-06 6.19531573377e-06 2.65514499687e-06 4.46630038644e-06 4.20912753611e-06 3.74817007199e-06 5.76633076194e-06 5.22767344932e-06 4.93507812663e-06 5.36104566624e-06 7.61108992479e-06 9.30988027622e-06 1.22499573475e-05 9.14240221784e-06 8.2911034332e-06 4.29665015003e-06 8.18162044504e-06 5.81790918412e-06 4.15063255623e-06 3.76489936224e-06 4.65845564156e-06 2.75922314873e-06 5.3533278019e-06 1.44611961478e-06 6.68398467278e-06 1.07872046447e-05 5.87874304288e-05 3.5007180548e-06 1.25677833254e-05 5.4025580147e-06 8.23321269484e-06 6.87657990713e-06 6.08843817669e-06 7.68669193416e-06 7.48315265385e-06 5.78168074867e-06 1.06841214631e-05 7.03500202809e-06 1.6578548042e-05 8.73010434217e-06 8.60322483381e-06 8.99427391889e-06 5.55148597418e-06 5.37240748083e-06 7.28994937153e-06 3.75531540302e-06 7.56241280616e-06 3.97233041712e-06 2.90940462318e-06 6.91774774927e-06 4.88731011727e-06 4.55034571189e-06 7.18829830174e-06 3.37194522936e-06 4.22353892996e-06 7.63651245631e-06 4.28234182578e-06 7.74746453032e-06 5.87638162523e-06 5.90807344875e-06 1.05466710705e-05 8.80274991219e-06 1.16746007183e-05 1.5594277633e-05 9.11782318617e-06 1.33889584801e-05 5.84033549676e-06 8.83087797374e-06 7.6682604984e-06 5.38297321241e-06 5.64328585511e-06 6.98804292985e-06 3.45623521016e-06 7.41073263061e-06 2.07839288102e-06 1.64715364079e-05 1.31044898958e-05 1.84011494225e-05 5.9858252971e-06 8.72043391208e-06 8.01353613515e-06 4.46980177216e-06 7.18683661842e-06 7.67754097185e-06 4.4512328018e-06 8.71004444398e-06 7.86716789616e-06 1.35355098887e-05 7.28476521241e-06 7.02976737473e-06 5.84363715688e-06 5.57357465874e-06 3.46987558343e-06 5.19715667451e-06 3.25956858831e-06 5.73979918673e-06 3.67660242638e-06 2.01390953267e-06 5.53114222977e-06 3.36298295936e-06 4.7861581517e-06 3.29129806926e-06 6.14524143131e-06 2.37273169117e-06 3.80609946218e-06 5.71714885435e-06 4.12751458115e-06 5.55382806296e-06 4.05527809553e-06 5.42051990421e-06 7.21628198485e-06 6.49382702892e-06 9.95113852956e-06 1.1686708496e-05 9.80377609424e-06 1.0264735457e-05 3.73247483355e-06 8.3443180108e-06 7.21977908696e-06 4.02420032009e-06 5.58335798755e-06 6.00856209291e-06 3.22435291988e-06 8.37867352286e-06 3.48587596487e-06 8.13340327484e-05 1.34063253803e-05 1.73107858519e-05 1.07168047881e-05 8.89752816037e-06 1.27886788643e-05 1.53382727998e-05 8.34877987571e-06 1.2578210993e-05 1.40377088771e-05 2.14336456448e-05 1.06007559332e-05 1.15554388511e-05 9.87374266686e-06 9.01518122521e-06 7.20763736111e-06 9.1249518688e-06 5.22594785941e-06 9.75590139748e-06 7.06847309183e-06 3.18536264836e-06 7.79490965031e-06 4.88641032407e-06 7.07473919068e-06 6.8637601433e-06 4.65534306923e-06 7.99747339478e-06 3.35130830338e-06 7.04889917055e-06 9.9306058678e-06 6.31073784802e-06 9.26498956493e-06 7.55532754317e-06 9.17458465564e-06 1.1209041295e-05 1.15653369345e-05 1.30999867026e-05 2.01337730795e-05 1.61408025309e-05 1.43393279706e-05 7.50385652269e-06 1.43254375678e-05 1.05569705622e-05 7.40009531166e-06 7.08947678495e-06 1.01859800527e-05 6.28949249986e-06 2.49377814943e-05 4.02241080924e-05 2.8603352772e-05 1.52499099815e-05 1.08509428483e-05 1.27709807679e-05 1.76278461366e-05 9.91234746043e-06 1.56856922478e-05 1.38042781634e-05 2.40551029591e-05 1.75769248668e-05 8.16074283702e-06 1.3571316536e-05 7.19554297255e-06 8.72979976104e-06 1.10329996275e-05 5.50368364248e-06 9.92330177622e-06 6.99700763448e-06 3.99300052601e-06 9.10409609278e-06 3.34004232204e-06 7.66314992802e-06 5.59967613782e-06 7.34299451678e-06 3.60693059481e-06 9.10706018654e-06 4.40450489091e-06 6.9561883427e-06 1.01741000708e-05 6.03620571014e-06 1.05262833236e-05 8.74669862966e-06 7.38746799458e-06 1.44731169652e-05 7.76352299243e-06 1.97643851476e-05 2.13738805175e-05 1.48786678278e-05 1.70258017349e-05 8.37912741174e-06 1.53967104111e-05 1.06150373282e-05 7.63942534388e-06 8.13208166784e-06 1.28204154046e-05 1.05153049748e-05 8.65662921492e-05 2.17685115468e-05 1.1510814129e-05 1.53542815589e-05 2.01499354169e-05 1.0209852332e-05 1.65889601148e-05 1.56379436072e-05 2.4575904615e-05 1.5265391477e-05 1.10459888874e-05 1.00297842669e-05 7.99851216174e-06 7.01389071435e-06 9.68600795182e-06 7.43977078947e-06 7.76376337513e-06 7.50157012729e-06 3.25772488234e-06 9.98164689723e-06 3.24327095886e-06 5.55298489883e-06 5.09528523365e-06 5.80457216031e-06 5.39278572465e-06 3.515966642e-06 9.63756160065e-06 3.06410719958e-06 7.31571869812e-06 7.88477474979e-06 7.17042228179e-06 8.99924186456e-06 6.43784526081e-06 8.00671524581e-06 9.64308247807e-06 1.07597687858e-05 1.75432104682e-05 2.00392156186e-05 1.62551470602e-05 1.68587500086e-05 7.8899206298e-06 1.55399571048e-05 1.06963548349e-05 6.68307459843e-06 1.01368931374e-05 2.16921437657e-05 7.2622563424e-05 2.17892160615e-05 2.30814637042e-05 2.71135360719e-05 1.28084054613e-05 2.30242921207e-05 2.10125038367e-05 2.76075893125e-05 1.79447297123e-05 1.23473636346e-05 1.77224811443e-05 6.8982249004e-06 1.08035184111e-05 1.03424876677e-05 8.93605869219e-06 1.1994682805e-05 8.54483930814e-06 4.59874845125e-06 1.12787475251e-05 5.15927679428e-06 8.47270832318e-06 5.99958160681e-06 7.90883182678e-06 6.31066802262e-06 7.88635509675e-06 5.55577948863e-06 9.95275134788e-06 4.55614430333e-06 8.01322446882e-06 1.13070660499e-05 8.10155102749e-06 9.21166970457e-06 1.0042737497e-05 6.57724714838e-06 1.77158693262e-05 1.20869225097e-05 1.92403700024e-05 2.32961435024e-05 2.08826627373e-05 2.19676266795e-05 9.30553126596e-06 1.88314339404e-05 1.40312455364e-05 1.02816157971e-05 2.10777528757e-05 6.4433047187e-05 3.96599303224e-05 3.70506301034e-05 1.55550528805e-05 2.88631696587e-05 2.77310044645e-05 3.38023082541e-05 2.58607711857e-05 1.28032480088e-05 2.1764558461e-05 1.24936233815e-05 8.27288014056e-06 1.38318121296e-05 8.69429162236e-06 1.26581129738e-05 1.01539685126e-05 4.72593432807e-06 1.32157603407e-05 5.25708141976e-06 1.1271963017e-05 7.79742516436e-06 7.33962428113e-06 7.58879619012e-06 7.64251303806e-06 1.06142912277e-05 5.31165104634e-06 1.1865201724e-05 4.68740221876e-06 9.39865257834e-06 1.21775268387e-05 7.66541938564e-06 1.28982551279e-05 7.52481812046e-06 1.23700311309e-05 2.00093366218e-05 1.21827775996e-05 2.53033718012e-05 2.75473522929e-05 2.52513851814e-05 2.53958456091e-05 1.08575765156e-05 2.36920405407e-05 2.03054428146e-05 1.72595173952e-05 0.000139609683769 6.59841533206e-05 2.25649818155e-05 3.92002227961e-05 3.55919149534e-05 4.33678569461e-05 3.22367188255e-05 1.78062300429e-05 2.39218498455e-05 1.52468075171e-05 1.55868327453e-05 1.21193774706e-05 1.21408034023e-05 1.33570460494e-05 1.19246072188e-05 6.55604933457e-06 1.45603377128e-05 5.78506504877e-06 1.14531952352e-05 9.54853021423e-06 9.77326065128e-06 6.03628240314e-06 9.47049924726e-06 9.45686515111e-06 1.06758864232e-05 5.99742704824e-06 1.31147874464e-05 6.07869272256e-06 1.05868779317e-05 1.1567377435e-05 1.05661982584e-05 1.0181071649e-05 1.40806910894e-05 1.39244525725e-05 2.00227474894e-05 1.5743882625e-05 3.13942312537e-05 3.42319790963e-05 3.04067915316e-05 3.04125315056e-05 1.40463811916e-05 3.51862678394e-05 4.12335083471e-05 0.000188497826713 3.7874997505e-05 5.40788433774e-05 4.68522516784e-05 5.49575702573e-05 4.36350425975e-05 2.14043534534e-05 3.1152982317e-05 1.61710924239e-05 1.80512288575e-05 1.97586968305e-05 1.09556494843e-05 1.91507920399e-05 1.22782373952e-05 7.50442172155e-06 2.02511530554e-05 6.63661410131e-06 1.25986111879e-05 1.00856194043e-05 1.33820845486e-05 7.68109971093e-06 8.24750563911e-06 1.16912727803e-05 1.03420289275e-05 1.0893657728e-05 6.76722623241e-06 1.60883849492e-05 7.29788414244e-06 9.68888604889e-06 1.64421180773e-05 8.189815524e-06 1.631829786e-05 1.49307491141e-05 1.29152696848e-05 2.48642503711e-05 1.80624757123e-05 3.77716547887e-05 4.03958741319e-05 3.60068309191e-05 3.83653425617e-05 2.14850945671e-05 6.09940098536e-05 0.000107418795785 9.60888415471e-05 6.4679340977e-05 6.44866854531e-05 5.46410875522e-05 2.91351716292e-05 3.90343112753e-05 2.21403285073e-05 1.92374402413e-05 2.41260874661e-05 1.71301443217e-05 1.65689577629e-05 1.46706187877e-05 7.14351797208e-06 1.98394197287e-05 9.89103234765e-06 1.13784192767e-05 1.09989554378e-05 1.25138323386e-05 9.58560160247e-06 1.05780926737e-05 9.564653857e-06 1.09303571252e-05 1.07731509354e-05 9.8281227879e-06 8.41023980726e-06 1.61454828011e-05 6.13521810045e-06 1.22113763832e-05 1.21048713187e-05 1.37018162139e-05 1.75681681883e-05 1.36946231439e-05 1.62572278469e-05 2.86924779376e-05 2.20493530692e-05 4.42791271178e-05 4.50974143185e-05 4.46586320686e-05 5.49470263881e-05 3.96528093258e-05 0.000318732985278 0.000109715832164 8.86564033554e-05 7.63451589897e-05 4.0872871734e-05 5.16289376134e-05 2.93569751027e-05 2.55929717218e-05 2.86483379414e-05 1.91147405661e-05 2.9373698562e-05 1.47101269454e-05 1.07110902362e-05 2.12973696364e-05 1.20803919806e-05 1.79235965455e-05 1.17633474577e-05 1.39740389139e-05 1.13358636831e-05 1.29745764698e-05 1.37920901515e-05 9.72314575177e-06 1.29350654738e-05 1.00113138097e-05 1.49660835817e-05 9.19118406547e-06 1.68036596881e-05 8.28625603676e-06 1.07813808858e-05 2.02702339655e-05 1.43075238851e-05 1.73962961682e-05 1.77053261573e-05 2.01207085419e-05 3.59062404756e-05 2.73658786386e-05 5.57770477332e-05 5.86243617787e-05 6.98411418012e-05 0.000114568803547 0.000458886839561 0.000176744299042 0.000145325803199 6.60342241219e-05 8.35576762087e-05 4.99618704056e-05 4.09174300191e-05 4.21849130527e-05 2.925016599e-05 4.15847035661e-05 3.14760072728e-05 1.31599116968e-05 3.6254245279e-05 1.50366304947e-05 2.45368270169e-05 2.30120212693e-05 1.68149632652e-05 1.69613625641e-05 1.80351692282e-05 2.17775138677e-05 1.75778678759e-05 1.45633375532e-05 1.55738113953e-05 1.81800840523e-05 1.97494709898e-05 1.11475544833e-05 2.64243857078e-05 8.82783267006e-06 2.14614677862e-05 2.6540129632e-05 1.79930710649e-05 2.34061101644e-05 2.55867862379e-05 2.91645570456e-05 5.12571022613e-05 3.94706960807e-05 9.2059376061e-05 0.000113762791729 0.000177943111868 0.00159062826576 0.000638678422786 0.000234047117754 0.00024577326726 0.000147208686141 0.000115854099452 0.000124321994292 8.0747739016e-05 0.000101053589983 7.57539819939e-05 4.19509230271e-05 7.0039075244e-05 4.10348866071e-05 5.27108866734e-05 4.72115669613e-05 5.14940898083e-05 2.97651794825e-05 3.95396807681e-05 4.27673768288e-05 4.11306619524e-05 3.53035361604e-05 2.48014705796e-05 3.89205539131e-05 3.36238938007e-05 3.4323177033e-05 2.47211114138e-05 3.90523333916e-05 2.22394859696e-05 3.85333181334e-05 4.51277095705e-05 3.59410575122e-05 5.16988128311e-05 5.12688306281e-05 5.79362331981e-05 9.28414791719e-05 8.82440942331e-05 0.000231263631452 0.000529621115253 





































