






























1.38006575765e-06 7.28530749274e-07 1.63313570516e-07 1.00867624489e-06 2.17686750533e-07 4.75129258792e-07 4.20808543905e-07 5.25689877352e-07 3.70516208774e-07 5.70724962264e-07 6.66015651555e-07 7.53656634402e-07 7.63298946525e-07 6.92238867644e-07 6.02257300459e-07 4.07432408222e-07 6.0103686779e-07 5.25251031849e-07 6.0459314089e-07 3.47995881076e-07 9.69957900319e-07 2.78779584828e-07 7.96443193634e-07 9.66666167098e-07 1.22807397236e-06 2.82932806696e-06 2.19173625571e-07 9.47192812681e-07 5.16130093961e-07 7.40710633137e-07 7.48492810601e-08 3.68191587148e-07 5.10236186245e-07 1.10175802525e-06 2.90254272849e-07 1.5914483854e-08 1.35006567854e-06 1.24207643745e-07 1.59862204786e-07 1.40026777604e-06 2.86197345719e-08 3.12601460798e-07 1.23221383584e-06 6.81790646012e-07 4.80727205067e-07 1.28652855815e-07 1.02973658545e-06 8.07201419105e-07 9.65905447757e-07 3.45653260539e-07 1.90651430072e-06 1.46291625193e-06 2.29366057743e-07 6.95667497441e-07 1.07657768769e-06 5.7535773681e-07 3.56414783753e-07 1.18238446936e-06 6.54224567355e-08 9.45271654317e-07 4.96562482569e-08 9.50813634338e-07 5.83789329447e-08 9.25732240351e-09 6.02987080632e-07 1.30043360299e-07 9.81720615185e-08 1.1196319092e-07 1.27044530194e-07 6.19034954396e-07 1.89231266162e-08 4.65996289316e-08 9.48721889454e-07 5.4818892512e-08 1.05414078145e-06 6.85602305671e-08 1.2821133484e-06 3.35666274306e-07 3.47193393812e-07 7.94825460399e-07 7.7865206049e-07 4.5637489224e-07 7.35317113153e-07 7.35165746472e-07 3.06178502562e-07 2.92317986998e-06 3.38888136129e-07 8.66326599071e-07 3.20108263199e-07 2.49676014573e-07 5.05480531767e-07 3.46160591727e-07 1.64712683775e-08 1.03202801825e-07 4.5275479949e-07 5.05395380309e-07 1.40230361379e-07 9.54191099744e-07 1.52929804027e-07 6.16265423091e-07 4.64127988308e-07 1.14576129124e-07 1.24233111829e-08 3.38659751076e-07 7.10666503955e-07 2.18207554379e-07 3.71923315994e-07 8.69382730537e-07 4.2126550071e-07 2.03372291963e-06 1.7868705875e-07 8.25303626129e-07 8.42079043384e-07 4.0961083942e-07 4.75455056968e-07 2.4968865794e-07 1.24076968095e-06 2.6118451106e-06 1.64312177023e-06 2.88792952062e-07 1.59865998508e-06 1.20761544647e-07 1.52439296766e-06 2.42956336082e-07 2.66379958186e-09 1.47319503077e-06 2.21914030594e-07 3.93455061363e-07 9.97714704578e-07 2.67942661879e-07 1.05649450215e-06 4.18758963726e-07 2.19461624604e-07 1.46589838978e-06 2.58958080438e-09 2.27304062468e-07 1.61399424887e-06 1.43200521488e-07 1.5743487623e-06 3.09673718204e-07 1.464033198e-06 1.87247041363e-06 9.57215832367e-07 2.48945226583e-07 6.99427521469e-07 5.60839919429e-07 7.31020897107e-07 9.38357081479e-07 6.59398770057e-07 1.22341270906e-06 3.22575267453e-06 9.6392689872e-06 1.29728551522e-06 3.67198515138e-06 1.45412038147e-06 1.82355690078e-06 6.45731767488e-07 3.62661309203e-07 9.99237228057e-07 8.29184100966e-07 3.57569100107e-07 1.59077221688e-06 7.88357981726e-07 1.82674610974e-06 7.43438758192e-07 1.4937917647e-06 4.17078550462e-07 8.00787022077e-07 9.3623125591e-07 3.80024275946e-07 6.66678288234e-07 1.7266374779e-06 1.41781675728e-06 3.33675272371e-06 1.1067099582e-06 6.28911502606e-06 2.74193975112e-06 1.2582811868e-06 8.07876256827e-07 1.42067078087e-06 8.29750579249e-07 2.67145040116e-07 1.14295287427e-07 5.20800801763e-07 7.19539378678e-07 2.99528034813e-06 2.56032069847e-06 1.40301106164e-06 9.63955593826e-07 1.28653311235e-06 5.0848001082e-07 4.07632774689e-09 1.11524844582e-06 7.10467705237e-07 1.69421380678e-07 4.52765982414e-07 4.25661894266e-07 4.8452602973e-07 1.43257147326e-06 4.53035044803e-07 3.60928023258e-07 5.17812030865e-07 1.76538065304e-07 6.28934855679e-07 1.07818021917e-06 2.55484875584e-09 4.6200658239e-07 1.05595232869e-06 9.93019571142e-07 7.9699457827e-07 1.91037577436e-06 2.16311626092e-06 7.49864449012e-07 8.08120517078e-07 1.29203837429e-07 4.44733600843e-07 1.14781709873e-06 3.41301842375e-07 3.43471409345e-07 9.74347317449e-07 2.63853748078e-06 7.82782687915e-07 7.52961007457e-06 2.64811793214e-06 4.07028836449e-06 7.35498871811e-07 1.35713652382e-07 1.47263869554e-06 7.5590754708e-07 4.76101517229e-07 7.65609243762e-07 2.36556642806e-07 1.56278533354e-06 1.04371554916e-06 9.46014293511e-07 1.72357778452e-06 2.37083968342e-07 6.69249389423e-07 5.95089893359e-07 7.42419505183e-07 1.17658594707e-06 9.6307482673e-08 4.65381509434e-07 3.46066670391e-06 1.37484140453e-06 5.07549392746e-06 3.74817446522e-07 2.6720747838e-06 1.04485551486e-06 3.91446731565e-07 5.14553290391e-07 1.50692725384e-06 5.49439432794e-07 1.75844016232e-07 7.57256085655e-07 7.02805737483e-07 2.32975204916e-06 1.84147603235e-06 1.08970246806e-06 3.88974907282e-06 1.66191490808e-06 6.2761062962e-07 1.60205755979e-07 2.13593464308e-06 3.40967222927e-07 3.97785179644e-07 2.03116536071e-06 3.44819306015e-07 5.28238789224e-07 1.22612689274e-06 4.47579314197e-07 1.15464495199e-06 5.68363162954e-07 2.9818355544e-07 1.99395658095e-06 3.99393729288e-07 3.72391254242e-07 1.9777779797e-06 2.54196855864e-07 4.7917471814e-07 1.56819628076e-06 2.96846939878e-06 6.71401651017e-07 1.75123720841e-06 2.31771997495e-06 7.07252382405e-07 1.04370242146e-06 2.98812700821e-07 8.34765009136e-07 9.28815968459e-07 3.22287863096e-07 1.25319978812e-06 1.61084804999e-06 3.62962090015e-06 2.2306571569e-06 3.02732538905e-06 3.86678715517e-06 1.10736854127e-05 2.63981062286e-06 6.99594590848e-07 4.92707972325e-06 1.77669292725e-06 1.03777452579e-06 2.25734811905e-06 1.0296109433e-06 3.08084768149e-06 1.34763851625e-06 9.72633157484e-07 2.95066666683e-06 8.78036295994e-07 1.292966507e-06 2.92173981468e-06 8.53811328789e-07 1.80577734654e-06 9.85400698674e-07 1.53128654492e-06 4.16871215099e-06 5.2482210877e-07 1.460317615e-06 7.69693697447e-06 3.15638693872e-06 2.85460724704e-06 1.9643463263e-06 3.81892194588e-06 1.80406477684e-06 1.62413730314e-06 5.24758459725e-07 1.27493984587e-06 1.82977831443e-07 7.13630821319e-08 1.26972112168e-07 3.51824801625e-07 9.16280849417e-07 2.62150538196e-07 1.03382123551e-06 4.8828681762e-07 1.41374209268e-06 2.57577274488e-06 5.5631687946e-07 8.87538318221e-07 1.15840425939e-06 1.2224763914e-07 2.09615226024e-06 2.95595368159e-08 3.7383536706e-07 1.10397169932e-06 1.34499165418e-07 6.31352222138e-07 5.87243391551e-07 1.45261571613e-07 9.24722864502e-07 4.40628834196e-07 1.09824639412e-08 2.00156963871e-06 3.91684792063e-08 7.62960140444e-07 8.87101978055e-07 2.47892850019e-07 2.00096791292e-06 7.11628648159e-07 3.789596544e-07 8.51553899438e-07 2.61426741113e-07 9.58207127718e-07 4.35283424069e-07 1.98980717808e-07 1.0740158047e-07 2.43089967974e-07 8.5354973597e-08 6.00054833062e-08 1.58190358988e-07 4.34525839801e-07 1.47739852852e-07 4.03434822973e-07 5.50330206237e-07 1.59182951316e-06 1.94617010565e-07 9.44942611917e-07 9.11730266017e-07 4.48259516926e-07 2.86997828565e-07 6.16452672121e-07 2.67570207876e-07 3.88383094006e-07 5.64600420146e-07 3.22226489246e-07 3.07008646909e-07 2.85200178727e-08 3.08240017233e-07 3.4561829633e-07 5.62168050961e-07 3.41752938142e-07 1.88537447521e-07 5.58756224622e-07 1.81902339821e-07 4.70839231477e-07 4.87814068525e-07 8.80024905131e-07 9.92547087204e-08 9.99745462851e-07 5.9884562229e-07 3.60202894682e-07 8.93246543267e-08 5.34331889105e-07 1.38957625701e-07 7.67695120916e-08 1.38550696785e-07 3.21269163788e-07 1.17664334183e-06 1.04980827435e-06 1.78685717795e-06 1.31999454515e-06 1.98855329246e-06 1.26406195545e-06 3.67028035394e-06 2.59560126566e-06 3.48721203295e-07 1.11681398505e-05 4.28870939323e-06 1.07770598629e-06 5.81153410069e-06 1.06817111727e-06 4.31017190637e-06 1.75765201103e-06 1.68220371805e-06 4.07805426804e-06 7.75852659437e-07 8.01320147137e-07 3.85259882214e-06 1.51240197318e-06 1.56490999684e-06 4.06509998493e-06 8.76089659022e-07 4.94703895154e-06 8.29147547856e-07 2.33119347577e-06 8.0031694023e-06 1.27171628712e-07 2.19697288978e-06 3.36173527992e-06 1.22198009641e-06 2.00848067472e-06 1.39284359585e-06 1.98172669928e-06 1.38518575873e-06 1.56515366326e-06 4.69165683901e-07 4.63362595263e-07 3.9385810536e-07 6.62501025788e-07 1.67830047686e-06 7.84996360542e-07 1.12088990642e-06 1.42870941811e-06 3.08595055904e-06 6.250120188e-07 7.48103923582e-07 2.39865290597e-06 5.28184580443e-06 1.29925789259e-06 2.29291054748e-06 6.67521468912e-07 2.15106680922e-06 2.81168935536e-06 8.03855408638e-07 1.14104518585e-06 1.17088680293e-06 4.80958433567e-07 1.01046046665e-06 1.20317862901e-06 8.37574461053e-07 2.578145923e-06 1.71767136173e-06 4.70530028186e-07 1.99113619203e-06 8.93481971937e-07 4.24353095808e-06 1.41934098097e-06 7.75617827372e-07 4.64769164627e-07 2.50008877819e-06 1.27856256582e-06 1.22176976607e-06 7.22443606397e-07 2.0225969237e-06 9.62740518286e-07 5.43900333527e-07 6.21627107394e-07 7.92105151562e-08 2.17535486013e-07 2.42952681403e-07 5.5732949282e-07 3.96113151449e-07 6.19697214015e-07 6.09774095234e-07 1.34655766098e-06 3.29762460244e-07 9.02134626639e-08 2.23232120897e-06 9.91593924388e-07 2.09405968549e-06 1.89068144089e-06 4.91442543843e-07 1.37997306953e-06 9.47138999176e-07 9.44414744965e-07 7.2000972686e-07 6.32451861588e-07 3.82335647403e-07 3.78503261425e-07 7.80903319783e-07 4.57401884446e-07 9.67324599927e-07 7.36324924908e-07 9.77263462078e-07 4.62133157305e-07 1.34168218638e-06 1.9049028778e-06 6.00419534969e-07 1.68427821864e-06 4.85551742744e-08 1.27526448133e-07 1.04630534951e-06 4.93843667207e-07 6.09111435435e-07 3.28435671761e-07 6.7672825761e-07 3.53346283818e-07 2.93514336081e-07 9.6430194593e-08 5.32114945866e-07 4.59785311236e-07 3.02758330411e-06 1.82709650304e-06 1.169765051e-06 2.54720909884e-06 4.4861699629e-06 1.68558787974e-06 9.143667037e-07 4.81446538921e-06 5.01420306179e-06 1.22284606785e-06 1.27092799188e-05 2.61847736519e-06 3.89027347951e-06 4.86423943039e-06 2.318723828e-06 5.19465722949e-06 1.31629094246e-06 1.65663692717e-06 5.42886538061e-06 1.46263357602e-06 1.1243061299e-06 4.81411750937e-06 1.92895572162e-06 4.06713707085e-06 3.29982352218e-06 1.40426180036e-06 9.5035910262e-06 6.25893501018e-07 3.96905650772e-06 4.30202020769e-06 8.38144644475e-07 1.61542837915e-06 4.07405047865e-06 2.50500114508e-06 1.16046796485e-06 1.84854006793e-06 3.72234563775e-06 7.17953302605e-07 8.29318200469e-07 2.43736471626e-07 1.4299397507e-07 5.85039135244e-07 3.02946780277e-07 2.82378409353e-07 4.49727111465e-07 1.18799341132e-06 3.28594490823e-07 1.45012091942e-07 1.45600195166e-06 5.74472663724e-07 9.75974264751e-07 1.11283061638e-06 2.46746694498e-06 1.81122497908e-06 1.28259783372e-06 1.21946962107e-06 1.0772094259e-06 1.03096955088e-06 2.61510513631e-07 1.15022757042e-06 1.08845720259e-06 2.33227242977e-07 8.35675976675e-07 1.02642989662e-06 9.90835988396e-07 1.2238900274e-06 1.05660139299e-06 2.1176242998e-06 6.41094580603e-07 7.37070719006e-07 3.75208448444e-07 1.47940019086e-06 1.10672028954e-07 1.93628562438e-07 1.06944282274e-06 4.38157303273e-07 3.09313945283e-07 3.34973950021e-07 6.78871407001e-07 1.79204385984e-07 3.42344069452e-07 2.89959342889e-07 8.03746376233e-07 1.42199603683e-06 1.15931543265e-06 1.30221464537e-06 1.64945426254e-06 2.94453926402e-06 1.39575027715e-06 7.82214071511e-07 3.97566731025e-06 2.63299913764e-06 1.05434366753e-06 8.03631090406e-06 7.59749605953e-07 8.88524922782e-06 5.14501599428e-06 2.82228593834e-06 4.17175510558e-06 2.11258443913e-06 1.94319612072e-06 2.26971112885e-06 2.30965553772e-06 1.92432735657e-06 1.87116379429e-06 1.94343622682e-06 3.85201037709e-06 2.33897736782e-06 3.04483816353e-06 7.31570010102e-06 4.7890348952e-07 6.4223223347e-06 7.48380750535e-07 2.18001841444e-06 3.68959743677e-06 6.99338288112e-07 1.35524314644e-06 2.85084958909e-06 1.55739290119e-06 1.44495458103e-06 1.24835957469e-06 1.7819403084e-06 1.16486815917e-06 3.57748436862e-07 1.09500431541e-06 2.19921736406e-06 5.93785475369e-07 1.33623627024e-06 9.72220471564e-07 2.12239436656e-06 8.849253155e-07 4.16150293528e-07 4.11493062069e-06 1.80506787957e-06 1.91892063745e-06 3.6447096671e-06 2.41634111918e-06 3.04582983335e-06 1.00751648406e-05 4.43601742483e-06 2.96002389014e-06 2.62019386425e-06 1.19940838055e-06 5.72831543525e-06 1.49534510904e-06 1.49198259273e-06 5.58852496493e-06 1.02084534082e-06 2.1298604444e-06 2.64333944154e-06 2.67974656076e-06 7.92869803085e-06 1.69235671946e-06 2.25154847456e-06 3.08963276937e-06 1.50016431286e-06 1.5786424827e-06 4.00714946206e-06 4.10297112884e-07 7.22195369062e-07 2.06842078446e-06 1.06894586181e-06 1.44161030339e-06 7.73854414255e-07 2.67331599723e-06 1.37532087215e-06 4.6622343241e-07 1.80223118881e-06 3.21861301335e-07 1.38567039072e-06 1.23947917909e-06 2.13839290568e-06 5.22260646749e-07 6.14546996213e-07 2.72000242786e-06 1.90809558256e-06 1.28389452009e-06 4.13230636802e-06 1.07568627177e-06 5.64386804759e-06 1.89067394756e-06 6.56577678545e-06 3.43516843651e-06 1.64046120288e-06 1.67877864705e-06 2.92699883024e-06 2.72380074817e-06 1.03539430321e-06 2.71576035043e-06 2.57049295296e-06 1.23525991046e-06 1.87986957777e-06 2.30404770324e-06 5.85309842639e-06 1.19498803658e-06 4.3193246656e-06 1.00738630737e-06 3.74659623357e-06 1.19361230012e-06 1.86191817618e-06 2.27026323715e-06 5.42431935285e-07 3.65977508235e-07 2.33564959462e-06 1.17755526771e-06 1.69162338516e-06 3.63961501284e-07 2.41051003527e-06 5.86650010554e-07 5.6420319147e-07 2.10901701621e-06 3.57304003535e-07 7.85093650326e-07 1.78680374017e-06 2.04166020874e-06 7.49440594559e-07 3.28934566332e-07 3.05174916942e-06 1.83469663092e-06 1.70394112169e-06 3.79856481196e-06 2.09883253872e-06 3.10290484778e-06 6.49452838712e-06 2.19142370741e-06 1.05413294897e-05 3.35001704532e-06 1.68542818713e-06 5.41419021873e-06 2.39904177811e-06 2.51488151558e-06 2.07515956035e-06 2.06543965956e-06 4.81890037539e-06 1.19545650025e-06 2.05936359135e-06 8.52125902786e-06 1.15817381201e-06 5.61040098799e-06 3.14290078636e-06 2.08639288131e-06 3.51721856861e-06 1.4197252567e-06 1.7474615215e-06 2.75779531587e-06 3.1748462633e-07 8.52614112567e-07 2.10062025657e-06 1.98438251382e-06 8.29058876376e-07 4.36718476042e-07 2.47894958519e-06 6.48635833999e-07 1.32300999964e-06 3.51765586825e-07 1.25459266961e-06 5.70762508135e-07 2.00503019139e-06 3.91056643913e-07 5.06170429395e-07 1.25849760398e-06 1.60521714484e-06 8.75528647633e-07 2.67059895051e-06 6.49564443929e-07 2.60383244204e-06 1.89731548942e-06 3.38744083079e-06 1.67440401915e-06 4.61453459816e-06 1.89727414392e-06 1.73192707194e-06 2.27429824962e-06 1.46245131805e-06 3.53567687309e-06 1.49600208137e-06 1.74468293432e-06 1.76387047335e-06 1.08587342981e-06 4.50835708912e-06 9.86644918392e-07 3.04849890652e-06 1.52994151611e-06 2.49336926035e-06 5.0545246783e-07 2.45442571958e-06 8.2807104904e-07 1.47291803534e-06 1.24146115336e-06 4.88350373438e-07 3.88001538731e-07 2.3292142023e-06 6.37372040263e-07 1.54635405495e-06 4.88844476007e-07 1.85565143743e-06 8.35239399436e-07 2.11880418819e-07 1.18733585074e-06 5.6000843194e-07 1.24008017922e-06 6.23036156221e-07 3.70860883259e-07 1.62166618316e-06 9.24687082076e-07 4.05805680924e-07 2.17749154713e-06 4.45955367864e-07 1.76633173771e-06 2.23450106141e-06 1.39437606994e-06 3.82317639771e-06 1.1215055006e-06 4.5588042086e-06 4.22931796812e-06 2.04082989116e-06 2.8163700571e-06 2.87936989365e-06 2.93593795236e-06 2.73023094827e-06 2.03148409705e-06 3.13731440853e-06 4.43989523535e-06 6.72136048602e-07 2.60149156813e-06 9.96180897636e-07 1.75419409312e-06 1.50842433383e-06 5.33251171015e-07 1.98157124849e-06 2.18603761281e-07 8.07417585609e-07 1.80968274372e-06 2.54609543084e-07 8.83549291141e-07 1.44248148487e-06 7.93908402777e-07 1.2865027914e-06 3.08356924496e-07 1.13859119356e-06 1.56718514257e-06 7.13841257739e-07 2.72268608488e-06 1.3444753041e-06 2.65545628474e-06 1.1199033499e-06 1.38967149391e-06 2.86926499701e-06 3.58208135212e-06 1.17307545344e-06 4.82382526929e-06 1.45063831281e-06 5.11113958213e-06 5.05242256549e-06 4.82702329706e-06 4.4690709883e-06 5.00497249747e-06 2.34457075161e-06 1.669883528e-05 7.25135384951e-06 3.52926635064e-06 9.02381076983e-06 4.45052901536e-06 8.93463195577e-06 3.32912487535e-06 4.75645907269e-06 1.38025972561e-05 1.22960101966e-06 4.25353181391e-06 4.01207319602e-06 4.36663041218e-06 4.51560079089e-06 4.56611808446e-06 1.4051728604e-06 4.29292767926e-06 1.17822324668e-06 3.43430551073e-06 2.98260418396e-06 1.38793346868e-06 1.04999266884e-06 2.81117677959e-06 1.64012609368e-06 3.02522537543e-06 1.0179768036e-06 1.84228156124e-06 5.88485726671e-07 1.8631893071e-06 5.55202424579e-07 1.76396538313e-06 3.84564795846e-07 2.36147889124e-07 2.37384576179e-06 1.71461355888e-06 4.55673398465e-07 2.70561433821e-06 8.46114500018e-07 2.57133310573e-06 3.29269348599e-06 2.24164978204e-06 3.63608550864e-06 1.59850601244e-06 3.77105653239e-06 3.42003183477e-06 9.85552210762e-06 4.56395195345e-06 4.08819868233e-06 4.25946311704e-06 4.32943446809e-06 3.81118435969e-06 2.90850727018e-06 8.69370506858e-06 2.48007232767e-06 3.37938171017e-06 1.5287460112e-06 3.38015707402e-06 2.04299657534e-06 3.09571784268e-06 2.72173576443e-06 5.49022062651e-07 2.92697834189e-06 3.8030499632e-07 1.60489303862e-06 2.35230894072e-06 1.78002832058e-07 3.83611799565e-07 1.86183596614e-06 6.70656997835e-07 2.25463000802e-06 7.33911411767e-07 5.59150245827e-07 1.44548007549e-06 6.62478242367e-07 2.40620565861e-06 7.23823783162e-07 3.40977562152e-07 2.5088113763e-06 1.75382911632e-06 6.74061968345e-07 3.11014071537e-06 9.56481186336e-07 2.73951461155e-06 2.96541104552e-06 2.71987168203e-06 3.37084282162e-06 2.13579535399e-06 2.32973223772e-06 7.54282535701e-06 2.2618567189e-06 7.39270774951e-06 5.51555047106e-06 2.62829776376e-06 5.87123813837e-06 3.03724834897e-06 4.39042100847e-06 7.77773360819e-06 1.43261034781e-06 6.50080425262e-06 2.19198372017e-06 2.44873078481e-06 2.38691034742e-06 2.86912694247e-06 2.35110258807e-06 2.92860212627e-06 9.65565779308e-07 3.08838379084e-06 4.72369560651e-07 1.54679859728e-06 2.72949881303e-06 1.65734179802e-07 7.00394639764e-07 2.72561840633e-06 1.07693818214e-06 1.86838320374e-06 7.01407563156e-07 2.56789942667e-06 8.1201701914e-07 3.05407564381e-06 1.8035117023e-06 6.7354917166e-07 1.82092533276e-06 2.37043185781e-06 1.27538727611e-06 2.6045634541e-06 1.63260335933e-06 2.73915787824e-06 5.08552867739e-06 2.88664854404e-06 4.92095694335e-06 2.2989260167e-06 4.18770652715e-06 6.81732339105e-06 8.95967886783e-06 2.7846068018e-06 1.97557222604e-05 7.95054574703e-06 6.52686666445e-06 6.62119331693e-06 5.62003377864e-06 1.64690766174e-05 1.90164212383e-06 7.51310772984e-06 6.73988700561e-06 4.05585502311e-06 2.26847948017e-06 4.63276468477e-06 2.59113780823e-06 5.20015148195e-06 2.54824180427e-06 1.46466214406e-06 2.68371168533e-06 1.39405482472e-06 2.48153187573e-06 1.97954241025e-06 7.77062835575e-07 1.90641215747e-06 3.33494633465e-06 9.24563503756e-07 2.92730050683e-06 2.39284489054e-06 2.98865883262e-06 9.04155621405e-07 5.82730973566e-07 2.89589433238e-06 1.81302383342e-06 1.39841896061e-06 4.38943923854e-06 1.14572104471e-06 3.50502719926e-06 3.13449938754e-06 3.09052561688e-06 3.79882909549e-06 2.73296744923e-06 3.41053984396e-06 7.98475626425e-06 4.18712153068e-06 6.32184911703e-06 4.60324353418e-06 1.14617900835e-05 8.1106823194e-06 3.11320831744e-06 7.09296464685e-06 1.15336851278e-05 3.45566895218e-06 6.43120943687e-06 4.06591551729e-06 7.50794502989e-06 2.881576505e-06 2.65274547759e-06 3.56056228298e-06 3.20894870743e-06 2.62292647511e-06 3.46414255899e-06 9.70915038317e-07 4.79876883664e-06 1.26839205521e-06 1.486079613e-06 3.4493793863e-06 6.34345698412e-07 8.63995305055e-07 3.29328085654e-06 2.85086821967e-06 4.13059314723e-06 1.26741108072e-06 1.85846699725e-07 4.12518740992e-06 3.0982249586e-06 9.57932793873e-07 4.75724887896e-06 1.82523492056e-06 3.13599168615e-06 5.47218551496e-06 2.69614270734e-06 5.26932595668e-06 3.30418265457e-06 5.19149235128e-06 8.49058761807e-06 6.88275339005e-06 4.25520666076e-06 1.40101393577e-05 4.38529807571e-06 1.71214675641e-05 8.22766442119e-06 6.13687480434e-06 1.68879967408e-05 2.98528108425e-06 1.29863313141e-05 4.14616119684e-06 6.52494118506e-06 7.68286996583e-06 5.07309452722e-06 3.41341464105e-06 4.6995380497e-06 2.7473327514e-06 5.19145439943e-06 3.10886280145e-06 1.68171791887e-06 4.99840402626e-06 7.2614484167e-07 3.03306754319e-06 4.41509759511e-06 2.25326968047e-07 1.36890069151e-06 4.29920279631e-06 8.91225540785e-06 3.56817125014e-07 1.38150643255e-07 1.95088609144e-06 1.69636128264e-06 8.73510423833e-07 2.21084689757e-06 8.6970595539e-07 3.61213460543e-06 2.65923978121e-06 2.18997944509e-06 2.38471572457e-06 1.96280832716e-06 2.38258731585e-06 5.79714868606e-06 3.45837878705e-06 3.90000526486e-06 4.77185954678e-06 5.87065228752e-06 3.56396109e-06 1.04793998939e-05 6.2575212398e-06 9.50024044325e-06 2.53835085626e-06 5.72409352749e-06 4.76272422031e-06 3.68990275801e-06 3.44889080929e-06 5.79529449929e-06 2.27807642189e-06 1.80834298813e-06 2.3690863522e-06 2.18292351654e-06 2.77904497929e-06 3.60256593817e-06 7.70162592315e-07 2.04048268812e-06 1.10402266633e-06 2.00428615697e-06 1.90183697171e-06 1.74636091539e-07 3.84470127906e-07 9.90810736418e-06 4.99180747125e-06 2.76532123605e-07 4.23651612089e-06 2.65115464237e-06 1.58191933891e-06 5.17791974166e-06 1.03683754793e-06 4.92226718923e-06 4.87652049498e-06 2.69504059874e-06 5.03288266684e-06 2.56063628717e-06 4.43270546391e-06 8.11456073417e-06 7.5960330526e-06 5.84737825614e-06 1.10803516115e-05 5.98528524602e-06 1.50296643765e-05 4.42057197126e-06 1.66440198893e-05 1.97960761524e-05 3.23972526745e-06 1.45914164235e-05 5.84229502879e-06 1.08115142603e-05 5.53786078252e-06 7.56867050494e-06 7.29463992065e-06 4.52165092829e-06 2.36989729247e-06 4.62866070993e-06 2.55688594684e-06 4.99956635537e-06 4.60855012497e-06 1.09870674445e-06 5.17601613064e-06 1.8627476572e-06 2.80588749837e-06 4.37695120081e-06 4.00963731548e-07 5.4451461884e-06 3.36560263795e-06 5.14579598361e-06 2.45580794639e-06 1.8107101866e-06 5.52997084895e-06 1.02346755395e-06 3.6285129794e-06 2.52090754904e-06 5.502055085e-06 3.9184321725e-06 3.00282864891e-06 2.98278940346e-06 8.30801383647e-06 4.98267158241e-06 6.56838740032e-06 7.65113009433e-06 7.93456071519e-06 7.26149924726e-06 9.40215637274e-06 5.41303827635e-06 3.03567589906e-05 5.41303827635e-06 9.40215637274e-06 7.26149924726e-06 7.93456071519e-06 7.65113009433e-06 6.56838740032e-06 4.98267158241e-06 8.30801383647e-06 2.98278940346e-06 3.00282864891e-06 3.9184321725e-06 5.502055085e-06 2.52090754904e-06 3.6285129794e-06 1.02346755395e-06 5.52997084895e-06 1.8107101866e-06 2.45580794639e-06 5.14579598361e-06 3.36560263795e-06 1.10795115251e-05 1.35027969189e-06 7.85793238377e-07 2.3596201863e-06 7.89970888084e-07 2.47094793193e-06 1.81564838425e-06 2.68212320572e-06 2.63837329504e-06 1.68704969226e-06 2.02206303107e-06 3.53267931917e-06 2.75937157412e-06 3.15033474697e-06 5.21093477975e-06 4.64604016853e-06 6.02901971498e-06 3.23802641432e-06 7.87233790243e-06 8.49641755508e-06 6.29825866241e-06 8.85797747151e-06 3.04276079785e-06 5.84624753101e-06 4.13504735375e-06 5.43140448066e-06 2.9569166895e-06 2.40918659849e-06 3.08015652433e-06 2.00271396353e-06 1.68954336249e-06 2.90118960655e-06 2.09585815178e-06 1.74874179851e-06 2.90118138472e-06 8.96867926954e-07 2.38924481182e-06 6.72112485896e-07 1.20581931743e-06 1.08146161615e-05 2.01787301004e-05 3.49905184624e-06 9.17105934225e-06 1.45648444375e-06 6.60180116422e-06 4.81629554157e-06 4.75818656003e-06 4.75503841874e-06 5.21672549912e-06 3.33784384697e-06 1.14016306565e-05 5.58839315978e-06 8.61860404965e-06 1.05351636599e-05 1.32896355691e-05 1.19279488123e-05 1.1698582774e-05 1.00925921932e-05 3.12588223489e-05 3.97105237052e-06 3.17930698677e-05 1.2312366289e-05 1.15518330886e-05 1.26145144811e-05 1.34138241158e-05 1.09546291978e-05 8.61817561551e-06 5.97167916502e-06 1.15549814299e-05 3.67806255876e-06 5.49779705535e-06 5.43559332149e-06 4.48551584865e-06 5.26010813634e-06 6.80444353664e-06 1.40405842237e-06 8.77666701132e-06 3.25882378557e-06 1.79628410291e-05 5.74492280637e-06 6.51237581729e-06 1.988211385e-06 4.01230862723e-06 3.85600972965e-06 3.79704981788e-06 1.73189107388e-06 2.62790628291e-06 2.93023098053e-06 4.63900156198e-06 3.23732513251e-06 3.61004833614e-06 6.13626734055e-06 5.79517424144e-06 8.03315749262e-06 5.28880901814e-06 7.30035211954e-06 1.29539803663e-05 5.10097264926e-06 6.47826268408e-06 1.24593624245e-05 9.99614651235e-06 4.79870986052e-06 8.82617530634e-06 5.43951735007e-06 6.18950799497e-06 3.53687021128e-06 3.39502858901e-06 4.24096266754e-06 2.99810690543e-06 2.88505789124e-06 1.81639311656e-06 3.96471168698e-06 4.12007190391e-06 3.58600255234e-06 1.7656100083e-06 5.91734710503e-06 4.77621687169e-06 3.45613808415e-05 3.185117325e-06 9.41578801153e-06 8.56128695587e-06 8.56322293469e-06 7.14026700639e-06 2.63015556369e-06 4.57387954514e-06 1.16191640905e-05 4.9501640327e-06 8.06225302362e-06 9.18930992209e-06 1.1281454148e-05 1.03018212274e-05 1.14039660633e-05 9.8042011623e-06 2.71246030126e-05 4.48746066838e-06 2.68018371694e-05 5.75611313108e-06 2.9391437912e-05 1.27679803577e-05 1.20820607693e-05 1.12827433393e-05 1.10911322103e-05 9.67336473658e-06 8.26158485973e-06 5.56978715642e-06 1.17542617454e-05 4.76218358277e-06 2.3987869255e-06 7.30363934044e-06 8.24508841072e-06 7.40036966435e-06 8.12007161026e-06 3.0286135684e-06 2.85303260441e-05 8.83970331428e-06 8.48309903766e-06 6.2941796032e-06 5.27949289691e-06 6.24345550369e-06 4.75252658818e-06 3.37572957339e-06 7.9798072129e-06 5.54458037599e-06 4.51051336658e-06 7.90400171177e-06 6.88677443056e-06 1.03953076609e-05 6.4231389088e-06 1.15049631439e-05 1.76521346199e-05 5.55828826166e-06 1.09413827785e-05 1.05069949446e-05 7.81317122919e-06 1.530982605e-05 1.45978179773e-05 5.99776750724e-06 1.1395587522e-05 6.55418746011e-06 8.55680363385e-06 4.54283589188e-06 5.75222536142e-06 7.79936535212e-06 2.94662292015e-06 4.5867181145e-06 6.48804290241e-06 4.23492599098e-06 5.61876014882e-06 6.80021788336e-06 6.7898332182e-06 3.63446161832e-05 1.36248277366e-05 1.07938652849e-05 6.68725983779e-06 8.23952691252e-06 8.70423813542e-06 9.05694137918e-06 9.83454119149e-06 1.11391713568e-05 1.09307827444e-05 1.50990808372e-05 1.19940852997e-05 1.31055264038e-05 1.32004909348e-05 3.25861511154e-05 5.43976021454e-06 2.71940472123e-05 6.90547298037e-06 2.88184155369e-05 6.78024268526e-06 3.44144165666e-05 1.65343558938e-05 1.3768083965e-05 1.2832896913e-05 1.50239235206e-05 1.12915318332e-05 1.12977503961e-05 9.44326053376e-06 8.7970963047e-06 7.80721933953e-06 7.52047604855e-06 6.10471312985e-06 9.01385437289e-06 1.1288490175e-05 2.62843275953e-05 3.18171736599e-05 1.07172612861e-05 7.68856187264e-06 6.59090153435e-06 5.93263340239e-06 1.03752596152e-05 7.30251058932e-06 7.22832157792e-06 1.42029666189e-05 9.9670581187e-06 1.43555563321e-05 8.31707253179e-06 1.5181037321e-05 2.34637361831e-05 7.37865300338e-06 1.45595733709e-05 9.66593202427e-06 1.12963595099e-05 1.34859895055e-05 9.84343152556e-06 2.13709609048e-05 1.85449407527e-05 7.56461442037e-06 1.56983446865e-05 9.20861787629e-06 1.48062776939e-05 7.19458188686e-06 6.15736506386e-06 1.03822901126e-05 5.27740452579e-06 5.30857679955e-06 6.79399773632e-06 7.52520570128e-06 2.24159630625e-05 3.32181112754e-05 1.34424468088e-05 1.00650751779e-05 7.99474837031e-06 1.95192989318e-05 1.25387357573e-05 7.62613260197e-06 1.5100340542e-05 2.08680248391e-05 1.47173184273e-05 1.61166645004e-05 1.4138000659e-05 3.68172181167e-05 7.66106188643e-06 3.0229028558e-05 7.50172559927e-06 2.72339276531e-05 7.90982432749e-06 3.14036088936e-05 9.44752866228e-06 3.78988559645e-05 1.74319943712e-05 1.64140040133e-05 1.4697905301e-05 2.06317391811e-05 1.51488609962e-05 7.78828161667e-06 1.06796122303e-05 1.84351850988e-05 7.12196100825e-06 8.94116205023e-06 1.09635820024e-05 2.10194468177e-05 3.3768124548e-05 7.90912826801e-06 7.1729723164e-06 1.39441365455e-05 9.45501038483e-06 8.68494604889e-06 1.06846066131e-05 1.07558673397e-05 1.76878858315e-05 8.86277800735e-06 1.6406935874e-05 2.3129354151e-05 8.21365026214e-06 1.72159811974e-05 8.98884148562e-06 1.29674672767e-05 1.13653752891e-05 1.04467399807e-05 1.65198557306e-05 1.06390717264e-05 2.05503962958e-05 1.96651681776e-05 7.53506968978e-06 1.89316632052e-05 1.01778054248e-05 8.90450125634e-06 8.26831126569e-06 8.45159288563e-06 1.21317396296e-05 5.58786722696e-06 6.10487049723e-06 2.25834551466e-05 3.22368825935e-05 1.33083533497e-05 2.31871340179e-05 1.28924707173e-05 1.65808795565e-05 2.04088638913e-05 1.46164635945e-05 2.29129672079e-05 2.09248845815e-05 1.84227397974e-05 4.45506928313e-05 8.13279942709e-06 3.50508059312e-05 9.24750613913e-06 3.01591655242e-05 1.02039029918e-05 2.99737081208e-05 1.02468538051e-05 3.62861827244e-05 9.77362107722e-06 4.66958721401e-05 2.19907820555e-05 2.1386274708e-05 2.11741764331e-05 1.43469637357e-05 1.81686622945e-05 1.5548159233e-05 1.07206342267e-05 1.98828553342e-05 9.0628889876e-06 1.92956201199e-05 2.94679577513e-05 2.27656042958e-05 1.17666454585e-05 1.32811115923e-05 1.98924023612e-05 1.47705464163e-05 1.71618976271e-05 1.15293992378e-05 2.62483030301e-05 2.99589588192e-05 1.03000375276e-05 1.90445600069e-05 1.1819071364e-05 1.73058165157e-05 1.31314646013e-05 1.50011591779e-05 1.53662608849e-05 1.34505381892e-05 1.77501076764e-05 1.28129026514e-05 2.56758597962e-05 2.86258493909e-05 1.1592543794e-05 1.51662431091e-05 1.361179957e-05 1.63859230455e-05 1.07671927587e-05 9.31560789096e-06 1.6139919505e-05 1.69871348677e-05 0.000114021950099 2.47985919357e-05 2.63912676322e-05 2.85002383466e-05 3.07172047285e-05 3.43616044683e-05 1.67883189268e-05 3.9062619248e-05 6.87252721315e-05 1.18968782871e-05 4.66595976674e-05 1.13098181342e-05 3.75652986771e-05 1.50504818091e-05 3.71738713004e-05 1.59134405208e-05 3.69333461457e-05 1.21684520213e-05 4.88568386239e-05 1.39491994467e-05 7.05941881334e-05 4.15817754722e-05 1.63785472363e-05 3.12460162479e-05 2.86510969379e-05 2.2497056372e-05 2.12889346909e-05 1.71369785835e-05 6.50591135312e-05 7.42725022538e-05 3.0413748164e-05 2.85703996346e-05 2.93286960703e-05 3.87710553282e-05 2.30031298171e-05 2.91415944408e-05 6.02684328958e-05 2.01130271023e-05 2.74872397304e-05 1.58953829495e-05 1.94844130077e-05 1.9240663009e-05 2.21598118338e-05 2.08295087801e-05 2.0949108467e-05 1.80860331739e-05 1.73073011386e-05 2.71015468922e-05 2.23965844937e-05 5.89559149484e-05 3.06475778174e-05 2.32952116543e-05 3.42427523484e-05 2.58329648052e-05 2.26803274378e-05 2.24667308931e-05 4.21785314748e-05 6.8201881333e-05 3.45357950117e-05 2.72216665635e-05 3.15166785506e-05 1.93418795709e-05 3.79400206919e-05 4.65794833002e-05 1.7164352518e-05 4.1364265148e-05 1.19269777211e-05 2.50985874492e-05 1.16673217101e-05 2.46568325571e-05 1.35075566668e-05 2.43344316647e-05 1.18097874314e-05 2.45845376791e-05 1.11583610504e-05 4.02578353617e-05 1.85483365266e-05 3.72772511994e-05 3.73962900297e-05 1.85583137146e-05 2.55503756391e-05 2.13067443065e-05 2.47354335988e-05 3.5198218374e-05 0.000143014180586 4.76603482338e-05 4.83224523508e-05 2.53905388202e-05 6.52359455893e-05 8.2375384185e-05 1.87680696118e-05 5.65848843021e-05 2.28274590489e-05 2.47543758817e-05 2.22095172028e-05 2.14230811718e-05 2.23031206602e-05 2.34645627029e-05 2.02303870674e-05 2.34364437842e-05 2.27035253161e-05 2.29619665275e-05 5.62728537642e-05 1.93095744668e-05 8.17707342279e-05 6.23082761844e-05 2.42166511149e-05 3.88411553036e-05 3.39167829495e-05 7.45006357681e-05 0.000182533270295 8.53306156712e-05 4.20133901845e-05 8.62718027666e-05 0.000123049228615 3.22798007356e-05 5.3850307951e-05 2.7296091826e-05 5.06867630329e-05 2.1469279727e-05 3.83951067808e-05 1.95409033492e-05 3.81333411335e-05 1.91223094504e-05 3.69827815709e-05 2.1388709847e-05 4.49134854204e-05 2.61426587987e-05 4.80732683995e-05 3.32621124753e-05 0.000110105624464 7.55129447043e-05 3.50427716435e-05 5.78021372238e-05 9.34482048464e-05 0.000249161436549 5.84539323799e-05 0.00010621357388 0.000132989937214 4.34079351286e-05 6.70224024048e-05 2.31887110384e-05 4.29801215524e-05 3.15746084986e-05 2.87490000444e-05 2.57840479206e-05 2.46014484753e-05 2.39092947531e-05 2.58290691587e-05 2.59382003472e-05 3.25404538225e-05 3.61850714674e-05 2.11550666035e-05 6.05242896087e-05 4.06675266297e-05 0.000114452534103 8.60201531568e-05 4.18430374585e-05 0.000129496880334 0.000192773551726 0.000166477608265 0.000184335908196 5.33995900652e-05 0.000102806400317 3.39321190605e-05 4.31488318655e-05 3.25572074533e-05 5.01594882075e-05 2.61530490598e-05 3.9148011441e-05 2.06916814506e-05 3.74051867807e-05 2.46444909291e-05 4.39910508915e-05 3.17349225719e-05 3.40551078767e-05 3.08405403776e-05 8.50857697411e-05 4.82090290877e-05 0.000149095557325 0.00011706225363 9.0351945124e-05 0.00062185218689 0.000329839954927 8.56889251081e-05 0.00014075443795 5.73514009763e-05 7.14674541772e-05 3.97769806302e-05 5.59350597967e-05 5.220952787e-05 3.84919749815e-05 3.60914152574e-05 3.38246348702e-05 3.68451310492e-05 4.56762780499e-05 4.78748436128e-05 3.22986199493e-05 5.1264156077e-05 4.68091629951e-05 0.000101759691556 6.85552937494e-05 0.000225581886797 0.000319533857153 0.00276199785148 0.000315503131954 0.000435742011088 0.000165320016766 0.000250903611002 0.000134177347362 0.000131580518747 0.000111974662892 0.000161720814286 6.24148797744e-05 0.000122562544637 5.88471941983e-05 0.000137292502251 9.26117985633e-05 9.34006782173e-05 9.32598012532e-05 0.000157346108375 0.00010228007896 0.000250485963501 0.000183662006134 0.00127679568239 




















