































4.45023900394e-06 7.59630829418e-07 1.51131752047e-06 4.65731747272e-06 1.16598258139e-05 4.72743893513e-07 6.22528452951e-07 1.90102674295e-07 1.8384981524e-07 1.57793996993e-07 2.08104174959e-07 1.60649314985e-08 2.3059861158e-08 3.00294820737e-07 3.2323980292e-07 4.01523368093e-07 6.4062306175e-07 1.53076957216e-06 1.35399180171e-06 1.11051952037e-05 3.65605807776e-06 2.53005234284e-06 2.17284910432e-07 2.320080016e-07 1.35923832069e-07 2.39707535546e-07 1.50501500874e-07 2.3787785146e-07 1.52644781275e-07 2.79686654727e-07 5.40681851914e-08 4.02261287351e-07 1.31836137548e-07 3.45382191756e-08 4.68140852188e-07 3.51932752491e-08 1.49715875255e-07 4.58576168518e-07 6.93785530591e-08 3.73850347448e-07 2.12695231487e-07 4.05783147554e-07 2.64876675948e-07 5.4992673945e-07 3.61834386618e-07 6.34770689437e-07 6.97335142535e-07 2.7447245409e-06 3.26697335367e-06 3.57645292967e-06 1.02678518786e-05 1.42262046208e-06 1.26810834644e-06 6.92351304699e-07 5.03799661968e-07 4.22750652951e-07 3.31708804904e-07 3.74695021608e-07 3.0109890221e-07 3.02419074675e-07 2.38680300305e-07 3.6148438092e-07 1.06825471024e-07 2.5423829097e-07 3.04185147159e-07 1.02281724383e-07 4.72750385501e-07 3.09742020974e-07 4.74795415994e-07 5.23881346315e-07 4.61100645791e-07 6.61303267526e-07 7.27978896316e-07 1.03334107577e-06 1.18934994392e-06 2.09613179533e-06 2.55241447387e-06 9.87540308943e-06 2.42758377966e-05 9.79672025468e-06 5.47313979029e-06 1.96470149329e-06 1.38815654288e-06 4.06907027588e-07 3.61584863787e-07 1.19076510296e-07 3.75866625631e-07 3.18479875309e-07 4.35530680118e-07 4.83344409557e-07 1.49227598287e-07 5.87505658083e-07 1.72100895811e-07 1.38704197469e-07 7.08168249849e-07 1.60544506725e-07 7.323150694e-07 6.27241800785e-07 5.89120328047e-07 6.77189773829e-07 1.75562607912e-07 7.30489872577e-07 8.18048150338e-07 2.29641763567e-06 2.29537260001e-06 5.79254262109e-06 9.15660223807e-06 1.09305371197e-05 1.78348954295e-05 4.52637817946e-06 2.10033246566e-06 8.61890428286e-07 1.20808464278e-06 3.98048081904e-07 1.0428823787e-06 4.21478946101e-07 1.5665012163e-06 4.93815201733e-07 4.91419421793e-07 5.84314842313e-07 6.57492884451e-07 3.83585054056e-07 7.30590784647e-07 7.34318713772e-07 5.83820021829e-07 6.63936690769e-07 2.12123632313e-06 6.08542249185e-07 1.47254662015e-06 6.70522029633e-07 1.9073834117e-06 1.28647201723e-06 3.25415898451e-06 5.08931126724e-06 2.39897932475e-05 7.43953391359e-05 9.82514537284e-06 8.9358143295e-06 2.69995235965e-06 9.41467210911e-07 9.09282197949e-07 1.05138381609e-06 5.1706349563e-07 4.06464851276e-07 6.1311440443e-07 5.06835621015e-07 2.13937753181e-07 6.8365929389e-07 2.54789331028e-07 3.2812074016e-07 2.94109810531e-07 2.86029554508e-07 7.63885043494e-07 2.37689856217e-07 7.60196481497e-07 9.82571800533e-07 4.685232763e-07 7.99570068213e-07 1.45181212269e-06 1.32345128316e-06 1.49339314093e-06 3.49501350003e-06 1.41255590214e-05 6.42564311898e-05 2.68017252157e-05 5.48386145055e-06 5.42637943926e-06 1.94215306555e-06 2.98112269521e-06 1.65217848305e-06 1.48527087076e-06 1.288788267e-06 5.47763561082e-07 1.8662916052e-06 1.01260876713e-06 8.36635969079e-07 8.39320932814e-07 8.18472166848e-07 7.94821680378e-07 1.22160074709e-06 2.06220733454e-06 7.46115590467e-07 1.82444283861e-06 2.07943391882e-06 2.15063303546e-06 4.41875393692e-06 3.87831549254e-06 7.84060687476e-06 1.00584943394e-05 4.42660233398e-05 1.32474178133e-05 8.25869780744e-06 4.76920268127e-06 1.01813079587e-06 1.86071125164e-06 1.28044169573e-06 2.31359763239e-06 4.78921786621e-07 4.90266734248e-07 1.02649397357e-06 8.56391169991e-07 4.46236847586e-07 1.56463082607e-06 1.24034134593e-07 1.41175307883e-06 6.80943005513e-07 8.7991980347e-07 1.3317622552e-06 7.50613158549e-07 6.30870946375e-07 4.15137205903e-06 2.31332119277e-06 3.4444853572e-06 2.54696325275e-06 7.65050485808e-06 1.05945588195e-05 6.74100278643e-05 1.10626840139e-05 1.66285618649e-05 4.03596954793e-06 5.67769200122e-06 1.77793800802e-06 4.62196304544e-06 2.32331042374e-06 3.47501011384e-07 2.96413312945e-06 6.64505783797e-07 1.53232675088e-06 1.08918551334e-06 8.82067621599e-07 7.41550593169e-07 1.23216335605e-06 1.68960223191e-06 9.46654625971e-07 4.03474360391e-06 3.28471154567e-07 2.86897374658e-06 8.08442797792e-06 2.6139627663e-06 9.49462690918e-06 7.11175267852e-06 2.97253957956e-05 4.61948034128e-05 1.12789017077e-05 9.27958629345e-06 4.98022848505e-06 2.34401680982e-06 2.00693543534e-06 1.80788578069e-06 7.19771334241e-07 1.34460442342e-06 7.64523306904e-07 6.79622128893e-07 1.27196649948e-06 6.75383571812e-07 2.16874425505e-06 7.43986770082e-07 1.6391881929e-06 8.28166028199e-07 7.02707762179e-07 1.83897176132e-06 1.23903646172e-06 3.27940141086e-06 3.4510259215e-06 4.22941763223e-06 6.97166530162e-06 1.24738620777e-05 3.91647693927e-05 1.25995403643e-05 2.44434238351e-05 9.45636778755e-06 1.12545309073e-05 4.10777920964e-06 1.93675219094e-06 6.97604716177e-06 1.38226124988e-06 2.33847745021e-06 2.41097830377e-06 2.00809204674e-06 3.20551789404e-06 3.62830892421e-06 1.95527968202e-06 3.24465954686e-06 3.28308581316e-06 2.12244955751e-06 1.05514936907e-05 2.80772147034e-06 6.6996983761e-06 1.77704992676e-05 1.45937473501e-05 3.93505597956e-05 5.12908152339e-05 2.10277653549e-05 1.47365333656e-05 1.24656350198e-05 5.99324468276e-06 1.09047115418e-06 5.35486493291e-06 2.61542816012e-06 1.11308789691e-06 2.86126285191e-06 1.13349102551e-06 3.82116187459e-06 2.17421519693e-06 4.15471094993e-06 1.43680275491e-06 3.50684537264e-06 1.53031270619e-06 3.38941013183e-06 8.91707079801e-06 1.49911711217e-06 9.40346846282e-06 1.94736121346e-05 2.43492493352e-05 6.52229904184e-05 3.03127368324e-05 5.41058201216e-05 1.70612796979e-05 5.17061605891e-06 8.92995202986e-06 5.3910018407e-06 4.8456211869e-06 4.41046795279e-06 3.29378102536e-06 6.28579814875e-06 5.41087728743e-06 5.68919353857e-06 6.89923523863e-06 4.12550188388e-06 5.57369248586e-06 7.12225560631e-06 7.75151523445e-06 1.38146029682e-05 8.07263082668e-06 2.30635651909e-05 7.77400649889e-05 9.26854329147e-05 4.08944171246e-05 2.28739631592e-05 5.52411960139e-06 1.29712468759e-05 4.18898791041e-06 4.07039681459e-06 7.3435332261e-06 1.38229691688e-06 7.04442058394e-06 2.56501333222e-06 6.8338561634e-06 2.86643804946e-06 8.38127632958e-06 1.84282440661e-06 9.96795856075e-06 6.02959494667e-06 6.09354881499e-06 1.84482455663e-05 8.75712898347e-06 3.5606831917e-05 0.000106233680483 1.34864378357e-05 7.12178097243e-06 9.80604845504e-06 2.54864145556e-06 2.12832500137e-06 3.32285777756e-06 2.01823695081e-06 2.34035287845e-06 2.16164227933e-06 2.1820881267e-06 2.53544655389e-06 2.31165448064e-06 2.84574629224e-06 2.53353098226e-06 4.14093096319e-06 3.61781072439e-06 3.39430373301e-06 1.28281558409e-05 1.14413893376e-05 2.91170911483e-05 2.23671078337e-05 6.57714983114e-05 1.72168446129e-05 1.13560130444e-05 1.11891624269e-05 7.50571926761e-06 1.61224476211e-05 5.05796674402e-06 1.08197625699e-05 6.44668783839e-06 1.15671154072e-05 6.01492174682e-06 1.90569198865e-05 9.51412045718e-06 1.59426930125e-05 1.25345674129e-05 2.39481522922e-05 9.1897014516e-05 5.24509655215e-05 4.1121584248e-05 2.56923665904e-05 1.11285490758e-05 1.01104259722e-05 4.32259537321e-06 8.18997728129e-06 7.57856146351e-06 4.67013606885e-06 5.1943492133e-06 5.02654904e-06 5.28734271683e-06 7.95086177012e-06 1.18184007394e-05 4.79216832509e-06 1.37738682334e-05 1.27135997278e-05 3.6112196627e-05 9.61573465911e-05 2.71220051426e-05 2.2554836168e-05 1.58892081082e-05 7.51358035674e-06 8.68096281232e-06 7.33525920066e-06 1.02507061094e-05 3.7138250252e-06 7.58873193919e-06 3.93653845375e-06 1.05368078736e-05 9.54394729202e-06 1.07167839225e-05 9.20239397598e-06 2.1091478227e-05 3.44434697502e-05 5.32280697088e-05 4.20457931934e-05 5.80067141773e-05 1.78804083416e-05 2.85139371752e-05 1.33136601248e-05 1.63534889468e-05 1.55729184605e-05 8.93270431685e-06 9.82396853777e-06 1.56683735908e-05 2.05727049061e-05 1.5247977483e-05 3.60270718734e-05 2.15406936858e-05 7.83240512641e-05 8.14525376585e-05 4.53987637426e-05 2.02380150227e-05 2.35154268461e-05 1.29019273694e-05 1.00462752324e-05 8.85959261729e-06 1.27048588829e-05 3.57274043369e-06 1.38763648617e-05 9.0446065776e-06 1.25752241731e-05 1.47575899484e-05 2.84710988483e-05 2.98390003593e-05 7.45754897434e-05 6.04430854094e-05 0.000116671922891 4.18681457227e-05 3.8195553838e-05 2.13841821415e-05 2.62713027032e-05 2.19055456168e-05 2.18748867741e-05 2.951541092e-05 2.22820560237e-05 4.7839315907e-05 4.53339240391e-05 0.000154314626228 0.000105783533542 0.000109656008347 5.60440594918e-05 3.86565522498e-05 2.48720432519e-05 1.78907683479e-05 1.51581517075e-05 3.28251668078e-05 1.40463760869e-05 2.2511556478e-05 2.53961922592e-05 4.45744571535e-05 7.87313151149e-05 0.000163936601154 0.000104350535898 0.000113091375836 4.56244145239e-05 4.3223958465e-05 2.15023356563e-05 4.13629054543e-05 4.50106627829e-05 2.24188030999e-05 4.90464219462e-05 4.81037562329e-05 0.000151882634318 0.000163941283401 0.000128435560575 6.95866126763e-05 4.71934563163e-05 2.6896015036e-05 3.27875807408e-05 3.83156443709e-05 3.66999030896e-05 2.70880015967e-05 5.36690716537e-05 9.66804566902e-05 0.000169022022972 0.000134010880052 0.000128796175133 4.92534547341e-05 7.56470202209e-05 4.79605833754e-05 4.85128826589e-05 8.15770138322e-05 5.23172768664e-05 0.000172236472418 0.000188036235887 0.000141263173411 6.72856999406e-05 7.49139947763e-05 5.89060453467e-05 3.26149103488e-05 6.00583333994e-05 8.26480020325e-05 9.39451214318e-05 0.000177371735308 0.000212244965336 0.000279078839016 0.000155948239225 0.000119075419689 0.000116879088222 0.000168690497615 0.000355398170832 0.000275925462637 0.00044821296694 0.000235583159934 0.000136314129836 0.000172848003606 0.000144487847443 0.000309811182473 0.000545538763272 0.000401379106805 0.000224150257337 0.000201166754889 0.000212217469869 0.000286134097407 0.000475066701332 0.000592503165097 0.000518471787402 0.000376566293644 0.000627460083121 0.00070126176061 0.00110902971094 0.000675427600346 0.000786551537047 0.00126004265808 0.00224478696739 0.00183370787053 0.00224478696739 0.015635914067 0.0128543996723 

