


















8.97728645775e-06 5.00866792089e-06 1.33589056512e-06 3.77513170661e-06 3.45609419866e-06 4.1742153733e-06 1.43570317958e-06 2.86420841397e-06 2.91790660497e-06 1.48452376875e-06 5.03744676541e-06 3.92643060505e-06 4.85204064329e-06 1.51633375969e-06 6.20473097876e-06 7.24722504008e-06 5.88452734769e-06 2.31055775331e-05 3.15443317768e-06 5.4334415865e-06 2.47321474834e-06 3.4980666314e-06 4.49827669155e-06 1.30049617734e-06 3.23606094921e-06 1.64185891604e-06 4.04451259355e-06 4.24900945584e-06 3.13627877385e-06 6.26365735243e-06 3.64121931682e-06 1.70990973712e-05 8.65576958377e-06 2.70116643723e-07 2.80339843072e-06 6.79520115712e-06 3.6419995019e-06 2.68030402829e-06 8.78346696931e-07 7.62972603054e-07 2.27505189984e-06 1.86033483563e-06 2.95540700231e-06 8.99378031097e-08 2.79689249737e-06 2.30253556251e-06 1.39926613551e-06 6.71560791249e-07 1.42197878446e-06 3.38242812763e-06 2.40086815689e-06 6.43117892812e-06 3.58174175397e-06 4.76553149454e-07 3.60583951165e-06 7.35017840985e-06 2.01228365784e-05 9.38273643987e-06 7.70177675833e-06 1.97304284875e-06 5.281724944e-06 1.14893922915e-06 1.12210666391e-06 2.90705185412e-06 3.59321225792e-06 9.93415704952e-07 6.62742902802e-07 5.82822085183e-06 2.12868842247e-06 8.1744593489e-06 6.51495098818e-06 1.67188097712e-05 4.59533303173e-06 6.9777444367e-06 4.38034714465e-06 2.41115440623e-06 1.47859534419e-05 1.71576720185e-05 5.94793897787e-06 5.72555765345e-06 1.75916789896e-06 4.14667940197e-06 2.3993694178e-06 7.48679598937e-06 2.61847570478e-06 5.25956205452e-06 1.88670648273e-06 3.7476462976e-06 6.21116243678e-06 1.60971760993e-05 1.10123369582e-05 2.40385424884e-06 8.6871301129e-06 2.17620392509e-06 2.91399380828e-06 1.11638038438e-05 3.33900107135e-05 1.55331717237e-05 4.31058555628e-06 4.08458795867e-06 2.31870579735e-06 5.41621153888e-06 8.64626790084e-06 2.11739152102e-06 9.64930853008e-06 4.96979930286e-06 3.43983057485e-06 4.35252975537e-06 4.96819077282e-06 1.00654305761e-05 2.87507265139e-05 1.21383017293e-05 4.45083979832e-06 3.76458069719e-06 1.5853876748e-06 5.3184819155e-06 4.0681221768e-06 1.82906836285e-05 1.57323044137e-05 9.10814393507e-06 3.04783807655e-06 8.5829252453e-06 4.16971646829e-07 1.1193581504e-05 3.9043483029e-06 2.68789680015e-06 1.25649276783e-05 1.59616534568e-07 7.04338088529e-06 2.92708566121e-06 6.52337658351e-06 1.6197921956e-05 1.37881644588e-05 5.78070270837e-06 6.37209211326e-06 3.34912013195e-06 4.2836090712e-06 3.65781080335e-06 1.0672399628e-05 1.12847143396e-05 1.75314666283e-05 3.35023402343e-06 5.14542994161e-06 4.87859217807e-06 2.87971943251e-06 2.74216208681e-06 2.96425071228e-06 2.03834864475e-06 3.69916929048e-06 2.93248990609e-06 6.32755198261e-06 1.17760518989e-06 1.86075542718e-05 9.04649589219e-06 9.28300349557e-06 3.84746823683e-06 8.39403726934e-06 5.33805707947e-06 2.29494777491e-06 6.97468687496e-06 1.13383148877e-05 2.15801194262e-05 1.3533018643e-05 3.01763106137e-06 1.60391923943e-05 2.5731679419e-06 6.85027263576e-06 6.45359492486e-06 2.62113269547e-06 1.49739717121e-05 2.05338129845e-06 9.55270531259e-06 2.01836358785e-05 6.63127907407e-06 8.73705079539e-06 3.17312551528e-06 1.79561175901e-05 8.11562808207e-06 7.26110763579e-06 8.29251829407e-06 1.6928473494e-05 2.81443124008e-05 1.60535777593e-05 1.37676935241e-05 1.05418737628e-05 6.49442803883e-06 1.22053473879e-05 7.70292091285e-06 9.75975077423e-06 1.46643514032e-05 1.08387694243e-05 2.9340303599e-05 1.25670956436e-05 9.78510872088e-06 7.71906980139e-06 8.96321997782e-06 1.36199390296e-05 6.39347075454e-06 2.23778216462e-06 1.20885212549e-05 1.37736740495e-05 1.53147843394e-05 1.7341847205e-05 4.21764342501e-06 1.56129595663e-05 5.23434642353e-06 7.03574855658e-06 1.31877017286e-05 5.20629555611e-06 1.04647272992e-05 1.83243769577e-05 1.21643452385e-05 8.72181880228e-06 3.89458179488e-06 7.16348908258e-06 3.39630529366e-05 3.1184039665e-05 1.8477597867e-05 1.09223965619e-05 2.57263808559e-05 2.57539790629e-05 6.67279043665e-05 2.84515071525e-05 2.03140904748e-05 5.26758045118e-05 7.02608226097e-06 4.45450650109e-05 2.43671859053e-05 1.95145691164e-05 7.16087222519e-05 2.1078335855e-05 2.56328158558e-05 1.06544747289e-05 2.44355378013e-05 7.29871334822e-05 1.08889882165e-05 5.71973553316e-06 4.22285253679e-06 4.45794917722e-06 2.08754266583e-05 1.65897499887e-05 1.39770600866e-05 7.00623678294e-06 8.83923917046e-06 7.55580002406e-06 8.92349530004e-06 8.61023100757e-06 2.06958201719e-05 1.76538076731e-05 3.49304804165e-06 5.42457942074e-06 9.28129316521e-06 2.28456096479e-05 3.19342000308e-05 2.55021950108e-05 7.22441962521e-06 5.80264356587e-05 2.58945889924e-05 5.34026248013e-05 5.03265282318e-05 8.4006087927e-06 6.05246314222e-05 8.79615446361e-06 3.96068753614e-05 6.40941635031e-05 2.19609910732e-05 5.72022720107e-05 1.08422623902e-05 2.94697608192e-05 5.10182213408e-05 5.7527223937e-05 1.80374727767e-05 4.06889943622e-05 1.44153866788e-05 6.29647352326e-05 7.0301527509e-05 3.14729897195e-05 3.77236197074e-05 4.46792068051e-05 2.26483391349e-05 8.26237013133e-05 5.77574805166e-05 1.88630613208e-05 4.94677760868e-05 2.06116353894e-05 9.06089088671e-05 1.58909335586e-05 2.18255508989e-05 2.11202169443e-06 1.76787286964e-05 2.27342414791e-05 1.90823843287e-05 2.17627436509e-05 9.12037409465e-06 1.75794397435e-05 2.47985343299e-05 2.14324675271e-05 1.67101557809e-05 9.87815489651e-07 2.35223438282e-05 2.23592001125e-05 0.000186998796741 2.33838864053e-05 4.48745528499e-05 9.37234688408e-05 4.12788381001e-05 0.000113838234361 7.15057413727e-05 5.56951583201e-05 0.000143099226669 3.73934198387e-05 9.36184665573e-05 5.71305005269e-05 3.23182382205e-05 0.000239673166168 3.17126089155e-05 4.14733749071e-05 2.95769371767e-05 9.90758265381e-06 6.97459424691e-05 4.41367981456e-05 4.28739625186e-05 5.7559521367e-05 6.27716439025e-05 1.10179936801e-05 3.1751661968e-05 4.0535600607e-05 3.44652503293e-05 0.000154253179901 9.9569503474e-05 1.19027655689e-05 0.000135585478788 7.49628910147e-05 0.0001194493775 0.000167691184661 6.80622909169e-05 0.000144944351168 1.91422074813e-05 0.000109762483394 0.000177557707282 0.00012198570667 1.32669821532e-05 7.73940895774e-05 4.6057650029e-05 8.97578570499e-05 0.000138512172004 8.97578570499e-05 4.6057650029e-05 7.73940895774e-05 1.32669821532e-05 0.00012198570667 8.54530896389e-05 0.000230567974849 6.48126212815e-05 0.000211431768064 0.000254897255788 0.000194211256464 0.000224280777915 7.30545102793e-05 0.00023555185032 9.74868151747e-05 0.000510732351234 0.000139637892876 0.000186511220746 0.000279422300525 0.000304080140098 0.000198970313772 0.000212908070724 0.000132200989408 0.000494943509954 0.000173953673548 0.000233927409305 0.000223601185339 0.000212631533183 0.000201814214298 0.00015698828558 0.000214357537309 0.000145680346189 0.00115466027706 0.00062550105715 0.000367012816089 0.00042426126568 0.000348450849908 0.000469825194397 0.00101960787433 0.00430895954499 0.0017206371805 0.000741249213891 0.00058246970508 0.00147633340105 0.00286297884662 





