













1.74706700496e-06 1.46188827335e-06 1.20829968653e-06 1.30112009708e-06 5.49274175444e-07 5.48315806189e-07 1.35660611685e-06 1.26419550482e-06 1.77610375492e-06 1.37268415604e-06 2.2143044329e-06 4.9919987224e-06 1.42455354299e-06 8.95754233689e-07 8.8929326016e-07 1.8052788885e-06 1.75397028361e-06 8.70538009703e-07 9.02917003525e-07 1.20339460117e-06 3.43881844676e-06 2.69486167708e-06 8.55782337986e-07 1.66923088446e-06 1.72854541635e-06 4.20717821065e-08 7.02147318789e-07 1.10207889793e-06 7.99155786445e-07 5.90939844643e-07 9.37656612725e-07 6.7354063688e-07 1.9836016154e-08 1.36667715897e-06 1.7638519798e-06 1.00172132483e-06 1.01338278195e-06 8.33901573687e-07 1.04381956906e-06 4.33364544142e-06 2.03348442512e-06 4.91135398378e-07 3.42282012892e-06 1.20743291793e-06 1.67533193309e-06 1.19557165928e-06 3.52318521442e-06 3.99601339118e-07 1.55210946061e-06 3.10381029577e-06 6.80150092463e-07 9.36090461358e-07 1.17697222975e-06 1.66405074242e-06 7.04544321911e-07 2.39870592495e-06 4.51061299467e-06 1.03483654567e-06 3.01875321564e-06 2.77562323912e-06 2.19148346279e-06 2.42432712686e-06 2.35548618846e-06 6.38531304731e-07 3.28944805805e-06 2.18202429503e-06 8.61594963626e-07 2.04048368518e-06 3.99086781136e-07 1.06810032792e-06 5.51669023798e-07 3.40823590321e-08 5.04060494752e-07 2.10517347066e-06 4.46442410452e-07 7.01801921083e-07 8.48234651027e-07 5.92562615488e-07 7.36495391963e-07 4.13675218749e-08 1.52997661637e-06 4.50828507645e-07 2.14512063869e-08 4.44411005346e-07 1.13049525592e-06 3.7424074553e-07 2.66632754493e-06 3.30288072616e-06 7.2222913285e-07 3.07562539351e-06 4.18953375944e-06 1.46183393769e-06 8.55481705481e-06 3.44419746527e-06 2.13443471971e-06 6.03681545593e-06 4.5479554757e-06 1.92793877422e-06 2.52245908165e-06 6.47510728545e-06 1.04003719896e-06 3.33528439688e-06 2.56062066299e-06 9.00382599306e-07 3.69736065903e-06 3.10137892972e-06 2.10649499761e-06 1.19229761672e-06 6.99903260059e-08 1.3758787401e-06 1.92488968131e-06 3.12238129832e-06 4.71653180717e-06 7.71471388541e-07 2.69791561549e-06 3.54678973754e-06 2.71329515167e-06 1.34154556192e-07 3.46633872857e-06 2.60901450858e-06 1.90864970191e-06 1.4873168851e-06 5.59618795709e-08 1.45942429064e-06 2.2442182126e-06 2.0897802545e-06 1.4704283699e-06 4.84206147325e-07 2.52730205455e-06 1.35146372992e-06 1.608708623e-06 2.21348501584e-06 2.79769550358e-06 7.44948051961e-06 2.07127875205e-06 3.21938469614e-06 2.96179915111e-06 1.34706452021e-06 6.31770302297e-06 1.90763202849e-06 2.3377125215e-06 1.38579999517e-06 1.3138538235e-06 2.16810885741e-06 7.40626536629e-07 1.6595386896e-06 2.26697763056e-06 1.04872906932e-06 1.69390511213e-06 6.57519077122e-08 1.42906453773e-06 2.31500673766e-06 7.79548018609e-07 3.93362219057e-06 3.57858471071e-06 2.00223081997e-06 7.38147815835e-06 5.5937497302e-06 9.07454669363e-07 4.48533151269e-06 5.58760157919e-06 7.4131338628e-07 4.28592796599e-06 3.52364281394e-06 8.0606618739e-07 2.20007944287e-06 1.52169725688e-06 8.23479585586e-08 1.81499442843e-06 1.07967692847e-06 2.26138833758e-06 1.80499108151e-06 7.3352904893e-07 1.75270119233e-06 1.96987607216e-06 1.695988288e-06 4.07278106997e-06 4.66006538766e-06 2.04309562602e-06 7.02457917821e-06 1.51452890905e-05 1.97491670262e-06 8.34203169854e-06 1.15192771349e-06 1.2663819791e-05 6.31971638956e-06 2.23883634438e-06 4.20906336392e-06 4.16202135973e-06 1.46966149021e-06 2.01809514388e-06 1.43843452602e-06 1.01959753451e-06 2.04315211378e-06 2.35178908816e-06 6.64117934035e-07 8.26488450016e-07 2.27173371145e-07 8.99535142325e-07 4.8930695236e-07 2.20537660055e-06 1.05558493351e-06 2.32084328594e-06 9.22210044933e-07 3.02908427502e-06 4.1135931509e-06 1.33909093351e-06 1.17293938258e-06 3.52454329662e-06 2.01651260654e-06 9.00966707059e-07 1.8646644091e-06 9.69407034376e-07 2.10470587115e-06 6.26079543313e-07 1.08593015566e-06 1.07736528715e-07 8.381152086e-07 6.82648958289e-07 1.04568379269e-06 1.9294617556e-06 7.52901765633e-07 2.38766643606e-06 1.95808652948e-06 8.39608435569e-07 3.15142037067e-06 2.3127039188e-06 2.42771783721e-06 6.10574417404e-06 1.05459589959e-05 2.41062654212e-06 1.09306149473e-05 8.21723068392e-07 1.05811155122e-05 1.73231890523e-06 1.0591057438e-05 5.74323082182e-06 2.57441614424e-06 2.46137931304e-06 3.45514590306e-06 8.12600090367e-07 1.8334049601e-06 2.38072986702e-06 9.55807516598e-07 1.96897538062e-06 1.06588434574e-06 1.07562721846e-06 6.95740050358e-07 5.84279630471e-07 1.09178862392e-07 2.80292796684e-07 1.78195815495e-06 1.65344711236e-06 1.13882904499e-06 1.01996452623e-06 7.34614889042e-07 9.48893699562e-07 1.89818727298e-06 3.47634523476e-06 3.73203759773e-06 1.77317141854e-06 1.01171788064e-06 9.94764300713e-07 1.19694412128e-06 1.20603271548e-06 1.43345276933e-06 1.3520912984e-06 5.13871711304e-07 3.62452344193e-07 5.06151572168e-07 8.20177681963e-07 1.10835881597e-06 1.18966621054e-06 1.16998141252e-06 2.182592084e-06 8.97290807472e-07 5.52380320656e-08 2.15219083137e-06 1.11708366312e-06 3.61834815752e-06 3.04996760119e-06 5.97405068348e-06 1.67960159267e-07 7.85037351317e-06 1.43572456225e-06 1.58890755247e-05 1.43572456225e-06 7.85037351317e-06 1.67960159267e-07 5.97405068348e-06 3.04996760119e-06 3.61834815752e-06 1.11708366312e-06 2.15219083137e-06 5.52380320656e-08 8.97290807472e-07 2.182592084e-06 1.16998141252e-06 1.18966621054e-06 1.8439535175e-06 8.59155218992e-07 1.02351181891e-06 1.64669974066e-06 8.80724263087e-07 2.53130534641e-06 1.97661744351e-06 2.11850487428e-06 4.46621829563e-06 2.66637006584e-06 2.24420471277e-06 2.11104240543e-06 1.65530772638e-06 7.30678915485e-06 6.89849413371e-06 2.28018015998e-06 1.82207526711e-06 2.25607165193e-06 2.80974433455e-06 3.8856048148e-06 2.41893538253e-06 1.90686341379e-06 2.81851271943e-06 1.01960388678e-06 1.53976729373e-06 9.46082240378e-07 9.83897844298e-07 1.76913592004e-06 2.63137499429e-06 9.59042070643e-07 2.78186559505e-06 2.57842075923e-06 2.46136533034e-07 6.40503826983e-06 2.87117055455e-06 5.9970223129e-06 3.30032957167e-06 6.72589302069e-06 1.59359317736e-06 9.60049865002e-06 8.00914189188e-07 1.5569412677e-05 3.65533414668e-06 2.00896233072e-05 1.0461974371e-06 1.07275540927e-05 1.97794121166e-06 7.12066044112e-06 3.50297779807e-06 6.0556904362e-06 3.19635601338e-06 6.11796825809e-06 3.53833811264e-07 2.80273937805e-06 2.5907266658e-06 1.02570217251e-06 2.52533610136e-06 1.1281145724e-06 5.0703346069e-07 7.88406721122e-07 6.18606814408e-07 6.99029319377e-08 1.20322601243e-06 5.468544775e-07 1.07351459028e-06 1.19190255192e-06 3.53074832333e-06 1.31634686517e-06 8.37547849817e-07 7.09338331304e-07 3.35408998783e-06 2.00086783892e-06 3.26436057901e-06 3.90556866138e-06 1.18794180826e-06 9.50256275888e-07 1.20823138269e-06 4.30719311559e-06 1.2859252463e-06 9.82587591766e-07 5.60355452144e-07 1.35092632367e-06 1.10504422409e-07 5.35835179224e-07 6.86674906558e-07 5.638918075e-07 1.01243083831e-06 2.70306685896e-06 1.72785666161e-06 2.84966315025e-06 2.79959827875e-06 7.3670898463e-07 7.12824459038e-06 4.02560518375e-06 5.73166936887e-06 3.42351948943e-06 5.71656045679e-06 4.70618067378e-06 5.51349587321e-06 1.60472074561e-06 1.52321625882e-05 2.27562528204e-06 1.55489605711e-05 2.78089917178e-06 1.76218177594e-05 2.648990396e-06 7.39227448572e-06 5.45318035605e-06 7.40911665568e-06 3.74077022648e-06 6.48374861489e-06 3.98851140366e-06 6.52268616267e-06 1.24513268538e-06 2.75651482063e-06 2.5301400051e-06 1.52051594296e-06 2.46445381688e-06 1.11774281443e-06 9.29235345236e-07 3.27558001026e-07 7.59667914407e-07 7.81852800978e-08 2.08483647443e-06 4.69961022019e-07 2.23879488385e-06 1.67150414124e-06 3.91944278482e-06 1.17663382763e-07 5.00017676291e-06 9.37272779537e-07 5.24832652881e-06 2.12637916111e-06 1.09610756859e-06 1.54885550136e-06 3.07904032408e-06 5.73500045097e-06 1.18834712105e-06 6.41682557495e-06 1.78103606128e-07 4.63581023033e-06 1.76347361588e-06 2.3305067583e-06 5.74974894347e-07 2.10963511745e-06 2.7902665968e-08 6.81813074936e-07 3.62370895686e-07 7.97483302956e-07 9.93461642948e-07 1.47221183564e-07 6.5623363831e-07 7.07775528104e-07 1.04965844937e-06 2.97076904578e-06 7.57894758203e-07 1.44309883869e-06 1.53689181564e-06 3.01761372802e-06 1.16527678391e-06 3.50912726245e-06 2.0747336746e-06 7.41495548085e-06 1.50124247805e-06 7.3001225907e-06 8.51240641794e-06 3.1446937012e-06 8.65915260917e-06 3.98148775788e-06 3.07315049698e-06 1.63623068409e-06 2.93474052418e-06 1.59822807702e-06 1.51681684016e-06 8.42291643528e-07 3.33943674938e-06 9.56567876631e-07 5.84336464645e-07 5.39137958218e-07 1.32776147316e-07 1.52818628444e-07 2.12032802176e-06 1.95034336078e-06 2.16827971737e-06 9.47900169938e-07 4.91012594581e-06 1.86442131508e-06 7.80661274738e-06 3.48388858765e-06 8.68468395092e-06 1.75472210507e-06 1.3026385863e-05 2.09515782849e-06 2.20529670018e-05 4.21609698043e-06 7.93069289119e-06 5.38591490874e-06 4.97330680783e-06 8.43818504388e-06 5.41684925102e-06 2.63622026562e-05 3.1547742755e-06 1.5551021922e-05 3.03609027923e-06 1.18011041487e-05 3.90182736778e-06 7.94043181316e-06 2.73313452184e-06 4.3471839588e-06 1.1961229957e-06 2.24727475838e-06 1.99065546546e-06 1.6056807425e-06 1.35522248961e-07 8.65982443853e-07 1.58142232719e-06 9.09562112908e-07 9.83397004025e-08 3.53723857451e-06 5.8324518488e-07 3.10309778708e-06 1.53958886167e-06 4.67989214671e-06 8.66159469404e-07 4.19343440139e-06 2.00594159148e-06 7.33107335795e-06 3.29073771915e-06 5.48027853856e-06 1.66407973111e-06 5.27624916667e-06 1.58099755779e-06 5.26188963419e-06 5.93969495216e-06 8.21683044926e-06 3.27331579737e-06 4.37329781406e-06 1.08353486652e-06 6.0722117041e-06 1.67889244135e-06 3.41216443823e-06 6.95776249738e-07 3.2691525071e-06 2.15672580337e-07 8.76652422284e-07 1.27396332076e-06 7.11758999059e-07 1.96225349968e-06 3.18234022093e-06 2.08605397711e-06 9.89515729492e-07 5.18105586011e-06 1.81684215741e-06 6.27574276392e-06 3.30058550286e-06 5.92163286139e-06 4.0000834804e-06 7.90106897072e-06 2.33986584727e-06 1.82787183327e-05 3.47253123735e-06 1.91747989206e-05 2.18219575821e-06 5.58224042631e-06 5.49254586932e-06 2.36687742025e-06 2.09937475894e-05 5.47961419964e-06 2.17031524964e-05 4.511424198e-06 9.05219103442e-06 5.37950410858e-06 7.4433689118e-06 3.88101415556e-06 6.18537510147e-06 2.35829494951e-06 4.2674475813e-06 9.9576135409e-07 2.0115132158e-06 2.61892792765e-06 1.54832352681e-06 9.98441024165e-07 1.51256612603e-06 2.32378089025e-06 8.73812831619e-07 4.24903914827e-06 1.33091233611e-06 3.95439283148e-06 2.36543319271e-06 6.93073464269e-06 7.77308514931e-07 7.00763149752e-06 1.80110689369e-06 1.14054590207e-05 3.91892931725e-06 6.62056737609e-06 4.62892950165e-06 5.28035086569e-06 1.97591580268e-06 5.00241182219e-06 4.62966934318e-06 6.45685742109e-06 5.5810017891e-06 1.28854882189e-05 2.16898219561e-06 1.02401518593e-05 1.00623111419e-06 8.93204090589e-06 2.78443334071e-06 4.035230351e-06 1.65199149508e-06 3.5303043694e-06 8.41473810951e-07 1.73187924135e-06 1.15014850232e-06 8.30812736211e-07 2.14076244306e-06 2.92489750941e-06 1.54965432348e-06 3.00704107547e-06 9.65711126757e-07 6.10467343998e-06 2.36581664577e-06 6.67781658367e-06 2.71506088507e-06 4.80083045091e-06 2.7294980668e-06 1.30579387102e-05 2.22380605552e-06 1.11329212905e-05 2.04234790552e-06 8.92583841097e-06 1.67793984264e-06 1.8441355178e-06 9.82683116912e-06 1.91360829598e-06 1.17861467322e-05 4.36752689804e-06 1.51564080218e-05 4.52541515112e-06 5.4516880438e-06 3.17787258176e-06 6.37744056224e-06 2.04302818849e-06 6.43655831252e-06 8.15978580427e-07 2.4898398337e-06 1.14644146914e-06 2.20186667195e-06 1.56320026518e-06 2.2345208402e-06 2.96719857212e-06 1.37193315184e-06 8.58645025311e-06 3.98614563848e-06 5.87650773055e-06 6.87189327072e-06 1.19858155366e-05 2.87821788515e-06 1.50702918737e-05 2.32307865641e-06 2.21684475002e-05 5.46619722757e-06 1.01571582595e-05 6.3042394141e-06 7.23996609732e-06 8.10709089819e-06 2.38268187863e-06 8.36810798081e-06 8.77799256084e-06 6.98409642364e-06 1.26987240521e-05 8.33466070867e-06 2.6427533876e-05 4.37791794662e-06 1.78920171236e-05 4.10525555927e-06 1.36071614384e-05 6.83529981946e-06 5.24363910417e-06 4.40578884855e-06 7.31727948271e-06 8.49652034097e-07 1.88869470863e-06 1.30837072846e-06 6.63929612145e-07 1.59696519253e-06 3.16740272656e-07 3.13900676237e-06 1.12957577688e-06 4.62076015799e-06 2.94257803078e-06 7.27954619359e-06 1.70066977952e-07 7.63555136118e-06 1.85076091364e-06 1.13292757906e-05 4.05366285136e-06 7.53085958754e-06 3.4422288935e-06 7.03778380446e-06 2.58835285504e-06 4.61744814136e-06 5.06365753598e-06 2.74138946012e-06 8.1357963537e-06 3.06569341175e-06 8.63880493762e-06 6.7116005529e-06 1.28181822098e-05 4.0289947993e-06 8.11319649042e-06 8.80364404691e-07 7.35648569411e-06 2.67885939639e-06 3.99750889517e-06 1.17470382033e-06 2.42819408418e-06 1.92805672949e-07 8.94711637788e-07 4.25222967913e-07 4.93017439163e-06 1.15780189555e-06 6.01155785618e-06 3.77332328539e-06 5.05124566135e-06 6.84019178711e-06 1.5198188954e-05 3.28948313297e-06 1.43679594825e-05 4.45224530202e-06 2.45458258605e-05 4.97395628615e-06 2.35740283457e-05 3.4067755434e-06 1.08464482424e-05 6.62014446294e-06 2.62531413674e-06 2.45527230499e-05 2.89479180868e-06 7.03387883328e-06 1.12526325761e-05 4.04367230206e-06 2.56263950312e-05 7.56540619675e-06 2.84276242354e-05 6.63622025377e-06 1.73768394958e-05 4.45611489625e-06 1.74322487399e-05 7.76714482942e-06 4.5583621255e-06 4.48171037698e-06 4.80650304589e-06 7.83073936738e-07 2.70192627764e-06 3.98024072857e-06 1.75535421959e-06 5.04283406934e-06 1.78731783535e-06 8.10677903955e-06 2.69243669528e-06 1.02734118e-05 3.35912736516e-06 1.10217536174e-05 3.4434236223e-06 1.88136247063e-05 6.4102767982e-06 1.03314183004e-05 4.71928771215e-06 9.58227939999e-06 3.02733589159e-06 4.60681367214e-06 6.7977678204e-06 6.37024613394e-06 4.71642858356e-06 3.23169602675e-06 9.62591378207e-06 5.45984538692e-06 1.12103699022e-05 1.08447634215e-05 2.09908688905e-05 6.19789477182e-06 1.18739877093e-05 3.83826537904e-06 9.98974779281e-06 3.04535307945e-06 6.9328141652e-06 1.88672236994e-06 3.67425035918e-06 9.07115643694e-07 2.45789864919e-06 1.39706568356e-06 3.0246568258e-06 1.04218605303e-05 2.92116892977e-06 9.66463511353e-06 6.62194499757e-06 1.53075505342e-05 4.32426639845e-06 1.59945927562e-05 3.92281057961e-06 2.48408453925e-05 6.93667906069e-06 2.09328935811e-05 3.20939550507e-06 2.08157508478e-05 2.57282165162e-06 3.27588286664e-06 1.76165793656e-05 2.66971078654e-06 1.87208902041e-05 3.81479806621e-06 3.677875084e-06 2.12548596552e-05 4.00802226609e-06 2.39034535029e-05 1.0401402279e-05 2.86205156231e-05 5.96825986741e-06 1.87824991253e-05 5.7119986135e-06 1.70538103417e-05 7.43506874511e-06 6.96327527518e-06 2.70455317863e-06 6.55355539348e-06 1.15644724989e-06 8.59721835464e-07 1.48821879482e-06 8.66344609196e-06 3.13460813069e-06 6.04650329935e-06 3.32223297671e-06 8.57623815227e-06 3.28160610261e-06 1.1135878716e-05 3.69069934821e-06 2.04821569754e-05 6.64173971808e-06 1.40816450404e-05 4.74102254435e-06 8.88999581443e-06 3.19026956272e-06 4.57761824068e-06 6.73806430313e-06 5.22486315974e-06 5.27752498469e-06 6.45225231298e-06 4.49659285759e-06 4.29520387806e-06 8.13650699525e-06 4.84010331822e-06 1.51359720818e-05 1.07390207751e-05 2.21179173741e-05 5.99020394124e-06 1.16697122072e-05 3.70799578755e-06 8.89423302965e-06 3.49526529073e-06 4.99166284211e-06 2.60053700684e-06 4.97077276409e-06 8.34110368266e-07 1.21804833958e-05 4.91130664302e-06 8.39038933017e-06 5.41222510738e-06 1.87505516137e-05 3.89343311027e-06 1.99896507195e-05 5.67151109998e-06 3.11874559312e-05 8.86078603669e-06 2.35514122008e-05 3.9754612742e-06 2.36057327001e-05 2.4143093239e-06 1.08866246363e-05 1.05119991391e-05 3.53488405656e-06 1.95149471851e-05 3.56758497351e-06 1.12376286674e-05 9.93905608939e-06 2.96825917129e-06 2.53254626723e-05 4.52172505713e-06 2.63719965779e-05 1.23752461546e-05 3.45330265358e-05 7.91549760157e-06 2.37650553229e-05 5.15433993255e-06 2.06919405782e-05 5.9499858815e-06 6.11357363188e-06 2.85251304787e-06 5.19329358629e-06 4.21570659404e-06 9.3230828141e-06 4.13458189422e-06 1.40873989552e-05 4.93015164842e-06 1.09441474958e-05 6.27586512376e-06 2.48138587345e-05 9.83037611996e-06 1.51829333064e-05 4.0932524049e-06 1.28892536053e-05 4.07718091988e-06 4.93400053302e-06 1.3150339839e-05 3.36739469811e-06 6.89332956656e-06 6.51612262403e-06 3.20118935018e-06 1.4692036031e-05 4.25733272637e-06 5.19371093612e-06 1.33817583858e-05 4.55063224982e-06 1.62975544516e-05 1.45274049558e-05 2.52508274357e-05 9.08444954965e-06 1.07004753171e-05 5.08036259476e-06 1.53367237048e-05 3.90716662063e-06 6.55943965261e-06 1.77381785572e-06 2.44733299621e-05 2.08983309084e-05 9.71611111867e-06 2.08131614396e-05 7.80940821421e-06 2.76778342779e-05 6.80036529118e-06 4.3265651861e-05 1.16727262372e-05 2.96109535749e-05 4.6003698731e-06 2.51425204099e-05 4.11469691738e-06 1.06584368757e-05 1.16541568462e-05 8.15928742021e-06 9.84044710194e-06 6.55847338578e-06 1.00031750898e-05 8.82352541084e-06 1.21737195297e-05 1.06447414427e-05 5.00594550484e-06 2.67366940578e-05 5.31067832389e-06 3.43930702113e-05 1.5206552447e-05 4.89280478286e-05 8.9106170765e-06 3.32502499164e-05 8.80868476608e-06 1.96030499109e-05 8.9798446665e-06 1.47356187515e-05 6.35799334379e-06 5.01335910005e-05 7.46002308188e-06 1.46296554977e-05 4.68651112348e-06 1.45471339136e-05 6.78180028521e-06 2.48527046445e-05 1.14908205965e-05 1.43062812785e-05 3.78524362954e-06 1.02381949002e-05 3.16720658266e-06 3.73202470344e-06 1.18467502903e-05 2.32412651515e-06 9.50425735381e-06 3.57342381337e-06 3.02517968015e-06 1.00799639359e-05 2.34336992735e-06 1.24429867097e-05 3.69909810227e-06 4.0583561093e-06 9.90431251839e-06 3.90331444154e-06 1.524741457e-05 1.64811186042e-05 2.39001151884e-05 8.91025212245e-06 1.59915524214e-05 5.48166089006e-06 1.1583930971e-05 4.82107034337e-06 1.17913531592e-05 0.00012149823878 3.25259785066e-05 8.42351360127e-06 2.54808264185e-05 1.23450770063e-05 5.32763988185e-05 1.36176131957e-05 3.91950357789e-05 5.74404540017e-06 3.15883426225e-05 5.18920319042e-06 9.78272573335e-06 1.87498697674e-05 8.49275722911e-06 1.09001484143e-05 1.41052874635e-05 3.25600213128e-06 1.45692896271e-05 1.08333813572e-05 9.41254482326e-06 1.91362018421e-05 1.04128024531e-05 5.95508799522e-06 3.34737672649e-05 6.44578047887e-06 4.5752316009e-05 1.63168349439e-05 5.92538200479e-05 1.56902570196e-05 2.89806120014e-05 8.74559441262e-06 3.04253155928e-05 1.82911098623e-05 9.30077913756e-05 1.13116086605e-05 2.86874658508e-05 1.33835330049e-05 5.94173374634e-05 2.92372336288e-05 2.02042029785e-05 9.15050270667e-06 2.03850965034e-05 8.65631079818e-06 3.74339305679e-06 2.49843318871e-05 4.16865465951e-06 1.87982442205e-05 5.44275752637e-06 7.91315408224e-06 9.88105116347e-06 5.85858738997e-06 1.90065828807e-05 4.58087971816e-06 2.4622504496e-05 5.09718028043e-06 9.11814190286e-06 2.10788286644e-05 9.54139210812e-06 2.32130106585e-05 3.32412728817e-05 6.40113693679e-05 1.6609724041e-05 3.17760220469e-05 1.12365800764e-05 4.18241708667e-05 0.000303768817106 3.36805037982e-05 5.30400166392e-05 1.48976883148e-05 5.98268528194e-05 3.15230819694e-05 3.28040578152e-05 4.44498246609e-06 2.64555847383e-05 6.25577382561e-06 6.12581506069e-06 1.559121287e-05 5.50575142027e-06 1.0313533787e-05 9.98729545309e-06 3.48894808529e-06 1.49892666784e-05 4.5683706132e-06 9.83159272218e-06 1.01163073711e-05 6.45639071056e-06 1.33519561172e-05 7.61769535072e-06 6.28360889563e-06 2.76400685399e-05 5.07083050072e-06 3.90651875605e-05 3.29247302292e-05 5.69685785647e-05 1.57967597811e-05 4.23572609388e-05 1.52958671362e-05 5.73699475402e-05 0.000141013055299 0.000114770459512 3.06638468384e-05 7.18824027182e-05 3.55887159326e-05 4.54227691325e-05 8.17822947796e-06 1.84300788421e-05 1.0369010621e-05 5.70511603122e-06 2.42887556415e-05 4.83142561484e-06 1.51318688405e-05 6.66524224037e-06 5.4370513341e-06 8.33667690997e-06 7.55014906341e-06 8.48208515338e-06 5.26616454527e-06 1.67270923289e-05 4.03986914181e-06 2.25664160126e-05 6.0677957281e-06 1.01204150237e-05 1.62128263041e-05 9.3351761189e-06 4.6104810689e-05 3.17495455704e-05 6.26037567882e-05 2.3578179682e-05 5.43389742042e-05 2.19347740863e-05 0.000534171612499 6.21787102385e-05 0.000164215622807 6.77736068526e-05 8.14769695314e-05 2.27574542075e-05 6.94906171821e-05 1.16255060885e-05 1.58131454822e-05 3.40183792752e-05 1.1772182109e-05 2.10321694962e-05 1.76766278486e-05 6.35017591829e-06 3.07860769145e-05 5.2649925507e-06 2.96105486259e-05 6.55125923403e-06 1.66586239944e-05 1.81355044161e-05 1.08697900289e-05 2.57135124628e-05 1.51503444877e-05 8.95605614031e-06 5.07146600319e-05 1.71528541206e-05 6.17706314659e-05 4.62251182927e-05 0.000117736812039 4.29929580149e-05 0.000105590510619 0.000400231715187 0.000382200454771 0.000165334868176 0.000149077348867 2.92971403492e-05 0.000134955812219 4.33491971608e-05 2.04245026429e-05 9.4285727267e-05 2.01709996328e-05 5.42885445871e-05 2.61054570384e-05 1.91058889072e-05 2.868778148e-05 2.54591408447e-05 2.11750243285e-05 2.56685342477e-05 1.66122119674e-05 1.96004436749e-05 3.77044106336e-05 1.31109905997e-05 5.72466123522e-05 1.18412800511e-05 2.38091075498e-05 7.42400429143e-05 1.89385104642e-05 8.09024205024e-05 9.1757649657e-05 0.000232022851878 0.000103092104418 0.0034463379808 0.00074030032051 0.000623908879194 0.000102994986405 0.000308696017711 0.000101071305775 0.000120458431776 0.000131793941978 7.82789944497e-05 9.81267294879e-05 6.77698772079e-05 5.06060772273e-05 8.78486591456e-05 3.34688289123e-05 8.31283472713e-05 2.83491888659e-05 6.59967816396e-05 3.12876853957e-05 3.74084185204e-05 4.8212126697e-05 3.13813172556e-05 4.88153025304e-05 3.58116715263e-05 3.08608467361e-05 8.89564722339e-05 2.41514841607e-05 0.000166503937375 0.00021250413607 0.000900904780024 




























