








































2.45390414202e-06 1.55922203332e-07 3.277592831e-07 2.63233945697e-06 6.92511991916e-06 1.43445297654e-07 4.03174544662e-07 3.81853795226e-08 1.16299047862e-07 2.44570010367e-07 1.68204270126e-07 7.42887154716e-07 5.70099438761e-07 6.40808569397e-06 2.13998862765e-06 1.23089182901e-06 6.84784265714e-08 5.5450256472e-08 2.00699711629e-07 5.45342055204e-08 1.08695621983e-07 5.44392375939e-08 1.45553518821e-07 8.80060438507e-08 1.03557687016e-07 1.9548283041e-07 9.86392779431e-08 1.83226886561e-07 1.44694051334e-07 5.16781764326e-07 2.43922828676e-07 3.66958848472e-07 1.49782635231e-06 1.75940323261e-06 1.52335009919e-06 5.34718282677e-06 4.61211806799e-07 2.01743830793e-07 9.89565083881e-07 6.22724782692e-08 3.08478160408e-07 6.26307383394e-08 1.06334462046e-07 4.42966315907e-08 6.46128367133e-08 5.67521978416e-08 2.65764354945e-08 1.08123289196e-07 3.22811458874e-08 3.14218034981e-08 1.47258386427e-07 1.836309738e-08 5.40550861974e-08 6.04200046493e-08 1.95806521449e-08 1.69903966976e-07 4.13650575777e-08 4.01386625736e-08 1.5152753223e-07 4.14956007591e-08 8.73761289448e-08 1.10591816103e-07 9.19551432647e-08 2.27809158423e-07 1.99286443301e-07 4.82551062241e-07 2.28869954295e-07 1.69553168086e-06 4.16636168028e-07 9.81443041484e-07 5.09348329152e-06 1.1082046637e-05 6.36964964983e-06 7.84933355775e-07 1.30164564198e-06 1.52683986381e-07 1.70513392e-07 1.46867046088e-07 2.76449252539e-07 1.28230799192e-07 2.49695480237e-07 1.24959536346e-07 1.53618665575e-07 2.66923589053e-07 2.44148873009e-07 1.51190321939e-07 1.86985896335e-07 1.22265057411e-07 1.58581348752e-07 2.45159640383e-07 2.35874812226e-07 1.87695324592e-07 1.35115494074e-07 2.08473873481e-07 1.96713479651e-07 3.14850360051e-07 3.59281765613e-07 2.48765045536e-07 1.75690823678e-07 4.28016771185e-07 2.31190766212e-07 5.9798309424e-07 4.29429859415e-07 5.31145538116e-07 4.73102953821e-07 2.04631475081e-06 8.90933098738e-07 5.32404207256e-06 1.22404459421e-06 1.94500286073e-06 2.20521187285e-06 9.45837699893e-08 1.36750343848e-07 7.94298935929e-08 8.50981334408e-08 2.09371918975e-08 8.68463785262e-08 2.74627653877e-08 7.22779531178e-08 6.14261945011e-08 1.33922746908e-07 3.46897062586e-08 1.59979504155e-07 4.42359639938e-08 7.3078933611e-08 1.96726934267e-07 5.67689125155e-08 2.09193350578e-07 9.19828004321e-08 5.0480625386e-08 2.24292101126e-07 4.90056194352e-08 2.38709968427e-07 9.8739604401e-08 1.89041051613e-07 3.72555275952e-08 2.65294182963e-07 4.79457242037e-08 2.86590536395e-07 2.88009271397e-07 4.31142291172e-07 1.75531266558e-07 2.30593466081e-06 1.69734987162e-06 1.78571959387e-05 3.27219238096e-06 1.90825292469e-05 1.0578009908e-06 1.82640679996e-06 1.03395438966e-06 8.01642805495e-07 4.5934528754e-07 6.08295010101e-07 3.79433973746e-07 3.10673297756e-07 5.64028867232e-07 5.65737726177e-07 2.34152758303e-07 4.42137727601e-07 3.32600604007e-07 2.0111109632e-07 6.05280965887e-07 3.41759798061e-07 3.54495929199e-07 6.49769729776e-07 2.39212806566e-07 4.03432078568e-07 5.61627417929e-07 3.1581357554e-07 8.3157039006e-07 8.06664372122e-07 5.41465380747e-07 4.98160696909e-07 9.70699874149e-07 7.61082163846e-07 1.4535841511e-06 1.7859639826e-06 2.44648186946e-06 1.70025910235e-06 2.77967415624e-05 3.07679373609e-05 5.95743210106e-06 3.99373701315e-06 7.35983425042e-07 1.25109004166e-06 1.4123765128e-07 1.95809918626e-07 6.34556285159e-08 1.10863615983e-07 1.0057788034e-07 1.32555607939e-07 4.8297274607e-08 2.14244391441e-07 9.68597000495e-08 6.07389780534e-08 2.89318258732e-07 9.48771847321e-08 9.87421202089e-08 1.55241252573e-07 8.752148036e-08 3.42532010315e-07 1.05656435954e-07 1.46952770524e-07 3.21258184736e-07 1.01816597448e-07 2.96052088599e-07 2.41196631276e-07 2.63481662127e-07 1.6682738655e-07 3.63071174201e-07 3.44936691706e-07 1.77599430559e-06 7.78110975676e-07 3.94743692715e-06 7.10916997909e-06 7.64053456917e-06 1.88282735771e-05 4.97371552502e-06 2.22300356673e-06 6.34352317742e-07 1.75452003506e-06 3.70193066498e-07 9.20976171966e-07 6.31562106501e-07 1.37868208127e-06 2.73052694477e-07 1.30579162334e-06 3.06796926673e-07 5.12918316634e-07 8.58229304991e-07 5.03959626465e-07 5.58479979327e-07 5.99031831101e-07 5.69046056708e-07 6.10854805917e-07 8.74286929691e-07 6.75233966488e-07 4.03668625815e-07 1.58369103517e-06 3.10174957319e-07 1.86175612622e-06 8.55310962741e-07 1.30614568178e-06 4.54218875106e-07 2.40354450431e-06 1.04599555484e-06 5.12972055249e-06 7.58585985521e-06 2.86277633614e-05 4.36543152942e-05 1.040887656e-05 1.08008534966e-05 3.14663677402e-06 8.49339292188e-07 1.79587242329e-06 5.28188173054e-07 3.01316896461e-07 5.44138787961e-07 3.74730067539e-07 1.24936930495e-07 2.79982542439e-07 1.12675284836e-07 1.65551747381e-07 3.91249391923e-07 6.94712338199e-08 3.57513594972e-07 2.00908770343e-07 1.41977009657e-07 4.2579011587e-07 1.03816385847e-07 4.58788748427e-07 2.49940153546e-07 1.7185180172e-07 4.63908295424e-07 2.74510247558e-07 6.10393716912e-07 8.1266834341e-07 4.66251442617e-07 8.28920776783e-07 2.81606278389e-06 1.34160555461e-06 4.92876748534e-06 2.1270968692e-05 6.17279320924e-05 3.39358735638e-05 4.12304167601e-06 4.79762389764e-06 1.53833024244e-06 2.61401067917e-06 2.3465286856e-06 1.56231474198e-06 7.08161147019e-07 1.73980776126e-06 7.96141375188e-07 5.99147552539e-07 2.33813042843e-06 5.3901607377e-07 2.03341322265e-06 6.35389294623e-07 9.87098174398e-07 1.05758760934e-06 6.35151946132e-07 2.49444425238e-06 5.9595767652e-07 3.36814760465e-06 7.33327687524e-07 1.36897936166e-06 2.78912380948e-06 1.40663312476e-06 2.72262995959e-06 5.3903186884e-06 5.81298696098e-06 3.30478226512e-06 1.01236584381e-05 7.91617040683e-06 5.27565348656e-05 9.78456018903e-06 4.42005764732e-06 4.08482870891e-06 4.64086600079e-07 9.55991696013e-07 8.54058418013e-07 1.59105917685e-06 2.22788747814e-07 1.34557463919e-06 2.79417042573e-07 3.68842058554e-07 6.82003569775e-07 3.46915718644e-07 5.7336477449e-07 7.04359132831e-07 1.16171890853e-07 1.20792783375e-06 1.47881190868e-07 8.08701733713e-07 6.96383288277e-07 4.55497897719e-07 9.98811009985e-07 5.21486893909e-07 3.84210601545e-07 2.23966845616e-06 4.30774421521e-07 3.29936284834e-06 1.8124381866e-06 2.10503148739e-06 7.90948994463e-07 7.71707496206e-06 8.51373624369e-06 4.83774929459e-05 8.41521063321e-06 2.11333523005e-05 3.04316719183e-06 3.39618588776e-06 2.817200363e-06 4.51497234619e-06 9.69060679342e-07 1.88302082357e-06 1.08639546402e-06 6.88733560043e-07 2.81303941614e-06 6.70514782026e-07 2.05523779072e-06 9.34802025733e-07 1.00107858082e-06 1.21864135289e-06 1.23979735773e-06 1.24556228397e-06 1.12161440947e-06 2.73428886276e-06 8.75529132116e-07 4.48925597174e-06 1.1391121588e-06 1.97215050601e-06 3.39278512545e-06 1.90030001723e-06 9.00670242588e-06 5.28110512909e-06 7.17315371947e-06 5.93408171172e-06 3.44158787584e-05 3.63396199289e-05 7.38460876724e-06 4.59884474189e-06 2.68705987593e-06 8.85274525107e-07 1.51193169246e-06 4.37757072107e-07 1.31889972839e-06 2.79682508329e-07 5.67741127007e-07 9.08084165261e-07 5.04398498103e-07 7.56297784082e-07 5.41925825748e-07 4.14870814607e-07 1.05665804181e-06 4.90898583863e-07 1.10533741499e-06 5.35842433906e-07 6.95980346871e-07 9.96216841549e-07 8.15135936471e-07 1.20462815401e-06 1.08647261354e-06 4.46330262289e-07 2.39907286071e-06 5.68623066149e-07 2.85438664889e-06 1.68238236134e-06 3.88616938991e-06 8.06141731958e-06 3.55906467023e-05 6.44325652611e-06 1.45014282424e-05 5.73485310356e-06 5.0564012814e-06 1.18365690401e-06 4.64000268214e-06 1.48806922186e-06 7.40080003194e-07 3.57791327201e-06 8.19436912483e-07 2.3565256646e-06 1.22502772968e-06 1.03826324796e-06 1.60428339048e-06 1.32343902053e-06 1.59119630279e-06 1.7929863425e-06 1.1941180567e-06 1.6315910649e-06 3.39303403669e-06 1.26068747705e-06 5.89285795419e-06 1.27653141518e-06 2.70932482255e-06 8.43473826371e-06 1.83107127182e-06 9.31733430416e-06 1.0333429261e-05 2.38875284232e-05 2.50144821992e-05 1.32815085044e-05 1.3615080117e-05 9.24898836538e-06 1.19359081648e-06 4.08543983241e-06 1.25255388196e-06 1.64724604583e-06 2.07389844871e-06 1.14782310023e-06 1.78556273838e-06 1.37425024811e-06 8.81488416373e-07 2.3042064203e-06 8.99245162216e-07 2.61539676877e-06 8.53818401578e-07 2.56414743234e-06 1.27465623222e-06 1.75802330358e-06 2.31658848082e-06 1.7854135158e-06 2.90929800572e-06 2.85436575069e-06 2.1241195808e-06 6.71067276788e-06 2.45380356443e-06 1.55103439498e-05 2.04234114724e-05 4.62687700318e-05 2.08521557839e-05 3.78310732227e-05 4.45389925292e-06 9.19119826123e-06 2.67015674083e-06 3.52454762594e-06 7.51045670384e-06 1.24980797379e-06 5.3361502409e-06 1.90250626602e-06 2.58335642648e-06 3.47646817825e-06 2.1319194586e-06 3.38470190004e-06 3.47287390295e-06 2.39108269108e-06 4.0199432749e-06 3.42858661628e-06 2.61087320843e-06 7.74179822809e-06 2.02285922587e-06 1.15868676635e-05 5.67947978811e-06 4.5147475984e-06 1.58337299269e-05 8.37113512102e-06 5.55869479585e-05 7.23797133693e-05 1.10118277427e-05 4.02435872819e-06 5.49662607649e-06 8.91928094982e-07 1.04880976167e-06 2.15955350192e-06 9.80661679391e-07 9.31339567928e-07 1.12700216481e-06 5.83395858362e-07 1.57126003693e-06 4.97831977584e-07 1.35416997381e-06 7.32919540775e-07 1.39751588518e-06 6.3965520912e-07 1.86108397887e-06 7.66072188736e-07 1.71066990129e-06 1.32740524351e-06 1.55912198293e-06 3.90790089044e-06 1.74556262159e-06 1.59492468866e-06 8.25658175927e-06 5.90316421755e-06 3.078726831e-05 1.20572514674e-05 4.56338740844e-05 7.70586287588e-06 5.42779275122e-06 1.01026100659e-05 4.28939179706e-06 7.72747682011e-06 2.58019530338e-06 3.83327786251e-06 4.78585542756e-06 3.05592135791e-06 4.12442016914e-06 3.89738217495e-06 4.01498718739e-06 4.56512292467e-06 3.3914756233e-06 5.87088166347e-06 5.34919828515e-06 3.22865979831e-06 1.07112537395e-05 6.28597834012e-06 1.53346154418e-05 8.30881688414e-06 1.16912634824e-05 6.66340544771e-05 3.33840851138e-05 1.78415787488e-05 7.01672063723e-06 3.95102325665e-06 4.6185226782e-06 1.58467628572e-06 3.23807064039e-06 2.0861310167e-06 7.97619040059e-07 3.20449243832e-06 6.94502265409e-07 2.87424681001e-06 9.75552529016e-07 2.56535402051e-06 1.09265112155e-06 3.15396721099e-06 9.16726631287e-07 4.09938448134e-06 1.16346782547e-06 2.97561818426e-06 4.57300762926e-06 2.56077726309e-06 7.08080764845e-06 5.73683799645e-06 1.03962701618e-05 4.63849593195e-05 9.37100045286e-06 1.22777429009e-05 1.30339469458e-05 2.71702989711e-06 5.34649673009e-06 3.45978118676e-06 2.82164396852e-06 2.60832115119e-06 2.17710132984e-06 2.8830669724e-06 2.64434588747e-06 2.46012475858e-06 2.4352984891e-06 2.91515056684e-06 3.32819656743e-06 2.63312826248e-06 3.49866089769e-06 3.75585800386e-06 4.32927417662e-06 7.55858780381e-06 4.03435725068e-06 1.7958740987e-05 1.69624588136e-05 2.062712252e-05 3.05973651261e-05 7.03752772636e-05 1.21222584778e-05 1.32891645495e-05 7.20555907601e-06 7.70716335785e-06 1.08421117077e-05 3.09604515995e-06 9.97198424879e-06 4.50821873452e-06 7.92396444832e-06 4.28202059561e-06 8.212137863e-06 5.05678282073e-06 1.15350180634e-05 3.85226403202e-06 1.37395580449e-05 9.57838531953e-06 1.10639925045e-05 1.88572083858e-05 1.63522614136e-05 9.39611132379e-05 6.97650986956e-05 2.90734840988e-05 1.18339072752e-05 1.13376325833e-05 3.35704273844e-06 3.20665807477e-06 5.6317966679e-06 2.61170087196e-06 2.60248162494e-06 3.14269814794e-06 2.72046940068e-06 2.79283515633e-06 2.90732853025e-06 2.94715890299e-06 3.57262027911e-06 3.30712462615e-06 2.88790747694e-06 7.81512680744e-06 4.1339695949e-06 4.69226890158e-06 1.48329967544e-05 1.5933848447e-05 6.18314039666e-05 2.68050362056e-05 5.06609766318e-05 1.50547647212e-05 8.92176538525e-06 1.18931358112e-05 6.78561388097e-06 1.13883609593e-05 4.03073455619e-06 9.72344006333e-06 4.60680105933e-06 9.87771730635e-06 5.03077133073e-06 1.04865716109e-05 4.83850292562e-06 1.3241200034e-05 9.26408714137e-06 1.55076285412e-05 1.07651429522e-05 2.10767158475e-05 6.88801418581e-05 5.31423447767e-05 3.56951213964e-05 2.69279878938e-05 1.04167170845e-05 9.23284592942e-06 3.98280335101e-06 8.17982430979e-06 5.34622304148e-06 3.86166058262e-06 4.87790761098e-06 4.95813338226e-06 4.84102711367e-06 5.23411396522e-06 4.3815141104e-06 5.91651921798e-06 1.10115990295e-05 4.48343706442e-06 1.31921803697e-05 1.23478770355e-05 3.47079687584e-05 7.46629411747e-05 2.93376513036e-05 2.33522789712e-05 1.92586009394e-05 5.5786771872e-06 9.89376023313e-06 7.56410661392e-06 9.12634057274e-06 3.24472361239e-06 9.39297948749e-06 4.08322542061e-06 9.77518492636e-06 3.58683036291e-06 1.00878088356e-05 8.53006934973e-06 1.16559069201e-05 7.10161891147e-06 2.34238109921e-05 3.16567522704e-05 4.52545832755e-05 5.09772813698e-05 7.64840238e-05 1.75974131068e-05 1.91107227743e-05 1.22261505603e-05 1.54273872892e-05 1.19088208041e-05 9.26619334304e-06 1.16135108774e-05 1.22138797342e-05 9.52958377414e-06 1.37030016769e-05 1.7884584837e-05 1.45217117386e-05 2.40109339634e-05 2.21253612688e-05 9.72878954685e-05 8.25681796106e-05 4.36489250448e-05 2.56510492348e-05 2.08804090016e-05 7.27012876726e-06 9.88180473252e-06 7.06081812963e-06 9.50631866374e-06 3.58191254777e-06 1.04013180758e-05 3.68106347851e-06 1.09314507278e-05 7.111849404e-06 1.19798829394e-05 8.49838208181e-06 2.55872314329e-05 3.35204442692e-05 7.76627060397e-05 5.04524460309e-05 8.35113650119e-05 2.92947140326e-05 2.06981390584e-05 1.45027906774e-05 2.15617742298e-05 1.58182764288e-05 1.32799407747e-05 1.32097883351e-05 1.71934962175e-05 2.35910390361e-05 1.69632272345e-05 2.49558849338e-05 3.39069578971e-05 0.000106033473868 8.25720228159e-05 8.1332400505e-05 4.56975577323e-05 2.97141189187e-05 1.18916842091e-05 1.79657569591e-05 1.38272901146e-05 2.00481314333e-05 5.97852906395e-06 2.0603039652e-05 1.3956867598e-05 2.02101547223e-05 1.45217291414e-05 3.53576457064e-05 5.88293328786e-05 0.000114496549252 7.81940006782e-05 8.24914849183e-05 3.16718943152e-05 2.60879412961e-05 1.707446051e-05 2.78134059637e-05 1.60094126527e-05 1.62420020724e-05 2.90703724063e-05 1.91817988914e-05 2.9294868736e-05 3.59845043154e-05 0.000104185770853 0.000113446494899 8.43628422498e-05 5.78504108783e-05 4.08285365906e-05 1.65092638248e-05 2.56378346575e-05 1.59820711074e-05 2.83392769832e-05 1.5249325378e-05 2.75096856603e-05 1.93461682012e-05 4.7850751176e-05 7.47641416423e-05 0.00011902107619 0.000110134997716 0.000119835930729 4.57834831002e-05 4.13646035e-05 2.24334707455e-05 4.39004164178e-05 4.54404777302e-05 2.34920722865e-05 4.60749255045e-05 5.24180703017e-05 0.000148242538437 0.000149312259778 0.000135094774308 7.63261484354e-05 6.17960237432e-05 1.99190949786e-05 3.8101089475e-05 4.50520937658e-05 3.98859671598e-05 2.14607773346e-05 6.93438651398e-05 9.69697249496e-05 0.000170480136664 0.000172278409903 0.000187858901071 5.76791865936e-05 6.44447005034e-05 6.57949212536e-05 6.87234917666e-05 7.01355954104e-05 6.36737518674e-05 0.000227111093468 0.000216666672906 0.000180784125962 7.44036762675e-05 7.40938470702e-05 4.76637880299e-05 4.14949178011e-05 5.12166793877e-05 8.18609836954e-05 9.71603241203e-05 0.000209210971517 0.000211822540952 0.000284627962081 0.000158104910856 9.36819366356e-05 9.78425628167e-05 0.000177025176296 0.000330127172792 0.000252957787346 0.000455235967207 0.000318151090642 0.000165540404917 0.000112465324626 0.000180550084054 0.000373822347418 0.000535967764092 0.000504030823977 0.000275314953289 0.000178822126318 0.000186972250738 0.000337050751636 0.000553043144912 0.000580560714792 0.000362800383975 0.000339203940874 0.00043625139046 0.0006026046866 0.00103590780902 0.000887629868182 0.000971701932384 0.00105421058924 0.00264491752627 0.00255032989999 0.00264491752627 0.017627544212 0.0134136436334 

