



































6.23896269913e-07 2.71043962328e-07 6.55385710934e-08 3.45769945034e-07 2.21375191714e-07 8.80417024477e-07 4.17510325319e-07 1.49204438931e-07 1.6666503597e-07 1.5679597716e-07 4.61722666006e-07 1.10502555179e-07 2.09365180777e-07 1.81236217555e-07 2.98493458763e-07 2.01882285934e-07 2.08231668855e-07 3.01882139765e-07 1.85882660578e-07 2.17188364593e-07 1.16201031397e-07 4.87443087808e-07 1.90933926427e-07 1.77821353263e-07 1.60347567622e-07 5.07159568119e-07 9.77869308861e-07 2.77191726125e-07 4.34609875463e-07 8.29978900972e-08 3.38126260239e-07 4.49342843639e-07 4.75133495636e-07 1.35812006038e-06 1.71871806088e-07 5.31267310423e-07 2.82795991944e-07 3.05220197729e-07 2.56402219513e-07 2.11149087884e-07 1.1869018253e-07 4.80386457458e-08 6.71962703646e-07 1.94727549057e-07 7.24467724627e-08 2.054573454e-07 4.68367698354e-07 6.22446456044e-08 2.93997510863e-07 2.84903476424e-07 6.45791445356e-08 4.861844096e-07 2.07233127913e-07 7.78547589025e-08 2.18828191668e-07 7.54349703743e-07 4.7504409476e-08 1.61994630619e-07 2.40213438891e-07 3.26061765626e-07 3.84398293889e-07 3.64221080172e-07 5.37233551802e-07 1.82748934161e-07 9.19312339035e-07 5.95637422012e-07 1.0207601152e-07 2.42498012705e-07 5.41802648185e-07 1.1543847019e-07 2.46493193201e-07 3.46522954063e-07 4.0227993048e-09 4.14870201549e-07 2.6150401817e-08 1.94312841146e-08 6.61927080104e-07 4.0438142779e-08 3.26405866243e-09 5.08092376986e-07 2.89370316153e-08 2.11531970391e-08 5.19725906022e-07 1.02813223964e-08 1.82342613347e-08 5.4066891887e-07 1.40530196044e-08 2.82812314186e-08 5.28258980043e-07 7.66321816274e-09 3.91896483913e-08 6.87491007059e-07 2.40521320404e-08 2.59647520872e-08 4.42873190642e-07 4.11567909367e-09 3.86071971453e-07 2.37395210283e-07 6.02439918888e-08 3.82634677943e-07 3.06590106826e-07 1.12707185138e-07 5.89278565367e-07 3.1738382772e-07 1.48184157107e-07 1.27707295086e-06 3.35694738586e-07 3.25204993395e-07 1.3793131874e-07 1.64239494563e-07 6.51690818101e-08 1.4434598306e-07 2.01111725124e-07 1.35559057813e-07 3.94663742888e-08 3.32395178197e-07 1.58577488336e-07 1.21078581974e-07 4.36594333907e-08 2.7873703477e-07 2.80217843699e-08 2.94878139592e-07 5.96117263057e-08 1.3614653267e-07 1.93109131573e-07 3.51336046443e-07 4.28786622788e-08 1.54026452343e-07 2.18438436737e-07 1.69392221127e-07 9.52031042009e-08 1.80884279102e-07 1.94630899895e-07 3.12944302931e-07 2.41664779107e-07 8.5951546844e-07 1.05182467114e-07 3.4154231876e-07 6.13834688555e-07 3.20702248643e-07 2.76244650177e-07 1.24169802683e-07 3.94624522859e-07 1.25156299625e-06 7.53494739684e-07 1.76753590353e-07 5.47611933204e-07 1.29205891003e-07 6.74139616741e-08 6.0768543566e-07 1.36237484519e-07 2.92439817754e-08 8.85927760799e-07 6.88818548249e-08 1.2201955395e-07 6.12518545453e-07 1.22645140602e-07 3.64751297571e-08 7.94050201533e-07 3.60569894376e-08 1.22602869527e-07 6.09953329813e-07 1.35935653336e-07 5.98087104985e-08 9.30198870553e-07 3.32136733165e-08 1.34518327791e-07 6.37699491581e-07 4.24934420518e-08 1.59113812978e-07 5.26474954879e-07 1.6314245869e-07 6.37579565508e-07 8.54075335459e-07 3.44257711967e-07 1.24404695223e-07 4.30363449513e-07 4.40188092946e-07 2.55898884349e-07 6.99799054162e-07 5.95664544642e-07 4.42314096989e-07 1.18244778089e-06 4.77232976208e-06 6.77915452932e-07 1.7313781717e-06 1.56017605574e-07 4.68004467071e-07 1.89120473587e-06 2.49141601684e-07 1.10710136288e-07 1.46920126154e-06 3.55352813867e-07 4.42053098895e-07 2.57869489977e-07 7.15190857459e-07 2.73825642772e-07 8.48751278264e-07 1.25362481074e-07 8.14875767914e-07 2.7759076524e-07 7.36652441216e-07 2.54519244245e-07 4.60261821016e-07 3.60338209563e-07 1.4396723832e-06 1.21320244086e-07 2.27826143505e-07 1.83334148181e-06 4.49436562922e-07 1.44427198337e-07 1.60047584299e-06 4.76197818334e-07 2.95643612009e-06 1.10682328493e-06 4.55137601468e-07 6.4427777627e-07 9.6102743838e-07 3.16386492308e-07 1.60835599995e-07 1.19102474849e-07 7.36634570505e-08 1.25765549454e-07 2.9600333747e-07 9.37941809776e-07 1.10553534379e-06 3.64145477979e-07 1.06182354509e-07 2.25910201534e-07 3.8505744655e-07 2.11797330508e-07 1.2205476755e-07 2.08129086632e-07 3.32451146461e-07 1.68744177485e-07 2.97363949804e-07 4.49405872809e-07 6.43796633755e-08 5.26142223047e-07 1.68030651623e-07 1.13671708863e-07 1.5905158385e-07 5.15533546114e-07 5.09152090337e-08 4.55897952888e-07 2.63477538043e-07 1.34596008203e-07 3.46504219155e-07 2.03665719009e-07 1.5473544238e-07 1.95792851202e-07 3.34941567504e-07 2.10206698851e-07 1.41247077266e-07 1.8389769791e-07 7.96163252509e-07 8.11711217426e-07 3.01183180931e-07 1.61909669449e-07 7.72589366217e-08 1.31890439021e-07 1.98595178963e-07 8.36040263908e-07 7.41441627357e-07 3.62083739319e-07 2.25245022845e-07 8.22842236739e-07 1.16316844028e-06 3.452687805e-07 3.74213739139e-06 2.41936769476e-07 3.65744014461e-07 1.9029567526e-06 2.63476488339e-07 1.40985681049e-07 1.57112992681e-06 3.8475632353e-07 1.41854534811e-07 1.08599565896e-06 1.82660423084e-07 3.11194244343e-07 2.29688034788e-07 2.38169740907e-07 3.1246412606e-07 3.71061710857e-07 2.06861725303e-07 2.29691233979e-07 3.00768175087e-07 1.81774763528e-07 1.01245582548e-06 1.35737530727e-07 3.59877300347e-07 1.47677416606e-06 1.20322695785e-07 1.6487650387e-07 1.72557741441e-06 2.45545641803e-07 8.48588288487e-08 2.34581620844e-06 1.91218545802e-07 1.09450712345e-06 8.04416762088e-07 2.41306856153e-07 4.24283029734e-07 9.05705132693e-07 9.33380017466e-07 4.85301742493e-08 5.29596049028e-08 2.18949533257e-08 8.46145122253e-08 1.15974309145e-07 2.65268102669e-07 2.6482387781e-07 1.35819843295e-07 4.18962856386e-07 2.38842337771e-08 2.54989884329e-07 6.14786100871e-08 4.99975214851e-08 2.94013046103e-07 2.09951867553e-07 1.35998597953e-09 1.32015724314e-07 1.72033906404e-07 4.55955753065e-08 1.52554472385e-07 2.74719598733e-08 1.64236632157e-07 2.89365692321e-07 1.75438881282e-07 1.88995695672e-08 1.78429593927e-07 5.70090031854e-08 1.87262165771e-07 1.03237776261e-07 2.54753842097e-09 2.24992432773e-07 2.4519553189e-07 5.15422103385e-08 3.48387690762e-08 2.20579806111e-07 1.74522356719e-08 3.40771980022e-07 8.20629249182e-08 3.05027295144e-07 2.49008798893e-07 1.12163063571e-07 1.11229136232e-07 2.10345906708e-08 7.04631272522e-08 5.58286767652e-08 1.99357994715e-07 6.01138063692e-08 1.15520320758e-07 2.37212564532e-07 4.95929630926e-07 2.24706556747e-07 4.83482413475e-07 1.62071896299e-07 9.6487120265e-07 5.471446977e-07 2.29078053671e-07 1.37856682321e-07 3.59111229365e-07 4.97172281565e-07 2.14428451616e-07 3.62324707229e-07 2.70133468927e-07 1.55645881302e-07 2.50138847043e-07 2.99400135556e-07 4.37446205715e-08 4.52956311773e-07 4.17159959944e-07 5.36053690906e-08 2.80757580714e-07 2.63321812627e-07 1.36469600678e-07 2.57139677901e-07 3.34984357228e-07 1.98396452939e-07 4.78518676997e-07 2.75822918902e-07 1.05947065346e-07 2.22455593593e-07 3.17641995338e-07 7.45344361504e-07 8.27348404695e-08 3.95698845893e-07 1.69927566725e-07 5.29983281808e-07 2.53203086741e-07 1.4923457791e-07 1.06332616493e-07 2.94687401522e-07 2.07590467288e-07 5.20731729622e-07 1.96251133805e-07 4.84632890212e-07 6.53220733446e-07 1.14414653765e-06 4.46371386841e-07 1.35296667831e-06 4.87229823819e-07 6.58583652035e-07 5.42411466547e-06 2.70864671638e-07 3.95861269775e-07 2.51002091863e-06 6.48649318051e-07 5.39089158752e-07 1.76124604579e-06 4.31516905096e-07 3.43429678017e-07 1.92161687613e-06 1.54462841313e-07 8.8874691813e-07 3.55789635773e-07 1.39103496147e-06 3.37880181853e-07 9.67516475289e-07 1.23061695897e-07 1.75726952963e-06 3.37647246226e-07 4.19589638849e-07 1.64905170327e-06 4.24802199001e-07 4.6949157308e-07 2.12321049533e-06 2.10397831471e-07 1.62589146782e-07 3.45919558207e-06 3.52574629682e-07 4.24451327527e-07 1.1278968207e-06 3.86062178614e-07 1.13043205984e-06 7.09710745085e-07 6.54352820928e-07 2.1522783418e-07 6.9035239918e-07 2.15905629855e-07 2.50407896861e-07 7.3785840998e-08 7.3616110403e-08 9.25062094589e-08 5.68253785966e-07 2.95421291818e-07 3.42497726089e-07 8.72752126878e-08 3.66381400221e-07 8.8873744944e-07 9.96214600563e-07 1.74868325058e-07 6.1596383921e-07 5.20704140216e-07 1.13601254574e-07 5.72502715484e-07 3.06830324352e-07 1.79283889668e-08 4.3654100945e-07 1.21753250529e-07 4.15721506278e-08 6.84965852754e-07 5.0497116788e-08 4.89982360021e-08 6.33318054344e-07 6.57331783509e-08 1.07825587868e-07 4.36418876703e-07 6.58926789945e-09 3.20383283018e-07 5.12688567723e-07 1.02577780512e-07 4.06408285398e-07 4.99510278339e-07 7.96204741723e-08 7.59383066918e-07 4.19954004543e-07 3.90465130521e-07 5.4470732348e-08 3.10306622104e-07 2.79882296176e-07 5.59353290594e-07 9.55897479362e-08 9.54199290976e-08 1.07389641297e-07 3.14416344496e-07 5.56014359266e-08 1.25659182121e-07 6.51595798211e-08 1.03923206192e-07 8.2271549545e-08 9.35497502729e-08 7.07464889837e-08 9.80926773437e-08 4.78828988247e-07 6.78892257735e-08 4.15793396068e-07 1.91523844196e-07 1.65750392592e-07 9.34655248781e-08 1.65422582181e-07 1.77751286269e-07 3.79553340964e-08 3.19558531933e-08 4.00954309606e-08 1.51728616729e-07 1.8521032285e-07 1.87226500118e-07 2.3145690563e-07 1.63332991947e-07 1.76285059107e-07 2.54345004152e-08 1.47639707718e-08 5.13402842685e-08 1.83292357532e-07 1.39017392534e-07 3.33868409531e-08 1.75626426616e-07 8.86894062758e-08 3.51660472447e-07 2.17296837229e-08 4.06392391306e-07 6.9697223093e-08 4.84631199981e-08 6.78687806719e-08 8.05431699212e-08 1.27228347936e-07 6.08678211668e-08 1.74913290747e-07 1.01464152693e-07 5.86920295761e-07 1.19335542732e-07 2.22045036297e-07 3.21104829908e-07 4.87403476429e-07 7.21527125911e-07 8.93176844457e-07 3.64068927272e-07 4.7911279116e-07 1.56423749492e-06 8.96464734932e-07 2.24992224723e-07 5.311496483e-06 7.14887937854e-07 3.69126702499e-07 1.91964535467e-06 5.57547700627e-07 5.55785337597e-07 2.21274024638e-06 2.97552926933e-07 6.32451061771e-07 1.59129734723e-06 6.60532860202e-07 4.38447839249e-07 5.01194674489e-07 5.8156698177e-07 1.45377882509e-06 6.00870754873e-07 3.17213337751e-07 2.0693000085e-06 4.16502884393e-07 3.94176248834e-07 1.82528606197e-06 3.14938593616e-07 3.4761028267e-07 3.46256352306e-06 1.11954321974e-07 7.62969321281e-07 1.33368484305e-06 3.43252256943e-07 2.99350949619e-07 8.63530246817e-07 7.41678622611e-07 5.31602385434e-07 3.78790108764e-07 2.87982945114e-07 1.62269277768e-07 7.11401735439e-07 4.94458157676e-07 7.04103112629e-08 3.53681545473e-07 3.72480999504e-07 9.73237603269e-07 3.09342346716e-07 7.32433327894e-07 1.50946775277e-07 5.8380435367e-07 1.13175475269e-06 3.40815108131e-07 3.80201261889e-07 1.20812476321e-06 2.12658375006e-06 1.85467191672e-07 9.27437657063e-07 9.10888391973e-07 2.32844345124e-07 1.37357937327e-06 3.04503986293e-07 2.58692669347e-07 7.23041326169e-07 1.02099305192e-06 9.98910030853e-08 1.48543578884e-06 1.18897493055e-07 9.55548961571e-07 7.06167018632e-07 2.59472360405e-07 2.40415875798e-07 1.21255606867e-06 1.74930146073e-07 6.99281855603e-07 6.70627268221e-07 1.25378526327e-07 1.62421334837e-06 6.67285872782e-07 3.79531005323e-07 2.41675493404e-07 8.07434552522e-07 5.75745288145e-07 1.18159845231e-07 7.14872519218e-07 2.87457487205e-07 1.13522902705e-06 4.1592095248e-07 4.60126760684e-07 1.21229080105e-07 6.20008565781e-07 1.81142895963e-07 9.44932181407e-08 1.28570213071e-07 1.48732536723e-07 2.52389241301e-07 1.07114909043e-07 2.67453116063e-07 1.69123808217e-07 2.38434753292e-07 5.77724489587e-07 1.83930707308e-07 9.40139595115e-08 7.12759216284e-07 5.27361361953e-07 8.99127464085e-07 4.20348207754e-07 3.82149833087e-07 2.26614069672e-07 4.27259158355e-07 2.1662476681e-07 3.29533578517e-07 2.89753063376e-07 4.31196730161e-07 1.13825600606e-07 2.78580937993e-07 2.7892342063e-07 1.18799258594e-07 4.48619677916e-07 1.92996001351e-07 3.21095245934e-07 2.10282063237e-07 3.44171075953e-07 2.1739979781e-07 3.21697929936e-07 2.56130827085e-07 7.37485881749e-07 2.62059820007e-07 5.81132953328e-07 6.55724108324e-08 1.56255781237e-07 5.81073273862e-07 1.96987834356e-07 1.86145785874e-07 2.80738042791e-07 9.47159484619e-08 2.89258031135e-07 1.72450507214e-07 1.60801688815e-07 1.13157345408e-07 2.16887696087e-07 4.61311862229e-07 1.30481429135e-07 3.68940998821e-07 5.26935660711e-07 1.00174427856e-06 8.8587800122e-07 3.32004099066e-07 1.07177536929e-07 7.1990702066e-07 9.21290972129e-07 7.40361307441e-07 8.56370761635e-08 1.41475741029e-06 1.0975174449e-06 3.18500219066e-07 4.31632012717e-06 5.46194053588e-07 2.9851073491e-07 2.40707311838e-06 2.33860282157e-07 8.30889285076e-07 1.71810662682e-06 5.65184019761e-07 1.2636035549e-07 1.76592295195e-06 2.12464696215e-07 1.70730187064e-06 1.43895732686e-07 5.12206977846e-07 1.61045347743e-06 6.0996763047e-07 1.50743092094e-07 2.0536492474e-06 1.32662494021e-07 1.91803257184e-07 2.91995490205e-06 1.29002401638e-07 8.79580277176e-07 1.21052189411e-06 4.20101150542e-08 6.78923721502e-07 8.31707169014e-07 7.6731969943e-07 1.06248065429e-07 3.29862373521e-07 9.07889542455e-07 1.05220224015e-06 5.67615020167e-07 4.38853969239e-07 1.88693255609e-07 5.1946289602e-07 2.80892855827e-07 1.00130506688e-07 3.07398347738e-07 1.53196173089e-07 5.61947001337e-07 1.71586012497e-07 5.67511006864e-07 6.18217196806e-08 2.91415334929e-07 1.12260419902e-06 3.1082634032e-07 2.55652274012e-07 8.71980737645e-07 5.35117506832e-07 6.13141391617e-07 1.08282522887e-06 2.1321572184e-06 1.37493410643e-07 1.37116878281e-06 3.43089836189e-07 4.60028714013e-07 1.08347679147e-06 1.07630188325e-06 1.71027678052e-07 1.02926068708e-06 5.21469033436e-07 5.39308439961e-07 1.01421587512e-06 1.84578181112e-07 1.06277479984e-06 9.647659158e-07 4.27781408524e-07 3.02385076522e-07 1.05360493477e-06 9.77282094662e-08 1.64398915524e-06 5.84922177447e-07 5.52221807154e-07 3.90277701273e-07 6.85270890309e-07 2.27870401395e-07 2.50693867508e-07 1.1237473697e-06 2.5884604873e-07 6.39203323728e-08 6.46541987113e-07 1.48607524245e-07 6.44643145819e-07 1.86881486315e-07 3.73487648025e-07 1.23219881004e-07 3.37246242623e-07 1.72401463475e-07 3.33028319586e-08 1.43583293163e-07 1.34177766854e-07 3.42976900312e-07 2.11869768139e-07 1.77385625274e-07 1.84237722344e-07 8.1168199643e-08 4.15990877423e-07 1.38246336358e-07 6.32560298782e-08 5.79920751183e-07 2.47540369082e-07 1.52330380869e-07 4.61432362769e-07 5.05687094039e-07 8.94887726564e-07 7.22780951636e-07 2.169362201e-07 5.13669170374e-07 3.3345326435e-07 7.6227723245e-07 2.0715327152e-07 5.25623412086e-07 2.42848155301e-07 5.55173568414e-07 2.44720593561e-07 4.53513948895e-07 1.87172481442e-07 7.18514652627e-07 2.5506739267e-07 4.31302828234e-07 1.66182029138e-07 4.72376549566e-07 7.48481225312e-07 2.64421009972e-07 2.27239942378e-07 1.10862711414e-07 2.11434210413e-07 5.5462192909e-07 3.82968579315e-08 9.92738766431e-08 4.14643807831e-07 5.85662029957e-08 1.93089950986e-07 2.03357371718e-07 2.31069175503e-07 4.0461460874e-07 1.72085346985e-07 1.97505230565e-07 4.38373839733e-08 2.03566494423e-07 4.92983329002e-07 1.35290650777e-07 6.88026261061e-07 7.30509462187e-07 9.23448764043e-07 5.53787215797e-07 6.51238037167e-07 7.89499686275e-08 1.12322876434e-06 7.05984629891e-07 7.2944685605e-07 3.78356535479e-07 1.51066800255e-06 1.59575724114e-06 6.26110332002e-07 1.57352620703e-06 1.81467311104e-06 5.36692730403e-07 7.38123909627e-06 5.51903118238e-07 1.40080267572e-06 2.50907938531e-06 1.24034206075e-06 3.60167150245e-07 2.95209688975e-06 4.25592557714e-07 1.4369977161e-06 1.52056786219e-06 4.25495753636e-07 2.85909861353e-06 2.29656764864e-07 8.69349330317e-07 2.26302359188e-06 9.62278185214e-07 2.77669072811e-07 4.96736101177e-06 2.26546428378e-07 1.47175987978e-06 1.32146382314e-06 4.48020924724e-07 1.50459926433e-06 1.29503083544e-06 2.88965437403e-07 7.06019729826e-07 6.46544019875e-07 1.16279053026e-06 8.658899133e-08 7.5232008315e-07 5.94667654478e-07 1.06161172298e-06 8.3808471868e-07 7.97105386988e-07 1.86662833064e-07 5.48532813012e-07 5.91553176866e-08 4.57158370267e-08 2.21896740329e-07 1.28168470542e-07 2.3798206408e-07 2.06361552568e-07 1.2051985752e-07 1.64876049248e-07 8.00444897013e-08 6.24266850038e-07 6.12873447653e-08 6.00595446308e-08 4.92418525794e-07 1.84695833147e-07 2.58635923452e-07 3.15180143465e-07 2.59450197587e-07 2.58163027428e-07 8.13132266965e-07 9.03923891534e-07 2.36739595933e-07 5.52829557917e-07 7.08402887566e-07 4.63231887559e-09 7.94117768169e-07 3.28035979343e-07 2.45115597599e-07 5.36522541061e-07 2.99113652611e-07 2.64723219028e-07 7.69464539745e-07 3.35833820174e-08 6.64839771083e-07 4.25566723141e-07 1.02715757999e-07 7.75628809011e-07 4.58667389314e-07 1.95921221477e-07 2.05718955151e-07 2.98233633196e-07 2.75869539335e-07 1.43312911779e-07 5.39629537551e-07 4.92390571805e-08 3.66151894008e-08 5.65117861858e-07 5.9856809696e-08 1.83883700913e-07 1.19483590712e-07 2.45049739748e-07 2.83063132938e-07 1.52789812917e-07 2.60424643451e-07 6.03032315009e-08 6.52293823082e-08 1.81572809172e-07 3.14499373252e-07 3.26175133794e-07 7.26070531276e-07 1.90104621595e-07 4.04496311296e-07 1.29451482355e-07 3.24785053899e-07 5.56850659082e-07 3.81996556963e-07 5.91353727739e-08 6.95828872277e-07 9.55161152399e-07 3.79381084595e-07 7.3815026421e-07 7.90984647331e-07 2.89227695843e-07 2.34506873199e-06 4.11971170548e-07 2.6101112135e-06 7.20754727714e-07 1.41276082112e-06 4.25549715826e-07 1.1105429396e-06 8.24410564473e-07 1.17202052809e-06 6.69318670365e-07 5.71876704331e-07 1.19751713709e-06 6.82270807154e-07 8.79300704964e-07 3.90376696989e-07 1.30464092939e-06 4.93128296749e-07 2.19811294159e-06 2.37175530884e-07 1.93085082502e-06 1.67405290908e-07 6.20304692469e-07 6.52548795689e-07 3.2631798665e-07 9.21745836956e-07 6.56735624513e-07 5.27062962485e-08 3.81346136587e-07 5.34027480373e-07 3.31389768876e-07 8.25338116951e-08 5.66804690396e-07 1.67196796211e-07 8.39401674954e-07 4.20717547755e-07 3.82010470978e-07 2.20479752781e-07 1.95789277576e-07 5.52003849748e-07 1.4517674076e-07 6.77807949003e-07 4.24997062626e-07 2.95210503997e-07 4.09386581869e-07 4.93647713483e-07 1.04788918338e-06 3.58110647501e-07 3.30494725449e-07 4.59524368206e-07 8.79568415613e-07 4.69734963766e-07 8.05438504044e-07 1.39650951532e-06 2.88791380334e-07 1.7060258923e-06 6.66810096146e-07 8.53989543197e-07 5.41853979271e-06 1.36196142569e-06 3.6267391006e-07 3.05956020248e-06 2.49944798243e-07 1.64839068618e-06 1.70250327123e-06 6.18913504688e-07 1.66677222691e-06 1.51298775185e-06 1.79708687208e-07 2.77278262043e-06 2.34746680705e-07 6.70284500056e-07 3.71255481243e-06 4.45962267226e-07 5.10450137703e-07 1.46129803371e-06 1.53840711791e-07 1.29575111062e-06 8.08725757392e-07 3.85112483019e-07 7.9402659265e-07 4.06366438945e-07 3.30860901004e-07 3.63285920057e-07 1.02422374451e-06 5.21166435394e-07 4.26788121811e-07 2.96839698636e-07 4.68686487611e-07 7.57528130196e-07 1.49443414607e-07 6.0143602685e-07 2.26043912709e-07 4.67768684301e-07 5.26826028136e-07 3.90985458151e-07 1.07386431708e-06 5.601955569e-07 6.31517397091e-07 2.49479794463e-07 4.35394640261e-07 1.18335415123e-06 4.7514372334e-07 1.25328003211e-07 1.96063453636e-06 6.27911500576e-07 5.10759936888e-07 1.36276869981e-06 1.00473182361e-06 8.20195401536e-07 2.61876950745e-06 6.55051943855e-07 2.42098449451e-06 2.04297946209e-06 5.80564208499e-06 1.65891047644e-07 2.83339900956e-06 1.26356239351e-06 1.37622495098e-06 1.81829354027e-06 1.18748735918e-06 1.27124777109e-06 1.72026335405e-06 1.08470237915e-06 1.12473701988e-06 2.25598803168e-06 9.98437731619e-08 4.44248695852e-06 1.15116492108e-06 2.16276295251e-06 5.11354426988e-07 2.07205364978e-06 8.22674827682e-07 7.7043564939e-07 1.16619534897e-06 4.32253089667e-07 5.24026575972e-07 1.9627907672e-06 9.78766270893e-08 4.80404217779e-07 1.2198517901e-06 4.31754111935e-07 2.14510900547e-07 7.46794133204e-07 5.55166492153e-07 1.22508060653e-06 5.1203089413e-07 6.09145288807e-07 5.30636077656e-07 1.10383823049e-07 1.3626889338e-07 8.68863213329e-08 2.82512391568e-07 1.07382893729e-07 1.97083233143e-07 6.76311862177e-08 1.01462882012e-07 4.13323397263e-07 8.68238126687e-08 1.6009383568e-07 2.76924763603e-07 3.63703767258e-07 6.95219083975e-08 3.24040838166e-07 4.79201355549e-07 7.09811474218e-08 6.02411335738e-07 1.95687609292e-07 4.48166624675e-07 7.6919261726e-07 7.05077847334e-07 8.97551172721e-07 7.39698300843e-07 2.96016590143e-07 7.18384211485e-07 3.16308140377e-07 3.76554607661e-07 5.73442021895e-07 3.59574419936e-07 2.6468095066e-07 5.8069333877e-07 2.9161930468e-07 5.0366601605e-07 8.0372661391e-07 4.2730282082e-07 5.78569079192e-07 3.83255565206e-07 1.50364019681e-07 4.98161548521e-07 7.21956804348e-08 4.22915951458e-07 3.61625295192e-07 5.60915903759e-08 3.39329328469e-07 2.68563243586e-07 1.85380137833e-07 7.03914850266e-08 4.24282095527e-07 9.10936154806e-08 4.96311299697e-08 2.20963862955e-07 1.10244554765e-07 3.12479443497e-07 1.07013460477e-07 1.487667613e-07 1.17520193549e-07 6.60492969105e-07 3.88388460466e-07 3.76046774104e-07 1.13172999584e-06 7.1027134629e-07 6.03485406756e-07 7.17979850084e-07 3.8382116179e-07 1.28153967423e-06 3.86068488178e-07 1.34423653632e-07 1.46055949399e-06 6.52309664408e-07 1.24062846525e-06 5.24991115825e-07 1.25987389492e-06 9.66717292454e-07 2.13787033895e-06 1.00262411178e-06 1.14056061755e-06 1.99169762965e-06 3.64873143858e-06 4.08442118108e-07 9.82672973941e-06 5.58643021958e-07 2.29593700173e-06 2.38235054323e-06 7.89927746806e-07 2.81143381905e-06 2.73316462388e-06 6.34950187827e-07 2.2546221029e-06 1.85459287004e-06 2.00849976661e-07 6.7448529713e-06 8.20180828176e-08 3.0922394414e-06 1.80209394803e-06 8.42248304301e-07 9.37876183276e-07 1.91884262369e-06 9.74467399567e-07 1.13026022701e-06 4.83840252785e-07 1.25776747222e-06 6.30930879945e-07 1.4703402307e-06 1.27146012655e-07 4.31562714561e-07 1.27746538273e-06 3.83878245676e-07 7.20405590394e-07 6.37133410898e-07 7.31500605731e-07 1.26700579001e-06 4.65784890962e-07 4.44492810053e-07 6.9831205208e-07 1.74619283095e-08 1.64390202328e-07 1.63230909881e-07 5.1885398797e-07 1.21029109102e-07 2.58363032007e-07 1.04662129702e-07 2.63410506764e-07 6.14753527502e-07 1.39281049292e-07 1.99280796456e-07 6.36884593304e-07 5.50781856288e-07 1.57284752224e-07 8.3656854827e-07 2.14245815454e-07 2.47792994374e-07 1.23951130728e-06 2.33107228139e-07 9.32977379566e-07 9.34889160947e-07 1.27594392813e-06 4.58542816168e-07 1.61078103379e-06 1.81581337182e-06 8.95485190302e-07 8.81688523327e-07 9.03675101608e-07 7.02228883862e-07 1.62060545068e-06 6.9871915715e-07 7.14235224767e-07 7.10594218664e-07 6.12243402651e-07 1.67485550384e-06 1.00883310606e-06 5.13538440352e-07 8.89578218598e-07 7.02521982077e-07 8.89625958528e-07 1.86559216355e-07 1.16117951559e-06 1.92571171422e-07 1.98356641013e-07 9.12682620952e-07 1.23114305155e-07 5.48134741435e-07 6.18119849614e-07 1.99888643254e-07 1.52162427896e-07 6.0182246022e-07 2.59038505756e-07 1.03780192897e-07 2.45628483665e-07 1.30428228247e-07 5.9852361641e-07 1.99321888834e-07 1.97077235988e-07 1.78394236503e-08 1.90018495708e-07 2.99564050713e-07 9.26701433583e-07 4.29792714777e-07 6.44086049566e-07 4.11032985261e-07 3.7581109414e-07 1.30322479471e-06 2.03519535204e-07 1.03191555085e-07 9.99655203233e-07 8.90750735654e-07 5.87803364482e-07 5.30229346915e-07 1.66719431924e-06 4.31993061584e-07 1.94659289604e-06 6.60426925342e-07 1.11414807653e-06 2.30680980453e-06 2.107438492e-06 2.91849847229e-07 3.90315292744e-06 9.03754803624e-07 5.37572324545e-06 1.01880322665e-06 1.47337623897e-06 2.401506572e-06 1.31642603711e-06 1.22513708939e-06 2.27987395435e-06 1.20728504401e-06 6.41652845868e-07 4.43107005874e-06 4.67189322441e-07 3.48920257384e-06 1.78842015168e-07 1.60036416788e-06 2.07582752474e-06 9.15791518811e-07 5.2497948982e-07 1.65350118555e-06 3.52101394356e-07 1.64251770499e-06 4.94399014147e-07 5.65275498644e-07 7.96071744738e-07 1.09681898312e-06 6.5540421192e-08 2.23303883814e-07 1.38465934464e-06 3.40083883098e-07 4.25580507275e-07 7.5035660742e-07 4.95838161032e-07 1.01118005425e-06 3.42174252201e-07 2.2243094603e-07 2.18966136456e-07 2.84729909635e-07 8.93217109695e-07 2.73968583555e-07 3.5464953065e-07 1.92228189194e-07 2.25873903642e-07 7.64651551964e-07 2.11467573309e-07 2.39148130242e-07 6.51679866287e-07 9.26919062208e-07 4.80073718764e-07 7.47963102501e-07 4.19847667922e-07 8.01860035232e-07 7.24865778763e-07 5.56375490428e-07 1.12799019726e-06 1.12379695433e-06 2.00948792215e-06 1.77408708095e-07 1.95781534896e-06 1.12003251901e-06 1.65041657108e-06 4.67472793539e-06 1.03287776649e-06 1.88599766705e-06 2.27537629674e-06 3.09066428661e-07 2.06877580766e-06 1.62765712089e-06 5.98079595173e-07 3.57254429888e-06 1.03711992524e-06 9.59146826642e-07 1.79400978758e-06 1.0010666587e-07 1.99380321918e-06 1.12808290593e-06 1.03968286102e-06 5.54356864823e-07 7.14386530078e-07 7.53693906839e-07 3.72279952178e-07 7.29775027182e-07 4.41209019198e-07 9.23570581539e-07 6.47521058577e-07 2.7069519401e-07 2.12023897161e-07 8.0552339205e-07 2.8536038631e-07 1.93155229173e-07 3.92537742752e-07 3.1726153932e-07 9.81350899272e-07 3.21706367637e-07 2.43067429616e-07 1.30531590712e-07 2.74844132204e-07 4.49213012559e-07 2.12592225324e-07 4.59053216778e-07 1.14644270634e-07 2.44205415844e-07 6.64318166168e-07 1.43956987011e-07 1.64812338679e-07 5.97714509505e-07 4.19573808932e-07 3.08078105252e-07 4.73919610574e-07 8.55747148396e-07 2.67668865849e-07 1.41022441581e-06 1.47252283674e-07 5.51503313937e-07 1.47990576607e-06 1.16319759562e-06 3.58934945946e-07 1.77276847595e-06 4.35824870972e-07 2.03463616375e-06 9.93065875124e-07 3.0131886061e-06 7.42003907088e-07 1.4823328902e-06 7.95090436363e-07 8.45986927627e-07 1.3820777735e-06 5.46119795119e-07 2.59202994398e-06 5.53870591288e-07 1.89320415642e-06 2.82292180826e-07 1.37815696866e-06 3.70684413264e-07 9.57704855014e-07 1.34499948261e-06 4.85676512494e-07 8.38554493978e-08 1.40448894831e-06 2.26252457041e-07 8.7840386666e-07 4.9027813461e-07 2.89636387018e-07 3.88405862864e-07 5.99904728677e-07 1.20264367591e-07 1.60354131648e-07 7.43553710813e-07 2.57305026624e-07 1.11852365467e-07 5.30098546585e-07 2.53310154545e-07 4.99523511174e-07 3.12125016721e-07 1.43149593775e-07 3.15206254029e-07 4.53689263374e-07 1.29667128052e-06 1.5329088253e-07 4.63334120942e-07 1.49759235062e-07 1.87051331163e-07 9.09419273955e-07 2.28243708677e-07 2.29268894522e-07 1.26551072584e-06 8.31313994379e-07 5.96476891786e-07 6.24861680851e-07 8.79674096085e-07 7.21229681551e-07 8.87556508948e-07 1.1360294285e-06 3.56155345455e-07 1.62647858509e-06 2.31844766298e-06 1.45775570225e-07 3.73543973167e-06 6.133160561e-07 1.79155391056e-06 2.53355177555e-06 1.04268742525e-06 6.23594592801e-06 1.67678103646e-06 8.72643216809e-07 3.70491981027e-06 7.96194775265e-07 1.12822923763e-06 4.89998050343e-06 7.3243274908e-07 2.37463468762e-06 1.54422684289e-06 3.52735273021e-07 3.71496679507e-06 9.73740312984e-08 2.26929216375e-06 1.6329458984e-06 3.12302108108e-07 1.22624290374e-06 8.57679912429e-07 6.44314736574e-07 8.0288930674e-07 6.54305063613e-07 5.96991805742e-07 7.95898433764e-07 1.2609253065e-06 2.5140260753e-07 2.36158822637e-07 9.48416205617e-07 2.60377948491e-07 1.56090139519e-07 4.4251040697e-07 1.58388054165e-07 1.38126281348e-06 4.86441434134e-07 3.28338062181e-07 6.22974308964e-07 1.27922248271e-06 2.44924667703e-07 1.01091076916e-06 1.9116941067e-07 5.01949498086e-07 1.43417205221e-06 2.9839933668e-07 3.58161293988e-07 1.11159265765e-06 1.08551682644e-06 4.69936004965e-07 6.8507383791e-07 1.25918920142e-06 6.1184523462e-07 1.99739157098e-06 3.80104045861e-07 2.17457158108e-06 1.29758156789e-06 2.10956266526e-06 8.98915283872e-07 2.82787636962e-06 1.47542804487e-06 2.5941366562e-06 1.89464244944e-06 2.59028686888e-06 2.59675592616e-06 6.94036673315e-06 9.6593163367e-07 3.34784104272e-06 2.80518596383e-06 7.51911910629e-07 5.78688967506e-06 1.76542998658e-06 2.59950653386e-06 1.60752204331e-06 2.15998013816e-06 1.58204512858e-06 2.44360528318e-06 9.02242930684e-07 1.89351450634e-06 1.13499027486e-06 2.14663790431e-06 2.87457471716e-07 2.1418547764e-06 5.11547805655e-07 1.26812143537e-06 7.36760216365e-07 4.27812289763e-07 1.04459415108e-06 1.16717731136e-06 3.1689499186e-07 3.37245636406e-07 1.48543668232e-06 5.19332486301e-07 2.24603214089e-07 1.06961964363e-06 3.00179188213e-07 1.40174249379e-06 6.51730684841e-07 1.83014723707e-07 5.85844282429e-07 1.90702913363e-07 3.47834207807e-07 9.30150388385e-08 1.8358323075e-07 5.87080556255e-07 2.07361940572e-07 1.12998957865e-07 5.72510891991e-07 4.74319509195e-07 2.2478819266e-07 5.64525664406e-07 4.18894698857e-07 3.29494112859e-07 8.95318328845e-07 2.44966060467e-07 3.83720466994e-07 1.10255157942e-06 7.91029573163e-07 1.52060725416e-07 1.8724744308e-06 3.57656070726e-07 1.6321024912e-06 1.09331756606e-06 9.31799726781e-07 1.60381130071e-06 1.58335043326e-06 2.25103189736e-06 1.00987546871e-06 1.03999019979e-06 8.56793976359e-07 2.31407440266e-06 1.16362025409e-06 1.48582820846e-06 8.53201810624e-07 7.90487383951e-07 1.59626985441e-06 3.32077956868e-07 1.6788727171e-06 9.79119117603e-08 5.81337878992e-07 1.06228675328e-06 3.17875839024e-07 1.80195244091e-07 9.17625834447e-07 3.26412694414e-07 3.4577032658e-07 6.27186922477e-07 1.52266721339e-07 4.21844066783e-07 6.33918326316e-07 6.83832060381e-08 2.4438900116e-07 5.94773104361e-07 1.84275412335e-07 1.15293670339e-07 3.33454967135e-07 2.24921374359e-07 6.14581103389e-07 1.93817500515e-07 3.39105260043e-07 1.31854933561e-06 3.36180174423e-07 1.35445721068e-06 5.49578524488e-08 6.9690448763e-07 1.27536536164e-06 3.60894613603e-07 6.61304744522e-07 1.06549588489e-06 1.08486940145e-06 5.01700945552e-07 8.62308678419e-07 8.41240511103e-07 7.32154850661e-07 1.60446747721e-06 8.00733688726e-07 1.84583683435e-06 9.69790939293e-07 3.67980058797e-06 2.73946758146e-07 2.90155442568e-06 1.58902421852e-06 1.91275717117e-06 2.73773689937e-06 1.37716163319e-06 2.38006594489e-06 4.25260469351e-06 1.18133912015e-06 8.43257614904e-06 1.65224911351e-06 1.32220951563e-06 6.94427205121e-06 8.81104306165e-07 3.87630749902e-06 2.27801051339e-06 1.24921811586e-06 2.63148316297e-06 1.76561020018e-06 1.44145939732e-06 2.84535864147e-06 2.12951559145e-07 3.77304435598e-06 9.20544025485e-07 1.89512704573e-06 8.65021172218e-07 1.70956252238e-06 7.00974925427e-07 8.10187508893e-07 9.1842629226e-07 5.23347090203e-07 1.07469095541e-06 1.12684035796e-06 6.37605719497e-07 3.8380243306e-07 1.22755125256e-06 7.26862044354e-07 1.01258983561e-07 1.40118413305e-06 3.69243041628e-07 1.36868563501e-06 3.45073505118e-07 1.04917556378e-06 2.67333225869e-07 9.53467223899e-07 6.52807174143e-08 3.23821593244e-07 9.98106957094e-07 1.62008024352e-07 2.11787385954e-07 1.0562472714e-06 6.03363491165e-07 3.37074835319e-07 8.05179264773e-07 9.74427010334e-07 4.956185884e-07 1.01676657224e-06 3.03810744297e-07 1.0002471617e-06 1.41079203336e-06 1.18018893322e-06 7.86588142366e-07 1.45666747617e-06 8.68401910654e-07 2.49709240357e-06 1.3267024685e-06 1.53614782615e-06 1.82679268054e-06 2.40185182274e-06 1.61532460669e-06 2.5586427036e-06 5.15483911457e-06 7.8233824025e-07 4.93674222871e-06 1.66988563714e-06 1.64897655465e-06 2.30874165364e-06 1.59293817001e-06 1.58343245228e-06 1.21423489164e-06 2.60820944247e-06 8.72481592161e-07 1.21094395507e-06 7.5405691325e-07 1.01759498322e-06 1.49394822403e-06 8.44758756597e-07 2.77753843912e-07 1.00391598368e-06 4.29971801836e-07 9.73695605976e-07 7.71711211233e-07 3.05435846307e-07 5.34350737476e-07 1.11398589505e-06 1.7410284959e-07 1.88385270912e-07 1.00231155024e-06 2.78713507625e-07 6.85815049366e-08 9.70951979573e-07 3.0238054526e-07 1.09022632634e-06 7.07528426478e-07 1.88273025182e-07 5.60134547648e-07 1.25626385005e-07 2.29415104255e-07 4.40866743838e-07 3.28336362631e-07 1.50798991109e-07 7.71164978872e-07 5.88354880625e-07 2.41003950543e-07 5.22489412806e-07 5.70208140422e-07 3.03892039148e-07 1.22146375662e-06 3.03167546873e-07 9.12061009704e-07 7.23728974559e-07 1.40679031114e-06 1.11180405849e-07 1.82458620556e-06 3.34101465102e-07 1.099035457e-06 1.47544504975e-06 9.59281452708e-07 1.52994782749e-06 2.07010793675e-06 7.81026821749e-07 2.55959502457e-06 1.44727629732e-06 3.01980477585e-06 3.35871622056e-06 1.11534178796e-06 2.61271579457e-06 7.14451760355e-07 1.89178510894e-06 1.35736725066e-06 9.04669174744e-07 1.4318593798e-06 1.15376168688e-06 2.78964649059e-07 1.82992759426e-06 1.01972587518e-07 1.4866601982e-06 6.34940172099e-07 8.91290871396e-07 3.09034112594e-07 1.29082517485e-06 2.43196133997e-07 5.51819154449e-07 5.62437546261e-07 2.81484722275e-07 4.80706221745e-07 8.90857111933e-07 1.14594800518e-07 3.64003698917e-07 4.03703102181e-07 2.05981114077e-07 1.76213103167e-07 5.46123220043e-07 2.01271107926e-07 7.38473980319e-07 9.03263990983e-07 3.00605215519e-07 1.21174527965e-06 1.8565490723e-07 4.6708917711e-07 1.05243740104e-06 1.6610464546e-07 3.0633630789e-07 8.73644216626e-07 9.08151866879e-07 3.6572084374e-07 7.73045457497e-07 1.29478546934e-06 6.20565820413e-07 1.80713507905e-06 5.36714728149e-07 1.413584038e-06 1.39109331588e-06 2.21161993052e-06 9.79779640476e-07 1.86143801717e-06 2.19496623897e-06 1.0509745735e-06 2.29738795632e-06 2.17171095296e-06 1.90411440951e-06 4.28878296745e-06 8.99192178155e-07 3.10144302583e-06 3.86706220774e-06 1.13427841721e-06 1.50210025272e-05 1.13427841721e-06 3.86706220774e-06 3.10144302583e-06 8.99192178155e-07 4.28878296745e-06 1.90411440951e-06 2.17171095296e-06 2.29738795632e-06 1.0509745735e-06 2.19496623897e-06 1.86143801717e-06 9.79779640476e-07 2.21161993052e-06 1.39109331588e-06 1.413584038e-06 5.36714728149e-07 1.80713507905e-06 6.20565820413e-07 1.29478546934e-06 7.73045457497e-07 3.6572084374e-07 9.08151866879e-07 8.73644216626e-07 3.0633630789e-07 1.6610464546e-07 1.05243740104e-06 4.6708917711e-07 1.8565490723e-07 1.21174527965e-06 3.00605215519e-07 9.03263990983e-07 5.55427130608e-07 3.14678102667e-07 8.7546371147e-07 1.00616796167e-07 2.70063408598e-07 1.03749727152e-06 4.72327831356e-07 1.86865340243e-07 1.02698534849e-06 6.51581348078e-07 3.67993322891e-07 6.53261484525e-07 6.61535631312e-07 3.31209154535e-07 1.32905271678e-06 3.53332842942e-07 1.09905583918e-06 8.26762039527e-07 1.67442024708e-06 3.25777331958e-07 1.98787464064e-06 5.24337531362e-07 2.33871974492e-06 8.47774388477e-07 1.00289401497e-06 2.42681501383e-06 2.10188109891e-06 1.35637337854e-06 2.64898457444e-06 1.87886365288e-06 1.73994291045e-06 5.01470678481e-06 4.35172699182e-06 2.33969656148e-06 1.87113163522e-06 2.23836562506e-06 1.65662744869e-06 2.08166775394e-06 2.43151744631e-06 1.02767626899e-06 8.22602863134e-07 2.59081135302e-06 4.37968222206e-07 2.10972955198e-06 2.19875293929e-07 1.62910867322e-06 8.39006246745e-07 1.0613677095e-06 3.625256046e-07 1.39588999283e-06 3.3519865234e-07 6.23913966805e-07 6.47038930947e-07 4.36558188535e-07 6.05133630448e-07 9.82875317743e-07 2.27042234798e-07 4.61969924574e-07 1.11126176925e-06 2.81028011384e-07 6.84546647383e-08 9.05764736559e-07 3.34129079983e-07 5.58927425211e-07 4.5517980155e-07 5.96018165493e-07 1.33984266794e-06 2.02693981532e-07 2.7097603736e-07 1.07937141383e-06 6.97845000207e-07 1.2194585718e-07 9.9780910959e-07 1.06225783129e-06 2.26143789854e-07 1.12291201356e-06 1.37762789526e-06 5.3541485267e-07 1.95032970368e-06 6.29189635635e-07 1.82533446588e-06 1.41234334187e-06 2.19788759244e-06 7.95331482071e-07 2.86092866415e-06 1.66886061743e-06 1.18392347631e-06 3.86714937532e-06 9.2752049614e-07 2.66005824714e-06 4.7136607127e-06 9.16545320536e-07 5.17007477609e-06 2.11689368816e-06 1.37467843287e-06 8.64312079977e-06 1.75686614077e-06 1.05321626299e-05 1.75131567937e-06 2.16584956786e-06 5.30105969919e-06 1.01752195961e-06 4.73240675914e-06 2.54655087392e-06 9.04387134229e-07 3.86904532939e-06 1.0992437355e-06 1.63191217506e-06 2.85220667232e-06 7.87351284221e-07 2.15470026483e-06 1.34204278376e-06 1.74593792591e-06 6.00132212348e-07 2.00225658164e-06 5.03748814868e-07 1.32463733196e-06 1.17789824239e-06 2.09137364388e-07 1.02591061142e-06 9.99277913603e-07 1.14789662708e-07 6.75660081546e-07 1.01393077202e-06 2.86251564001e-07 1.91426056482e-07 1.31561568393e-06 5.80825766758e-07 4.41514071447e-07 5.73759579294e-07 9.4662966701e-07 1.33197818764e-07 2.04931543833e-07 1.09754962314e-06 5.05900234114e-07 8.89240222416e-08 1.28379043278e-06 6.43951089926e-07 3.42868037308e-07 8.24139667565e-07 7.52544122301e-07 5.13039749731e-07 1.25353963791e-06 4.35386551596e-07 1.17113719514e-06 1.36579975131e-06 1.66538682419e-06 5.62504376215e-07 1.87254097699e-06 1.00057855206e-06 1.99001442194e-06 1.00616059361e-06 1.88347999523e-06 1.18017243589e-06 2.77029190263e-06 1.30197190173e-06 2.53498908804e-06 2.76136181747e-06 8.9951349343e-07 5.21896820449e-06 2.46119372121e-06 3.28463179086e-06 5.54217297144e-06 1.30488277849e-06 3.06762668691e-06 2.44345974779e-06 1.4238335691e-06 2.85410111133e-06 1.16145377265e-06 1.94636979637e-06 9.26366080821e-07 2.21724130947e-06 1.00731004626e-06 2.05893170181e-06 4.53579656854e-07 1.61246693626e-06 1.46712723835e-06 1.18999232459e-06 4.30491962023e-07 1.36363629022e-06 5.18316364166e-07 7.04803018275e-07 7.90817775965e-07 3.89581788729e-07 6.42140627983e-07 1.206039764e-06 7.28260617414e-08 4.42959140821e-07 1.07425595225e-06 1.86625941581e-07 1.19152298287e-07 8.78009936164e-07 5.50130771616e-07 2.99125599874e-07 6.18169776299e-07 1.52862507072e-07 3.31237031881e-07 1.3466505186e-06 3.58078394566e-07 1.64903946279e-07 1.18093678181e-06 8.0331510423e-07 2.85362069324e-07 9.52419725531e-07 8.0992087434e-07 4.28467584174e-07 1.69877468534e-06 4.07788146704e-07 1.07360878156e-06 1.17930681691e-06 1.99026009728e-06 4.81988180488e-07 1.64669894871e-06 1.02415724917e-06 1.85978997238e-06 1.86014325213e-06 9.19745893e-07 3.1420604301e-06 1.94667242258e-06 1.09077710609e-06 4.07119403644e-06 2.10854415741e-06 1.89552343075e-06 6.0534811639e-06 1.93354294646e-06 4.44570271762e-06 2.4054426469e-06 5.93296481155e-06 2.40443643454e-06 2.42391072602e-06 4.16071815931e-06 1.3252234389e-06 2.03438787152e-06 3.15691345641e-06 9.78235185736e-07 1.9438765355e-06 1.95201550393e-06 9.66739381542e-07 1.73428503616e-06 3.40160761019e-07 1.94135330271e-06 1.19592268814e-06 9.59919979393e-07 3.97042980315e-07 1.67697432393e-06 4.67676405452e-07 7.37894491193e-07 8.89043483894e-07 2.52740129307e-07 7.66382579055e-07 1.0860816756e-06 1.66547580551e-07 3.08374806994e-07 1.28297922204e-06 3.58705737064e-07 1.58647439317e-07 5.71915274293e-07 2.85015628138e-07 3.20150335865e-07 3.22325232879e-07 1.99615577155e-07 3.66344911169e-07 1.85001277519e-06 4.43157016216e-07 6.16332530698e-08 1.4909015811e-06 9.82778037425e-07 5.42180898017e-07 1.18420623676e-06 1.11050307369e-06 2.39475783548e-07 2.07358640368e-06 4.98460655518e-07 1.50272134432e-06 1.63372763056e-06 2.13252941105e-06 1.32718463509e-06 2.10282876258e-06 1.35761347801e-06 2.207884041e-06 2.14993671622e-06 1.97747282083e-06 1.75776767066e-06 5.68741554691e-06 4.62142679956e-07 3.73596968345e-06 3.61337976839e-06 8.13638539351e-07 9.01740860041e-06 1.42727019171e-06 4.07758513902e-06 4.3367599007e-06 2.22727722074e-06 1.15953860408e-05 1.55804256852e-06 4.04852891044e-06 4.0481132255e-06 5.44243912318e-07 6.07077321222e-06 1.82965227139e-06 2.09320239766e-06 2.19706156576e-06 2.31023086894e-06 1.40440836176e-06 2.27085882183e-06 1.30635602686e-06 2.17574896974e-06 1.73124282897e-06 1.53039970291e-06 5.233251882e-07 2.11537913284e-06 2.46566014574e-07 1.042323057e-06 1.15610428688e-06 5.19221374015e-07 9.35503811996e-07 1.4404111621e-06 9.53198030631e-08 3.88987595536e-07 1.76950894795e-06 3.55571165863e-07 2.03016294887e-07 2.93505116011e-07 3.03181471475e-07 5.74851977353e-07 2.71774377963e-07 4.05593453983e-07 1.37535561058e-06 3.30036924219e-07 1.05556167121e-07 1.16329638361e-06 7.52938701141e-07 4.60442877826e-07 1.01879662973e-06 7.08848857702e-07 2.63662109353e-07 1.46788748379e-06 3.07419838752e-07 1.22201931217e-06 9.22853373808e-07 1.91286309631e-06 5.19272230842e-07 2.17346640918e-06 1.10727778819e-06 1.5855446308e-06 1.4636460195e-06 1.12572311727e-06 2.37841339261e-06 2.04832280628e-06 1.89385093834e-06 2.21598303695e-06 2.27711313753e-06 2.10486536691e-06 5.85107411412e-06 2.55054151861e-06 3.72411287737e-06 2.53168182541e-06 3.43397386336e-06 3.55932871645e-06 6.04283513348e-06 2.80698922446e-06 2.55942450788e-06 2.06381429407e-06 2.27970382519e-06 2.20062475313e-06 2.44342776471e-06 1.20401897241e-06 1.53539627172e-06 1.69503113983e-06 1.05404268106e-06 2.42640533818e-06 3.57019029073e-07 1.95341047597e-06 9.9932047656e-07 1.0816246201e-06 2.91868168117e-07 1.37633492709e-06 3.07223431164e-07 6.39534150494e-07 9.37503106652e-07 4.7199415579e-07 6.86789372749e-07 1.17279612592e-06 1.42746389236e-07 3.02489797576e-07 1.24649108453e-06 3.69999182755e-07 2.43763940054e-07 5.36966768647e-07 3.40936693309e-07 4.89694557051e-07 8.26628376418e-07 2.00361405654e-06 3.55128496161e-07 1.76426508041e-07 1.72561573332e-06 9.03935774745e-07 3.53971565414e-07 1.67308357919e-06 1.27244017815e-06 2.18624364402e-07 2.72204429683e-06 4.48634635681e-07 1.95088721801e-06 2.24548938415e-06 2.58492330872e-06 1.27836368542e-06 2.59761439402e-06 1.96766104706e-06 2.71521268768e-06 2.236177149e-06 2.03740194466e-06 3.07240770217e-06 5.22256689123e-06 1.03375286393e-06 7.51744263124e-06 1.8325322559e-06 1.77903080392e-06 1.06934248708e-05 2.06090024254e-06 6.54303339779e-06 2.9095643002e-06 2.91710183705e-06 6.87922446107e-06 3.05837309717e-06 1.29464703612e-05 2.58256354902e-06 2.04983915141e-06 8.14138242166e-06 1.3866894431e-06 5.67241536317e-06 3.02667459272e-06 2.20242998704e-06 2.25402936843e-06 2.90033074996e-06 1.98153287307e-06 2.86873897214e-06 1.23602339714e-06 2.66389697294e-06 2.32496395214e-06 1.87585236371e-06 5.02228090842e-07 2.64903949114e-06 3.05862034812e-07 1.28916999191e-06 1.62076826005e-06 2.75040088734e-07 9.00998360136e-07 1.65902037354e-06 1.9870374184e-07 3.32733911502e-07 1.8317580662e-06 7.30903858722e-07 4.53073276437e-07 3.04643585742e-07 6.56003668094e-07 1.69543994386e-06 2.8971846947e-07 1.24830240504e-07 1.58436577415e-06 9.61918248075e-07 6.87570020815e-07 1.1246632224e-06 1.00446960976e-06 3.14322421199e-07 1.58096414712e-06 3.72002991626e-07 1.38425777697e-06 1.19773551373e-06 2.69133565287e-06 6.39008654316e-07 1.8351802761e-06 1.27942406966e-06 2.21446202082e-06 2.05526444786e-06 1.44680343178e-06 2.75755477201e-06 3.68256417902e-06 1.54469289846e-06 3.11666180262e-06 4.26585616425e-06 7.9476330887e-07 7.81228104406e-06 3.05958869543e-06 3.94987718984e-06 3.71656138278e-06 2.29955024473e-06 3.97430306609e-06 4.16779696893e-06 4.60290572086e-06 8.98104667649e-06 1.40948097486e-06 4.91824221324e-06 3.23153171814e-06 1.90806308253e-06 3.90936825777e-06 2.93935809278e-06 1.58104221277e-06 2.09253417389e-06 2.3943448773e-06 1.22512359271e-06 2.00833123142e-06 5.60163954884e-07 2.61482659552e-06 1.13098077688e-06 1.28423568291e-06 3.80475628122e-07 1.49591592602e-06 3.9215375049e-07 1.15537223707e-06 9.99259941018e-07 6.67742675567e-07 9.5349140472e-07 1.4422444226e-06 9.16151219932e-08 2.49772496308e-07 1.45124823306e-06 6.12681116591e-07 9.63361305961e-08 9.45032674107e-07 3.35347335939e-07 1.28039400595e-07 1.11087708132e-06 6.00857220519e-07 3.5171568808e-07 6.89210589803e-07 5.96994350774e-07 2.75294851673e-07 1.45705342673e-06 2.10779991425e-07 1.16729647158e-06 9.67783564601e-07 1.53955790504e-06 4.5779747551e-07 1.43012096883e-06 7.12635006434e-07 1.4682550933e-06 1.16264817311e-06 1.0224943854e-06 1.36324520616e-06 2.06670762398e-06 1.03606201551e-06 2.62204540045e-06 1.45841848465e-06 1.90048121984e-06 4.09497039468e-06 1.47671986663e-06 3.79073775357e-06 1.98807437749e-06 2.36392938987e-06 2.67587068552e-06 2.07014819153e-06 3.6946778369e-06 1.930723317e-06 3.85794832171e-06 2.55238532767e-06 1.66281832597e-06 2.89189465521e-06 1.18651905718e-06 2.3816961698e-06 1.31859481275e-06 1.15653018793e-06 1.10103186219e-06 1.56476022312e-06 7.07299015582e-07 1.7205447986e-06 3.44201647069e-07 1.4969947523e-06 1.09926878362e-06 1.08387973279e-06 2.39987072406e-07 1.37325449418e-06 3.09825684219e-07 5.62911418643e-07 6.6555539052e-07 2.81226592888e-07 4.92312888336e-07 9.0512587722e-07 7.58093592574e-08 2.61086348101e-07 8.34382693584e-07 8.66975434745e-08 2.26306715102e-06 1.41966340611e-06 3.26506828053e-07 2.90646019931e-06 1.25645477036e-06 8.79352688441e-07 1.620569727e-06 1.94679328209e-06 6.7940199879e-07 3.58927111272e-06 7.69893899116e-07 1.91704926135e-06 1.94616052474e-06 3.15222438376e-06 1.12448763483e-06 2.92992589182e-06 1.82081433153e-06 3.50328888383e-06 2.89234693157e-06 2.71077617861e-06 3.72987368072e-06 4.64614796929e-06 2.5375495337e-06 5.59678356706e-06 5.67331223867e-06 1.64300413218e-06 1.55457649277e-05 1.72958201275e-06 6.5366718828e-06 5.93898187969e-06 3.08029598909e-06 8.21398562987e-06 3.42991444391e-06 6.47473279816e-06 7.54141022332e-06 2.66245384097e-06 2.00589741749e-05 2.50425577759e-06 6.46885897992e-06 6.17182916112e-06 2.96870312881e-06 5.27967096189e-06 3.94825199073e-06 3.02448046935e-06 2.896446338e-06 3.97703515092e-06 1.86625269441e-06 3.22352556928e-06 1.03623606583e-06 3.10550239941e-06 2.02302237236e-06 1.78086763247e-06 7.05660981126e-07 3.4802340595e-06 6.124189971e-07 1.85861129143e-06 1.44532052435e-06 8.11824461385e-07 1.0819842988e-06 2.54601451859e-06 2.25928858176e-07 1.18972467821e-06 1.92428210556e-06 3.48286624655e-07 2.3083326068e-07 1.53832493204e-06 5.27436349161e-07 3.6184928646e-07 1.00616264281e-06 8.86815498905e-07 4.29130181388e-07 1.61149362726e-06 3.64135482771e-07 1.45032503491e-06 8.83526169025e-07 2.13709999368e-06 5.64900645601e-07 1.89262217346e-06 1.01834157561e-06 1.52846446074e-06 1.64148643083e-06 1.17852136233e-06 2.32469511342e-06 2.83207600587e-06 8.48809215871e-07 3.1945430138e-06 2.6063455141e-06 1.46346562815e-06 5.76798524604e-06 2.90090660101e-06 2.36178803037e-06 2.78027358623e-06 3.14205859707e-06 3.00348069286e-06 2.99830267732e-06 3.49590143837e-06 2.96164804929e-06 2.37825982425e-06 4.29976680613e-06 6.01270081506e-06 2.15832527329e-06 2.90969040454e-06 3.78063256134e-06 1.05821167719e-06 3.07076439212e-06 2.49949175023e-06 1.39103268519e-06 1.72388551545e-06 1.68079966385e-06 9.4409176241e-07 2.2803476467e-06 5.2102726366e-07 2.2297907566e-06 8.97347853435e-07 1.32654489498e-06 3.11105555996e-07 1.37358998136e-06 3.76695406714e-07 6.90762052461e-07 9.40313900867e-07 3.33409179719e-07 4.09575601686e-07 1.24882434932e-06 1.78961479684e-07 2.93385427923e-07 6.68683803192e-07 2.76497733304e-06 7.7355253529e-07 4.2278177533e-07 1.64829600449e-06 1.49171841167e-06 6.50280968981e-07 3.0234828369e-06 4.92277837769e-07 2.37326940802e-06 1.62772508542e-06 2.18973975945e-06 1.00159041634e-06 1.7179375162e-06 1.68995419181e-06 2.94106421566e-06 1.83786567281e-06 2.22400959361e-06 2.93261330814e-06 5.0119707522e-06 1.93665720166e-06 3.68038592888e-06 4.93393926411e-06 2.01295217137e-06 1.18781903567e-05 1.94194774827e-06 9.22896539555e-06 2.13454882042e-06 3.16255344622e-06 7.58462159303e-06 2.9196826846e-06 7.69302940255e-06 3.6493686741e-06 2.38321850199e-06 9.89512491112e-06 3.15127358185e-06 1.46846559803e-05 3.11188406045e-06 5.74272556646e-06 4.13215311335e-06 2.33436943703e-06 5.53178692481e-06 3.21810482083e-06 2.46616627194e-06 1.71709592956e-06 3.4329190853e-06 1.6537051054e-06 2.10957434413e-06 8.99680125032e-07 2.1045100359e-06 1.67121440693e-06 2.31361830985e-06 4.34268708247e-07 2.8162443577e-06 6.61146442081e-07 1.30162996884e-06 1.43479439627e-06 2.38450440234e-07 5.61806514268e-07 2.28725160091e-06 5.58129778668e-07 4.81656696905e-06 1.4001663084e-06 4.013214554e-07 1.71989627459e-06 1.32697908431e-06 7.32593040703e-07 2.88535891697e-06 4.60642150014e-07 1.74034355351e-06 1.65962818603e-06 3.12454912062e-06 7.55318856163e-07 2.59021074919e-06 1.61131762694e-06 2.62748234905e-06 2.60426516013e-06 1.32469772025e-06 2.81557488002e-06 3.90000649488e-06 1.9473107508e-06 4.89170629189e-06 3.31373730447e-06 2.32399935824e-06 1.00338427141e-05 3.46433592811e-06 4.74659312276e-06 5.08479576525e-06 2.20472781827e-06 5.1410587498e-06 4.76735708009e-06 4.82643551351e-06 5.21694078039e-06 2.33909073724e-06 5.81529334943e-06 4.93911035309e-06 5.45464013926e-06 1.12549089271e-05 3.30592856335e-06 3.59226647903e-06 5.51246705235e-06 2.25048407713e-06 4.30981192407e-06 2.9911016107e-06 1.53582777541e-06 2.58417210701e-06 2.82754111099e-06 1.51226614361e-06 3.0938709344e-06 6.98107713639e-07 3.08376183626e-06 1.82098240904e-06 1.42466956874e-06 5.05443976006e-07 2.62216878851e-06 6.89969108594e-07 1.18270148637e-06 1.39836424076e-06 3.28865309909e-07 1.05116675348e-06 2.84476493226e-06 6.49441586472e-06 5.26587151253e-07 2.42844413554e-06 1.52266916046e-06 9.64298380255e-07 3.23073266942e-06 4.37401417789e-07 2.50847223798e-06 1.30124012431e-06 3.36891565331e-06 7.86006214865e-07 1.44666664132e-06 1.91225110222e-06 2.53998179743e-06 2.39795974576e-06 2.23562803892e-06 2.63889167004e-06 4.63744098186e-06 1.71526761819e-06 5.32524642775e-06 4.44447748695e-06 1.42819777305e-06 1.1855718103e-05 2.59660643244e-06 7.57043709678e-06 2.58219109844e-06 5.16219217655e-06 2.67063756022e-06 3.23942548766e-06 7.96105075972e-06 3.3485278364e-06 2.83139483323e-06 5.74570591615e-06 3.05154522127e-06 8.25598399323e-06 4.27022314474e-06 1.46159264652e-05 2.36804798021e-06 5.14868741019e-06 6.22444008993e-06 2.19378598038e-06 5.01528021883e-06 2.84517808021e-06 2.54820661771e-06 2.41948634983e-06 2.96210681672e-06 1.77064230246e-06 1.59366120765e-06 6.02902511064e-07 3.35181393247e-06 1.2958998871e-06 2.40949762317e-06 5.0509596938e-07 2.80979450001e-06 8.3457663353e-07 1.24630103618e-06 2.10643972293e-06 3.27070602196e-07 3.60774861649e-06 3.12411827391e-06 2.70574357381e-06 1.18504197616e-06 8.53036148602e-07 2.55632556583e-06 3.64979292172e-07 1.97988321402e-06 1.14872082804e-06 2.32214684713e-06 7.59246400397e-07 2.53054122851e-06 1.29313346146e-06 2.8124761091e-06 1.95228878901e-06 1.70915891951e-06 3.09558099042e-06 3.20633127332e-06 1.44868368663e-06 4.08750605889e-06 4.20945650737e-06 2.30150623877e-06 8.87772994796e-06 3.23188238641e-06 6.2028198132e-06 4.02224001251e-06 2.78472666714e-06 6.22880095567e-06 2.27820421369e-06 5.28355345566e-06 5.35587547365e-06 2.15939911644e-06 6.51301426082e-06 2.9586995548e-06 4.57396948888e-06 6.44872137311e-06 5.16064488927e-06 9.94295961765e-06 3.35840795774e-06 4.98899269106e-06 4.83694792223e-06 1.77782244067e-06 3.5975841213e-06 3.35167262508e-06 1.89945076463e-06 1.8227052932e-06 2.96835547964e-06 1.10976208047e-06 3.02571850046e-06 6.7840816182e-07 2.17565527571e-06 1.29264223109e-06 1.84741160844e-06 5.07633576933e-07 2.12060416918e-06 6.45685816319e-07 9.20987146665e-07 2.23222008307e-06 1.6295084933e-06 1.11036654272e-05 1.2557017362e-06 7.2584803059e-07 2.72251957988e-06 5.75280108865e-07 2.34307673966e-06 1.59818038799e-06 3.38448501237e-06 7.69210577991e-07 2.88590708913e-06 2.45459771458e-06 2.32541093077e-06 2.73043630089e-06 1.92076535293e-06 3.74929702705e-06 5.02920012197e-06 1.92272335678e-06 4.68192180062e-06 4.69471102137e-06 2.75548720223e-06 1.16590530485e-05 2.55240456214e-06 7.54536474614e-06 3.81916081903e-06 4.54037930184e-06 3.89265531216e-06 5.13184437705e-06 3.54999806569e-06 4.24264735613e-06 3.47691954956e-06 5.5302428022e-06 3.95835135478e-06 5.34738439583e-06 4.57354230209e-06 8.09452382228e-06 3.99164149836e-06 1.31066763011e-05 3.90481037556e-06 5.20718847328e-06 5.74430524333e-06 2.32486298547e-06 5.48413005446e-06 3.95845391509e-06 2.20244627215e-06 2.58911277664e-06 2.42523973425e-06 2.30504402154e-06 3.19524768995e-06 6.63619173103e-07 3.26617718693e-06 1.80855890029e-06 1.87124151728e-06 5.80171026649e-07 2.23015664493e-06 6.34335341524e-07 8.594446063e-07 5.20897773645e-06 1.24583365305e-05 8.30090314943e-07 2.97102521341e-06 9.00241032361e-07 2.60345479929e-06 2.17098827153e-06 4.27534549345e-06 8.32804441469e-07 3.24996536887e-06 2.54299977428e-06 4.54083734568e-06 2.5532730099e-06 2.43955406171e-06 3.58247773232e-06 5.39433469392e-06 2.6955532505e-06 5.04222657506e-06 5.24249444419e-06 3.18020017576e-06 1.43740200635e-05 4.24408164074e-06 6.88929406313e-06 5.02360335331e-06 4.73013506782e-06 6.57760213101e-06 3.19961625004e-06 9.24634646878e-06 3.18097155828e-06 2.99141117848e-06 9.89110705127e-06 3.33411158985e-06 7.05551587041e-06 5.28476646548e-06 5.87766454108e-06 7.54724270569e-06 6.54875938078e-06 1.66321329837e-05 4.52787516534e-06 5.77757386472e-06 5.82117038497e-06 3.16944792386e-06 6.1004381149e-06 3.81590801419e-06 2.71648846657e-06 2.19906779588e-06 4.87241883583e-06 2.20310763871e-06 3.38668302043e-06 7.06611322351e-07 3.85579940005e-06 2.24883594705e-06 1.97734879499e-06 7.32815976534e-07 2.32029043314e-06 5.28954389726e-07 5.57657966651e-06 6.01257765477e-06 8.75610360734e-06 1.23711002229e-06 2.22710444364e-06 2.50127222192e-06 4.21224621472e-06 7.32748587642e-07 3.81447968119e-06 2.3427985089e-06 3.79853554611e-06 3.4777862424e-06 1.62657293869e-06 4.28563939996e-06 4.52033743603e-06 2.67126617112e-06 6.35688535977e-06 4.76654162834e-06 2.58729150404e-06 1.31360700597e-05 4.09690102563e-06 7.63992225641e-06 3.4542216057e-06 4.9360113449e-06 5.40825278326e-06 4.3941756699e-06 4.56443368788e-06 6.34235948804e-06 1.48508342242e-06 6.36850828108e-06 4.55709325527e-06 4.73309236736e-06 5.45973793405e-06 5.78260776488e-06 4.26500203471e-06 8.24186188874e-06 5.94400855933e-06 1.45704612891e-05 3.7708989741e-06 5.40256612793e-06 7.36812539063e-06 3.04460293595e-06 5.10519627225e-06 4.29490603322e-06 1.7680446646e-06 3.34795693511e-06 3.89723691738e-06 2.04840498847e-06 4.06121697884e-06 7.50084329565e-07 3.68242816288e-06 2.41005288969e-06 1.8422240177e-06 9.19155007538e-07 5.13471107847e-06 2.54832152405e-06 2.91478416508e-05 4.42390984291e-06 2.36489540058e-06 3.00859665665e-06 4.34652338834e-06 6.13720099464e-07 4.32604018048e-06 2.16870480735e-06 3.53452766791e-06 2.89148158955e-06 2.67489688048e-06 3.23350866556e-06 5.71123310435e-06 2.32484994741e-06 6.16285245539e-06 6.17029837065e-06 2.86855383348e-06 1.45189697707e-05 4.55462961907e-06 9.13387674396e-06 4.46193871182e-06 4.20184579729e-06 6.43811249452e-06 4.16382790633e-06 6.62697554074e-06 3.49192149706e-06 3.38715282113e-06 3.67459416355e-06 3.31404242998e-06 7.13739878528e-06 4.44840558314e-06 6.77054035583e-06 4.71115022276e-06 5.27396761756e-06 9.95619030896e-06 6.84335337332e-06 1.68318570349e-05 4.11991149842e-06 6.70435781098e-06 7.2118801981e-06 2.7632189878e-06 6.3400685821e-06 3.34918598982e-06 2.93610551918e-06 2.89328702497e-06 3.52275649144e-06 1.90432108232e-06 4.3828384096e-06 6.84979157753e-07 3.80759779428e-06 2.65006735394e-06 1.90294489929e-06 2.42192277981e-06 1.21257422638e-05 6.17586472905e-06 6.42624370349e-06 6.3723118122e-06 5.65526475027e-06 5.02433534044e-07 4.4491668575e-06 1.93434239298e-06 4.25068786482e-06 2.54403582441e-06 2.37750481844e-06 4.46444069699e-06 3.60093191905e-06 3.00135373719e-06 4.03417103161e-06 6.07705088142e-06 2.89611542917e-06 1.32053692418e-05 3.65223823968e-06 7.75911795024e-06 4.3057124369e-06 4.17431398496e-06 4.47550823459e-06 3.62786795476e-06 4.8685138385e-06 4.39812202892e-06 1.37807043104e-06 7.21000607609e-06 1.51956853327e-06 4.43530317521e-06 5.09264020845e-06 3.87506839757e-06 4.5975230076e-06 4.69657766486e-06 5.26332164297e-06 8.53270227391e-06 5.74784330567e-06 1.54492844479e-05 4.18518719371e-06 6.68498878075e-06 4.79580775221e-06 3.39961573871e-06 4.31885192656e-06 4.7250475866e-06 2.67857282705e-06 2.69187954463e-06 4.2432798211e-06 1.67971013354e-06 4.28719221889e-06 5.95281160669e-07 4.02830683381e-06 3.86963427949e-06 3.13605480444e-06 2.4311992323e-06 2.68678675421e-05 9.6044462841e-06 8.29853152621e-06 1.81824482179e-06 9.35715271959e-06 2.53220702108e-06 5.4951170305e-06 3.32589782703e-06 2.91428090721e-06 5.31660925012e-06 7.85152419575e-06 2.77268376394e-06 7.69185786577e-06 6.65782998244e-06 4.88046947758e-06 1.92880175806e-05 5.27129065459e-06 1.07702793258e-05 6.02500707987e-06 6.76591170864e-06 6.2859750829e-06 4.83596886711e-06 6.98548581049e-06 6.10849416052e-06 3.35581299975e-06 5.47118947441e-06 5.24851130725e-06 3.73843228871e-06 5.86793520368e-06 7.83282556643e-06 5.08777691608e-06 6.53218517857e-06 7.93630402366e-06 6.96343696971e-06 1.16080103562e-05 7.80148053677e-06 2.13698385232e-05 6.52704024589e-06 6.92680050766e-06 9.11521165296e-06 2.99326392258e-06 8.44438225774e-06 5.58424511648e-06 3.07003900703e-06 3.43640801126e-06 5.44760486224e-06 2.37469456559e-06 6.67124207689e-06 1.31957899265e-06 5.08835039921e-06 5.53198973131e-06 8.93507929541e-06 2.84093082316e-05 1.54604296073e-05 2.18171481266e-06 9.03536198195e-06 3.68380700153e-06 7.49321485206e-06 5.21993855566e-06 2.81356190721e-06 5.0006157691e-06 7.30380009404e-06 4.5664083005e-06 5.09262922252e-06 8.62359120867e-06 3.64414930786e-06 1.90020646057e-05 5.67736130549e-06 8.93018493473e-06 5.19222583653e-06 5.20083273004e-06 6.65455602176e-06 4.52531898067e-06 5.47907126459e-06 5.2357303439e-06 2.84714639585e-06 7.07304486457e-06 2.38600681139e-06 7.35403807738e-06 3.05188267213e-06 5.34125883427e-06 6.0487030833e-06 4.76480296542e-06 7.06544975124e-06 6.16481738178e-06 6.31521181941e-06 9.86464009495e-06 8.28658070936e-06 2.21242316829e-05 5.0781165143e-06 9.45094274151e-06 5.97179004337e-06 5.23184912696e-06 7.74324774153e-06 5.1270482158e-06 3.14507208518e-06 4.03452469431e-06 6.18335067395e-06 2.64682539577e-06 6.28270574681e-06 1.44897997298e-06 7.71919639335e-06 1.20945330082e-05 4.08008930678e-05 3.84275316754e-06 1.12209452983e-05 3.76562358688e-06 7.91438884459e-06 5.05097529654e-06 3.98908322111e-06 6.40404743288e-06 6.72819693655e-06 3.67388574415e-06 7.84829537945e-06 6.05700051279e-06 4.76187509573e-06 1.72154637248e-05 5.91712703565e-06 1.10678760833e-05 4.39017247706e-06 5.53893466322e-06 5.52083117986e-06 5.38295386514e-06 5.20280808272e-06 4.75789244519e-06 2.69804059049e-06 6.26470349283e-06 3.50456451776e-06 3.67975064097e-06 6.15981237913e-06 3.04413852851e-06 4.75702089444e-06 5.58331604871e-06 5.51350980184e-06 5.86903769683e-06 6.5434038253e-06 5.40872235739e-06 1.15677995063e-05 8.49468763941e-06 1.8394114136e-05 6.36796402817e-06 6.08608282298e-06 9.31910853638e-06 4.17166180742e-06 6.3810387926e-06 5.43820855597e-06 4.00788358475e-06 4.12807743715e-06 5.83959829279e-06 2.58270031702e-06 6.47267889906e-06 2.1404017133e-06 1.33383292055e-05 1.20030322309e-05 1.93481083471e-05 5.03708363627e-06 1.14578457527e-05 5.37667319035e-06 5.50173525395e-06 8.66464148725e-06 1.08052472683e-05 4.5974605186e-06 1.00164224489e-05 1.30772470432e-05 3.97350829768e-06 2.60248140604e-05 5.83756741724e-06 1.39757264987e-05 6.70103410016e-06 4.85139968737e-06 6.71332093937e-06 5.24568297112e-06 7.34218269823e-06 5.57928325256e-06 2.92066380873e-06 7.03606044484e-06 3.62134801454e-06 6.1636233262e-06 3.66018866106e-06 7.2012442857e-06 3.23639334504e-06 5.4052993142e-06 8.06765171362e-06 5.62754563497e-06 7.1984594648e-06 5.86643355513e-06 7.82729819283e-06 1.45999618532e-05 8.3153217328e-06 2.84983480485e-05 5.4278937434e-06 1.30462280839e-05 1.02243108521e-05 4.77172869377e-06 1.00771883868e-05 7.38902331359e-06 4.98504204022e-06 3.97554181435e-06 7.81173728137e-06 3.17019256145e-06 9.73534374093e-06 3.78315962503e-06 4.63305583859e-05 8.88257719359e-06 1.18416238508e-05 5.85464477715e-06 5.97320290592e-06 7.57492736993e-06 9.02739793251e-06 4.66882195396e-06 8.15572761952e-06 8.62767492893e-06 5.78223050903e-06 1.86716287331e-05 7.11907571501e-06 1.0943246086e-05 5.71078592988e-06 6.21900895285e-06 4.18707370329e-06 4.63659369684e-06 5.22708858291e-06 5.41086787339e-06 2.65596408908e-06 5.10056443288e-06 2.9312591437e-06 4.51604758061e-06 4.36746426357e-06 3.00150315633e-06 5.16606059002e-06 2.8755512653e-06 5.051231667e-06 5.73190568714e-06 4.76210934544e-06 4.79042612221e-06 7.04819920952e-06 6.68698347231e-06 1.06493082836e-05 9.37700969062e-06 1.84744860542e-05 7.14544729233e-06 8.70639392348e-06 7.81157827986e-06 4.37221718953e-06 7.76677948748e-06 5.88336351475e-06 4.19035725033e-06 4.06334724572e-06 6.60289263084e-06 4.62212390982e-06 1.72085384359e-05 3.12508832302e-05 2.65696347794e-05 1.08496136177e-05 1.17751106714e-05 1.21698996771e-05 1.65911495062e-05 7.72860604934e-06 1.4570049691e-05 1.13517320534e-05 9.58741356371e-06 3.34509841837e-05 8.28230101362e-06 1.75934668018e-05 8.20053406298e-06 8.22811814732e-06 9.83453716734e-06 5.85528051299e-06 8.56412144924e-06 7.21616381089e-06 4.56505975033e-06 9.293927137e-06 4.04683893805e-06 7.85420094699e-06 6.29347016677e-06 7.6325426172e-06 4.17561306958e-06 9.26758333126e-06 4.61338206168e-06 6.97711467141e-06 8.98999266621e-06 6.17093951602e-06 1.01011770611e-05 9.16717662652e-06 8.65043408765e-06 1.87258221665e-05 1.00279531442e-05 3.77380498013e-05 1.07805737169e-05 1.11082374078e-05 1.36250925666e-05 7.30344919762e-06 1.35455423951e-05 8.53988836467e-06 7.75102947468e-06 6.1094360266e-06 1.28683284141e-05 1.10294124333e-05 6.51922301923e-05 1.47972444528e-05 1.36067160906e-05 1.4380849328e-05 1.93088640671e-05 8.89763659156e-06 1.6231053553e-05 1.57015547493e-05 8.32657716925e-06 3.51130662845e-05 1.29925134943e-05 1.25991731188e-05 1.00698952866e-05 7.47952232075e-06 9.330754734e-06 7.72511862188e-06 7.4564364957e-06 6.64188994229e-06 4.66931206288e-06 9.99350231386e-06 5.01295371271e-06 6.4925747421e-06 6.66318491761e-06 6.68283664957e-06 6.51057177974e-06 4.91044298967e-06 9.86581563548e-06 4.63331157032e-06 6.56008728739e-06 7.98113753041e-06 7.85220062837e-06 9.06331366801e-06 8.45597691574e-06 1.02795164938e-05 1.33314648668e-05 1.53160617994e-05 3.78191167377e-05 9.56902389174e-06 1.49126079098e-05 1.44247132145e-05 7.74709494904e-06 1.41956306634e-05 9.12050897777e-06 8.47639996387e-06 8.28891312475e-06 2.15329126622e-05 5.81537481304e-05 2.05620989634e-05 1.63545815104e-05 2.06052490607e-05 1.06375719124e-05 1.84670292327e-05 1.5486468332e-05 9.78803438851e-06 3.38791975801e-05 1.31195319601e-05 1.74094512559e-05 8.56636735307e-06 9.09013142809e-06 8.93241101187e-06 7.56883034247e-06 1.06584925558e-05 5.71996797011e-06 4.63919745462e-06 9.95931254686e-06 5.74847373129e-06 7.4162634342e-06 5.49537448971e-06 6.87252756634e-06 5.61798540433e-06 7.26261966419e-06 5.38729944547e-06 9.87116851624e-06 4.71093173207e-06 5.80198994824e-06 1.06152374827e-05 7.30058538642e-06 8.51227768646e-06 9.61096133038e-06 7.93706686936e-06 1.74809606051e-05 1.5285626469e-05 3.2945034648e-05 1.0494747274e-05 1.40174354817e-05 1.49625091609e-05 7.5409584965e-06 1.35378771183e-05 9.44326716123e-06 9.3927832848e-06 2.03807498554e-05 5.17228940839e-05 2.51883029761e-05 2.81612546651e-05 1.40136037905e-05 2.34255727458e-05 1.93411363055e-05 1.41058751922e-05 4.2518148135e-05 1.46004562457e-05 2.25043609884e-05 1.3259651735e-05 8.81235162697e-06 1.23945354837e-05 8.45552083636e-06 1.1777325644e-05 9.10312597946e-06 4.6799173224e-06 1.02816304254e-05 5.85368788927e-06 8.90614340143e-06 6.9803904783e-06 6.03693198882e-06 6.11381021509e-06 6.87207360747e-06 8.69605121407e-06 5.61760678519e-06 9.83717804905e-06 4.48794636938e-06 8.58788058145e-06 1.15551743226e-05 8.25948681027e-06 1.11746082197e-05 8.66037977169e-06 1.23097063498e-05 2.21323644806e-05 1.60531248975e-05 4.29330112543e-05 1.38018391643e-05 1.63153934961e-05 1.78937312169e-05 8.9285602471e-06 1.67331418522e-05 1.27073618612e-05 1.62334448096e-05 0.000109582193237 4.78384851656e-05 1.88090590705e-05 2.79463609237e-05 2.28500717764e-05 1.75836648139e-05 4.98270852071e-05 1.84803460996e-05 2.20155010303e-05 1.47967541337e-05 1.43422952301e-05 1.01219205486e-05 1.02782608545e-05 1.22498690407e-05 9.57211486862e-06 6.74538492018e-06 1.04413434649e-05 6.67692405465e-06 9.26844617023e-06 9.02350921086e-06 8.06254581746e-06 5.75541050661e-06 7.95635869742e-06 8.8852602004e-06 8.97663448652e-06 6.08217331439e-06 9.47229561123e-06 6.16934546605e-06 8.71380732987e-06 1.12873640629e-05 8.99236806561e-06 8.71613575458e-06 1.3419009592e-05 1.37134708631e-05 2.07842912028e-05 1.92468305166e-05 5.15616796742e-05 1.71241261384e-05 1.85941156227e-05 2.01932807525e-05 1.07206228876e-05 2.49990517951e-05 3.51184209757e-05 0.000165277737129 3.01788389824e-05 3.81566357964e-05 2.92807571558e-05 2.38009323259e-05 6.64617923506e-05 2.43953953889e-05 2.80094669523e-05 1.69076937287e-05 1.66947491174e-05 1.55528484544e-05 1.00302914053e-05 1.67440704387e-05 1.00927113723e-05 7.36505539863e-06 1.61047026526e-05 6.73161961834e-06 1.02428223326e-05 9.77469058268e-06 1.04743173078e-05 7.56004396395e-06 7.13490044532e-06 1.02510581015e-05 9.05582701145e-06 1.00736181103e-05 5.71932786574e-06 1.52000334904e-05 6.50427786359e-06 9.57490053388e-06 1.4780101855e-05 8.87877388024e-06 1.34015635169e-05 1.5436863529e-05 1.45106679746e-05 2.46984578975e-05 2.42466885708e-05 6.37425058096e-05 2.06027207938e-05 2.18066564094e-05 2.60533280257e-05 1.52254869906e-05 5.12151133576e-05 9.99346547971e-05 7.24722239933e-05 4.12472562404e-05 2.98042295739e-05 8.06709796828e-05 3.25020718305e-05 3.36977178191e-05 2.06406057008e-05 1.90619730393e-05 1.81482827858e-05 1.4949161467e-05 1.50435594408e-05 1.25434972919e-05 7.47288735296e-06 1.52770218509e-05 9.55467006309e-06 8.75622974411e-06 1.03236215885e-05 9.59323017104e-06 9.13180784577e-06 8.73701021542e-06 8.7499484868e-06 9.07840083482e-06 9.89892552715e-06 8.2695634525e-06 8.26211490969e-06 1.35507227264e-05 6.65672421895e-06 1.06674930682e-05 1.24674294171e-05 1.24515992548e-05 1.51230728715e-05 1.62514933666e-05 1.6055657389e-05 2.81268123286e-05 2.96809388126e-05 7.39631025826e-05 2.41522511551e-05 2.68983714764e-05 3.84681341099e-05 3.08867375813e-05 0.000244104343762 7.08313088341e-05 4.16428139944e-05 0.000104063379776 4.1905763558e-05 4.05555612247e-05 2.356576625e-05 2.30294277706e-05 2.03289306672e-05 1.68485073743e-05 2.11648842437e-05 1.16667935652e-05 9.6137601993e-06 1.62925537334e-05 9.3983892025e-06 1.37478126663e-05 9.16964306894e-06 1.08058492385e-05 9.08493147137e-06 1.11885663513e-05 1.08910446479e-05 8.65698030591e-06 1.00225883922e-05 8.98067711029e-06 1.20881402444e-05 8.01860432939e-06 1.35535201714e-05 8.08659166215e-06 8.72289703989e-06 1.70453916068e-05 1.28280447882e-05 1.54521058497e-05 1.7823334646e-05 1.71619480415e-05 3.23380883131e-05 3.45524031915e-05 8.61544870483e-05 3.04238442181e-05 3.81264340749e-05 7.15975865481e-05 0.000258890933228 7.92686199265e-05 0.00015497561538 5.67470025196e-05 5.75735900731e-05 3.48958955831e-05 3.07438387845e-05 2.52657787592e-05 2.02098790694e-05 2.70483904145e-05 2.00673192108e-05 8.92650570186e-06 2.37981233568e-05 9.83537762509e-06 1.60484560714e-05 1.52005867749e-05 1.13586219298e-05 1.06968346843e-05 1.29446612189e-05 1.46329239927e-05 1.23346291298e-05 9.70154028147e-06 1.08263826288e-05 1.31807792626e-05 1.39272806839e-05 7.94964405734e-06 1.95453831194e-05 6.31170476142e-06 1.50445141116e-05 2.00010296665e-05 1.3248801533e-05 1.80856831596e-05 2.12683889366e-05 2.19467184593e-05 4.02982939099e-05 4.21092396146e-05 0.000115386407172 5.02142051242e-05 7.69838365061e-05 0.000348370048792 0.000330948634894 0.000102055246518 9.94738646717e-05 5.87450292825e-05 5.48843080861e-05 4.63181289322e-05 3.49047788568e-05 3.9477797112e-05 3.18235999889e-05 1.87439446522e-05 2.78241043725e-05 1.65494696936e-05 2.24471983725e-05 1.99377113322e-05 2.20751487358e-05 1.3018185724e-05 1.80197417188e-05 1.91283164203e-05 1.8564656651e-05 1.61995447257e-05 1.1711008427e-05 1.86752768464e-05 1.64369060185e-05 1.67212675382e-05 1.2750908821e-05 1.89341708486e-05 1.26456066056e-05 2.0695176756e-05 2.5272191247e-05 2.13773205986e-05 2.81840083666e-05 3.27161009118e-05 3.21524486548e-05 5.79146889178e-05 6.32857596981e-05 0.000211913592985 0.000126143798974 0.00269554354472 0.000431470135685 0.000337248353851 0.000183235166713 0.000159231416104 0.000158348180225 9.72054115375e-05 0.000125041847065 8.36784300792e-05 4.97990012002e-05 0.00010845088646 3.90955417907e-05 6.64016627087e-05 5.24549597519e-05 5.11651535725e-05 4.73934686624e-05 3.75523927874e-05 4.83678288707e-05 4.22305706747e-05 4.41813605387e-05 3.20632901754e-05 3.66767991404e-05 3.82891042212e-05 3.45495875114e-05 4.20985239641e-05 2.20694296495e-05 5.88730950824e-05 2.40987729253e-05 4.00153691983e-05 5.35073836643e-05 4.14850762205e-05 5.8934007704e-05 6.2698588096e-05 6.47793251981e-05 0.000123847561426 0.000152992050568 0.000857159820347 




































