






































4.27856896353e-07 2.27176087685e-07 1.08382287422e-07 2.64910365149e-07 6.91698758681e-08 1.65459797445e-07 1.41503980728e-07 2.59066949719e-07 5.04833774106e-08 2.47500611401e-07 2.45839049098e-07 1.65744337272e-07 7.28228586295e-08 3.45764755856e-07 8.13117868411e-08 5.4540080624e-07 1.09072686667e-07 3.9777675246e-07 1.08932127198e-07 5.58019945055e-07 8.35676595749e-08 3.60404830504e-07 7.8405858621e-08 1.76165967386e-07 2.64368634808e-07 2.81582231258e-07 5.61364671509e-08 3.07428913893e-07 1.95567546406e-07 1.97228154604e-07 1.01586224653e-07 2.88777840518e-07 1.33696079682e-07 3.02447109756e-07 3.15153450527e-07 8.31462550785e-08 9.74281257008e-07 1.65579770956e-07 3.10417510591e-07 1.50665512519e-07 1.4588576349e-07 6.91628678552e-08 2.22684627711e-07 3.75439038492e-08 1.47866869576e-07 3.63127287821e-07 2.10853993947e-07 2.70022975782e-08 2.26954619955e-07 1.38922014446e-07 2.50110171064e-07 1.14013127091e-07 4.3583442352e-07 4.38775255372e-08 4.42954945178e-07 1.12046243162e-07 2.62710247345e-07 1.43995941376e-07 2.3729139357e-07 3.09431910746e-08 2.44021783647e-07 4.21926617474e-07 1.65883368074e-07 6.66749297564e-08 2.7511364524e-07 8.36050814266e-08 1.8395149097e-07 2.17961233539e-07 3.0577761252e-07 1.7957952625e-07 6.629150682e-07 1.04065189628e-07 3.72782845933e-08 6.60324405031e-08 3.75116479711e-07 6.02823559914e-08 1.51840658684e-07 2.81195605505e-07 3.99246090574e-09 4.26435108152e-07 1.05936201749e-09 1.2607794728e-08 4.11391152924e-07 2.61550348361e-08 2.20744347702e-09 3.67835608027e-07 1.09261651894e-08 3.43137076006e-08 3.23700980645e-07 2.75467825369e-08 1.20579058462e-08 4.05307361348e-07 7.2766462701e-09 3.07321781411e-08 3.34841598062e-07 3.2062711287e-08 7.60582225322e-09 3.94120971813e-07 5.90741677506e-09 2.54774523047e-08 4.15695392153e-07 1.65673818067e-08 2.21360228109e-09 4.77402330036e-07 3.90129684321e-09 2.98902739469e-07 1.52937245694e-07 3.79279247986e-08 2.69038530882e-07 7.46856053651e-08 4.77473137688e-08 4.10252846917e-07 4.92921224535e-07 1.24175934272e-07 9.21529440904e-07 3.1270769641e-07 4.68296161516e-07 1.40095507448e-07 7.10549639436e-08 1.24938858179e-07 5.82126941456e-08 3.16679964343e-07 3.14406965752e-08 9.61026416426e-08 1.43346422698e-07 7.63715934987e-08 1.40876345535e-07 4.7367197425e-08 1.46066090593e-07 8.29879927855e-08 4.02352617994e-08 5.40187871685e-08 9.10644780533e-08 1.68205007755e-07 3.95231460594e-08 1.4990699366e-07 7.71929199586e-08 1.60152898809e-07 9.78727401887e-08 3.73270673423e-08 3.37475325736e-07 5.40471866172e-08 1.56894509354e-07 6.5973887329e-08 1.68517364644e-07 4.65906505946e-07 2.4335259849e-07 6.18914712858e-07 7.23430790696e-08 5.12036505581e-07 4.7742119982e-07 1.66118208885e-07 2.23647606015e-07 1.91454951482e-07 9.32128720548e-08 9.02472005152e-07 6.9914703119e-07 2.51565740403e-07 3.77944694062e-07 1.28977178965e-07 3.52251673166e-08 8.16497406679e-07 4.51607481614e-08 9.46454883959e-08 5.31816694824e-07 4.32402065962e-08 1.14456982019e-07 4.35622563527e-07 8.64940726495e-08 2.85721822595e-08 5.13069761924e-07 5.79189768628e-08 5.91405893919e-08 5.04738846618e-07 2.55277028607e-08 9.09837279392e-08 4.56541497869e-07 1.28714475875e-07 3.91293584322e-08 5.45908105565e-07 9.53969864326e-08 4.29721834115e-08 8.59216698057e-07 2.46851842073e-08 1.38732903985e-07 3.65401581617e-07 2.44999688269e-07 5.9259247775e-07 6.1194865913e-07 9.26829475744e-08 1.889044264e-07 3.30526441083e-07 2.03488953212e-07 2.99531265197e-07 2.53370505747e-07 3.7552736087e-07 1.46959142637e-07 2.52138495571e-07 3.36512025612e-06 5.96658486038e-07 1.0139581231e-06 2.04744711345e-07 2.83951023929e-07 1.04331918564e-06 9.79361238485e-08 2.21633852393e-07 3.54064941705e-07 2.11431470156e-07 2.97665506889e-07 3.18709826381e-07 4.33185671023e-07 2.82005327826e-07 4.51435198656e-07 1.56222840688e-07 3.75139838836e-07 4.02228697092e-07 1.4815549734e-07 4.50608736982e-07 2.73233327057e-07 4.60788248174e-07 3.40202281264e-07 3.74236141865e-07 1.97290867254e-07 3.2469667318e-07 2.31775539148e-07 9.51330719388e-08 1.0532380269e-06 2.78296939679e-07 1.87278714855e-07 9.23213225007e-07 4.72067319584e-07 2.08464232419e-06 2.15285482206e-07 1.41661286572e-07 4.22115593584e-07 3.70656576109e-07 3.68292158843e-07 1.34615662923e-07 1.21484315579e-07 3.32824031333e-08 4.93713703389e-08 7.16738629819e-08 2.94219365419e-07 8.11261744018e-07 1.72410135467e-07 1.19075105717e-07 1.4640308282e-07 5.56521268387e-07 1.72343825428e-07 1.13451521577e-07 1.87903325534e-07 2.22014872119e-07 5.88702262205e-08 1.86769281471e-07 2.61992206538e-07 4.62348328163e-08 3.30648060608e-07 1.41767719018e-07 6.83832846581e-08 1.1741449097e-07 1.23622640611e-07 6.9753498665e-08 1.34823578543e-07 3.15677678789e-07 3.78706680536e-08 2.63641848391e-07 1.87465623124e-07 5.48840272389e-08 2.12966164697e-07 1.52806545533e-07 1.25358770706e-07 1.59256722807e-07 4.66861225983e-07 1.35887206887e-07 1.48172991888e-07 9.81491447628e-08 5.74969732224e-07 2.4492736682e-07 6.63686083185e-08 7.6964051699e-08 3.64247233477e-08 1.62257945595e-07 1.64525545364e-07 1.21244869958e-07 3.99215509393e-07 4.73775917907e-07 1.38094347169e-07 4.6664948751e-07 1.66621822258e-06 2.96577750497e-07 2.55355134514e-06 1.32000677853e-07 3.65740884682e-07 1.05353659792e-06 3.47517447858e-07 6.50115509397e-08 8.5384575252e-07 6.12962406731e-08 5.03262004191e-07 1.24164537997e-07 4.29183193762e-07 1.08055994416e-07 5.67801638229e-07 7.0131354329e-08 4.30983133286e-07 1.54438089583e-07 2.30193814025e-07 1.39703528411e-07 4.56512002665e-07 6.82139631409e-08 5.42445535532e-07 1.17257235382e-07 3.94521916772e-07 1.06923100349e-07 5.06695109015e-07 6.56338023344e-08 8.23391768914e-07 5.02688366521e-08 2.43976150669e-07 9.54903425564e-07 2.57571933882e-07 3.3011166691e-08 1.60305574852e-06 1.34532491173e-07 1.61316763422e-06 4.73885939621e-07 1.55199915445e-07 5.14974846034e-07 4.94788172784e-07 1.44032819079e-07 6.16111653345e-08 8.53186951221e-08 3.04643376218e-08 1.07380447889e-07 6.49661214652e-08 9.12869877283e-08 8.20429337003e-08 1.35329630175e-07 2.95671493982e-07 1.53933076492e-08 2.77360316877e-07 3.87327430915e-08 6.7471725098e-08 2.01866875416e-07 2.56713111626e-08 8.81562985387e-09 1.10435113089e-07 6.40126296939e-08 3.7437436669e-08 1.05337149353e-07 4.85121700164e-08 1.04809284578e-07 1.93160527045e-07 4.21171777599e-08 3.92652894194e-08 1.91146480036e-07 1.09529345198e-07 5.54368900602e-08 1.11715835272e-07 4.00087883637e-08 6.65499917911e-08 8.73753135768e-08 1.01151403316e-09 1.66789869053e-08 1.95584208935e-07 6.77631640921e-08 2.14396281046e-08 2.26668526711e-07 1.17438838664e-08 2.37052102851e-07 9.57068931597e-08 7.59539977552e-08 7.24218597916e-08 6.97861307022e-08 1.52492381479e-07 3.17075767545e-08 1.11291177628e-07 7.28458196934e-08 6.81007804324e-08 5.91561619187e-08 3.74677854624e-08 9.32513947104e-08 7.62786690069e-08 4.92259580091e-07 2.77183848793e-07 1.77807716571e-07 1.06542981757e-07 7.16344731713e-07 2.68873646705e-07 2.66037083435e-07 6.4070308551e-08 5.07784155994e-07 1.92169538518e-07 3.30057694026e-07 1.37389379723e-07 5.54195617302e-07 4.56864954444e-08 4.49507079737e-07 1.61765783497e-07 2.70147773363e-07 2.27630393326e-07 2.89571103011e-07 3.58372516048e-08 2.9527782298e-07 2.10199696053e-07 2.66764610102e-07 1.56872369683e-07 4.46224698327e-07 3.60584540069e-08 5.37357056521e-07 1.25218409436e-07 3.45800240292e-07 1.63665844738e-07 4.03722339508e-07 3.98396503886e-08 2.5611732433e-07 1.45523763024e-07 5.37126488277e-07 5.51646251058e-08 1.36114768914e-07 2.08877154944e-07 4.48850743974e-07 7.68547608607e-08 1.3616748062e-07 5.88129218013e-08 8.80320649309e-08 7.67179216506e-08 8.00370351941e-07 8.2340365636e-07 2.11196965178e-07 2.39192148599e-07 7.39404933358e-07 9.24802153532e-07 1.65202637043e-07 1.89647459635e-06 1.46533338545e-07 6.14940820215e-07 3.73872169879e-06 1.28346962567e-07 3.17672209492e-07 1.40770210159e-06 4.40949836549e-07 5.60143991548e-07 8.00377239231e-07 2.98140171152e-07 4.2845483277e-07 5.45149909953e-07 2.18156930732e-07 4.2425055097e-07 5.419240815e-07 3.18203158639e-07 5.28166405132e-07 5.27905603894e-07 3.21208384787e-07 4.91817342859e-07 4.53893603509e-07 1.97390323737e-07 4.6214374492e-07 4.22057598912e-07 2.54623910779e-07 7.51390283082e-07 5.04951036662e-07 3.10289664602e-07 1.19836380365e-06 1.98606845298e-07 8.00390435612e-08 2.37387496289e-06 3.6998289333e-07 1.04040767062e-07 1.73746037031e-06 1.17782495547e-07 9.00510914183e-07 8.05947456128e-07 3.2475143241e-07 2.26500778637e-07 1.02003078182e-06 8.55653491363e-07 1.3733253846e-07 6.26640616423e-08 5.03663642619e-08 4.08708315503e-08 8.23870729463e-08 2.87841586779e-07 1.99663779926e-07 1.27737579042e-07 1.01112848063e-07 1.1368522897e-07 6.76776952119e-07 7.28299032541e-07 8.90934931708e-08 5.89255251846e-07 1.45786357264e-07 3.2780262256e-07 2.50895032091e-07 2.50466188143e-07 1.25873765212e-08 7.85650106263e-07 1.74107673977e-07 3.64487427613e-07 1.63714596861e-07 1.44723705348e-08 5.72568336471e-07 1.21381820865e-08 1.47477277155e-07 3.49905655439e-07 1.85055100976e-07 7.6867309445e-07 3.90662895841e-09 2.5551270535e-07 2.24700884656e-07 2.88934262826e-07 1.37693131049e-07 4.32176372687e-07 2.95584478218e-08 5.42217379072e-07 3.61366920523e-07 1.03273138254e-07 5.73218378829e-08 1.17061496394e-07 1.77107172602e-07 2.63509255832e-07 8.37180906638e-08 5.30856629681e-08 6.8170955076e-08 7.10951674707e-08 1.46581797357e-07 4.18553857352e-08 1.9382831001e-08 5.38282528728e-08 1.13762199843e-08 1.36476773677e-07 4.33972173632e-08 1.34969624577e-07 1.01126215489e-08 1.18659091473e-07 1.40069394687e-07 8.91652346071e-08 2.94538484799e-07 7.74123998865e-08 3.36033775865e-08 1.42184417016e-07 1.14245086357e-07 1.70721417398e-07 1.13179424247e-08 8.56392851983e-08 5.1117953157e-08 5.9332742561e-08 1.2828647354e-07 1.18239482827e-08 6.16395497281e-08 1.9541784231e-07 1.84957361101e-07 6.9698145036e-08 1.83566932401e-09 1.12806697646e-07 6.15227670884e-08 3.88439358466e-08 5.59839000697e-08 1.02317488186e-09 1.56736433649e-07 7.4783943298e-08 1.33384307604e-07 1.44836364266e-08 3.30513128689e-08 2.44343141833e-07 5.73600440655e-08 1.24030586053e-07 1.03191194307e-07 1.04478204057e-09 1.15616469719e-07 4.83882789838e-08 1.74414630858e-07 9.29681054679e-09 5.46043058221e-08 2.58604783604e-08 6.95398610464e-08 1.29414912099e-07 3.45400711296e-07 8.98057635145e-08 2.69983366816e-07 3.30212861249e-07 6.33886952998e-07 1.2974793607e-07 7.72198409787e-07 2.00143757273e-07 1.70507945676e-07 2.2259006191e-06 2.04188236051e-07 1.94808954077e-07 3.68974540863e-06 9.69172549483e-08 9.89020702704e-07 9.74480388095e-07 9.39720434573e-07 3.27798124854e-07 1.36413755985e-06 1.68219443702e-07 8.86050532888e-07 3.35037959017e-07 4.46569232117e-07 3.11161305773e-07 8.50858317875e-07 4.73926915803e-07 8.11902936203e-07 3.29856104254e-07 4.33387496829e-07 2.9837178035e-07 8.49587542621e-07 1.31236915268e-07 1.23431663043e-06 2.71340415253e-07 7.03788845976e-07 9.37540091652e-07 6.38482415255e-07 6.47012654968e-08 2.37842530657e-06 7.80692396286e-08 1.37962585199e-07 1.98799205282e-06 1.22752575542e-07 1.67538266471e-07 7.33366753871e-07 1.4573991745e-07 6.46168621796e-07 3.75850468232e-07 3.5494670609e-07 1.17209694294e-07 4.3107065227e-07 1.30480042074e-07 2.09369050041e-07 8.55293766529e-08 2.95258013449e-08 8.52396524271e-08 2.71696460886e-07 1.90609094858e-07 2.35784356191e-07 3.69856629058e-08 1.77955971366e-07 1.90567377806e-07 2.37538218065e-07 6.31963722297e-08 6.6582742702e-07 6.87519459041e-07 1.91264298081e-07 3.63207736759e-07 3.33370693547e-07 1.61658399839e-07 4.19571464732e-07 5.73828967125e-08 1.00083446956e-07 5.79767747956e-07 6.72099208175e-08 1.09164633912e-07 4.36992076969e-07 1.68708396819e-07 1.49685238693e-07 4.45929757667e-07 1.0564588037e-07 6.26909823781e-08 5.39103613589e-07 9.6542026288e-08 5.3978435168e-08 3.8520428664e-07 1.38665021683e-07 2.39613873208e-07 2.48216197978e-07 9.50253782528e-08 5.30872869919e-07 3.58734719985e-07 2.68091023081e-08 1.99706223928e-07 1.72479065003e-07 1.58497309372e-07 2.34718781337e-08 1.94693601035e-07 1.91778760534e-07 3.20821398234e-07 1.02501630241e-07 5.14088819963e-08 1.12685444864e-07 2.4189708276e-07 3.13604543252e-07 1.56905236859e-07 2.47187759242e-07 2.46248054966e-07 3.83538330809e-07 1.8187604873e-07 3.90432810426e-07 8.55670260103e-08 2.13506671252e-07 9.63047459588e-07 1.45097254367e-07 1.95446043308e-07 4.84131390348e-07 4.24860177813e-07 1.91456569203e-06 2.91869207079e-07 9.16718001475e-07 2.3062906302e-07 1.17807756727e-06 2.04101648563e-07 6.19238961663e-07 2.20006528417e-07 7.37854734478e-07 9.71024140736e-08 8.35843245235e-07 3.62253386122e-07 5.98630056537e-07 3.85904727671e-07 7.59971099732e-07 8.12707017732e-08 7.45986282603e-07 1.54209323557e-07 6.0460135316e-07 1.41785064559e-07 1.03900796758e-06 1.72907387035e-07 8.1879713571e-07 1.49238616523e-07 1.36553177632e-06 2.67391802283e-07 3.67253462125e-07 1.64578270035e-07 1.11601029868e-07 8.05238061896e-07 1.94709128546e-07 6.12504391189e-08 4.47554138511e-07 1.40080181432e-07 4.19333235924e-07 2.98493012106e-07 3.13246702413e-07 1.95191008141e-07 3.83929619426e-07 3.05566219161e-07 4.34076140827e-08 6.42550947852e-08 8.96673523856e-08 2.38535643492e-07 4.10593772905e-07 3.55248169028e-07 1.07308892981e-07 6.46407131736e-08 7.13149439617e-07 3.66325836959e-07 3.04076265001e-08 1.67827761442e-06 9.42021897207e-08 3.99990705944e-07 2.47492537528e-06 2.49751162194e-07 2.05061504533e-07 1.21722181015e-06 2.35396795104e-07 3.65736900721e-07 7.27848589134e-07 9.28770931138e-08 3.11638590158e-07 2.84219275995e-07 2.84757198466e-07 3.44696482439e-07 3.03486430265e-07 2.90296665032e-07 2.43479661135e-07 2.81691179303e-07 8.31558539724e-08 7.04494317491e-07 2.36901258452e-07 1.8420236672e-07 1.0227047783e-06 9.61611947898e-08 8.04669285859e-08 1.64893013239e-06 1.61346133719e-07 3.11481001817e-08 1.65420293895e-06 3.66205169068e-09 3.45021086375e-07 6.66329931324e-07 9.18842630167e-08 1.01809091922e-07 3.25104707576e-07 4.32837643642e-07 2.69016137866e-07 1.10576781184e-07 1.13573684778e-07 5.48175768653e-08 3.38696756848e-07 4.43579766791e-07 1.75837956314e-07 2.56986735477e-07 3.07363072187e-07 8.3863039195e-07 1.64327702964e-07 4.15066279446e-07 8.85920715569e-08 3.46067747817e-07 6.67166698162e-07 2.66750782157e-07 1.70548530941e-07 4.58922895737e-07 5.79003965237e-07 4.77538053205e-07 7.31251937933e-07 2.10132898275e-06 7.64526284936e-08 1.62100597929e-06 2.29002290694e-07 8.42730877525e-07 6.97728719027e-07 5.1068554863e-07 1.68979051795e-07 1.6640203413e-06 2.96412425014e-07 7.21905784568e-07 5.20315298215e-07 7.16547803849e-07 2.32808570094e-07 1.59204497583e-06 1.45218099573e-07 4.8218457209e-07 6.07606898898e-07 7.60252324517e-07 1.98056385947e-07 1.23497095489e-06 5.38689084329e-08 1.5517624651e-06 4.35874589752e-07 3.69624410645e-07 4.02334325884e-07 3.1182344131e-07 1.4405857939e-07 2.32012268232e-07 5.82510594157e-07 3.56781845185e-07 8.02692482595e-08 4.89826461719e-07 1.50484495775e-07 9.93440922494e-07 3.66898400835e-07 3.21538502168e-07 2.18788420624e-07 5.32068129542e-07 1.36256728255e-07 2.05383850969e-08 7.65425336533e-08 1.00762616971e-07 9.456266665e-08 7.70259135451e-08 1.2090733792e-07 1.194710984e-07 8.45679692855e-08 3.84658550667e-07 7.1148719855e-08 3.779467364e-08 5.05343555011e-07 4.14580221324e-08 3.46765067429e-07 1.76696800871e-07 5.07180929818e-07 6.29703707418e-07 3.28392821058e-07 1.50999873614e-07 2.87110011192e-07 4.59041701074e-07 1.69488982468e-07 1.89599541179e-07 2.07907154993e-07 4.98004399121e-07 1.21253543144e-07 2.65036795866e-07 2.32870315716e-07 1.32997319134e-07 4.87623229092e-07 2.07000195449e-07 1.80568608972e-07 1.58879321751e-07 3.65020174002e-07 2.26263740658e-07 1.0796951277e-07 2.14085766065e-07 5.15443053717e-07 2.80777745275e-07 9.38390733709e-08 2.47101467127e-07 3.51539760664e-08 4.63123952576e-07 3.21616553964e-08 4.68888019123e-08 3.87048088226e-07 5.88945447197e-08 1.25277913619e-07 1.16146557423e-07 7.2372740286e-08 1.08924601539e-07 1.18576869671e-07 8.77633218427e-08 2.07446267173e-08 1.57522918436e-07 6.29861259359e-07 1.76513134347e-07 3.94583819756e-07 4.93606206069e-07 1.16073928729e-06 8.00814614887e-07 4.94106370078e-07 9.41423682325e-08 5.49113198015e-07 7.57972255594e-07 7.18227186713e-07 1.06944385176e-07 1.1550326213e-06 7.84065702382e-07 3.81063143603e-07 1.93214819747e-06 5.57499391682e-07 5.60566524414e-07 5.28152178843e-06 2.25257224254e-07 1.37059103075e-06 1.45782124063e-06 1.03273719328e-06 6.18082930251e-07 1.61933537904e-06 3.13467742309e-07 1.34177544782e-06 5.03194559729e-07 9.19601718568e-07 4.04515883289e-07 1.43861156964e-06 2.76569797076e-07 1.58112285976e-06 4.72348260743e-07 8.1930636173e-07 1.27957115251e-06 9.73638678474e-07 1.15340029359e-07 3.47511658334e-06 3.13110207894e-07 4.24052320559e-07 1.75522646862e-06 2.41257274869e-07 7.30889742518e-07 9.77459670513e-07 5.5043272168e-08 7.21857968627e-07 7.14986865984e-07 5.83795708597e-07 9.89586528252e-08 4.67472917212e-07 8.32079584827e-07 1.31737929124e-06 5.49194778648e-07 4.66411494951e-07 2.329426247e-07 7.15976228056e-07 7.83286553028e-08 2.20357434014e-08 1.34927298368e-07 7.89717109013e-08 1.11007319388e-07 5.5484600261e-08 1.62750291792e-07 1.34952379337e-08 7.30443455663e-08 3.1664200283e-07 8.82587692311e-08 5.02964773429e-08 1.98231005225e-07 1.35935970668e-07 2.35212117724e-07 1.22972467078e-07 3.96653992732e-07 5.72648504332e-08 7.443649499e-07 6.76082472578e-07 8.77790528347e-08 4.13896406136e-07 2.31871373046e-07 2.44789531328e-07 4.45263759628e-07 2.32490280622e-07 5.09605576916e-08 6.42798085764e-07 1.51860735397e-07 1.23363393318e-07 6.62766293368e-07 5.18054040869e-08 2.01068717755e-07 4.04066554182e-07 1.86893946499e-07 1.97737213596e-07 2.89329129843e-07 3.57152443569e-08 5.41312147023e-07 3.88412247081e-07 1.97550903567e-08 2.88146167298e-07 1.08003959352e-07 2.33076106173e-07 1.18383846578e-07 2.20866302036e-07 4.81131718614e-08 6.16341654318e-08 3.08312907079e-07 6.16953675266e-08 1.72983961883e-08 1.62700622828e-07 6.80518202534e-08 1.31021398072e-07 7.81847149833e-08 1.53523144906e-07 2.14876434648e-08 8.81429920513e-08 1.87313004552e-07 1.09079924821e-07 1.73090482453e-07 2.2034541151e-07 5.04089563319e-07 2.44727713045e-07 1.5546610454e-07 1.91084434212e-07 1.3112104712e-07 4.46280052298e-07 1.84302709185e-07 7.00385845749e-08 6.91525631245e-07 3.50515004018e-07 4.09186506556e-07 6.21179138006e-07 2.97841769639e-07 5.181233476e-07 7.61373166736e-07 3.84325550869e-07 1.94371510962e-06 3.36661047926e-07 7.93119474724e-07 4.90291962694e-07 1.34748277324e-06 6.43246161919e-07 7.36840407797e-07 3.32397749469e-07 1.24025559232e-06 1.12578038715e-07 1.31052659254e-06 2.81701222167e-07 7.83669250888e-07 5.79759159149e-07 1.14252495886e-06 3.95876209093e-07 6.83602539863e-07 2.34474010452e-07 1.53958456172e-06 2.40890676259e-07 5.88830388094e-07 3.66658339338e-07 2.30784150768e-07 4.48914284426e-07 3.81928550947e-07 2.91152808433e-07 6.62809145054e-07 5.83872089472e-08 1.81446612241e-07 4.5926458442e-07 1.18490453626e-07 1.73171360505e-07 1.87451433625e-07 2.35826284771e-07 5.94541978669e-07 2.60929706132e-07 2.05319791968e-07 1.41653520239e-07 2.16517438824e-07 3.06341527693e-07 4.60082436917e-08 4.49368601227e-07 4.23687489689e-07 4.86841145673e-07 2.3347524896e-07 3.03753223816e-07 4.09248126699e-08 6.12496319428e-07 4.443512322e-07 2.64269826107e-07 2.06295560828e-07 5.77796600443e-07 6.17150646919e-07 2.6874579653e-07 7.05238752382e-07 1.01160418719e-06 9.45202845048e-08 2.30059592635e-06 1.41485542663e-07 8.28348342914e-07 3.69017300397e-06 3.96318764012e-07 6.42315369586e-07 1.61511243682e-06 8.75116951295e-07 5.72073678077e-07 1.10839059471e-06 3.48833958086e-07 5.47972642562e-07 5.38724948481e-07 2.91123651554e-07 1.173725929e-06 4.75965210194e-07 6.20052581853e-07 1.35665311551e-06 3.66107711982e-07 2.07906132954e-07 2.51158392668e-06 4.11797511792e-07 5.74338414327e-08 2.07927624672e-06 4.38491579589e-08 8.73468467267e-07 6.6922823704e-07 1.68924485644e-07 5.74522578201e-07 5.11799084944e-07 2.0385250022e-07 2.61446078862e-07 4.15398710039e-07 6.18723320882e-07 5.42908857767e-08 3.12547028183e-07 2.81512951737e-07 5.72866210629e-07 4.4121319107e-07 4.94414240407e-07 6.22677096499e-08 3.34820371356e-07 1.00759452862e-07 6.10681453529e-08 1.54269678489e-07 2.08703488091e-07 3.81943851879e-07 2.10975265081e-07 2.01747759247e-07 1.76359231213e-07 7.31304713639e-08 7.08852476643e-07 1.16187752311e-07 4.71443833211e-08 5.3295649365e-07 2.03271811914e-07 5.71520013966e-07 2.86823588277e-07 3.6685659504e-07 3.70334344159e-07 3.21181035847e-07 3.35177778826e-07 3.03075361492e-07 8.83134407474e-07 1.61135262837e-06 1.34012696776e-07 1.09068450813e-06 4.40472950459e-07 5.80147084599e-07 5.47297197714e-07 6.54098332332e-07 5.90272744609e-08 1.56092822138e-06 5.3198744809e-08 6.63353014324e-07 5.09298909015e-07 5.0580463108e-07 3.65322381428e-07 8.26149693811e-07 4.9447343377e-08 1.29246151453e-06 5.31123522159e-07 2.40940760968e-07 2.2804847089e-07 2.59093334676e-07 3.50211143141e-07 3.01037257581e-07 2.24377413942e-07 5.8292804171e-07 1.88389497902e-07 5.35597913704e-07 3.93499244672e-08 9.2999770497e-08 7.10721931692e-07 7.16651678573e-08 1.6819309939e-07 2.15833866516e-07 2.22190150581e-07 4.42026632393e-07 2.45074820286e-07 1.83089020194e-07 7.36685377694e-08 1.09247658858e-07 1.13508020299e-07 2.34833466066e-07 1.45666223978e-07 3.8351694153e-07 1.20491132881e-07 2.62345316675e-07 6.36976137108e-08 1.87188814535e-07 1.91449170711e-07 1.25150929083e-07 3.03412197355e-08 3.15201314346e-07 1.11373849924e-07 2.97383213533e-07 3.04478445336e-07 3.5107900474e-07 1.83924876187e-07 9.35460528714e-07 7.19607616379e-08 7.7626798898e-07 4.31427858148e-07 5.71377977997e-07 1.34291590768e-06 4.89394668795e-07 7.65224679844e-07 5.34360102143e-07 6.87813462082e-07 6.20554862405e-07 3.58382463362e-07 5.91250117873e-07 5.58276233474e-07 3.51946632967e-07 6.55270061306e-07 5.16171566194e-07 5.44264128574e-07 6.88296352187e-07 3.21120393579e-07 1.115421212e-06 3.65956984593e-07 3.05530907343e-07 5.67372791834e-07 4.44965488087e-08 8.10248888229e-07 1.51332918336e-07 3.02505328674e-07 2.78720961215e-07 2.36345717495e-07 7.84871669142e-08 3.07778200156e-07 2.28513503141e-08 1.07965592465e-07 1.93598228581e-07 2.09402000779e-07 4.71494457204e-08 3.10755692134e-07 1.20621597182e-07 4.45293187469e-07 1.84012815738e-07 2.63720042418e-07 1.36130997121e-07 1.56091879362e-08 2.35722898255e-07 4.76756265619e-07 2.52678093896e-07 6.58656661942e-07 3.31746312257e-07 4.80706101647e-07 3.34318130539e-07 2.9742801822e-07 1.28552706366e-06 2.1129762111e-07 2.49485754845e-07 5.95830730381e-07 4.43792394112e-07 8.56516600757e-07 5.17878152395e-07 1.41533887421e-06 3.96730130661e-07 1.41701049333e-06 6.15997802324e-07 5.06130688941e-07 2.63906935673e-06 4.50410593067e-07 1.02051832074e-06 5.37611276609e-06 4.94889438964e-07 1.58381814475e-06 1.60479822003e-06 1.41153997124e-06 5.98504160238e-07 2.17791529232e-06 2.16036807299e-07 2.15301860512e-06 5.54815233832e-07 1.11744098571e-06 1.44098785539e-06 1.22962439292e-06 2.21893494051e-07 3.80986116475e-06 6.11855782089e-07 3.39565674561e-07 2.35271338405e-06 3.05479210956e-07 6.05347094713e-07 1.23494715024e-06 3.29847089358e-07 1.30797755932e-06 4.84023704153e-07 8.52944804234e-07 4.71379548512e-07 5.79864216055e-07 2.36443251895e-07 2.00919847213e-07 1.30201593393e-06 3.08460606606e-07 3.32625142213e-07 5.22116671646e-07 3.40179402853e-07 7.33795600564e-07 3.04416158501e-07 5.35139321536e-07 2.6195611219e-07 1.63803072918e-08 2.89174126514e-07 3.13653381358e-07 1.94809542114e-07 5.31084860138e-07 3.05273752849e-07 2.90122770949e-07 1.47166733994e-07 3.05862820332e-07 4.00977674328e-07 1.81797837757e-07 2.355487048e-08 1.04895831854e-06 1.72389670265e-07 3.04196927588e-07 4.84236160758e-07 5.1724495743e-07 4.4900854538e-07 7.37649685305e-07 2.8500220344e-07 9.5294498249e-07 5.52794995923e-07 1.02477075705e-06 4.59224696836e-07 1.86790018634e-06 2.7061524398e-06 3.94151708714e-07 1.29039881889e-06 8.61324747178e-07 4.91685393193e-07 1.60284769178e-06 5.10013927667e-07 4.29352336704e-07 1.53664313201e-06 4.54340256717e-07 7.38978413867e-07 1.07593731642e-06 2.21175892875e-07 2.11798044539e-06 1.13286433306e-06 3.00418249738e-07 7.83187447849e-07 4.32151365993e-07 8.54162592806e-07 2.34930477102e-07 6.64879644817e-07 3.94077233663e-07 4.538399073e-07 5.04142478536e-07 2.65257520497e-07 1.33799497628e-07 9.96503525016e-07 3.2512402509e-08 1.84524334559e-07 4.05032668028e-07 3.3573352393e-07 1.3346950407e-07 3.26274446874e-07 3.3639533813e-07 5.78990217287e-07 2.20076604124e-07 3.23589811865e-07 3.21326701243e-07 1.86711848567e-07 3.27501860328e-07 2.34543915608e-07 4.40959613556e-07 1.46011289413e-07 4.54475121205e-07 9.51311892591e-08 1.6121684881e-07 6.51900165718e-07 1.1162556472e-07 1.73380769367e-07 3.21427831852e-07 3.51195367045e-07 3.04856173708e-07 2.95645201845e-07 7.16207336402e-07 3.59033266305e-07 1.11233320635e-06 2.63950261015e-07 4.84342305756e-07 1.26903852483e-06 3.58418912161e-07 1.16899266985e-06 9.13978725899e-07 1.13083337192e-06 2.51035759299e-06 3.97445576651e-07 1.47492459243e-06 4.11525006792e-07 2.07296538572e-06 4.27810608059e-07 9.50809448466e-07 3.86100190605e-07 1.77295775212e-06 4.12520719765e-07 1.35116756571e-06 2.80263299497e-07 2.1576009415e-06 7.27808809888e-07 7.35412782813e-07 1.10384155997e-06 2.91039256794e-07 9.72897631413e-07 4.47132525561e-07 1.84403307164e-07 1.07974479805e-06 3.11206813095e-07 7.21628152615e-07 2.58360484124e-07 2.2921520406e-07 3.55458839929e-07 3.1942519812e-07 1.507830407e-07 1.19232361475e-07 7.15227925648e-07 1.60314952213e-07 6.66360652369e-08 5.5098898891e-07 1.39497149929e-07 4.64684552831e-07 2.84863676702e-07 3.70630951844e-07 1.99801529512e-07 4.50364457877e-07 2.13418267644e-07 8.20917030213e-08 6.83862832761e-07 4.29710080029e-07 1.74100222673e-07 4.39141018721e-07 2.18079428304e-07 5.92707540226e-07 1.55085142058e-07 2.54959588776e-08 7.49341742373e-07 1.95156699989e-07 9.23097952674e-07 2.73191188298e-07 4.74078915348e-07 4.70798360274e-07 6.69692507226e-07 7.57112355602e-07 1.92623403997e-07 1.07855457414e-06 6.92151383077e-07 1.51597529885e-07 2.56944604844e-06 3.80497302687e-07 6.48531427146e-07 4.65870962389e-06 4.04253580386e-07 4.05985038445e-07 2.20376458515e-06 3.11617542163e-07 9.05697648941e-07 8.30862621901e-07 2.77446497364e-07 1.97491233104e-06 1.54317350631e-07 1.38693100138e-07 3.19449757771e-06 2.13253164414e-07 1.53650653326e-07 2.61175832685e-06 9.40410936768e-08 6.12886360917e-07 1.06564367705e-06 1.66473718716e-07 7.27909463698e-07 6.01856973718e-07 4.7459412064e-07 4.26714927442e-07 2.94679100883e-07 9.13501328556e-07 1.92654788209e-07 7.27076791014e-07 7.13344500202e-08 1.60772153877e-07 5.6616410164e-07 2.40103443155e-07 4.65450100068e-07 1.75721436413e-07 4.47740425076e-07 7.23511111501e-07 9.45152225157e-08 2.19060143744e-07 4.72385585648e-07 4.98679969333e-08 2.80418674479e-07 2.96303395159e-07 5.23056183485e-07 1.65310417319e-07 4.62398736927e-07 1.04652452707e-07 2.41630800731e-07 6.42889193669e-07 1.57749812775e-07 1.88072331913e-07 6.36343170293e-07 3.21391771785e-07 2.38667748487e-07 5.5046723624e-07 4.89835262045e-07 2.80706222577e-07 1.01392453497e-06 2.36907834952e-07 8.8669625144e-07 9.50349444783e-07 3.98791324136e-07 9.81975839753e-07 7.69769151535e-07 1.66733896337e-06 5.82009524065e-07 1.22319465258e-06 2.87435071398e-06 2.33080080297e-07 2.50415640904e-06 4.4027168737e-07 1.33829152965e-06 1.07226415773e-06 1.27767156436e-06 4.53603865924e-07 2.01228277631e-06 1.05685393077e-07 2.43181734611e-06 8.22998954984e-07 4.95310258627e-07 1.31765657147e-06 5.76738887389e-07 9.14591654509e-07 3.53945513386e-07 7.86589432183e-07 8.88636882634e-07 1.8587025554e-07 1.03923245965e-06 2.66943555583e-07 3.93126129396e-07 5.81816030952e-07 2.03526245759e-07 3.18711432533e-07 6.26277478473e-07 1.62548693955e-07 1.83298716252e-07 6.74379693155e-07 2.38883935422e-07 8.31140677952e-08 5.26739016792e-07 1.74262076349e-07 5.73619359769e-07 3.38294885959e-07 3.15844411165e-07 5.06671388263e-08 9.01017813324e-08 1.01617456717e-07 3.37910552301e-07 1.3812559998e-07 1.7698282939e-07 6.46974304159e-08 1.11170392426e-07 2.99279653012e-07 1.3940738273e-07 3.83931513222e-08 4.41104780769e-07 6.66612800743e-08 4.05510989898e-07 8.97285395191e-08 5.34307404761e-07 1.15881110643e-07 3.91344624938e-07 1.5952255796e-07 3.75274424958e-07 5.0641287814e-07 2.45787455847e-07 2.75480171207e-07 1.15950684916e-06 4.0163075105e-07 7.75160424143e-07 4.44358915376e-07 8.89908735751e-07 1.22129986142e-06 6.30579929304e-07 4.44334262578e-07 5.8572448303e-07 8.99261135257e-07 8.35871453026e-07 5.085816221e-07 4.14675798391e-07 4.6005616549e-07 1.18407945243e-06 6.53754533171e-07 3.05655952208e-07 6.54591108915e-07 2.39303414508e-07 9.48936902301e-07 2.22793346967e-07 2.1425188585e-07 4.74644414398e-07 3.45654536801e-07 1.71120638439e-07 3.60417282976e-07 7.83821847962e-08 4.95923710522e-07 1.25616298191e-07 3.88494551587e-07 5.62404454062e-08 4.5596680816e-07 1.80888692638e-08 1.67948475e-07 3.24207309552e-07 1.22130817782e-07 6.02223823693e-08 1.73163318611e-07 1.57777275823e-07 3.69008434011e-07 1.10737001973e-07 1.06338459779e-07 2.06495336934e-07 3.6994258029e-07 1.21743487589e-06 3.33658184413e-07 6.7822283232e-07 2.11127568681e-07 2.45861677128e-07 8.63824743547e-07 2.10409678814e-07 2.31533791455e-07 1.1394688735e-06 4.19205970692e-07 6.31583776887e-07 6.52871056491e-07 5.56861187229e-07 1.10797784632e-06 8.77764337998e-07 3.98425779825e-07 1.46182832201e-06 1.28015658773e-06 1.3938184817e-06 8.1595244375e-07 2.01492415612e-06 2.25804657559e-06 6.06005858066e-07 3.80444485534e-06 8.84694525236e-07 1.0808258001e-06 8.80596740964e-06 3.15514232387e-07 2.61642021639e-06 2.16277138601e-06 2.22899149243e-06 1.91747289911e-06 2.09945785964e-06 2.06618178259e-07 6.13721368084e-06 6.72661634817e-07 6.55534223118e-07 3.66951300911e-06 4.22323476724e-07 2.09456371696e-06 1.83075716582e-06 7.07520852098e-07 1.41296424297e-06 1.12125939358e-06 1.40646754826e-06 3.91255559609e-07 8.50830870071e-07 1.10577113897e-06 5.67232867467e-07 6.6550447963e-07 6.4142000646e-07 4.06366487908e-07 1.11058205013e-06 2.36622252198e-07 2.16750335195e-07 8.78656112696e-07 2.53855140854e-07 2.22916439782e-07 7.63617073213e-07 3.41191254123e-07 1.31883016489e-06 4.10300790547e-07 2.28752843316e-07 1.2686828511e-07 9.42219219421e-08 2.73952176592e-07 1.02843793345e-07 2.21537231679e-07 1.23118032693e-07 7.93083215936e-08 3.26307498104e-07 1.34298571741e-07 1.01240755762e-07 3.85308648426e-07 8.60340278639e-08 3.73577892383e-07 1.95987437583e-07 5.09958467804e-07 9.30277564936e-08 8.18555525524e-07 1.5815781457e-07 2.2742819287e-07 4.03306487462e-07 2.21647761939e-07 5.71788292141e-07 6.79224728788e-07 4.16014130285e-07 7.49330447139e-07 4.49022465628e-07 9.22737174462e-07 2.32641312921e-07 1.55504621422e-06 1.37583512746e-06 4.31781828983e-07 8.42346560525e-07 7.5579322436e-07 7.93281564781e-07 7.67366827698e-07 3.52475017317e-07 1.22688864565e-06 1.04090183226e-06 1.49928812399e-07 8.40154506516e-07 3.14226634702e-07 6.95134997348e-07 3.55591595939e-07 6.21130693919e-07 5.81172765741e-07 1.86588592828e-07 4.13569111336e-07 1.62044682959e-07 1.67671766509e-07 8.7896692984e-07 7.60087792404e-08 4.93339887475e-07 2.1903940691e-07 3.92003363817e-07 8.99940062878e-08 3.78467792323e-07 8.34433790862e-08 1.4358333522e-07 3.28897343568e-07 9.57706054904e-08 1.25218805273e-07 2.45336044724e-07 1.17907561433e-07 2.79986783285e-07 9.538825961e-08 1.39518181419e-07 9.77169894968e-08 2.57813324607e-07 6.31642852693e-07 2.30118289298e-07 3.47186587357e-07 9.85418819356e-08 1.60621245482e-07 4.78746783208e-07 1.60121430243e-07 1.1556957445e-07 7.48719307513e-07 1.43084766897e-07 4.16459276704e-07 2.78115444433e-07 4.99791751716e-07 4.63779467113e-07 2.5362111653e-07 5.52995579765e-07 3.58821972723e-07 6.4473035534e-07 5.18448518009e-07 3.78876520405e-07 1.88759949432e-06 7.41516392609e-07 5.27247621961e-07 1.60496840115e-06 3.25910363876e-07 7.48497522251e-07 9.58885337067e-07 7.42302872975e-07 3.65196735473e-06 6.00677767496e-07 1.67528740419e-06 1.06008675045e-06 1.53250956765e-06 3.12933514735e-07 2.86663230509e-06 4.6869730241e-07 8.40652898388e-07 5.39370132039e-07 2.2704661234e-07 1.50340543496e-06 4.54940907524e-07 6.1964738911e-07 1.87265894679e-06 3.58685308654e-07 5.00402165674e-07 6.23454285688e-07 2.99201601888e-07 5.09869976822e-07 2.20166770577e-07 4.73798725714e-07 4.70575703338e-07 3.05133202367e-07 3.92230928582e-07 1.56257041519e-07 7.48554156081e-07 9.26588606711e-08 1.5086341752e-07 4.91295449269e-07 1.65722784339e-07 1.07426091688e-07 3.94298383199e-07 2.39933234065e-07 6.78994323742e-07 2.75632605016e-07 1.02960317709e-07 2.26899321784e-07 4.54639591014e-07 5.32959229839e-07 1.19069424579e-07 5.78122085131e-07 6.37928641354e-08 2.35186763136e-07 8.26596955038e-07 1.13501407682e-07 2.99296521307e-07 5.33660716253e-07 1.31344455331e-07 6.13615890495e-07 2.565251255e-07 8.56355997432e-07 2.40907653253e-07 1.30630507718e-06 2.13127970037e-07 1.230862128e-06 5.37051421983e-07 3.7892876876e-07 7.96218339815e-07 1.13175425178e-06 1.58687650686e-06 4.40739732094e-07 1.21696587043e-06 1.35058422755e-06 2.07750458389e-07 3.82083452208e-06 3.20773782427e-07 1.44571990177e-06 3.87123480311e-06 5.47303176582e-07 1.81499373018e-06 1.77110998151e-06 3.7851567392e-07 3.23445033391e-06 1.03510074272e-06 2.00834790223e-07 3.35871485027e-06 1.31249397759e-07 1.29759294123e-06 1.16753865331e-06 3.49111523053e-07 1.49955570513e-06 1.08148343397e-06 7.79853490034e-07 3.77010566019e-07 5.70179312997e-07 1.14432795577e-06 2.13663837635e-07 1.32283779241e-06 2.26969327262e-07 8.68836125642e-07 2.76489599212e-07 6.5596720871e-07 1.48178641624e-07 5.18624584774e-07 2.81479813103e-07 1.56121298125e-07 8.09171086697e-07 2.52218725424e-07 8.08166864033e-08 6.35344955537e-07 1.22202665031e-07 5.43483934337e-07 4.74133684381e-07 2.35736393731e-07 3.41730291172e-07 1.03240700335e-06 2.07055110582e-07 4.95138255056e-07 1.05495398245e-07 2.35314608036e-07 8.61485828347e-07 2.36403850698e-07 1.66974957732e-07 8.23067860322e-07 1.81345034631e-07 6.5803345403e-07 5.0909558565e-07 6.53510571119e-07 3.73458010524e-07 8.4760469897e-07 4.5467347633e-07 4.8141904066e-07 1.48325730457e-06 4.57633667079e-07 5.87026255654e-07 1.75229133838e-06 1.06263089719e-06 1.34298394956e-06 1.24954910429e-06 9.76688011339e-07 1.21425123996e-06 1.48365683564e-06 1.35120497952e-06 9.75294151694e-07 2.27932091501e-06 4.61851925966e-06 7.53944509822e-07 2.96046153159e-06 5.12098284063e-07 4.20551773165e-06 1.6894914921e-06 9.16234189093e-07 1.21612378977e-06 1.17241638184e-06 1.22592707953e-06 8.94478138576e-07 9.4481499575e-07 1.45514979537e-06 8.57220806364e-07 1.83198346074e-06 5.2608313723e-07 4.12897650903e-07 1.5692806998e-06 4.69407986768e-07 4.11478362887e-07 8.25485954416e-07 3.31914580769e-07 6.20394782846e-07 5.31578547919e-07 5.74326663128e-07 1.89702292781e-07 8.67539856706e-07 1.22402760505e-07 2.39413046336e-07 8.7473909724e-07 2.28382828543e-07 1.17046797469e-07 4.85820837758e-07 2.318552352e-07 1.10028847896e-06 3.41858859272e-07 4.79592753779e-07 7.51465007224e-07 1.29700820096e-07 6.45721002726e-07 4.285635603e-08 3.39883874002e-07 8.09843788098e-07 1.82218901815e-07 4.46839025194e-07 4.61036971968e-07 1.60431844774e-07 5.025769725e-07 3.46012206377e-07 6.41613979813e-07 4.37749621566e-07 9.46779507452e-07 3.09572761244e-07 1.12278798182e-06 3.03204848858e-07 1.11548185772e-06 3.38799835852e-07 9.66803825108e-07 1.35686405936e-06 4.98068468269e-07 2.21060760231e-06 5.67984521032e-07 3.64419614736e-07 3.1289242108e-06 2.79690686679e-07 2.11610437417e-06 8.08310414289e-07 1.52728890161e-06 4.31491158496e-06 7.64246601653e-07 5.19158459487e-07 3.65104764271e-06 1.18049743263e-06 6.86441657961e-07 2.06464840704e-06 2.24563018075e-07 3.11213549257e-06 3.05056549359e-07 5.01307002551e-07 2.32135518992e-06 4.18517359694e-07 1.42292624314e-06 9.02480451598e-07 3.08503811668e-07 1.16431216232e-06 2.62060650503e-07 1.08207873051e-06 2.8771184481e-07 1.00899455506e-06 4.02965462697e-07 6.27169917211e-07 3.18740653219e-07 5.48359374121e-07 1.53838425515e-07 4.53900888695e-07 4.4215711383e-07 2.06113565912e-07 7.87451497285e-07 3.55059690535e-07 6.77019876492e-08 7.29156648495e-07 1.1061657106e-07 7.46589381969e-07 4.86581316769e-07 2.49363455717e-07 8.93790080333e-07 3.58729322273e-07 5.16045298584e-07 6.10792658559e-08 4.18785693372e-07 9.74099026357e-07 2.08660298249e-07 2.15466546999e-07 1.04800780051e-06 1.99953082927e-07 7.78265073472e-07 4.66897275012e-07 9.03431678935e-07 3.45704210446e-07 1.0600159286e-06 5.531084208e-07 7.04564015267e-07 1.43588707498e-06 3.16383031457e-07 1.34783474154e-06 1.34677625658e-06 9.50966944082e-07 1.24554295613e-06 1.33090901616e-06 1.76652304611e-06 7.64933007348e-07 2.39128215824e-06 1.31565544956e-06 8.5905846132e-07 3.22961487882e-06 1.2791162634e-06 2.35329573067e-06 5.59036943138e-06 2.07163127783e-07 5.18031821784e-06 1.7918932433e-06 1.19854945226e-06 3.13740322571e-06 8.17808199944e-07 1.2525882943e-06 2.26589931151e-06 7.24523745177e-07 1.93870759943e-06 1.12709313256e-06 1.38865619477e-06 8.36651929799e-07 1.27684457563e-06 1.35010045227e-06 3.17558406675e-07 1.42337768538e-06 6.7421283768e-07 5.40364114388e-07 1.03430401691e-06 3.39814214832e-07 8.75964131426e-07 4.76171811909e-07 7.17485306425e-07 1.79689814078e-07 1.09113384517e-06 1.81989619769e-07 1.90388727576e-07 9.83337266724e-07 4.21736512956e-07 7.93172732363e-08 4.84033918074e-07 3.79565752897e-07 9.09984661655e-07 2.54138472474e-07 2.67201320141e-08 3.68319671257e-07 6.99822353702e-08 3.69086523051e-07 4.22890389609e-08 1.07339500929e-07 2.41143884867e-07 1.36242454844e-07 4.96163421006e-08 3.3373402452e-07 5.89364706327e-08 2.65922793753e-07 1.84186296418e-07 3.2493241125e-07 1.06889883048e-07 5.06626152937e-07 1.13245299336e-07 4.45762471644e-07 3.05448589832e-07 3.87431720761e-07 1.33579594193e-07 8.56090731186e-07 3.44758419699e-07 1.20826779546e-07 3.45224735408e-07 4.08648304555e-07 5.37742307578e-07 8.70366898921e-07 2.44639404225e-07 7.15189996761e-07 5.18250224215e-07 1.1891614709e-06 5.48526303073e-07 1.10681631004e-06 1.24852629181e-06 1.3295494981e-06 1.00546800636e-06 3.52084240416e-07 1.38343338307e-06 4.62723303197e-07 6.39327936836e-07 2.68575839614e-07 8.07951174537e-07 5.80964386303e-07 3.75217237131e-07 3.65723204119e-07 1.05447775582e-07 3.02609893201e-07 9.23229974963e-07 1.00819769051e-07 4.06601718782e-07 3.23064958346e-07 4.66580429164e-07 1.15077338402e-07 5.55101987871e-07 1.07807973557e-07 3.49185761444e-07 1.9564381105e-07 2.63035368547e-07 6.50362942975e-08 3.1702661099e-07 4.86795701867e-08 1.51184852859e-07 2.36541808895e-07 7.8387826668e-08 5.42909443669e-08 3.97404480214e-07 6.19765881015e-08 3.75415416423e-07 2.60520325955e-08 5.62397466512e-08 1.00917496614e-06 2.68419373513e-07 8.35746302954e-07 1.70894168634e-07 4.37714459285e-07 7.06127450937e-07 2.01190889063e-07 2.47732018344e-07 8.38036952744e-07 5.86895747785e-08 9.99800011456e-07 3.93826016566e-07 9.9610937378e-07 3.38949113025e-07 1.40549511106e-06 4.12265648941e-07 8.93075901704e-07 8.5363975097e-07 5.47205968434e-07 1.51314596304e-06 6.86628843442e-07 2.64004524852e-06 4.2740634473e-07 1.32482052597e-06 1.68334152631e-06 4.91381122972e-07 4.6408263094e-06 7.61651561099e-07 1.2570396655e-06 2.69953744958e-06 6.78706582242e-07 3.79061281299e-06 1.16768514997e-06 8.93616649203e-07 1.13587094012e-05 8.93616649203e-07 1.16768514997e-06 3.79061281299e-06 6.78706582242e-07 2.69953744958e-06 1.2570396655e-06 7.61651561099e-07 4.6408263094e-06 4.91381122972e-07 1.68334152631e-06 1.32482052597e-06 4.2740634473e-07 2.64004524852e-06 6.86628843442e-07 1.51314596304e-06 5.47205968434e-07 8.5363975097e-07 8.93075901704e-07 4.12265648941e-07 1.40549511106e-06 3.38949113025e-07 9.9610937378e-07 3.93826016566e-07 9.99800011456e-07 5.86895747785e-08 8.38036952744e-07 2.47732018344e-07 2.01190889063e-07 7.06127450937e-07 4.37714459285e-07 1.70894168634e-07 8.35746302954e-07 2.68419373513e-07 1.00917496614e-06 5.62397466512e-08 7.40713857652e-07 2.28035153641e-07 5.77345129446e-07 1.77652391064e-07 4.19669796575e-07 5.73822616032e-07 4.0850219181e-07 1.98729977504e-07 1.04919840985e-06 1.42601037944e-07 6.6534951178e-07 5.08631714151e-07 6.88064787227e-07 3.34300130597e-07 1.0114181245e-06 4.77256125755e-07 8.72669253657e-07 8.435436708e-07 6.85266672279e-07 5.75899298007e-07 2.1820711257e-06 6.12722823765e-07 1.57899506698e-06 1.19623216045e-06 9.56145010396e-07 9.36173035389e-07 2.55446984307e-06 1.10533056065e-06 1.57275941882e-06 1.33257528458e-06 3.0660662637e-06 9.35131348867e-07 3.82646880668e-06 3.44187649473e-07 5.160118546e-06 4.87091756646e-06 5.27490496253e-07 4.14390366874e-06 7.17461963075e-07 3.30070890544e-06 1.424499667e-06 1.40894041174e-06 1.08254602212e-06 2.46487125978e-06 9.72310738801e-07 9.76154296817e-07 1.05624881308e-06 1.67466024309e-06 5.3808176599e-07 2.30284116223e-06 4.80276558708e-07 7.00262555136e-07 8.71018944411e-07 8.53269384147e-07 5.14659308498e-07 1.0112212864e-06 3.31289986508e-07 6.36729223548e-07 5.75836370423e-07 6.42327644584e-07 1.76713871199e-07 1.03781311074e-06 1.90818681415e-07 3.71860125276e-07 6.124714056e-07 4.2319539996e-07 1.67241716344e-07 5.41565140044e-07 2.36633620612e-07 7.42587250126e-07 2.74226760533e-07 1.23478199663e-07 4.10403386324e-07 4.61867313392e-08 1.84184304222e-07 5.87419505155e-07 1.27424875134e-07 9.81017377682e-08 3.49665653045e-07 1.40382234964e-07 3.25588386478e-07 2.32199830852e-07 5.43684048525e-07 1.50853587102e-07 7.30709373103e-07 1.11527725365e-07 4.67123728635e-07 4.94335612514e-07 3.73848188426e-07 4.48162458289e-07 7.02582844703e-07 7.41145405626e-07 2.91218873361e-07 8.46844025613e-07 5.55248620948e-07 2.72260641495e-07 1.22461487101e-06 4.37913809141e-07 8.02532531565e-07 8.89308344907e-07 7.70704620681e-07 1.41354266758e-06 7.68546629298e-07 7.03278555616e-07 2.03882947148e-06 1.3856410631e-06 1.92063358481e-06 8.90232051025e-07 7.09776632732e-07 1.41035299101e-06 8.00248197973e-07 8.19347856294e-07 9.32751969294e-07 4.31008600976e-07 1.34941592292e-06 2.6095507326e-07 5.58761139513e-07 8.59410641021e-07 2.80375862495e-07 7.34357936485e-07 7.04764867055e-07 4.31440640779e-07 3.65763154088e-07 5.26031784663e-07 4.43536893863e-07 1.25729948149e-07 7.45571079216e-07 1.67260731799e-07 4.90203720456e-07 2.45521090517e-07 2.97687039862e-07 1.51655487864e-07 3.33941989436e-07 8.83851389858e-08 9.14916464574e-08 6.36724292623e-07 1.88454080569e-07 3.44767043756e-08 4.28020938954e-07 1.35271607986e-07 2.78145298171e-07 7.7618142186e-07 4.13271142559e-07 1.20155327078e-06 1.6813377824e-07 2.40238253858e-07 1.21589037219e-06 9.07126823861e-07 7.25968412428e-08 1.36521059071e-06 1.60342073562e-07 1.18991422472e-06 6.90659257136e-07 1.21174828569e-06 5.25280810477e-07 1.41963362435e-06 4.8588528953e-07 1.03246816341e-06 1.44416788255e-06 8.26106114499e-07 1.22383187348e-06 2.33662906752e-06 1.47944722566e-06 2.28858251552e-06 9.37115328427e-07 3.0780447223e-06 6.18782874795e-07 2.98240952383e-06 1.62936926957e-06 1.80417672565e-06 3.73648638039e-06 1.97158067819e-06 2.30847880303e-06 4.67048827089e-06 3.27148991454e-07 9.7362524773e-06 1.69433108933e-06 2.06765171091e-06 1.30498230773e-05 6.38193260068e-07 5.16839214636e-06 2.3687952898e-06 2.21794021823e-06 3.91024400724e-06 1.87351675151e-06 1.55260513872e-06 3.01888545421e-06 6.94947593869e-07 3.19579065019e-06 9.25186021828e-07 2.27888970052e-06 1.47486495401e-06 2.38039800246e-06 1.2105710884e-06 8.50731319921e-07 1.47348016304e-06 1.03962853288e-06 4.70420023117e-07 1.40577761537e-06 5.04494337719e-07 1.18024935921e-06 6.85757032716e-07 1.16920751641e-06 1.93759174705e-07 1.34891036791e-06 7.05213695291e-08 8.6674132906e-07 1.19752767905e-06 2.44791533831e-07 1.53109056753e-07 1.1496901427e-06 3.9485847501e-07 7.58059714835e-07 1.55604379638e-07 2.30972009446e-07 4.17603839688e-07 5.28992815337e-08 1.11339089363e-07 3.75363745951e-07 1.74096142225e-07 6.48545498273e-08 3.76574347232e-07 1.94220052271e-07 2.61103157355e-07 2.61000424315e-07 4.03475124086e-07 1.78920271801e-07 7.38537083033e-07 1.66324315824e-07 4.56411841158e-07 3.84264066357e-07 3.48553741648e-07 3.98795103184e-07 6.83899048697e-07 6.34645409499e-07 3.28651460993e-07 8.14865299042e-07 3.33590280497e-07 5.92174402997e-07 9.67500314372e-07 3.03051415546e-07 6.97047509485e-07 1.01153798469e-06 1.29274743833e-06 9.36906262371e-07 1.13615444527e-06 5.8631525264e-07 2.05573747379e-06 1.92716248658e-06 4.69700543618e-07 2.37534308047e-06 1.89657372993e-06 8.11543592716e-07 1.19774372221e-06 8.75613223966e-07 1.58196477612e-06 1.10566288582e-06 8.05530357999e-07 3.186965159e-07 1.03953781585e-06 6.67002014774e-07 3.08967253071e-07 8.41268210303e-07 3.03663289475e-07 5.89122796105e-07 6.95172683241e-07 3.41723583861e-07 3.64323668663e-07 3.86016486543e-07 4.44259694759e-07 1.76693109841e-07 7.73286982523e-07 2.10181702902e-07 3.57170392763e-07 2.39439920275e-07 2.08457436031e-07 2.17561084159e-07 3.29689502054e-07 5.81819773735e-08 1.32182481628e-07 3.35385297285e-07 1.06389107637e-07 4.27387829221e-08 3.70770803951e-07 2.28011273442e-07 1.5393617737e-07 3.35400114493e-07 4.90913677107e-07 9.42986396116e-07 1.46344963185e-07 2.89359078261e-07 1.40806666601e-06 5.79668751168e-07 1.20325286626e-07 1.42965246843e-06 2.15915054694e-07 1.10146091919e-06 6.34819643148e-07 1.26184774023e-06 2.80317831468e-07 1.42486792643e-06 4.06778879058e-07 8.51790391379e-07 1.48000398054e-06 8.14312170523e-07 1.39832776004e-06 1.80964201529e-06 1.61308230868e-06 1.76919942452e-06 1.51694210989e-06 2.48063324442e-06 3.71844734082e-07 5.66849863102e-06 8.1035377521e-07 1.42936212253e-06 2.8484572379e-06 2.08022063753e-06 3.36870817275e-06 2.68995614988e-06 5.28906774492e-07 7.65658874261e-06 1.30127715353e-06 2.39105252789e-06 2.7094819943e-06 1.6118169247e-06 9.44415407969e-06 8.91029835095e-07 2.96386659213e-06 3.79044428416e-06 2.34325908225e-06 3.11424734621e-06 1.52606052564e-06 8.0499047069e-07 5.81779527949e-06 4.27417223979e-07 2.61476540331e-06 1.44703026356e-06 1.89698059576e-06 1.51365245116e-06 1.91199227546e-06 1.34969663648e-06 8.6968442495e-07 1.54511051442e-06 7.90030591036e-07 4.25514897884e-07 1.44348564723e-06 3.21281220298e-07 1.17559916164e-06 6.70048742753e-07 1.0046054486e-06 2.1614510507e-07 1.34672527729e-06 1.26618233997e-07 5.60138039138e-07 1.33770979711e-06 2.75267989447e-07 1.33635272678e-07 8.65330539314e-07 4.71440067353e-07 3.20933399798e-07 4.87833026444e-07 6.12011018824e-07 6.77988486034e-08 1.6901834143e-07 9.43060719762e-07 2.826156826e-07 3.68519283393e-08 8.70931144222e-07 2.51174887578e-07 5.21120223688e-07 3.42170261862e-07 6.56401959676e-07 1.96254358236e-07 9.59562227227e-07 1.83445489788e-07 1.11346825401e-06 5.95728377545e-07 5.72254241481e-07 6.40645767797e-07 1.31981517232e-06 1.09323723717e-06 7.41993047888e-07 1.16924985533e-06 7.40556022478e-07 1.03263450044e-06 1.36078577083e-06 1.23167539351e-06 9.34189934282e-07 1.40557415145e-06 1.99861144438e-06 1.59082256891e-06 2.63791996714e-06 4.37217921449e-07 4.35694707527e-06 2.43294536112e-06 5.22150243535e-07 5.53281278882e-06 6.43582193983e-07 3.31448713649e-06 5.08381900808e-06 6.67047319561e-07 3.07086440629e-06 1.6550918966e-06 2.27369101876e-06 1.53748963166e-06 1.08898438505e-06 1.24315345417e-06 1.41727536151e-06 1.06237120064e-06 8.20217318078e-07 1.17267644527e-06 7.3021039362e-07 1.09124442235e-06 1.41693801449e-06 6.19684659637e-07 6.03727864106e-07 5.76690431444e-07 1.16655496956e-06 1.86586787266e-07 1.01933472716e-06 2.61825718558e-07 6.39578728758e-07 2.2024004712e-07 5.20131896518e-07 2.14590738326e-07 8.00399018446e-07 5.40726562928e-08 2.38627457906e-07 9.15094661636e-07 1.38012051268e-07 5.73811597208e-08 5.37333025297e-07 4.66944776631e-07 8.45996443594e-08 2.67555217262e-07 1.27084777018e-07 2.07048154876e-07 9.13439308963e-07 2.44448942911e-07 7.8291720941e-08 6.39841348451e-07 3.08375261486e-07 5.68206415961e-07 4.08616576981e-07 6.98865787937e-07 1.32966648026e-07 1.27733213938e-06 2.22918848104e-07 6.59918761762e-07 8.83625049944e-07 6.19833989946e-07 6.46176284046e-07 9.10136359979e-07 1.01314416011e-06 8.9981972895e-07 8.27111136307e-07 1.20536533324e-06 6.48909584085e-07 2.68999787353e-06 3.63289431433e-07 1.64508560341e-06 1.39297486735e-06 1.5041569388e-06 1.60257872443e-06 2.15628340366e-06 8.18266654761e-07 4.12934024952e-06 1.3913964768e-06 1.54693630833e-06 1.92304754369e-06 1.70707542889e-06 1.63732730329e-06 1.8038909661e-06 4.15126399631e-06 1.0258887332e-06 2.36506853678e-06 1.81785213669e-06 1.74105117491e-06 1.36481342136e-06 1.94699211434e-06 4.06111518809e-07 2.85786370341e-06 6.16368458855e-07 1.37428049991e-06 8.14336171179e-07 9.20916638751e-07 1.00171039572e-06 9.46081445922e-07 5.9310124306e-07 5.84979154103e-07 9.72029326204e-07 5.68749624074e-07 2.7449214485e-07 1.22755507131e-06 1.72386725571e-07 5.75658130507e-07 4.70294860641e-07 4.79336232395e-07 2.74007034231e-07 6.09098398816e-07 8.80009290945e-08 2.22158127097e-07 7.83392253365e-07 1.96744779602e-07 1.22164877865e-07 2.58218336489e-07 8.1357697385e-08 9.64178715085e-08 2.31593436885e-07 1.68479561303e-07 2.99019310363e-07 1.15081578962e-06 2.12150909047e-07 5.2594644708e-08 1.01392766552e-06 2.74338483779e-07 9.14798960769e-07 8.32358795502e-07 9.0036487531e-07 2.33974016608e-07 1.50680380847e-06 3.1691468796e-07 1.35568982756e-06 9.96127204271e-07 9.05709158152e-07 8.87632528941e-07 1.89156141739e-06 1.17741511738e-06 1.74206084593e-06 1.2782359352e-06 1.48028859261e-06 1.24605601627e-06 2.39080498861e-06 1.81393424182e-06 6.76952390219e-07 4.33776783241e-06 1.38361761389e-06 1.79084641859e-06 4.1160232668e-06 4.68919122533e-07 8.14083643108e-06 1.82778104155e-06 7.68415170097e-07 6.83039078696e-06 4.70861364647e-07 6.94628165212e-06 1.10329538374e-06 2.50489348752e-06 1.08534287171e-05 9.7318944553e-07 4.5624605802e-06 2.03448072247e-06 1.67448199122e-06 4.69322271068e-06 7.92907443407e-07 1.83575522757e-06 2.64045415194e-06 1.30757037457e-06 1.64811641913e-06 1.31242251093e-06 1.82408622138e-06 1.17486841998e-06 1.98458912104e-06 8.99810718213e-07 8.94444459874e-07 9.222232913e-07 1.40057693536e-06 2.91972784807e-07 1.52862343892e-06 2.77402171055e-07 8.72906106815e-07 6.88100332415e-07 8.80676881654e-07 2.4562022221e-07 9.07001511308e-07 3.67715318505e-08 1.92551045524e-07 1.05347168964e-06 2.72270508649e-07 1.60033901476e-07 2.14239402569e-07 8.89681210767e-08 5.08588794604e-07 2.86390595477e-07 4.64381795257e-07 1.07777661638e-06 1.85878784452e-07 8.37412864459e-08 9.97241450811e-07 4.08824430745e-07 5.72898568269e-07 5.12368906183e-07 9.74928572484e-07 2.31239000291e-07 1.51989625809e-06 2.68751645446e-07 1.2178210774e-06 7.71378442897e-07 7.55061836946e-07 8.96989677017e-07 1.27372252138e-06 1.08818466983e-06 1.00166351388e-06 1.21074309148e-06 1.37426006274e-06 6.23743034531e-07 2.86058918934e-06 6.419562098e-07 1.83167731225e-06 1.27038403557e-06 3.19164236428e-06 1.6751356541e-06 2.242754671e-06 1.05329617206e-06 5.03113335957e-06 2.62177616354e-06 1.10656825234e-06 3.33177642589e-06 1.732199903e-06 1.84165275936e-06 3.31276287771e-06 1.19040938838e-06 3.64109362801e-06 5.58828943957e-06 1.29693159209e-06 2.67326834844e-06 1.71136118237e-06 3.84055422261e-06 1.3080201214e-06 2.16636403747e-06 6.40945253776e-07 3.1305886568e-06 6.18725676976e-07 1.40671049149e-06 1.33958331306e-06 1.02218240928e-06 1.01851112315e-06 1.36326658917e-06 8.50469111007e-07 7.79923659121e-07 8.48196975823e-07 1.19884369997e-06 2.41627608708e-07 1.39380341548e-06 2.38867466265e-07 9.95605324717e-07 4.25665826024e-07 5.54155850924e-07 3.21013083355e-07 9.15842200915e-07 6.39561214545e-08 1.95230552443e-07 9.85097184559e-07 4.13802193187e-07 2.76117501183e-07 4.75140715774e-07 3.80390792916e-07 3.26175254272e-07 4.98474070715e-07 1.50381348084e-06 2.63897640466e-07 1.28786921334e-07 1.07064150719e-06 5.52991753634e-07 8.47307203207e-07 5.06975239001e-07 9.58937511651e-07 2.69670030494e-07 1.26094295082e-06 3.16773140463e-07 1.01152533414e-06 1.06430564998e-06 5.92967620549e-07 9.14774361412e-07 1.82951112336e-06 1.20280033904e-06 1.44793620225e-06 6.31059186718e-07 1.74911083553e-06 8.25576631819e-07 2.55193506466e-06 1.34145529757e-06 1.07205829603e-06 3.57102047845e-06 8.46356302351e-07 4.06350269319e-06 1.89105237786e-06 5.07308627394e-07 6.99817875177e-06 1.67841558351e-06 1.46017478097e-06 3.31963049912e-06 8.11284185464e-07 5.44406415065e-06 8.62869368448e-07 3.55355713596e-06 1.80684973381e-06 2.77764387667e-06 8.99869634033e-06 9.39987367331e-07 2.30792520337e-06 4.36242236279e-06 1.15417910868e-06 3.78707140049e-06 1.24405713309e-06 1.47097979161e-06 2.76446807212e-06 9.02983555868e-07 1.91828100019e-06 7.54561756885e-07 1.56514546631e-06 1.15731147506e-06 1.95370491277e-06 8.47447064811e-07 6.40177047677e-07 1.04931253632e-06 9.8128293398e-07 2.86150899084e-07 1.23521630994e-06 2.86780431171e-07 9.07042806009e-07 4.76740657332e-07 8.17858795536e-07 4.86009824712e-07 9.24267493292e-07 1.11566104513e-07 1.99177266401e-07 1.27173982059e-06 4.26030489226e-07 2.9783102697e-07 3.38656687982e-07 2.75133806478e-07 9.33683435103e-07 2.17410514294e-07 1.11815072773e-07 8.26807573836e-07 4.36243475786e-07 5.37290539596e-07 4.85730143435e-07 6.60118838379e-07 2.57497738954e-07 1.38739242316e-06 1.83487039755e-07 9.42481867804e-07 7.38472615884e-07 7.23521825051e-07 8.47046571359e-07 1.20030381579e-06 1.26309738232e-06 7.28200408866e-07 9.94560433804e-07 1.04072304229e-06 7.53552179095e-07 2.09414195958e-06 6.37205611316e-07 1.50313619188e-06 1.56640015092e-06 2.66015633719e-06 1.02807944354e-06 3.62723489865e-06 5.80541245064e-07 4.29320807227e-06 2.27044373098e-06 8.82673729771e-07 4.06683649157e-06 7.46266572136e-07 2.43239014304e-06 2.6216863073e-06 7.00970376734e-07 4.37009231878e-06 1.14492995014e-06 3.23621495379e-06 4.7829339858e-06 9.18386406592e-07 4.35880650105e-06 1.05563551742e-06 3.12648820103e-06 1.7933621366e-06 1.68255666284e-06 6.84614685675e-07 2.3004412827e-06 7.46585496722e-07 1.13296314351e-06 1.15648988207e-06 7.5644519988e-07 1.19958531733e-06 1.28783564028e-06 8.11327719571e-07 7.6297063962e-07 7.77892240087e-07 8.93234872711e-07 1.55204972519e-07 1.24026335897e-06 2.72801308038e-07 5.66522097636e-07 4.76659849907e-07 4.77024425908e-07 3.58130225581e-07 7.30560379971e-07 8.24635386801e-08 1.79145895994e-07 7.8008846829e-07 2.38675186617e-07 1.38983138811e-07 6.17237169544e-07 3.91270721551e-07 1.17992456044e-07 9.79891605835e-07 3.38667185065e-07 5.03656544603e-07 4.28364796488e-07 6.75036322388e-07 1.24516283476e-07 1.25206934078e-06 1.72713463174e-07 5.01600515634e-07 6.72254335246e-07 3.13363841866e-07 5.89546091575e-07 1.01348519477e-06 1.00495104985e-06 9.27170726481e-07 8.43291777658e-07 9.93276325565e-07 6.45638812599e-07 2.10352491518e-06 6.24487464421e-07 9.93615829716e-07 1.60791031519e-06 1.49253999879e-06 1.9174379643e-06 1.50196776835e-06 1.03402368539e-06 4.13463686262e-06 1.49384176001e-06 1.10783306184e-06 3.12138994815e-06 1.07209010466e-06 2.47611285726e-06 1.11741113313e-06 2.32691690643e-06 1.39343834764e-06 3.11761323707e-06 1.4062901663e-06 2.06583540249e-06 4.46874900585e-06 1.44876428465e-06 1.51669407564e-06 2.46880453306e-06 1.62022795854e-06 1.87668710284e-06 1.19807090562e-06 6.63290020628e-07 2.27185240966e-06 6.7046545598e-07 1.05805155551e-06 9.36465486042e-07 9.1035331912e-07 9.90820184329e-07 1.068076681e-06 5.39214986537e-07 3.10814279357e-07 6.76045121361e-07 4.41662238297e-07 2.08518345292e-07 1.16903504422e-06 9.67340835803e-08 5.99720669738e-07 3.99411879685e-07 4.62668929126e-07 3.14784688866e-07 8.41139912386e-07 8.88561093979e-08 3.52346805189e-07 5.24999656745e-07 1.23730999401e-07 5.05193694944e-09 1.42019694741e-06 9.67818684361e-07 2.3331236393e-07 2.23890569609e-06 4.54758645189e-07 6.54562067066e-07 1.0476502665e-06 1.41733048049e-06 4.47469555243e-07 2.27700751483e-06 3.8527991547e-07 2.24378743778e-06 1.08793117984e-06 1.42911969767e-06 1.45765616397e-06 2.62093706979e-06 2.25784862199e-06 1.85331699019e-06 1.44137181485e-06 1.72159374242e-06 1.74234774946e-06 3.18415683006e-06 1.94476846965e-06 2.3380820498e-06 3.15152536922e-06 4.38420847241e-06 2.8456458315e-06 6.91928964924e-06 4.35001593819e-07 1.25518018258e-05 2.32473253338e-06 1.40834651774e-06 8.54715697522e-06 1.29968074077e-06 7.46539408249e-06 2.33858299676e-06 2.28181587079e-06 7.92349166089e-06 1.42070533805e-06 8.90395174224e-06 2.00335609556e-06 3.35802598695e-06 1.65344018519e-05 9.1226228298e-07 7.92860337129e-06 3.10817269558e-06 5.01415907241e-06 3.57659332957e-06 2.64958948856e-06 2.13550415683e-06 3.5023878327e-06 1.81174217063e-06 1.94694824616e-06 1.5692320254e-06 2.01718396733e-06 2.22215120956e-06 2.83066952502e-06 1.39168010014e-06 1.44586037752e-06 1.16577631815e-06 2.13690907358e-06 4.48158278686e-07 2.0828997363e-06 4.48142252279e-07 1.27900591578e-06 9.33741380312e-07 5.81121298331e-07 3.667935743e-07 1.96315846476e-06 1.56042774509e-07 7.91726855857e-07 1.20174291928e-06 4.33692315702e-09 2.95861572367e-07 1.58099692872e-07 1.07134675156e-07 8.79959590587e-07 1.26240525166e-07 2.43526641749e-07 3.52748413487e-07 6.40654558463e-07 2.58193350738e-07 9.25484786366e-07 1.57294463382e-07 6.76140037964e-07 5.27302618408e-07 3.10473035407e-07 5.20963219105e-07 6.65656710693e-07 8.44203531943e-07 6.78583866513e-07 6.55106736034e-07 9.76529982832e-07 3.77257884327e-07 1.63541215342e-06 4.3524016162e-07 1.07017332003e-06 1.3474225915e-06 1.15773850587e-06 1.62168694876e-06 1.63366045557e-06 7.85155124892e-07 2.99905120568e-06 2.18407948819e-06 6.69075218279e-07 2.19345204303e-06 8.21618191846e-07 2.15804041284e-06 1.56999928645e-06 8.74909774347e-07 1.80037227214e-06 2.21742275101e-06 1.03770429998e-06 2.20454555397e-06 7.54564359947e-07 3.23066642721e-06 3.1386267572e-06 1.13862861596e-06 2.11040685794e-06 1.92982574484e-06 1.32090844739e-06 1.58157403304e-06 1.30069584888e-06 4.28630860129e-07 1.7468052012e-06 3.11294296081e-07 1.00078561891e-06 8.05191168742e-07 6.41412116943e-07 8.01979019659e-07 7.05579197451e-07 4.93606306534e-07 2.7660280801e-07 5.5926702454e-07 6.4455518162e-07 1.9270172821e-07 8.04711883367e-07 2.87049788461e-07 5.84302696515e-07 2.75465917685e-07 1.51996905358e-07 1.25893968101e-07 7.95336788548e-07 9.41511373377e-08 1.2358133897e-07 2.44751961901e-07 3.71171413771e-07 3.04259833632e-07 2.298012534e-06 4.18365281929e-07 7.2270186766e-07 1.17725839305e-06 9.42122594058e-07 5.40500259762e-07 2.37257929568e-06 3.92846733687e-07 1.61396187603e-06 1.24659905877e-06 1.79991511452e-06 1.16979786735e-06 2.77643205138e-06 1.84308341884e-06 2.12549039553e-06 1.11608395138e-06 2.08452360381e-06 1.97746829623e-06 3.2609691949e-06 1.69190085275e-06 1.58444659683e-06 3.61830021779e-06 3.51216718695e-06 2.92895805265e-06 5.16324770254e-06 9.65663566972e-07 1.12567204152e-05 1.50783061708e-06 2.77183137727e-06 3.90875055013e-06 1.19940011295e-06 6.46749433358e-06 2.3308741392e-06 3.57876602821e-06 3.81924431049e-06 2.31827382209e-06 6.81347103886e-06 1.37783639116e-06 4.34562814243e-06 3.67816945815e-06 2.46827153266e-06 1.42169273276e-05 1.50673582141e-06 6.05602685395e-06 3.25771068921e-06 4.10105621463e-06 4.16596348909e-06 1.81349472498e-06 1.83686966145e-06 3.53633392188e-06 2.07683882799e-06 2.25265481784e-06 1.26141204629e-06 2.22795074768e-06 1.77088707473e-06 2.93989903837e-06 1.0933717465e-06 1.68522834856e-06 1.298937134e-06 1.39403267397e-06 3.87629970292e-07 2.05572425413e-06 4.71841953806e-07 7.85702386451e-07 9.70368672678e-07 5.36986329371e-07 3.51073794029e-07 1.81709038793e-06 2.52346406088e-07 2.9199916945e-07 1.49637939491e-07 1.05405342397e-06 4.41893355188e-07 6.03575578975e-07 1.03689190823e-06 9.25967375071e-07 4.33392365401e-07 1.54297495328e-06 2.552346361e-07 1.09611777461e-06 8.10720274164e-07 9.25032975328e-07 8.6037656642e-07 1.35837981861e-06 1.42063202016e-06 9.17296368738e-07 1.0247034074e-06 1.39196079692e-06 1.03357952042e-06 3.1165980055e-06 9.21820403108e-07 1.6043283647e-06 1.51954278242e-06 2.58212668674e-06 2.32715061837e-06 3.26818215435e-06 9.23206956849e-07 5.92114706356e-06 3.68419427158e-06 6.6162259918e-07 6.27615149942e-06 9.21694305715e-07 2.95019995478e-06 2.47258630437e-06 1.7951374607e-06 3.7220940373e-06 2.05512915365e-06 2.45229789107e-06 3.16818756917e-06 8.86232028811e-07 6.82089476125e-06 7.92958044376e-07 5.06896141226e-06 6.45421979187e-06 1.45061313817e-06 3.61923367787e-06 2.70510583644e-06 2.98907892994e-06 1.74612661844e-06 1.85978221412e-06 9.94128347722e-07 3.39230483017e-06 1.04117721346e-06 1.47487890239e-06 1.16790703995e-06 8.69025968637e-07 1.38086248123e-06 1.33800089276e-06 7.98117789206e-07 7.73492608315e-07 9.25118044689e-07 9.25626969635e-07 2.54043027675e-07 1.30698230929e-06 3.25422319361e-07 7.7007368707e-07 7.80705149419e-07 4.36257980814e-07 3.335463956e-07 7.83786214038e-07 1.22305534519e-07 1.83175959746e-06 8.70028787937e-07 9.04021686819e-07 1.98190730008e-06 1.39929806979e-06 9.22776010085e-07 1.93442254093e-06 3.85916731559e-07 1.47860190137e-06 1.116948447e-06 1.28945117366e-06 1.22417533293e-06 2.83574369629e-06 1.62104125939e-06 2.04506040831e-06 8.99913757863e-07 2.35915676533e-06 1.46570690876e-06 3.19028890697e-06 1.83995039855e-06 1.66903806726e-06 3.22081445071e-06 2.78307627579e-06 3.28661888569e-06 4.36517569417e-06 9.22270533564e-07 9.42166284163e-06 2.70018556529e-06 2.15241756984e-06 3.11419372815e-06 2.67618172797e-06 2.89494921783e-06 2.27440270818e-06 2.71423017662e-06 3.8501095963e-06 3.80708880498e-06 2.91759758944e-06 2.43344065719e-06 3.35873467926e-06 3.18992432762e-06 3.38405763667e-06 2.93861014776e-06 4.05073680331e-06 1.16233113051e-05 1.43896520082e-06 5.07625270126e-06 3.87161908632e-06 3.17261745034e-06 3.69714956449e-06 1.90796192273e-06 2.04570344033e-06 3.53853402794e-06 1.39211159494e-06 2.53678479796e-06 1.09682974755e-06 2.12908648959e-06 1.59950299449e-06 2.91273619684e-06 1.26182054366e-06 1.17032389254e-06 1.10391878763e-06 1.36662361976e-06 3.87427865972e-07 1.69332084778e-06 7.80771482306e-07 1.1212749122e-06 1.79147998605e-06 5.42090672541e-07 6.36829372339e-07 1.37188851132e-06 5.12352438525e-07 1.12443860961e-06 1.42880998935e-06 8.82890103809e-07 5.11505173773e-07 1.48773769034e-06 2.90747347224e-07 1.28440964205e-06 1.08566371359e-06 1.13355517898e-06 7.4265647296e-07 2.16460656964e-06 1.59639978428e-06 1.07312487242e-06 1.03687531459e-06 1.44518185936e-06 1.3154558058e-06 2.53257188596e-06 1.11063370691e-06 1.95508470018e-06 2.03963967716e-06 3.01346527792e-06 2.11520722027e-06 3.9806045451e-06 1.10930662686e-06 7.04448330613e-06 3.30591761008e-06 1.38551322674e-06 6.26881887155e-06 7.36493698132e-07 5.75613745684e-06 1.64532755412e-06 1.72156557505e-06 3.95232911016e-06 2.34666432127e-06 3.9087993422e-06 1.86099535066e-06 1.58863002996e-06 6.42390905738e-06 7.45439134973e-07 6.92497020281e-06 1.71699208173e-06 4.897815171e-06 7.91859121989e-06 1.67086224559e-06 4.5529235198e-06 2.47403392921e-06 3.46786514907e-06 2.25171734744e-06 2.30827675522e-06 1.1749719705e-06 2.76850229841e-06 1.32363572383e-06 1.48915948735e-06 1.23917212219e-06 1.04129096495e-06 1.5144218316e-06 2.0901390699e-06 7.24271252041e-07 1.03656743252e-06 1.02545755549e-06 1.02151120044e-06 2.61071754864e-07 1.2633709864e-06 3.50963051643e-07 6.25451621317e-07 1.15769110264e-06 7.74659718333e-07 3.65180641691e-07 2.48827693784e-06 1.3824531407e-06 9.54486332267e-07 4.0692411141e-07 1.64091458072e-06 5.28759582668e-07 1.34259657174e-06 1.43628183781e-06 1.03172917672e-06 9.46977839045e-07 1.98528436586e-06 1.63919634419e-06 2.24056384913e-06 8.73053283615e-07 2.29894497192e-06 1.25143630923e-06 3.42904010465e-06 1.22457560164e-06 1.63522100041e-06 3.30243487654e-06 2.57718570765e-06 3.01873478523e-06 3.60850333615e-06 1.08556953466e-06 8.4678484614e-06 2.87091419518e-06 1.80756535426e-06 4.62000662949e-06 2.2904922491e-06 2.18887394851e-06 3.84758953385e-06 1.44245182174e-06 2.88567464352e-06 3.13162547097e-06 3.21799598015e-06 2.97318798668e-06 1.613043916e-06 4.00345141571e-06 2.36061207486e-06 2.68498459041e-06 5.08833653242e-06 2.41778897234e-06 4.23684553818e-06 9.93409844901e-06 1.71366595436e-06 4.16324123327e-06 3.60748367571e-06 2.95101660605e-06 3.64947839e-06 1.92880732747e-06 1.2856967387e-06 3.77279866325e-06 1.24690227715e-06 2.41783757829e-06 1.04653531941e-06 2.22256457225e-06 1.56707526475e-06 1.90545512766e-06 9.14127759761e-07 8.59912694884e-07 1.38200076454e-06 1.15109287844e-06 4.86577378019e-07 1.33168181128e-06 2.54444120026e-07 6.21877697705e-07 1.08279410427e-06 1.60908912067e-06 5.56497592227e-06 1.56389714062e-06 4.6619926864e-07 2.21574657711e-06 7.88177098737e-07 1.40320106135e-06 1.37503313622e-06 1.50623173995e-06 1.20117671427e-06 2.91369442894e-06 1.47905639134e-06 2.26828121308e-06 1.28731214505e-06 1.7326319977e-06 1.92554552569e-06 2.9745609896e-06 1.65936219715e-06 1.98798481129e-06 3.08127392798e-06 4.45293882885e-06 2.92115475956e-06 5.54888604987e-06 1.14675844742e-06 1.03609498045e-05 4.11559059522e-06 1.74078636532e-06 7.01234799706e-06 1.68484251225e-06 6.4129847278e-06 1.5553957558e-06 4.01507747817e-06 2.8201647837e-06 2.54897856355e-06 4.58553973011e-06 2.61378246989e-06 2.64226481764e-06 4.51021701899e-06 1.64339226081e-06 7.14323764091e-06 1.75044145993e-06 7.9909633007e-06 2.45034887384e-06 5.96817537399e-06 1.25344604458e-05 1.83920044081e-06 6.29800655185e-06 3.35059678104e-06 5.27026774006e-06 3.44004064227e-06 2.37656422959e-06 1.81609615579e-06 3.29288928004e-06 1.8933099021e-06 1.79560505722e-06 1.54624993121e-06 2.24920367102e-06 1.48044479071e-06 2.85985960448e-06 1.13830989739e-06 1.32528252126e-06 1.1791999295e-06 1.1490732641e-06 6.11874880021e-07 1.78636364509e-06 3.19407293305e-07 1.00763199191e-06 2.10393632065e-06 6.22466047818e-06 3.88167967e-07 2.06825259116e-06 6.90678977503e-07 1.05337444607e-06 1.39298752191e-06 1.17658784423e-06 9.74361609071e-07 2.01217321958e-06 1.2365882221e-06 1.54326656403e-06 8.62357690562e-07 2.42624866494e-06 1.02439527883e-06 3.14010718291e-06 1.01439200554e-06 1.7705899431e-06 2.28861136414e-06 2.72306958606e-06 3.08354595668e-06 3.28950791439e-06 1.03487689461e-06 7.17845871148e-06 3.20986537841e-06 1.61837157944e-06 4.20818464399e-06 1.8494093022e-06 2.98093241455e-06 2.96292669381e-06 1.00703650457e-06 4.48907539437e-06 1.32734760502e-06 2.29349193874e-06 2.2703420291e-06 1.51346573006e-06 4.52274465669e-06 1.10236694671e-06 3.0724530722e-06 3.26623403686e-06 2.12490653659e-06 4.76540743554e-06 2.15757994962e-06 4.88448236528e-06 8.22788802959e-06 1.5696003988e-06 3.92346698167e-06 3.76325101501e-06 3.04096862953e-06 2.61194384255e-06 2.07750796314e-06 1.13049957581e-06 3.41042155317e-06 9.53730976532e-07 2.48709304231e-06 1.0868335454e-06 1.43626104219e-06 1.21196467131e-06 1.93865195317e-06 9.22658911981e-07 1.09403146459e-06 1.16301703025e-06 8.58324759398e-07 4.94323683677e-07 1.57802905876e-06 2.78820292883e-07 2.79276945288e-06 3.85884302357e-06 3.63247121701e-06 1.18398674649e-06 1.63918744213e-06 2.31387879923e-06 1.21895154128e-06 8.18972255337e-07 3.09489321726e-06 1.57773780915e-06 2.56002958473e-06 1.00867577577e-06 2.78009193467e-06 2.09694140452e-06 2.89415272296e-06 1.81070964593e-06 1.99838967586e-06 3.61884471873e-06 3.87950767268e-06 3.2611687381e-06 5.96772594505e-06 1.36788830413e-06 1.1103976913e-05 3.68549857832e-06 2.36186425548e-06 6.66765467974e-06 1.9107002993e-06 5.40600078388e-06 2.69312018688e-06 3.47034114896e-06 2.19636835538e-06 4.25135890462e-06 2.3729166883e-06 2.46044842644e-06 2.2745812475e-06 4.64444445222e-06 2.19379281626e-06 4.01666863018e-06 2.85852818462e-06 6.28523090006e-06 2.12702948126e-06 7.59001508623e-06 3.28757862257e-06 5.61344792519e-06 1.3178835221e-05 2.12303101601e-06 6.88525369547e-06 4.03974319019e-06 4.44991766773e-06 4.02778850962e-06 2.28330884637e-06 1.92729385532e-06 3.07124931998e-06 1.99655148732e-06 2.72629326067e-06 1.20982239058e-06 2.49377723073e-06 1.47504579554e-06 2.85060737711e-06 7.05377410853e-07 1.05176099808e-06 1.91676224067e-06 1.28945368172e-06 9.28410209101e-07 2.6394085813e-06 1.6405938308e-06 1.38014797951e-05 8.7923098696e-07 1.36992450319e-06 2.10530329333e-06 1.06225299965e-06 9.84166929711e-07 2.44444616833e-06 1.62576312144e-06 1.79958742391e-06 1.22650392112e-06 1.86297204004e-06 1.36725631714e-06 3.93025261105e-06 9.81286469451e-07 2.12996686092e-06 2.29807917379e-06 3.74105644417e-06 2.47735987274e-06 4.40071384947e-06 1.40122087243e-06 8.60381363577e-06 4.32960222061e-06 1.54859389892e-06 6.32944493732e-06 2.02367046139e-06 3.91745237988e-06 2.9559393615e-06 2.30507228306e-06 4.58439927624e-06 1.39621347208e-06 4.44186970887e-06 1.7982562233e-06 1.69389626703e-06 4.56321225552e-06 1.65866152487e-06 4.44850394982e-06 2.57027824337e-06 3.09725522256e-06 4.29327280799e-06 2.21270266926e-06 7.02996809382e-06 2.08586829093e-06 5.804123241e-06 9.12294402476e-06 2.08833095378e-06 5.08373604355e-06 3.0459273715e-06 4.17064688942e-06 2.62479762644e-06 2.35644296468e-06 1.04160143223e-06 4.33351653997e-06 1.20051611963e-06 1.79074414571e-06 1.51450611108e-06 1.56751942629e-06 1.56065720954e-06 2.05996470422e-06 9.47124564609e-07 9.26317850207e-07 1.72964659107e-06 1.02520209363e-06 5.20262440103e-07 5.31659559973e-06 5.21125570553e-06 2.62189136894e-06 2.75454621148e-06 1.30619170804e-06 1.94850268653e-06 3.90963242726e-06 1.5708185663e-06 3.00979142682e-06 1.50698618428e-06 3.51158214834e-06 1.97484749851e-06 4.65492069055e-06 2.19970693173e-06 2.21044525709e-06 4.14615271836e-06 4.15756186385e-06 4.34437410329e-06 6.19436353168e-06 1.74036940179e-06 1.39195865601e-05 4.7581816166e-06 2.4780064931e-06 6.51588533996e-06 2.84154037332e-06 5.67957261921e-06 3.23024960189e-06 3.34449465447e-06 4.12004475754e-06 4.21346048858e-06 2.14041599525e-06 4.79087759988e-06 1.65189489584e-06 4.69759802693e-06 2.28053375037e-06 4.46983564084e-06 4.22073576322e-06 3.91041155844e-06 3.42479077694e-06 6.44866459067e-06 3.26547936053e-06 7.47638223967e-06 3.75820889577e-06 6.68658666507e-06 1.69312705908e-05 2.64012885206e-06 7.11182175323e-06 5.12295531156e-06 4.87423238567e-06 4.4706462084e-06 2.56712060983e-06 2.35813406536e-06 5.17700737285e-06 1.78916466359e-06 3.50099779568e-06 1.66928688726e-06 2.74472617817e-06 1.49482456842e-06 3.47076635703e-06 1.81974382841e-06 1.16124930478e-06 2.17090050303e-06 1.17261115647e-06 2.07359510799e-06 1.57942457561e-05 6.66518477815e-06 1.9822367192e-06 2.05396120475e-06 3.84315765656e-06 1.69627438689e-06 2.28139183407e-06 1.59222086366e-06 2.88186048492e-06 2.12104198615e-06 3.25846210623e-06 1.54983474472e-06 2.99951648899e-06 2.65625579045e-06 4.83808474247e-06 2.99974631578e-06 6.32677491585e-06 1.37452463409e-06 1.13584141799e-05 5.66445252224e-06 1.90540277291e-06 6.65618542539e-06 1.94441936412e-06 5.51083158288e-06 3.05735775356e-06 2.30348858023e-06 4.25565941441e-06 2.57094661427e-06 3.77264576241e-06 1.51609665291e-06 3.14469732648e-06 3.16188281349e-06 1.67100086629e-06 3.91701125421e-06 2.69399750192e-06 4.3820633807e-06 2.68747916169e-06 3.18986336568e-06 6.22859595296e-06 2.15009579269e-06 7.6414344061e-06 2.61128811483e-06 7.75671023158e-06 1.30938169648e-05 2.0428861293e-06 7.50794700393e-06 3.40010414734e-06 5.50375914294e-06 2.97095493214e-06 3.42952285922e-06 1.55831843948e-06 3.63363642961e-06 1.87664474108e-06 2.758555884e-06 1.6106617273e-06 1.9604981292e-06 1.65644506835e-06 3.16918500548e-06 1.76162621444e-06 1.21593398765e-06 3.41405995508e-06 5.04053752669e-06 1.90247021053e-05 3.9018623101e-06 3.09837039611e-06 4.74479290612e-06 1.8879453042e-06 3.0077829758e-06 1.35407776657e-06 3.32163230142e-06 2.09690446818e-06 4.23681998293e-06 1.55319407902e-06 2.60370987016e-06 4.30596611884e-06 3.78508725051e-06 4.19092136913e-06 5.4426068377e-06 1.99498285867e-06 1.23643582298e-05 5.30803404466e-06 2.47718934772e-06 5.64725964137e-06 2.51822273232e-06 4.01072365693e-06 3.58440899796e-06 2.34374363514e-06 3.64351488524e-06 3.1611135712e-06 2.56195199716e-06 3.4772114459e-06 1.3713025753e-06 6.90133053438e-06 1.37430653158e-06 3.41346564246e-06 2.7579355478e-06 3.36956211631e-06 3.85646014924e-06 2.84520408578e-06 3.77316874381e-06 4.50373934391e-06 2.73630136844e-06 6.63033293237e-06 3.71322024793e-06 7.55770027447e-06 1.4615658588e-05 2.91962691397e-06 6.11018916613e-06 5.04170175507e-06 4.24464335386e-06 4.62328461761e-06 2.98506298165e-06 1.54549354915e-06 4.74049424432e-06 1.79050953179e-06 3.22260180966e-06 1.31793870348e-06 2.72630243589e-06 1.86500142545e-06 3.2875150814e-06 1.8283291532e-06 2.01601318193e-06 7.00371792849e-06 1.78393526977e-05 4.68663760233e-06 8.6866188478e-06 5.15438078736e-06 3.97813548573e-06 1.97125646649e-06 3.39680306514e-06 2.85003551719e-06 5.10506863548e-06 2.52350580406e-06 2.88494594224e-06 4.69227248673e-06 7.40860468708e-06 3.19066441377e-06 8.65703127718e-06 1.65718756023e-06 1.60547758701e-05 6.20746974031e-06 2.82215328817e-06 9.00626886599e-06 2.47545844507e-06 5.86830780305e-06 3.16772290755e-06 3.34600845755e-06 4.419333468e-06 3.46462499476e-06 4.04864262052e-06 2.80283725434e-06 3.29559229451e-06 2.84919533421e-06 3.19552293618e-06 3.22781661376e-06 2.7315765913e-06 4.44339032382e-06 3.61599585459e-06 4.53318193951e-06 3.95183312188e-06 3.32905791266e-06 6.62420036797e-06 2.88864856802e-06 1.00431717582e-05 3.96440350399e-06 8.39201735897e-06 1.8968466406e-05 2.48894411435e-06 9.88621628761e-06 3.68423401653e-06 8.41646472637e-06 4.80073398152e-06 3.39027475309e-06 2.37750489735e-06 5.66883459556e-06 2.43292371421e-06 3.12825428568e-06 2.04309563129e-06 3.29900464322e-06 3.41261000694e-06 5.00878031816e-06 2.34605864642e-06 5.33748554326e-06 1.57250528555e-05 1.11205271529e-05 6.04110196053e-06 4.74210378124e-06 4.46262386155e-06 3.41672394749e-06 1.91370659862e-06 4.69866463319e-06 1.89014333029e-06 2.68250424964e-06 3.36164774591e-06 4.8987673482e-06 4.63439512803e-06 5.495108164e-06 2.26486241202e-06 1.25025234825e-05 6.2437810736e-06 2.30265384678e-06 6.61999611834e-06 2.57003968873e-06 4.06758417515e-06 3.76710722793e-06 1.96103689901e-06 4.17693797702e-06 3.03183570587e-06 2.63659227578e-06 2.79380636874e-06 1.96441867585e-06 5.14608626299e-06 1.18208025262e-06 5.12324623065e-06 1.95663386947e-06 2.84298355961e-06 2.75633770416e-06 3.06335468289e-06 4.37831081354e-06 2.4794335739e-06 3.67167197769e-06 4.47190209261e-06 3.04954746025e-06 7.4913708662e-06 3.30648587744e-06 8.53254660477e-06 1.41986468829e-05 3.17175356083e-06 6.02977755293e-06 5.6143691275e-06 5.6343573341e-06 3.23421999693e-06 3.0537711858e-06 1.62400418858e-06 4.9909438805e-06 1.64431926247e-06 3.14572213005e-06 2.60141315432e-06 3.14760271516e-06 3.36467488731e-06 4.8226792953e-06 4.15551606384e-06 4.4880546669e-05 1.03795508845e-05 8.51979163634e-06 4.10263601627e-06 6.78632931098e-06 3.36572263712e-06 6.2744919169e-06 3.63688942088e-06 4.55367430502e-06 5.56671837922e-06 5.54246313782e-06 5.55226882826e-06 1.05111066895e-05 2.03318065441e-06 1.85674502833e-05 6.43238888139e-06 3.32288755464e-06 8.20250417071e-06 2.8052032393e-06 6.97683859546e-06 3.82268625652e-06 3.48544235723e-06 4.10888930581e-06 4.38504495707e-06 3.53991649317e-06 2.74511190255e-06 3.02930229261e-06 4.36451385415e-06 2.87698067072e-06 2.54922508388e-06 4.40155008299e-06 3.13212951174e-06 2.74749806138e-06 3.8843813872e-06 4.59550212336e-06 4.2491218568e-06 4.13114625675e-06 3.80762282705e-06 7.94437934609e-06 3.40099788038e-06 9.20538751521e-06 4.72413907941e-06 8.56831270098e-06 2.16018537924e-05 2.89394326113e-06 1.2020132638e-05 6.01764220754e-06 6.54581798227e-06 5.59856996646e-06 4.54711125589e-06 2.93480859238e-06 5.82857500387e-06 2.23544876406e-06 4.94027349523e-06 2.9388839101e-06 4.41619316096e-06 4.79022021691e-06 1.41649886097e-05 2.52074641868e-05 8.98427351764e-06 5.40345941086e-06 6.60383821e-06 3.11745632319e-06 7.23054544175e-06 2.60632639254e-06 4.26938564854e-06 4.5523163899e-06 5.07205236647e-06 3.85347334827e-06 6.76828380643e-06 2.6543182041e-06 1.33561334384e-05 6.84887446749e-06 2.15111624687e-06 7.32534437093e-06 2.2087423343e-06 4.69852729439e-06 3.83260465257e-06 2.4596882827e-06 3.93443807747e-06 2.56523412614e-06 2.97543500747e-06 2.30785941889e-06 1.93068619178e-06 4.46242289063e-06 1.65166351859e-06 4.39614182481e-06 1.56380828376e-06 4.66854107322e-06 1.96451296911e-06 2.38155587803e-06 3.21382500955e-06 2.77015761351e-06 3.93520302811e-06 2.8445051765e-06 3.74811992832e-06 5.34199174668e-06 2.57530232254e-06 8.42584755336e-06 2.84660091732e-06 9.04683321272e-06 1.46379328312e-05 3.60729508874e-06 7.77894680049e-06 3.84550334618e-06 5.74031293778e-06 4.02315334002e-06 3.91292302779e-06 1.92312815087e-06 5.9525962673e-06 1.96830804764e-06 4.1019724599e-06 3.35149853451e-06 3.48599761991e-06 7.17400725572e-06 4.00176573458e-05 1.20417935227e-05 1.40371007549e-05 4.67840322793e-06 1.39818700034e-05 4.39619817354e-06 4.61123415675e-06 9.14973821487e-06 1.00090817388e-05 8.73121964209e-06 9.91983056108e-06 4.34910773443e-06 2.74226088675e-05 8.00491630076e-06 3.8885395452e-06 8.97397388021e-06 3.80782751589e-06 6.86127301248e-06 4.98002241599e-06 4.34293962997e-06 5.0019391145e-06 4.94465664351e-06 3.69709771347e-06 3.79207605435e-06 3.32132708315e-06 5.26120396193e-06 3.10113959974e-06 4.53393482335e-06 4.63088917506e-06 2.89669624734e-06 5.54902274595e-06 3.34824896551e-06 3.79014935862e-06 4.15296787662e-06 4.84666313168e-06 5.17382161434e-06 5.19056261022e-06 4.89354386915e-06 7.89997043089e-06 4.64228403378e-06 1.01955744129e-05 5.80618339097e-06 1.01807105843e-05 3.04751228222e-05 5.32333782905e-06 1.05825266622e-05 8.50076753944e-06 9.88864471925e-06 7.60070569545e-06 4.46650541646e-06 2.96301230602e-06 9.99724956562e-06 3.16386584489e-06 7.22777688706e-06 6.09325061831e-06 9.79923882096e-06 4.03730259574e-05 1.72776975299e-05 7.28953837329e-06 1.79559348978e-05 4.77130367598e-06 7.04631994576e-06 7.75804961241e-06 1.13517138942e-05 8.28529684141e-06 1.28451009399e-05 3.32392518212e-06 2.50733623269e-05 1.27773598005e-05 3.17904300244e-06 1.17743513497e-05 3.06541858011e-06 8.31513814612e-06 5.36731879524e-06 4.11759964435e-06 6.96876044612e-06 4.48369506181e-06 4.91636986504e-06 3.18192286946e-06 3.34719344165e-06 6.64727662887e-06 2.24772841645e-06 6.89969650746e-06 2.82711830441e-06 7.21021380133e-06 1.93839567232e-06 7.03291581663e-06 3.28270862074e-06 3.31582013477e-06 5.12892478695e-06 4.38931800138e-06 6.77579225125e-06 4.86677659644e-06 4.87102223592e-06 9.242161086e-06 3.41577647599e-06 1.20864546334e-05 4.07043633853e-06 1.50061981872e-05 2.6647478782e-05 3.84846532306e-06 1.34043861245e-05 7.77166053433e-06 1.05280248587e-05 6.42350349802e-06 5.79118392761e-06 3.08710423657e-06 1.09141232012e-05 3.70094496388e-06 6.87776750656e-06 1.45113669179e-05 4.18955426888e-05 9.6942024583e-06 2.01133957602e-05 4.83436163648e-06 8.40098402682e-06 7.95658072734e-06 8.89278819246e-06 8.52438139989e-06 1.13463480106e-05 3.92950358081e-06 2.10619690146e-05 1.12898515257e-05 4.7726114448e-06 8.87665461519e-06 3.67261352768e-06 6.01706797428e-06 5.68183888036e-06 3.35629151153e-06 5.65974729322e-06 4.88970176286e-06 3.88705469547e-06 3.30989566137e-06 2.47994449515e-06 5.56806925225e-06 2.50710803073e-06 4.17900931747e-06 3.33877852922e-06 3.50514512065e-06 4.13958163156e-06 2.32992165675e-06 5.51774803521e-06 2.48182200416e-06 3.27113583098e-06 3.87498084161e-06 4.56481616044e-06 5.44714893475e-06 4.03017587262e-06 5.15429838321e-06 6.32631581476e-06 3.93498927327e-06 8.32856496261e-06 5.98319958087e-06 1.30174288462e-05 2.21063121566e-05 4.55663828398e-06 1.12867990905e-05 7.52191956792e-06 7.39986732182e-06 6.27359017967e-06 5.89673990991e-06 2.7597999706e-06 1.02487651511e-05 4.20474826933e-06 1.07942649796e-05 3.10221866576e-05 2.99449877239e-05 7.58738061801e-06 1.27518594893e-05 1.36576367278e-05 1.56451693638e-05 9.48556810931e-06 1.67820074976e-05 5.43496483959e-06 2.97691335125e-05 1.23511763866e-05 5.93225143308e-06 1.59665390318e-05 3.68235026459e-06 9.74977759637e-06 5.54928432477e-06 5.32735577516e-06 6.21364173119e-06 5.90768075568e-06 5.6768994513e-06 3.40902168462e-06 4.38812716662e-06 5.25422437734e-06 3.55008591845e-06 5.85898688041e-06 3.52670394941e-06 6.02754185057e-06 3.42003387017e-06 5.9905287569e-06 3.19781507425e-06 5.38090796311e-06 4.06317488423e-06 3.39839986267e-06 5.89875017416e-06 5.45168555634e-06 5.99179103112e-06 5.75027444411e-06 4.99365901168e-06 1.02400449508e-05 3.73183763091e-06 1.54491148764e-05 7.22028774511e-06 1.35886632447e-05 3.21362679154e-05 6.17422271407e-06 1.54172393883e-05 8.04696203008e-06 1.2405670066e-05 9.47893753907e-06 8.46353783406e-06 3.82800348476e-06 1.37252317603e-05 9.26900369651e-06 0.000109833383652 1.17531633105e-05 1.81480168443e-05 1.54170147938e-05 1.93885275116e-05 1.32235164165e-05 1.62306634566e-05 6.60488818595e-06 3.33648198097e-05 1.69192756335e-05 5.38868915934e-06 1.68093305224e-05 5.80665551944e-06 7.96789894224e-06 7.59877587641e-06 4.77138171196e-06 8.08508622323e-06 6.26325996895e-06 5.43304900305e-06 5.11042795282e-06 3.31533302685e-06 7.72704741568e-06 2.3277225108e-06 6.99975397146e-06 3.95588677438e-06 4.93526102278e-06 4.81235557024e-06 3.8952270887e-06 7.15754144139e-06 2.05336840154e-06 7.88150228026e-06 2.92959575478e-06 5.04901673694e-06 5.56194740273e-06 5.64215060163e-06 7.83531159759e-06 5.02683324565e-06 6.58936282412e-06 7.99195715422e-06 5.64059376663e-06 1.51890887072e-05 6.22687210125e-06 1.78069587665e-05 3.40220414523e-05 6.97565161865e-06 1.37929411283e-05 1.07180806339e-05 1.39908240819e-05 9.73474025071e-06 1.0113102023e-05 5.07611896804e-06 3.09238980126e-05 4.56020782937e-05 2.57789073058e-05 2.11698107834e-05 2.57439411264e-05 1.73813977046e-05 2.4544771472e-05 6.90526549074e-06 4.37671250555e-05 2.13410014409e-05 7.93817282418e-06 1.66287221975e-05 6.74639811279e-06 1.50381228107e-05 6.5467744919e-06 7.76991833188e-06 7.62573360703e-06 8.54715290744e-06 6.24138170559e-06 5.05360197892e-06 5.23893336881e-06 7.65369935109e-06 3.71118986939e-06 5.79447515639e-06 5.47335943574e-06 5.980255924e-06 4.7833105683e-06 5.91463435384e-06 5.62602782691e-06 5.45661243135e-06 3.43844861043e-06 7.13042048865e-06 4.82012825307e-06 4.66433809188e-06 6.06083503452e-06 7.14381805721e-06 7.03676107696e-06 7.47547026679e-06 5.60871682951e-06 1.39715454453e-05 6.22935134854e-06 1.45703584937e-05 8.76607927613e-06 2.14396559449e-05 4.2615890435e-05 6.67524861257e-06 2.01098586482e-05 1.32400644951e-05 1.68636341073e-05 1.22281531497e-05 1.19571081972e-05 1.34142853463e-05 7.97237767794e-05 2.73984124048e-05 3.08846070974e-05 1.74893528708e-05 2.55310201903e-05 8.34625968783e-06 3.91478647828e-05 2.35104498071e-05 8.2180676726e-06 1.84005122228e-05 5.64972994494e-06 1.33438692233e-05 8.19356899706e-06 5.79613179373e-06 8.44617797443e-06 6.68191867476e-06 6.59566404579e-06 5.05375542836e-06 4.22233275173e-06 9.32626740301e-06 2.5886394038e-06 7.21780791818e-06 3.43262450615e-06 6.17371638327e-06 4.37495757577e-06 4.27123960814e-06 6.16892835005e-06 3.36185660928e-06 6.66900448794e-06 2.22207440321e-06 8.50658528202e-06 3.86258382934e-06 4.40966059725e-06 5.94402118671e-06 5.30976444982e-06 7.41261747146e-06 5.23221460839e-06 6.37576845049e-06 1.1799079601e-05 4.92010447846e-06 1.58666339093e-05 8.27540728801e-06 2.22861853927e-05 3.63144426802e-05 7.95656583357e-06 1.91658197503e-05 1.21951619585e-05 1.66744490498e-05 1.1652338267e-05 2.03374252328e-05 0.000121494379302 4.78248290385e-05 2.70818092894e-05 3.62224525669e-05 1.37726012475e-05 5.39650950965e-05 2.56453996507e-05 1.23404991917e-05 2.36687100336e-05 8.07657733605e-06 1.46483492896e-05 9.64283306815e-06 1.10222237467e-05 8.52034052442e-06 1.02697239736e-05 7.53990442872e-06 7.54475348508e-06 5.46082913251e-06 1.10173098528e-05 4.28539117467e-06 8.11481459038e-06 6.11041797826e-06 6.38203942214e-06 6.40946505541e-06 6.47841584741e-06 6.24174738791e-06 6.27551657046e-06 5.51172164837e-06 7.673120774e-06 3.83590546417e-06 9.98763462226e-06 4.6960690336e-06 6.69085526863e-06 6.51298329347e-06 8.3256438498e-06 7.5077013816e-06 9.38949817817e-06 7.51893334087e-06 1.19743263525e-05 6.52033846559e-06 1.9611450365e-05 1.18301648505e-05 2.28550542674e-05 5.07852945579e-05 1.15016646232e-05 2.61377950675e-05 1.6607881533e-05 2.26942008233e-05 3.13128585202e-05 0.000191153958061 5.12702972242e-05 5.60640098231e-05 1.90913849298e-05 7.51409623572e-05 3.71805915852e-05 1.42672511316e-05 3.35847741426e-05 1.04949883064e-05 2.07838274561e-05 9.84970917611e-06 1.230733647e-05 1.50022143746e-05 8.75709344536e-06 1.12084244109e-05 6.75102632562e-06 7.60491030093e-06 1.31193226673e-05 4.16191748817e-06 1.29303956656e-05 6.09276716792e-06 9.5192256182e-06 5.39315716596e-06 8.66580925359e-06 8.18786902578e-06 5.59280061288e-06 8.65497904378e-06 5.56675502571e-06 1.16681635593e-05 3.78553555691e-06 1.11395885533e-05 6.37102887712e-06 5.42102096558e-06 9.68507725681e-06 6.61999482871e-06 1.26765155329e-05 9.9386008766e-06 7.42420269177e-06 1.65187881542e-05 7.76002759775e-06 2.5382356751e-05 1.18820970664e-05 3.16820274464e-05 6.60532112028e-05 1.51503726458e-05 3.51597007185e-05 2.17429360142e-05 5.02002628991e-05 0.000183584852048 8.71596033009e-05 2.89312262554e-05 9.90719620315e-05 5.10667047849e-05 1.90013720511e-05 3.23213241573e-05 1.38867884752e-05 2.56162885443e-05 1.5368727601e-05 1.16835797935e-05 1.79830811523e-05 1.5104619499e-05 1.05741125332e-05 1.05468816142e-05 6.28060751896e-06 1.6873852423e-05 4.67711184445e-06 1.21420882294e-05 8.70883272715e-06 8.52882129413e-06 8.19424150957e-06 6.51369977264e-06 9.63130552853e-06 6.47523729509e-06 7.97739326942e-06 7.60169617379e-06 7.85480383565e-06 1.02143728241e-05 4.19160918968e-06 1.38575215648e-05 5.194428435e-06 8.18062573041e-06 8.15676300365e-06 1.15145234533e-05 1.34981195945e-05 8.28459177151e-06 1.05820145606e-05 1.86343668579e-05 9.69555139704e-06 2.33473092891e-05 1.50826643192e-05 4.01136967417e-05 8.23848676198e-05 2.02241499589e-05 4.62821886623e-05 4.5292080868e-05 0.00035569084981 5.05031724186e-05 0.000162208698306 7.37481631998e-05 3.00282904088e-05 5.19054911464e-05 1.71676879622e-05 3.60173520219e-05 2.02839386868e-05 1.8121293869e-05 1.86242687959e-05 1.76276342125e-05 1.90414195626e-05 9.2209320253e-06 1.00361356208e-05 1.6983745748e-05 6.21877092606e-06 1.58573761391e-05 9.61060691677e-06 1.39820483655e-05 8.45740386769e-06 1.04750521064e-05 8.93082791878e-06 8.74451401852e-06 1.02237632493e-05 7.6855923365e-06 1.23649027366e-05 8.0226729169e-06 1.28131085313e-05 5.30247700515e-06 1.28923032594e-05 7.86103934127e-06 6.53117954307e-06 1.3794028514e-05 1.20980434415e-05 1.26223940282e-05 1.23840024048e-05 1.26160822833e-05 2.38754914771e-05 1.00824484073e-05 3.31361348499e-05 2.03025293184e-05 5.31327317301e-05 0.000114395578314 2.89314920899e-05 0.000107034186927 0.000205928787715 0.000283265575995 0.000127474442779 4.68782044742e-05 8.96539401881e-05 2.70899994988e-05 4.65144197892e-05 3.37380595958e-05 2.48376436717e-05 3.22799565156e-05 1.97564624709e-05 2.53607053865e-05 1.78389103364e-05 9.98135834377e-06 2.86538383282e-05 6.53632932657e-06 2.32622590558e-05 1.19387033436e-05 1.44054408539e-05 1.38139089845e-05 1.11540058894e-05 1.42759336162e-05 7.35557755996e-06 1.3700888506e-05 1.0297042474e-05 1.18396528174e-05 1.20486911408e-05 9.37154381431e-06 1.68484122755e-05 4.98722696385e-06 1.95592065158e-05 6.69606918558e-06 1.17987866519e-05 1.53048752278e-05 1.17076495945e-05 1.85870406198e-05 1.42358737483e-05 1.72667513214e-05 2.48077011165e-05 1.36346095411e-05 4.62977757953e-05 2.59823764839e-05 7.51382961249e-05 0.000167574966157 6.54955452989e-05 0.0027234853457 0.000520224770504 0.000173350264285 0.000316766215531 9.15830745144e-05 0.000173977504899 8.90751644e-05 8.55894617994e-05 0.000105760702938 6.96925527372e-05 6.24669536437e-05 5.44200635877e-05 4.74596472987e-05 6.22680907642e-05 2.88195846313e-05 5.04697730135e-05 4.13618927315e-05 4.08391251509e-05 3.34533715361e-05 3.98412398102e-05 3.39247884031e-05 2.72779139168e-05 2.65770927432e-05 3.0326993586e-05 3.3203599223e-05 2.55568129335e-05 3.01089248182e-05 2.65469532965e-05 3.21250082124e-05 1.56869777181e-05 3.42180834046e-05 2.25626389934e-05 2.50970669853e-05 2.78959277299e-05 2.87208850496e-05 4.09041235115e-05 3.05327388281e-05 3.08160606669e-05 5.76443023674e-05 3.13376933344e-05 0.000100391171167 5.99246878395e-05 0.000187497756337 0.0007736438289 











































