

















































1.25860969022e-06 1.23738231216e-07 2.42283191507e-07 1.49577548153e-06 3.46696805849e-06 9.451010873e-08 1.44193359631e-07 9.47410410818e-10 3.49058904856e-09 3.67341201631e-07 3.98267410143e-07 3.7262246507e-06 1.07556584387e-06 7.12320084767e-07 4.70386543134e-08 7.39190946442e-08 1.46341858112e-09 2.1247617942e-09 3.74185288376e-09 3.34852782459e-09 2.10240449709e-07 2.95529709882e-07 8.79187774466e-07 1.00659860641e-06 8.9504711723e-07 2.91853174769e-06 3.28109216915e-07 2.99208570564e-07 3.03111642975e-08 4.03146159307e-08 2.10869674356e-08 4.00595220864e-08 2.18059256159e-08 4.80940072604e-08 7.84294101068e-08 4.73384309352e-08 8.49119809181e-08 6.62027056387e-08 1.22810721892e-07 1.64912936917e-07 7.82232749669e-07 7.60658486188e-07 3.00146274729e-06 2.50865022293e-06 3.02089315989e-06 1.07359711146e-06 8.14445829806e-08 8.99447542064e-08 1.07872054352e-07 1.46559286203e-07 6.95941929557e-08 6.68928059824e-09 1.64035799055e-07 3.48186349871e-08 2.53540695842e-08 4.44866202233e-08 3.02795888097e-08 2.47367706631e-08 6.86685821615e-08 2.51442424115e-09 7.42372620356e-08 1.39951924458e-08 5.00247955518e-08 2.91459522595e-09 3.06981038566e-09 5.34240088946e-08 1.64965035851e-08 8.53468202631e-08 3.09661578589e-09 8.83855919514e-08 3.16641222972e-08 4.47814125183e-08 6.50351605268e-08 4.65442891242e-08 6.07398832936e-08 2.66988776693e-07 1.65726196936e-08 1.29471428134e-07 3.2395239122e-07 3.80747168989e-07 3.14345791924e-07 3.44153481947e-07 1.73932547532e-06 2.92698472414e-06 1.44184941167e-05 8.53375670676e-07 1.42938635788e-06 4.88163324398e-07 6.80283287884e-07 2.35542106022e-07 5.99369074546e-08 3.97401429572e-07 1.76924695867e-07 1.11196088752e-07 2.91560732102e-07 8.3664868222e-08 1.83502666878e-07 2.44250996564e-07 1.15940055557e-07 2.79711420491e-07 5.85378369772e-08 1.09899920978e-07 2.27832354376e-07 1.38980808713e-07 1.15906454893e-07 2.05621855438e-07 1.9987036816e-07 1.33426935527e-07 1.57843739122e-07 2.68883621491e-07 1.49814630731e-07 7.68845201819e-08 3.48280459604e-07 1.84734305668e-07 3.43556281346e-07 3.12114986018e-07 1.28032370221e-07 5.56310422057e-07 2.19806689664e-07 4.08545694631e-07 8.01449650756e-07 1.64595979661e-07 5.79867206159e-07 1.47593906819e-06 1.04262941148e-06 2.49999745672e-06 1.40387554325e-06 1.43804978313e-05 2.74642709959e-06 2.04717722536e-06 5.91663941248e-07 2.87124531782e-07 5.94972627559e-08 3.01638542172e-08 1.14557900308e-07 5.71879273694e-08 3.40309234235e-08 7.89891727893e-08 3.15634898188e-08 8.81517984905e-08 8.95292002962e-08 8.62283257294e-08 6.95943718988e-08 4.15039496207e-08 9.18400200679e-08 9.78782615737e-08 7.74323324567e-08 1.20833724985e-07 8.30313956945e-08 1.48809944809e-07 1.58491721063e-07 8.68166502021e-08 1.46743625852e-07 9.6567291022e-08 1.19773012848e-07 1.31904595963e-07 6.55992418588e-08 9.82036182594e-08 1.56170596692e-07 1.55094705914e-07 1.91756166382e-07 6.23918321646e-08 2.01615872917e-07 1.15682728205e-07 1.76660570279e-07 3.51337025307e-07 7.27264246582e-08 1.72202496658e-07 6.51432965634e-07 6.56009480905e-07 2.21600694434e-06 2.90217047978e-06 4.22460853546e-06 9.77554909957e-06 2.7018210075e-06 1.48777508243e-06 3.33399168526e-07 8.81755315401e-08 8.11461413603e-07 4.33082082287e-07 1.22168386953e-07 5.81285550953e-07 9.37225257582e-08 3.96663494422e-07 2.88195850523e-07 2.81399359877e-07 2.52295121392e-07 1.74538400521e-07 9.25889774451e-08 4.54213085437e-07 9.12760998699e-08 1.90194746776e-07 3.45754431336e-07 1.33129680461e-07 4.03554587975e-07 1.48745140208e-07 3.5766215509e-07 2.45839895229e-07 1.12943094434e-07 5.72274311791e-07 1.32922648221e-07 2.22353336121e-07 3.5596791566e-07 4.34481688866e-07 4.7888296768e-07 6.48772568186e-07 1.90256538279e-07 9.21174398493e-07 2.15822398625e-07 7.36527882479e-07 1.37365472104e-06 1.76742382797e-07 5.60067973945e-07 2.1783487102e-06 2.98471472711e-06 1.91078038191e-05 3.50271535148e-05 5.86720248899e-06 4.97577692294e-06 2.09391414105e-06 4.48475363182e-07 6.6731827778e-08 3.33501873456e-07 1.87631885918e-07 8.59770766071e-08 1.56888520143e-07 3.63382745452e-08 1.01720589846e-07 1.01591275667e-07 9.66489929157e-08 9.05703434569e-08 7.33713474313e-08 6.73782155988e-08 1.03058650867e-07 1.18853975472e-07 7.77563943476e-08 1.06844344624e-07 1.77780654724e-07 8.73568413818e-08 1.07781111497e-07 1.9270911394e-07 1.21653092599e-07 1.07241286137e-07 1.4916098378e-07 1.64009029867e-07 1.2497418202e-07 1.33110829146e-07 1.54607475795e-07 2.16607611026e-07 2.19578679271e-07 2.31236104315e-07 9.72978433305e-08 3.55407860508e-07 2.38040476335e-07 4.11061698149e-07 7.12142005347e-07 9.26012148714e-08 5.94408326414e-07 2.92141518679e-06 7.73246148568e-06 4.78120906921e-05 1.69221236598e-05 2.30166284305e-06 6.22401827865e-07 2.54241008714e-06 8.97167628347e-07 2.80135980502e-07 1.10117441516e-06 2.93139552014e-07 4.98093561726e-07 6.800750591e-07 2.9355834816e-07 6.01012702435e-07 2.4120962305e-07 3.2467613708e-07 4.76136428774e-07 4.56009962346e-07 2.21390477218e-07 7.07171393986e-07 2.27162645605e-07 5.4349909832e-07 3.57967475255e-07 3.73451735133e-07 5.65684578462e-07 2.70105017879e-07 8.14544359746e-07 2.76786595007e-07 5.95102213895e-07 6.56052962676e-07 4.77097143274e-07 3.52581116977e-07 9.12321483323e-07 4.39712639004e-07 1.00736037962e-06 8.54338911418e-07 4.99182164065e-07 2.03044852914e-06 4.73419460089e-07 1.58882428411e-06 6.49525409143e-06 9.2864788909e-07 5.04256813341e-06 3.19182989379e-05 5.51614552701e-06 2.2134833577e-06 6.23872169503e-07 1.06250688081e-06 6.48090124262e-07 2.2121329647e-07 4.20503749845e-07 1.66377511056e-07 4.2949070391e-07 1.62679723245e-07 1.35298977719e-07 1.2051570264e-07 1.08984867917e-07 7.00320610154e-08 1.22016710723e-07 7.51254967303e-08 1.00955995819e-07 6.85831831572e-08 1.29081434699e-07 7.30371467021e-08 4.69496217124e-08 1.58293549729e-07 5.05881747245e-08 8.37929226558e-08 1.56306846597e-07 8.28285877524e-08 1.58408195385e-07 1.05977049997e-07 1.98035124846e-07 1.00859862099e-07 1.82899310296e-07 1.80363331792e-07 1.94548510705e-07 2.81826618128e-07 6.9715754687e-07 2.65286422105e-07 6.09031766721e-07 3.57843867922e-07 1.44667906514e-06 2.83469412099e-06 1.39155292601e-06 3.65985812796e-06 3.96141658261e-05 1.07216138267e-06 8.93892236302e-07 1.30764217178e-06 5.8039354644e-07 1.13536607625e-07 3.24660419252e-07 5.24392203102e-08 1.0179363466e-07 8.30066766118e-08 6.0842061281e-08 5.13654964418e-08 2.52151964846e-08 2.62945453519e-08 4.38827885218e-08 2.70987626329e-08 4.44781875308e-08 4.27590938155e-08 2.48622593442e-08 6.44998446253e-08 2.85291462536e-08 3.63858057375e-08 5.275838573e-08 1.83098682854e-08 7.17756265867e-08 4.49214816379e-08 5.57378415946e-08 6.765374659e-08 4.17843505344e-08 7.89007743587e-08 7.37720382198e-08 3.98523112255e-08 5.75597645287e-08 9.997671101e-08 2.18868622123e-07 1.97288044367e-07 7.89043754341e-08 6.57106818615e-07 1.34201012411e-07 1.20778529597e-06 3.08305571892e-06 2.07656705831e-06 6.52611191281e-06 3.11323166254e-06 1.59266509358e-05 5.00271351697e-06 1.17262089655e-06 2.81165818477e-06 7.75277399973e-07 1.11374309038e-06 1.37626590262e-06 8.74165726032e-07 7.19417997335e-07 4.9816739719e-07 2.75396383318e-07 9.78517292067e-07 4.46372015237e-07 4.9246683745e-07 5.22666326499e-07 6.33532382873e-07 4.23531227928e-07 5.41847720031e-07 3.19901786562e-07 6.77078418896e-07 3.48456789147e-07 6.15827967663e-07 4.77542950123e-07 7.42519202533e-07 7.04077724321e-07 5.62176793511e-07 6.28035359093e-07 1.68154401874e-06 3.95049339348e-07 9.59045977633e-07 1.49308972254e-06 1.85724786988e-06 3.1408663051e-06 2.52138703594e-06 1.63333979874e-06 7.21560905595e-06 2.56504816321e-06 9.71196069936e-06 2.74015393778e-05 1.66947878645e-05 1.15242431914e-05 7.04619724015e-06 1.65934652616e-06 3.29256835623e-06 7.52794477102e-07 1.34832290997e-06 7.79462310314e-07 6.15406591417e-07 8.8048363927e-07 2.6269664731e-07 3.21647531679e-07 4.67739836363e-07 4.67703316551e-07 2.22747203597e-07 6.62407248553e-07 2.44212514084e-07 5.6533399549e-07 1.3027787599e-07 5.84244922767e-07 1.58660436504e-07 1.77668380512e-07 6.35664110147e-07 1.37546094284e-07 6.99176745392e-07 3.1266997475e-07 9.33441721536e-07 2.89937286652e-07 8.15386618952e-07 8.15920185602e-07 5.73851529234e-07 4.64353560103e-07 2.18334704998e-06 1.26862129676e-06 1.90411019838e-06 3.21593711166e-06 1.75501910396e-06 7.69177370819e-06 3.53913785239e-06 1.46425908924e-05 6.24411676661e-05 3.85876658109e-06 2.10037367598e-06 3.008849313e-06 3.6342663097e-07 9.95665930294e-07 6.46772413573e-07 2.89642970356e-07 4.39712034328e-07 3.0406003905e-07 1.21488532173e-07 5.9070072221e-07 1.93573805123e-07 1.96428178288e-07 3.20878937603e-07 3.01980497155e-07 2.56272715013e-07 2.78804751968e-07 1.93815064224e-07 4.28792603365e-07 7.67756255848e-08 4.60401558715e-07 2.19082271886e-07 3.91126578282e-07 3.32345082806e-07 3.97004314152e-07 5.91132885515e-07 3.07864983369e-07 3.61810341611e-07 9.36030525834e-07 2.48923661387e-07 4.7328372277e-07 9.04571973394e-07 5.8317198242e-07 1.28077667566e-06 2.64404998133e-06 9.10595138459e-07 5.80816153826e-06 4.0140985348e-06 1.81681796113e-05 6.67088121014e-06 1.95029906602e-05 2.26984491344e-06 4.50647572761e-06 3.45972172453e-06 2.02057451883e-06 1.46067873583e-06 1.13231938912e-06 8.84502779993e-07 1.23356006191e-06 9.42108485066e-07 5.9985432308e-07 1.35281703331e-06 8.16807026781e-07 1.28301664073e-06 5.74374383654e-07 1.3091760921e-06 7.78598303294e-07 7.80770687209e-07 8.06792093534e-07 8.56891554907e-07 1.57708998274e-06 7.76884248522e-07 1.76856134828e-06 1.2288737919e-06 2.1610089522e-06 9.88006051941e-07 1.87939820653e-06 2.47038687383e-06 1.79499489821e-06 2.40401012518e-06 3.23628527616e-06 4.81004060266e-06 7.5972323398e-06 9.35087359854e-06 4.90123584726e-06 3.38065751796e-05 3.01752423077e-05 5.58999337791e-06 2.14152907527e-06 2.38694090803e-06 9.51383834787e-07 8.22069571569e-07 4.02888124919e-07 3.06085284337e-07 2.58012440632e-07 6.3402536646e-07 2.81246059418e-07 3.30683382195e-07 3.0507864831e-07 3.67805728136e-07 3.05621189371e-07 2.51549882883e-07 3.28431917621e-07 3.98501785316e-07 1.41767267095e-07 7.18251172951e-07 1.54281909362e-07 4.19094384869e-07 4.05533982361e-07 3.38472074629e-07 4.42001418535e-07 5.77726995071e-07 4.58582669089e-07 5.9283442307e-07 4.91420003077e-07 1.06866268164e-06 5.13531286854e-07 6.63705426999e-07 8.02150062294e-07 1.65735015994e-06 2.36036645387e-06 4.34888062261e-06 3.78608993572e-06 2.95229860396e-05 5.38510902803e-06 1.27171775296e-05 6.16813652866e-06 3.69265484763e-06 2.91695357175e-06 1.4049937746e-06 8.39117238393e-07 2.21592426166e-06 1.39913365723e-06 7.64704293716e-07 1.36749642713e-06 8.25366802786e-07 1.43573581983e-06 6.82252251857e-07 1.39831319033e-06 8.94765510969e-07 7.50025404958e-07 1.12952818854e-06 1.09971492752e-06 7.86844994345e-07 1.1161972418e-06 1.75986585042e-06 9.28359359396e-07 2.08665404116e-06 1.23260394963e-06 2.30513314523e-06 1.34192482976e-06 2.41731370726e-06 4.44437884877e-06 1.65245326697e-06 2.86208422597e-06 5.78104173503e-06 7.17429468434e-06 1.17045950696e-05 2.35409978818e-05 2.33006329784e-05 1.53940570724e-05 1.4179255665e-05 5.68123195736e-06 3.02581356329e-06 1.85288974005e-06 1.35990312742e-06 1.71164376524e-06 1.29429834967e-06 1.46882400871e-06 1.1982627984e-06 1.35739904434e-06 1.17796965585e-06 9.05654401872e-07 1.1684295545e-06 1.4853276546e-06 5.41171471499e-07 2.10988555759e-06 4.59838264987e-07 2.19135011799e-06 6.40711155885e-07 1.79274049165e-06 1.5513571001e-06 1.24201556911e-06 1.67252717783e-06 2.12952738844e-06 1.93292991486e-06 2.80611309256e-06 2.40792775809e-06 3.37784556103e-06 2.62668595443e-06 3.47728029892e-06 6.90118114942e-06 9.56980723253e-06 2.39153646125e-05 6.36645017683e-05 1.42408691158e-05 9.49679032829e-06 4.71058240991e-06 2.34353202006e-06 1.850286849e-06 2.92329582697e-06 1.17228066008e-06 1.29293466174e-06 2.17538603031e-06 8.69729079426e-07 1.80746427195e-06 5.69615284511e-07 1.55632341971e-06 9.90158644906e-07 7.44523427722e-07 1.20178552655e-06 9.94895529786e-07 9.7844081638e-07 1.39601534381e-06 7.78269728785e-07 1.4101659587e-06 2.07801885468e-06 8.94100710321e-07 2.73095333266e-06 1.4294724318e-06 3.91426153801e-06 2.19683738403e-06 2.30711942667e-06 5.51496729513e-06 3.50803612017e-06 4.17994131296e-06 7.99193384515e-06 1.73152581821e-05 4.63993675562e-05 1.3534765801e-05 1.49014268693e-05 3.77202846379e-06 2.09349024115e-06 3.91716696141e-06 1.61080987063e-06 1.47665402945e-06 1.62060841772e-06 2.0400703159e-06 1.33166289064e-06 9.02955737466e-07 1.18712072139e-06 1.44257657926e-06 6.33203718606e-07 2.10642048607e-06 8.48982427533e-07 1.43222309994e-06 8.90581888991e-07 2.36581094988e-06 8.01114018651e-07 1.76874300116e-06 1.63491747891e-06 1.27360857577e-06 1.99250621435e-06 3.25370888955e-06 2.54836903225e-06 2.64964985868e-06 2.93520048339e-06 6.95360919053e-06 3.85021224624e-06 6.58529347822e-06 2.51523616075e-05 4.66467186493e-05 1.01915175408e-05 5.87000153383e-06 2.87038309585e-06 3.56449798375e-06 2.1682285552e-06 1.53120973238e-06 1.34713539792e-06 1.42737871538e-06 1.97399411802e-06 5.08484486539e-07 1.4434271828e-06 8.03272433846e-07 6.3949435048e-07 1.2021387713e-06 7.74687223939e-07 9.76728185714e-07 1.07110214438e-06 7.9711393958e-07 1.48467205884e-06 7.3525669084e-07 1.04067477211e-06 2.02914964764e-06 7.30003147662e-07 3.18361083624e-06 2.15976990343e-06 2.50872522144e-06 2.52131592087e-06 4.1961839629e-06 6.3224489528e-06 4.86139411521e-06 1.0279532114e-05 3.41262553461e-05 7.22833855293e-06 5.79441235474e-06 6.26253833181e-06 2.40147768288e-06 2.2288890461e-06 1.76961288841e-06 1.28933583e-06 1.66576096771e-06 1.03734328059e-06 1.11107433352e-06 1.19248539311e-06 5.19181946071e-07 1.74710720571e-06 6.78104101161e-07 1.52056335792e-06 8.0851341456e-07 1.68831787376e-06 7.80569173145e-07 2.09101655416e-06 7.05256955331e-07 1.75109912496e-06 1.58341374376e-06 1.79983929534e-06 2.68149153021e-06 2.08942417463e-06 3.18120750775e-06 3.71381455291e-06 4.13681326552e-06 9.91266221193e-06 9.81602560619e-06 1.96502918652e-05 1.5437898322e-05 2.55755847846e-05 8.60870498262e-06 6.22840532176e-06 5.950446417e-06 4.39439752049e-06 3.25404553629e-06 2.17380030414e-06 4.52687613142e-06 2.12367361908e-06 1.82178466959e-06 2.69453941531e-06 2.12730977392e-06 2.48522726961e-06 2.75612018325e-06 2.72489158782e-06 2.84123136277e-06 2.34655755194e-06 3.41350974489e-06 2.16664716473e-06 2.99547424945e-06 6.24426296847e-06 3.19492867357e-06 5.24852532132e-06 6.7310416184e-06 1.0400091261e-05 8.99757450854e-06 1.42779148794e-05 4.22314854586e-05 4.36226831455e-05 2.10510171305e-05 1.27912417297e-05 6.13235398115e-06 4.95054219625e-06 3.87897991751e-06 3.03848110041e-06 1.20800503537e-06 2.71716375166e-06 2.2548656031e-06 9.77126886281e-07 2.49938044256e-06 1.06145498633e-06 2.25901596344e-06 1.46626189943e-06 2.31200979677e-06 1.51526981778e-06 2.48749138661e-06 1.30684896229e-06 3.19855021322e-06 1.28571519175e-06 3.26297262311e-06 4.0651544911e-06 1.95386064417e-06 5.03521862959e-06 5.85980527851e-06 8.8254829943e-06 8.71769687083e-06 1.94588151873e-05 6.11410439406e-05 1.6713123919e-05 1.19275403842e-05 7.70109291346e-06 5.21533973077e-06 5.39143564986e-06 2.39328924328e-06 2.4862478912e-06 2.95614880173e-06 1.79213418172e-06 2.33116668993e-06 1.79832410993e-06 1.90398278787e-06 2.1729075592e-06 2.21672196599e-06 2.53832144472e-06 2.17921465525e-06 2.46393671524e-06 1.92419904822e-06 3.41454811019e-06 2.08989439211e-06 4.00180896895e-06 3.86983568155e-06 3.35369971228e-06 7.99273447814e-06 7.82297087595e-06 1.13852553524e-05 1.95771734717e-05 3.62449768151e-05 2.27358912569e-05 2.89479564383e-05 1.13746696556e-05 8.61693675541e-06 3.36484151214e-06 5.53452629534e-06 3.25466231563e-06 2.38665630579e-06 5.5711822853e-06 1.81848294054e-06 3.82823323774e-06 2.02425458653e-06 4.10863260229e-06 2.37871879384e-06 4.31909932821e-06 2.19286602027e-06 4.55482349744e-06 2.10371700088e-06 7.1417029878e-06 3.15346102562e-06 4.54418355417e-06 7.57989275227e-06 6.30508100082e-06 1.28499800641e-05 1.59507103205e-05 4.39968245024e-05 5.58875341119e-05 2.90766771702e-05 1.89264101423e-05 1.27769100279e-05 4.14544082526e-06 7.5811523023e-06 4.46273459862e-06 1.85511855879e-06 5.27667322476e-06 2.9164675115e-06 2.86399067316e-06 2.9859718118e-06 2.73452943388e-06 3.2575535333e-06 3.34758668663e-06 3.04241339735e-06 3.2222457705e-06 3.71649101278e-06 3.52296787155e-06 6.9332569048e-06 2.46729919864e-06 6.27109845181e-06 1.05906484259e-05 6.14764662085e-06 1.75821272e-05 2.9332412109e-05 6.68260721011e-05 3.34384703807e-05 2.85386475891e-05 8.56226638781e-06 1.07621693446e-05 7.60554437155e-06 3.66587730716e-06 5.2877597532e-06 3.45271973095e-06 6.26335253261e-06 2.78344969636e-06 5.52909311624e-06 2.81662099002e-06 5.92416025355e-06 2.87946133852e-06 6.05639684449e-06 3.20631976304e-06 7.77855712945e-06 4.34516446647e-06 7.49860224205e-06 4.52911457619e-06 1.12277125883e-05 1.45777583919e-05 1.28515422399e-05 4.42386148875e-05 6.92367363018e-05 2.18531341039e-05 1.23354601222e-05 1.02650094933e-05 5.50566282349e-06 2.7199385396e-06 4.36197614992e-06 1.83580847321e-06 3.11197394829e-06 2.75488577909e-06 2.46915155783e-06 2.49449291764e-06 2.28045792206e-06 2.24658188605e-06 2.71801333823e-06 2.75947595084e-06 3.37433650391e-06 3.9976987199e-06 2.27378960326e-06 6.23851016203e-06 3.23871043973e-06 7.69130689209e-06 1.39473322492e-05 1.90599448794e-05 4.97506944578e-05 2.63479835302e-05 3.1505140316e-05 1.54029281092e-05 6.59551315928e-06 1.31535881041e-05 5.1357008041e-06 5.52910287868e-06 5.38268445108e-06 8.07504796831e-06 3.85059348944e-06 6.93641903393e-06 3.24741916298e-06 7.15600371315e-06 4.33504682065e-06 9.37506254585e-06 5.99793789526e-06 7.65780374699e-06 6.329177789e-06 1.75122604752e-05 8.21799116001e-06 2.1904948456e-05 4.79597583325e-05 5.12368509557e-05 4.20439285727e-05 2.96818272101e-05 9.02043338807e-06 1.33894330995e-05 6.15910039409e-06 6.74528369434e-06 4.24981841438e-06 6.299321528e-06 6.01003658552e-06 4.8480435591e-06 4.45060985134e-06 4.74887042861e-06 5.0647335502e-06 6.86967471974e-06 7.35987628904e-06 5.23381324082e-06 9.40361239174e-06 7.54623697057e-06 1.8520320783e-05 1.12748585669e-05 4.33999940693e-05 8.18226561697e-05 2.41660534386e-05 1.039705758e-05 1.26614464827e-05 4.77009648451e-06 6.49584174527e-06 4.13821431164e-06 3.47743370782e-06 3.62123433607e-06 5.37464043172e-06 1.89547138646e-06 4.5754479953e-06 2.05391808807e-06 5.82924419209e-06 3.6706382296e-06 4.57394618532e-06 4.63411490799e-06 8.27486994105e-06 5.83857695711e-06 1.67402074481e-05 1.6478900746e-05 4.1513569994e-05 3.53185382823e-05 5.80584363385e-05 1.74984660008e-05 1.81595478543e-05 1.34462127593e-05 1.32376322247e-05 7.42407523521e-06 1.17101019654e-05 9.08817499933e-06 8.11383690941e-06 8.87079419156e-06 9.44530523912e-06 1.26202321826e-05 9.16764097397e-06 1.57575944305e-05 1.56546647854e-05 2.42995958934e-05 2.26431969933e-05 8.37587580656e-05 6.1279664132e-05 4.72303780109e-05 1.75841507756e-05 1.56482372087e-05 8.47196185055e-06 1.01646715822e-05 5.85086422004e-06 5.50324733175e-06 4.52636214042e-06 7.27123557723e-06 3.84235272966e-06 7.65730537286e-06 4.59999221574e-06 6.91002672301e-06 6.09183306513e-06 1.26151816684e-05 9.48414195313e-06 2.1311094729e-05 2.67157179948e-05 7.76750321908e-05 4.14652335243e-05 5.13066792317e-05 2.16064264838e-05 1.99155665756e-05 1.43812346307e-05 1.37534681435e-05 6.98750128105e-06 1.21907205361e-05 1.08900656958e-05 1.03308514912e-05 1.29291815336e-05 8.33939692275e-06 1.54929146788e-05 1.7046896702e-05 2.5116680246e-05 2.65538771218e-05 7.44640156818e-05 7.2086906012e-05 6.21536422803e-05 3.00017755956e-05 2.36426328701e-05 1.34247477326e-05 1.60441428075e-05 8.52376507e-06 8.68777264733e-06 8.33340553778e-06 1.46325730215e-05 8.16356477223e-06 1.02411042696e-05 8.90932782347e-06 1.9443617387e-05 1.53774578633e-05 3.02165505562e-05 4.46926930031e-05 9.24828963116e-05 6.88060533244e-05 6.16940048753e-05 2.91441109455e-05 2.59490226864e-05 1.64724116335e-05 1.74884607112e-05 1.05604733337e-05 1.9476059596e-05 1.97229285707e-05 1.12901282468e-05 1.9830734e-05 1.88691429111e-05 3.0861490626e-05 3.5371906713e-05 8.88293844456e-05 0.000105406145658 8.25483198474e-05 4.1618656377e-05 3.22367295955e-05 1.56776511807e-05 2.03142536884e-05 1.29320789819e-05 1.38921247622e-05 1.58736447957e-05 1.59953461093e-05 1.23544331491e-05 2.4523372495e-05 1.70255026514e-05 3.92185077261e-05 6.04573691107e-05 0.000119148810901 9.19667068869e-05 7.53457693787e-05 3.23049071093e-05 3.15061262431e-05 2.43451236731e-05 2.92462367073e-05 1.85886240154e-05 2.0172419657e-05 3.01966133208e-05 2.6191287461e-05 3.72506305372e-05 3.84547895815e-05 0.000108536814035 0.00013448950713 9.30552956706e-05 4.11017928567e-05 3.51241404329e-05 1.98905339614e-05 2.88098803842e-05 2.02867023633e-05 1.24309115829e-05 2.10418150693e-05 3.21032043203e-05 2.12704023599e-05 4.3217384169e-05 5.9650468504e-05 0.000130264550022 0.000100846320483 9.38478483019e-05 4.48720396759e-05 5.04440807901e-05 4.20191092116e-05 2.90366633428e-05 2.72187720063e-05 4.61517938989e-05 5.78983647695e-05 5.04590168571e-05 0.00013224580689 0.000144477526441 0.000132261474619 6.06695139811e-05 5.81405444455e-05 4.02149697745e-05 3.18002448391e-05 3.25829456336e-05 3.16099933415e-05 4.4609648566e-05 6.83247121331e-05 8.69026268974e-05 0.000170005832809 0.000178408319659 0.000169553795787 9.58031527909e-05 6.19823950668e-05 7.33462251434e-05 7.90263156725e-05 6.32282910594e-05 0.000112930092599 0.00022892882784 0.000234042163567 0.000282326187688 0.00013816353829 7.83746010955e-05 7.73668320729e-05 0.000100323914976 8.49665350208e-05 8.57717723926e-05 0.000193568499122 0.000368336118394 0.000244117287234 0.000113719854214 9.43490102066e-05 0.000100411352879 0.00010295835271 0.000107206973117 0.000156650222255 0.000291125297565 0.000295596612054 0.000225505304788 0.000192188079125 0.000165671900409 0.00020932207475 0.000295818016547 0.000368286054233 0.000587402303804 0.000381370547244 0.00027186232857 0.0002881100439 0.00048822516224 0.000700526664775 0.000856413627212 0.000431448164026 0.00037925372355 0.000538451630314 0.000991545360311 0.0011853765591 0.000692140862395 0.000817890137094 0.00131660950659 0.00242459066589 0.00170428893082 0.00242459066589 0.0160701706829 0.0137199965175 

