





























1.22077475555e-06 9.65946990185e-07 2.2876915334e-07 6.39856095098e-07 5.93293002192e-07 7.76907402326e-07 6.59789353016e-07 6.70181966602e-07 8.26484274796e-07 1.7272227898e-06 1.48409592102e-07 2.8118804924e-07 1.14074949742e-06 2.81851500965e-07 1.52776068528e-07 1.80522870502e-06 8.70742861905e-07 7.32319413344e-07 7.06461846111e-07 8.95485102676e-07 7.60293269649e-07 8.71193536397e-07 3.50348979066e-07 1.19565266242e-06 9.3876553906e-07 5.67053329763e-07 3.15909119625e-06 5.6575485227e-07 7.60221472148e-07 4.99237493999e-07 1.14777484394e-06 3.13016155972e-07 5.06595160648e-07 6.9728247599e-07 1.04823424017e-06 4.54409519068e-08 3.4804639889e-07 2.73244529462e-07 4.55048315106e-07 3.09397291567e-07 3.40093334137e-07 5.22716575489e-08 1.17310945025e-06 7.74795521529e-07 6.72788250776e-07 3.69140144349e-07 1.56991021471e-06 6.41985835852e-07 8.85167768138e-07 6.62151150636e-07 2.15786949038e-06 6.93743374527e-07 1.88389223635e-07 4.23591089131e-07 9.59440307443e-07 3.60529079771e-07 2.27729545721e-07 3.01103974845e-07 1.32248651159e-07 2.15553623275e-07 9.72255154287e-08 2.86133002433e-07 1.20313663216e-07 2.66190930753e-09 2.37955044136e-07 2.54408722441e-07 2.12622947451e-07 2.27902127564e-07 1.49809653086e-08 1.23115227273e-07 4.01186195345e-07 1.00225380356e-07 2.71745069803e-07 1.22453623463e-07 4.36557329861e-07 1.79484460859e-07 2.32718341178e-07 7.59769517299e-07 4.72320695897e-07 2.81070935228e-07 1.05831118178e-06 1.324225829e-06 5.23052488009e-07 3.0031171602e-06 8.74477092287e-07 9.38859546243e-07 2.74421805045e-07 5.43252168347e-07 4.20832718405e-07 3.96930948992e-07 3.3529489901e-07 1.97174645482e-07 6.12334018001e-07 1.53878844561e-07 4.2105156038e-07 4.56668898487e-07 1.73594847405e-07 6.10640610097e-07 2.23586278849e-07 3.76677945856e-07 4.55428812942e-07 5.06647192396e-07 5.25326984026e-07 3.23910122495e-07 9.64757095708e-07 8.54990822751e-07 2.09283483694e-06 3.15630358011e-07 1.41994200756e-06 1.15126894497e-06 5.21027162108e-07 5.85526216706e-07 4.19436993445e-07 6.05211807324e-07 2.70187782703e-06 2.60335812371e-06 6.7952726188e-07 5.6614869713e-07 4.10433580538e-07 5.60946284067e-07 6.10864295107e-08 9.78414071944e-08 5.92733202306e-07 5.09560753902e-07 3.21531870574e-07 4.15676620703e-07 3.90496227623e-07 2.76119097115e-07 4.55446278427e-07 7.3311564396e-07 6.35313087543e-08 5.27029335487e-08 6.00806108891e-07 3.72529338014e-07 6.49036264259e-07 6.23817296618e-07 2.2706074828e-06 1.95249637167e-06 6.00440146027e-07 3.76724537036e-07 8.9505311737e-07 7.32750901744e-07 1.04660801745e-06 1.1496079326e-06 9.70155777407e-07 8.82023399098e-07 1.39296668431e-06 9.78853142794e-06 2.09961885538e-06 2.95198305045e-06 2.18741024264e-06 2.37634692868e-06 1.17366898697e-06 2.52695884025e-07 1.28131075907e-06 1.32027251038e-06 6.49544825843e-07 2.29635324832e-06 6.67264440088e-07 6.93271682904e-07 2.22523211871e-06 6.54912692568e-07 1.29370452595e-06 1.34680264425e-06 2.46724246907e-07 1.0752413305e-06 2.26918002674e-06 1.86232559644e-06 2.70198855188e-06 1.95073773462e-06 6.48519662069e-06 1.27874745299e-06 8.55882706962e-07 1.14671424334e-06 1.77873704242e-06 1.21797450814e-06 4.35657850174e-07 1.09908365291e-07 5.51462656463e-07 3.51458819091e-07 1.35351463022e-06 2.68359110683e-06 8.38139348976e-07 1.70058658027e-06 1.40891084698e-06 2.52958387805e-07 1.93308943453e-07 1.07635823479e-06 2.02170382429e-07 1.66443102938e-08 8.85706067777e-07 1.09550826983e-07 6.88592557194e-07 6.45572612685e-07 1.64034448833e-07 8.32072966562e-07 6.03941122388e-09 2.04127063366e-07 1.09014361648e-06 1.1499715888e-07 2.50120353893e-07 1.19881175758e-06 1.79265335217e-06 4.67704130613e-07 2.02915081791e-06 1.32671853954e-06 3.56894435553e-07 6.99076445523e-07 1.54113562954e-07 6.35621686248e-07 6.89809853153e-07 4.06857702646e-07 5.64942052471e-07 1.59662339675e-06 5.0227932715e-06 1.27546460149e-06 6.41153730704e-06 1.58601091612e-06 2.99789766182e-06 8.12181334175e-07 3.60981346826e-07 1.55820753311e-06 1.75732336629e-06 4.22888468957e-07 1.3233270989e-06 4.29197492048e-07 1.55987259082e-06 1.57997397398e-06 1.59425840036e-06 4.51471788306e-07 1.37494673741e-06 3.92542861415e-07 1.61594681667e-06 1.60018042109e-06 3.69247249595e-07 7.41264424894e-07 2.91319973322e-06 8.04061287741e-07 4.53940705337e-06 7.245405257e-07 4.51359762555e-06 1.5981344561e-06 6.06224111966e-07 5.622494224e-07 9.9956987172e-07 7.54695458615e-07 3.93375998946e-07 4.90650226666e-07 5.33632444815e-07 1.66361643328e-06 9.59586119812e-07 2.40737993831e-06 4.91478166818e-06 3.2492723086e-06 5.92401541362e-07 4.61571865912e-07 9.07631312709e-07 5.91759394688e-07 5.96729088722e-07 8.16364000887e-07 1.55204696731e-07 1.05582800292e-06 6.43637651074e-07 6.80379467861e-07 9.97803234681e-07 1.91842689645e-07 8.23519705672e-07 5.15142728161e-07 4.62938138306e-07 8.28488119016e-07 4.47462359355e-07 3.76374280758e-07 2.53157777926e-06 3.58942267616e-06 1.2498558223e-06 1.11014579824e-06 1.50736866225e-06 5.02111991828e-07 7.16222083428e-07 5.20595110141e-07 1.11974495429e-06 1.37300406725e-06 4.25755389076e-07 5.40513351649e-07 9.81798155734e-07 2.77182517216e-06 9.07664734272e-07 5.15167706401e-06 1.73501884718e-06 1.09311439881e-05 1.2170661798e-06 7.46968317961e-07 4.40302059731e-06 2.79913683331e-06 9.07180329836e-07 2.89665095114e-06 1.06933232347e-06 1.5257253969e-06 1.44351374476e-06 1.98873559445e-06 1.84178229661e-06 1.56422179846e-06 1.50320397006e-06 1.1166672237e-06 2.6845855935e-06 8.70977589277e-07 2.07144836681e-06 3.73596838284e-06 8.40361803884e-07 7.12557545203e-07 7.64083189061e-06 1.38849170064e-06 4.85785513735e-06 7.81951006352e-07 2.93084009572e-06 1.22773746566e-06 8.6738356689e-07 6.72879063715e-07 1.82502954734e-06 3.1600230607e-07 4.76580172215e-08 2.21609161393e-07 3.76415362996e-07 1.13126067148e-06 5.87966923326e-07 8.12703394026e-07 9.67953405376e-07 2.39982783896e-06 2.36977213586e-06 2.25898951655e-07 1.97090688839e-06 8.13505805631e-07 3.46830645394e-07 1.17655549516e-06 3.29013352696e-08 1.26040852228e-06 1.23822491605e-07 5.96385703916e-07 4.8413466958e-07 5.8922842542e-07 1.56204994818e-07 1.12810089777e-06 1.46539192204e-08 1.26265135071e-06 2.18547211653e-07 6.62579861825e-07 1.47110593906e-06 1.03068188667e-07 1.94176148871e-06 1.32756146819e-06 6.59236801772e-07 7.25375675136e-07 4.88511331157e-07 1.25188232265e-06 4.81845023082e-07 2.69115345991e-07 7.71853412862e-08 4.1150452656e-07 1.19594425273e-07 4.85051648718e-08 1.10444168226e-07 4.09190929613e-07 1.01908555931e-07 4.07682969512e-07 3.09211476871e-07 5.38621849828e-07 5.05742617691e-07 1.01074433316e-06 4.35331646937e-07 7.80845278733e-07 9.58844489369e-08 6.83228324308e-07 1.23229005648e-07 3.45657814217e-07 4.37990216736e-07 2.42184333561e-07 5.52113839189e-09 1.62284881199e-08 2.07850450537e-07 4.46469102138e-07 2.86165707618e-07 7.98253786487e-08 5.69028848709e-07 1.02851601014e-07 8.45634126504e-07 1.7012756039e-07 8.97150399284e-07 2.2535713638e-07 6.17035758474e-07 2.92317170623e-07 3.57580530657e-07 4.57814179977e-08 4.50365949983e-07 1.20727530307e-07 4.66022083116e-08 2.12980026834e-07 2.58416348468e-07 4.56524109981e-07 1.40861873949e-06 1.30501045312e-06 2.65478666223e-06 1.64715784547e-06 2.03560374855e-06 2.41260092169e-06 7.18571199769e-06 1.106924891e-06 8.28845696379e-07 1.04695809017e-05 2.50705845803e-06 2.17203460568e-06 4.66605914873e-06 1.07010557866e-06 2.68341210954e-06 2.48563499456e-06 3.27614656106e-06 1.43201948559e-06 1.22103323726e-06 1.52973278818e-06 2.87880186913e-06 2.29496770112e-06 2.73606568333e-06 1.11400836895e-06 4.35009366209e-06 1.57701566534e-06 1.34697164883e-06 7.6254901302e-06 4.43467335022e-07 7.94317625653e-07 6.04821834974e-06 2.09935836156e-06 2.04032572929e-06 1.7475675943e-06 2.97558643087e-06 1.63779648538e-06 1.86456042817e-06 6.35227508387e-07 3.07968600882e-07 2.80858319213e-07 5.65380874233e-07 6.51931707318e-07 1.15190311085e-06 5.0825434483e-07 1.91622451955e-06 7.7352979998e-07 1.85645260814e-06 1.40678061459e-06 4.08933413895e-07 3.89882672112e-06 5.59920368546e-06 5.3719612807e-07 3.75478273836e-06 5.75828670172e-07 2.23582104797e-06 1.79219179074e-06 1.12287291493e-06 1.93949584641e-06 4.89232738359e-07 4.75191216083e-07 1.76918059088e-06 9.38422300449e-07 1.62836912776e-06 1.73751907337e-06 4.09072378076e-07 3.09920211583e-06 3.68120803107e-07 4.51172782075e-06 2.11926679615e-06 5.13288603231e-07 1.14656891478e-06 1.64762491644e-06 7.33727723938e-07 1.87396639929e-06 4.44948345235e-07 1.38138676366e-06 7.29730967362e-07 7.64024636205e-07 3.86851169126e-07 1.83331645144e-07 3.36918919334e-07 2.50822604607e-07 7.79733315922e-07 2.5189357892e-07 6.70626802647e-07 6.37898118682e-07 1.32595486153e-06 2.3234984069e-07 2.52312748826e-07 1.29208238537e-06 1.18114353872e-06 2.1364877678e-06 1.60843241783e-06 6.4971936984e-07 1.12910817674e-06 9.73742473061e-07 1.14980833195e-06 6.2861103416e-07 9.49702249565e-07 1.15170364947e-07 1.19443051327e-06 5.6753931908e-07 1.13111336008e-06 7.67279665728e-07 9.53601767885e-07 4.08292032916e-07 9.11541958017e-07 1.97183962741e-06 8.12256338124e-07 1.02750269327e-06 1.76602855721e-07 8.87312804635e-08 1.3026283075e-06 6.04392631227e-07 7.23599458332e-07 2.23374306509e-07 9.27156005168e-07 3.21920021723e-07 4.66459751549e-07 2.42571754868e-07 3.60073665133e-07 1.06953564099e-06 7.71209482446e-07 1.94881889011e-06 7.90008084551e-07 2.19795829173e-06 1.35948764173e-06 3.3551511041e-06 2.09760351808e-06 5.8067297175e-07 8.20518268463e-06 2.23923752475e-06 1.7188013099e-06 1.3020246887e-05 1.29547202456e-06 5.74624699459e-06 3.54300867893e-06 3.6280583245e-06 2.63785858785e-06 1.73086321367e-06 2.29933487072e-06 2.41762905479e-06 1.52133063744e-06 2.67838737828e-06 3.04351323818e-06 2.9061613637e-06 5.04635982273e-06 7.26490599813e-07 9.78296494413e-06 1.21971107852e-06 1.82365769071e-06 7.18483048827e-06 4.76474868886e-07 2.04472172841e-06 3.09897068717e-06 1.51163510805e-06 2.21059021505e-06 9.77942191988e-07 2.35325208661e-06 1.01870855713e-06 1.4290501066e-06 4.26983228018e-07 1.1685754378e-07 1.22212260881e-07 7.92108097555e-07 2.95664492479e-07 2.86909196947e-07 5.27301533394e-07 1.26547010916e-06 1.46028387303e-07 3.67933710052e-07 1.05655534363e-06 1.12081120072e-06 1.40405125627e-07 2.38043396836e-06 2.03769901876e-06 1.00775973029e-06 1.54148125475e-06 1.01106405558e-06 1.30849887249e-06 4.97494765978e-07 3.63040485026e-07 1.52261006139e-06 3.51274340022e-07 4.05877638695e-07 1.28810339293e-06 9.67716154372e-07 1.52605500311e-06 6.77844524892e-07 1.89926966409e-06 1.27660163669e-06 1.03446448796e-07 8.18236884875e-07 9.92403992618e-07 2.62757011846e-07 8.39452117282e-08 1.30338783676e-06 5.83100688366e-07 4.01645616477e-07 3.57771958403e-07 9.25907028466e-07 1.61654659327e-07 1.5909766025e-07 3.59950087073e-07 6.6584336867e-07 1.94085025695e-06 4.83111735328e-07 1.84649252097e-06 9.25985774281e-07 2.34732674026e-06 1.30080894647e-06 4.47327036359e-07 5.10947975783e-06 1.6626348581e-06 1.82277021283e-06 3.16422599606e-06 1.6465681628e-06 8.79299605709e-06 3.16436428241e-06 4.13486119953e-06 3.91201218062e-06 2.32916991606e-06 1.46403336892e-06 3.13999644573e-06 2.91295611959e-06 1.41597397103e-06 1.97788698429e-06 3.48027790186e-06 3.83977824778e-06 1.88053906495e-06 7.38494974801e-06 9.60546720902e-07 2.80301361378e-06 1.54700506911e-06 1.33964370009e-06 4.52189602988e-06 4.39967769024e-07 1.35273627133e-06 2.14792027249e-06 9.52106831328e-07 2.06266426249e-06 5.35747129087e-07 2.41955358146e-06 9.54825731683e-07 4.62228375004e-07 2.3086254785e-07 8.92049478322e-07 1.45090186566e-06 1.09164823678e-06 1.12330419771e-06 1.7145456775e-06 3.46679210203e-06 8.20572375305e-07 9.17392284994e-07 2.90936875425e-06 3.24843431528e-06 7.50235211853e-07 6.73373362553e-06 8.55772760843e-07 4.67728726752e-06 9.12184859524e-06 2.07565352118e-06 4.60141442414e-06 2.42098273462e-06 2.06811010713e-06 3.19227735988e-06 1.51033636806e-06 3.51905572697e-06 1.72749549726e-06 1.98691719898e-06 3.97693002468e-06 1.3364549751e-06 7.52934873743e-06 2.76803469411e-06 8.40396004071e-07 5.22183154195e-06 5.89047236802e-07 2.88600290102e-06 3.0365722113e-06 8.00417564645e-07 6.10763129241e-07 3.4992823878e-06 1.83731713807e-06 1.17271535953e-06 1.28268526637e-06 2.00167629372e-06 1.1578977442e-06 2.83900853821e-07 8.23828408686e-07 1.45852989368e-06 5.73295900239e-07 1.69762096507e-06 6.35995789995e-07 1.94843927068e-06 7.59011329269e-07 3.57633268868e-07 3.0248472748e-06 1.77917043185e-06 1.37675118146e-06 2.45904032684e-06 1.55487953839e-06 2.44033215291e-06 4.03274311348e-06 7.67358589568e-06 2.18903157685e-06 2.67483139427e-06 1.45766186398e-06 3.19174012706e-06 1.56446101901e-06 1.72636459513e-06 2.9926842609e-06 1.25284338642e-06 2.72038114749e-06 1.21231580783e-06 6.67451334453e-06 2.43613323706e-06 2.32471973719e-06 1.34489380769e-06 2.13939452576e-06 1.37080745262e-06 1.74764988291e-06 2.74226033026e-06 3.11049655973e-07 7.20307675678e-07 1.96707134976e-06 5.53689814776e-07 1.96612705436e-06 6.1565956789e-07 1.90867553972e-06 1.03794464487e-06 9.19981833339e-07 2.3995725285e-06 7.05878733379e-07 1.34675406378e-06 1.96640295524e-06 2.7008284952e-06 7.54577662493e-07 8.67373373988e-07 2.15209327545e-06 2.7108673756e-06 5.90936824223e-07 5.97256300031e-06 8.8279969502e-07 6.19452976741e-06 2.6701571456e-06 3.12288039683e-06 9.56297698608e-06 2.19225591243e-06 2.69041221118e-06 4.67155995874e-06 3.33141446527e-06 1.75379723981e-06 2.83940946631e-06 4.66719781652e-06 2.10445516327e-06 1.25503739789e-06 8.20849345735e-06 2.09458882113e-06 2.286100062e-06 5.42435232155e-06 8.9990095576e-07 5.39360166037e-06 3.96359465126e-07 2.58772121558e-06 2.19571074161e-06 7.21469865135e-07 8.79022338588e-07 2.63299256565e-06 2.28991799946e-06 1.33450181438e-06 8.29111868013e-07 2.90105074937e-06 1.06571217626e-06 9.6694056898e-08 1.27338735299e-06 3.72091960609e-07 6.76582269468e-07 6.02466794985e-07 1.31908147753e-06 4.91904695764e-07 1.43353318358e-07 2.33631807104e-06 9.73207449121e-07 9.7986326844e-07 2.04308735272e-06 9.45379437416e-07 1.78973725694e-06 3.5871153642e-06 1.97506022815e-06 3.0454700412e-06 5.08510186756e-06 8.40926298192e-07 3.68961016257e-06 1.71323599685e-06 2.01061502571e-06 2.03553000695e-06 1.62414469704e-06 3.26961182891e-06 4.73976915388e-07 4.84688362225e-06 1.87214871941e-06 1.73501186644e-06 3.07617735875e-06 1.74637695482e-06 6.18958918001e-07 1.82600423052e-06 1.00159549446e-06 9.97579895756e-07 2.21207042681e-06 1.79862854183e-07 4.54120682556e-07 1.28587160723e-06 7.0266890387e-07 7.91410594281e-07 4.11420642817e-07 1.58423476462e-06 1.13975842952e-07 1.07720166378e-06 3.47435104772e-07 9.16502652381e-07 6.40165994642e-07 1.54784486366e-06 5.1781673753e-07 2.50962246124e-07 1.51303697077e-06 1.15639313948e-06 3.45701928828e-07 2.52765245327e-06 6.83685558625e-07 2.68623537869e-06 1.55762368465e-06 2.57447593999e-06 1.75410977853e-06 1.72479467629e-06 4.84821189152e-06 2.90450980324e-06 3.24400087351e-06 2.95009572994e-06 2.48940159396e-06 2.83818672151e-06 3.08799223994e-06 1.84947377985e-06 4.6664015873e-06 9.87157663467e-07 1.43123852675e-06 2.05344805226e-06 1.32235513719e-06 2.34363281989e-06 6.18242899346e-07 2.56388003966e-06 2.52672172274e-07 1.04679947157e-06 1.55433468121e-06 2.34056144542e-07 5.70775193965e-07 1.6717271166e-06 6.70363020482e-07 9.75292572517e-07 4.17738526136e-07 1.29876217661e-06 1.57411444841e-06 7.17210675508e-07 2.62876425856e-06 1.72514852035e-06 3.44888609623e-06 1.30299295605e-06 1.98130624445e-07 4.33862432417e-06 1.50104797292e-06 1.65400144486e-06 3.9263552135e-06 2.08130345243e-06 3.55636165437e-06 6.62942767353e-06 2.43525741189e-06 8.16178146278e-06 2.16130181184e-06 3.84483451648e-06 1.64874850855e-05 3.50863215283e-06 6.99674228521e-06 6.51422768401e-06 7.02741865125e-06 6.62972002905e-06 2.22824121216e-06 1.41679321711e-05 2.85210400776e-06 1.89828613648e-06 7.44405135935e-06 1.98542558202e-06 6.10606491372e-06 3.29842723775e-06 2.00499613494e-06 3.47682314977e-06 1.7208052933e-06 1.74102681792e-06 4.14890287932e-06 2.99937059184e-07 1.09832782623e-06 3.60823736106e-06 1.89706912221e-06 3.0621917343e-06 8.96297727127e-07 1.85774138485e-06 7.41773024147e-07 5.33293528051e-07 1.7973780532e-06 1.07234480658e-06 1.84207153204e-06 1.08432254474e-06 4.01101101393e-07 2.06620067254e-06 1.87686538517e-06 4.67216928372e-07 4.05840464581e-06 8.3118436195e-07 3.89058710856e-06 2.56593131581e-06 3.36221925329e-06 2.28754285309e-06 2.86607472712e-06 1.99996620291e-06 6.59213986319e-06 8.74462724402e-06 2.8801915091e-06 4.62794386768e-06 4.7663170136e-06 4.46631563344e-06 1.87691177399e-06 8.26603082881e-06 4.32405370245e-06 1.89785106424e-06 2.39735703072e-06 2.2952109346e-06 3.01720812433e-06 2.53999976609e-06 3.67174714416e-06 6.61161393048e-07 4.19983337147e-06 3.68526983952e-07 1.95454618674e-06 2.12984441384e-06 4.13295405144e-07 1.07426733161e-06 2.02134502569e-06 1.23676870265e-06 2.09207940838e-06 5.7910758569e-07 8.81232371599e-07 8.34851190804e-07 1.52865450183e-06 9.74793797418e-07 2.16597710946e-06 5.84546597267e-07 2.49329252099e-07 3.12858049753e-06 1.05894662871e-06 8.29760168582e-07 2.66039104568e-06 1.4550992151e-06 2.8033929391e-06 3.30499374295e-06 2.3727122976e-06 2.9193776336e-06 1.6008577148e-06 4.2607388581e-06 3.69445747734e-06 4.14904723041e-06 1.01918032826e-05 2.66513387224e-06 6.38542811871e-06 6.8957349861e-06 1.97633874186e-06 9.57137794334e-06 2.64409751835e-06 3.72219961245e-06 3.94607614129e-06 1.40902890175e-06 2.51610611439e-06 2.30891616508e-06 3.04089510538e-06 2.60683256707e-06 1.34905159142e-06 2.50772676202e-06 6.58834147896e-07 9.32298516622e-07 3.34166281506e-06 1.321958892e-07 6.70425189005e-07 2.52943036388e-06 1.25029402914e-06 1.67210406294e-06 1.01386505134e-06 1.47393867945e-06 2.38884879832e-06 1.00065585745e-06 3.23082845737e-06 1.17467631399e-06 9.25807267845e-07 3.50298640872e-06 3.40283644594e-06 1.18483710657e-06 4.98886734375e-06 1.35555530014e-06 4.49816066702e-06 3.55688809105e-06 4.51399724492e-06 3.31404501073e-06 3.57702966347e-06 2.21524606526e-06 1.18979061066e-05 3.03893295169e-06 5.01413679187e-06 1.49173397732e-05 4.42861680864e-06 1.01518853934e-05 3.34052853176e-06 1.41424277477e-05 3.99129182588e-06 2.72693256019e-06 1.17800889677e-05 2.15757272715e-06 3.31295938044e-06 3.71002335193e-06 4.18445464391e-06 3.7792794083e-06 4.15296867414e-06 1.35926784839e-06 4.36790899574e-06 1.32136991865e-06 3.67921545823e-06 3.27029849039e-06 1.11222512591e-06 1.2804895889e-06 3.45646057137e-06 9.65711179269e-07 2.47112034426e-06 1.57422816314e-06 1.40866674687e-06 1.22830270537e-06 2.51833659547e-06 8.18710855386e-07 3.27866400414e-07 2.46304256172e-06 2.02272032676e-06 1.08729536706e-06 3.71853559743e-06 1.19842596311e-06 3.19366429109e-06 3.95261565944e-06 3.0635108487e-06 4.10708118223e-06 2.52269278773e-06 3.83440838582e-06 4.95008539155e-06 6.96163726833e-06 4.12756874246e-06 7.22776886094e-06 1.3976098779e-05 5.51566268987e-06 4.54262602755e-06 1.37852791441e-05 5.10912161695e-06 4.20066622168e-06 6.63138629899e-06 4.72765641482e-06 3.56557315866e-06 2.17385109882e-06 4.15349070249e-06 3.02346563538e-06 3.68105307934e-06 3.07000695443e-06 1.06734500454e-06 3.83402478014e-06 1.1901288953e-06 2.04492224822e-06 2.60759441252e-06 2.83324319934e-07 8.78647245053e-07 2.74081431657e-06 1.33144478722e-06 1.571346099e-06 3.40353177417e-06 3.66010145922e-06 1.46186357695e-06 4.51344698021e-07 4.0171554074e-06 2.15008335476e-06 1.13046898752e-06 6.20633598767e-06 1.11030770947e-06 4.98522559065e-06 3.19938934246e-06 5.15912508183e-06 3.31801851408e-06 4.23081439359e-06 3.70668148475e-06 1.04666569785e-05 3.45743350203e-06 9.27724267735e-06 4.59095668163e-06 7.37334756309e-06 2.03635486604e-05 2.92766783379e-06 1.87826869454e-05 6.44814967896e-06 5.01258702853e-06 9.01509936173e-06 3.34650143608e-06 1.02113727694e-05 3.64380451585e-06 4.28381044898e-06 3.24402538531e-06 4.94496789107e-06 3.56483911891e-06 4.79425987026e-06 1.29585645612e-06 6.15183550327e-06 1.14518952575e-06 2.2259509302e-06 3.76015785387e-06 3.32249337597e-07 1.62677802363e-06 3.8123748182e-06 3.56659654424e-06 2.47322982904e-06 8.13902833542e-07 2.44003738221e-07 2.15090148501e-06 1.46282813313e-06 6.93230849832e-07 2.71755408607e-06 9.64611869735e-07 1.69986976272e-06 2.51460761115e-06 1.6368858551e-06 3.08337539567e-06 1.67215403585e-06 2.922937217e-06 4.66528917503e-06 4.50141659042e-06 2.20470041178e-06 7.20283211917e-06 3.51798523087e-06 7.47969492835e-06 7.3993849135e-06 9.19075173042e-06 5.57897709486e-06 3.04682820086e-06 7.00250118644e-06 2.37483628997e-06 3.96590626983e-06 5.025897247e-06 2.81281911917e-06 1.78636463171e-06 3.44418719268e-06 1.53033962553e-06 2.76292852735e-06 1.84778663851e-06 1.05506539711e-06 2.60777616713e-06 1.11145565181e-06 1.68846851097e-06 1.91705201065e-06 1.57590878552e-07 7.43565153187e-07 2.58021198819e-06 1.15356815628e-05 1.0936645254e-06 5.08414041101e-07 4.176561905e-06 2.93729004526e-06 1.55974541761e-06 4.09546051625e-06 1.49455555616e-06 5.62805015694e-06 2.91288953995e-06 4.33797578215e-06 2.99388053047e-06 4.37824843985e-06 3.3130379171e-06 1.03273235027e-05 5.88447379698e-06 7.70895139127e-06 6.65299002717e-06 1.31486930363e-05 7.65038970929e-06 5.68865567255e-06 3.23586589643e-05 5.68865567255e-06 7.65038970929e-06 1.31486930363e-05 6.65299002717e-06 7.70895139127e-06 5.88447379698e-06 1.03273235027e-05 3.3130379171e-06 4.37824843985e-06 2.99388053047e-06 4.33797578215e-06 2.91288953995e-06 5.62805015694e-06 1.49455555616e-06 4.09546051625e-06 1.55974541761e-06 2.93729004526e-06 4.176561905e-06 5.08414041101e-07 1.0936645254e-06 1.15356815628e-05 4.95013289854e-06 3.64512483225e-07 3.97904654619e-06 2.5508068167e-06 1.69340696109e-06 4.70546920967e-06 9.98824313132e-07 4.1895910227e-06 4.54506032307e-06 2.32444176985e-06 4.20787337267e-06 2.15445208406e-06 4.110591753e-06 6.63149083696e-06 6.88060954994e-06 5.0344188932e-06 9.82864932752e-06 5.3111772989e-06 1.32649240213e-05 2.94520478859e-06 1.79964328658e-05 1.51309271721e-05 4.01870179206e-06 1.36633312514e-05 5.44116840548e-06 1.00730469196e-05 5.31579841468e-06 6.90548459327e-06 7.3768733947e-06 4.02973223992e-06 2.32785117016e-06 4.57534787894e-06 2.45003690794e-06 4.43320044998e-06 4.47478835384e-06 9.42579589025e-07 4.70719976514e-06 1.43810848992e-06 2.41014058397e-06 3.85137829172e-06 2.51392839641e-07 4.53800679205e-06 1.33395832901e-06 2.40751963411e-06 1.29473503818e-06 7.20162870112e-07 2.74650416532e-06 8.92138258514e-07 1.90922137959e-06 2.69226673857e-06 2.40374827065e-06 2.19380056261e-06 2.26672343189e-06 1.62168398258e-06 5.09108355403e-06 2.69139647491e-06 3.49726389636e-06 4.85373327584e-06 5.84935165837e-06 4.25367020031e-06 4.25259153471e-06 9.65112262233e-06 4.92094388759e-06 9.28352385629e-06 5.00371965564e-06 4.02454951764e-06 6.20563634962e-06 4.70753147166e-06 3.66236872801e-06 2.47407434407e-06 5.25689195105e-06 1.5991723053e-06 2.38545874662e-06 2.25429137153e-06 2.10905190508e-06 2.55013979967e-06 1.81907357241e-06 8.16340017245e-07 2.65589216924e-06 6.20447439225e-07 1.270523319e-06 2.21023052534e-06 1.178193588e-06 2.98013662736e-05 4.39186112465e-06 1.90317126113e-06 6.74487524499e-06 2.33804854932e-06 6.04033028416e-06 5.60548712056e-06 5.61073461729e-06 7.28645439174e-06 3.81654783768e-06 6.19597608945e-06 7.11529658509e-06 9.45976669179e-06 5.75971463545e-06 1.54090537919e-05 9.55436651957e-06 1.79370741604e-05 4.23083514884e-06 3.07765383025e-05 7.15667082039e-06 8.05270679228e-06 3.2302315837e-05 6.1709157526e-06 1.84289238434e-05 1.06566452419e-05 1.5953116087e-05 6.21898528317e-06 9.68501266844e-06 7.87805172337e-06 6.19158892105e-06 4.05809730649e-06 7.28186118912e-06 5.81211246443e-06 5.47245250951e-06 6.10609283359e-06 2.05399219144e-06 6.57660484817e-06 2.1078284371e-06 4.03660128457e-06 2.50170356415e-05 1.10731012251e-05 1.51365933303e-06 4.2962017024e-06 1.08204821958e-06 3.58817369189e-06 3.31575832759e-06 1.99039743485e-06 3.31462603764e-06 2.98396337715e-06 2.07764159385e-06 5.36550587999e-06 2.81955095041e-06 4.52912480652e-06 6.13068409986e-06 6.82510487083e-06 8.39717370304e-06 4.16168224675e-06 1.24240004556e-05 9.17508381201e-06 2.96913465419e-06 1.11930602628e-05 1.16747588263e-05 5.47455173449e-06 8.0955600088e-06 7.36795302337e-06 6.22782040717e-06 4.90461937242e-06 2.87414203099e-06 5.90088945479e-06 2.06816035326e-06 3.08188341494e-06 3.20484059146e-06 2.33632574331e-06 3.02069200006e-06 3.20599934347e-06 1.10577602823e-06 4.01019180991e-06 1.33908589827e-06 8.51202650619e-06 1.07692201465e-05 1.08962580625e-05 2.75596027576e-06 7.18591785217e-06 6.9833113478e-06 5.39112118454e-06 5.05413650119e-06 4.36103717326e-06 6.00079923852e-06 6.35291389152e-06 8.23685882324e-06 3.97732025563e-06 1.47278582982e-05 7.01256780526e-06 1.59582638831e-05 5.4063914862e-06 2.55019007076e-05 6.63668374504e-06 1.11042200942e-05 1.10677921969e-05 9.08740592032e-06 2.56906395489e-05 7.56333431864e-06 1.69050837147e-05 8.28762347016e-06 1.56158255284e-05 4.55531679273e-06 8.63659503873e-06 7.43441716089e-06 6.0797412306e-06 4.43773953743e-06 5.18906599293e-06 5.72811505166e-06 6.28744318202e-06 6.71019156616e-06 2.56538108066e-06 9.04521663634e-06 7.2069073239e-06 3.07279369692e-05 2.80187115086e-06 6.23155980733e-06 5.54270772505e-06 4.2576676573e-06 5.65488875958e-06 2.88931342641e-06 3.41543921069e-06 8.54137322667e-06 4.73036348263e-06 5.76481780209e-06 7.65696781363e-06 8.72178152882e-06 9.94756571979e-06 6.17236491888e-06 1.99134957224e-05 8.91291014755e-06 5.32354243769e-06 1.72193258246e-05 5.2866792283e-06 1.16072548706e-05 1.94557736936e-05 7.65640352819e-06 9.94223024923e-06 9.59211642156e-06 7.76598987216e-06 6.30368165494e-06 4.71672748668e-06 9.12861106104e-06 3.35498820654e-06 3.24007766574e-06 5.271559966e-06 3.7728290153e-06 5.1912530807e-06 5.5599817496e-06 2.26916597629e-06 2.20939605458e-05 1.37625628186e-05 1.21590731483e-05 9.9583886331e-06 7.99232537052e-06 9.50172311583e-06 5.42439677569e-06 4.35974877473e-06 1.16578557866e-05 1.17915821311e-05 5.27045650638e-06 1.70500159331e-05 7.98223288736e-06 1.89370544531e-05 6.56124331015e-06 3.05850330573e-05 1.04590574035e-05 8.73247782522e-06 1.28004880878e-05 1.37806883254e-05 8.59694003986e-06 1.32707436157e-05 3.07969654039e-05 9.28236616208e-06 2.01617325512e-05 9.45470212423e-06 1.78490897156e-05 5.769241685e-06 1.20932327788e-05 1.16959096095e-05 4.69683584986e-06 5.61565836529e-06 8.13417465821e-06 7.81390797796e-06 8.39706241686e-06 9.66107295134e-06 9.21960138818e-06 3.46369274321e-05 1.0718467237e-05 7.18070206795e-06 7.27850369266e-06 4.90685190172e-06 5.22236628912e-06 7.89339873169e-06 7.57261116336e-06 7.97122353004e-06 1.12110283436e-05 1.0567729217e-05 1.21986886055e-05 7.0992152891e-06 2.27421130805e-05 1.20004463044e-05 6.30676244074e-06 1.31684319614e-05 6.5951063051e-06 1.39785123204e-05 6.41807159192e-06 1.50312326307e-05 2.24062014221e-05 9.14911668897e-06 1.26625641627e-05 1.16325724208e-05 1.13112355959e-05 8.11279405077e-06 7.08166919422e-06 7.95363113847e-06 4.9615186299e-06 4.93085255322e-06 6.38543540428e-06 5.97024566526e-06 8.07278601294e-06 2.17394267642e-05 4.97218254475e-05 1.43572211778e-05 1.20513818121e-05 8.22696488672e-06 7.79513162752e-06 1.69844407094e-05 8.81896406678e-06 1.15138044708e-05 2.2030227849e-05 1.06806916064e-05 2.25919423295e-05 7.678102491e-06 3.64821431923e-05 1.38009430191e-05 1.09183504142e-05 1.72313724598e-05 1.2706291438e-05 1.20688195729e-05 1.89259600596e-05 1.13783933518e-05 1.68590370479e-05 3.55059799321e-05 1.04134040493e-05 2.34373221784e-05 1.25685345618e-05 2.33249197823e-05 1.10949873677e-05 8.74253151254e-06 1.6903387477e-05 7.5937515216e-06 7.87664076144e-06 9.49275374926e-06 1.07527799907e-05 3.02285889366e-05 3.00663092613e-05 1.12957934907e-05 7.00967980653e-06 6.12661761582e-06 1.41870730805e-05 7.97508270502e-06 6.11930882783e-06 1.22327843444e-05 1.2177316315e-05 1.41540716619e-05 8.01025582311e-06 2.43119694294e-05 1.28527278718e-05 7.65100403276e-06 1.49988928229e-05 9.1269296205e-06 1.1166417351e-05 8.93870382473e-06 1.61426534636e-05 7.84980294436e-06 1.58472676102e-05 2.31102506006e-05 9.90189419758e-06 1.44452218721e-05 1.29322758178e-05 1.2557949057e-05 5.86181519261e-06 8.047408657e-06 1.26297935861e-05 5.47731784999e-06 5.40204519717e-06 8.20192498418e-06 1.61765172034e-05 5.73395147354e-05 1.40195793837e-05 1.11300591822e-05 2.20723257727e-05 1.36640439734e-05 1.50625743985e-05 1.55093921536e-05 1.77964380016e-05 2.82205345032e-05 1.07663087739e-05 4.2165204419e-05 1.49153962491e-05 1.31849466132e-05 2.17770587823e-05 1.4723371691e-05 1.55929599678e-05 1.64575943411e-05 1.44528765761e-05 2.40375793228e-05 1.34206453978e-05 1.7877425616e-05 4.10017318968e-05 1.37194444785e-05 3.00528508708e-05 1.86655186656e-05 1.60904432573e-05 1.44853188605e-05 1.31462063053e-05 1.88132276749e-05 8.8735083205e-06 9.97276962665e-06 3.2839564743e-05 3.18827569654e-05 1.09399495024e-05 1.94018898302e-05 1.12169627876e-05 1.27463071347e-05 1.61819333638e-05 1.20053735122e-05 1.85801471623e-05 1.33506844421e-05 3.36654001656e-05 1.67479452704e-05 8.1989101942e-06 1.94194101215e-05 1.14684251566e-05 1.30038372194e-05 1.0927792239e-05 1.33098226228e-05 1.12618342498e-05 2.02474858322e-05 8.59664168961e-06 1.99916200504e-05 3.09247256659e-05 1.52007758518e-05 1.96797521819e-05 1.09486915407e-05 1.62710890193e-05 1.06265137855e-05 9.60773084256e-06 1.49021781677e-05 7.67651357705e-06 1.69335739912e-05 5.34219832913e-05 4.31421805094e-05 2.28871916773e-05 2.44956122014e-05 3.26879089587e-05 2.96139824888e-05 2.72338937078e-05 2.08688833054e-05 6.42552851453e-05 2.38620936637e-05 1.5443587746e-05 2.41214331917e-05 1.8836437297e-05 2.07032583709e-05 2.0014805279e-05 1.95807131406e-05 2.19517204872e-05 1.83074506999e-05 2.57212015151e-05 1.66680272482e-05 2.60234994463e-05 6.1594149012e-05 2.36701424384e-05 2.79754538929e-05 2.94881577999e-05 3.12020723832e-05 2.06824771219e-05 1.76629342235e-05 3.12765987262e-05 2.84022328239e-05 0.000114473554449 2.80865219385e-05 2.54523295398e-05 2.74931728802e-05 3.22587045054e-05 3.62653276849e-05 1.68207100421e-05 5.64460294277e-05 3.55114720436e-05 1.02863645846e-05 3.16736629505e-05 1.08588360647e-05 2.36003864046e-05 1.32262312286e-05 2.39851629083e-05 1.36435384399e-05 2.35693265472e-05 1.09142878067e-05 3.15622710621e-05 1.07885087492e-05 3.78016140656e-05 5.13590438401e-05 1.92662477073e-05 3.68414298432e-05 3.07717769003e-05 2.57464791965e-05 2.0259045412e-05 1.87731313751e-05 5.73593734901e-05 7.20804310839e-05 2.67370465271e-05 2.92048483036e-05 2.75564637409e-05 3.67477244406e-05 1.84189156725e-05 5.23216731218e-05 2.64923585825e-05 1.64346005986e-05 2.22620560052e-05 1.37406217424e-05 1.34392062887e-05 1.46276799541e-05 1.5777134673e-05 1.50442106763e-05 1.54910760893e-05 1.25500209591e-05 1.39140139738e-05 2.04198201674e-05 1.76461432174e-05 2.78614343795e-05 4.44367165444e-05 1.90399883728e-05 3.44466011074e-05 2.26943931365e-05 2.40432842172e-05 1.71777127029e-05 3.55591538239e-05 8.83706814897e-05 5.23701681066e-05 4.41471063725e-05 4.6004407785e-05 3.58957107476e-05 7.71679839252e-05 3.44909279018e-05 2.03133450486e-05 5.09917069033e-05 1.42648801991e-05 3.13645580591e-05 1.42537582228e-05 3.08098255153e-05 1.69238021564e-05 3.05011683742e-05 1.38864529592e-05 3.1506341119e-05 1.37623206846e-05 4.99971191606e-05 2.11116844591e-05 3.39966272997e-05 6.93019157759e-05 3.61655757998e-05 4.3205644884e-05 3.59608206832e-05 3.82385453133e-05 5.00115888195e-05 0.000214529488626 7.31717527609e-05 7.10585360326e-05 4.77098675346e-05 0.000125241394059 5.93054050812e-05 2.13195721639e-05 5.54326186931e-05 2.97629009899e-05 2.83664427058e-05 2.77147042871e-05 2.5125258094e-05 2.79443718696e-05 2.78140160885e-05 2.37517268251e-05 2.77598801511e-05 2.53532634059e-05 2.78242306642e-05 5.29380768751e-05 1.97623430572e-05 5.66438874404e-05 0.000106766925496 4.31755672818e-05 5.96542918837e-05 5.23788704522e-05 0.000104018854828 0.0001955630083 0.00010071905798 5.89405357204e-05 0.00012861855344 7.8428911606e-05 2.70342136014e-05 4.49166888616e-05 2.67994526967e-05 4.53976547661e-05 1.99797091877e-05 3.63955640896e-05 1.76986126828e-05 3.55744064269e-05 1.69691862438e-05 3.58573739585e-05 1.81634577326e-05 4.10139313507e-05 2.43015108076e-05 3.77916079175e-05 2.64563941268e-05 6.86481315493e-05 0.000105115899637 5.00432853344e-05 7.4356806381e-05 0.000108199979847 0.000333315687421 9.63633864487e-05 0.000181047379037 9.65577944359e-05 4.25466500043e-05 7.05621335519e-05 2.61176840104e-05 4.66087492874e-05 3.68998193499e-05 3.26834724025e-05 2.94229459673e-05 2.73839279355e-05 2.48495085953e-05 3.02152857197e-05 2.74042548372e-05 3.51054825613e-05 4.09111871988e-05 2.02359885696e-05 6.15292055914e-05 3.72046419378e-05 7.82001392335e-05 0.000137944627303 7.09218837718e-05 0.000185584269033 0.000354000061149 0.000331358330297 0.000151343280241 5.67788480146e-05 0.000120993799647 4.3728864724e-05 5.29084622519e-05 4.14402981855e-05 6.47731594077e-05 2.99512325791e-05 4.94414802e-05 2.24367142169e-05 4.79243496889e-05 2.66041004725e-05 5.57912405083e-05 3.71894562075e-05 3.82010744345e-05 3.54830237374e-05 9.08793359919e-05 4.55690000096e-05 0.000106420230573 0.000217671878547 0.000182040613481 0.00309827640114 0.0005653201699 0.000178052390438 0.000335564117421 0.000145631885656 0.000191294641899 8.67892816781e-05 0.000150590966539 0.000113749102387 9.17414955804e-05 7.84481266306e-05 7.87209714549e-05 7.83098394945e-05 9.92900624965e-05 0.000113810814439 6.24269905452e-05 0.000126890502293 9.45545349499e-05 0.000200224540791 0.000114972171055 0.000290485324684 0.00143115669195 





















