































7.84161700324e-07 6.47074302594e-07 2.88440851858e-07 5.39637587782e-07 4.59638494473e-07 6.3227452545e-07 2.49552310583e-07 5.09072707568e-07 2.25050757121e-07 3.35213831136e-07 6.86953350274e-07 2.49816927704e-07 1.33725777764e-07 7.11404925427e-07 7.12701650638e-07 1.34787859611e-07 2.57615777184e-07 7.16470604452e-07 3.54571684754e-07 2.5249258658e-07 5.39307410404e-07 2.72078757149e-07 7.37223004441e-07 6.03085483501e-07 6.21656873591e-07 3.16223481676e-07 8.28839066669e-07 6.07248527458e-07 2.57860315578e-07 2.03956076569e-06 4.54236662718e-07 3.20636255876e-07 2.682563196e-07 7.7797387099e-07 2.08325999562e-07 5.4952863795e-07 1.37024830604e-07 1.74592691879e-07 6.32659574277e-07 2.13492312516e-07 1.22348852584e-07 5.68021237995e-07 2.24786612538e-07 2.14119218176e-07 5.79833517165e-07 1.32334814342e-07 2.28816743409e-07 7.03687259088e-07 1.78140252683e-07 1.32155816986e-07 6.73528042351e-07 2.58514019533e-07 9.89438272552e-07 3.8199571451e-07 3.52015589695e-07 4.91167410652e-07 1.39156936113e-06 3.12921964713e-07 1.74765930334e-07 1.65498594162e-07 6.1923690591e-07 1.88440428221e-07 9.10573387391e-08 4.66425622998e-07 8.12044504438e-08 2.81271879536e-07 2.53730521664e-09 6.62276604318e-08 2.89518366562e-07 8.50162945171e-08 3.47577509301e-08 1.51749736104e-07 3.56240633426e-08 1.30822903435e-07 1.16293564015e-07 4.00453124833e-08 2.0223502877e-07 2.62709278709e-08 7.57874907391e-08 3.13772973944e-07 6.56180123718e-08 3.54833878208e-09 3.44241940058e-07 7.34058123379e-08 5.11044931593e-07 8.5649419831e-08 1.11275145571e-07 4.84259348505e-07 1.97484577304e-07 2.29891142954e-07 6.9142738007e-07 7.87552333557e-07 3.38735203223e-07 1.93802737422e-06 7.33626753321e-07 1.11138370335e-06 2.29608804697e-07 3.70992216912e-07 1.45638029432e-07 1.93825427433e-07 7.2059604728e-07 1.87447584861e-07 1.90863899844e-07 2.99277336859e-07 4.99527641212e-07 1.63344534669e-07 1.59818816502e-07 1.6378530028e-07 4.97473107553e-07 3.41575475922e-07 2.06628931644e-07 2.01287931563e-07 7.65928288334e-07 2.30161323279e-07 1.6366592631e-07 3.97652865775e-07 2.55902269493e-07 1.09447177998e-06 6.07171346012e-07 1.3353027905e-06 2.03615248945e-07 8.12812507964e-07 8.65671320642e-07 2.67870191259e-07 4.8236021903e-07 2.79531512065e-07 2.310905743e-07 1.74973645729e-06 1.84247097324e-06 5.68726125043e-07 6.45189630572e-07 1.49977289395e-07 1.59833201558e-07 6.80007413926e-07 1.20519686402e-07 2.46622119583e-07 4.20052735346e-07 3.35401809306e-07 2.54775961171e-07 4.24718536777e-07 1.90063255528e-07 4.60307621218e-07 2.33066356546e-07 3.07927831952e-07 4.5884120631e-07 2.18469452078e-07 1.43003144563e-07 7.02292591294e-07 1.47993346358e-07 1.52052881569e-07 6.38386015532e-07 5.65075613768e-07 1.57371420257e-06 1.2397664816e-06 2.47085217796e-07 2.86512009145e-07 6.18206293552e-07 3.44753786296e-07 8.03097266888e-07 6.15808351093e-07 4.21433139244e-07 7.78879097615e-07 6.74676332051e-07 6.32940551042e-06 1.67641123905e-06 9.96837186492e-07 5.75725497213e-07 8.62842620682e-07 1.31594717283e-06 7.35559290859e-07 2.29273833319e-07 1.03291360618e-06 1.50461107898e-06 4.02923774527e-07 1.06917813427e-06 8.30746264818e-07 8.39824179548e-07 8.65876330374e-07 1.10899279616e-06 3.93523920569e-07 1.51136793127e-06 1.03851366565e-06 2.18375584113e-07 7.19412304991e-07 1.30305163916e-06 7.20872457395e-07 5.2299336031e-07 9.12683418757e-07 1.3875299373e-06 4.10762066548e-06 6.12127010255e-07 7.73461114423e-07 5.41163928765e-07 8.53209123116e-07 1.00402263166e-06 4.07653572624e-07 1.97625355872e-07 7.55933700441e-08 3.99848063061e-07 3.89094273548e-07 5.53543265844e-07 1.74125930646e-06 4.23949892662e-07 4.66845066393e-07 1.24360024599e-07 1.15231702836e-06 3.03192437589e-07 1.75420151303e-07 5.58399222501e-07 4.34267572017e-07 1.27811643657e-07 6.09556912624e-07 2.3976293658e-07 3.23538080903e-07 5.01104996292e-07 2.96885223077e-07 2.32750772549e-07 6.25354996493e-07 1.34091105334e-07 4.34428498781e-07 5.711800671e-07 1.65528621523e-07 2.78514689037e-07 9.96868025281e-07 1.36958864264e-07 4.7599899392e-07 2.0218058084e-07 1.2697379883e-06 5.68927829739e-07 4.10740083007e-07 4.71545099423e-07 7.9312180719e-08 2.75376420007e-07 4.84051516536e-07 6.36531133089e-07 5.65697064798e-07 5.8148300438e-07 3.77569388172e-07 6.38401659831e-07 2.86345008436e-06 8.27828922576e-07 4.13530137663e-06 2.39490210042e-07 1.15411232739e-06 1.03005107899e-06 7.2822327726e-07 2.01709629106e-07 8.75868894173e-07 1.1277534601e-06 3.71657691783e-07 6.42871542329e-07 1.04232262569e-06 5.54309014283e-07 9.12331090228e-07 9.0546045411e-07 4.81805678124e-07 1.04493480113e-06 6.04619083935e-07 2.85360764093e-07 1.03116897187e-06 9.12945076377e-07 1.43666097458e-07 6.10139828228e-07 9.7844027318e-07 8.23221092444e-07 9.77904917377e-08 2.84123221111e-06 4.64376635508e-07 2.45637489683e-06 6.98725985408e-07 3.86205757274e-07 7.13271670544e-07 7.18318526949e-07 6.96149772918e-07 4.55466482077e-08 1.24187397508e-07 3.416997836e-08 2.52603507645e-07 1.33983362169e-07 3.28175215601e-07 1.62749637213e-07 3.47169009983e-07 6.10224999174e-07 9.26274311427e-08 7.62773155686e-07 6.8742551137e-08 1.83376582928e-07 3.56684552732e-07 1.89705972809e-07 9.7348098824e-08 1.60346062029e-07 1.36831033577e-07 2.89824556397e-07 7.89857518744e-08 7.9205603265e-08 7.41716310897e-08 2.64605840191e-07 1.3753001711e-07 1.19315869499e-07 9.19865233315e-08 1.74871599607e-07 3.12856472127e-07 1.57498601516e-07 5.31684733614e-08 6.27756995469e-07 5.53035433861e-08 5.15435217454e-07 1.16537530729e-07 2.08273382803e-07 3.27598506201e-07 1.4306238664e-07 3.203502396e-07 3.98940214692e-08 1.4715277787e-07 5.20447828679e-08 2.66516897975e-07 4.0998422691e-08 2.35023557566e-07 2.60038437615e-07 9.1655392041e-07 4.60274175388e-07 3.60178009799e-07 2.89838529425e-07 1.6502126674e-06 6.49958218543e-07 6.53338291385e-07 6.18485941501e-08 9.82137984757e-07 6.77132058231e-07 2.30832299235e-07 6.60738726417e-07 4.75654830175e-07 3.10680922938e-07 7.23485777541e-07 2.95368536106e-07 2.76469203665e-07 7.13066748063e-07 3.11089313974e-07 4.26626730188e-07 6.54807165856e-07 2.18444141281e-07 5.77992688252e-07 7.7614365127e-07 6.32051282512e-08 6.33099989363e-07 3.82552424472e-07 1.23067710962e-06 1.44489498024e-07 2.76049165983e-07 3.89183514892e-07 8.4044706118e-07 2.98956068976e-07 3.28491467119e-07 6.22931781982e-08 3.85726015497e-07 9.51745176273e-07 4.32467006411e-07 5.62184020813e-07 1.27117676163e-06 2.77742990186e-06 9.26976747361e-07 2.86602566751e-06 2.73232131998e-07 1.34773852175e-06 7.06088275748e-06 5.07301785169e-07 6.23902780084e-07 1.58783584051e-06 1.89438844411e-06 8.74001202811e-07 1.0085968676e-06 1.41759463811e-06 9.99040424509e-07 1.13131375304e-06 1.74769656881e-06 6.90738293074e-07 1.80014631247e-06 1.10932872123e-06 8.92626148965e-07 1.33659941596e-06 9.59934402162e-07 8.56079632595e-07 1.60828575896e-06 1.29509456187e-06 5.91301921272e-07 3.19641694288e-07 4.7486096343e-06 8.51377750631e-07 2.75623867937e-07 2.58534090183e-06 7.45669516387e-07 2.73759991402e-06 1.39535971584e-06 6.63081207248e-07 5.44686330329e-07 1.24820647161e-06 3.06430734039e-07 1.53835355366e-07 2.44296036802e-07 2.85878385884e-07 6.41763640359e-07 3.47067157951e-07 4.96196596979e-07 1.91868372934e-07 3.00111340845e-07 1.53237627604e-06 1.53688243097e-06 1.02096637506e-07 1.3969612415e-06 2.39675210938e-07 3.7114177616e-07 4.4804031896e-07 2.70813593092e-07 3.9311664908e-07 2.31887438056e-07 1.30172745259e-07 4.2239947847e-07 4.73588711499e-07 1.42857687213e-07 2.36805021939e-07 3.84959414315e-07 2.59112345237e-07 3.94623750424e-07 3.10659820467e-07 2.19856459753e-07 1.0257106272e-06 5.46415839359e-08 1.19452770635e-06 8.39677761306e-07 3.04870758265e-07 1.25108992205e-07 4.80240807555e-07 3.54925594468e-07 6.48162759e-07 3.13920795296e-07 3.23895633358e-07 2.00384060965e-07 3.95265913683e-07 1.92862799036e-07 9.94593454596e-08 1.3957573224e-07 7.41696759713e-08 4.43474220437e-07 1.89215904776e-07 3.11797464701e-07 1.2414991509e-07 2.59175986848e-07 2.90422534103e-07 3.25388571006e-07 6.55426892357e-07 2.21560356533e-07 5.1771736181e-07 5.37120403392e-08 3.66860275356e-07 2.71627397506e-07 2.09161341249e-07 2.10810318811e-07 7.93086015617e-08 1.30493457862e-07 3.23963112042e-07 9.28999026031e-08 6.72714397194e-08 1.65545756657e-07 1.79483499119e-07 2.54477148694e-07 2.59074620315e-07 5.18300584433e-08 5.33209849601e-07 9.40954511369e-08 5.47897520346e-07 1.4266868463e-07 3.17421417706e-07 2.60350000142e-07 1.03922456207e-07 2.76736085029e-07 1.67244403399e-07 4.69627859091e-07 7.04499620993e-08 1.88505177205e-07 9.64970422952e-08 2.61156802794e-07 8.23911440035e-07 2.53943838607e-07 4.4667009e-07 7.37901541253e-07 1.42267130874e-06 4.99679786677e-07 2.10330745074e-06 4.72905903099e-07 8.04021318336e-07 4.21500217012e-06 5.71665201356e-07 5.37996772789e-07 6.75856802161e-06 1.09052602473e-06 1.62629072448e-06 1.19694637369e-06 1.72541331719e-06 1.63288204302e-06 1.30148025378e-06 1.61337082938e-06 9.40883740785e-07 1.34078712315e-06 1.31412589606e-06 9.1621260235e-07 1.71526651918e-06 1.16746550382e-06 1.35968757611e-06 1.41446672304e-06 1.09059862942e-06 1.15139500112e-06 6.10136247101e-07 4.69724184247e-06 2.81174049732e-07 3.75219776686e-07 3.37608976926e-06 6.24983998825e-07 4.18522004842e-07 1.96295499652e-06 5.22730288992e-07 1.55632081806e-06 9.28841570822e-07 6.35536269008e-07 3.4306036482e-07 1.02345005953e-06 7.10600044868e-07 2.95985357083e-07 3.42961485277e-07 3.49763560003e-07 1.04291355613e-06 5.54291243771e-07 7.08884189101e-07 3.52214038966e-07 9.35567775306e-07 1.45126828753e-06 8.61555060502e-07 2.02317484582e-07 2.49356064811e-06 3.64184604665e-06 3.19488186097e-07 1.78063058359e-06 5.2741760861e-07 1.23625185938e-06 1.28214181499e-06 5.65114490921e-07 7.2754879299e-07 1.16442612296e-06 5.70285555745e-07 1.11155803984e-06 7.29936676884e-07 4.5308328606e-07 1.10903144424e-06 1.16410895318e-06 4.42418645712e-07 1.23546125271e-06 2.26664179562e-07 2.75341037142e-06 1.32566015861e-06 2.43679247209e-07 7.36191095708e-07 1.25170245588e-06 9.13100015095e-07 3.68878250534e-07 6.65879391399e-07 5.44360915605e-07 1.11791085827e-06 4.20429742546e-07 4.48856463115e-07 3.51169522834e-07 8.77340321299e-07 2.34560671059e-07 8.74611952013e-08 1.33813309604e-07 1.82505700624e-07 6.95223505401e-07 2.65210495897e-07 6.09531548212e-07 2.36536881283e-07 2.4725377697e-07 9.82328158303e-07 3.04525614623e-07 1.40603013526e-07 4.74565841396e-07 7.55248260858e-07 1.39133353136e-06 4.51939569327e-07 9.83489102007e-07 2.26973565912e-07 8.9224699005e-07 5.0305169283e-07 3.8859256145e-07 8.81273090049e-07 2.73951824649e-07 2.7021661885e-07 8.43453359644e-07 3.51508503725e-07 5.17282756663e-07 6.8210966416e-07 2.15640082057e-07 8.15688513098e-07 2.31447924988e-07 1.19272264356e-06 5.09523914336e-07 3.92509284457e-07 9.30380314949e-08 2.5194366512e-07 9.01487756101e-07 2.21020735635e-07 2.6356591019e-07 5.94515097046e-07 2.87044319602e-07 7.97996591668e-07 2.42318606974e-07 1.75775814634e-07 9.88431911138e-08 2.8249992276e-07 3.11620779456e-07 2.22961243279e-07 6.0671663008e-07 5.09167397114e-07 1.13735554293e-06 7.37063691822e-07 9.13371236348e-07 4.43599452765e-07 4.41067378412e-07 2.3991497119e-06 5.20463334832e-07 3.15490932757e-07 3.24878961518e-06 6.55551329403e-07 7.1512605465e-07 4.58019566995e-06 6.99580488285e-07 1.90572489632e-06 1.13459154196e-06 1.68912707133e-06 1.41777412257e-06 1.11241734676e-06 9.37440141978e-07 1.00802737066e-06 9.1599440122e-07 1.05174087051e-06 1.30924876705e-06 1.22490138671e-06 1.03858915881e-06 1.34593970582e-06 3.75804238378e-07 3.5328488642e-06 4.58281832129e-07 4.85790216703e-07 2.96061127573e-06 2.11166512967e-07 5.30148530571e-07 2.15038950875e-06 4.05759618584e-07 3.74648494294e-07 8.65207916474e-07 7.23964379969e-07 1.29464466839e-06 6.04924430808e-07 8.01196551123e-07 3.16910890425e-07 3.65637424814e-07 1.70347136494e-07 2.10162757416e-07 3.33329211981e-07 3.93597314417e-07 9.12928802783e-07 3.37786249151e-07 7.47374777623e-07 1.1866467618e-07 3.23943609387e-07 1.19076882303e-06 3.47567404816e-07 2.68107669423e-07 1.41632657003e-06 1.63534146495e-06 3.47641599685e-07 1.80203818433e-06 3.46505359376e-06 6.71560642927e-07 2.14292108986e-06 5.95737041512e-07 8.73484614689e-07 1.68651266282e-06 5.24297292871e-07 1.04111383666e-06 1.11191838414e-06 4.51908530893e-07 1.56574957374e-06 7.48367892584e-07 5.85479645276e-07 1.55463631011e-06 4.56224760791e-07 2.73906990033e-06 8.69412906174e-07 3.25881374474e-07 1.29509945135e-06 1.14625266813e-06 3.04685062866e-07 2.85938424431e-07 1.09690654175e-06 2.80590613348e-07 1.29994582055e-07 7.48985285981e-07 3.24315246062e-07 1.04909280551e-06 4.61067554435e-07 4.36978899828e-07 2.7858116858e-07 1.95687096644e-07 1.71236897956e-07 3.34601169738e-07 3.95636972921e-07 8.34850777866e-07 2.02732511372e-07 1.1616164789e-06 9.2730635703e-08 4.54864114534e-07 1.59173118164e-06 3.97635005713e-07 3.42310984207e-07 1.88091883225e-06 1.00373800568e-06 8.27565100068e-07 5.98975222724e-07 1.53991927328e-06 3.49724112061e-06 8.80229451502e-07 2.02575198247e-06 6.24580542403e-07 2.11219819095e-06 9.94191501462e-07 6.66128783836e-07 1.57553640431e-06 5.72902030188e-07 9.07354619984e-07 1.67041022771e-06 3.97089576026e-07 1.66154951997e-06 5.19180885602e-07 2.80632860855e-06 9.82358189166e-07 4.71972501254e-07 7.46172385426e-07 9.51623574246e-07 1.64373667467e-06 3.85434042861e-07 3.29693762112e-07 1.53740492062e-06 4.16575506748e-07 9.79280054287e-08 1.25809098674e-06 1.92750497316e-07 9.84498464163e-07 4.42716206628e-07 4.1256124907e-07 2.11981541451e-07 2.74422693872e-08 4.66093954956e-07 4.9246111373e-07 5.29436032698e-07 1.03616669364e-06 5.8618364457e-07 7.18360671626e-07 1.21067097954e-07 6.38969225778e-07 1.42043107325e-06 9.13758443846e-07 3.58360272576e-07 2.70675576248e-06 1.32354198646e-06 5.70172283651e-07 2.84659799058e-06 7.833550807e-07 1.62640775269e-06 6.51456393003e-06 1.06114351296e-06 2.07157877306e-06 1.15704871499e-06 1.21758417925e-06 1.97125789144e-06 1.50162207475e-06 1.36036587549e-06 1.82863816793e-06 9.8375522586e-07 1.05659338781e-06 2.06582167689e-06 5.94116482812e-07 4.91901944323e-06 1.09720562001e-06 5.54525089812e-07 2.51342532416e-06 4.02063280045e-07 1.25896769456e-06 2.45678406396e-06 3.36644865638e-07 8.89139958836e-07 1.41998899708e-06 6.24144632263e-07 1.79365693756e-07 6.40658388284e-07 7.20740210907e-07 1.24257318631e-06 5.92324329455e-07 6.20417372026e-07 5.43957911025e-07 2.93379461438e-08 3.04050225054e-07 5.54562224194e-07 4.3410106207e-07 1.1235625723e-06 3.52878061106e-07 7.84941252439e-07 2.41367219762e-07 4.17959742861e-07 1.33595241886e-06 4.46178236472e-07 4.18261221643e-07 1.48200633311e-06 1.40300642908e-06 8.87949438136e-07 1.18287222868e-06 1.72853257588e-06 9.04320314012e-07 3.04752586656e-06 4.51439172999e-06 7.33361616938e-07 3.53517880939e-06 6.76673268202e-07 1.47397655261e-06 2.00928385747e-06 6.93274838097e-07 1.9642471733e-06 1.36282417649e-06 6.29842574424e-07 2.89647728889e-06 4.62640066531e-07 3.674056743e-06 1.66646234551e-06 7.62370455531e-07 1.53392749978e-06 1.10307074482e-06 8.66073367139e-07 1.10985341253e-06 1.43017081886e-06 4.01103976613e-07 3.72912479207e-07 1.28588140429e-06 3.91750654607e-07 2.59736319205e-07 8.87456516817e-07 3.71244799698e-07 1.2511141819e-06 5.41713002792e-07 6.48313132692e-07 3.55830788289e-07 2.284641425e-07 4.0965212208e-07 2.82473370689e-07 7.2643208696e-07 2.50874889853e-07 5.07083907786e-07 9.39451932454e-08 4.50568700078e-07 1.07014270325e-06 4.29756296868e-07 3.99271740225e-08 1.99289882319e-06 4.82553717665e-07 4.96409924313e-07 1.42441198838e-06 8.64218636896e-07 1.30345019597e-06 8.24803824686e-07 1.53771757793e-06 3.22788210414e-06 1.21658999151e-06 1.55277510431e-06 5.08432284318e-07 2.21759977278e-06 8.92552795543e-07 8.11921657828e-07 1.99357777486e-06 5.60886133334e-07 1.21393969175e-06 7.02735816696e-07 2.80007596841e-06 8.85747949501e-07 8.12162675225e-07 1.10054104542e-06 5.82227512254e-07 1.46989784511e-06 4.31454880396e-07 5.21500274711e-07 1.73195688336e-06 4.87960669349e-09 3.97057409992e-07 9.23581631992e-07 5.62329429001e-07 1.26980021546e-07 5.47675118477e-07 3.0893930867e-07 8.39737535754e-07 3.18192036963e-07 4.99761619996e-07 2.4790206317e-07 2.88270421036e-07 6.77779136483e-07 6.28378711411e-07 1.63948446575e-06 7.73781414104e-07 1.1274435583e-06 3.96238343565e-07 7.55753348113e-07 2.33278538622e-06 8.57989274488e-07 4.2864352522e-07 2.13742252935e-06 2.17620220119e-06 5.87746969013e-07 2.86364190924e-06 2.29188573432e-06 2.00624089413e-06 4.05523720107e-06 1.2330982799e-06 2.54949919525e-06 8.82930835514e-06 1.07707549279e-06 3.33844491899e-06 1.9129193598e-06 1.78934119774e-06 3.12885135772e-06 1.84574922822e-06 1.65440226858e-06 2.73367606626e-06 6.71683780789e-07 6.91840374661e-06 1.52444078107e-06 1.12079788603e-06 3.26417285686e-06 1.57336303482e-06 2.24819764818e-06 2.57583969065e-06 5.13769377725e-07 1.89747048442e-06 2.14355545806e-06 3.83724072337e-07 8.28371264594e-07 2.28914183276e-06 8.21585880711e-07 4.15872381516e-07 1.18737523457e-06 8.68188077509e-07 1.84331240269e-06 7.12862115424e-07 7.74161602838e-07 3.15987568631e-07 2.36554120198e-07 3.01949238266e-07 6.30577857832e-07 3.71640283629e-07 6.64443966898e-07 4.50529528857e-08 2.86698212036e-07 1.04803769486e-06 1.62102918335e-07 2.22073505626e-07 8.99826243318e-07 7.18173808336e-07 3.726044518e-07 8.78166387104e-07 1.00663387485e-06 1.27238272611e-06 1.17264779206e-06 1.63039988755e-06 4.88019071255e-07 2.43725247405e-06 3.15788939087e-06 7.95021072297e-07 2.67200277877e-06 4.91667448022e-07 2.0171266034e-06 1.79352493996e-06 4.32200365543e-07 2.27158385984e-06 5.16989275243e-07 2.77979238085e-06 1.4063170153e-06 4.35001834023e-07 1.39585555962e-06 1.05868643967e-06 1.226502775e-06 1.02448546353e-06 9.21968565764e-07 2.6607133484e-07 7.32259407718e-07 9.33885186079e-07 2.3454600746e-07 1.48312532018e-07 1.13584365819e-06 2.75827384297e-07 3.13660431767e-08 6.71060549451e-07 3.75049050907e-07 7.14726641484e-07 3.42442716784e-07 2.78187709837e-07 2.34553975996e-07 3.50440751719e-07 1.19913549683e-06 5.62972168248e-07 7.06734741336e-07 2.2961299901e-07 4.07937976711e-07 1.182566643e-06 5.01863083556e-07 3.06436389643e-07 1.23389092713e-06 1.0952424872e-06 2.12532415662e-07 1.84285871117e-06 8.33522779839e-07 1.43384612887e-06 1.95208889788e-06 9.64923621687e-07 1.74025803641e-06 8.82842615284e-07 1.42985381299e-06 4.5026610105e-06 1.39508302421e-06 1.68817590493e-06 1.12872636338e-06 2.17589385301e-06 1.17186784951e-06 1.40722283594e-06 8.88799945538e-07 3.87685522249e-06 1.04970907142e-06 8.17060757071e-07 1.43042995111e-06 7.06771550137e-07 2.00482160024e-06 1.24874998584e-06 8.31679350398e-07 1.8407616719e-06 2.24245232855e-07 9.5776298696e-07 1.17802246726e-06 2.69486012082e-07 4.90068313677e-07 1.21162878265e-06 3.99207133948e-07 2.9504257949e-07 7.04182356802e-07 6.08286639965e-07 1.32282921876e-06 4.00705072432e-07 2.55260377099e-07 2.93784359106e-07 6.30913270455e-07 1.34165337325e-06 6.8458562538e-07 1.21232080488e-06 3.06840978644e-07 8.26107285641e-07 1.51827616937e-06 4.83736943457e-07 1.23390603476e-07 2.09297524212e-06 1.44034382499e-06 5.98015946288e-07 1.74641231468e-06 2.18349550254e-06 1.49295357493e-06 3.28595470388e-06 2.31079423349e-06 1.38135053691e-06 4.80226168603e-06 1.05446190646e-06 3.35751097402e-06 9.28762507404e-06 1.18631421506e-06 4.945278731e-06 1.88873983992e-06 1.81178775069e-06 4.53263132202e-06 7.55694778385e-07 7.40309668558e-06 2.17584941193e-06 9.24228962905e-07 4.22535342101e-06 1.3470632652e-06 2.30627332248e-06 2.88739135332e-06 1.4538531697e-06 2.01337959952e-06 1.75603416529e-06 5.88934196355e-07 1.36505260539e-06 2.03878637368e-06 1.87066118603e-07 5.10167929413e-07 1.50519047648e-06 8.88663092511e-07 3.57208643561e-07 1.21995448419e-06 7.31199608301e-07 1.52013068423e-06 7.00079690279e-07 3.23488325786e-07 6.05180156024e-08 3.8119949074e-07 6.64856952894e-07 3.32228691741e-07 4.46489111653e-07 1.11885819509e-07 4.20336224498e-07 1.04595033744e-06 1.51626571468e-07 1.32825099137e-07 1.00659697354e-06 6.58143105994e-07 3.66053885089e-07 5.00844994648e-07 7.99020391867e-07 1.03939662947e-06 9.52229576614e-07 9.53979014531e-07 8.89216548433e-07 1.47194774446e-06 1.41537991694e-06 5.98740110176e-07 2.3594796462e-06 3.43333696173e-06 9.83972725759e-07 2.9110805133e-06 4.70047896142e-07 2.84241967212e-06 5.31880523721e-07 3.10198250131e-06 1.60897775953e-06 5.56625776637e-07 1.10389317747e-06 1.3572464374e-06 8.60871584745e-07 7.80027445533e-07 9.31831953274e-07 9.23152889595e-07 7.51432146478e-07 4.61148182588e-07 3.85534681217e-07 7.31470671211e-07 9.85569905532e-07 1.44331287182e-07 1.72344926341e-07 1.06381198337e-06 4.72522202132e-07 1.10094287542e-07 5.15745513615e-07 3.59619399769e-07 7.58994135703e-07 4.29314966637e-07 6.8516797699e-08 1.37924793921e-07 6.6823626734e-07 1.79930675767e-06 5.55079451843e-07 1.2583177009e-06 3.85697449092e-07 7.14915207141e-07 1.51533392957e-06 5.92133213608e-07 8.23298561477e-08 1.76458092258e-06 1.15989533295e-06 6.02275897579e-07 1.97055416218e-06 1.8218084159e-06 9.12196524578e-07 3.60663697876e-06 1.20117156056e-06 1.86228715194e-06 3.61616734097e-06 1.40207330369e-06 3.0746655834e-06 1.48978039424e-06 1.77109490358e-06 8.31885133283e-06 1.76938507905e-06 2.95849517717e-06 2.76397972772e-06 1.25031200021e-06 7.32689764184e-06 1.23623086371e-06 1.50852261016e-06 2.89582485032e-06 1.11444284816e-06 3.56052061705e-06 1.72487279367e-06 1.19110993068e-06 3.46650915019e-06 9.62394468485e-07 1.60219943032e-06 1.88649687352e-06 6.23702005226e-07 1.17051810223e-06 1.63904909213e-06 1.18833916046e-07 4.95310578914e-07 1.70035383391e-06 7.58304817323e-07 3.98781097747e-07 1.2448116173e-06 5.95018646478e-07 1.92072358949e-06 7.34194043037e-07 1.45144519584e-07 4.44096233688e-07 1.87374637817e-06 5.53778815049e-07 1.0376433689e-06 3.97538676951e-07 5.580966259e-07 1.85974007196e-06 7.3274734345e-07 3.22984094154e-07 1.97920428151e-06 1.19860931661e-06 5.90506656683e-07 1.97844580858e-06 1.8678466823e-06 1.43688018077e-06 2.49960639055e-06 2.69839362226e-06 1.50542424971e-06 4.53198718295e-06 2.49360929468e-06 1.933426307e-06 5.2449001449e-06 1.1431603154e-06 5.03062575871e-06 9.68202186769e-06 1.31797012528e-06 7.65050574019e-06 8.6817722843e-07 8.42481860563e-06 3.64047247765e-06 1.22329097844e-06 4.5504577892e-06 1.75117228002e-06 2.47997204728e-06 4.1093285468e-06 1.54815870545e-06 2.47815762896e-06 2.46149614609e-06 1.43536525711e-06 1.83467677641e-06 1.91346913933e-06 5.36087348583e-07 1.29948369356e-06 1.98848550698e-06 3.67862379105e-07 7.92383268696e-07 1.98816324479e-06 5.96707725324e-07 4.11288809092e-07 1.11650125409e-06 6.06171817928e-07 1.98730907451e-06 4.72587416911e-07 8.91645403526e-08 7.61499419573e-07 2.55245623794e-07 5.00922261637e-07 2.65349525306e-07 2.95119320247e-07 6.02191593825e-07 4.72500970837e-07 3.63373676112e-08 1.1639007188e-06 3.62907738121e-07 2.42907996672e-07 1.1247900057e-06 4.96296365815e-07 8.73559538841e-07 9.71271787931e-07 1.05662323709e-06 8.3781343332e-07 1.84768600939e-06 1.10492565888e-06 1.0233923685e-06 1.48233611426e-06 9.5791611485e-07 9.44440612493e-07 2.13572358074e-06 3.03780453921e-06 1.46681653781e-06 1.15544466868e-06 3.1333944007e-06 1.52581233696e-06 9.44765581431e-07 9.65919664424e-07 1.34534824588e-06 9.76860281709e-07 1.06978360178e-06 1.83758657317e-06 8.30789275782e-07 9.10528012458e-07 9.13576256527e-07 8.51073494697e-07 4.14157770807e-07 1.18297977028e-06 1.97790123377e-07 3.19809415096e-07 1.14349044408e-06 1.40535214198e-08 5.36826924589e-07 6.59770321115e-07 3.22103649469e-07 3.0549053099e-07 5.22365150235e-07 2.68558206353e-07 7.83299377979e-07 9.61823909496e-08 2.01485595996e-07 2.36669320826e-06 7.14265461793e-07 2.00134351755e-06 3.07213412493e-07 6.56583736831e-07 2.93892803984e-06 5.67680143594e-07 4.93704536863e-07 2.80218611486e-06 1.87620507143e-06 9.63603566441e-07 2.23774344881e-06 2.04029718725e-06 2.47121834976e-06 3.27270474739e-06 2.69372667798e-06 1.75188611947e-06 6.98952698235e-06 1.62906416942e-06 3.22180710474e-06 5.45472599533e-06 1.68421920715e-06 7.20787157569e-06 2.44041125894e-06 2.89432369915e-06 1.53072955966e-05 8.17666933381e-07 1.40638323986e-05 2.47022831549e-06 2.4976000256e-06 6.99457168059e-06 1.57328562109e-06 5.43224429151e-06 3.41441684175e-06 1.6289022119e-06 6.7391548032e-06 1.75527025894e-06 2.62670433606e-06 3.42989678249e-06 2.41431666456e-06 2.27268420075e-06 2.03942202118e-06 9.86081754261e-07 2.02499811612e-06 2.85498893925e-06 6.4181926189e-07 6.29212138561e-07 2.90314944999e-06 7.71660956164e-07 3.12675654848e-07 2.10641210551e-06 7.08202255468e-07 2.42956180546e-06 2.06918298277e-07 6.97454846327e-07 1.38066456158e-07 7.02776566851e-07 1.26957765334e-07 1.85828896677e-07 7.94374019165e-07 4.48567676912e-07 4.58491398275e-08 9.9596737239e-07 5.36335869559e-07 3.00064793424e-07 8.24072125567e-07 5.08769251676e-07 6.52013701807e-07 9.37301241767e-07 1.17203794266e-06 7.81229995882e-07 1.62057036073e-06 1.10379393632e-06 7.41217368006e-07 1.67310564463e-06 6.31561069107e-07 1.37848178077e-06 2.04774136936e-06 5.62936036492e-07 3.40455459274e-06 2.6553642635e-06 3.19470627471e-06 2.62935346663e-06 5.24792080153e-07 2.11037913131e-06 1.37363451107e-06 6.50324552559e-07 1.48483538792e-06 7.47994478862e-07 1.13144750917e-06 1.66581809471e-06 7.88097866363e-07 1.03089432932e-06 9.80087605301e-07 6.75086952197e-07 4.67141003235e-07 9.12107472083e-07 2.51931452468e-07 5.48649396085e-07 8.76354515744e-07 2.35131147541e-08 4.01090733857e-07 6.84006820668e-07 1.79935710297e-07 1.77272501597e-07 7.47464079724e-07 1.15064974735e-07 6.95497411122e-07 1.28878722708e-06 5.21634684967e-07 1.38614116023e-06 4.40839460434e-07 9.66271672432e-07 2.26834274851e-06 6.90498528111e-07 5.2494254021e-07 2.04595799921e-06 1.60634680211e-06 8.32887214205e-07 2.55846426533e-06 1.07712685413e-06 1.6879409449e-06 2.15591204185e-06 2.80768755586e-06 2.26528599264e-06 4.24515980306e-06 1.86824709412e-06 2.88073676824e-06 3.4397890603e-06 2.29172625828e-06 5.0219585449e-06 3.72765053537e-06 3.30774981552e-06 3.56122431524e-06 2.37402660839e-06 2.02357040343e-05 2.37402660839e-06 3.56122431524e-06 3.30774981552e-06 3.72765053537e-06 5.0219585449e-06 2.29172625828e-06 3.4397890603e-06 2.88073676824e-06 1.86824709412e-06 4.24515980306e-06 2.26528599264e-06 2.80768755586e-06 2.15591204185e-06 1.6879409449e-06 1.07712685413e-06 2.55846426533e-06 8.32887214205e-07 1.60634680211e-06 2.04595799921e-06 5.2494254021e-07 6.90498528111e-07 2.26834274851e-06 9.66271672432e-07 4.40839460434e-07 1.38614116023e-06 5.21634684967e-07 1.28878722708e-06 6.80919431548e-07 6.20146468119e-07 1.6252180756e-06 2.8136521567e-07 7.89074188876e-07 2.16317330941e-06 6.46079238181e-07 4.77093447812e-07 2.45332195569e-06 9.45479393538e-07 7.22061820739e-07 1.62957182268e-06 1.72911806117e-06 1.26525691869e-06 2.14092489294e-06 2.04804557724e-06 1.90654594732e-06 4.21549519124e-06 2.09987289418e-06 1.64601496145e-06 5.44518444817e-06 1.43681436301e-06 4.93681292181e-06 4.41380942797e-06 1.33352545405e-06 8.33344346573e-06 8.6358478741e-07 1.0759519949e-05 9.62260918985e-06 1.18499599811e-06 8.82917203123e-06 1.31938206776e-06 4.56451711154e-06 5.51931769754e-06 1.47477834666e-06 5.12251301946e-06 2.02119357597e-06 1.96705773377e-06 4.38732647546e-06 1.79809038254e-06 1.95403077694e-06 2.07677975669e-06 1.29788060782e-06 1.84864960852e-06 1.52083772531e-06 7.66361706925e-07 8.91433038844e-07 2.24370907847e-06 5.35321006991e-07 6.15656869843e-07 2.11686828831e-06 7.21199271071e-07 2.08173737846e-07 1.62035403634e-06 5.74478789055e-07 6.67758105876e-07 4.08729038092e-07 7.7754889049e-07 6.72106002668e-08 2.4060628589e-07 8.56641403883e-07 2.73892184208e-07 8.55279602376e-08 9.34399190176e-07 5.8927970364e-07 1.55921446081e-07 6.40346618588e-07 3.06060365981e-07 5.16838947472e-07 9.94795387254e-07 7.82907537303e-07 9.35412286214e-07 1.19439081409e-06 8.44752103169e-07 6.82734284676e-07 1.5365708514e-06 8.16766972127e-07 1.44174960206e-06 1.95064599959e-06 1.07539176289e-06 2.03468507063e-06 1.03985089344e-06 3.2794369524e-06 2.22941429387e-06 3.34067310988e-06 1.3574294986e-06 1.94950102605e-06 1.23853398534e-06 2.03979865717e-06 1.40215131122e-06 8.58191563906e-07 1.51318193758e-06 8.31844369663e-07 8.3761238235e-07 1.20971238923e-06 9.99361541088e-07 7.53725414623e-07 1.06084882665e-06 5.24572574651e-07 2.86289499069e-07 6.36583958898e-07 1.68715237032e-07 5.50401938389e-07 9.72527679669e-07 9.79861400508e-08 2.60932934218e-07 8.43137217532e-07 2.10929942328e-07 5.54802871516e-08 7.60115725169e-07 3.99510945713e-07 8.75851894983e-07 2.1861583694e-06 3.23514505274e-07 6.20257865615e-07 2.12813213391e-06 8.7092518971e-07 3.12176781863e-07 2.43760915989e-06 1.51619292252e-06 7.79646808123e-07 1.65446993683e-06 2.01033171741e-06 1.74022984602e-06 2.86382332245e-06 2.82063101954e-06 2.03974902756e-06 4.31276513069e-06 2.62514894768e-06 2.2761244802e-06 5.46837432919e-06 2.00515981037e-06 7.12026494844e-06 3.89475336009e-06 3.03037212673e-06 8.32435693936e-06 1.45305628509e-06 1.41123531142e-05 2.7077145778e-06 3.15963321439e-06 1.53089373536e-05 2.16950645558e-06 9.06494488963e-06 3.21303518584e-06 4.34439147622e-06 7.8872474427e-06 2.2016604489e-06 5.22472320793e-06 2.64383034727e-06 2.52039988421e-06 4.57774094412e-06 1.94700687134e-06 2.7742246587e-06 2.81264334609e-06 1.96787158222e-06 2.02316175836e-06 1.62665725677e-06 7.14543510183e-07 1.60355432589e-06 2.23049101538e-06 3.01189596439e-07 8.7292478662e-07 1.99994934703e-06 5.39923499951e-07 2.93192928569e-07 2.03812767819e-06 8.48374683535e-07 8.77515431263e-08 7.11407771695e-07 2.9887372065e-07 4.36715421614e-07 1.43695619997e-06 4.33268702753e-07 3.33312039522e-07 1.48257053521e-06 9.84643300303e-07 5.85559132751e-07 1.29855695125e-06 9.85405770522e-07 1.27038514624e-06 1.80962731864e-06 1.76564870428e-06 1.34551003831e-06 2.19177017197e-06 1.37069456716e-06 1.51700885464e-06 4.02634952581e-06 1.45088635397e-06 3.21933211077e-06 4.44381360697e-06 1.73445804279e-06 4.77446188636e-06 1.74296843211e-06 6.96021527455e-06 4.03421718825e-06 9.73573978866e-07 5.30814147562e-06 6.96504437897e-06 2.36274912581e-06 5.6125374333e-06 1.96703243891e-06 4.68899657549e-06 3.48235807172e-06 1.4217017326e-06 3.9272872729e-06 1.76225612821e-06 1.25897111989e-06 2.24053252676e-06 1.55865646092e-06 1.62312635609e-06 1.95388788353e-06 1.28704658252e-06 1.08603883618e-06 1.11699043662e-06 7.01801923133e-07 1.01428924287e-06 1.38253141691e-06 3.6845187709e-07 3.55948506537e-07 1.41184296446e-06 3.6664779295e-07 2.59501190409e-07 6.07866510089e-07 8.70165260275e-08 5.58499783466e-07 4.73758848085e-07 6.62879485674e-07 2.30880177171e-06 7.2060398307e-07 3.43945681077e-07 2.0299220519e-06 1.22043076393e-06 6.3844292766e-07 1.61633698622e-06 1.85958481312e-06 7.40841412423e-07 2.15357805909e-06 2.17032497238e-06 1.81585299914e-06 2.5222925368e-06 1.80928485076e-06 1.82504712993e-06 4.76223349219e-06 1.98167535862e-06 3.39552892923e-06 4.02821073727e-06 2.96969683564e-06 4.52870969223e-06 2.12681956789e-06 1.07811528353e-05 2.97346619261e-06 3.11655226404e-06 2.88300737747e-06 3.80086585646e-06 1.2086497371e-05 2.87467273877e-06 4.92884094556e-06 3.34941897346e-06 4.32411575178e-06 3.75206172717e-06 2.18890741253e-06 4.69387489649e-06 2.0797574752e-06 1.82625904601e-06 2.48166443155e-06 1.84666370092e-06 2.08894134688e-06 2.20606862351e-06 7.46872252265e-07 1.86487171262e-06 1.63436067768e-06 6.14294974646e-07 1.21945157315e-06 1.93065608862e-06 2.8759931298e-07 6.82053104635e-07 2.08891968237e-06 6.02030762343e-07 4.21607361988e-07 4.85333451332e-07 4.62135677434e-07 1.32596252436e-06 3.55016273407e-06 7.89358822871e-07 2.86363449923e-07 2.34904328819e-06 1.86327112868e-06 1.06717606379e-06 2.11080020721e-06 2.02218739425e-06 2.14593007824e-06 2.36497947819e-06 2.67229467413e-06 1.83597490387e-06 4.4310958833e-06 1.64512530152e-06 2.31117289593e-06 5.41494184476e-06 2.486524349e-06 5.75245640094e-06 5.70915843048e-06 2.08371389974e-06 1.04591818811e-05 1.45118285081e-06 1.31083735179e-05 6.02712196062e-06 1.58325152934e-06 9.77787620133e-06 1.62948785363e-06 7.73727035587e-06 1.47997127353e-05 2.49227060326e-06 1.18328904208e-05 2.3487791005e-06 5.82074981894e-06 6.81991878903e-06 2.58166151058e-06 5.60610994781e-06 2.39181785181e-06 1.70322078009e-06 4.75781639482e-06 1.89868580842e-06 2.83400025189e-06 2.33673518472e-06 2.3548191444e-06 1.97949624703e-06 2.05431764624e-06 9.83822874508e-07 1.80087311574e-06 2.28099829598e-06 2.30893510137e-07 6.60328062298e-07 3.09042559949e-06 1.12486489804e-06 4.13560695609e-07 5.66205787302e-07 1.86548242094e-06 4.66223032374e-07 1.47099584504e-07 1.71991361715e-06 1.04915775464e-06 6.27934000088e-07 1.2238324581e-06 1.38506484349e-06 9.44811258953e-07 2.10588915152e-06 1.15680697162e-06 1.3892561593e-06 2.25025463015e-06 1.14453625988e-06 1.49734348403e-06 2.7821641787e-06 1.56284533088e-06 2.52911921125e-06 4.86956257941e-06 1.58740986913e-06 4.66234550046e-06 1.94963466808e-06 7.13344363855e-06 3.57420138397e-06 1.93199688953e-06 3.63717698515e-06 3.50993695338e-06 2.03985520437e-06 4.86440066067e-06 7.53388470629e-06 2.71108786283e-06 4.89108742614e-06 1.91038319982e-06 4.82356175936e-06 2.99460041922e-06 1.61892615508e-06 2.90699106396e-06 1.75805723281e-06 1.07625937415e-06 2.45357170384e-06 1.40976114884e-06 1.23412860937e-06 1.94722869245e-06 1.11921504695e-06 1.32721756013e-06 9.85217104138e-07 6.61285549057e-07 1.10662783264e-06 1.60240212717e-06 1.41302072351e-07 3.9579084265e-07 1.48168377517e-06 5.06515265871e-07 5.71340353764e-06 1.17197207561e-06 4.49218122078e-07 3.49040903823e-06 1.85318721523e-06 7.41359439881e-07 2.92575800104e-06 2.40831839258e-06 2.17463117962e-06 3.51361373284e-06 3.00400218089e-06 1.53111116867e-06 4.74467048955e-06 2.55336398636e-06 3.09094567213e-06 4.96181552244e-06 2.51741057717e-06 5.31115737721e-06 7.71502038875e-06 3.16116902045e-06 9.39207477793e-06 2.31806506559e-06 1.70674669144e-05 4.39132679816e-06 3.99939741791e-06 8.98954243943e-06 2.96888589494e-06 9.41189180382e-06 4.2255947461e-06 6.18089623053e-06 1.94145167553e-05 3.47279934024e-06 1.05588914297e-05 3.88990373347e-06 8.02478705129e-06 6.4698447309e-06 2.80231963741e-06 5.25493492892e-06 3.31732659693e-06 2.89767757796e-06 5.06308981505e-06 1.63371386831e-06 3.0255125637e-06 3.1869728312e-06 2.3606595151e-06 2.24042944157e-06 2.62928550945e-06 8.20609450448e-07 1.60417584731e-06 3.04667228322e-06 2.90778034295e-07 8.84605232342e-07 4.07032229729e-06 1.60709300585e-06 3.96743302096e-07 2.80506295545e-06 1.543644838e-06 5.43471009327e-07 1.80066243135e-06 1.51581389879e-06 1.40378502177e-06 2.42158610434e-06 1.98390721989e-06 1.63817694137e-06 2.87670603589e-06 1.68874413107e-06 2.3379406557e-06 4.43913601621e-06 1.46462847738e-06 3.22809245904e-06 5.75091575557e-06 2.0472171018e-06 8.97492424671e-06 1.51728228113e-06 1.05682757695e-05 5.48484714353e-06 1.81102396698e-06 6.3781151274e-06 3.78327923739e-06 3.54980565825e-06 7.11892951585e-06 1.55315849234e-06 7.66278883629e-06 1.11056336504e-05 2.27999067903e-06 9.83122421021e-06 2.44037113045e-06 5.78381350432e-06 3.70794465902e-06 1.72335170969e-06 4.39465077029e-06 2.62471162735e-06 1.75203960528e-06 3.17024284947e-06 1.79719399469e-06 2.30450013555e-06 2.26759310969e-06 1.26164147094e-06 1.51629077655e-06 1.75901102363e-06 4.20894567763e-07 1.32672433838e-06 2.49982568615e-06 3.17562524932e-07 1.18262121511e-06 1.49904038779e-06 3.64003301591e-06 1.72380526704e-06 9.34038914976e-07 1.58852852562e-06 1.1439106304e-06 1.96912300825e-06 2.25663120288e-06 1.53778252093e-06 1.21203917107e-06 3.98989332703e-06 1.55347321896e-06 2.61072710783e-06 3.6118969474e-06 2.23760063226e-06 2.78335130605e-06 6.20879100515e-06 1.66116013523e-06 8.22685884005e-06 2.20454376115e-06 1.10997909018e-05 3.89790746369e-06 3.39601287047e-06 4.44454404461e-06 4.44515156381e-06 4.80118246e-06 4.65683214528e-06 4.93723266794e-06 3.55904660092e-06 5.59545851011e-06 1.16202929957e-05 3.21662740299e-06 9.43292827475e-06 2.09929860728e-06 6.19244655286e-06 3.60081812113e-06 2.50775674085e-06 4.16808900187e-06 2.67555474918e-06 1.79226432536e-06 4.16090588474e-06 1.54595175095e-06 1.75429414326e-06 1.89677887112e-06 2.15954659242e-06 1.25810244438e-06 1.41767362918e-06 1.02479095817e-06 1.33024568963e-06 3.12342746878e-06 9.41052983293e-07 1.41329725712e-05 2.17560256171e-06 1.30522019721e-06 2.95314441639e-06 1.96187410772e-06 2.03246594308e-06 3.21849085298e-06 2.49684338385e-06 1.83352893303e-06 4.50035052608e-06 2.84773312318e-06 2.72387788307e-06 5.5609968901e-06 2.09842898055e-06 5.87056711719e-06 6.68936132658e-06 3.04005051471e-06 1.08732478253e-05 2.86651192055e-06 1.83419185196e-05 5.22122687793e-06 3.44960553296e-06 9.80214552675e-06 3.80371807521e-06 7.16912106318e-06 7.95312875354e-06 3.60902074999e-06 1.10418944014e-05 3.23649752545e-06 8.00471883525e-06 2.1165174581e-05 3.83498786572e-06 1.19452309539e-05 3.60982699899e-06 7.07614065843e-06 6.95339977506e-06 2.35735856135e-06 6.08694312258e-06 2.93568154612e-06 2.79011432982e-06 4.66092993752e-06 1.82332536982e-06 2.61040906066e-06 3.12951256428e-06 1.91114725139e-06 1.69830757145e-06 2.52783898634e-06 1.06273974207e-06 1.49964639773e-06 8.07141445355e-06 1.24270221532e-05 1.12494885215e-06 3.65500220821e-06 2.45685545483e-06 2.3201040072e-06 2.77264464764e-06 2.50566394318e-06 2.46417689161e-06 4.29073821195e-06 2.21812872704e-06 3.51968355209e-06 3.89252453372e-06 2.70747359071e-06 4.43932710157e-06 8.01470259374e-06 2.59797122219e-06 1.03860262505e-05 2.40567854542e-06 1.54820497016e-05 7.70860937716e-06 2.82573083872e-06 7.05992038544e-06 5.98758008465e-06 3.22879642727e-06 8.64864701405e-06 3.54571540894e-06 6.24212118283e-06 8.14375389926e-06 3.03572268095e-06 1.04212834543e-05 1.65153438185e-05 3.3581384658e-06 1.19494013709e-05 3.36875883049e-06 8.43291512261e-06 5.09955014217e-06 3.03107352576e-06 4.44250002376e-06 3.74214440363e-06 2.35391060214e-06 4.42453103096e-06 2.60676896138e-06 2.56885614723e-06 2.68440517154e-06 2.27306659856e-06 2.27463979459e-06 2.90254013586e-06 7.29767039117e-07 6.3826508311e-06 7.1376354993e-06 4.91873431378e-06 2.78353167723e-06 2.62749436338e-06 3.41881710174e-06 2.42120187503e-06 2.32971723977e-06 5.04048354568e-06 2.20900501998e-06 2.89127044497e-06 5.64133410983e-06 1.66266295525e-06 5.41725704856e-06 7.21680193812e-06 3.37286435095e-06 1.02216114343e-05 3.04616222756e-06 1.72909173999e-05 6.79264566311e-06 4.23709629475e-06 5.42400358107e-06 5.26792998664e-06 6.35216634347e-06 5.53131187728e-06 5.05106282043e-06 7.2535083558e-06 5.15894625454e-06 6.38675988596e-06 4.24851241715e-06 9.7631939415e-06 1.89464559521e-05 4.14078381929e-06 1.12943437686e-05 3.92203990653e-06 7.5095362115e-06 6.41848518858e-06 1.964391316e-06 6.34046152664e-06 2.84953487234e-06 2.40948972904e-06 5.02207272127e-06 2.13635315071e-06 2.10332560722e-06 3.06224726339e-06 2.50013601285e-06 2.36633202911e-06 3.84119487793e-06 3.51531284656e-06 2.21325733991e-05 4.36443154561e-06 2.7195595159e-06 3.69342649977e-06 3.30735686007e-06 2.77279552317e-06 5.28041535313e-06 2.37922691559e-06 3.56512670279e-06 4.5056146506e-06 3.64028926498e-06 4.24431145082e-06 8.65732831347e-06 2.61842061658e-06 1.22067777451e-05 2.9002464184e-06 1.60841151675e-05 7.23705927873e-06 3.67451159455e-06 9.50168925879e-06 4.51469521092e-06 4.55915494533e-06 9.53593053806e-06 2.1271199278e-06 9.36648269824e-06 5.09397975064e-06 4.61732075408e-06 1.12231843507e-05 3.95914742334e-06 9.82546336901e-06 1.70597022124e-05 4.14181212642e-06 1.43266645586e-05 3.42099870931e-06 8.98482663756e-06 5.14348389244e-06 4.08604931095e-06 5.36437144459e-06 3.61957179504e-06 2.68512123174e-06 5.1745878497e-06 2.69488010997e-06 3.05400967127e-06 3.1066950025e-06 2.33660116481e-06 2.83120667096e-06 1.12013192165e-05 1.63249843791e-05 4.02857908791e-06 6.33189955477e-06 3.27824814296e-06 2.46990543581e-06 3.90640287548e-06 2.12143673146e-06 3.71631603621e-06 4.46708046369e-06 2.49995870464e-06 5.69839061556e-06 5.8084704442e-06 2.69471928071e-06 1.06991731823e-05 3.36855863485e-06 1.65853507794e-05 5.89859286917e-06 3.85988654101e-06 7.10218116804e-06 6.2223274933e-06 2.99432299792e-06 7.07021239027e-06 4.2315589817e-06 4.65897375973e-06 6.65983318444e-06 3.80529503687e-06 6.32397759082e-06 8.29642859381e-06 3.71029941844e-06 8.85577505384e-06 1.79008828815e-05 4.43008548116e-06 1.17213024184e-05 3.17955238305e-06 6.14982737851e-06 6.34603099976e-06 2.62989991831e-06 5.09138470183e-06 3.36066649158e-06 2.19994919493e-06 3.86685976912e-06 2.39352120015e-06 2.75581367544e-06 4.46280407732e-06 2.43813248215e-06 7.07833279222e-06 2.61488788265e-05 1.1543750081e-05 7.47696438014e-06 4.12823934311e-06 6.63459887751e-06 3.53445146901e-06 5.40987814914e-06 6.06240421817e-06 4.08684325226e-06 7.04180726148e-06 1.11355866868e-05 2.81622533142e-06 1.42906621474e-05 4.27469138559e-06 2.23375031224e-05 8.57616110625e-06 4.16618245306e-06 1.10730770643e-05 6.67917104644e-06 6.98334573933e-06 7.54388020228e-06 3.80556547527e-06 1.168717069e-05 3.99403988049e-06 7.25334641222e-06 8.17899401904e-06 7.03925306618e-06 1.2946980303e-05 4.75093251411e-06 1.13209513216e-05 2.35408428386e-05 5.75446929966e-06 1.69476151299e-05 3.58525266319e-06 1.2101319201e-05 7.86605307185e-06 4.08026376425e-06 7.27563958169e-06 4.59951602934e-06 3.3039990925e-06 6.4910590925e-06 3.63890059142e-06 5.2320663464e-06 7.02373121872e-06 9.79761660425e-06 3.52646266929e-05 9.16782696857e-06 5.74992667536e-06 9.11290854984e-06 3.81095740262e-06 4.80773936547e-06 5.96805522946e-06 4.26993292219e-06 6.52391449657e-06 7.92489883976e-06 4.07989062748e-06 1.24412000186e-05 4.24032387003e-06 2.2933413562e-05 9.97877494885e-06 3.88285140917e-06 7.5545048127e-06 7.18657609995e-06 4.6054807532e-06 9.56123988102e-06 2.76381510663e-06 7.65243304032e-06 7.22891263832e-06 3.08604518848e-06 9.12284577629e-06 5.79479685681e-06 7.21728119832e-06 9.03571668995e-06 3.85445134558e-06 1.3522228306e-05 2.41949330965e-05 5.33637231906e-06 1.35047468371e-05 4.7448814932e-06 8.68250564929e-06 7.03379869975e-06 3.99763238474e-06 6.67344013946e-06 4.20436597493e-06 3.35614739259e-06 7.07575354398e-06 4.02337511877e-06 5.39287224991e-06 1.56066662968e-05 3.83686501144e-05 1.03944653112e-05 1.70741868495e-05 6.03444714312e-06 5.47759245102e-06 8.33748750974e-06 6.13454686801e-06 9.52252244468e-06 1.04547810922e-05 4.14094024278e-06 1.94952950332e-05 4.1231867323e-06 2.44442526286e-05 1.12561649584e-05 4.66137906535e-06 9.43990368885e-06 6.66358863551e-06 6.50747030408e-06 9.60603044694e-06 4.95583763246e-06 8.62699992477e-06 5.06538707883e-06 8.43042567843e-06 5.02144523802e-06 9.36987110554e-06 7.56222838055e-06 7.13797586021e-06 1.07936840582e-05 5.18074672707e-06 1.45815229551e-05 2.5790260552e-05 5.58587929324e-06 2.24760279748e-05 5.00504150674e-06 1.14854492213e-05 1.00719298809e-05 5.47190723887e-06 8.19319038857e-06 4.61008514733e-06 4.52836799658e-06 1.07655532796e-05 5.61206505679e-06 1.47905285214e-05 2.64587085538e-05 1.74431898841e-05 6.65993658368e-06 5.58542982548e-06 8.95412421743e-06 4.46588420823e-06 8.67354774147e-06 1.02754890434e-05 3.65189315144e-06 1.42294620075e-05 5.28631007832e-06 2.26661951363e-05 9.97910913989e-06 4.16697969779e-06 8.92905973327e-06 5.42313475621e-06 4.18162771895e-06 8.68970498702e-06 3.28002560508e-06 8.44753741752e-06 3.63696896785e-06 4.07229928351e-06 8.17711480519e-06 3.53192655532e-06 8.22697464607e-06 5.31585130651e-06 5.3884999815e-06 1.06694403175e-05 4.15672039265e-06 1.32907195471e-05 2.29286019487e-05 6.43084101196e-06 1.52855743876e-05 3.92142979638e-06 1.0372878163e-05 8.63804975767e-06 3.7373228715e-06 7.67987420102e-06 4.14935321016e-06 4.71641467059e-06 9.52267350486e-06 1.04124021846e-05 8.24207730509e-05 1.43749878031e-05 1.35318369629e-05 1.70656216593e-05 7.66198813586e-06 1.28822488615e-05 1.83526410888e-05 8.22818971864e-06 2.29007635204e-05 7.83134297147e-06 3.61241481663e-05 1.47509457505e-05 6.63405155238e-06 1.47805337295e-05 9.68648210483e-06 7.04746914495e-06 1.33069060837e-05 6.17760960957e-06 1.37988641e-05 8.0726712399e-06 8.7769844302e-06 8.05565300445e-06 1.40431557431e-05 6.29124127214e-06 1.33442233172e-05 7.58368172013e-06 1.02338488868e-05 1.57641991763e-05 7.21739428835e-06 1.74390489598e-05 3.72711852886e-05 8.88689088374e-06 2.48842430277e-05 8.51062674038e-06 1.72540455225e-05 1.2021167702e-05 6.37813628664e-06 1.3104305194e-05 9.14535326765e-06 7.91511417425e-06 3.06676286364e-05 4.03012688731e-05 1.64996830836e-05 2.28621566142e-05 8.62425219922e-06 1.35918874028e-05 1.48563486304e-05 6.98252321224e-06 2.31797641805e-05 7.83261505317e-06 3.26886946751e-05 1.77984650762e-05 4.28383267169e-06 1.40280286234e-05 7.22420342487e-06 8.50243912669e-06 8.38147298227e-06 6.00212806447e-06 1.02554933275e-05 7.15645977072e-06 8.01782636662e-06 7.56563465628e-06 7.42145618675e-06 1.0014478576e-05 6.23804887492e-06 8.01310370299e-06 9.28925864916e-06 7.06983308144e-06 1.5028293134e-05 4.5939796327e-06 2.03667723451e-05 3.13420703228e-05 8.59421426646e-06 2.40532782112e-05 6.57221365202e-06 1.2761301179e-05 1.16702106794e-05 6.23738603636e-06 1.40512879605e-05 8.81382922373e-06 1.35332486857e-05 5.5241465832e-05 2.9722794537e-05 1.22790364208e-05 1.98684317049e-05 2.02651510581e-05 8.05503568293e-06 2.75129691427e-05 9.78523725925e-06 3.80527438016e-05 1.8353053756e-05 7.27517946419e-06 1.37820501736e-05 9.91438256411e-06 8.35485872122e-06 1.33002937349e-05 5.6952590372e-06 1.30213689852e-05 8.07942384263e-06 9.39141957708e-06 1.06184290293e-05 9.49647728159e-06 7.88143422979e-06 1.36093002151e-05 5.11908475657e-06 1.30336685828e-05 8.62580467573e-06 1.02810309864e-05 1.32142308784e-05 7.92893536573e-06 2.01403785636e-05 3.6701939367e-05 1.00342031227e-05 2.70999501289e-05 7.52433761654e-06 1.62143933661e-05 1.52645874211e-05 8.75891421987e-06 1.61295945109e-05 1.93874190445e-05 0.000104593278136 1.92364413002e-05 3.0027056582e-05 3.00349579799e-05 1.10739354225e-05 3.08714282245e-05 1.32212324596e-05 4.83071385207e-05 2.55476154485e-05 7.2651611185e-06 2.57151145972e-05 8.74113926158e-06 1.26244290056e-05 1.31556936511e-05 9.20063918632e-06 1.20330786154e-05 9.62145547649e-06 1.0855438319e-05 1.2056576445e-05 1.25389512776e-05 1.00783403318e-05 9.49381028311e-06 1.16215072737e-05 8.83627080968e-06 1.27259401727e-05 1.33914987429e-05 8.17696348897e-06 2.54255861179e-05 7.64379572692e-06 2.65557448421e-05 4.56877241459e-05 1.33550032216e-05 2.88212214304e-05 9.70608604793e-06 2.321042263e-05 2.02238100951e-05 1.12996746491e-05 3.67957579821e-05 5.91970432048e-05 4.31377480283e-05 4.46604747192e-05 1.67756350302e-05 3.93710769203e-05 1.44748711295e-05 5.91909321733e-05 3.15836945485e-05 8.20493222716e-06 2.33692091101e-05 1.43296586029e-05 1.02631988107e-05 1.71259472989e-05 8.63608293512e-06 1.80851310853e-05 8.17378354458e-06 1.17647354871e-05 1.22922569631e-05 1.23863476618e-05 1.20141949534e-05 1.12752798091e-05 7.79952302147e-06 1.80303697215e-05 8.11916341322e-06 1.65655458955e-05 1.01183971162e-05 1.37962689741e-05 2.16343960309e-05 8.79508634425e-06 3.19314958266e-05 5.40036495607e-05 1.35746695366e-05 3.49470633497e-05 1.38210419873e-05 3.03565159438e-05 2.36933898118e-05 1.996919172e-05 0.000130038776042 5.103997097e-05 2.00045218334e-05 4.94132607598e-05 1.64298120505e-05 5.87479063315e-05 3.33089033976e-05 9.29262085485e-06 2.40362605682e-05 1.25355195709e-05 1.61269317506e-05 1.27742838529e-05 9.45889051956e-06 1.57729070864e-05 1.06263359101e-05 9.46109896703e-06 1.17961063511e-05 1.13955632903e-05 1.03835721315e-05 1.22498734739e-05 8.42732076745e-06 1.04152328986e-05 1.41590321404e-05 8.55022441269e-06 1.14125518525e-05 1.61860993799e-05 1.0841027975e-05 2.12342418046e-05 9.26294602665e-06 3.15366526712e-05 5.02154512103e-05 1.46011287585e-05 3.97968178053e-05 1.38345615223e-05 2.91159427199e-05 4.34126919747e-05 0.000169057394327 2.88414429179e-05 7.09248066923e-05 2.55505762253e-05 7.74077314354e-05 3.82382446803e-05 1.17693045993e-05 3.43646293501e-05 1.57898231345e-05 1.71886144492e-05 2.14597730942e-05 9.786322817e-06 1.98596951848e-05 1.13620247614e-05 1.3053471384e-05 1.26690621689e-05 1.1937068032e-05 1.30445300597e-05 1.17515840915e-05 1.2534566511e-05 1.11826487661e-05 1.05398015773e-05 1.79581413532e-05 8.36584596427e-06 2.00821161314e-05 1.49641119082e-05 1.31887223334e-05 3.00672001305e-05 1.09862994986e-05 3.37716857372e-05 6.33536842437e-05 2.0430729555e-05 5.26905314404e-05 1.62386130118e-05 5.94283559085e-05 0.000101448156505 0.000122372876481 3.97915644076e-05 0.000116210270926 5.80128932948e-05 1.50745523436e-05 4.91517600417e-05 2.41520386144e-05 2.41882661728e-05 2.50851942607e-05 1.72427883734e-05 2.24484788648e-05 1.62521381273e-05 1.58572611159e-05 2.00539066554e-05 1.45751683055e-05 1.58981655697e-05 1.5909598689e-05 1.39055252961e-05 1.92837664654e-05 1.31275547693e-05 1.5219439839e-05 1.85306779187e-05 1.48521040599e-05 2.0935633396e-05 1.98459997305e-05 1.89515591396e-05 4.04514904312e-05 1.28093106181e-05 4.72214295366e-05 9.16626498587e-05 3.03626575915e-05 7.3942171931e-05 3.98265539911e-05 0.000453290450218 6.51723354156e-05 0.000188092469613 9.6724632522e-05 2.23408454999e-05 5.58413243867e-05 3.52163657586e-05 3.52760450131e-05 3.47988959693e-05 1.85503220325e-05 4.05443318341e-05 1.66739353302e-05 2.22286957063e-05 2.34156983069e-05 2.35736145124e-05 1.78363981573e-05 1.87189404026e-05 1.70096947622e-05 2.21491896167e-05 2.0154110149e-05 1.92868352758e-05 1.41757359546e-05 3.2699205551e-05 1.52279154116e-05 2.78312527306e-05 2.70033678794e-05 2.54689923445e-05 4.25426616685e-05 1.7239319596e-05 7.12087578059e-05 0.00014292245011 4.39583756771e-05 0.000184996281344 0.000242248478189 0.000306893803791 0.000154729770191 3.8687759455e-05 8.20265279241e-05 4.03143488008e-05 4.60132404654e-05 5.02440713433e-05 2.4231963776e-05 4.1978294863e-05 2.89440984704e-05 2.15292389939e-05 2.99558415042e-05 2.51978268554e-05 2.57099482027e-05 1.97711406982e-05 1.78715608611e-05 2.47700086292e-05 2.06353626551e-05 2.71025815567e-05 1.53122791499e-05 2.47101147947e-05 2.88350066217e-05 1.80384327058e-05 3.44322774674e-05 3.14467289123e-05 2.50444952413e-05 5.06708627723e-05 2.45292730997e-05 0.00010026150685 0.000195992914339 9.99096538815e-05 0.00307644830697 0.000585915764897 0.00013149955193 0.000305639258329 0.000121766549308 0.000113956198404 0.000146039869912 7.02851489295e-05 0.000118618691496 6.61196420273e-05 7.75067777037e-05 6.70428565739e-05 6.53355637563e-05 6.00560813097e-05 5.92557039658e-05 3.97694071687e-05 5.41733326754e-05 4.96005784466e-05 5.28033861333e-05 4.66365407825e-05 5.28449482189e-05 3.98409519975e-05 6.80450244993e-05 3.99999873392e-05 7.28836340577e-05 5.42380643762e-05 5.73720492476e-05 0.000126768489416 6.3549969987e-05 0.000238802282984 0.00112940399863 






























