








































1.421301057e-06 1.06938821249e-06 2.45622575789e-07 2.24354684446e-07 6.45968758574e-08 6.41427186448e-08 7.38482976863e-08 8.88962029935e-08 3.41650996642e-07 4.57694103887e-07 1.27655401641e-06 9.99938506926e-07 1.16273223173e-06 3.22867215484e-06 4.50605028254e-07 4.39016834341e-07 1.63393295145e-07 4.00504694577e-07 1.13051237601e-07 5.73908549366e-07 4.15082502238e-07 7.9588278013e-07 1.47970504071e-07 1.04832372846e-07 3.28864443777e-07 3.09852889628e-07 2.50143149714e-07 3.3502949896e-07 7.24057289256e-08 5.82239421965e-07 3.84367013247e-07 3.84835552194e-07 6.10663194827e-07 7.70907920914e-08 3.65079245415e-07 2.86580913639e-07 3.69552141496e-07 4.00984123771e-07 1.4345809093e-07 2.02696535757e-07 1.03284409611e-06 6.1585972486e-07 7.53463626921e-07 1.88092698871e-07 6.84020830281e-07 2.99294733957e-07 5.47706595937e-07 5.81912516042e-07 2.18691874759e-06 1.43570806914e-06 9.5517682017e-08 4.72730987236e-07 1.16096302526e-06 5.37998094359e-07 1.7085605916e-07 2.8298153472e-07 5.56562982694e-08 1.82529952091e-07 1.54063168592e-07 2.34165463992e-07 1.55572939159e-08 8.37015794288e-08 1.14479061025e-07 1.60495546771e-07 3.82534907438e-08 1.2546169893e-07 4.22308063389e-08 1.07492256501e-07 1.11782202501e-07 1.1320435251e-07 1.32061998798e-07 1.10376157762e-07 1.15447763312e-07 4.30893267579e-08 1.62605716573e-07 4.44605453516e-08 2.25023883151e-07 1.62703532316e-07 1.2873201139e-07 2.74998758656e-08 3.70083485043e-07 2.30244480746e-07 2.95931417452e-07 1.01992865993e-07 4.27543753593e-07 1.57196033393e-07 3.65655774888e-07 8.43332498163e-07 6.42672863649e-07 1.78436850319e-07 4.15727984135e-07 6.61923366461e-07 4.55663363256e-07 3.07038450041e-06 8.08249319841e-07 8.89046525924e-07 3.1869050784e-07 3.29473985462e-07 4.41851975702e-07 6.26599894058e-07 1.21885038766e-07 3.54377937158e-08 6.94876029389e-07 1.84793472727e-07 2.07775849507e-07 2.91116782985e-07 1.7642639062e-07 5.86184836239e-07 2.53643224786e-07 1.32457874449e-07 7.39616933029e-07 1.24683001987e-07 2.7303592989e-07 6.28525897867e-07 2.02502873182e-07 3.90528532372e-07 2.72121422024e-07 2.51969639424e-07 8.74217709773e-07 3.94761336195e-08 1.48013440295e-07 8.1206865157e-07 6.39360959029e-07 3.92360914816e-07 5.41195722343e-07 1.12022865545e-06 7.47351255075e-07 2.09604832744e-06 2.98363217234e-07 9.6746205739e-07 4.86015115207e-07 3.06686746992e-07 2.19372330202e-07 1.00210625166e-06 2.82592188347e-06 2.52132711848e-06 4.64859725437e-07 6.83131120227e-07 5.07619137379e-07 1.04547860641e-06 1.62839359833e-07 7.90951794941e-08 7.17755749217e-07 1.41570377532e-07 2.03843552991e-07 4.9190485374e-07 1.08843349627e-07 3.51665698679e-07 2.35562253162e-07 4.31444800585e-07 1.71333468127e-07 2.86635972636e-07 1.8089478112e-07 4.60040880784e-07 2.48460309446e-07 3.92690515097e-07 1.20637204861e-07 5.96168436956e-07 2.34552687203e-07 1.64568511092e-07 9.0078806696e-07 6.94788128505e-08 2.20070814955e-07 1.26176430071e-06 5.28603079049e-07 8.28011041187e-07 4.69207607639e-07 2.29028317228e-06 2.02169569419e-06 8.98727995083e-07 2.89365233925e-07 9.21519489348e-07 3.12728196316e-07 1.46573378229e-07 6.43223191518e-07 3.19500707738e-06 1.16314597588e-05 2.05416169918e-06 2.19212886763e-06 1.68510764706e-06 2.30521884236e-06 3.83427729389e-07 3.80920975561e-07 7.01536171423e-07 8.39150238429e-07 4.28853323757e-07 8.7755792765e-07 3.61675179946e-07 9.95800851184e-07 1.22692315676e-06 5.60546607341e-07 7.86624787356e-07 7.48724616675e-07 2.52942221637e-07 7.76543306808e-07 7.41788010912e-07 5.81069130143e-07 1.35989157527e-06 1.07062615108e-06 4.0590696037e-07 9.48965802787e-07 5.09935802843e-07 1.01129846185e-06 7.9563384095e-07 4.64456786531e-07 4.34677332685e-07 2.52226996929e-06 1.73464890973e-06 1.87846104176e-06 1.68557097414e-06 7.430001058e-06 2.84910264584e-06 1.02718047712e-06 5.51855941467e-07 6.73625110262e-07 1.62138020221e-07 3.30508707342e-07 3.41263156246e-07 2.6210161236e-06 2.49962045461e-06 1.23869969438e-06 1.36036770398e-06 1.7585288483e-06 2.34660280836e-07 8.22344549877e-08 6.41817924608e-07 5.53948348274e-07 3.94094993766e-08 9.13548251521e-07 1.62615470864e-07 3.13553767483e-07 6.1516213216e-07 1.71490525253e-07 7.22866038729e-07 1.19747010442e-07 1.57953031044e-07 7.13178466725e-07 1.73198388891e-07 1.3560595467e-07 7.50743516822e-07 1.49871264155e-07 7.1020399561e-07 3.25019848434e-07 1.96774577122e-07 9.24270033967e-07 3.23509725866e-08 5.34938815148e-07 6.77084554811e-07 4.96107875431e-08 2.58247578816e-07 1.67074834199e-06 1.27659475455e-06 8.00760373827e-07 1.95038968767e-06 1.99029151619e-06 3.61984784924e-07 6.07089728108e-07 4.37743127668e-07 3.64197968819e-07 6.6728447e-07 1.36199418075e-06 2.80739678727e-06 1.04899626949e-06 8.70320444814e-06 1.81229074428e-06 2.04411827791e-06 7.38076810058e-07 2.81870721124e-07 1.01159023936e-06 5.43853975112e-07 4.63537323061e-07 6.0484435576e-07 1.41189204676e-07 1.01557088653e-06 4.07095222257e-07 9.38626889993e-07 6.07296039992e-07 3.89988855478e-07 3.79199213649e-07 5.89024854691e-07 6.41313512177e-07 3.61412252482e-07 4.87718649389e-07 5.45298567807e-07 1.11070997309e-06 4.4459266157e-07 1.13446534437e-06 1.54656972641e-07 5.72457475493e-07 5.66047830917e-07 6.60952611424e-07 1.01922808624e-06 3.52054756221e-07 7.40426563154e-07 1.86355752216e-06 1.01774386612e-06 5.74944811508e-06 6.36719179917e-07 2.84417401502e-06 1.79916976066e-06 1.16798928071e-06 6.42348369975e-07 1.77428838091e-07 4.11908450102e-07 1.2757444844e-06 1.55745040503e-06 2.28973921012e-06 4.27962744141e-06 3.30555906562e-06 5.33257328688e-07 2.50767160183e-07 1.15806488107e-06 9.80180065306e-07 2.12036012499e-07 1.6431890737e-06 1.23233201753e-07 8.24727131269e-07 9.43000122622e-07 2.74549266183e-07 9.07639246679e-07 3.40553747253e-07 4.30321211207e-07 3.82687892872e-07 4.86155367297e-07 4.50967987961e-07 4.5840332168e-07 3.53068421794e-07 1.01425431726e-06 2.67772018681e-07 1.01052442594e-06 7.78696450596e-07 1.44851278835e-07 1.73108377802e-06 2.21850153553e-07 9.50396050131e-07 1.1413856521e-06 3.024467408e-07 4.07533049662e-07 2.80005208886e-06 3.32540610001e-06 1.44129459044e-06 1.32287283535e-06 1.51870537155e-06 8.18033606626e-07 5.97977053537e-07 1.38423734358e-07 5.54669970858e-07 2.79238668093e-06 1.23810075689e-06 2.36544242648e-06 4.15747253932e-06 1.33144269792e-05 1.7703801483e-06 9.95938306323e-07 3.34671853728e-06 2.47689899792e-06 6.41812190086e-07 2.76136578365e-06 3.7140564903e-07 2.25670404216e-06 7.60913250287e-07 1.06919645284e-06 1.48545567236e-06 2.9454683064e-07 9.19286338476e-07 1.50000474211e-06 9.95921008838e-07 9.44979064615e-07 9.96040090041e-07 1.56135265672e-06 8.86450281562e-07 3.48639132452e-07 1.44814591111e-06 1.16782479731e-06 7.69426782589e-07 2.20791224869e-06 3.62367278118e-07 2.55733680837e-06 6.63352552788e-07 2.18260495438e-06 2.66513433425e-06 7.06849069499e-07 1.17492450763e-06 9.11561817021e-06 3.46992426985e-06 2.51527816721e-06 1.31722254412e-06 4.09114525992e-06 1.36721467493e-06 2.83338972306e-07 2.64457933232e-07 6.6328051392e-07 5.7368358111e-07 8.25809209842e-07 9.9829465548e-07 2.22183401738e-06 2.23656479692e-06 3.57846991109e-07 2.04820439242e-06 6.06524493871e-07 2.5139680546e-07 7.66603432131e-07 2.61160403042e-07 5.07487692283e-07 5.88541649338e-07 2.09829581392e-07 3.7472029728e-07 2.7054758267e-07 2.84642054248e-07 4.7276914068e-07 4.75254598198e-07 3.46997313606e-07 3.93920467357e-07 5.3932543577e-07 5.12274107684e-07 3.09836127416e-07 2.49766375406e-07 4.26307056283e-07 1.60734590685e-07 5.5517774916e-07 5.59021284705e-07 1.82108361305e-07 8.01806652797e-07 1.3785129524e-07 5.50263191683e-07 1.84945156194e-06 1.4838879372e-07 1.96085870747e-06 1.43761605953e-06 8.78215702623e-07 7.29370115386e-07 5.65038636938e-07 1.08330612131e-06 4.91991426908e-07 2.61447213631e-07 1.38997679975e-07 4.13558680953e-07 2.11276983158e-07 1.56417935715e-06 3.39610655932e-07 8.79449285293e-07 6.65066612537e-07 6.62856145527e-07 2.60777886119e-07 7.69474755517e-07 1.90394896683e-07 5.60257361373e-07 3.68478065624e-07 3.62040853505e-07 1.94911869774e-07 2.53085214698e-07 1.38029235368e-07 3.88473509475e-07 3.55348371945e-07 1.72816989208e-08 6.87048074517e-07 1.38984446351e-08 4.22090869069e-07 3.46347681517e-07 1.28730879498e-07 2.44175186719e-07 1.69943880642e-07 3.72253158608e-07 3.05445388737e-07 5.07221092922e-07 1.76689868857e-07 6.24497217227e-07 2.49603760073e-07 6.40560805141e-07 4.28458947318e-07 8.86127152359e-07 2.17144294737e-07 9.27803919949e-07 1.2739309271e-07 5.95275495913e-07 1.39638569392e-07 5.82760909207e-07 1.51012543237e-06 4.99355857584e-07 1.80168611869e-06 2.58796411855e-06 4.17897447194e-06 2.54692587622e-06 8.26351646922e-07 1.29537755214e-05 3.24865718313e-06 1.81283647736e-06 3.77219590566e-06 1.13294123257e-06 2.03524319395e-06 2.55810905172e-06 9.02398692163e-07 2.16461549535e-06 4.79802149129e-07 8.1083309158e-07 2.38624337829e-06 5.82970233317e-07 1.49447754901e-06 1.31235506125e-06 1.23162152529e-06 1.58288168553e-06 6.55367420727e-07 2.28189658363e-06 9.04841371859e-07 4.98253516646e-07 2.00035415423e-06 8.93354391731e-07 2.55114350403e-06 1.66622569826e-06 1.2075436553e-06 2.98471881955e-06 1.29637116829e-06 2.06378581775e-06 9.25466767279e-06 4.94199406744e-07 2.36052030849e-06 4.07779389365e-06 2.82317125109e-06 2.10153090937e-06 9.25448957947e-07 3.04550867287e-06 7.58329271687e-07 2.53137883998e-07 1.23066330052e-06 1.15613145357e-06 2.00098725233e-06 1.11354134307e-06 8.65410192672e-07 3.7495229304e-06 5.64815153307e-06 1.13398606466e-06 4.31428981087e-06 6.16048170601e-07 2.63957199577e-06 1.20251537306e-06 1.40705954812e-06 1.26093269701e-06 1.1132870151e-06 2.47989151191e-07 1.79104067606e-06 1.03227596185e-06 5.95934308154e-07 1.59464769745e-06 6.05166616511e-07 1.72406882428e-06 5.00302586511e-07 1.07500040271e-06 1.71715275536e-06 2.17526641348e-07 1.15047440823e-06 1.18132823269e-06 1.40877872536e-06 9.62163325289e-07 2.29844174455e-06 3.77221017003e-07 3.55260877789e-06 9.00152167589e-07 4.71958778183e-06 2.55324052309e-06 7.11495380066e-07 9.85366780821e-07 1.94899572554e-06 1.20151392286e-06 1.80726236162e-06 6.63854979651e-07 2.04010565594e-06 1.29317509009e-07 5.9805912745e-07 3.4165583496e-07 1.23667869758e-06 3.8701753929e-07 4.13097205121e-07 2.21422672676e-06 1.38842447098e-06 2.08196881996e-06 1.75855561206e-06 5.77033265307e-07 1.02476828156e-06 1.31367940574e-06 3.45849045398e-07 1.10332175475e-06 1.91564714947e-07 3.68243987054e-07 4.44466324176e-07 2.27836699232e-07 4.5636809272e-07 2.69001999414e-07 6.40762711352e-07 5.45051656639e-07 3.31937176651e-07 3.62358781343e-07 1.9015249816e-07 4.7178262191e-07 2.98188992371e-07 1.94664276779e-07 1.05952244259e-06 3.29111726776e-07 1.21558329319e-06 8.49363129462e-07 6.9486367194e-07 1.22972311067e-06 2.02192428595e-06 1.00863144179e-06 1.56564195021e-06 5.23043858317e-07 2.37372424021e-07 1.30933615909e-06 4.23827632755e-07 7.86596974141e-07 4.3959436718e-07 1.18336617708e-06 2.20888509362e-06 8.28455262716e-07 4.02091735612e-06 1.17503766649e-06 3.79890494316e-07 4.6424403717e-06 5.55071980389e-06 1.93786023695e-06 1.533028746e-05 1.68820670036e-06 6.67248218794e-06 3.49612668563e-06 3.04063800779e-06 2.42755968467e-06 1.84810663801e-06 9.16564743986e-07 3.61155174688e-06 1.26075589055e-06 1.55507035768e-06 2.74387703906e-06 1.31249274911e-06 2.25441464914e-06 1.37268368358e-06 2.40234994766e-06 1.54419189542e-06 1.23184325861e-06 3.21513279294e-06 8.81676257507e-07 1.73798231833e-06 2.19675394531e-06 2.66515939129e-06 2.78006695871e-06 5.83532185223e-06 1.17577685402e-06 1.14585205365e-05 1.31077887764e-06 4.52288432892e-06 4.12876854181e-06 2.01949065337e-07 1.35964347728e-06 4.58795660282e-06 1.37345427018e-06 3.50046271427e-06 2.5777610751e-06 8.52554414881e-07 1.38085443272e-07 7.12458348232e-07 4.13118409964e-07 4.88591363125e-07 8.3953299606e-07 9.87884131908e-07 8.36371505229e-07 2.38662279171e-06 2.1775712544e-06 1.38791130054e-06 2.0683856223e-06 5.11106621073e-07 1.68331783278e-06 4.15922963449e-07 4.37111011887e-07 6.93855881992e-07 6.93585505742e-07 1.58511971679e-07 8.16301679664e-07 6.59134279713e-07 3.99393517389e-07 4.55581815869e-07 5.87039752496e-07 7.32331072032e-07 1.84294239437e-07 4.47326360729e-07 7.78511757001e-07 4.69544342107e-07 3.53431597416e-07 1.83735614907e-06 3.32353476878e-07 1.89130952437e-06 9.61072760899e-07 2.11580714162e-06 1.51826088571e-06 9.62074860253e-07 8.12253902541e-07 8.30303153659e-07 5.31317144652e-07 4.92461146435e-07 7.86073481325e-07 3.69731804656e-07 3.75318672149e-06 1.86694722897e-06 2.34437479053e-06 9.08891910226e-07 9.04239839076e-07 3.46890486274e-06 2.02911503186e-06 1.61991069068e-06 8.31181389483e-06 1.51067711932e-06 9.85850851998e-06 4.44422769729e-06 4.04399347841e-06 2.89011782994e-06 2.26983161658e-06 1.10453088797e-06 3.60325530534e-06 1.31596347896e-06 2.21613083177e-06 1.28030636566e-06 1.75251359963e-06 2.74187407486e-06 7.9705024133e-07 2.63684292864e-06 1.73207127949e-06 1.18244768684e-06 2.20257388659e-06 1.15319748402e-06 3.11536050547e-06 9.66547938403e-07 2.1262376152e-06 2.37252958524e-06 3.13061708394e-06 3.03318789472e-06 8.34900935878e-06 1.11837668882e-06 7.11731698177e-06 1.39670393007e-06 2.0162296491e-06 3.42350480919e-06 8.83001310593e-07 9.54418960588e-07 3.10890375117e-06 7.3793540188e-06 2.58428522458e-06 1.11743444387e-06 5.42681594372e-07 2.86925561734e-06 2.99339846463e-06 1.09228897097e-06 4.8037504346e-06 2.47952142541e-06 4.77354580199e-06 1.12573833418e-05 2.99990652777e-06 5.58097876174e-06 1.70482263122e-06 2.03110563452e-06 2.9934087845e-06 2.19122566012e-06 1.14723083829e-06 3.3209681246e-06 9.92371254438e-07 2.73609275748e-06 1.38303418613e-06 1.51961069004e-06 2.59572719971e-06 8.98963496736e-07 3.43109902846e-06 1.09924805483e-06 2.11456282301e-06 2.76691293873e-06 1.72530742669e-06 1.2705269085e-06 5.01219117397e-06 1.98905859487e-06 9.19570137212e-06 3.28711660381e-06 2.34435699894e-06 4.50717141714e-06 9.90021292559e-07 2.90584926613e-06 3.0445125306e-06 4.9995375766e-07 1.26383636426e-06 3.82796944256e-06 4.55017322923e-06 5.14136115331e-07 2.49059270698e-07 2.19947255252e-06 2.04801178103e-06 9.62102467545e-07 3.18897529351e-06 1.03016178075e-06 5.30425248953e-06 3.83391191328e-06 6.76815600947e-06 2.74773206792e-06 2.49792681729e-06 1.2941891744e-06 4.05315284881e-06 1.34247660267e-06 1.99465717988e-06 1.71895736054e-06 2.61666090199e-06 1.27028512565e-06 1.09498972255e-06 2.38588668018e-06 1.09146175827e-06 1.21866032488e-06 2.7070112825e-06 1.59118121875e-06 1.98739857675e-06 1.05945794049e-06 3.59472769808e-06 1.12051853529e-06 2.55103203662e-06 2.01348374648e-06 6.47086729356e-06 2.80662007064e-06 3.86170401819e-06 5.80911096438e-07 2.48311703109e-06 8.52192808803e-07 1.8276887272e-06 2.89072796238e-06 2.58819120729e-07 7.39284340678e-07 1.74387550703e-05 2.01119986467e-06 1.95188886479e-07 2.94618749463e-06 2.53651032414e-06 1.28463192339e-06 4.0421857979e-06 1.09214720714e-06 3.83327963192e-06 6.84047131051e-06 2.77167816056e-06 1.25328287215e-05 2.31474447328e-06 2.65569237584e-06 3.99068308357e-06 2.82607942046e-06 1.5777328896e-06 2.52207833607e-06 1.63198090566e-06 2.98425710343e-06 7.20238180676e-07 2.51644133342e-06 2.31433035497e-06 7.59045993175e-07 2.65823751011e-06 1.31578557327e-06 2.47143758786e-06 1.22230377437e-06 2.94792729941e-06 3.24907131632e-06 2.22108592105e-06 1.4913401893e-06 1.03223840594e-05 1.85567579996e-06 6.2843662448e-06 3.42589617104e-06 1.22785174088e-06 4.04667621648e-06 1.48083091968e-06 2.83285018254e-06 3.12230148036e-06 2.18727105209e-07 8.01188927422e-06 6.28252011942e-07 1.89303610932e-06 9.78550923569e-07 5.46425142448e-07 2.49247394302e-06 6.65700554835e-07 2.13442385299e-06 2.66661934831e-06 3.3107428354e-06 3.09731941062e-06 4.93333533103e-06 1.58258258918e-06 4.85965408379e-06 1.31797658773e-06 2.10152554913e-06 1.66602325628e-06 2.14888665851e-06 1.30559926649e-06 1.67982904062e-06 1.31200231064e-06 1.50141432445e-06 1.24669788754e-06 1.68298761255e-06 1.32921405483e-06 1.87469133068e-06 1.58890840457e-06 1.91329916011e-06 1.01575074078e-06 4.19035729489e-06 1.17105990974e-06 5.00122180372e-06 2.07374426569e-06 3.0972927349e-06 2.15859393435e-06 1.64563493692e-06 6.14444895454e-07 2.46726918574e-06 5.23215964497e-07 9.08360681806e-07 3.64437471501e-06 2.80691831055e-06 5.28198621582e-06 1.22226062038e-06 6.43570161615e-07 2.09242161393e-06 6.22699757237e-07 2.48479774981e-06 1.76914351593e-06 2.3516942087e-06 3.55312544979e-06 1.95467418122e-06 4.8167356985e-06 3.32951455229e-06 3.06014910049e-06 1.85038995675e-06 3.60015188076e-06 1.47990157543e-06 2.91781308498e-06 6.85864202286e-07 3.40537390658e-06 1.00135698176e-06 1.01103151553e-06 3.4077868492e-06 6.15195763866e-07 2.79768002406e-06 1.31886274818e-06 3.40532269333e-06 1.62193434688e-06 2.89256636631e-06 2.53470407868e-06 4.96845035922e-06 1.3907874621e-06 2.8335850013e-06 2.33618988861e-06 1.46734156598e-06 2.38505352123e-06 4.9720313449e-07 2.18979491818e-06 6.89711957046e-07 2.18063581109e-06 1.58998490242e-05 7.35736116097e-06 2.2446627444e-06 5.55073130128e-06 1.4956131236e-06 5.75722743237e-06 4.82814763572e-06 3.4177594435e-06 5.09627903913e-06 5.97034593805e-06 3.7823795844e-06 1.87037708256e-05 5.38254298249e-06 6.256507987e-06 6.09492666247e-06 6.32201004962e-06 4.48350067835e-06 3.54260778363e-06 3.24548920013e-06 5.77749071496e-06 1.16152779401e-06 5.70081532825e-06 2.95102823399e-06 3.70514223263e-06 4.07626474488e-06 5.58559756349e-06 5.30173841328e-06 4.91060422273e-06 3.83955161297e-06 1.60444339136e-05 2.81033792019e-06 5.16372503786e-06 4.3696294853e-06 3.05810025699e-06 5.03775062697e-06 6.33006354222e-06 2.16495210291e-06 8.95494419816e-06 3.55691599817e-06 2.40949902619e-05 2.10996318729e-06 3.58001224325e-06 1.215579462e-06 3.63829224802e-06 3.83067055285e-06 3.40205864486e-06 2.47980272357e-06 2.58116013726e-06 3.66721346233e-06 6.45755865845e-06 1.03426413614e-05 3.01411423418e-06 6.954957173e-06 3.03807162275e-06 5.97447032796e-06 1.34375058817e-06 4.7501272713e-06 1.6975142945e-06 2.27568983143e-06 2.01285890891e-06 1.61866256625e-06 4.53027235278e-06 1.07386602359e-06 5.70239982328e-06 2.60480298843e-06 6.11547762777e-06 2.22799820827e-06 9.63055503739e-06 4.53469320075e-06 3.361512989e-06 2.03562324011e-06 2.66469178406e-06 3.24532661542e-06 4.63220680426e-06 4.56968928627e-06 2.02372973469e-06 7.14171318483e-06 6.94733036116e-06 1.04779575242e-05 1.25659685234e-06 3.04272268971e-06 3.29665394664e-06 3.07158208415e-06 3.58319030244e-06 1.7515276575e-06 2.71317008966e-06 8.01357195214e-06 4.28469713553e-06 8.15044354524e-06 4.59736339777e-06 5.69452637273e-06 4.67992228309e-06 2.90031458577e-06 3.46702491022e-06 4.13079242987e-06 1.23688117644e-06 6.44662696642e-06 1.26302284453e-06 4.03112651181e-06 3.17064979115e-06 2.92166453145e-06 4.23845367454e-06 5.4578411859e-06 3.49505869567e-06 8.75997733771e-06 3.25590969162e-06 5.89114120637e-06 2.34269141971e-06 1.35859779142e-06 3.37794949757e-06 2.83654466037e-06 4.35136756776e-06 4.28534184603e-06 2.25277080767e-06 2.76671332282e-05 4.66344642684e-06 5.1964864231e-06 4.54751446785e-06 5.53181797195e-06 4.66196664958e-06 3.39907281197e-06 2.91341649633e-06 7.94246379431e-06 1.0262095415e-05 4.25563382116e-06 2.38590761228e-05 6.04856081077e-06 1.23295856978e-05 3.84044107066e-06 9.81699934358e-06 4.27840181693e-06 3.40321864489e-06 4.40724148424e-06 4.47234975272e-06 3.34656477328e-06 3.95200085588e-06 9.37750876319e-06 3.19430262377e-06 1.18329063023e-05 4.17123850085e-06 2.11774410218e-05 3.11962702259e-06 1.01372266042e-05 8.25074327901e-06 3.03036369291e-06 3.65320297707e-06 6.00951460553e-06 7.46189964577e-06 6.15289541486e-06 8.75950595188e-06 9.87327989807e-06 1.14219727016e-05 5.1581163685e-06 4.62692060633e-06 4.35894312439e-06 3.89451518861e-06 3.69423149158e-06 5.81839182297e-06 5.68590990278e-06 7.07007418557e-06 8.66034596933e-06 1.37907573918e-05 7.1077963375e-06 5.84988917489e-06 6.39791483142e-06 7.51196176028e-06 2.0370142783e-06 8.59281569061e-06 2.06912234917e-06 8.60106644787e-06 1.81788173774e-06 7.54954041861e-06 5.81225106936e-06 5.63468413471e-06 5.95028688365e-06 1.41723970402e-05 6.5226840884e-06 6.46038695857e-06 5.32796930618e-06 5.61057221218e-06 3.82968161224e-06 4.52734155618e-06 5.88968104309e-06 5.82954245882e-06 8.09220407608e-06 2.58544611197e-05 1.64633611273e-05 6.86836423343e-06 5.25002654292e-06 4.38400015871e-06 4.87337587687e-06 9.62176989364e-06 6.00039436037e-06 7.06859443672e-06 1.60365051215e-05 7.87870530346e-06 2.11576556601e-05 5.55121776565e-06 1.28905271981e-05 7.84917234326e-06 5.15607120911e-06 8.13524649597e-06 5.74827890417e-06 6.17512987725e-06 7.64640721688e-06 4.61684466839e-06 7.17777816605e-06 1.24255682812e-05 4.28026697338e-06 2.03769763231e-05 6.52269199348e-06 1.52465572428e-05 6.64101486447e-06 6.02848830611e-06 9.97153785796e-06 5.77867226845e-06 5.08828157135e-06 7.31028232052e-06 1.03776226641e-05 3.11103341225e-05 6.24196002933e-06 3.43123180237e-06 2.74634605716e-06 2.44667771807e-06 6.00665914142e-06 4.02863946687e-06 2.9285889955e-06 5.83363700257e-06 7.67571394728e-06 6.76740182633e-06 1.12634977792e-05 5.44604180867e-06 8.20700200664e-06 2.47195104594e-06 1.00485977008e-05 2.01864123637e-06 8.8110627976e-06 1.96941926408e-06 9.83400360726e-06 2.21142884381e-06 8.05833225018e-06 4.40564070271e-06 1.14117839204e-05 5.32668234716e-06 7.66369182168e-06 5.87874716336e-06 2.66319224135e-06 4.47389436928e-06 7.40435994154e-06 2.3508167909e-06 3.4994871876e-06 4.83971258792e-06 1.25639554268e-05 1.80617606086e-05 5.48502329466e-06 4.88042957628e-06 1.03472752212e-05 7.23041346792e-06 7.96692537328e-06 8.84974379151e-06 1.02660352661e-05 1.65290679789e-05 7.54569446317e-06 2.25509525433e-05 9.83258408879e-06 7.38135496877e-06 1.32206686275e-05 7.94908211685e-06 9.05167688762e-06 8.57612798229e-06 8.09785443006e-06 1.19773823302e-05 7.25172063726e-06 8.20346793701e-06 2.31908624305e-05 5.92146982562e-06 1.55212939768e-05 9.78804090088e-06 8.53016568448e-06 8.28441591918e-06 7.51522418534e-06 1.2139779175e-05 6.12153255021e-06 7.71076866103e-06 3.15367331045e-05 9.64781005996e-06 4.5314444938e-06 9.94142766712e-06 5.36031711334e-06 7.77407961648e-06 9.08433114725e-06 7.17348186784e-06 1.05870882165e-05 1.0693137354e-05 1.09953910277e-05 2.33479360701e-05 4.88681053861e-06 1.81430913622e-05 5.12342690257e-06 1.49868540604e-05 5.10195149588e-06 1.50795827621e-05 4.62375306957e-06 1.75254029656e-05 4.06639971354e-06 2.22753464157e-05 9.2113698987e-06 1.04624422908e-05 1.14564836039e-05 7.30823179723e-06 1.02044319457e-05 8.29043977823e-06 6.44623535865e-06 1.15935670089e-05 6.65417667484e-06 1.61184412968e-05 6.55123908323e-06 6.92278174444e-06 3.74847027936e-06 4.22051004051e-06 6.02099946662e-06 5.16001938288e-06 5.07534020495e-06 3.93081890952e-06 9.16741498651e-06 6.40645132568e-06 8.49674608612e-06 7.83654481727e-06 5.15686189176e-06 6.16052755659e-06 6.31757772534e-06 6.29696104161e-06 6.00869849096e-06 4.99436184285e-06 6.86654235306e-06 1.03183731049e-05 5.15001876379e-06 8.49397326028e-06 3.83769886739e-06 4.67523986406e-06 5.11410251774e-06 5.94077517858e-06 4.34054714384e-06 4.41648171582e-06 8.23325922597e-06 1.05381518371e-05 3.61934491941e-05 9.49764568173e-06 1.14839931468e-05 1.25902369784e-05 1.5106387123e-05 1.50861402715e-05 8.22182327658e-06 1.73592490842e-05 2.4428419312e-05 8.64631419077e-06 4.24204360014e-05 9.61863727484e-06 2.45294675306e-05 1.18299968913e-05 2.48916430635e-05 1.11174506454e-05 2.47809119867e-05 8.04313686533e-06 4.05452537179e-05 7.77018564692e-06 2.33297988337e-05 1.74205146228e-05 8.08984332978e-06 1.54694181098e-05 1.57432926232e-05 1.33992487136e-05 1.31741935763e-05 1.21544908102e-05 5.38867603627e-05 1.41435181265e-05 6.83363161772e-06 7.32369256429e-06 7.19064377563e-06 9.20792190434e-06 4.73995080209e-06 7.65270768558e-06 8.6536505693e-06 6.92188602853e-06 1.29145323777e-05 1.31722772057e-05 9.63137082259e-06 9.92262105066e-06 9.74793210488e-06 9.53748563682e-06 9.93217250192e-06 8.36210952661e-06 1.49453212102e-05 1.09707108862e-05 6.65020819084e-06 7.94769147476e-06 7.55734195831e-06 4.72170401442e-06 1.00598417778e-05 7.2261806874e-06 8.39101678547e-06 7.31195638322e-06 1.93606190098e-05 2.30803145639e-05 1.45472863034e-05 1.26209302583e-05 1.40364367029e-05 9.11518279004e-06 1.73284876154e-05 1.22922688395e-05 9.01780391834e-06 3.15490024365e-05 9.87997231927e-06 3.89109005828e-05 1.18105726505e-05 2.59936681342e-05 1.09140928834e-05 2.63999610858e-05 1.02032455937e-05 3.80357858744e-05 8.17017008015e-06 3.11847508128e-05 9.4189327645e-06 1.25492937246e-05 1.72505069325e-05 9.61800991983e-06 1.46749140235e-05 1.45574042522e-05 1.73083292903e-05 3.04562423103e-05 2.79607910029e-05 1.13466928848e-05 1.2212235424e-05 6.69629520998e-06 1.52679340831e-05 1.17182218921e-05 5.65739882286e-06 1.84972383467e-05 1.31551266143e-05 1.57266539271e-05 2.07141517696e-05 1.44127620639e-05 1.53243857211e-05 1.57844460384e-05 1.33947344456e-05 2.35958024327e-05 1.36811813846e-05 1.23733605233e-05 1.84816665856e-05 5.32112020559e-06 1.11047586014e-05 1.52430873579e-05 6.50880670142e-06 1.21475963158e-05 1.22445339279e-05 3.69314579025e-05 3.66598305682e-05 2.10105538417e-05 9.77377317948e-06 1.97215556772e-05 1.84913907855e-05 1.11523624341e-05 1.94721781837e-05 1.50624808226e-05 3.46195819068e-05 1.57906911928e-05 4.45966027535e-05 1.50653584994e-05 3.30176996485e-05 1.38662351341e-05 4.54239744569e-05 1.43077417543e-05 3.41102914686e-05 1.52118865015e-05 1.90544933928e-05 1.16319524117e-05 1.91975533904e-05 2.00175602493e-05 1.0796949066e-05 2.3014308009e-05 4.27420895231e-05 3.73375419792e-05 9.47907308702e-06 1.66184071458e-05 1.29145345793e-05 9.38022386057e-06 2.15332604619e-05 9.52724383104e-06 2.07206996709e-05 2.08975680548e-05 2.13432939529e-05 2.66320274198e-05 2.12579381308e-05 1.89244018704e-05 3.08285329226e-05 1.90522613753e-05 2.05284118953e-05 2.02091702125e-05 8.35370349404e-06 2.18790084325e-05 9.9021452715e-06 1.28920239603e-05 1.6182620282e-05 1.03284506853e-05 4.11219662e-05 3.13047721981e-05 2.63583923289e-05 1.87025933904e-05 1.26087967359e-05 3.26318299746e-05 1.86594500532e-05 2.15363228267e-05 2.28879917359e-05 4.23801589485e-05 1.94707455807e-05 5.55899213787e-05 1.63872060144e-05 5.62410080225e-05 1.78796442613e-05 4.20210445484e-05 2.27548473764e-05 2.03830845364e-05 1.91594527706e-05 3.22009097917e-05 1.25142414177e-05 1.95740057205e-05 2.719281411e-05 3.41539227606e-05 4.32965343002e-05 1.69123174351e-05 9.87941687707e-06 2.09321444102e-05 1.3466534746e-05 1.97737377647e-05 1.30692518686e-05 2.38612291377e-05 2.43377652153e-05 2.49606064504e-05 2.70592628423e-05 3.35667000006e-05 2.16425270613e-05 2.50198052707e-05 2.41153193841e-05 1.19244305605e-05 1.98514748975e-05 1.27259720726e-05 2.10560834475e-05 9.48733020074e-06 1.80457076287e-05 4.31464696468e-05 6.12812723183e-05 1.73867023821e-05 3.32088802263e-05 1.84736307247e-05 3.38959636235e-05 2.68910974703e-05 2.7529704353e-05 3.03934115668e-05 5.40561634868e-05 2.18412632653e-05 8.93414575759e-05 2.18412632653e-05 5.40561634868e-05 3.03934115668e-05 2.7529704353e-05 2.68910974703e-05 3.38959636235e-05 1.84736307247e-05 3.32088802263e-05 1.73867023821e-05 6.12812723183e-05 3.04550643777e-05 3.37090179279e-05 1.58048348262e-05 2.51154929572e-05 2.2739929751e-05 2.8775277868e-05 2.16719809634e-05 3.42982682313e-05 3.05897085518e-05 4.77096580533e-05 3.71805169769e-05 3.14285957414e-05 3.42970300133e-05 1.9266536345e-05 2.81253609693e-05 2.14734314483e-05 2.37998982275e-05 1.33736201831e-05 3.08325802558e-05 2.68549827299e-05 0.000131710786577 2.90977604169e-05 4.33765783711e-05 3.44562339642e-05 5.60742050067e-05 4.58585763779e-05 4.64336905563e-05 4.4202165681e-05 0.000105748146552 3.52016173996e-05 0.000100968323123 4.50840196756e-05 4.52015200737e-05 4.53592520174e-05 5.4683009878e-05 3.31293485455e-05 4.19711743101e-05 2.76306951935e-05 0.000119403934577 6.57586549639e-05 4.91308898279e-05 3.49096201324e-05 4.72998282812e-05 4.83458659565e-05 6.05821637695e-05 3.12908757517e-05 8.99467031446e-05 5.06642941698e-05 5.16314421445e-05 8.47614459491e-05 3.17314855623e-05 5.92066594742e-05 4.71767545656e-05 4.51266798798e-05 3.33781257655e-05 4.63247380371e-05 5.86982893578e-05 0.000104648426155 3.89161962244e-05 4.69942773954e-05 3.7867965349e-05 6.16976790503e-05 3.94658362379e-05 7.1092812209e-05 4.26126047655e-05 7.08313095744e-05 4.60879617759e-05 5.59780525136e-05 3.78014581081e-05 5.73217138077e-05 3.23597251125e-05 4.0689068768e-05 3.30135360599e-05 8.68156212325e-05 0.000127500659276 7.53567892001e-05 5.6581632306e-05 7.38950589579e-05 6.83471108144e-05 0.000120644113796 4.49440240296e-05 9.12111134315e-05 9.11454449629e-05 4.47984067885e-05 0.000113940145061 6.54685272205e-05 7.06828290883e-05 5.16912036442e-05 6.64561507027e-05 0.000110643575899 0.000243706662164 9.31888154812e-05 0.000109848314332 8.79848274463e-05 0.00018829008048 7.88294733915e-05 9.30768319943e-05 9.86903094253e-05 8.76103227929e-05 7.98983288611e-05 0.000163298853237 8.0309842146e-05 9.88115172193e-05 7.71941640157e-05 0.000198770892024 0.000232112020963 0.000141552396041 0.000106124347265 0.000200041880647 0.000102820448549 0.000114324969894 7.5850338412e-05 7.20343924989e-05 0.00011100706434 9.84454721234e-05 0.000170414270662 9.38841228629e-05 0.000119723279724 0.000182226375091 0.000422238702604 0.000164226059842 0.00027776707255 0.000123285203742 0.000171180402528 0.00010651914733 6.69187031977e-05 0.000103678949759 0.00015554400731 0.000115410716114 0.000226005432362 0.000133471733645 0.000323246830745 0.000549014600475 0.00050253406618 0.000191744264057 0.000220013786124 0.000175376816816 0.000103431333624 0.000110339320702 0.000159672615004 0.000191687507002 0.000170513750768 0.000356621823547 0.000383216017836 0.00427319402722 0.000646022164674 0.00062608203851 0.000423549622486 0.000319978704424 0.000330827658788 0.00031705595171 0.000371153548117 0.00051687166105 0.000502593603551 0.00249520078678 










