










3.42690746026e-06 2.40338191744e-06 2.14112682393e-06 3.08658699479e-06 3.08416724719e-06 2.26784153524e-06 2.98445067348e-06 2.67581297507e-06 3.59793711921e-06 9.95376494855e-06 1.70694177033e-06 2.06760350862e-06 2.89598141488e-06 2.94893421991e-06 1.78745248593e-06 1.76234076292e-06 6.78531334252e-06 4.16614594802e-06 5.80880166885e-07 2.46936620303e-06 4.20167030034e-06 2.68317517045e-07 1.90240804566e-06 2.64590080656e-06 2.34550163417e-06 1.67592171906e-06 7.25116786616e-08 3.01003422767e-06 2.64804126599e-06 5.50942297608e-07 3.84348635052e-06 2.40833616741e-06 1.28174568307e-06 8.386901233e-06 2.54391701663e-06 2.78361517012e-06 3.66062807701e-06 3.77363966851e-06 2.47746038209e-06 2.27331318065e-06 6.08957496669e-06 7.40061762964e-07 2.89097115715e-06 4.45236073571e-06 2.09055043919e-06 2.78561182046e-06 4.39990918639e-06 9.5510164735e-06 1.30457476253e-06 2.54404302115e-06 5.65010195252e-06 3.19057527374e-06 9.583550402e-07 6.91360178057e-06 3.12870308309e-06 3.25902923253e-06 2.4985355993e-06 5.92127479254e-06 2.97858170418e-06 2.24014759453e-07 3.94688169231e-06 5.38443477118e-06 1.41276818506e-05 4.2050304245e-06 5.43127760249e-06 4.91772024383e-06 2.10878393638e-06 1.06612349961e-05 3.601599378e-06 4.12956563501e-06 2.64850263496e-07 2.68640449044e-06 6.06256468873e-06 2.4163227934e-06 1.17749422903e-06 1.87834490477e-06 1.33480005846e-06 4.9299268119e-06 4.21403298176e-06 8.28039481083e-06 5.68053084268e-06 2.542001578e-06 4.65481050088e-06 6.53014161185e-06 2.76601950249e-06 4.28054577858e-06 1.16044405649e-06 1.85958358964e-06 1.31009779223e-06 2.45342447626e-06 3.84534389256e-06 2.0213190014e-06 1.57482681098e-06 2.75210911389e-06 1.05037763451e-06 5.90676568032e-06 6.54497366226e-06 2.20219562489e-05 4.31216443161e-06 6.95358650903e-06 2.29026758361e-06 1.68519537956e-05 5.43657207488e-06 4.82535776356e-06 1.49030056635e-06 2.82809304586e-06 1.65997360844e-06 2.3015969454e-06 4.19513218523e-06 2.29868840761e-06 2.50243470032e-06 1.86095467458e-06 1.78575528089e-06 3.46400584756e-06 1.24055563547e-06 1.22707362325e-06 5.87958512983e-06 8.36451837267e-06 1.5814784027e-06 1.61603159016e-06 8.15204888254e-06 4.65805770597e-06 8.26196110327e-07 1.25047347406e-06 2.76288436063e-06 1.53639050622e-06 1.96529139086e-06 2.23159790947e-06 2.4561449558e-06 2.58185939805e-06 2.28952931914e-06 3.42125321247e-06 3.07400970049e-06 6.51856387966e-06 1.64504617347e-06 8.87516013909e-06 3.81195804665e-06 1.44885738997e-05 1.27962662461e-06 1.31000291049e-05 2.64109504304e-06 7.87682534541e-06 1.59080993012e-06 5.86935162869e-06 3.15166422233e-06 3.49769434188e-06 2.13697617641e-06 2.68263187601e-06 2.36861129953e-06 2.97312034669e-06 2.6408482125e-06 6.72898480948e-08 2.26879866332e-06 1.29386565474e-06 3.77117217702e-06 2.2364435269e-06 2.54839941595e-06 1.19709016729e-06 6.86286617895e-06 7.57612285847e-06 9.288623381e-07 2.07216674806e-06 3.2428118418e-06 3.52082098701e-06 8.99092682596e-07 2.21370005871e-06 3.81743357789e-08 2.86184046863e-06 2.99748851808e-06 2.35459213097e-06 5.88014648539e-07 3.03670893241e-06 1.52985935483e-06 3.40800824858e-06 4.52812354218e-06 4.86731286372e-06 2.33591875179e-06 2.5573656705e-06 1.3283862208e-06 9.94022028806e-06 3.3326500257e-06 3.12795476913e-05 3.3326500257e-06 9.94022028806e-06 1.3283862208e-06 2.5573656705e-06 2.33591875179e-06 4.86731286372e-06 4.52812354218e-06 3.40800824858e-06 1.52985935483e-06 3.03670893241e-06 5.88014648539e-07 2.69751762391e-06 1.16569847204e-06 2.38754734378e-06 2.16315631418e-06 4.00184589686e-06 1.30567300931e-06 6.88793409959e-06 2.78604288921e-07 5.31735441741e-06 2.43188637644e-06 1.45072344216e-05 1.36167775616e-05 4.43011718555e-06 4.62438189554e-06 4.35853050647e-07 7.96653312276e-06 1.41637098267e-06 3.82468708221e-06 2.52394089844e-06 2.54780859252e-06 9.7413816503e-07 2.68689122763e-06 4.68648276127e-06 2.60618095272e-06 5.1819509915e-06 9.81323250523e-06 4.41031476562e-06 6.05509859714e-06 8.27031586545e-06 7.35617031721e-06 2.49414440684e-06 5.54112075951e-06 2.54793828258e-05 5.92362553466e-06 2.81671968226e-05 8.05110240074e-06 2.87333403692e-06 8.74659706287e-06 8.53337869473e-06 7.09553557594e-06 4.76016791704e-06 9.61096491998e-06 3.96755663372e-06 2.67796169852e-06 4.60625649729e-06 4.41941891307e-06 2.36587976131e-06 3.98438622588e-06 2.31558182372e-06 6.73574649896e-06 2.84310893225e-06 5.95865959287e-06 1.96935296128e-06 7.10812146934e-06 1.49263389341e-06 1.80423667457e-05 8.85842462331e-06 1.14213459211e-05 2.14926539463e-05 1.53901394386e-06 7.95874243635e-06 2.14362854283e-06 7.07124482578e-06 2.85223239531e-06 7.38954902787e-06 2.7604086112e-06 3.87959110268e-06 2.16422446316e-06 4.03840938386e-06 1.6718319596e-06 1.38607498123e-06 1.60205984126e-06 1.1027423217e-06 3.14907886614e-06 9.00669907382e-07 4.92175102719e-06 1.61535950815e-06 3.65956990132e-06 1.06195394643e-06 6.36040052051e-06 4.07913978414e-06 6.60554832007e-06 5.7538500583e-06 7.18739365908e-06 3.20470850007e-06 3.45343255589e-06 2.18941098098e-06 5.23417212245e-06 9.98661208752e-07 2.96415747869e-06 1.58158114137e-06 1.54079564721e-06 1.54594845918e-06 1.40553327263e-06 4.97845015548e-06 2.78453829259e-06 3.14685107184e-06 4.11668608057e-06 1.07407623326e-05 5.59990042367e-06 7.92894010072e-06 6.58557004815e-06 1.09496218177e-05 3.2078997771e-06 2.84220670675e-05 2.25205978611e-06 1.54874723765e-05 1.77543638295e-05 3.944247276e-06 3.27638092217e-05 5.51500682887e-06 1.11653490246e-05 9.2725675542e-06 9.59548061367e-06 6.33163880457e-06 1.0199783958e-05 4.29245981371e-06 2.96812858047e-06 2.18715393734e-06 4.19650364577e-06 2.71534834769e-06 1.11148577021e-06 3.59976449133e-06 3.7316812945e-06 3.47451412879e-06 2.3687423636e-06 1.15042726444e-05 2.4286194645e-06 7.46264076724e-06 1.32806247674e-06 1.40495086457e-05 5.47500226116e-06 4.62916856993e-06 5.04386804487e-06 4.78465023144e-06 8.99575031247e-06 1.49766691139e-05 4.04480245939e-06 8.21967142956e-06 3.0120114105e-06 1.32369085152e-05 2.36916470953e-06 3.32569380908e-06 4.21475523156e-06 3.36355150207e-06 5.14531207648e-07 2.23757658092e-06 9.47245360377e-07 1.31161551199e-06 3.28661635842e-06 2.45740431246e-06 4.43513272095e-06 1.34653435866e-06 3.26846600885e-06 4.18604401529e-06 4.44893962508e-06 4.16945300801e-06 1.48018538958e-05 8.95848739072e-07 1.55259991869e-05 1.32817516907e-06 1.94460404152e-06 1.56018788744e-05 2.49301657794e-06 1.63561200099e-05 7.02613117038e-06 5.26291857514e-06 6.60432836502e-06 3.97854998802e-06 1.67289259512e-06 4.89256648244e-06 1.77704132888e-06 2.61314644728e-06 9.15337357651e-07 7.70547324222e-07 2.67736696476e-06 4.96203317419e-06 8.2015370277e-06 3.70290000545e-06 5.62981877273e-06 1.26142700943e-05 2.3472026003e-06 1.67659245523e-05 3.95433833172e-06 2.65220593851e-05 6.14957777806e-06 1.03937479463e-05 1.4524595182e-05 7.78861009881e-07 1.60525975808e-05 1.1880103304e-05 8.62568901236e-06 3.01487036365e-05 5.80352445364e-06 1.76192083508e-05 3.53089877256e-06 1.28654368921e-05 5.7286438626e-06 3.10866351431e-06 7.33515292018e-06 4.00891141208e-06 1.84111624387e-06 1.53302596487e-06 3.1559458285e-06 1.80796444288e-06 4.44249914202e-06 3.77523050609e-06 7.77654686572e-06 1.98851895945e-06 7.34750152439e-06 3.64912785138e-06 1.516443414e-05 6.62941594614e-06 5.32017715769e-06 5.6835907423e-06 4.20567240447e-06 4.61336210407e-06 5.97919901147e-06 5.7831131136e-06 7.89803943876e-06 1.62072598448e-05 8.00210826125e-06 6.60408809402e-06 3.03988098454e-06 7.46677253633e-06 4.1177063209e-06 4.47667669207e-06 1.68307604397e-06 2.21232230729e-06 1.10856386487e-06 3.73850347448e-06 7.83262522506e-06 6.56405392941e-06 1.09545988872e-05 1.03215902723e-05 1.7939909753e-05 6.88294205568e-06 2.0922226493e-05 8.17455494696e-06 4.31978770417e-05 7.58279407535e-06 2.5789029503e-05 1.29364826264e-05 3.68230171739e-06 3.40435455166e-05 3.51950956309e-06 1.16145797278e-05 3.02363487582e-05 1.12057231021e-05 5.32145461871e-05 1.11676109396e-05 2.13648992414e-05 9.32451928271e-06 1.8492057098e-05 8.62996752193e-06 9.43055001127e-06 5.71044539295e-06 5.62791305416e-06 2.79686654727e-06 5.23881346315e-06 6.0059485465e-06 8.30400126428e-06 7.20732489858e-06 1.02395704526e-05 2.31157375991e-06 1.28113571154e-05 5.27734046167e-06 3.04249875936e-05 1.54330259966e-05 1.10632156943e-05 1.4089668804e-05 4.21772827969e-06 1.26992446943e-05 1.27872459635e-05 4.41754929114e-06 1.46181361188e-05 1.11542597224e-05 2.02175854456e-05 3.49152620215e-05 1.05389416757e-05 1.21949006385e-05 3.09381821639e-06 9.35997882597e-06 6.51659779689e-06 6.54653841108e-06 3.97282986324e-06 3.0109890221e-06 4.19249016542e-06 6.88164052883e-06 1.31120668314e-05 6.56804942556e-06 2.29755288799e-05 3.48662377923e-06 1.92670994491e-05 6.35263020736e-06 3.99391990894e-05 1.18577887791e-05 3.26727316144e-05 7.26145157901e-06 8.83192937689e-06 1.80739405979e-05 6.52150785427e-06 1.80332311394e-05 7.3206230854e-06 8.33576558778e-06 3.75888506098e-05 1.63836220665e-05 4.6992564383e-05 8.98628572352e-06 1.92949750356e-05 5.61636641831e-06 2.39567338206e-05 5.57307673054e-06 8.20234935385e-06 3.74652864214e-06 2.00567047379e-06 6.77189773829e-06 9.00392903146e-06 6.42927686917e-06 1.27221991729e-05 7.02627682772e-06 1.22564142766e-05 7.19152763092e-06 3.24126567248e-05 1.25969528974e-05 2.01751410516e-05 1.64398713848e-05 5.07151225435e-06 1.63276198075e-05 6.59449141719e-06 6.37495608825e-06 1.68280503347e-05 5.52499136198e-06 1.96486982673e-05 2.27824409879e-05 1.70538790598e-05 3.39618085332e-05 1.28083364426e-05 1.08805991122e-05 8.18105772848e-06 1.36939804237e-05 5.3444872518e-06 6.22413957939e-06 3.75866625631e-06 1.45809105637e-05 1.47254662015e-05 8.86877051814e-06 1.38408573659e-05 9.44564873242e-06 2.84438075946e-05 7.45422778713e-06 4.6513460278e-05 1.29842811015e-05 3.29031061677e-05 1.44235829966e-05 1.15122924767e-05 1.15381851335e-05 1.0445071704e-05 8.96132439833e-06 1.04023272231e-05 1.30277059551e-05 9.71393695863e-06 1.6576306054e-05 3.82244793279e-05 1.68661648277e-05 5.45559301716e-05 1.14136996207e-05 3.01600722015e-05 1.0714073109e-05 1.54137390318e-05 8.23094335869e-06 1.0428823787e-05 7.11875403325e-06 2.52089005388e-05 7.99570068213e-06 1.39115575781e-05 6.79495410886e-06 1.1907683177e-05 1.22085533831e-05 3.31721589771e-05 1.34997275856e-05 1.94213221748e-05 1.51839990848e-05 8.7795822431e-06 1.56651606501e-05 5.30830596479e-06 6.02409033178e-06 6.9654927186e-06 4.7532710837e-06 1.67566025837e-05 8.46353516107e-06 1.86123161313e-05 2.12984200873e-05 1.84908458163e-05 3.40194871942e-05 1.74887581917e-05 1.14663870089e-05 6.92766641912e-06 1.45690844576e-05 5.1706349563e-06 8.75389117228e-06 7.05096933876e-05 3.04243743638e-05 1.62786300984e-05 2.32131378342e-05 1.87998000766e-05 8.050516187e-05 2.12638687251e-05 4.42043946115e-05 1.99428765241e-05 1.5424868605e-05 2.46742576746e-05 1.86049594643e-05 6.68730952634e-06 2.35209286215e-05 8.20144411149e-06 2.0158788083e-05 2.45367239968e-05 1.40526283111e-05 2.07986217818e-05 5.11686500783e-05 2.40846830073e-05 9.42765522865e-05 2.43746365971e-05 2.69860434596e-05 1.5556384925e-05 2.8437032497e-05 1.73321065951e-05 4.41875393692e-05 1.82038682784e-05 3.30728201736e-05 1.6894464736e-05 7.30564338865e-05 3.84981987052e-05 2.50504692716e-05 2.05044892793e-05 7.34882327609e-06 2.72743015702e-05 9.07058612398e-06 1.25243495197e-05 8.86622857203e-06 8.10489293068e-06 1.36669294089e-05 8.77147060354e-06 2.72260368452e-05 6.85203145763e-06 2.41875444289e-05 2.7819701305e-05 4.21650649176e-05 7.87198804514e-05 2.18263500755e-05 3.64756893999e-05 1.65949648975e-05 2.98112269521e-05 0.000232911921213 3.4444853572e-05 2.49954474994e-05 1.9132345179e-05 6.61373182688e-05 3.21839078244e-05 4.41993543464e-05 1.31352252277e-05 7.2974764524e-06 1.86214188533e-05 1.1823483826e-05 6.84001166188e-06 1.99490831483e-05 4.63147377322e-06 2.05439226379e-05 5.288480578e-06 1.32456375059e-05 1.72376844069e-05 8.59913505151e-06 1.30966175768e-05 4.89228130625e-05 3.56967562259e-05 6.73717997881e-05 2.2786455761e-05 2.68951829126e-05 1.86071125164e-05 4.99095373253e-05 0.000210012783406 9.49462690918e-05 4.78607614522e-05 0.000126288689419 4.2904368355e-05 7.31459188475e-05 3.38982255402e-05 6.35752391555e-06 3.95240181658e-05 1.42349040846e-05 1.88128412806e-05 1.6791635599e-05 1.37203538741e-05 1.36123769143e-05 1.72188239168e-05 1.70357193584e-05 1.27781441467e-05 3.76443881326e-05 6.53273191412e-06 3.84039636773e-05 7.16699716911e-05 4.38288423289e-05 0.000123946428579 3.81918327834e-05 5.67769200122e-05 4.78122258359e-05 0.000407086813988 6.97166530162e-05 0.000186408078897 9.28467926539e-05 8.10645993532e-05 4.06917243894e-05 1.94508891608e-05 2.81289372863e-05 3.06644996758e-05 1.60996089173e-05 3.50434399987e-05 6.48095902321e-06 5.13797543964e-05 5.98969834912e-06 3.46528537151e-05 1.25670741594e-05 2.54399776442e-05 2.40514446289e-05 1.69913703488e-05 3.59044905166e-05 6.2530025e-05 7.20398635217e-05 0.000145095863763 4.98022848505e-05 9.44407842775e-05 0.000512908152339 0.000393505597956 0.000145937473501 0.000177704992676 6.6996983761e-05 2.80772147034e-05 0.000105514936907 2.12244955751e-05 3.28308581316e-05 3.24465954686e-05 1.95527968202e-05 3.62830892421e-05 3.20551789404e-05 2.00809204674e-05 2.41097830377e-05 2.33847745021e-05 1.38226124988e-05 6.97604716177e-05 1.93675219094e-05 4.10777920964e-05 0.000112545309073 9.45636778755e-05 0.000244434238351 0.000125995403643 0.00489834554609 0.000652229904184 0.000665997215214 0.000325823249317 9.62259768841e-05 0.000286011525783 0.000138947003711 6.69338569958e-05 0.000130633945533 5.5569946787e-05 0.000128472641652 6.73153947444e-05 0.000108966888451 3.77426474857e-05 7.67119952461e-05 3.40205763329e-05 6.05898027427e-05 0.000117541105938 2.92147771524e-05 0.000102287292266 0.000214651054589 0.000210277653549 0.00126238845617 






















