







































8.95399148758e-07 6.43810104773e-07 9.68091008501e-08 7.42832149917e-07 3.17122484621e-07 2.67036976328e-07 1.16883802359e-07 5.47526048897e-07 5.90295948959e-08 9.37837718095e-08 8.51578662238e-07 2.25431720867e-07 7.06917533712e-08 8.427588274e-07 2.78287642572e-07 1.2884129121e-07 7.83810738219e-07 2.0109797678e-07 2.03809877381e-07 7.9148063051e-07 1.31846054884e-07 2.90081414303e-07 8.74371546961e-07 7.5484987972e-08 2.42813931808e-07 9.10627952431e-07 1.06614134853e-07 6.82538513902e-08 6.25498426745e-07 1.38672901612e-07 3.33758980374e-07 4.34289737102e-07 7.8613537063e-07 1.45947363909e-07 7.75520740995e-07 6.31466733728e-07 6.11153513259e-07 2.10608277671e-06 3.51785428743e-07 4.68564042255e-07 3.67392159453e-07 7.7969953898e-07 5.28218993388e-08 7.54819598749e-07 4.79379382206e-08 1.73887594573e-07 8.16511439944e-07 7.10393040747e-08 6.74586398777e-08 4.92358334261e-07 2.04032339846e-07 2.45508048549e-07 3.55244003148e-07 2.86416403226e-07 3.20369616674e-07 3.27292148746e-07 3.03561143141e-07 3.63869413195e-07 2.71447086117e-07 2.32814769457e-07 5.4369025238e-07 8.95364448531e-08 8.76999092474e-08 9.44945737056e-07 2.24830058069e-07 7.07580980558e-08 9.09586672192e-07 9.23796829718e-08 1.03459748586e-06 5.65577752239e-07 5.05970958975e-07 4.38892096125e-07 1.41004404791e-06 7.09036281997e-07 1.77370329736e-07 2.81213518306e-07 8.110151945e-07 2.73874219002e-07 1.27211271378e-07 7.54789561093e-07 4.48454448384e-08 3.99769565511e-07 2.47352645946e-08 5.69024519109e-08 1.03038337814e-07 5.86033357263e-08 2.86365799524e-08 1.02264122119e-07 1.43563133818e-07 2.0435424973e-08 1.0657922189e-07 2.09860447424e-07 5.51419438814e-08 1.09138537277e-07 1.05020925582e-07 6.4376127774e-08 2.25503546052e-07 1.14948200726e-07 1.54995337867e-08 1.75521469984e-07 1.1845658613e-07 3.41229885999e-08 6.85248008499e-08 1.50034900363e-07 1.00035012905e-07 2.47112330927e-08 4.90374273499e-07 4.37395785347e-08 8.23201137975e-07 1.16788148463e-07 1.8285588964e-07 5.7161252487e-07 3.63239798405e-07 3.21321773722e-07 3.64921720141e-07 5.11098650958e-07 2.47335648115e-07 1.95321627303e-06 5.6939414637e-07 4.00417306672e-07 1.04736906257e-07 2.57296453277e-07 1.73664911506e-07 1.11242426536e-07 5.37366311164e-07 6.97484518762e-08 7.40411503676e-08 2.54870578708e-07 2.0418758388e-07 1.51335967296e-07 1.93514153676e-07 9.8720655016e-08 3.35026709016e-07 1.26630805487e-07 3.2630939192e-07 1.33873617843e-07 3.6521616341e-07 1.02262530743e-07 2.13254541356e-07 1.65705552623e-07 2.30381646092e-07 3.1047608884e-07 9.6965981072e-08 7.6223899358e-08 6.88283560182e-07 1.42238756234e-07 2.20240789725e-07 2.68004330166e-07 1.29265745868e-07 4.04932111787e-07 5.03875929619e-07 1.30987698668e-06 1.53245863835e-07 5.86876643457e-07 4.3966370396e-07 1.92920901977e-07 2.28246662038e-07 1.75742463548e-07 4.71627021527e-07 1.84333587322e-06 1.67846983069e-06 2.1370400198e-07 1.05952495801e-06 8.55790784544e-09 2.83658886036e-07 8.73934023617e-07 1.19739798117e-07 5.25116432508e-08 2.39148842408e-07 2.97336081839e-07 1.72599512649e-07 2.43372625893e-07 3.10474990939e-07 1.00974129877e-07 2.51684923765e-07 5.44169718906e-07 1.82215135097e-07 5.6102811013e-07 2.52993524842e-07 9.85427866762e-08 3.36773628047e-07 2.61889087594e-07 2.05520468196e-07 3.08240459183e-07 2.6466628449e-07 4.52179039167e-08 1.42394392795e-07 9.59309804639e-07 3.07220876925e-07 7.16013988863e-09 1.05068863712e-06 2.12120646936e-07 1.51231782363e-06 1.26382782472e-06 3.80791487469e-07 1.62080710826e-07 3.739123092e-07 2.72829185981e-07 3.02798796108e-07 4.86555334872e-07 4.76276137142e-07 5.98706345322e-07 1.50264873847e-06 7.4708642402e-06 1.37629066225e-06 1.78841303376e-06 3.24365973571e-07 7.43866861494e-07 6.59881331749e-07 6.51123073665e-07 3.0488852655e-07 5.93257221714e-07 1.17600133658e-06 1.99176700761e-07 8.88699350094e-07 6.25555826565e-07 4.01410663395e-07 1.00821405616e-06 5.23497403486e-07 2.74567415884e-07 1.37718910704e-06 2.68321321581e-07 5.20759915431e-07 1.02420274504e-06 4.15132907797e-07 6.82722640926e-07 9.10664332083e-07 1.90766541752e-07 1.29543633042e-06 5.88569292525e-07 3.22869153125e-07 6.58840902223e-07 6.27851760979e-07 7.78565084911e-07 2.87781272817e-07 1.64596261265e-06 1.14996861776e-06 4.59135436362e-06 1.33334946085e-06 7.33841709744e-07 5.93584991467e-07 8.04285796007e-07 3.40464463631e-07 2.23421741454e-07 6.3917896705e-08 3.05023164586e-07 2.85961580273e-07 1.17843623335e-06 1.6689388508e-06 6.99401872041e-07 3.06139049264e-07 2.14682217699e-07 7.13310294605e-07 3.85637489039e-07 2.26153492873e-08 9.24092414604e-07 3.81075230093e-07 1.08094954427e-07 8.62273855223e-07 7.75513716676e-08 1.83169854734e-07 7.79150939202e-07 1.41032184856e-07 3.19790316758e-07 4.65016487327e-07 8.67172142821e-08 4.47952302278e-07 3.14289190831e-07 1.52476208999e-07 7.99453839574e-07 1.67904362095e-07 6.31501745563e-08 8.83365412324e-07 1.24543299866e-07 3.74248129479e-07 9.06136962851e-07 3.80887937692e-09 3.58224935117e-07 6.15589891465e-07 1.55431478546e-07 3.95012770065e-07 3.90291649945e-07 1.21969823773e-06 9.08784659544e-07 3.30429071916e-07 4.90561357012e-07 8.21802804127e-08 3.96608085368e-07 6.35929985657e-07 1.87736921059e-07 1.80106350014e-07 6.85769833056e-07 2.11596721966e-06 6.055802109e-07 5.65098911382e-06 3.97000491559e-07 6.51676830809e-07 1.91023663435e-06 4.17985514637e-07 2.32351254859e-07 4.79074130117e-07 6.77486981593e-07 4.19052939396e-07 2.5901907408e-07 6.82548398048e-07 3.22121428446e-07 7.035208282e-07 5.45751441663e-07 2.74265848762e-07 8.93980272846e-07 3.04261461832e-07 3.13184159709e-07 9.01531388597e-07 2.51940881606e-07 6.01618931786e-07 6.2711964192e-07 3.23165764482e-07 7.28974000907e-07 2.18118431376e-07 4.08729129219e-07 6.9142844468e-07 4.21966532443e-07 1.83856436948e-07 2.55759015014e-07 1.76490815023e-06 5.66172907817e-07 1.50083009466e-07 3.54592092053e-06 3.03934572058e-07 1.97663490538e-06 7.61555877124e-07 2.64549424365e-07 2.94747902134e-07 8.5167606622e-07 1.37014518931e-07 5.0141771613e-08 1.20174093294e-07 7.51896079494e-08 3.41351781294e-07 2.58664008995e-07 2.38207077002e-07 6.39803859642e-07 2.51904635489e-07 7.17751854944e-07 1.56800652874e-07 4.12666649646e-07 8.99379864523e-08 2.21272526087e-07 3.04974623776e-07 7.33644717855e-08 2.27388086926e-07 1.36789769724e-07 3.07627951586e-07 9.50741630059e-08 1.46116577155e-07 1.40736024272e-07 1.3629931404e-07 1.47939596839e-07 1.55610386737e-07 8.59605782936e-08 3.31830900581e-07 1.30283264728e-07 2.17373662165e-07 5.61478297754e-08 2.57570839827e-07 2.56912042847e-07 7.19433460037e-08 3.46085959126e-07 1.08752390546e-07 6.18580928322e-07 1.4907309035e-07 5.24774354731e-07 1.70713201703e-07 3.15534476526e-07 3.89942560817e-07 7.05983292198e-08 2.09734775596e-07 6.80206459484e-08 2.48781845223e-07 1.97916797481e-07 3.05196136e-08 1.21231036508e-07 2.040401484e-07 6.65497305155e-07 4.18561522702e-07 4.8305846491e-07 2.2183878492e-07 1.58367542465e-06 9.17481962922e-07 6.40185250016e-07 1.74264473121e-07 5.27517355612e-07 8.09570872208e-07 7.94336666551e-09 8.19032520123e-07 2.22711231454e-07 7.93109756916e-08 9.33781887549e-07 1.29436101927e-07 3.91909203033e-07 8.07733656966e-07 8.90962958544e-08 4.1016820236e-07 3.92036100031e-07 1.00798981331e-07 7.80889704477e-07 4.15626424297e-07 1.30112633456e-07 9.29112326164e-07 8.30744667658e-08 1.92906046677e-07 8.23571131974e-07 9.01468781377e-09 7.76690397708e-07 4.01499685664e-07 1.60125582674e-07 6.04425001956e-07 5.29577492341e-07 1.20092966258e-06 1.23231751728e-07 4.34706474355e-07 2.88063750603e-07 6.23033995234e-07 2.12473129102e-07 1.59564099283e-07 7.39903578857e-08 3.35808310829e-07 3.49541755036e-07 1.80119366463e-07 7.87365998882e-07 9.36760616532e-07 1.77468250544e-06 1.19454969172e-06 2.57136199004e-06 5.27310622073e-07 1.07317204936e-06 8.37102985529e-06 6.72672981783e-07 8.05844750832e-07 2.48285865047e-06 1.03936408459e-06 8.40858362273e-07 4.78735206525e-07 1.06152310632e-06 1.09431518738e-06 7.2309180946e-07 1.49048001037e-06 4.32049882188e-07 1.77237950372e-06 6.75630447785e-07 4.05245632133e-07 1.43873738032e-06 3.74737583258e-07 7.22863973721e-07 1.74104337986e-06 3.85965241694e-07 1.4908765598e-06 6.56311704828e-07 1.05696588293e-06 1.12452646713e-06 4.45691283037e-07 8.12149114587e-07 8.28843406058e-07 2.12081286888e-06 5.69465221769e-07 4.17159374446e-07 5.39182243367e-06 6.58361403097e-07 4.68459730918e-07 2.17616437206e-06 1.10594654891e-06 1.90294469146e-06 1.12687221214e-06 1.05615202319e-06 3.29033393545e-07 4.94146711921e-07 1.22963539418e-07 5.22057692102e-08 9.98753178259e-08 2.68785970987e-07 4.81462161052e-07 3.05724113061e-07 5.43933827806e-07 1.77418930616e-07 5.22715572725e-07 1.18347017747e-06 1.52703323271e-06 1.62821334813e-07 1.18704647871e-06 5.24252993826e-07 9.55220156255e-08 1.01354817553e-06 6.79991111285e-08 3.04807302184e-07 6.28208930144e-07 2.98274189782e-08 5.24088471047e-07 9.89874482138e-08 1.23692635832e-07 5.56446313116e-07 1.87182988466e-07 1.70531379263e-07 5.82512131697e-07 1.10586712954e-07 1.22481170751e-07 5.11890400341e-07 3.04426134742e-08 6.112837217e-07 3.00110232301e-07 2.57504536492e-08 9.54910113452e-07 2.03214330626e-08 3.65672679184e-07 1.0404081721e-06 5.23931945917e-08 1.20184632109e-06 6.7257816713e-07 4.73270940842e-07 1.4322396804e-07 4.89920872528e-07 2.62540583675e-07 5.71060353557e-07 3.5770312407e-07 1.55924910348e-07 8.83338004646e-08 1.71413103834e-07 2.68975016136e-08 5.31717010472e-08 6.34886842051e-08 3.03296650179e-07 5.77642886305e-08 2.09165090758e-07 3.48371378094e-08 2.42685412962e-07 6.63572844092e-07 1.35956460546e-07 5.96337351828e-07 4.66738354846e-07 5.21603038139e-07 1.22168667735e-07 1.69927500428e-07 3.0247622387e-07 6.09783805253e-08 4.03396902609e-07 2.87554589879e-07 1.04055225549e-07 3.48891583455e-07 6.26997355048e-08 2.02219611013e-07 2.64407143367e-07 7.44444841615e-08 2.7388414896e-07 1.97316532926e-07 5.47099877304e-08 3.36634557203e-07 7.54687092546e-08 2.75758983921e-07 3.82802971953e-07 6.60594028436e-08 2.75980579316e-07 1.21855057354e-07 9.71929305133e-08 5.35928182606e-07 2.61694468383e-07 5.36247784685e-07 8.69973783362e-08 4.44534221901e-07 2.19142429379e-07 1.47607657995e-08 2.22006811936e-07 4.12212232999e-08 3.82490177252e-07 7.8843081817e-08 7.07535504245e-08 4.90841460446e-08 2.30251927651e-07 5.78334739847e-07 5.49231069655e-07 1.19167382264e-06 6.95251575755e-07 9.13497942183e-07 2.97359442046e-07 1.08708386575e-06 3.04851876757e-06 1.14485255543e-06 4.4921272455e-07 8.1151725904e-06 1.43912275838e-06 1.06898278469e-06 1.96486572661e-06 1.06551468344e-06 1.66953565752e-06 7.25527829477e-07 1.60870973067e-06 1.37011794094e-06 7.99373175451e-07 1.0769130967e-06 4.57110311299e-07 1.7954536899e-06 7.30001019204e-07 7.71589945497e-07 1.76212671184e-06 4.18098310179e-07 1.09569042032e-06 7.19043641317e-07 1.19072035731e-06 1.57498681576e-06 5.92123820135e-07 1.43957431958e-06 6.71352671864e-07 1.84962755168e-06 8.07579551717e-07 7.80314475662e-07 5.39405744749e-06 2.32331519657e-07 1.04652455652e-06 2.5587304983e-06 9.2096410874e-07 2.31551379016e-07 9.07500589169e-07 7.45961930313e-07 1.44042312029e-06 7.40136228289e-07 8.33845219441e-07 3.51853408507e-07 2.59364963997e-07 3.85416182185e-07 3.72566543337e-07 8.66891216182e-07 4.73085442248e-07 7.38096513747e-07 3.28984151292e-07 5.92838807028e-07 1.61619055394e-06 7.78110355501e-07 4.75833227697e-07 2.01861546452e-06 3.65206299098e-06 4.87626042092e-07 1.68622890606e-06 8.16490408298e-07 5.3921486084e-07 1.88295238385e-06 2.7976064552e-07 8.70194415281e-07 1.49613901332e-06 2.58785984169e-07 1.12301492554e-06 4.1723264182e-07 4.61290895004e-07 1.22274318562e-06 4.66491250312e-07 3.87191754087e-07 1.03368188324e-06 2.3905551166e-07 1.30451095804e-06 8.46875736356e-07 2.45426496469e-07 1.76196341851e-06 4.55399018484e-07 5.75009489056e-07 1.33781349589e-06 3.28749628812e-07 2.77636722644e-06 1.29013719054e-06 4.45096590723e-07 5.43468527394e-07 1.44313176251e-06 5.20966183153e-07 3.32544367059e-07 8.05106621407e-07 4.38605102594e-07 1.11187127282e-06 6.08960731789e-07 5.86586400206e-07 3.60904692379e-07 4.48204498239e-08 1.29003214393e-07 1.6567722221e-07 3.18857277434e-07 2.23890484806e-07 3.74968647022e-07 1.58447553349e-07 2.04533924079e-07 8.8724815095e-07 2.16889925753e-07 1.70252572825e-07 8.17507645653e-07 7.86880469724e-07 1.39562481556e-06 6.00183487475e-07 8.13665154679e-07 4.29195394549e-07 4.45734672571e-07 8.25693762175e-07 8.9184632394e-08 9.34222545537e-07 2.56165560612e-07 1.04488783468e-07 8.91831835196e-07 1.01878937428e-07 5.95199859e-07 5.64706271817e-07 1.07533223416e-07 8.29144681019e-07 1.0449014079e-07 1.82924042703e-07 9.09448203895e-07 8.46004711351e-08 7.67689690913e-07 3.10221797124e-07 3.44127642467e-07 7.67446224791e-07 3.22051946335e-07 1.18936674661e-06 4.89953869996e-07 6.18707358646e-07 1.42119839485e-07 1.22046512812e-07 7.03525027205e-07 1.52826164545e-07 1.24955628119e-07 4.3506984319e-07 1.8957972571e-07 4.01242406016e-07 2.72723059817e-07 1.82442272314e-07 5.58979442965e-08 3.94922328749e-08 2.0444400632e-07 2.3067743757e-07 1.22328554811e-06 8.22149209033e-07 5.59980075697e-07 5.2476566489e-07 6.84003903289e-07 1.32479381416e-06 8.13275197585e-07 1.93423414529e-07 2.6800211763e-06 1.52108705513e-06 4.91288635124e-07 6.62690735145e-06 1.13340747566e-06 1.63277339274e-06 1.98107161366e-06 8.74110120842e-07 1.76439657601e-06 6.320321357e-07 9.25299720378e-07 1.26696536393e-06 8.33756618598e-07 6.54354239386e-07 6.91076675082e-07 1.46731655812e-06 6.22102041646e-07 6.30750071524e-07 7.06777754065e-07 1.26552364943e-06 8.36408958448e-07 5.58688917062e-07 1.69480415563e-06 6.33558585572e-07 1.81691667573e-06 1.01139134733e-06 5.67478638111e-07 4.57749210226e-06 2.22738411344e-07 1.25813275714e-06 2.21464272997e-06 1.01304702651e-07 8.30240711544e-07 1.12960223545e-06 6.99477000941e-07 5.48753260338e-07 4.96351598418e-07 9.56532423276e-07 1.53032392909e-06 3.64923383022e-07 3.18028284343e-07 4.73408446846e-08 1.39350288616e-07 2.13243994237e-07 5.52402801581e-07 3.38695570885e-07 5.6665500458e-07 2.37045925854e-07 4.1182382233e-07 1.12406459094e-06 3.14531703558e-07 1.76977221437e-07 1.35165740122e-06 1.14163279801e-06 6.82751459247e-07 1.51802437999e-06 3.52553647356e-06 9.65966982013e-07 1.81469965795e-06 1.1200669727e-06 4.59624678356e-07 2.3325574445e-06 2.23585967652e-07 1.18305773712e-06 1.50115315799e-06 2.29217617822e-07 1.85991181675e-06 4.47753765467e-07 4.54941082479e-07 1.81638235145e-06 1.98159173939e-07 1.38419847467e-06 1.15948914143e-06 1.63087411587e-07 2.19266266475e-06 3.54884712601e-07 9.63607007282e-07 1.48668690184e-06 6.05494592511e-07 2.78232522859e-06 9.20875925256e-07 6.93916364758e-07 8.36122049629e-07 1.14465873696e-06 1.43905887605e-07 2.2007193476e-07 1.00721030375e-06 4.07122700607e-07 1.88785565769e-07 7.65630920257e-07 3.97126397347e-07 7.63891009907e-07 3.60241586083e-07 2.2323003229e-07 9.08398913613e-08 3.13397999688e-07 6.92113953882e-07 2.82687140951e-07 4.7899474854e-07 1.3475430683e-07 2.98951350383e-07 1.23195131636e-06 3.02914439121e-07 2.93980590246e-07 1.42857542732e-06 1.03368594539e-06 7.31541565729e-07 1.39181686265e-06 1.40923727466e-06 3.36065885193e-06 1.30179737686e-06 1.89254308215e-06 7.25455343691e-07 1.17288865379e-06 1.11338031813e-06 3.98388321436e-07 1.71369256877e-06 7.14585182761e-07 5.68136308172e-07 1.85809129741e-06 1.44172485128e-07 1.90364580656e-06 5.20518573401e-07 6.34667611597e-07 1.70354582121e-06 3.04364208941e-07 1.04970124967e-06 9.9141527693e-07 5.61301256324e-07 1.6335497056e-06 7.94448983828e-07 2.77724604969e-06 9.9504454585e-07 8.60965150253e-07 5.34112914805e-07 9.31499836899e-07 1.16159117088e-06 3.0470402975e-07 2.65719735793e-07 1.285464725e-06 2.77770703588e-07 9.75238397708e-08 6.47163538967e-07 3.50585349551e-07 9.43740485109e-07 5.14691228051e-07 1.37389876639e-07 2.91315029736e-07 4.8085037428e-07 1.23996825847e-06 4.07576167162e-07 7.727966425e-07 4.645264794e-07 6.34783985786e-07 1.33559120851e-06 5.5178820289e-07 1.73408491212e-07 1.76315535895e-06 1.45827609282e-06 9.36710439616e-07 2.43004030382e-06 1.66783317418e-06 1.44259511575e-06 7.71551139989e-06 1.16888097677e-06 2.28194998359e-06 2.62327198474e-06 8.61603598547e-07 2.30825337245e-06 6.68144174409e-07 1.0754533683e-06 2.4795629229e-06 7.31921173015e-07 9.67582227318e-07 9.82604794447e-07 6.66402608786e-07 2.38322504076e-06 1.03983334343e-06 5.78397890968e-07 2.06822541783e-06 5.94962854719e-07 2.05982662949e-06 2.01974764227e-06 7.04022474646e-07 5.52894771229e-06 7.39377449173e-07 1.40363830985e-06 2.19562866199e-06 6.86083131325e-07 1.26979591639e-06 1.54070499604e-06 1.47638928896e-07 5.90117739647e-07 1.34576931357e-06 7.68654237933e-07 5.64666470873e-07 9.39757511763e-07 5.36563132756e-07 1.57692374716e-06 6.31904676566e-07 3.77369121877e-07 4.48127187965e-07 9.47753785734e-07 2.96622489931e-07 6.18698725805e-07 2.09185370902e-07 3.5003127285e-07 1.29379214437e-06 3.90986654924e-07 4.53658108309e-07 1.43029636015e-06 9.93348866283e-07 6.32652576473e-07 1.30833461544e-06 1.64048940233e-06 1.61200641847e-06 2.26965266177e-06 5.35680238667e-06 1.29283780343e-06 3.35259359206e-06 1.13391507728e-06 9.41764209829e-07 2.85936136624e-06 1.9166566614e-07 1.97204833686e-06 1.8551456153e-06 2.6587028367e-07 3.92865875157e-06 3.15186821778e-07 1.70373336991e-06 2.03858369566e-06 1.33645216314e-07 2.69566414728e-06 7.12396021039e-07 9.35683803449e-07 2.95588043072e-06 7.10059651814e-07 4.09278030823e-06 1.27968106207e-06 1.36769481526e-06 1.28662812966e-06 1.13620468557e-06 5.58611500022e-07 9.11893793761e-07 1.34428265593e-06 5.08597613543e-07 3.42743734052e-07 1.35996004874e-06 4.55432641711e-07 2.13736279139e-07 7.54022242625e-07 4.16709856393e-07 1.30747324078e-06 5.54353052667e-07 2.67119727467e-07 6.48419718176e-07 1.30611036554e-07 4.3453201956e-07 1.99100662939e-07 2.23698975887e-07 8.61575384126e-07 3.46802159315e-07 1.13686094813e-07 1.1573774921e-06 7.51685497407e-07 4.55900372044e-07 1.25802335516e-06 9.72555644517e-07 9.33374270494e-07 1.9778991115e-06 9.93939618173e-07 3.49060818298e-06 1.5761857314e-06 1.27128764887e-06 9.36100429285e-07 1.1279307551e-06 8.91111860816e-07 4.23736404158e-07 1.63369514281e-06 5.75996735408e-07 8.85625746025e-07 7.49709237471e-07 5.711676271e-07 1.62967257693e-06 3.53245187064e-07 8.33563351513e-07 8.77043229154e-07 8.4721861433e-07 8.83652789865e-07 8.8543120823e-07 2.95745558959e-06 5.32554733324e-07 1.82865758331e-06 6.66925414488e-07 7.31220773643e-07 9.92821712722e-07 3.78724891003e-07 6.99852766891e-07 1.125761871e-06 7.35780913993e-08 3.80276237546e-07 9.57740104216e-07 2.16081755092e-07 2.09064685305e-07 5.78222151971e-07 2.2209812447e-07 9.51425511839e-07 2.98598285577e-07 3.01035358328e-07 1.32674491506e-06 2.82624465756e-07 1.38285223576e-06 2.21116600596e-07 5.21517937329e-07 2.1951102549e-06 4.31400686222e-07 6.19316378791e-07 1.92934267565e-06 1.71425640216e-06 8.10810299955e-07 1.51498731343e-06 1.8210592823e-06 1.99898288128e-06 3.68320869424e-06 3.17809352341e-06 2.0792091666e-06 9.94186264163e-06 1.63347479343e-06 2.77898668941e-06 3.22544856395e-06 1.01285299813e-06 4.40864900966e-06 1.05526195199e-06 1.29017640031e-06 4.80529980037e-06 4.95104760856e-07 4.6331689272e-06 1.29677484913e-06 9.59670118165e-07 4.21069855725e-06 8.31378627253e-07 2.72799695396e-06 2.36658108195e-06 1.00261055764e-06 7.40624734449e-06 1.38694054609e-06 2.671568767e-06 2.77766430428e-06 1.77821411624e-06 1.43007876163e-06 1.50638128638e-06 7.75143315539e-07 1.62981646409e-06 1.84267197338e-06 6.03688680321e-07 5.11079642439e-07 2.51539544246e-06 5.71084211359e-07 2.8310903564e-07 1.73577613777e-06 4.6711733472e-07 1.84977360877e-06 3.68777590745e-07 6.16586968252e-07 1.4019172318e-07 6.19851207445e-07 1.03621060548e-07 2.89972083414e-07 7.47435502357e-07 3.66780076513e-07 1.93281057381e-07 9.7301106944e-07 6.33466756793e-07 3.48572747247e-07 8.04875449322e-07 9.5322461138e-07 8.67486714693e-07 1.37701867411e-06 1.76885845195e-06 1.02086049131e-06 2.2221754624e-06 3.31935309383e-06 1.07818536353e-06 2.45143070288e-06 6.58194583614e-07 8.9372966812e-07 2.36732946927e-06 1.54909520927e-07 2.52037382936e-06 7.58858331218e-07 7.77870162552e-07 2.43240027955e-06 1.31331735689e-07 2.32358041219e-06 7.18265514497e-07 5.31470612436e-07 2.04618837862e-06 6.33861048498e-07 2.85118975611e-06 1.47154207421e-06 7.47016500567e-07 1.38075361141e-06 1.13906666424e-06 7.4475868327e-07 9.01070349934e-07 7.91310760098e-07 2.57097868756e-07 5.04091283781e-07 1.09831258993e-06 1.32528854879e-07 5.1879793568e-07 8.12067610863e-07 2.85732141894e-07 1.81717824224e-07 7.49057372322e-07 2.33894094326e-07 8.27659073013e-07 7.50290695822e-07 1.91584540009e-07 7.13371535008e-07 8.89945466284e-08 5.28972318615e-07 1.09841827312e-06 2.98901631141e-07 4.63524049888e-07 1.05410895916e-06 9.85712463506e-07 6.1042407378e-07 1.04099697148e-06 1.02088704226e-06 1.08521414921e-06 1.74279942123e-06 1.64318162109e-06 1.22143888005e-06 2.55863557914e-06 1.21033231606e-06 4.46045000501e-06 1.86068690797e-06 1.28724666202e-06 1.82522145382e-06 1.57503988745e-06 1.1779229395e-06 1.19307381642e-06 7.61684816701e-07 1.98050652817e-06 7.46971589408e-07 1.00503493309e-06 1.02370726149e-06 1.26090752174e-06 1.66222812453e-06 1.11285867366e-06 1.10372430425e-06 3.83827499768e-06 7.36067144447e-07 2.1962230608e-06 1.12064309752e-06 1.34243969963e-06 1.56702206499e-06 9.59915474827e-07 8.89625330273e-07 8.81302602512e-07 6.31862017996e-07 9.85934419648e-07 1.12130961955e-06 4.68762588121e-07 3.42759449781e-07 1.14703748741e-06 5.75832086729e-07 1.83391055896e-07 8.948104277e-07 2.8575861538e-07 9.50319224444e-07 6.40421566847e-07 3.40984936581e-07 1.16171778555e-06 1.5824856319e-07 5.70665029796e-07 1.37146762131e-06 3.99910106904e-07 3.13766727519e-07 1.73235988544e-06 1.0712022379e-06 7.58566788678e-07 1.36837605457e-06 1.78253530835e-06 1.29416535617e-06 1.94248602936e-06 2.4726575181e-06 1.57485547786e-06 4.35806513105e-06 2.03306518094e-06 2.36786674123e-06 9.75186838882e-06 1.35998551491e-06 4.4264196011e-06 3.54465652608e-06 9.84533106392e-07 6.42261609973e-06 3.90406131407e-07 3.52172770088e-06 3.74356430811e-06 3.71127241177e-07 6.09094570628e-06 8.41850721699e-07 3.08091984478e-06 3.95818344639e-06 8.2413444807e-07 7.53710150799e-06 1.45893562406e-06 1.77541428123e-06 3.42551882382e-06 1.44329859513e-06 2.18564499477e-06 1.6430049017e-06 1.12618778636e-06 1.69744328898e-06 1.30592295062e-06 7.24561894327e-07 1.02471036472e-06 1.88478182206e-06 2.75316340397e-07 4.50109253768e-07 1.62623704097e-06 7.51007885607e-07 2.61654255743e-07 1.42270700178e-06 5.05633299695e-07 8.4403672637e-07 3.3781228807e-07 5.90380446584e-07 7.49597638745e-08 2.19139416724e-07 7.12908897112e-07 3.42915169165e-07 1.13931491295e-07 8.45581431051e-07 8.49926582197e-07 2.09511789539e-07 7.81901776418e-07 7.11218557219e-07 7.99749164032e-07 9.50053400934e-07 7.74334456117e-07 8.63622485505e-07 1.64657243287e-06 9.98482913011e-07 1.20285859091e-06 2.11705102587e-06 3.1171203098e-06 1.50267313943e-06 2.81520782817e-06 9.12918938698e-07 1.79280026913e-06 8.16400046577e-07 5.90006700186e-07 1.84243832891e-06 5.61527293337e-07 6.4955592255e-07 1.63795243371e-06 7.85601248955e-07 2.68761626631e-06 9.71548176288e-07 2.95033226129e-06 1.4373093938e-06 9.52985838052e-07 7.01297029831e-07 1.48881868005e-06 7.4143733555e-07 4.75910875657e-07 8.86403995155e-07 7.76368379406e-07 6.13482983571e-07 7.59063165479e-07 1.75668296045e-07 9.3515835484e-07 9.15900142276e-07 7.61249235717e-08 3.39702407657e-07 9.48648245505e-07 3.26019177358e-07 9.42762830429e-08 6.77050834473e-07 4.86310444104e-07 6.57770475063e-07 1.38057404538e-06 1.08886175435e-07 2.08501111707e-07 1.0285293666e-06 7.0443647443e-07 2.75841333687e-07 1.16806269891e-06 1.13455269272e-06 7.00042604473e-07 9.25559053886e-07 1.71851158169e-06 1.34740158216e-06 1.89425377708e-06 1.99273002285e-06 1.08447202825e-06 3.35084322604e-06 1.6625003656e-06 2.60164489523e-06 4.2715782072e-06 1.58676042883e-06 1.00988037252e-05 2.76494639618e-06 1.97119990981e-06 4.97614893199e-06 1.03725414823e-06 5.42248261686e-06 1.19668121098e-06 1.3035207693e-06 4.89518215205e-06 9.27372608411e-07 4.70623391186e-06 1.68667597008e-06 1.68396944922e-06 8.00091982381e-06 9.49642915205e-07 3.82536755068e-06 2.12493324915e-06 1.39239645923e-06 3.03927767145e-06 9.00271104563e-07 1.88857847857e-06 1.65305004803e-06 1.25807113763e-06 1.65953845969e-06 8.32364244118e-07 7.96216519391e-07 1.27519253026e-06 1.08430376089e-06 3.09510131936e-07 7.51486551147e-07 1.26375427094e-06 2.77283009301e-07 1.22453767771e-07 1.58881369215e-06 7.95573528109e-07 2.06683476754e-07 6.67992264085e-07 2.19118911589e-07 3.49796984341e-07 1.52324536831e-06 6.10457402232e-07 2.47885577107e-07 1.88953493945e-06 1.26673870225e-06 4.85997804595e-07 1.90115523296e-06 1.27812873095e-06 1.7484330599e-06 2.25986914155e-06 1.95269419641e-06 1.23655237902e-06 3.31609895097e-06 1.76208896988e-06 2.31474971584e-06 5.16884355223e-06 2.3994012596e-06 4.26278141785e-06 1.0431554252e-05 1.39823139061e-06 7.47112048215e-06 1.70771194558e-06 3.22368514565e-06 5.52727216724e-06 5.20153814401e-07 5.42615073365e-06 3.05512185479e-06 1.56168066816e-06 6.42595383239e-06 9.43859398189e-07 8.730618021e-06 2.90299501353e-06 2.17773520164e-06 4.08483079483e-06 2.05266580622e-06 1.42166109083e-06 3.05545337358e-06 1.27646188494e-06 1.64009720952e-06 2.13080442021e-06 1.67473566143e-06 1.20746571523e-06 1.92001981253e-06 5.92211784329e-07 1.20110392445e-06 2.11473130044e-06 3.45189262449e-07 6.01357686195e-07 1.76129826736e-06 4.96805839877e-07 3.54966431678e-07 9.67428432697e-07 2.55831143672e-07 2.98087810551e-07 1.53601789287e-07 1.76754793219e-07 8.32131811299e-07 1.80743474905e-07 1.05499994397e-07 8.20214306085e-07 5.98888198192e-07 2.8206744158e-07 6.3179864109e-07 6.79429581045e-07 5.08400954146e-07 9.14354856076e-07 8.11856577007e-07 7.55779416673e-07 1.22545830397e-06 7.47483928121e-07 8.67473150046e-07 1.85951512345e-06 1.33655531332e-06 1.95191191756e-06 2.22050880289e-06 2.75432803005e-06 2.0767879325e-06 9.59966876982e-07 2.30272554425e-06 1.56637427779e-06 7.95642061334e-07 8.47179677593e-07 1.44435094016e-06 2.0416665745e-06 1.06212143281e-06 1.58102802515e-06 2.86095923942e-06 1.53627068485e-06 1.54271682702e-06 1.0441664379e-06 1.64923759901e-06 7.64185351588e-07 7.97615451741e-07 1.13339964517e-06 8.61948391189e-07 6.72504370081e-07 9.35137011789e-07 3.9248894633e-07 6.20602300195e-07 6.05034120431e-07 2.82751366866e-07 6.02418451853e-07 8.74663792213e-07 2.01894195847e-07 1.83193909932e-07 1.04298971958e-06 2.5397582961e-07 2.21715221055e-07 4.52700961077e-07 5.15908717124e-07 8.01583077879e-07 2.95911213623e-06 5.11547062826e-07 1.69985472712e-07 2.18127872308e-06 1.53711595583e-06 6.73571145401e-07 2.48675242262e-06 1.65608711476e-06 2.70496550701e-06 2.24076519333e-06 2.62831459253e-06 1.31178529021e-06 4.46159870172e-06 2.12350271243e-06 2.65541611955e-06 5.308847716e-06 2.86363733941e-06 6.19713706505e-06 6.28767166449e-06 2.24527226728e-06 1.93691807919e-05 1.70951614903e-06 8.13511216428e-06 5.72033264293e-06 1.2454265445e-06 1.01869271922e-05 1.07975350127e-06 5.48934163496e-06 7.19068754326e-06 9.46825702995e-07 1.49385963587e-05 1.45173808223e-06 5.47835244866e-06 5.53075501586e-06 2.77273268543e-06 4.5215877365e-06 2.39682629893e-06 1.83872349223e-06 4.27237224282e-06 1.01943287573e-06 2.75211081725e-06 2.11724371032e-06 2.73841758185e-06 1.57553928448e-06 2.53960323903e-06 6.02472482087e-07 1.7172022746e-06 2.50207498006e-06 2.53927197518e-07 6.32854594418e-07 3.50417421404e-06 1.04318372326e-06 6.05171324128e-07 3.56554229142e-07 7.68018444933e-07 1.47134456818e-07 4.50894390217e-08 6.12056147719e-07 3.81393905868e-07 2.51359754483e-07 5.54667866051e-07 5.17684999117e-07 5.69019539845e-07 8.85343685105e-07 5.54716457946e-07 6.35273063344e-07 1.19947342439e-06 6.99379438421e-07 8.08430485088e-07 1.41507986779e-06 8.09794971026e-07 1.85459899204e-06 2.53900595043e-06 1.00159072674e-06 2.68815989635e-06 2.91537450099e-06 1.86387290569e-06 2.65978812877e-06 7.86324901034e-07 1.9676937871e-06 1.79990939515e-06 7.85935780822e-07 2.47682498432e-06 1.3403738343e-06 3.00444065164e-06 1.88756608959e-06 9.56488941119e-07 2.00433013448e-06 1.87596278718e-06 6.89845267719e-07 1.23353374704e-06 7.99673106036e-07 5.63859347902e-07 1.14362138994e-06 6.06505996658e-07 4.38369561013e-07 8.64581923333e-07 5.11503183823e-07 4.56588784313e-07 4.85836459915e-07 2.61919506e-07 4.69642564138e-07 7.99399521507e-07 1.44208973618e-07 2.15448477854e-07 8.61000447954e-07 4.38969455058e-07 2.79834657939e-06 6.08166097235e-07 1.99909898578e-07 2.09458719472e-06 1.10287089502e-06 5.64168997183e-07 1.80763378774e-06 1.54029524108e-06 1.62295341663e-06 2.19104382145e-06 2.08003988754e-06 1.12317828446e-06 3.48087424785e-06 1.99215333484e-06 2.28066203539e-06 3.61276776363e-06 1.92659475072e-06 4.44801825249e-06 5.51704109777e-06 2.67430881676e-06 7.25923785791e-06 2.38754954642e-06 1.33474802692e-05 4.24936615849e-06 2.90509638794e-06 6.47067561512e-06 2.04110905277e-06 6.18031042711e-06 2.74958572481e-06 3.01903717374e-06 1.17338835036e-05 1.59366973259e-06 6.45705140983e-06 2.17330370156e-06 5.30407651726e-06 3.65142069683e-06 1.7307197718e-06 3.41124817168e-06 2.12502514959e-06 1.75543774062e-06 3.26196096157e-06 1.05263892846e-06 2.06525149936e-06 2.41560944133e-06 1.49505893599e-06 1.6557188949e-06 2.01145862571e-06 5.09684614918e-07 1.27406621047e-06 2.39965621378e-06 3.08837458928e-07 8.05730801979e-07 3.92796493213e-06 1.92064031824e-06 2.07152349196e-07 2.82780878953e-06 1.57752291427e-06 1.03885665688e-06 1.31473200116e-06 1.3256807039e-06 1.67608796937e-06 1.60805195304e-06 1.60884206543e-06 1.90736700713e-06 2.45717686783e-06 1.90443155284e-06 1.91606365829e-06 3.80512841347e-06 1.76005081463e-06 3.55772591406e-06 4.4766784606e-06 2.20000597585e-06 7.7712847447e-06 2.36619876158e-06 5.26816732495e-06 1.40498299474e-05 1.27118600915e-06 8.70649757974e-06 2.74631579269e-06 2.78044559856e-06 8.25042587e-06 8.98374980526e-07 1.16883928994e-05 3.77083241118e-06 1.99939051814e-06 7.0353773623e-06 2.2068497979e-06 3.86830429974e-06 3.52687684736e-06 1.65766719479e-06 3.770928926e-06 1.9317602605e-06 1.84103097563e-06 2.44270830639e-06 1.90666090959e-06 1.81874054725e-06 1.63125804095e-06 1.72554849022e-06 1.47997982115e-06 1.34583005025e-06 1.15577854159e-06 1.66620004891e-06 3.13019062552e-06 2.53400007743e-07 2.67427988852e-06 2.34848064705e-07 9.26480660989e-07 3.97385228004e-07 2.27310013436e-07 4.90352105022e-07 4.21087104558e-07 5.54149239869e-07 7.1303719562e-07 6.21831357697e-07 4.05558649515e-07 1.26619277251e-06 5.66685962273e-07 5.850948692e-07 1.09627037999e-06 6.30302364919e-07 1.08222570618e-06 1.74530890401e-06 8.07452695909e-07 2.37019285039e-06 1.0712846398e-06 2.44684453813e-06 2.2687824352e-06 2.80932680091e-06 1.98033552694e-06 1.94494526798e-06 2.16671072082e-06 2.11976481206e-06 1.6913621007e-06 3.11299289561e-06 1.57366808156e-06 2.33475884845e-06 9.79325616904e-07 2.16530411075e-06 6.41194716897e-07 1.66811589504e-06 1.0544283359e-06 5.74609374779e-07 8.83504421903e-07 5.81640473262e-07 4.24459092009e-07 1.36071015422e-06 3.03148172738e-07 6.76914103883e-07 7.41158186292e-07 4.89576485319e-07 4.45826732503e-07 6.62723242223e-07 2.26575495952e-07 4.49874940267e-07 9.86260316079e-07 3.01939590652e-07 9.09250907467e-06 1.01740881204e-06 5.61621822555e-07 1.82287488246e-06 2.04720476016e-06 1.89290051295e-06 2.12513828225e-06 2.3500151603e-06 2.27763034672e-06 3.23038963928e-06 3.05702454545e-06 2.02986779675e-06 4.17490954716e-06 2.03643887246e-06 4.38782758458e-06 4.79059309479e-06 2.45714951133e-06 7.60184874197e-06 2.77481392907e-06 7.59130240099e-06 7.83549767223e-06 2.45444757251e-06 2.06230207817e-05 3.27793959606e-06 8.27014410547e-06 7.96008098046e-06 2.28039951307e-06 1.6975348621e-05 1.80050627789e-06 7.36762720331e-06 6.73897504964e-06 2.73226388343e-06 7.16252652374e-06 2.4842545274e-06 4.43996744073e-06 4.25587758183e-06 2.00241050316e-06 4.23954281828e-06 2.07887296972e-06 3.15625296793e-06 3.05507356558e-06 2.27792567383e-06 2.36105710602e-06 2.12100116641e-06 2.10272033795e-06 2.27495853135e-06 2.04063478953e-06 5.85718256644e-07 1.18954543859e-06 1.16990564884e-05 4.51681276116e-06 2.80977959656e-07 1.63673356044e-06 1.07357934064e-06 9.60669132402e-07 1.11080783941e-06 1.45428330343e-06 1.18460401984e-06 2.18897381961e-06 1.23183531431e-06 1.58501198036e-06 1.99396321767e-06 1.46446390332e-06 2.54485859934e-06 3.30764053651e-06 1.02744598254e-06 4.22714460021e-06 1.65263707156e-06 4.29145831319e-06 5.25468821115e-06 1.8942842179e-06 5.24081159283e-06 7.74768392491e-06 3.47844306348e-06 5.90952432226e-06 2.74011531185e-06 7.98406902431e-06 4.10179465971e-06 1.88004963685e-06 4.3228088845e-06 4.1164613082e-06 1.38844805975e-06 4.09709536027e-06 8.48024394363e-07 2.99544405452e-06 2.58853960368e-06 1.54421318013e-06 1.9526258304e-06 1.52883854311e-06 1.02209313141e-06 2.1168455745e-06 1.09992320802e-06 1.47032016432e-06 1.19303267027e-06 1.14601176377e-06 1.27124064995e-06 1.81895873104e-06 3.14329614013e-07 5.59247822209e-06 2.72782361585e-06 2.73901438156e-06 1.38731552948e-06 1.22067526359e-06 1.73583603978e-06 1.66058178698e-06 1.60946318759e-06 2.98787558508e-06 1.61824337771e-06 1.87982716737e-06 3.33894371898e-06 1.42314594755e-06 3.05784248948e-06 3.78486688897e-06 1.77415464893e-06 4.50209449935e-06 1.92787734226e-06 4.98678699461e-06 5.0600705329e-06 2.52960691019e-06 6.80874367483e-06 3.74431553687e-06 1.10597374193e-05 4.69689428956e-06 3.82354620729e-06 1.10405760247e-05 2.8565787664e-06 6.29880413491e-06 2.29656746909e-06 4.82293248202e-06 4.36711436114e-06 1.93161986349e-06 4.13620291444e-06 1.71363956221e-06 3.59331416379e-06 2.95081878914e-06 1.41745867364e-06 3.20627250922e-06 1.92794792775e-06 1.5366337205e-06 3.01363799311e-06 1.55456105029e-06 1.76240304727e-06 1.83405301981e-06 1.20436794984e-06 1.48535492903e-06 2.74282838477e-06 3.31514473292e-06 1.04151551334e-05 2.63728229878e-06 1.92171346832e-06 3.1216824094e-06 1.80120943075e-06 1.6314985175e-06 3.92649252199e-06 1.86833180208e-06 2.00484030261e-06 3.21361454791e-06 2.37123702927e-06 3.0508925359e-06 5.07937935498e-06 2.2756707406e-06 6.71098071419e-06 2.23259851089e-06 6.43945685504e-06 6.52427685185e-06 2.85661003977e-06 1.0327755163e-05 5.25307507134e-06 6.21359007774e-06 1.97223573049e-05 2.68633109294e-06 1.75989689529e-05 5.40304469366e-06 4.60177803629e-06 9.64553623788e-06 2.98181251342e-06 5.93655348928e-06 6.55595224491e-06 2.15476621863e-06 6.64830140033e-06 2.2185554151e-06 5.11170201451e-06 2.86804721052e-06 2.333986843e-06 3.06720464737e-06 2.06792331324e-06 1.91023335712e-06 3.84541093151e-06 1.603867442e-06 1.86775728315e-06 3.15999128618e-06 2.00029598886e-06 2.83466085663e-06 1.14690272879e-05 5.44195693128e-06 1.31812573072e-06 2.35225804754e-06 1.25909902961e-06 1.07744514089e-06 1.92181512132e-06 1.16063791216e-06 1.50603724237e-06 2.10200172654e-06 1.17077834152e-06 2.6772175514e-06 2.29613732249e-06 1.44306113487e-06 3.86593587078e-06 1.52957195056e-06 3.20304445982e-06 3.52988831442e-06 1.66439026056e-06 4.85177999568e-06 4.54524515017e-06 3.74294409079e-06 5.74312988472e-06 6.88594882215e-06 8.38057696927e-06 4.60456434447e-06 3.65589830669e-06 4.1892655759e-06 4.86917738844e-06 1.51786778774e-06 3.60635408175e-06 2.90919679992e-06 1.49054262048e-06 3.79472128643e-06 1.34303954745e-06 1.98864665661e-06 2.81323726912e-06 1.11495385996e-06 2.25360499082e-06 1.49870668094e-06 1.27967068922e-06 1.80784538785e-06 1.02555664959e-06 1.40255755484e-06 2.33100727094e-06 1.51822841788e-06 5.79755634909e-06 1.15148009287e-05 5.85203539332e-06 5.18360458392e-06 4.06123816035e-06 4.51544074377e-06 1.7056352631e-06 2.61948294431e-06 4.91913765131e-06 2.15653055233e-06 3.89912916751e-06 7.28133407671e-06 2.2711070353e-06 7.88164920582e-06 2.72310364398e-06 8.0349298494e-06 6.68483823861e-06 3.05746229458e-06 9.97643496637e-06 6.98233427515e-06 8.68934483573e-06 1.16679163161e-05 4.55732772049e-06 3.65058635205e-05 4.55732772049e-06 1.16679163161e-05 8.68934483573e-06 6.98233427515e-06 9.97643496637e-06 3.05746229458e-06 6.68483823861e-06 8.0349298494e-06 2.72310364398e-06 7.88164920582e-06 2.2711070353e-06 7.28133407671e-06 3.89912916751e-06 2.15653055233e-06 4.91913765131e-06 2.61948294431e-06 1.7056352631e-06 4.51544074377e-06 4.06123816035e-06 5.18360458392e-06 5.85203539332e-06 1.15148009287e-05 1.26914186532e-05 4.11528749276e-06 2.3849979261e-06 4.03185861245e-06 1.34135912655e-06 1.75863309499e-06 3.1888514147e-06 1.962987598e-06 2.96689996532e-06 3.65296130115e-06 2.13986933603e-06 4.58576832016e-06 1.95136379899e-06 5.26104771522e-06 5.21368969595e-06 2.08893219285e-06 6.25047494392e-06 4.47787307383e-06 5.72172325856e-06 9.68671512506e-06 3.90569827302e-06 1.31273136962e-05 1.07187370617e-05 4.6008511678e-06 8.67424144281e-06 6.33286840287e-06 4.09131522883e-06 6.17080430229e-06 2.00529926981e-06 5.12340733025e-06 4.96987743884e-06 1.88209001322e-06 4.30507030037e-06 1.96932530221e-06 3.28303214451e-06 3.00898309675e-06 2.07180899074e-06 3.12476099332e-06 1.66892421383e-06 1.23507541923e-06 3.7475009197e-06 2.39383743058e-06 3.69091084835e-06 1.2136421341e-05 1.0956788509e-05 3.31972502623e-06 6.4171958425e-06 2.64111780768e-06 3.3360845776e-06 3.82599164481e-06 2.2258324067e-06 5.19856912147e-06 4.23191568978e-06 1.89060366722e-06 6.3766786058e-06 1.69222083654e-06 5.93106244828e-06 5.53657978024e-06 2.31446221091e-06 6.22975110422e-06 4.97333569293e-06 4.9783679334e-06 9.67351008623e-06 4.01270880188e-06 1.62702049464e-05 4.22752363172e-06 1.81581277022e-05 4.88278039574e-06 1.00475679196e-05 5.24071854518e-06 4.99253164477e-06 6.464598703e-06 2.3988694688e-06 5.93924898582e-06 5.79591765392e-06 1.78606604777e-06 6.38803735975e-06 1.82861387267e-06 4.10148023581e-06 5.10855686005e-06 2.01310279863e-06 3.92420143672e-06 3.33829686534e-06 2.58213031146e-06 5.98659470595e-06 3.09138380332e-06 9.70843221427e-06 1.28085599453e-05 9.39649317486e-06 4.40690658276e-06 3.87023118032e-06 5.73893129602e-06 2.54596147123e-06 5.84535114374e-06 6.9391232229e-06 2.77855664046e-06 7.32730316705e-06 3.21745741235e-06 5.80768197455e-06 6.8820431101e-06 2.77356500267e-06 1.04993418803e-05 5.85282095033e-06 7.09561777931e-06 1.13196062363e-05 6.35958568677e-06 2.18291133363e-05 7.49184741708e-06 9.45028808374e-06 2.02403832985e-05 7.83260209992e-06 1.09131093656e-05 7.71895787419e-06 5.83029726077e-06 1.06341491102e-05 2.70598191895e-06 6.88676287774e-06 5.62176642857e-06 3.11938013018e-06 7.51582835419e-06 2.32762579113e-06 6.76376720118e-06 5.54913574015e-06 2.2928742657e-06 5.5039258171e-06 3.45676701685e-06 4.07111137778e-06 8.46378796162e-06 1.12600999952e-05 2.49836704547e-05 5.62602049109e-06 4.82953854719e-06 6.12210291466e-06 3.73142138545e-06 5.52389133463e-06 6.49048577125e-06 3.84518682022e-06 7.34426979054e-06 2.64729143442e-06 9.48671906876e-06 6.19949915917e-06 3.31193192945e-06 9.52801458114e-06 7.29178933544e-06 6.41311076761e-06 1.18543993037e-05 4.24869070812e-06 2.22656569319e-05 7.21863715412e-06 1.07704625808e-05 8.12242586096e-06 2.45142078058e-05 5.51551643021e-06 1.20815297343e-05 6.67204524974e-06 7.52258604725e-06 9.44786595166e-06 3.50176423346e-06 6.29089859979e-06 9.65466957336e-06 2.74073158588e-06 7.18094957689e-06 3.76541579741e-06 6.17447351323e-06 5.18738602124e-06 3.75862671848e-06 5.54150225605e-06 4.21822008518e-06 4.81130942339e-06 2.03075911537e-05 1.35422222867e-05 6.66937606303e-06 9.35264683775e-06 4.61938629703e-06 5.74322469088e-06 6.20193608272e-06 3.69459416787e-06 9.0464859923e-06 3.4305361304e-06 7.05065166266e-06 8.77885539237e-06 2.51643142184e-06 1.0928121083e-05 6.60825661138e-06 9.13898791907e-06 1.1216590606e-05 6.08893349949e-06 2.11290034134e-05 8.89118603485e-06 1.21292652021e-05 1.07710192372e-05 1.1003207842e-05 2.02619197245e-05 7.51231457011e-06 1.10549571248e-05 1.02184823059e-05 6.49780770781e-06 1.14381749792e-05 2.36965501291e-06 8.57619453594e-06 6.88495402103e-06 3.12319930935e-06 9.20322186422e-06 3.14336835966e-06 5.66569606936e-06 5.40097204747e-06 3.87624695259e-06 8.40993572235e-06 5.53041031921e-06 1.03860582854e-05 1.68798179118e-05 1.09547910414e-05 5.89341529848e-06 6.96355924739e-06 7.86214321817e-06 3.72424001084e-06 9.69385799221e-06 3.86357417921e-06 8.95219117731e-06 6.82776709754e-06 4.14009679365e-06 8.40065324705e-06 8.39825806414e-06 7.03541558246e-06 1.41630236723e-05 4.61640316518e-06 2.28778566813e-05 7.26876653725e-06 1.19601721489e-05 1.04466980197e-05 1.21315738077e-05 8.97377022975e-06 2.50356103159e-05 6.04011564189e-06 1.48395595599e-05 7.50237318074e-06 8.72569637931e-06 8.75203076162e-06 4.1091032501e-06 6.85367738861e-06 9.35639389787e-06 3.49846827006e-06 9.74259148735e-06 3.30241179372e-06 7.42880630897e-06 6.26293822883e-06 5.080843008e-06 9.58379139547e-06 1.27900342259e-05 2.74406192695e-05 5.36430902153e-06 8.5452486883e-06 8.68297269824e-06 3.13468800131e-06 7.75165706562e-06 3.31675509258e-06 8.2727415481e-06 7.48419879038e-06 2.68648511289e-06 1.10876239351e-05 5.33444231058e-06 7.80756469116e-06 1.14879124385e-05 7.02793562898e-06 1.90957282675e-05 7.89000566411e-06 1.05471110889e-05 1.12475755271e-05 1.24247358329e-05 1.00835330309e-05 1.00513853119e-05 1.78586337953e-05 8.5215055464e-06 1.11298247559e-05 8.88768892497e-06 5.10820249854e-06 1.14227116057e-05 2.43927079261e-06 7.40110403774e-06 7.98978625066e-06 2.89192605698e-06 6.94657186586e-06 2.69210437541e-06 7.46465409026e-06 7.85752855286e-06 4.22618888647e-06 1.97515213676e-05 1.70419780845e-05 1.31530595243e-05 1.49194450852e-05 5.20501608569e-06 1.20900242237e-05 4.33948708075e-06 1.24335276211e-05 1.12327915529e-05 4.57264766412e-06 1.25250947792e-05 1.1337072777e-05 7.92311386171e-06 1.76580090003e-05 7.20049843472e-06 3.08675216845e-05 8.51795006388e-06 1.42575893875e-05 1.29813848624e-05 1.63813489045e-05 1.38030538626e-05 1.42095493991e-05 9.91010524884e-06 3.2737771597e-05 8.97817932152e-06 1.8519111934e-05 7.87488222337e-06 1.17350733633e-05 1.21561949041e-05 4.64556512812e-06 1.03419865214e-05 1.23958791835e-05 3.89487167523e-06 1.10849795752e-05 4.24235059941e-06 1.25950754576e-05 1.08167627888e-05 1.17988503356e-05 3.76324357794e-05 1.66426263652e-05 6.2477403692e-06 1.45947345884e-05 4.46088592404e-06 1.08438736219e-05 1.05833454818e-05 4.51601075871e-06 1.32616913867e-05 7.61703649553e-06 1.19859951853e-05 1.3357679579e-05 9.0945374887e-06 2.69241491131e-05 1.20172667294e-05 1.14052190314e-05 1.32203614672e-05 1.4741191323e-05 1.41465143262e-05 1.51998661701e-05 1.0703267042e-05 1.44229170518e-05 2.4833178015e-05 1.06923633024e-05 1.27544993813e-05 1.2550057014e-05 7.19328374105e-06 1.28076268685e-05 4.15013816744e-06 9.55710615692e-06 9.73433459653e-06 3.60234389223e-06 1.26651903274e-05 5.30728627786e-06 1.23177279017e-05 2.52393253942e-05 4.37448574245e-05 7.45198660041e-06 2.05280312506e-05 5.58874838607e-06 1.36535404395e-05 1.14402837974e-05 6.2741927246e-06 1.64781058721e-05 1.05195712706e-05 1.08870389228e-05 2.35633227869e-05 7.06303076759e-06 3.66292957214e-05 1.14291397431e-05 1.72413404264e-05 1.145359062e-05 1.72179029413e-05 1.37374714637e-05 1.74872140187e-05 1.23799809779e-05 1.72168820215e-05 1.33141604769e-05 3.99774251034e-05 8.82517023958e-06 2.46815248309e-05 1.09257556028e-05 1.08608402809e-05 1.58169463981e-05 5.82667714195e-06 1.03116591217e-05 1.23462221803e-05 4.7611312055e-06 1.73194259516e-05 5.9919123168e-06 2.90468790311e-05 1.88866220473e-05 2.19229340747e-05 6.24093776111e-06 1.54333292195e-05 1.07280994653e-05 4.53747953741e-06 1.47643026038e-05 9.08801557576e-06 1.09918896397e-05 1.49552034181e-05 1.09841804766e-05 2.7239075487e-05 1.28589063291e-05 1.34281638139e-05 1.5495730437e-05 1.21310154976e-05 1.28132129466e-05 1.39913805051e-05 1.15060240996e-05 1.68186655112e-05 1.22719691157e-05 1.52362340405e-05 2.47004494568e-05 1.24310728354e-05 1.46835949779e-05 1.07052798466e-05 8.67337161501e-06 1.40375512222e-05 3.89775357866e-06 8.87976579504e-06 1.27398410691e-05 5.29587203082e-06 1.56658601365e-05 1.18450126526e-05 8.28093699808e-05 8.76310279493e-06 2.7874228136e-05 1.71408007134e-05 6.48736735271e-06 1.85806434663e-05 1.50553415679e-05 1.80276517579e-05 2.47149163842e-05 1.28940713837e-05 5.24987867526e-05 1.40310376888e-05 2.28289576201e-05 1.8033993349e-05 2.299765468e-05 1.41538967397e-05 2.00461245901e-05 1.44456147887e-05 2.28711643828e-05 1.88932626471e-05 2.30856436416e-05 1.5812822816e-05 5.72616499337e-05 1.44067682459e-05 2.56533935451e-05 1.78820438637e-05 1.46348532786e-05 1.76765895485e-05 6.12595588994e-06 1.4574582561e-05 2.24807038163e-05 6.41164799946e-06 5.03097209164e-05 2.64748484634e-05 2.88600777183e-05 1.96850501905e-05 7.30174672022e-06 1.96378307694e-05 1.23894960831e-05 1.71825112554e-05 2.42807951678e-05 1.2584469085e-05 4.05960448043e-05 1.94498387824e-05 1.49021289812e-05 1.92604518207e-05 1.62073614908e-05 1.69857515627e-05 1.35049516943e-05 1.2490849833e-05 1.75197264997e-05 1.52738878575e-05 2.07918389842e-05 1.35125222644e-05 2.1623272344e-05 3.75936187608e-05 1.35655267688e-05 2.4222943355e-05 1.65124458315e-05 1.06881254232e-05 1.75250548695e-05 6.27012165481e-06 1.57698288096e-05 1.98240670525e-05 1.58902652697e-05 8.15503504038e-05 2.71347926003e-05 1.12357622155e-05 2.59494439687e-05 1.60338611883e-05 1.713671812e-05 2.73681649851e-05 1.74446673628e-05 4.86293291812e-05 1.92712560926e-05 2.41173067302e-05 1.75480737809e-05 2.06344132746e-05 1.69406516567e-05 1.86797158901e-05 1.23577251643e-05 1.83305906813e-05 1.66819754902e-05 2.09419419895e-05 1.72852145454e-05 2.44674571986e-05 2.0850328227e-05 4.81212389502e-05 1.81334831715e-05 2.68666657324e-05 1.57237128202e-05 1.37587666102e-05 2.24030368534e-05 9.06833920539e-06 1.96657890917e-05 4.67809543432e-05 9.15896877966e-05 1.58872879875e-05 3.86299556243e-05 2.26682387242e-05 2.22664793228e-05 2.89575107556e-05 2.26710974554e-05 6.32245723275e-05 2.33722340678e-05 2.35691619648e-05 2.7700175983e-05 1.76640689069e-05 2.05504976789e-05 1.80098018958e-05 1.66733323985e-05 1.65663223152e-05 1.73960131127e-05 2.09818421087e-05 1.67748641888e-05 2.90247098917e-05 2.2251588158e-05 2.47356765074e-05 6.42031957932e-05 2.28220758932e-05 2.76663927749e-05 2.05675550406e-05 1.8987850636e-05 3.22000777486e-05 1.14521060915e-05 4.95856001682e-05 4.1862229947e-05 5.23212120809e-05 3.06200777169e-05 3.10749388808e-05 3.94686943918e-05 2.23477429001e-05 7.42708924347e-05 3.0399224605e-05 2.59176446475e-05 2.67173722882e-05 2.64831215067e-05 1.86959113551e-05 1.99671920868e-05 1.65073893504e-05 2.17352908727e-05 1.63868130416e-05 1.96508763207e-05 1.83919611077e-05 2.58801488182e-05 2.6389014369e-05 2.41697598337e-05 3.13959856807e-05 7.17386874309e-05 2.16111629351e-05 3.6098045228e-05 2.70262524408e-05 2.38803326024e-05 3.78518801354e-05 2.24725967712e-05 0.000139301436272 3.56854769688e-05 3.86865764838e-05 4.69229625718e-05 2.53572958272e-05 7.08251270908e-05 3.30532595977e-05 2.74369952035e-05 2.74830333677e-05 2.20358356017e-05 2.35267827117e-05 1.63634560128e-05 1.56811001915e-05 1.87873484545e-05 1.84091460281e-05 1.64357691946e-05 1.52223556211e-05 2.3501190262e-05 1.98141000249e-05 2.71555719176e-05 2.49286058859e-05 3.27513420716e-05 6.27868102224e-05 2.26738413442e-05 3.99584060974e-05 3.14415528714e-05 2.34998102635e-05 7.14867650864e-05 0.000105831587843 5.34428738509e-05 6.34987692714e-05 4.05400501533e-05 9.55368821861e-05 3.69945020961e-05 3.73711252602e-05 3.49856055228e-05 2.56405906247e-05 2.45818300023e-05 2.40809368965e-05 1.68378324691e-05 2.1897871185e-05 2.04650574508e-05 2.24873190284e-05 1.60470186027e-05 2.27416247621e-05 2.23716198915e-05 2.38802419464e-05 3.36098800039e-05 3.29991023702e-05 3.52820381876e-05 8.33570975332e-05 3.49361696941e-05 5.05005677498e-05 3.76369212347e-05 5.27826518169e-05 0.000186770585002 0.000101590093727 6.41389710936e-05 0.000151574746069 5.22438655676e-05 4.41254485276e-05 4.85161823934e-05 3.54172590202e-05 3.26880493361e-05 2.75147916609e-05 2.68956411584e-05 2.44462376827e-05 2.54315705078e-05 2.59436663967e-05 2.38612915811e-05 2.64218673248e-05 2.44510551792e-05 2.95921793876e-05 3.24876833462e-05 4.41003519041e-05 3.61178042593e-05 4.68737910364e-05 0.00012978156147 5.38894979376e-05 7.0274506704e-05 0.000100908790516 0.000336287849394 0.000102676854301 0.00024158999135 8.02528085746e-05 5.70367275462e-05 5.6950032236e-05 4.85450178536e-05 4.58839218598e-05 3.55689815428e-05 2.96952173645e-05 4.01284419719e-05 2.61721467194e-05 3.37516170769e-05 2.56794381824e-05 3.87746282239e-05 2.72404852651e-05 3.2033166791e-05 4.005474998e-05 4.20230953444e-05 4.88769479994e-05 4.32260593087e-05 7.09047104548e-05 0.000200280620401 7.75331888166e-05 0.000186956721243 0.000348198500196 0.0003964922099 0.000130442774353 8.7897878074e-05 8.08487702492e-05 5.57593505869e-05 5.89469445066e-05 4.80184162175e-05 3.74115078322e-05 4.26330422186e-05 4.20355348885e-05 3.44845711591e-05 3.19059246648e-05 4.17443496409e-05 3.78030375126e-05 3.23069277432e-05 4.06918593054e-05 4.75230854747e-05 4.36737867352e-05 6.06416020353e-05 5.94697683991e-05 0.000106032688459 0.000278900387856 0.000185410788786 0.00323834973852 0.000444496030792 0.000283956734677 0.000257900624981 0.000161926629702 0.000135338839883 0.000133371504155 9.92193970417e-05 0.000110712632484 8.55381082964e-05 0.000113684687678 5.93451210476e-05 0.000105460434415 7.718380497e-05 8.89343459036e-05 7.93291634446e-05 9.64268952576e-05 9.43883614315e-05 0.00010434096041 0.000162257196072 0.000156959614367 0.000272242418326 0.00147783122242 






















