














































7.36329784348e-07 6.67275423837e-07 1.99201621976e-07 1.31571353139e-07 2.05782295442e-07 4.22313592652e-07 1.531998188e-07 1.59913340127e-07 5.03695879511e-07 2.9101779838e-07 1.74542646347e-07 3.00336370773e-07 7.94718233293e-07 5.45637830042e-07 6.87131522846e-07 1.82943205534e-06 3.31782422628e-07 3.32389178485e-07 1.41609473482e-07 5.18992357196e-07 1.17818259062e-07 3.00415519924e-07 3.03812968895e-08 1.73509264628e-07 2.02459009184e-07 1.7811186697e-07 1.41432719293e-07 1.76447381397e-07 4.61790166627e-07 2.6956747913e-08 4.61697452699e-07 3.21720109743e-07 2.44471404805e-07 3.95030370183e-07 2.46286279838e-07 2.16725714041e-07 6.67962406902e-07 2.22060093217e-07 2.42841875829e-07 4.21107671616e-07 2.64312705874e-07 3.61641592708e-07 5.29204512678e-07 3.44814531987e-08 5.60817054349e-07 2.20855029508e-07 1.91514988716e-07 2.28550430299e-07 2.75591232952e-07 2.42822692092e-07 3.72910914289e-08 4.83662565398e-07 1.98058791947e-07 8.57904849075e-07 2.40227184316e-07 4.19365542258e-07 4.0351514492e-07 1.24839879118e-06 8.59209105514e-07 1.39999808459e-07 2.94455090862e-07 5.69721342986e-07 2.91752228625e-07 1.27992998474e-07 3.2145175489e-07 6.81790898187e-08 1.06351583908e-07 2.19279733234e-08 1.25533177509e-07 5.8391722304e-08 8.36017523859e-08 2.33051015273e-08 1.15215949683e-07 2.17055928527e-07 3.29803104182e-09 1.70728393045e-07 1.01996298759e-08 2.01244632829e-07 5.86088522329e-08 1.14437196216e-07 1.04137170892e-07 1.4964041677e-07 2.40451561466e-08 1.58975362863e-07 9.91611483964e-08 1.15337894361e-07 5.36439517287e-08 2.25318870903e-07 1.98713560602e-08 2.16980411881e-07 1.09731046741e-08 2.57524316745e-07 1.57096298837e-07 2.36077425197e-08 1.17900431431e-07 8.8715286209e-08 2.0288208603e-07 3.15783093595e-08 1.67673126426e-07 8.76589657736e-08 4.00867175334e-07 1.11478524722e-07 1.89081979508e-07 4.4925572396e-07 3.84002765177e-07 2.58290279937e-07 3.15755816515e-07 3.4705124705e-07 4.03184609856e-07 1.69625501876e-06 5.16447643145e-07 6.5473254288e-07 2.30973260342e-07 1.92113440015e-07 5.75665210615e-08 1.14893685155e-07 2.40226093764e-07 1.14182645953e-07 5.80957327569e-08 1.06171203546e-07 2.12288711599e-07 9.81297603763e-08 1.34043418114e-07 2.225816255e-07 4.34309369434e-08 3.25080590949e-07 2.58881342992e-07 5.10852936164e-08 3.39892286119e-07 1.33117718923e-07 1.40507330353e-07 3.61763693745e-07 6.6139379015e-08 2.62308245099e-07 3.96291445102e-07 5.16520144245e-08 2.65588389267e-07 1.62593421128e-07 1.28902264065e-07 2.55046361122e-07 1.81632960423e-07 8.0808117125e-08 1.48398070789e-07 3.87677943017e-07 1.60632253386e-07 1.04342379278e-07 2.82186052656e-07 3.36447847765e-07 8.12792007823e-07 5.29282893442e-07 1.18928330559e-06 2.60718905692e-07 4.78009705814e-07 4.24014348873e-07 2.38896432836e-07 1.24697764973e-07 4.84628820718e-07 1.46825195035e-06 1.48425698317e-06 2.86758309026e-07 4.87890816362e-07 5.67007280105e-08 2.1764282496e-07 3.58962834102e-07 1.69059767453e-07 2.66772039039e-08 2.1683626867e-07 2.57619423079e-07 8.52584435216e-08 3.37841067472e-07 2.88638030573e-07 7.96269348537e-08 5.42309110549e-07 5.45596030409e-08 3.00826626209e-07 3.99746866862e-07 7.16692029219e-08 2.82343896366e-07 2.88986705396e-07 7.0393038533e-08 4.21455704661e-07 3.47225638839e-07 5.31997442669e-08 6.31265065832e-07 7.54638175624e-08 3.38116206585e-07 4.07897602254e-07 1.02717379749e-07 2.92089739129e-07 2.8647382034e-07 3.50019959812e-08 2.08898940848e-07 4.55933950017e-07 2.26638004375e-07 5.38668262616e-08 5.33398712398e-07 2.9823156837e-07 1.39217226912e-06 1.10046581288e-06 5.29059317797e-07 1.26385751248e-07 4.97533625683e-07 5.25098255483e-07 3.17642025251e-07 4.47917198404e-07 1.30398385362e-06 5.75819102578e-06 1.1910859095e-06 1.49905013913e-06 4.25764555105e-07 3.0209783766e-07 1.14904836348e-06 5.13559638455e-07 1.48924668564e-07 1.09208314245e-06 5.84571951666e-07 2.05640265184e-07 7.82564366139e-07 1.86675609523e-07 5.76270261431e-07 7.59855575333e-07 2.2088434702e-07 6.00258125519e-07 3.6771899889e-07 4.7925287224e-07 4.34154842201e-07 4.29183711813e-07 4.67689758128e-07 4.57419947213e-07 5.217728388e-07 4.26521106491e-07 6.6554382737e-07 2.42842538005e-07 9.11220336628e-07 6.2755556315e-07 2.01134073087e-07 9.15379230857e-07 2.32726868554e-07 7.13001084492e-07 1.28621457369e-06 1.89312992158e-07 6.09131043795e-07 1.33453092924e-06 3.00893737009e-07 4.39963876182e-07 1.40552052543e-06 1.13823994171e-06 3.87515926666e-06 1.266194331e-06 6.64950384253e-07 5.1851565937e-07 1.04495137269e-06 4.21868973076e-08 6.49431253636e-08 1.27947805392e-07 2.48410408292e-07 1.1978587775e-06 1.41167905592e-06 7.8203392474e-07 2.79159032929e-07 2.46404287567e-07 8.6430798051e-07 1.62747655884e-07 2.16652489274e-08 7.41601680805e-07 1.65219340538e-07 1.70302791692e-07 2.90243566691e-07 1.81982023566e-07 1.89450840843e-07 9.79564175659e-08 3.49909670565e-07 1.83974919225e-07 2.07485048676e-07 1.78302478258e-07 3.41447109922e-08 3.5279890222e-07 1.4659058488e-07 1.30182880298e-07 3.86457826557e-07 2.75515796122e-08 1.48032622242e-07 2.36886916337e-07 2.26555493024e-07 3.45559026268e-07 1.43800197442e-07 1.29742606421e-07 1.73291265991e-07 4.11655610814e-07 1.50884262016e-07 1.75911088567e-07 7.95692725667e-07 8.00227394878e-09 1.34671419039e-07 8.39078752531e-07 1.82949283516e-07 3.55616370489e-07 4.40956278806e-07 1.1306729688e-06 1.11573829333e-06 2.58639172572e-07 2.17561459049e-07 1.83077682072e-07 8.97256340668e-08 1.00409128992e-07 7.86302585052e-08 4.51776105865e-07 8.37964144595e-07 1.87280629195e-06 1.05712321238e-06 4.00319051546e-06 3.5678169499e-07 8.44426967675e-07 1.96425734752e-06 5.48454049703e-07 1.89357821463e-07 9.06234185274e-07 7.87302947996e-07 2.0236317363e-07 5.18363953175e-07 4.70674603229e-07 3.37779899544e-07 5.56507298458e-07 1.46526643925e-07 3.37163878001e-07 8.2679194275e-07 1.77058763091e-07 5.8098104164e-07 3.23016688229e-07 3.15774449814e-07 3.10619025856e-07 3.03970429579e-07 3.39269090764e-07 5.87196696909e-07 1.74320534804e-07 8.70741838688e-07 3.42601364824e-07 1.8546580228e-07 5.46826099331e-07 3.8391682685e-07 5.51836331925e-07 4.70567452545e-07 2.0701673699e-07 8.58780396167e-07 8.96982635647e-07 1.87756205478e-07 5.64551649751e-07 1.62810694062e-06 6.83464623105e-07 1.79948428125e-07 2.84459094799e-06 6.27129001659e-07 1.64900817199e-06 1.04593493883e-06 7.89097279764e-07 1.95530898903e-07 1.58544514705e-07 4.12429180052e-08 4.82585429252e-08 9.57570450371e-08 3.27547500102e-07 2.47183242452e-07 6.6484692599e-07 6.03288991127e-07 2.18458238439e-07 7.29225022018e-07 1.11333800015e-07 1.4530349871e-08 2.15259414548e-07 1.51460805859e-07 1.69010723572e-07 7.71980803857e-08 1.46585360901e-07 5.04676978871e-08 7.81219463065e-08 2.22844712482e-07 1.35095126244e-08 2.87783227139e-07 3.30388321162e-08 7.31026782301e-09 3.68565892087e-07 1.57859450325e-07 2.21793446992e-07 3.32703465316e-07 1.72635407428e-08 2.30017649963e-08 3.04307912018e-07 3.35832180723e-08 1.6754399897e-07 1.16261460768e-07 3.11029930855e-08 1.27211602476e-07 7.94599914708e-08 1.33286003327e-07 2.02568036689e-07 1.58104392538e-07 2.63210934439e-09 1.16262652505e-07 6.32612682245e-07 1.26456214868e-07 5.19178734782e-07 2.88364130015e-07 2.83814520372e-07 3.73145803572e-07 1.21404064148e-07 7.72287177728e-08 9.77321482525e-08 6.68387852517e-08 1.37810735557e-07 1.62684902682e-07 6.40862177557e-07 2.69423831916e-07 8.9581459093e-07 3.72665808435e-07 1.44924962287e-06 1.32740701926e-06 5.50616338154e-07 1.92569929238e-07 6.7915560422e-07 3.82808219554e-07 1.03433233619e-07 7.29604163508e-07 2.1238812146e-07 2.07547813941e-07 3.55913531633e-07 1.60868058653e-07 3.75669045867e-07 1.4900934752e-07 1.87101861352e-07 2.99154516255e-07 2.54485188846e-07 1.61459434476e-07 1.72564257251e-07 4.91378259228e-07 1.87690969266e-07 1.42384598494e-07 2.33261200822e-07 2.92751898228e-07 1.93071908181e-07 1.76010598089e-07 4.08781789574e-07 1.36985437711e-07 4.07564684184e-07 2.07152665583e-07 2.17613678934e-07 7.46108801004e-07 8.90455740089e-08 3.12163992861e-07 6.32952596562e-07 2.07783114325e-07 4.86883635342e-07 8.04426722621e-07 1.18177083566e-06 2.1749559848e-07 7.61085292835e-07 2.83627548529e-07 8.57812971572e-07 3.09645852086e-07 3.47801184725e-07 1.22205351754e-07 2.36833916968e-07 4.02909673469e-07 4.15559902363e-07 1.49179946064e-06 7.58707394719e-07 1.76958525735e-06 5.49937819272e-07 1.63606995523e-06 6.62891185623e-06 1.55754073066e-06 5.30309337093e-07 2.14875747237e-06 1.70851077623e-06 5.68381117752e-07 8.70879481472e-07 1.19900223033e-06 5.99836899489e-07 1.08439976869e-06 8.67303853258e-07 3.48800604551e-07 1.37386036731e-06 2.06520871383e-07 7.07062204832e-07 1.11340252421e-06 1.76364447566e-07 1.23389800511e-06 4.9816119081e-07 4.746738166e-07 1.23844657124e-06 2.06022558035e-07 1.10380634942e-06 7.34987919632e-07 2.40659970382e-07 1.35659212432e-06 3.20090394889e-07 9.64497818649e-07 1.11719403815e-06 6.2310742366e-07 1.07435765733e-06 7.41149200174e-07 3.54973460549e-07 1.60656004114e-06 1.85007306698e-06 5.62210562271e-07 8.8840813474e-07 4.70729539675e-06 1.11174618987e-06 4.54498406886e-07 1.58559419147e-06 7.87663088915e-07 1.89382713212e-06 7.81197186035e-07 8.11548176747e-07 3.52646699021e-07 4.83508545223e-08 1.15346427674e-07 4.75291162674e-07 3.74303292474e-07 4.939894644e-07 2.36614139757e-07 4.74154445703e-07 1.52097138531e-06 1.32387761198e-06 1.74605471362e-07 9.46296269913e-07 5.64970563854e-07 1.49556879604e-07 6.74314670701e-07 2.01599952881e-07 3.23108735062e-07 3.00876853593e-07 2.68832147708e-07 2.6680414319e-07 4.50721083265e-07 1.85680803931e-07 7.5900425522e-08 3.26109592802e-07 1.11192819077e-07 1.97986365005e-07 4.63628795296e-07 9.70767099172e-08 4.72807819945e-07 1.8029267671e-07 1.26386279317e-07 2.90746195424e-07 3.83404093601e-08 1.60545572947e-07 4.57498267383e-07 3.02237026633e-07 2.36609013634e-07 3.07049487914e-07 2.83434384846e-07 1.39926951311e-07 6.76008327342e-07 5.83260284933e-08 4.34777807074e-07 8.67342482575e-07 9.7592707556e-08 1.15173860652e-06 9.71140604982e-07 4.07832592593e-07 2.75708919581e-07 5.34742039187e-07 3.85948306118e-07 6.76335118713e-07 2.5778521254e-07 8.93574366325e-08 3.81421407828e-09 7.47995415611e-08 1.90458586878e-07 6.62795091704e-08 3.4652366117e-07 1.4423330017e-08 1.99263297361e-07 4.73944938144e-07 2.89412740786e-07 6.77717791394e-07 5.17004787452e-07 5.05787666374e-07 1.15448836306e-07 2.70511652107e-07 1.00693310248e-07 1.4832370112e-07 1.84969057293e-07 1.84543814455e-07 4.39581299095e-08 8.69715430194e-08 1.42788492376e-07 7.69222179758e-08 1.03390072063e-08 1.4253342784e-07 6.03752278416e-08 1.29182807945e-07 6.72718724082e-08 2.51801001333e-08 1.36528231589e-07 8.71448717674e-08 1.13661487016e-07 4.04233352822e-08 5.87488016336e-08 1.35159407943e-07 1.33081031096e-07 2.42491866574e-08 2.13879213339e-07 1.57481524156e-07 2.1685065813e-07 7.66449628778e-08 1.76516657675e-07 1.17723701162e-07 5.1015052359e-07 2.7236310222e-07 5.76596533546e-07 1.46079180955e-07 4.89599565572e-07 2.28950908058e-07 3.329651442e-09 4.15921547788e-07 5.59710737011e-08 3.07318352764e-07 1.71175946299e-07 1.10455503932e-08 1.58540693466e-07 2.9220139623e-07 1.14787600525e-06 5.9041101591e-07 8.00286329433e-07 5.52272863195e-07 7.5759023679e-07 2.89884265623e-06 9.9566792969e-07 5.55395766644e-07 6.25394371442e-06 2.43277087811e-06 1.21686132923e-06 2.10094404328e-06 1.63024966357e-06 8.90900174086e-07 1.12949470155e-06 1.52564945083e-06 5.18152452047e-07 1.67187062667e-06 6.92709691979e-07 4.50777292678e-07 1.39104162091e-06 2.6194653137e-07 1.03631472742e-06 1.45141647311e-06 1.86619975096e-07 2.0552353832e-06 1.95240544211e-07 1.45822270512e-06 1.02933498303e-06 2.60965222701e-07 1.36543481709e-06 3.66284152432e-07 7.18805231417e-07 1.64024964395e-06 5.18615406731e-07 1.43390149966e-06 1.07078497854e-06 6.86008963593e-07 1.41979780675e-06 1.66644212477e-06 9.04297248847e-07 1.45692482515e-06 4.65825197336e-06 3.22950115901e-07 9.47265684147e-07 2.3565314218e-06 8.07620652765e-07 5.46872528069e-07 8.69833064894e-07 8.49124757896e-07 1.88594160872e-06 6.26695676998e-07 2.72413842155e-07 3.57026803455e-07 5.60222535782e-07 2.86837537883e-07 7.41501613611e-07 1.02168673348e-07 4.55679909416e-07 1.44395694844e-06 4.53581464952e-07 3.62879268143e-07 2.96673806836e-06 3.18617710557e-06 9.40485484955e-07 1.46868092823e-06 7.44447801986e-07 8.54855084323e-07 9.0856348462e-07 5.604973857e-07 8.01797863901e-07 5.52832247564e-07 5.16749550544e-07 4.49457011737e-07 6.09969873834e-07 4.60287542711e-07 2.16892425122e-07 1.07590316286e-06 2.66132341289e-07 3.67650710646e-07 4.468699388e-07 2.34526904404e-07 9.83086401716e-07 2.64432301823e-07 4.05937187592e-07 6.56983469222e-07 5.00126550092e-07 4.09622058139e-07 5.2329805692e-07 7.46509618017e-07 5.7027753833e-07 7.83082903173e-07 8.80626662519e-07 5.62453576647e-07 1.17681845626e-06 5.9382350483e-07 2.70600382898e-06 1.8474993734e-06 3.64036702736e-07 3.80737413611e-07 1.38642221084e-06 4.38231607023e-07 8.34847623012e-08 1.08123689992e-06 3.88316683156e-07 9.74957302907e-07 6.6093474545e-07 8.75627252319e-08 3.50668324644e-07 1.91597312692e-07 3.6463315218e-07 3.31087193777e-08 1.75137348141e-07 7.83256738565e-07 1.74634703461e-07 2.03839887097e-07 1.31283943171e-06 9.25962348604e-07 1.30181534332e-06 6.8361813115e-07 6.15733130507e-07 5.25861582575e-07 3.72743788179e-07 4.42841091079e-07 2.295418677e-07 8.64864319952e-07 1.00935698974e-07 3.57857459146e-07 3.85353547522e-07 1.18950459572e-07 7.54929223941e-07 1.30500769926e-07 5.9322487958e-08 7.0664261539e-07 6.61839128031e-09 7.23126619791e-07 3.83519758245e-08 1.24406832042e-07 8.14092155115e-07 1.39286165857e-07 3.23747878277e-07 3.30949621932e-07 5.9903117976e-08 8.26819536574e-07 1.49159196669e-07 3.16276659348e-07 2.28383536068e-07 4.14467374162e-07 7.08210505062e-07 3.51627285497e-07 1.21175264132e-06 6.94836589046e-07 9.75297906996e-07 2.49052866692e-07 1.1430151249e-07 8.84904433778e-07 1.78356278323e-07 2.90336236927e-08 5.21675780628e-07 2.86744711408e-07 6.39336128871e-07 1.64162917683e-07 7.2835360925e-08 8.41235260937e-07 1.8985161619e-07 7.99761010494e-07 3.16974071833e-07 3.67808928382e-07 1.4741192239e-06 7.50912254669e-07 1.92673250623e-07 2.21720144492e-06 1.53527367059e-06 1.04445537277e-06 4.75877637954e-06 1.97070982424e-06 1.52892649069e-06 1.75198423821e-06 1.44772008828e-06 7.59262093681e-07 1.60872042541e-06 8.5853381261e-07 5.98265507858e-07 1.14329529217e-06 6.23676891174e-07 6.5591175793e-07 1.05108936577e-06 3.54602636152e-07 1.02762712328e-06 6.04319558749e-07 6.68878812861e-07 1.00737938525e-06 3.45181100949e-07 1.15402038649e-06 5.52003909636e-07 6.60332639978e-07 1.12287072283e-06 5.33306648311e-07 8.44064810771e-07 1.50064803677e-06 6.20989355255e-07 1.36539635719e-06 1.57119532973e-06 1.139008302e-06 1.09103549402e-06 3.78209819958e-06 6.3259658914e-07 1.26460728396e-06 1.91607197835e-06 1.0536776472e-07 8.20481412819e-07 1.54667844837e-06 4.54211109937e-07 4.72846738544e-07 1.05013236038e-06 2.88694596244e-07 1.39919418402e-06 1.14283935441e-07 5.33304322873e-07 1.65883590967e-07 4.17677562588e-07 1.73781049283e-07 3.93429045678e-07 1.02138256491e-06 3.33415598941e-07 2.91184595992e-07 1.29274050532e-06 1.12927862281e-06 5.94280050028e-07 2.23053301185e-06 3.1831763518e-06 1.59343128278e-06 1.87408030716e-06 1.2687560479e-06 7.62167146599e-07 1.15439411837e-06 6.19327237028e-07 1.08894617841e-06 5.30185821702e-07 6.02177424585e-07 7.23986388077e-07 7.104753641e-07 4.28676162759e-07 3.36328726352e-07 2.99742026263e-07 7.89893026363e-07 2.49094344203e-07 3.56260169099e-07 3.2220091571e-07 6.85781969947e-07 7.03454825235e-07 4.96175734851e-07 5.33872062147e-07 9.48933685625e-07 6.31836217212e-07 8.4053804013e-07 6.03318426644e-07 1.02831400139e-06 1.48441332705e-06 1.07828475282e-06 2.75666868488e-06 1.24488156056e-06 7.65962968624e-07 8.92628687214e-07 1.31160707744e-06 3.24202258329e-07 3.0794527927e-07 1.23100478945e-06 4.91212707115e-07 2.29525665481e-07 6.34007243589e-07 3.47541178946e-07 1.04942736774e-06 2.40481201008e-07 1.82223928863e-07 5.37410443227e-07 1.26422805201e-07 2.51955396134e-07 9.73874801768e-07 3.49832371565e-07 6.33250950298e-08 1.58626561331e-06 9.26411078117e-07 4.09603172173e-07 1.60060341893e-06 1.83106317591e-06 3.14954712238e-06 1.68179371015e-06 1.64834468661e-06 8.52847701035e-07 1.74936086457e-06 5.46183748903e-07 6.24466450557e-07 1.38044304658e-06 3.01180989315e-07 9.79979901082e-07 6.986318374e-07 3.42973438256e-07 1.49673619159e-06 1.17463483118e-07 9.51779112398e-07 9.27855073704e-07 1.36334552347e-07 1.46455454378e-06 3.49102441575e-07 6.64247463812e-07 8.98686351367e-07 2.8923372432e-07 1.20126697211e-06 5.56935247806e-07 3.36458755857e-07 1.62046973191e-06 6.03827037076e-07 1.53891737587e-06 9.96778227737e-07 2.84652285928e-06 1.34976152357e-06 1.17144118281e-06 3.42285325479e-07 8.18611249655e-07 1.36409107143e-06 4.51128523056e-08 3.97755259778e-07 1.2479567427e-06 3.41452769008e-07 1.95107039187e-07 7.7374280535e-07 4.02134500181e-07 5.17140420555e-07 2.48622820217e-07 2.54778556301e-07 1.06076839334e-06 1.2347343007e-07 4.68761720493e-07 1.35236950932e-06 4.25623995073e-07 2.38999352325e-07 1.47220683997e-06 1.70649805849e-06 5.16139483904e-07 1.88623371913e-06 1.91254832655e-06 2.15300043609e-06 5.85218796459e-06 3.03621963212e-06 2.10255478907e-06 2.86022489004e-06 1.48503556541e-06 8.98976387504e-07 1.62072568969e-06 1.01339029433e-06 8.54556454418e-07 2.03413365168e-06 5.98536220787e-07 1.40754706842e-06 7.80596459681e-07 7.77955806212e-07 1.59597728589e-06 7.2951661732e-07 8.19031826556e-07 1.27023144528e-06 6.33886173502e-07 1.99375629666e-06 7.3362511078e-07 9.45497594831e-07 1.29519805608e-06 8.01537616789e-07 1.36284040485e-06 2.11565879937e-06 2.08276982458e-06 1.67030438711e-06 4.76198629394e-06 1.42613181754e-06 1.57335278577e-06 1.65893371463e-06 4.82615360104e-07 1.50852040074e-06 1.53310052542e-06 3.42778350156e-07 4.40412421565e-07 1.74553530148e-06 7.30837167889e-07 1.85003898892e-07 1.62427476694e-06 5.05212152162e-07 4.16118408887e-07 3.76726670894e-07 9.1778344431e-07 8.55621509549e-08 3.30209276393e-07 8.99931930328e-07 5.285498933e-07 1.10482790842e-07 1.20190366928e-06 8.90743548006e-07 4.51458206179e-07 1.33084319402e-06 1.36851990837e-06 1.65615011983e-06 2.70577147196e-06 3.97724181762e-06 1.47793722911e-06 2.92492384958e-06 1.22176214523e-06 1.02610624715e-06 1.61888426193e-06 4.09694301044e-07 2.12557869104e-06 6.86395695046e-07 7.25402852107e-07 1.76374505581e-06 3.03303435721e-07 2.03443141638e-06 3.43309076215e-07 3.32781933024e-07 2.06846274766e-06 2.94203603692e-07 1.75137754693e-06 5.95479144714e-07 6.1050672021e-07 2.01448371047e-06 3.15825429532e-07 1.36844772696e-06 8.38575013317e-07 9.96455406692e-07 2.65904813011e-06 8.79078832266e-07 3.61545449805e-06 1.69475173033e-06 1.48830999108e-06 1.17357824176e-06 1.30325807712e-06 3.95953307714e-07 8.97590552742e-07 1.27957497538e-06 7.50943321164e-08 7.14841670467e-07 1.23492892306e-06 4.29687441784e-07 1.39377748175e-07 1.46782440387e-06 6.55622439974e-07 1.96542632906e-07 4.49386298682e-07 7.42424607685e-08 1.94909231447e-07 6.34304328642e-07 3.11974276863e-07 2.89104153334e-07 9.28591522348e-07 4.90268567392e-07 4.42763184253e-07 8.81408725234e-07 9.46664951277e-07 1.09019388437e-06 1.9914707555e-06 1.82131132452e-06 3.17233938603e-06 2.41503290507e-06 1.15774483634e-06 9.58166990212e-07 1.78455707224e-06 5.20486867131e-07 1.08649841973e-06 1.31898920429e-06 5.50179338713e-07 1.12376951183e-06 4.31792817655e-07 1.14301473801e-06 8.13917352236e-07 3.59336341209e-07 7.71590651732e-07 9.86707361431e-07 5.51597394018e-07 9.31211101173e-07 5.06854396751e-07 1.36155934394e-06 9.23757121015e-07 4.50633096509e-07 1.70782541552e-06 8.48219939868e-07 9.2031465789e-07 1.50913778919e-06 2.93334258759e-06 1.08834859821e-06 2.10404819637e-06 9.23596364503e-07 8.89891156559e-07 6.42672289389e-07 6.07530697487e-07 3.65349240015e-07 1.08594835732e-06 4.74357041941e-07 3.26731760991e-07 9.03916828973e-07 3.40925529278e-07 1.86337686928e-07 8.11416885994e-07 2.72852710917e-07 4.81709989895e-07 2.21537528338e-07 3.38875684411e-07 1.55794518105e-06 5.63038726414e-07 3.44146572604e-07 1.88465242694e-06 1.40308807437e-06 7.32244580578e-07 1.7813657608e-06 2.01534668876e-06 1.41818240006e-06 3.43795142537e-06 2.91679810031e-06 3.26302793209e-06 7.61358346279e-06 2.83912793488e-06 2.83115244477e-06 3.49074978694e-06 1.84223906184e-06 2.17915913423e-06 2.11827602382e-06 1.30715552423e-06 1.70394759472e-06 1.0638568598e-06 1.8198872498e-06 1.57023905678e-06 7.54310065639e-07 6.75587561001e-07 1.58314057613e-06 1.84968119365e-06 1.02587511461e-06 1.68906971906e-06 1.20895962152e-06 2.23944346287e-06 1.90723823743e-06 1.70853988949e-06 2.65474428691e-06 2.44738726742e-06 1.78888105703e-06 6.6121642661e-06 2.11418288212e-06 2.81300614836e-06 2.62074187219e-06 1.45013475993e-06 1.64961055631e-06 1.67457990607e-06 6.85531000565e-07 1.50880545419e-06 2.29188493396e-06 4.64140681985e-07 6.7340189973e-07 2.31909772179e-06 6.92623698816e-07 4.77903069058e-07 1.02224421663e-06 1.44783129576e-07 2.25960977929e-07 8.99636183045e-07 2.36988378787e-07 1.25806027022e-07 7.31454431721e-07 6.26448413107e-07 3.51098007156e-07 1.16424274559e-06 5.79500982704e-07 9.08708393579e-07 1.31728378246e-06 9.91987834564e-07 1.15812281621e-06 3.05523871204e-06 2.84964804705e-06 1.41310328423e-06 2.20764355564e-06 8.67922888616e-07 1.2928464373e-06 1.25492604864e-06 5.79477984888e-07 2.26506955993e-06 2.40433518492e-07 1.24902857207e-06 9.70996094602e-07 3.22489590877e-07 1.52154897948e-06 3.33667313347e-07 8.45334128654e-07 1.20642522111e-06 1.89090435828e-07 1.96130505838e-06 6.35453722546e-07 8.96957121293e-07 1.02671792894e-06 6.75272078786e-07 1.98122018341e-06 8.83679028458e-07 2.86590095425e-06 2.0678127644e-06 8.37923079105e-07 8.6617211518e-07 1.21338331323e-06 8.63163788211e-07 4.80937075737e-07 1.23068067357e-06 3.87756561052e-07 7.23302537029e-07 9.5454971245e-07 1.56631487148e-07 3.35382460682e-07 1.38282766674e-06 4.79668255676e-07 2.59788911731e-07 4.49202177638e-07 1.0704535032e-06 2.20857015252e-07 9.19598795995e-08 9.19893067051e-07 5.57478448896e-07 3.33647331788e-07 1.02712741018e-06 6.19468992384e-07 1.1421909065e-06 1.66233191556e-06 1.13468974007e-06 1.10704963155e-06 2.93173426834e-06 1.72565047707e-06 4.12053257018e-06 2.96046298158e-06 1.27572842866e-06 1.76500090197e-06 2.50231635148e-06 4.77101714166e-07 1.80410881548e-06 8.6232585076e-07 1.28924197072e-06 1.61596267831e-06 5.43899502711e-07 1.02528748163e-06 1.00668908486e-06 5.1064318475e-07 1.64232165907e-06 1.09805188829e-06 8.52984646438e-07 1.65109382465e-06 3.41835951286e-07 2.28179639996e-06 1.37998085961e-06 1.20417200985e-06 1.83835317674e-06 3.84693047353e-06 1.22356674865e-06 2.56313632564e-06 9.04823238044e-07 1.06407247633e-06 1.45460254688e-06 1.18089198307e-06 5.1935617388e-07 9.55135800867e-07 3.15728512021e-07 7.68007266523e-07 1.20728366354e-06 1.45923411343e-07 3.63294869721e-07 1.78921528181e-06 7.37843864592e-07 2.08487679006e-06 3.45162969385e-07 1.48201147064e-07 1.53959846612e-06 1.00243431028e-06 4.8236186369e-07 1.47583696681e-06 1.29410416659e-06 1.42633894357e-06 2.08128848184e-06 2.32911347563e-06 1.41716437601e-06 3.84977626833e-06 2.19253271882e-06 3.90285773255e-06 7.56693202347e-06 2.60311361713e-06 4.21360357215e-06 3.87108945247e-06 1.74063809679e-06 3.35206050339e-06 8.04271408326e-07 3.85361894788e-06 1.40816395381e-06 9.68413469167e-07 2.48828673467e-06 1.08258328841e-06 2.56142775775e-06 8.38425515974e-07 1.46161590542e-06 3.63866471646e-06 7.65385234648e-07 2.84981549837e-06 1.71047337872e-06 3.13726357767e-06 3.80634278557e-06 1.67861439565e-06 6.88407192031e-06 2.54915958601e-06 2.02308952734e-06 2.96668297233e-06 1.32598955524e-06 1.95921153868e-06 2.17342819083e-06 1.34060512588e-06 1.18610631582e-06 1.58952564256e-06 6.31686864909e-07 1.29264889818e-06 2.12729469176e-06 2.49582418985e-07 6.6251930218e-07 5.55984552952e-06 4.39181354054e-07 9.17083970036e-08 8.47439159589e-07 5.52474538242e-07 2.67192009647e-07 7.33038280834e-07 6.88780989706e-07 6.57308431048e-07 1.01345698333e-06 1.06922463983e-06 9.55779821667e-07 1.63259827636e-06 1.03550610021e-06 1.51539626462e-06 2.55352622957e-06 2.93387479694e-06 2.0417129947e-06 2.66695211552e-06 1.02668578294e-06 2.3246516933e-06 5.26057943872e-07 1.26379125377e-06 1.87738753561e-06 3.82198377086e-07 1.74533865898e-06 6.91342676416e-07 6.25808874017e-07 1.78006071759e-06 3.2937181587e-07 1.76817834111e-06 1.07406088341e-06 3.99309829142e-07 2.24235814939e-06 7.84583076535e-07 2.53690385878e-06 1.27378827624e-06 3.0273142395e-06 1.8818146039e-06 1.41809750251e-06 7.72739882385e-07 1.38868113159e-06 1.16920654297e-06 9.02860112194e-07 1.00591995422e-06 6.733039279e-07 8.43532774286e-07 7.70576848566e-07 3.36943656326e-07 7.25809340554e-07 1.19785931092e-06 1.63556415104e-07 1.18560117462e-06 5.91351329538e-07 1.92385502148e-06 1.13085856845e-06 7.52283104569e-07 1.27534541056e-06 1.09410216841e-06 1.57620413588e-06 2.01359885276e-06 1.82851695043e-06 1.22027568678e-06 3.87198397898e-06 1.40366084433e-06 2.26287879227e-06 4.35132394078e-06 2.55829609555e-06 7.94606538514e-06 5.14999327138e-06 2.05448691284e-06 4.84765955334e-06 1.93285683821e-06 2.6405999555e-06 2.53222884807e-06 1.15437408659e-06 1.96446352146e-06 2.14287612615e-06 1.50063622906e-06 2.05715482742e-06 1.86732272707e-06 1.1247235583e-06 2.65683418579e-06 2.0411242911e-06 2.08311830072e-06 4.28566153413e-06 1.83482491412e-06 3.29912987505e-06 7.18641122094e-06 1.71096282564e-06 4.17809044118e-06 1.96105292218e-06 1.27509148304e-06 3.50207505253e-06 1.0277632661e-06 1.85804982281e-06 2.09540370027e-06 1.78461394797e-06 1.2730996756e-06 1.43930985509e-06 1.04544672087e-06 1.59617871967e-06 2.84385956765e-06 1.62706559672e-06 4.38121054766e-06 9.26553366471e-07 6.1678598371e-07 1.49523607357e-06 1.1649513789e-06 1.26312703281e-06 2.25719677405e-06 2.07858986823e-06 1.6481688603e-06 2.94362608734e-06 1.95336571419e-06 2.23508801619e-06 4.30155921669e-06 2.48586027141e-06 5.89915387656e-06 8.51403744477e-06 2.6854174818e-06 6.75857748038e-06 1.89243784407e-06 5.18916981618e-06 3.02905126981e-06 1.27402985939e-06 5.10996596777e-06 1.3250428927e-06 2.85760150527e-06 2.86140394161e-06 1.35184685512e-06 4.73596527011e-06 1.26432848994e-06 2.51048967784e-06 4.90553163949e-06 1.43600894961e-06 5.82875145586e-06 1.80632702152e-06 8.15423154217e-06 3.97890018146e-06 2.38829014001e-06 3.35610143002e-06 2.25264022969e-06 1.65499595442e-06 2.71245838961e-06 1.74991119815e-06 2.17721773095e-06 2.10609574992e-06 1.33929780497e-06 1.393354473e-06 1.98836376125e-06 8.15987815722e-07 1.54024926499e-06 1.14061521856e-05 1.49445817347e-06 2.17963285402e-07 7.89224243841e-07 5.46657917854e-07 5.55695110933e-07 8.13987874695e-07 6.80594753218e-07 6.00961866108e-07 1.29114768673e-06 6.01058326748e-07 1.13679193663e-06 1.75775685112e-06 8.2434786014e-07 2.26300471261e-06 2.92397476118e-06 2.97124608442e-06 2.81976384882e-06 1.03551528486e-06 2.47042314236e-06 2.28258141114e-06 3.8641751151e-07 1.68549349231e-06 1.09594238138e-06 6.47931623029e-07 2.27169650725e-06 6.62080302895e-07 9.04559353987e-07 1.70991015821e-06 2.79452302273e-07 2.17922349666e-06 1.90517889627e-06 1.16860760876e-06 1.90292278296e-06 3.15851357445e-06 2.16172218794e-06 1.84793897928e-06 7.36812936669e-07 1.61225990347e-06 9.66678986708e-07 4.12797922667e-07 1.35831899734e-06 7.19097402364e-07 6.41322198117e-07 9.53864605906e-07 5.9515402291e-07 5.99891834753e-07 9.70252006602e-07 3.80713380327e-07 3.97575915792e-06 2.62211198217e-06 3.28706319404e-06 1.91468078238e-06 1.6725918071e-06 2.21641399543e-06 1.64838040827e-06 1.81569082121e-06 4.22174846158e-06 2.24867002594e-06 2.29741289232e-06 5.56346874579e-06 1.87036841772e-06 5.66948436514e-06 6.45907297447e-06 3.8694638834e-06 1.36717424102e-05 3.13716493365e-06 8.28251876367e-06 6.23732294915e-06 2.24977687626e-06 5.03901340909e-06 3.06594846527e-06 4.80223413264e-06 3.02090516953e-06 3.08500878229e-06 4.41194977541e-06 3.07000200102e-06 4.53978250132e-06 2.23584604014e-06 5.56860354674e-06 7.49584838514e-06 2.05435363918e-06 1.24271683301e-05 2.81478747825e-06 5.70501027185e-06 4.77209135257e-06 1.88128657334e-06 5.01200450701e-06 2.24340312944e-06 2.35388018763e-06 3.93909001527e-06 1.90250331454e-06 1.79758647758e-06 2.36939778326e-06 2.16424294945e-06 2.30390692916e-06 5.80540902026e-06 6.84040490941e-06 2.51844868784e-06 6.90213372442e-07 5.77583682488e-07 9.36409025048e-07 5.7136553047e-07 6.2647905497e-07 1.22510461056e-06 5.91371574879e-07 8.35213115642e-07 1.39903346332e-06 8.91960172168e-07 1.66905672798e-06 1.87985193413e-06 1.16290167301e-06 3.7006977504e-06 2.58032281863e-06 3.03732889271e-06 2.44378959438e-06 7.71803127697e-07 2.29166489505e-06 7.76030140744e-07 1.29226479283e-06 2.38143841162e-06 4.94984972824e-07 2.29841729987e-06 1.28172297234e-06 6.16129252951e-07 2.33602487356e-06 6.8953872201e-07 2.30081142875e-06 2.12684737349e-06 2.96547167475e-06 2.54832230664e-06 1.36089366185e-06 1.48695615481e-06 1.73417029175e-06 9.26167314591e-07 1.21159378523e-06 8.14697781858e-07 4.78093545668e-07 1.32337355187e-06 6.46292710405e-07 6.47597175795e-07 1.0490488072e-06 7.83986395058e-07 1.11049372197e-06 5.41741336174e-06 5.19077738096e-06 1.78796382025e-06 3.27272299003e-06 2.02093002865e-06 1.75524888011e-06 2.83569716402e-06 1.61329607628e-06 2.46448876049e-06 3.73368211468e-06 1.92859327343e-06 4.65375606649e-06 4.50987341091e-06 2.33167174757e-06 8.59562177352e-06 3.24872935285e-06 1.31273141131e-05 6.49423503949e-06 2.72088624019e-06 6.08404763546e-06 4.6375835666e-06 2.79054969371e-06 4.88387766859e-06 3.41658075714e-06 3.10314325325e-06 5.18482241953e-06 2.19583686514e-06 4.56304016175e-06 5.2082661899e-06 2.8305834634e-06 4.32563477072e-06 1.21625905716e-05 2.47027633222e-06 7.84606033366e-06 1.97612747252e-06 4.25954499241e-06 4.17881978474e-06 1.83330305007e-06 3.27585900671e-06 2.72529842655e-06 1.55572026974e-06 2.86469544202e-06 1.81126398626e-06 2.40404863817e-06 4.64339300683e-06 2.95429133114e-06 1.19716552114e-05 5.15553657521e-06 3.25437169255e-06 2.95938512713e-06 2.21981889082e-06 2.72663205439e-06 1.35903777157e-06 2.13372876048e-06 3.37272680885e-06 1.61227819607e-06 3.25629348022e-06 4.77552764396e-06 1.61803214076e-06 6.7485114695e-06 2.518539378e-06 8.30203096917e-06 9.19979497587e-06 2.738149581e-06 7.53096801968e-06 3.99151796891e-06 4.16306702999e-06 4.59833669112e-06 2.55811782574e-06 7.13049412119e-06 2.56293859398e-06 3.94530419362e-06 4.01833160794e-06 3.23268950485e-06 7.23712976077e-06 1.75568158424e-06 9.50823327806e-06 6.28918481125e-06 2.267875562e-06 5.73639095871e-06 1.72250350541e-06 4.08274594527e-06 3.50301305379e-06 1.3495016843e-06 3.50158134114e-06 2.03796573726e-06 1.36873970645e-06 2.82978594206e-06 2.82138212234e-06 4.51451491828e-06 5.16474858861e-06 1.13928056816e-05 3.47648971517e-06 1.20755367949e-06 7.02512200978e-07 1.25741384084e-06 6.08182257188e-07 8.71409492179e-07 1.27353731831e-06 7.13955184384e-07 1.29427591435e-06 1.40454364525e-06 6.81023692546e-07 2.14979465544e-06 8.60175863582e-07 2.82659765342e-06 2.44946399033e-06 2.80292326511e-06 2.75172418003e-06 1.81372283668e-06 1.83972466364e-06 2.73873651569e-06 7.22750250478e-07 2.1389858878e-06 2.22819433904e-06 5.32398844453e-07 2.80828843304e-06 1.59837510101e-06 2.02755963904e-06 1.89552345835e-06 3.25131767346e-06 1.76501779523e-06 2.84742436673e-06 7.44848413448e-07 2.14493730752e-06 6.845340362e-07 1.10315726032e-06 1.47739027598e-06 7.74908904187e-07 1.3950669451e-06 8.22798489847e-07 5.94888143593e-07 1.40689754364e-06 9.24870526709e-07 1.87609794878e-06 6.57531163639e-06 9.33283429691e-06 2.93917079934e-06 5.83977668662e-06 2.25337819676e-06 2.40943494425e-06 4.07234923119e-06 2.55582427143e-06 5.00675094241e-06 5.07915961045e-06 2.33631251543e-06 8.45413969059e-06 2.26498561881e-06 7.91536830932e-06 7.52126053084e-06 3.92407520105e-06 1.48315308781e-05 6.86381655139e-06 7.6184347339e-06 8.19633926407e-06 5.1326488224e-06 6.89557194986e-06 4.65134277228e-06 6.6450678445e-06 5.12813754909e-06 7.4803929872e-06 7.18694845936e-06 4.74791862391e-06 1.44149748885e-05 3.0205102292e-06 7.62340041252e-06 6.92259603849e-06 2.23042640741e-06 7.61500517821e-06 2.35254029341e-06 5.12275000904e-06 5.09441406428e-06 2.66265060276e-06 4.49667968258e-06 2.95448066816e-06 2.88553865867e-06 7.78925294598e-06 4.48246955687e-06 1.74973633179e-05 4.70050714533e-06 3.94213116998e-06 1.97420759673e-06 1.80266056624e-06 2.81768603922e-06 1.4296268016e-06 3.21783317768e-06 3.60885840288e-06 1.28756506382e-06 4.62195132738e-06 1.59502336842e-06 3.9515666531e-06 4.055613754e-06 2.00109022581e-06 6.787737036e-06 7.29143639728e-06 4.67795182333e-06 5.33291151688e-06 3.26327975038e-06 6.21898374482e-06 2.61393157275e-06 2.23086046549e-06 6.24300901368e-06 2.87320988503e-06 5.08994969202e-06 3.43679813077e-06 7.79974605946e-06 4.92500356243e-06 2.17802329126e-06 3.35904388321e-06 3.97696548789e-06 1.44079600658e-06 4.58851193502e-06 1.34102015119e-06 3.42123379279e-06 3.4594089444e-06 1.6628581975e-06 3.12549444853e-06 2.28301580958e-06 2.82211091212e-06 5.88635745093e-06 7.96398657272e-06 1.25611713026e-05 2.60328688128e-06 3.13286585674e-06 4.0198409233e-06 1.42303847817e-06 3.10094982988e-06 4.00589410085e-06 2.06128268149e-06 5.12587692501e-06 1.87966482656e-06 5.56136659476e-06 4.43365121472e-06 2.02719806698e-06 8.08799049547e-06 5.65888840629e-06 1.01687704089e-05 7.60577229356e-06 4.39648477411e-06 7.11684826639e-06 6.27030386846e-06 2.98832209526e-06 6.34969859842e-06 6.84065148545e-06 4.1220089505e-06 5.92603099565e-06 1.07671623881e-05 4.57482812793e-06 7.58042234869e-06 1.87260174791e-06 4.34713601191e-06 5.16814403963e-06 1.97651635031e-06 4.64726803226e-06 2.39368891763e-06 3.83233692932e-06 3.16323843679e-06 1.4648899783e-06 4.60156092926e-06 3.79517818545e-06 3.6472495236e-06 2.13417935923e-05 8.12123198649e-06 4.32128860072e-06 6.4636665092e-06 3.02039636253e-06 4.29767574182e-06 4.78202858307e-06 2.62731799648e-06 7.04440634498e-06 2.43263196507e-06 5.87627604886e-06 7.30579892961e-06 2.33622016358e-06 9.53938284173e-06 5.80541623996e-06 9.51549294533e-06 1.40839295719e-05 6.65750178517e-06 1.17919542664e-05 7.34132584799e-06 7.60039220817e-06 8.20112211994e-06 6.43166042035e-06 1.1964363313e-05 4.92296600762e-06 1.50019557975e-05 7.74882728372e-06 5.73313139782e-06 8.4551907462e-06 2.53856240681e-06 6.44408282471e-06 6.14641352033e-06 2.51049743799e-06 7.19403586217e-06 3.06735594163e-06 5.25270956681e-06 4.70256448673e-06 3.55896088575e-06 8.20591663251e-06 5.95296276103e-06 1.3036442793e-05 6.25564062041e-06 4.0778295227e-06 1.86774335466e-06 3.28901316954e-06 3.30509768974e-06 1.21792987652e-06 4.76335169625e-06 1.4319120224e-06 3.75399548815e-06 3.83672674811e-06 1.5657267359e-06 5.39127072545e-06 3.01512061457e-06 5.08759324556e-06 6.57690309675e-06 8.0270737318e-06 6.44279001801e-06 5.74795994213e-06 3.59246143153e-06 8.87916523705e-06 3.32793885864e-06 5.7965555336e-06 4.92416337619e-06 8.70724585675e-06 5.37651737427e-06 4.70963569149e-06 3.02819008007e-06 5.22641742335e-06 1.4981111475e-06 3.67617878718e-06 4.17652329395e-06 1.12232352022e-06 5.4164034939e-06 1.10382616869e-06 3.78968161506e-06 3.63058420022e-06 2.16921692418e-06 5.37781524026e-06 9.4396411414e-06 2.10682894588e-05 4.50793481223e-06 8.38136378971e-06 7.96229769628e-06 2.87157800044e-06 7.40967665692e-06 3.08472112745e-06 8.52243866738e-06 7.89451097359e-06 2.60188884545e-06 1.21842257128e-05 5.44874933178e-06 9.48020151997e-06 1.18718130729e-05 9.08960591616e-06 1.90492093816e-05 1.0721477666e-05 1.07557685662e-05 1.3253051555e-05 1.19974138956e-05 1.12502518281e-05 8.41600604171e-06 2.03687768187e-05 7.49646467091e-06 1.22537732678e-05 8.32806900391e-06 5.69007179796e-06 1.18267988641e-05 2.86558412042e-06 7.9831453764e-06 8.82425765131e-06 3.53787209876e-06 8.26843420332e-06 3.34366720139e-06 9.26183754479e-06 9.11493193419e-06 5.72192962296e-06 2.92699938875e-05 7.44700714469e-06 6.12217506054e-06 6.25212662577e-06 2.56064558997e-06 6.21979732995e-06 1.79571562128e-06 5.71965021574e-06 5.7371606958e-06 2.05030128971e-06 7.02489555986e-06 5.0272186687e-06 5.88575922596e-06 7.49173930865e-06 6.0418191996e-06 1.05707789321e-05 1.17508496312e-05 6.42685787632e-06 1.14098183709e-05 6.45281590971e-06 1.15956069367e-05 5.01266351377e-06 1.2871421409e-05 9.08581340148e-06 6.11729673455e-06 7.13586778998e-06 5.65610354577e-06 5.16451429276e-06 6.53607593176e-06 1.95469785895e-06 5.43313035705e-06 5.99410793269e-06 1.80772518031e-06 6.89924433885e-06 2.70134275453e-06 7.17223669465e-06 7.47268140847e-06 1.03619177795e-05 1.65182238815e-05 7.88145093407e-06 3.26245001703e-06 7.88950078449e-06 2.19407919647e-06 6.18003522946e-06 5.57962625455e-06 2.26730151525e-06 7.18472205896e-06 4.28453316299e-06 7.46648822963e-06 7.10452937419e-06 5.44747537619e-06 1.14168181782e-05 9.13175800253e-06 1.27032061196e-05 1.22428576295e-05 9.54773515015e-06 1.05964724632e-05 9.8444093397e-06 1.43386681676e-05 7.49725635878e-06 1.21655669668e-05 5.33920234799e-06 7.70450832001e-06 7.02612874571e-06 5.01639824557e-06 7.28491460264e-06 2.52926223615e-06 5.9796696058e-06 6.93813924249e-06 2.50967873669e-06 9.02696730641e-06 3.52842061451e-06 9.68699882293e-06 2.02427964365e-05 2.51568934574e-05 4.82626688144e-06 1.26241150398e-05 3.73668917538e-06 9.19201544139e-06 7.41826734605e-06 3.041227484e-06 1.08509698466e-05 6.08294305666e-06 8.00388725098e-06 1.19877018169e-05 6.83334628211e-06 1.32053130431e-05 1.15568131009e-05 1.18086734238e-05 2.18183359245e-05 1.112772257e-05 1.56539506536e-05 9.75988300754e-06 2.30781010508e-05 9.98042956396e-06 1.16699653463e-05 1.2217163328e-05 7.02554681597e-06 1.16639105318e-05 7.7225393137e-06 6.12424307227e-06 1.0824519631e-05 3.02230496465e-06 7.82819362651e-06 9.2906455905e-06 3.98666564681e-06 1.34124784882e-05 5.67531224279e-06 3.0695844824e-05 1.04048648902e-05 1.36978852113e-05 4.25603927073e-06 1.01973852171e-05 6.96426085127e-06 2.85326940704e-06 1.02610856489e-05 6.73015597237e-06 7.42020215014e-06 9.51183648164e-06 7.54245620472e-06 1.22730923729e-05 1.03134614494e-05 1.13604095653e-05 1.66866931837e-05 1.61873496521e-05 1.49651100288e-05 1.23101429833e-05 1.9452665403e-05 1.49121323814e-05 1.20282041905e-05 9.6107422651e-06 1.29397498641e-05 7.43956290221e-06 1.00827871572e-05 7.02987410092e-06 7.16476350418e-06 9.93513234219e-06 3.04133295903e-06 7.01285906291e-06 1.06884567574e-05 4.23863852172e-06 1.51892079803e-05 1.19726022852e-05 3.45676072914e-05 5.05247421318e-06 1.24737761589e-05 9.24058647858e-06 3.85292080911e-06 9.95560060016e-06 6.57966720609e-06 8.53092069032e-06 1.05880088788e-05 5.60547768417e-06 1.54086557747e-05 1.0047610133e-05 1.0237353132e-05 1.69829678698e-05 1.39244425909e-05 2.18662959769e-05 1.15173956303e-05 2.27333322084e-05 1.26010970403e-05 1.76941004516e-05 9.8300658578e-06 1.00528437704e-05 1.50974898557e-05 5.7380883549e-06 1.06190519838e-05 8.64269914905e-06 6.41162888605e-06 1.05415338587e-05 3.78395857037e-06 9.710872474e-06 1.30800253154e-05 5.56047675183e-06 3.77414801619e-05 1.15040149521e-05 1.31058112981e-05 1.07063331812e-05 4.23658409591e-06 1.01389053864e-05 5.91406278853e-06 8.67988868073e-06 1.1423654318e-05 5.94201503084e-06 1.33235731552e-05 1.20051756605e-05 1.02551339027e-05 1.549592626e-05 1.3800213398e-05 1.83045899704e-05 1.74298472958e-05 2.30579077318e-05 1.62884429594e-05 1.52994667143e-05 1.53667991889e-05 1.08778389691e-05 1.18403775208e-05 1.44052818073e-05 6.54038072145e-06 1.20727018475e-05 8.8951072203e-06 6.50866997714e-06 1.06197792633e-05 4.19499264425e-06 1.10933260675e-05 1.4498836512e-05 1.22882433258e-05 2.91642319237e-05 1.1331238711e-05 4.08346820312e-06 1.13467129387e-05 6.63367232998e-06 7.04275574421e-06 1.06611618068e-05 5.98781806425e-06 1.31815735086e-05 7.73301907684e-06 1.10771334982e-05 1.32722313936e-05 1.19982757039e-05 1.61491998345e-05 1.33851341194e-05 2.98943746451e-05 1.33851341194e-05 1.61491998345e-05 1.19982757039e-05 1.32722313936e-05 1.10771334982e-05 7.73301907684e-06 1.31815735086e-05 5.98781806425e-06 1.06611618068e-05 7.04275574421e-06 6.63367232998e-06 1.13467129387e-05 4.08346820312e-06 1.1331238711e-05 2.91642319237e-05 3.71562695938e-05 6.237859481e-06 1.79632312558e-05 1.01170109534e-05 1.01278599085e-05 1.22919962801e-05 9.06595583998e-06 1.77848878917e-05 1.10025593806e-05 1.29989419159e-05 2.077025274e-05 1.50995568193e-05 2.03926376779e-05 1.87126086127e-05 3.12745830217e-05 2.47428661636e-05 2.15977624995e-05 1.9783507978e-05 1.55771570218e-05 2.17002547599e-05 1.32893591575e-05 1.1681321576e-05 1.76707438029e-05 9.62200499405e-06 1.21239045993e-05 1.07863892451e-05 9.96839432569e-06 1.80013711592e-05 6.40693507422e-06 3.50479082071e-05 1.34328424739e-05 1.97357709405e-05 1.05716265963e-05 1.20277848396e-05 1.42979910853e-05 7.91114992358e-06 1.76078819738e-05 1.08812296855e-05 1.31478632489e-05 1.5929101987e-05 1.86561142426e-05 1.80712537332e-05 1.64336584723e-05 3.05936324701e-05 2.14354547686e-05 2.75149758963e-05 1.79350877663e-05 1.72420715175e-05 1.9016153214e-05 1.56154264794e-05 1.2710995823e-05 1.09828838228e-05 1.74792672444e-05 7.59069356468e-06 1.36080870314e-05 1.17487714351e-05 1.01488833749e-05 1.88050855595e-05 1.22735594394e-05 5.33528343437e-05 1.38698295883e-05 1.6597776419e-05 1.83075560121e-05 9.61205142432e-06 1.6726506871e-05 1.38244216572e-05 1.56721746047e-05 1.90849856149e-05 1.83908023273e-05 2.55369935933e-05 1.72649803642e-05 3.1890448486e-05 2.4379497908e-05 2.6687337693e-05 2.76923629582e-05 1.98474693142e-05 2.57882042719e-05 1.88327527861e-05 2.02386245484e-05 1.5797534709e-05 1.44335786129e-05 1.75314871409e-05 1.04455145831e-05 1.7641889407e-05 1.66983020379e-05 1.29640848247e-05 4.75163847153e-05 2.89322460831e-05 1.64002807572e-05 1.8424689762e-05 9.61057842239e-06 1.79603546337e-05 1.10731447273e-05 1.44996587319e-05 1.68328476301e-05 1.76799210423e-05 1.8398271531e-05 1.96133326526e-05 2.90940680461e-05 2.00507253164e-05 2.31534766441e-05 2.17684659688e-05 2.33610661436e-05 2.12705484103e-05 1.80310624303e-05 1.70687861405e-05 1.72402997946e-05 1.3773118762e-05 1.07247150499e-05 1.71168198429e-05 8.60981262396e-06 1.69907278206e-05 1.46834077133e-05 2.50601409866e-05 5.07996639874e-05 3.04216811314e-05 1.6786599903e-05 2.86886839023e-05 1.73022868838e-05 1.80675036292e-05 2.63729445658e-05 2.63773913529e-05 2.85340659917e-05 2.56011338261e-05 4.53970516367e-05 2.62836578349e-05 3.12578424144e-05 3.08692498242e-05 2.7387006169e-05 4.12778128767e-05 2.84160800768e-05 2.91813138048e-05 2.6575092268e-05 2.75726221363e-05 1.84707655469e-05 1.79537030402e-05 2.81833251465e-05 1.6891952916e-05 2.85261146339e-05 4.60483428206e-05 6.1888807058e-05 1.70321763873e-05 3.16748985221e-05 1.84480495391e-05 1.85380881094e-05 2.21575283645e-05 2.57481721557e-05 2.76945968424e-05 2.65824097598e-05 4.09614162302e-05 3.33691701742e-05 2.36835792785e-05 2.8143089036e-05 2.33726730166e-05 3.48747207753e-05 3.3250321259e-05 2.82063110231e-05 2.76021249635e-05 2.46527465833e-05 2.223525795e-05 1.67114795381e-05 1.75522489347e-05 2.90565176161e-05 1.53698660775e-05 5.11435210611e-05 4.45529575135e-05 3.99056083543e-05 2.43611868968e-05 2.44116892304e-05 2.75369307549e-05 2.63473877227e-05 3.10390126955e-05 3.15946727212e-05 4.77457292504e-05 3.208602528e-05 3.52873624631e-05 2.70546008365e-05 2.50190953551e-05 3.61049693693e-05 3.34660229109e-05 4.02783500408e-05 3.33605353402e-05 3.03913232279e-05 2.58475297691e-05 2.71585108804e-05 2.26856439569e-05 2.35325279031e-05 3.44607229261e-05 3.61880988808e-05 0.000105834023511 3.16607200069e-05 3.26568970994e-05 3.93437238652e-05 3.25564470035e-05 3.35795759559e-05 4.06162019452e-05 5.74613862334e-05 4.16472749937e-05 3.42520804781e-05 4.41918554876e-05 2.25357823348e-05 4.32975022314e-05 3.394509617e-05 4.16321023668e-05 4.92004784326e-05 4.16290938021e-05 3.38993567716e-05 3.06010467327e-05 3.88038198845e-05 2.9594501331e-05 2.97094745274e-05 8.46177743409e-05 8.47765178232e-05 4.1633580846e-05 5.19764964672e-05 4.41201360053e-05 4.25308527896e-05 4.36656608276e-05 6.75942375555e-05 5.12732813695e-05 3.73437435511e-05 3.97846844122e-05 3.37605804399e-05 3.48304721297e-05 3.80761155028e-05 3.65532191983e-05 5.07878054148e-05 5.52413690149e-05 4.40406660916e-05 4.11640855229e-05 4.01607041167e-05 4.86942451241e-05 3.59801293577e-05 6.72509526064e-05 9.28227436319e-05 5.75511182361e-05 4.99223589435e-05 4.92693542525e-05 5.05022177234e-05 6.59359807e-05 5.27259651001e-05 3.9971393172e-05 3.80450281687e-05 2.76838883625e-05 4.34794613305e-05 2.81878762843e-05 3.43912828347e-05 4.08510422616e-05 5.02482864736e-05 5.1365210867e-05 4.81265776802e-05 4.54642843592e-05 4.50143751832e-05 4.96140812111e-05 7.04530652538e-05 0.000156331122676 7.09870223058e-05 6.60183045491e-05 7.12248268004e-05 8.62410648586e-05 5.91014379696e-05 5.145758323e-05 5.14134925602e-05 3.15605411034e-05 4.49422615972e-05 4.33225978227e-05 3.11994271999e-05 4.87468250731e-05 5.01784689612e-05 5.47981344445e-05 6.48815578053e-05 6.41809298988e-05 6.04059130345e-05 5.75579130783e-05 0.000117312331403 0.000213880216132 0.000105991537658 0.00010903778776 0.00013121846208 8.85027369733e-05 5.81333113556e-05 7.00277390096e-05 4.40502346775e-05 5.47885933895e-05 4.86442323581e-05 5.10722486857e-05 4.5660553123e-05 6.34775500849e-05 5.58915348413e-05 7.79413089102e-05 0.000102451399581 9.61825659296e-05 8.93090194937e-05 0.000158086087828 0.000329656971893 0.00017377462236 0.000200172370649 0.00013855582597 7.54510106929e-05 7.60696302304e-05 5.86292923845e-05 7.56383707623e-05 5.56994224233e-05 5.52059562147e-05 7.31953971859e-05 5.74665662634e-05 6.70718098052e-05 7.20094685449e-05 0.000120494797439 0.000158095536758 0.000143551496016 0.000256783067277 0.000554987863916 0.000320548975646 0.000218022120935 0.000121779080044 0.000100982813463 6.64543813156e-05 9.52116479345e-05 7.12017234477e-05 6.8535762139e-05 7.31834157394e-05 8.66042243047e-05 6.16451571505e-05 8.2325572406e-05 0.000108122172974 0.000181624606987 0.000222167452035 0.000379091300514 0.00251742912473 0.000693789592156 0.000378272024864 0.000308616110612 0.000174803127218 0.000217960278271 0.000176781528125 0.00017972498876 0.000176228795327 0.000175448065676 0.000178451918892 0.000152344364842 0.000231722411614 0.000317417634176 0.000476918369243 0.0014268063376 















