



















































9.1342148277e-07 5.87638106454e-07 1.0998214357e-07 1.69154901704e-07 1.0546164062e-08 1.58498042691e-08 1.7215297659e-08 1.36479598803e-08 2.27150544039e-07 2.28876448886e-07 7.10670846592e-07 6.37958220297e-07 5.13057888976e-07 2.10831625257e-06 2.18989440598e-07 2.61370155047e-07 1.27980231877e-07 3.6643245816e-07 1.36246692726e-07 3.16163594062e-07 5.77846253978e-08 1.13095312847e-07 1.92832181858e-07 1.2341425042e-07 7.59780380399e-09 1.77603890804e-07 1.28456682267e-07 1.85638434691e-08 2.51773193795e-07 6.69220893369e-08 9.6931962662e-09 2.68143574751e-07 3.30339615786e-08 8.71053290418e-08 1.8542465017e-07 1.10686508854e-08 1.01788513387e-07 1.01474131091e-07 1.12976928196e-08 1.93546998993e-07 8.98368042986e-08 3.52358905978e-08 2.91135381643e-07 1.0938916851e-08 7.68770736816e-08 2.88930821444e-07 2.25200055808e-08 1.63923524475e-07 2.22912981007e-07 1.0391368832e-08 1.73713195142e-07 2.7501743533e-07 1.91890463331e-07 1.0018688536e-07 4.11647928639e-07 2.76900341917e-07 6.82973619156e-07 2.66535870902e-07 3.78306547942e-07 3.07962159173e-07 1.41113589962e-06 6.82036299388e-07 2.9733128555e-08 2.01557854909e-07 7.66467491413e-07 3.4310857595e-07 8.93393731028e-08 1.7016537067e-07 5.03383181855e-08 3.62501988995e-08 3.76089366312e-08 2.20196740707e-08 1.06950986441e-07 2.98318681201e-08 1.17086356927e-08 1.09656388708e-07 5.01668741452e-08 4.32153828705e-08 8.56992898564e-08 3.4831407016e-08 1.01856339799e-07 1.83108339447e-07 7.43236736166e-08 7.63131622592e-08 9.25220340514e-08 1.04492408824e-07 1.13597674326e-07 1.0045731637e-07 1.01316151058e-07 1.2165107208e-07 1.13092968711e-07 9.62947267993e-08 8.29936097842e-08 8.13889762411e-08 2.1369775076e-07 1.29293582713e-07 4.42214555329e-08 1.12593374469e-07 6.30426136227e-08 7.90827498141e-08 1.74733334899e-07 2.08453530272e-08 5.04764574083e-08 1.82197196312e-07 4.61550431652e-08 8.28372115224e-08 7.45301047609e-08 1.12650900843e-07 2.77776246091e-07 1.0664686902e-07 2.52182032395e-07 5.38485762064e-07 3.14694381395e-07 5.90364635599e-08 5.07548398762e-08 4.31211183829e-07 4.27657342574e-07 1.95234261791e-06 4.67072606274e-07 4.61239812593e-07 1.66283983697e-07 3.01828788895e-07 5.67657128561e-08 1.13205163016e-07 4.7429796307e-07 7.87412894034e-08 3.03838291699e-08 2.13042003135e-07 1.98080205005e-07 8.84112797724e-08 1.94594024403e-07 2.18286314911e-07 4.73364439182e-08 3.37390998747e-07 2.17863730933e-07 8.27593844529e-08 4.76149185636e-07 4.64157464979e-08 1.89758583179e-07 3.22764964136e-07 7.35786918965e-08 3.29525240944e-07 1.94310817627e-07 5.47942509469e-08 5.22538955648e-07 9.6559570715e-08 2.54694444986e-07 3.84618934223e-07 5.91760178198e-08 2.85001927543e-07 2.31204328505e-07 1.30426962813e-07 2.80504088505e-07 2.77486554963e-07 4.04306002426e-08 1.14806836601e-07 6.18443274016e-07 1.86440226245e-07 1.07781725016e-07 4.41169149185e-07 2.84588025038e-07 6.31836771174e-07 4.13264141713e-07 1.32959956474e-06 3.33667252086e-07 6.45545411331e-07 6.00749478641e-08 1.14232755837e-07 8.77412926208e-08 4.71169859953e-07 1.82235820395e-06 1.55828592644e-06 2.48207296145e-07 4.48909363176e-07 5.37215589318e-08 8.69252491131e-08 5.32927444285e-07 8.12481792486e-08 2.19700212605e-08 2.26429330593e-07 2.12895167621e-07 4.6267211613e-08 1.54273087412e-07 1.11221220636e-07 1.2116068272e-07 1.51468349985e-07 7.02737197931e-08 1.06476990268e-07 2.46863065197e-07 5.08363450168e-08 1.30171107135e-07 1.0927067884e-07 1.04438283009e-07 1.38731995103e-07 1.10305634374e-07 1.17950477186e-07 1.35943066208e-07 6.23367831803e-08 2.80052973916e-07 1.44211351912e-07 8.74546708497e-08 1.9646751619e-07 1.74912494729e-07 1.51539429887e-07 2.12145339681e-07 5.93063382272e-08 3.47977561022e-07 3.25482475791e-07 3.63443814151e-08 1.31958983276e-07 6.45125233628e-07 1.48934365982e-07 5.84717250273e-08 5.6032228866e-07 2.58754227824e-07 1.37719395675e-06 1.27334070134e-06 4.80368233027e-07 1.27806011351e-07 4.0420784541e-07 1.7139092573e-07 9.12701575133e-08 7.16281839917e-07 1.50797129356e-06 7.88807279223e-06 1.19465385087e-06 1.29274877233e-06 2.92093935058e-07 3.43319023692e-07 1.24829685834e-06 3.02000388984e-07 1.48107517661e-07 8.58852300052e-07 4.64919040478e-07 1.93379790915e-07 6.99020313208e-07 2.13126627621e-07 4.21470515251e-07 4.82748576147e-07 3.17287745785e-07 4.39998761166e-07 2.54242911788e-07 3.19637328535e-07 4.71088945182e-07 2.83009195555e-07 3.81041774779e-07 3.0475987941e-07 6.45228017949e-07 3.02968313102e-07 4.17770791432e-07 3.09104596908e-07 5.19682907369e-07 3.78038276814e-07 2.95824342087e-07 5.15972664754e-07 3.72481601385e-07 6.03166171946e-07 5.78948655946e-07 2.68947801092e-07 8.74470816624e-07 2.51925635432e-07 6.21268395681e-07 1.13393863328e-06 2.08739150383e-07 3.9833700955e-07 1.41743222844e-06 4.59542663342e-07 3.33962861332e-07 1.24644469377e-06 8.95092529783e-07 4.93056444078e-06 1.37141164777e-06 1.10039332354e-06 3.40979633921e-07 3.73365846269e-07 8.66641003348e-08 1.53505776793e-07 1.66928614438e-07 1.22597109126e-06 1.68055614513e-06 9.26922214549e-07 2.36271300541e-07 2.42262822747e-07 1.08077371947e-06 2.00519620968e-07 4.54848271882e-08 4.87615556321e-07 2.77865125015e-07 8.50715132629e-08 4.12293538775e-07 1.14598226306e-07 1.61535509115e-07 1.32202895653e-07 1.69113672611e-07 1.51503088167e-07 1.79444448252e-07 1.15244030032e-07 6.54869036603e-08 2.06378395585e-07 1.30518414613e-07 8.96300797799e-08 2.46364893652e-07 5.37295989411e-08 2.67077075635e-07 9.2183692049e-08 1.41279049909e-07 2.62669800206e-07 6.82875953819e-08 1.39086501305e-07 2.17827952097e-07 1.70929514327e-07 2.24413211261e-07 1.84882395639e-07 2.00334485458e-07 1.62523992083e-07 4.51885074065e-07 8.67061528757e-08 2.63142556182e-07 5.80065088717e-07 3.50193617205e-08 2.06758021135e-07 1.0222423664e-06 2.58263524352e-07 2.37752731473e-07 5.86120231005e-07 1.24974201034e-06 9.71157519609e-07 2.07110872124e-07 3.24104156261e-07 2.44837377846e-07 2.1308449808e-07 4.14629616316e-07 4.18855070752e-07 1.88232364656e-06 1.0122075285e-06 5.94973846472e-06 4.4093340203e-07 5.83535969149e-07 1.32849590132e-06 4.33116297395e-07 1.85637675627e-07 5.4849458327e-07 5.36934732588e-07 2.08417565424e-07 4.33891286397e-07 2.14339655239e-07 2.84531536747e-07 4.41598081428e-07 2.63337817616e-07 2.78486334841e-07 4.545240009e-07 2.21878195933e-07 3.45557773651e-07 1.51655093545e-07 2.8761754958e-07 4.94339096782e-07 2.31828344463e-07 3.19534769462e-07 3.27725360513e-07 2.58271838631e-07 4.89033135367e-07 3.34620208164e-07 1.60235482937e-07 3.98072710209e-07 2.62374047615e-07 5.22188515961e-07 3.51834021636e-07 2.90211419937e-07 5.37004292436e-07 3.65982016711e-07 2.88559543007e-07 4.11004937826e-07 2.93589240361e-07 6.74891283741e-07 5.89542989548e-07 2.22815114886e-07 4.07472519446e-07 1.2958646547e-06 4.63902871845e-07 2.08031939264e-07 3.7738267552e-06 6.91391699576e-07 1.91999387638e-06 7.07777696129e-07 6.78660543153e-07 3.61828727561e-07 2.56267100583e-08 5.17177164611e-08 3.06587534206e-07 2.35552739295e-07 5.48784253024e-07 6.65852177237e-07 2.97456038691e-07 5.95900713291e-07 1.97627647053e-07 4.79562186705e-08 2.95860462426e-07 2.22217437389e-07 2.93982038477e-08 4.26072333278e-07 6.67690404587e-08 6.7703947944e-08 1.29972405772e-07 1.19534497658e-07 9.30991792945e-08 1.72856324873e-07 3.87823264279e-08 7.47071471619e-08 1.43856918605e-07 5.16939157817e-08 1.04429038243e-07 1.56175908802e-07 2.90063343494e-08 1.4084873213e-07 3.35910214851e-08 1.61577746429e-07 1.13447886798e-07 5.79947967106e-08 1.61027272618e-07 7.86793095528e-08 3.28543770158e-08 2.00312888496e-07 1.05091560368e-07 1.22135016651e-07 1.85869331344e-07 5.25702188952e-08 5.49680772285e-08 4.64575263847e-07 1.79357894092e-08 1.98731729925e-07 2.92967425751e-07 2.81114384932e-08 2.34466312718e-07 4.72026468994e-07 1.95717843447e-07 5.44530019814e-07 2.66906016515e-07 2.13368355037e-07 4.41246821884e-07 1.24128737837e-07 1.58655735974e-07 1.28914417525e-08 8.55523944484e-08 3.95453212682e-07 4.158160038e-07 6.49929782378e-07 3.59566791519e-07 1.47935869687e-06 1.23134395405e-06 5.09863590752e-07 1.87960402407e-07 9.97460956488e-07 2.44114237187e-07 1.19809910768e-07 4.16624545602e-07 2.017803203e-07 2.59745164221e-07 2.3211351748e-07 2.82892976579e-07 1.27827986221e-07 2.48452281232e-07 2.31549585114e-07 1.50716790126e-07 2.29253130943e-07 1.55461814311e-07 1.00797129906e-07 3.96180796044e-07 1.15939732954e-07 2.07067067261e-07 2.05831937698e-07 1.26540719434e-07 4.00910714038e-07 1.11577704579e-07 1.49615585786e-07 2.33397979746e-07 1.85475286403e-07 2.6774305017e-07 2.41030968743e-07 1.23475288624e-07 3.47865446836e-07 2.62532662054e-07 2.51326147041e-07 2.27045431959e-07 4.31585557866e-07 9.66611776501e-08 2.34766932334e-07 9.26172819535e-07 2.33152673214e-07 3.76394355811e-07 8.98059311581e-07 1.17654777854e-06 2.67791517888e-07 5.59208308248e-07 4.2018913016e-07 6.44807350465e-07 3.37858260107e-07 3.95165536599e-08 5.02043471482e-07 1.33789855918e-06 1.16273583491e-06 1.36990262704e-06 6.06075510314e-07 1.5585819082e-06 9.01889086703e-06 1.22460030535e-06 7.05845017733e-07 1.97668588456e-06 1.36060366582e-06 4.19601824231e-07 1.11046076106e-06 6.09344852804e-07 6.67657127095e-07 9.64334964105e-07 6.11299728299e-07 5.0447875614e-07 1.25434871709e-06 2.5842319886e-07 5.04714052833e-07 6.53357891884e-07 2.31390865824e-07 9.12552482694e-07 3.02653782299e-07 2.77969597515e-07 1.15457887279e-06 1.26609177648e-07 1.14052299821e-06 2.95332621803e-07 3.06249294007e-07 9.38220373066e-07 2.54842714526e-07 7.16789803956e-07 5.22280671897e-07 2.73132877053e-07 1.43736882426e-06 5.74885751561e-07 6.98512837428e-07 9.6158531873e-07 7.5082086432e-07 6.58079862616e-07 1.02936634517e-06 4.74055946667e-07 1.2186332749e-06 1.78936803256e-06 4.07810884397e-07 8.6151821632e-07 5.94327290176e-06 1.18884577393e-06 4.54675424222e-07 1.54504676825e-06 1.24813873233e-06 2.21138590679e-06 1.18264237818e-06 1.23163621659e-07 4.57545529895e-07 1.95837216721e-07 4.8275596302e-07 3.47793283725e-07 4.24611284133e-07 1.56559667264e-06 1.47470189674e-06 2.0251416455e-07 1.28014355834e-06 4.35830732714e-07 1.78533457713e-07 4.02274422144e-07 2.03892785603e-07 2.90280452005e-07 2.39274912692e-07 2.94260779914e-07 1.51846105219e-07 2.90409929162e-07 2.0958861515e-07 1.48291342045e-07 2.31643040212e-07 9.06141057811e-08 1.9202341928e-07 2.34326579774e-07 6.82325198971e-08 3.22246968204e-07 1.7622301593e-07 1.5757135973e-07 3.10655168874e-07 7.00539797798e-08 2.72169106158e-07 2.15347844331e-07 8.97029630053e-08 2.37714078294e-07 1.46775022238e-07 2.96455963246e-07 3.12194504629e-07 1.55755476273e-07 3.05766906707e-07 2.88591871684e-07 2.99130837857e-07 1.54502589426e-07 4.3954361401e-07 1.0693296621e-07 3.99187538847e-07 1.15171841921e-06 9.17354682939e-08 1.21456635119e-06 1.12604879753e-06 3.18971687556e-07 3.57494092507e-07 5.6685384003e-07 2.07455959826e-07 8.27687136237e-07 2.63655359071e-07 1.6116667242e-07 5.28382934338e-08 1.97334474865e-07 5.06948699847e-08 2.62837039831e-07 7.50789233726e-07 2.27166167415e-07 6.15837815413e-07 5.81520580263e-07 4.1751026715e-07 1.85307286946e-07 2.68494693597e-07 1.55991747853e-07 1.88323586545e-07 2.89541297211e-07 2.78505056951e-07 1.40032976727e-07 3.74433289235e-07 2.01098629416e-08 2.6487088565e-07 4.46432492864e-08 5.60799517438e-08 2.14568265439e-07 2.60271353393e-08 8.12583385536e-08 5.73141373178e-08 2.56927592571e-08 2.06227426511e-07 2.10882034351e-08 6.81209756843e-08 5.24452235678e-08 1.7510929652e-08 2.52849758852e-07 3.31538403247e-08 5.59199210163e-08 2.67864336069e-07 1.02676398762e-08 3.58849868282e-07 1.24527528971e-07 2.93226671384e-07 2.50402863255e-07 1.68803224861e-07 1.73679781248e-07 1.80087417792e-07 2.31260813018e-07 3.42730761377e-07 3.67162538904e-07 5.57798002311e-07 1.20403153787e-07 4.20951612542e-07 2.94701258204e-07 3.67386737014e-08 3.06677658843e-07 7.06414275182e-08 4.7097762272e-07 8.21781605989e-07 2.37237448345e-07 9.31095752114e-07 5.32488877711e-07 1.00544850141e-06 2.76007258134e-06 1.2425396234e-06 5.41140019496e-07 8.78568539489e-06 2.22929277209e-06 9.19353099851e-07 1.52466938563e-06 1.27572593283e-06 8.49785149989e-07 1.24397884341e-06 7.47403983089e-07 7.46368869775e-07 1.18797120383e-06 3.62295542567e-07 5.74689931319e-07 9.89919934534e-07 2.5857596501e-07 7.69393305317e-07 7.4566603628e-07 2.11735014292e-07 1.12689447745e-06 1.87144466894e-07 8.8145713797e-07 9.63805054023e-07 1.71788661216e-07 1.15602255149e-06 2.25643605758e-07 7.96901616961e-07 7.32967648241e-07 3.0639007486e-07 1.07701818404e-06 5.79262456082e-07 4.55764820534e-07 1.12380390976e-06 7.93541651911e-07 7.07723554718e-07 1.18020196524e-06 7.30763073983e-07 1.07573325247e-06 1.4182050318e-06 6.36328656126e-07 1.52270530251e-06 6.0046508801e-06 3.80283239762e-07 1.15237890668e-06 2.68164700949e-06 1.0995654687e-06 6.62081882939e-07 1.21407878033e-06 5.63113519442e-07 1.7967898077e-06 2.47321472757e-07 1.49440956815e-07 7.70497940481e-07 1.32027409116e-07 4.01504886735e-07 1.58474070755e-06 6.27296603819e-07 3.95217865374e-07 2.75548625969e-06 3.75605937771e-06 7.53714418441e-07 1.84375922116e-06 8.88856779761e-07 8.09550871233e-07 9.14195388478e-07 8.07686250645e-07 5.59182112251e-07 1.06296845684e-06 3.72081655786e-07 6.26767679741e-07 5.34992297127e-07 4.85672332684e-07 5.08842377615e-07 8.20678661229e-07 2.7203839984e-07 7.0884526751e-07 3.32598085039e-07 2.16229332939e-07 6.11874784663e-07 2.31502740716e-07 3.09206634121e-07 6.81229150126e-07 2.94781182524e-07 8.13664526373e-07 5.13118856305e-07 5.34376202765e-07 5.83911611257e-07 6.22191093475e-07 3.28114722498e-07 1.13510959839e-06 4.88237908319e-07 7.41107668212e-07 8.08135928966e-07 6.98538992361e-07 7.84729832576e-07 1.51048995533e-06 6.21383921129e-07 3.00122628878e-06 1.97586030845e-06 3.0811191949e-07 5.65952154365e-07 1.68294925454e-06 4.23734551266e-07 1.43356106994e-07 1.15282345124e-06 5.08322326731e-07 7.20443108258e-07 8.48145352309e-08 4.49343911357e-07 5.2697177734e-08 2.61084203934e-07 5.98502583924e-07 2.45447384815e-07 3.00312724754e-07 1.05908586649e-06 9.83122804888e-07 1.33625563895e-06 7.70982477847e-07 7.50670029563e-07 3.66906425481e-07 8.58483393792e-07 2.41852610453e-07 3.95036394018e-07 4.86607995467e-07 1.95447654448e-07 3.42021956634e-07 3.34560587432e-07 1.09567640294e-07 4.00024345413e-07 2.69935140129e-07 1.49037704378e-07 2.71514391322e-07 1.55190097983e-07 2.80713521858e-07 9.57783520269e-08 1.25319580858e-07 3.06289817477e-07 1.57274612674e-07 2.9067473906e-07 1.68831767119e-07 2.54299393381e-07 4.54980868223e-07 8.26028687383e-08 3.68434899358e-07 3.81625319369e-07 1.65018574892e-07 4.19754851892e-07 3.86027209084e-07 2.12117843418e-07 7.69169972536e-07 3.6432409276e-07 7.57090326088e-07 4.43293874017e-07 1.22254362595e-06 8.29649754808e-07 7.90276407956e-07 3.35479486504e-07 1.79050777417e-07 6.36466606374e-07 2.79450833621e-07 8.91170783492e-08 6.5332132946e-07 2.79114844911e-07 4.52433260955e-07 9.15600546308e-07 5.66057634907e-08 9.21830136116e-07 1.48940448732e-06 3.2970031888e-07 5.99958585312e-07 2.07543520205e-06 1.88634597384e-06 9.38505179429e-07 6.79514637797e-06 1.66665521045e-06 1.57082963448e-06 1.42418889461e-06 1.24568698698e-06 4.72183245661e-07 1.09995629861e-06 6.59792549122e-07 6.38451992414e-07 1.06570819326e-06 3.42281703678e-07 6.1691467958e-07 1.08637441883e-06 1.17244206164e-07 1.16158206732e-06 2.80423638041e-07 4.3881767153e-07 9.42328839925e-07 7.44919334607e-08 9.47285964212e-07 5.10147373706e-07 2.524454628e-07 1.16644138047e-06 1.58520402373e-07 1.09715417859e-06 5.32606762663e-07 3.77067015833e-07 9.61231257853e-07 5.55059347175e-07 6.82458657943e-07 1.15113754338e-06 3.44288726459e-07 1.07983769541e-06 1.32050836625e-06 9.10649498118e-07 1.07246508346e-06 4.91190719797e-06 5.73304615873e-07 1.5325004354e-06 2.07427661911e-06 4.75240431527e-07 4.10925958734e-07 1.77309088263e-06 1.12156747235e-06 1.21837535834e-07 1.44666611936e-06 9.20217193099e-07 3.67192546557e-07 6.69437138581e-08 2.00974134673e-07 8.42188463641e-07 3.60619633653e-07 2.32133109227e-07 1.53682226446e-06 1.43955094657e-06 7.00788876489e-07 2.09416397334e-06 3.52044489335e-06 1.42266813051e-06 2.02350028312e-06 1.1092044391e-06 8.99588752409e-07 1.07965001184e-06 6.08032672292e-07 6.47503188827e-07 1.11113706108e-06 4.02895149924e-07 8.40020641184e-07 5.88515430114e-07 3.88245474883e-07 5.99646185308e-07 3.05483812411e-07 7.32628172814e-07 4.32662125327e-07 2.76193210915e-07 2.83261902511e-07 4.37246039591e-07 7.30551176584e-07 3.35968014978e-07 5.99984143022e-07 3.54629885826e-07 6.09624251737e-07 7.84232863462e-07 3.70833684123e-07 1.15783208146e-06 5.89077865941e-07 4.86438657159e-07 8.83719940881e-07 9.0260134485e-07 9.74987723631e-07 1.69626833965e-06 1.16257357851e-06 2.97424047134e-06 1.42550601274e-06 7.02696907807e-07 1.34965117456e-06 1.58851544549e-06 1.9850398976e-07 4.86427148075e-07 1.30552371875e-06 4.66350874173e-07 2.64054676013e-07 1.13567852086e-06 1.6587445631e-07 1.71841509987e-07 1.03062316804e-06 4.09163769665e-07 1.69134511599e-07 1.21789124468e-06 1.00144483316e-06 5.98349783487e-07 1.71633662403e-06 1.80959695519e-06 3.57227994163e-06 1.80627760959e-06 1.6643721092e-06 8.14189535364e-07 1.86698322105e-06 4.86808067989e-07 8.8340011711e-07 9.85016614686e-07 4.40694026033e-07 1.02574749523e-06 9.05040375364e-07 1.8983743208e-07 1.54569457544e-06 2.02438889237e-07 9.25107521013e-07 6.18488407042e-07 2.22198584259e-07 1.30853915543e-06 2.29316199448e-07 7.00989641534e-07 8.43043959309e-07 1.57744770321e-07 1.56481004677e-06 1.91410741038e-07 8.58266623636e-07 9.90630636414e-07 4.39508344524e-07 8.14069523515e-07 8.2370036765e-07 4.62409172256e-07 1.63972751695e-06 7.68493612562e-07 1.43395932448e-06 1.28875542373e-06 3.0819710036e-06 1.51306903533e-06 1.05988565959e-06 5.31736338684e-07 9.48992163948e-07 1.32076623382e-06 1.2943696977e-07 4.84745557553e-07 1.71821361495e-06 5.60579215333e-07 5.18271140873e-07 7.44638457564e-07 1.65297614883e-06 9.37003319005e-07 2.30149435763e-07 1.25940341478e-06 1.29200160323e-06 8.45126731749e-07 1.60591392887e-06 2.05624383853e-06 2.07163037974e-06 8.37205205009e-06 2.19455950073e-06 2.30475490389e-06 2.4483865673e-06 1.17571197717e-06 8.90534954767e-07 1.5851658839e-06 6.50050242488e-07 1.19619761059e-06 1.28336440323e-06 4.58952691958e-07 1.13212886452e-06 5.05910677203e-07 7.64982700604e-07 8.21801001364e-07 3.40686508081e-07 7.37122344141e-07 7.45691071196e-07 3.20958541373e-07 6.92285467822e-07 8.27313595242e-07 4.94046813333e-07 1.02354808734e-06 5.24905839045e-07 1.19927677139e-06 1.12797373953e-06 5.86628394819e-07 1.48917491449e-06 7.79251364398e-07 9.65544038194e-07 2.04144177539e-06 2.06260996986e-06 1.46997980598e-06 6.21152465352e-06 1.48747426279e-06 1.7750607714e-06 1.64424270129e-06 8.91308915804e-07 1.41514900373e-06 1.43908920693e-06 4.22345566999e-07 1.26166769189e-06 2.79956893097e-06 3.50571464309e-06 2.06097702417e-06 2.60632695848e-07 1.03529672819e-07 1.52406037889e-06 1.20199172311e-06 5.06263622131e-07 1.59313460062e-06 1.70378214729e-06 1.72442034692e-06 2.91340840191e-06 5.62672416447e-06 1.48557689605e-06 3.27247478909e-06 8.7656219758e-07 1.57298975362e-06 1.24773936194e-06 4.85390022317e-07 1.31006585091e-06 1.05490296873e-06 4.74567399327e-07 8.84151133446e-07 3.66450292946e-07 1.18859422145e-06 6.7467730155e-07 3.89316177365e-07 8.21334680923e-07 5.04940872144e-07 8.06296932847e-07 3.57016892075e-07 6.6291249608e-07 1.18014371392e-06 2.95284867532e-07 9.89022254842e-07 3.63350970617e-07 9.43106611124e-07 1.32561836179e-06 3.42365345119e-07 1.04957761001e-06 1.38075047039e-06 8.0537523666e-07 2.84438221916e-06 8.99359229964e-07 4.59626791012e-06 2.00025265272e-06 1.37656997232e-06 1.55841066089e-06 1.727836502e-06 3.79352656959e-07 1.22252214652e-06 1.84281555403e-06 2.62398351867e-07 5.38692188026e-07 1.07271159372e-05 5.92777616958e-07 5.868886966e-08 1.42932985986e-06 9.66652307305e-07 2.80570320604e-07 8.40705957237e-07 1.24965368886e-06 1.36652979798e-06 2.32968464689e-06 1.72917407617e-06 3.37461039396e-06 2.31551279867e-06 1.05979596185e-06 1.02527301986e-06 1.41083127065e-06 5.12024904465e-07 8.60983280345e-07 1.0793808798e-06 4.99831584752e-07 1.35123392449e-06 3.32820683177e-07 7.06040497916e-07 1.08992400407e-06 1.15829660217e-07 1.12124091631e-06 4.1353275772e-07 4.35174397633e-07 1.10483456024e-06 9.43831233646e-08 1.08952051976e-06 6.4356951268e-07 3.00316150928e-07 1.18868505299e-06 5.47157625453e-07 1.02535631714e-06 6.76335224083e-07 6.26360648021e-07 1.2117086943e-06 8.89956242487e-07 6.93532880858e-07 1.71710519896e-06 3.10153227537e-06 1.14114987054e-06 1.99040191397e-06 1.23270932648e-06 1.41548683276e-06 7.18296200627e-07 3.96909767842e-07 1.24023559453e-06 1.88312884266e-06 1.10205876634e-07 3.0724915464e-06 5.69865798575e-07 2.11048461535e-06 1.37770910393e-06 8.04562604861e-07 1.79824560909e-06 1.69429075301e-06 2.29230607657e-06 3.29569293319e-06 3.43540066303e-06 2.99476526502e-06 1.04399202932e-05 2.24171557284e-06 3.08592980395e-06 2.9632592008e-06 1.42478614611e-06 2.07427713159e-06 2.41574504384e-06 9.71588593751e-07 2.59719738262e-06 8.72120399832e-07 1.63464159758e-06 1.454219701e-06 7.23538727151e-07 1.39322491868e-06 1.23764741716e-06 1.23056762919e-06 1.31533184024e-06 1.27277844578e-06 7.77548659557e-07 1.36052528457e-06 1.56745809276e-06 8.52623106584e-07 2.53995527344e-06 8.65261975727e-07 2.08885963024e-06 1.87611163529e-06 1.12707498111e-06 2.36762101406e-06 2.52891088957e-06 1.74358212162e-06 8.28519359322e-06 2.27092923414e-06 2.90672101559e-06 2.99432165823e-06 2.00801310447e-06 1.74437634816e-06 2.03082267453e-06 1.03220676717e-06 1.97182362268e-06 3.30392823759e-06 3.87500271637e-06 2.50320631832e-06 4.98721564936e-07 4.31650759911e-07 8.21550413597e-07 7.9414569259e-07 8.82477829497e-07 1.29136526147e-06 1.33484280896e-06 1.24535712765e-06 2.95314367892e-06 3.28048376868e-06 1.38065211753e-06 2.43381405479e-06 7.76971029838e-07 1.65334078038e-06 1.04644591832e-06 4.60945652566e-07 1.49432519376e-06 4.49121111358e-07 1.09611634386e-06 1.04049798083e-06 2.16882686334e-07 1.74687116883e-06 2.85941731728e-07 8.99583080211e-07 8.58943939508e-07 2.88931406182e-07 1.80357312453e-06 2.15721483813e-07 1.06674262826e-06 1.11875229839e-06 3.74372675403e-07 1.48028298842e-06 4.29554137351e-07 8.86604975583e-07 1.44405153388e-06 6.5772507644e-07 2.04032173581e-06 1.06856104391e-06 3.09668196941e-06 2.37118513634e-06 7.77250533709e-07 1.2025426692e-06 1.19391365894e-06 7.28850744633e-07 7.47807056607e-07 1.02818287969e-06 5.46321423161e-07 9.17341816186e-07 1.08896677515e-05 1.83849886345e-06 5.62033238976e-07 1.12047351783e-06 9.00289944065e-07 1.1042476636e-06 1.20411453544e-06 1.67154182223e-06 1.24241168357e-06 3.17525810896e-06 1.64337000001e-06 4.8534398785e-06 2.76750935277e-06 1.37403111122e-06 1.62132457341e-06 2.29416838659e-06 6.08995680339e-07 1.98591756677e-06 5.49616470889e-07 1.47012815857e-06 1.35637511175e-06 3.25126645748e-07 1.02357683675e-06 9.05721131632e-07 5.6400900693e-07 1.05993978822e-06 6.23321730301e-07 8.73622024636e-07 9.89152916113e-07 3.25018868551e-07 1.13865250859e-06 1.38273282404e-06 5.53243124844e-07 1.87627984941e-06 5.17863742879e-07 2.07958585835e-06 1.50131881492e-06 1.14307446201e-06 2.00329432982e-06 4.39354293355e-06 1.31825481048e-06 2.70934367837e-06 1.05812789077e-06 1.85734078239e-06 1.1938064109e-06 1.12460877716e-06 1.08139823017e-06 2.2384742434e-06 1.34838960223e-06 9.93396694621e-06 1.42356286365e-06 2.05049034036e-06 2.03635851989e-06 1.91872510584e-06 1.77162771243e-06 1.80407298363e-06 1.87737859367e-06 4.45880520474e-06 2.41813464841e-06 3.4733378383e-06 1.00472950561e-05 2.08250950898e-06 4.79394969053e-06 3.53010416696e-06 1.55083236798e-06 2.98042968524e-06 9.96248746251e-07 2.49089559975e-06 2.30196450621e-06 8.64253966086e-07 2.04893382036e-06 1.22928577681e-06 1.90796783942e-06 1.45481035342e-06 1.36258466832e-06 1.83215571956e-06 1.24071311093e-06 2.03973308499e-06 7.73231151502e-07 2.38322607264e-06 2.21623840029e-06 8.4875768937e-07 2.68500241447e-06 1.31579201983e-06 2.89456171661e-06 4.33424735813e-06 1.55763367689e-06 8.30549962862e-06 2.61898486321e-06 2.08747487099e-06 3.73405793178e-06 1.66482984691e-06 1.56707670427e-06 1.83524972627e-06 2.1616331327e-06 2.92750215862e-06 5.04241536622e-06 7.58299131745e-06 2.69617231193e-06 8.09549911782e-07 6.94088966181e-07 1.0684535318e-06 1.01059382442e-06 7.47428244027e-07 1.93280483079e-06 1.31315365895e-06 1.44210723951e-06 2.61871510488e-06 3.04043770405e-06 1.96101379144e-06 2.52239847213e-06 7.1850986072e-07 2.44877939418e-06 4.77835806518e-07 1.60523365787e-06 9.8251072818e-07 3.6385823904e-07 1.45010373407e-06 7.77500346027e-07 6.58656037529e-07 1.35499258815e-06 3.74223129208e-07 1.33370676743e-06 6.95963449104e-07 7.70549082147e-07 1.35850034844e-06 3.68911949613e-07 8.0960621093e-07 1.43011363981e-06 4.96161061388e-07 2.29227941152e-06 6.42395991986e-07 2.19551024227e-06 1.48612479288e-06 3.12310068579e-06 2.02727062649e-06 1.1981387902e-06 1.20310856943e-06 1.4535390492e-06 6.60941213158e-07 1.07699559165e-06 1.15427711176e-06 1.00568838508e-06 1.73502913263e-06 9.31278157993e-06 3.47341526892e-06 2.18901031917e-06 2.95726786577e-06 2.41172078831e-06 1.89826441186e-06 3.14473381399e-06 2.07022887615e-06 2.26340062256e-06 4.9366774421e-06 2.35178441641e-06 1.07434395292e-05 4.5703103582e-06 2.07477240368e-06 4.1733117075e-06 1.46761781351e-06 2.49308360705e-06 2.66778517241e-06 9.51829121502e-07 2.71930476122e-06 1.66801427735e-06 1.51465591195e-06 1.83625650315e-06 1.5298386008e-06 1.60756415378e-06 1.6554343027e-06 1.53945908027e-06 1.61849355032e-06 2.5239423288e-06 8.98818886862e-07 2.71206288007e-06 2.23865345611e-06 1.33562429844e-06 3.59556535336e-06 1.39823662309e-06 3.3268697257e-06 9.01140891834e-06 1.79724969351e-06 4.39919680799e-06 2.095727959e-06 1.99035254934e-06 3.44049996547e-06 2.36893227788e-06 3.68966257252e-06 5.83250080227e-06 5.40095981438e-06 1.36265019449e-05 3.77278295943e-06 3.15653053417e-06 2.65012636969e-06 1.94212031111e-06 3.80125012487e-06 1.87681816691e-06 2.70420391171e-06 5.02461229374e-06 2.68775129032e-06 5.79827733503e-06 1.12644079695e-05 2.21706671082e-06 7.25887635852e-06 1.49084501802e-06 4.7540896861e-06 2.55831838069e-06 1.14732246108e-06 3.50187116527e-06 2.0077340332e-06 2.32536574756e-06 2.6649166585e-06 1.05668487635e-06 4.16076232955e-06 1.03895338387e-06 2.67129675026e-06 2.29849413232e-06 1.84827848512e-06 3.39513837495e-06 9.97515202756e-07 2.18718532782e-06 4.3746947698e-06 1.21405503422e-06 6.09251780162e-06 1.8831924746e-06 9.86464169587e-06 4.48005954489e-06 2.27225509682e-06 4.25202714091e-06 3.00443949125e-06 1.90091669689e-06 4.55758788664e-06 2.36897474965e-06 4.64520797726e-06 6.62517469384e-06 1.63358946676e-05 3.26765577952e-06 1.26449983155e-06 1.10493317283e-06 2.03426863555e-06 7.70423387291e-07 9.00514171458e-07 1.95961816193e-06 1.0634156984e-06 2.54729060912e-06 3.05751858564e-06 3.03147149699e-06 2.85957606724e-06 1.12562978453e-06 1.86406058661e-06 1.8986469564e-06 3.64834121007e-07 1.98862333772e-06 7.83346927537e-07 1.15946444305e-06 1.31747394525e-06 6.91802370916e-07 1.12532874412e-06 1.22278247773e-06 6.33815173966e-07 1.26402896538e-06 1.04937555393e-06 7.38859864792e-07 1.90371611858e-06 3.6671466225e-07 1.86360087237e-06 1.60281417508e-06 1.13711008877e-06 2.25277737105e-06 3.23632439367e-06 2.60322693098e-06 1.6933070672e-06 9.56344761292e-07 2.01963269548e-06 1.099851521e-06 7.60019593756e-07 2.75641043286e-06 1.76116685957e-06 2.54492243345e-06 9.56140405447e-06 8.18682421728e-06 3.46803410287e-06 6.51134863856e-06 2.52566701877e-06 2.83140777281e-06 5.06103015751e-06 3.16713156213e-06 6.38719354767e-06 8.02381396321e-06 3.58634954613e-06 2.13861606973e-05 2.76668795395e-06 8.82986813295e-06 5.29938129676e-06 2.21606031712e-06 4.52900340567e-06 3.02981750159e-06 3.41562602914e-06 3.77948093868e-06 2.66730674303e-06 3.65030706271e-06 2.42679981328e-06 3.64381634617e-06 2.6335314658e-06 3.88057210906e-06 3.05985131912e-06 2.96287599766e-06 4.07946705976e-06 1.78832783031e-06 4.62487187702e-06 7.6588659059e-06 2.10559697952e-06 1.86495482042e-05 2.94006702302e-06 7.35544938077e-06 6.31043257993e-06 3.24571538026e-06 5.82682886587e-06 3.23943965133e-06 3.7392376136e-06 1.07015779807e-05 7.01400279987e-06 2.35878321022e-05 1.95860059566e-06 1.8678572688e-06 1.00687191665e-06 1.21113139903e-06 1.77652880479e-06 8.77195735441e-07 1.83306681092e-06 2.42717965984e-06 1.27218339715e-06 3.76185530196e-06 3.15172516626e-06 2.52640182613e-06 3.03768188581e-06 6.76997113797e-07 2.77544706518e-06 8.54476804513e-07 1.36605447479e-06 1.36325736838e-06 9.40136263383e-07 1.78250293153e-06 9.22164523727e-07 8.34063207661e-07 1.83854709277e-06 8.45722512991e-07 1.22813269555e-06 1.32757014973e-06 7.71855003525e-07 2.66672573888e-06 6.34291942462e-07 2.76593687099e-06 2.07676467363e-06 3.4778563865e-06 3.17984175367e-06 1.34554025324e-06 2.45472797967e-06 2.09137302548e-06 9.912231912e-07 2.2416355781e-06 1.54841158785e-06 1.5473492635e-06 3.47473111293e-06 5.49783248392e-06 1.20479969643e-05 3.10950913988e-06 3.59281735515e-06 5.14811989766e-06 2.50569639832e-06 4.72260159721e-06 6.7783750267e-06 3.34346050515e-06 9.77595261803e-06 3.49127856147e-06 1.46422513634e-05 6.85105494847e-06 2.83540489899e-06 6.19307824781e-06 4.02044063408e-06 2.97930353291e-06 5.24237344605e-06 2.4715590712e-06 5.51695404192e-06 3.16472082318e-06 3.44810102615e-06 3.17140655853e-06 5.42098232501e-06 2.4269180609e-06 5.22771310432e-06 2.76864859266e-06 3.80540368404e-06 5.80663825089e-06 2.60623453844e-06 5.79501440198e-06 1.41916296367e-05 3.07659902451e-06 8.99672852588e-06 3.23250310375e-06 7.20996614204e-06 5.06088348131e-06 3.01006676766e-06 6.70435136614e-06 5.31607880685e-06 5.64731663694e-06 3.23795894129e-05 5.20515863814e-06 3.36867944419e-06 5.38218921743e-06 3.26593944212e-06 4.04784704881e-06 4.87519344762e-06 2.57822847508e-06 7.82666256866e-06 2.9834843511e-06 8.00123199272e-06 1.63947082118e-05 2.11116236621e-06 9.66335819904e-06 3.45440803952e-06 5.16760495337e-06 3.91382085515e-06 2.98430240237e-06 4.90068259197e-06 3.33196287323e-06 4.00563411244e-06 4.20466708595e-06 3.15079855611e-06 5.01648879564e-06 3.08932668857e-06 3.45218722752e-06 4.90502332053e-06 3.23800379942e-06 9.4793780615e-06 1.68773646171e-06 1.47290060467e-05 6.99225413708e-06 2.78481976884e-06 7.99684938196e-06 2.67619396431e-06 5.52161346685e-06 4.89116130403e-06 4.40901308288e-06 7.85403761599e-06 5.64258110558e-06 1.24791600117e-05 2.68051861151e-06 2.25515888568e-06 1.18296367832e-06 1.79529318819e-06 2.09870715731e-06 8.9737754799e-07 3.17298274949e-06 1.1954130633e-06 3.11493889368e-06 3.1564713233e-06 2.8839954486e-06 3.15440068897e-06 2.07784634265e-06 1.68213095321e-06 2.79891767324e-06 8.38782179946e-07 2.34805900006e-06 1.13873959852e-06 1.86923185088e-06 1.7088199348e-06 1.85466978718e-06 1.15926105248e-06 2.36576959637e-06 8.02559543305e-07 2.79237595543e-06 1.57458895367e-06 2.06111561006e-06 2.72175207219e-06 3.49278923713e-06 2.65760380279e-06 2.85810621808e-06 1.34559146922e-06 3.2301640875e-06 8.68645999101e-07 2.24830613939e-06 2.33093604642e-06 1.51357730252e-06 3.44758233167e-06 6.71086968432e-06 1.49759463218e-05 4.07324437876e-06 6.22174413513e-06 7.57781206032e-06 3.47369284448e-06 7.75455545764e-06 3.4443400038e-06 9.98862311774e-06 9.7342116038e-06 3.54655485317e-06 2.27093778522e-05 5.59943947845e-06 8.35288279866e-06 7.43397666181e-06 4.95095939239e-06 6.52726377471e-06 4.8787664861e-06 5.09464174158e-06 6.06294301763e-06 6.18724856774e-06 5.02504632443e-06 4.65259567742e-06 6.33578510578e-06 4.6871948296e-06 6.89179265395e-06 7.45698204113e-06 4.72731760309e-06 2.06363081413e-05 3.18863097731e-06 9.69851403427e-06 1.01023664489e-05 3.46846083874e-06 8.63772888973e-06 4.16720622273e-06 9.50181700149e-06 9.03238362166e-06 6.93476926377e-06 3.11574784213e-05 4.17978483375e-06 4.58713547389e-06 5.193706859e-06 1.7475004084e-06 4.91037794964e-06 1.71515072474e-06 5.41996281124e-06 5.01021341528e-06 2.18502608755e-06 7.72114897842e-06 9.06401669553e-06 4.62979029787e-06 6.64271846241e-06 2.82947351607e-06 6.70575620759e-06 2.69315285823e-06 4.16488422477e-06 3.9130629607e-06 4.42697154968e-06 3.90685899777e-06 4.1456018718e-06 2.76670408541e-06 6.47832730115e-06 2.79721508358e-06 6.01690583371e-06 4.07449357884e-06 9.37230974595e-06 6.67669188209e-06 2.09095021726e-06 5.15065814173e-06 5.62950873684e-06 1.66828587748e-06 6.11345234666e-06 1.8346589314e-06 6.79100460884e-06 6.90653352536e-06 9.38512020071e-06 1.19434541898e-05 6.5699722124e-06 2.8408851557e-06 7.49616730349e-06 2.46268425576e-06 6.3588247564e-06 6.54509568009e-06 2.88705089949e-06 9.28208268123e-06 5.75256690136e-06 1.14030839805e-05 7.88199811577e-06 4.53447116402e-06 7.17146115086e-06 4.93602993627e-06 3.99990440873e-06 5.31771579824e-06 5.14708566065e-06 4.80557366107e-06 5.46936755191e-06 3.76399754234e-06 4.86404206117e-06 6.84914010588e-06 4.01374225875e-06 7.16952316536e-06 1.23544024502e-05 5.21908875815e-06 8.57899676063e-06 2.77572824392e-06 6.88828577732e-06 6.33558033059e-06 2.65365976469e-06 8.87825613201e-06 4.08737098299e-06 9.93119209975e-06 2.33693401966e-05 1.65650798838e-05 3.49038662622e-06 1.04429426622e-05 3.1089909041e-06 7.88940276592e-06 6.51287783952e-06 3.50819448397e-06 1.08782512811e-05 7.26220586269e-06 9.42711015505e-06 2.14808027942e-05 5.27102004364e-06 1.41037284748e-05 6.22667418495e-06 8.65237886903e-06 6.42198311618e-06 8.57336259608e-06 6.61820292957e-06 8.4384531109e-06 6.2485234992e-06 8.56775081096e-06 6.0386461754e-06 1.34647558782e-05 4.57801896271e-06 2.04293509098e-05 8.86832601617e-06 6.81397127445e-06 1.07572998209e-05 3.69117814846e-06 7.09535031913e-06 8.43062514416e-06 3.88203242205e-06 1.30029648714e-05 5.20856169246e-06 3.00670798771e-05 4.74508710911e-06 7.28259605784e-06 2.20963308569e-06 5.83475516637e-06 3.92924937861e-06 1.63995744141e-06 6.3906823323e-06 4.06978874826e-06 5.25205703879e-06 7.57952019772e-06 8.52221418348e-06 7.10347019165e-06 5.40963157259e-06 4.08780359741e-06 6.21880539369e-06 4.04060153824e-06 4.90347944834e-06 4.89129577515e-06 3.98548012619e-06 6.15291296597e-06 3.96764540194e-06 5.11347364802e-06 6.27667455804e-06 9.53253964347e-06 6.69867561034e-06 4.74866272652e-06 3.96793305641e-06 6.60766240163e-06 1.59794880046e-06 4.19759970716e-06 6.77395257526e-06 2.70392501879e-06 9.4140943968e-06 8.51124475718e-06 2.87484119522e-05 3.66379885683e-06 1.28461164664e-05 8.328332892e-06 3.50054622282e-06 1.01009083134e-05 8.36277330206e-06 1.02183107793e-05 1.46590820258e-05 8.23243899766e-06 3.27209428193e-05 9.03589875198e-06 1.31917963666e-05 1.07961500841e-05 1.30692367902e-05 8.25463702214e-06 1.14549283372e-05 8.08794099414e-06 1.314151696e-05 1.03051390566e-05 1.30451186401e-05 8.01773582217e-06 2.99993067158e-05 7.36804079068e-06 1.41228093624e-05 1.03015152902e-05 8.60305232449e-06 1.06175105522e-05 3.70706705869e-06 9.79474326479e-06 1.59281303634e-05 5.00748731139e-06 4.7319639989e-05 6.6927276545e-06 9.70754509792e-06 7.65218309377e-06 3.16583322679e-06 8.18734754675e-06 5.01682195095e-06 7.14167717604e-06 9.55959976837e-06 6.04868017202e-06 1.23561556252e-05 1.33644128471e-05 6.66347002061e-06 1.00715085413e-05 7.78205175699e-06 8.50598752051e-06 6.43134410384e-06 6.34305938614e-06 8.44570049634e-06 7.37545013926e-06 1.01706862448e-05 5.99082397444e-06 1.50206893449e-05 1.11141935899e-05 5.61395796437e-06 9.32367291682e-06 7.09905090299e-06 4.60864758218e-06 8.50341336616e-06 3.38535751728e-06 9.41130531971e-06 1.13708958277e-05 1.0365655004e-05 2.07605153717e-05 8.51213703092e-06 3.95875862818e-06 9.05837999081e-06 5.55021934064e-06 5.90064709475e-06 9.6196481598e-06 6.61378425438e-06 1.39814041135e-05 8.02813089065e-06 2.01408978188e-05 9.63918267655e-06 1.22495989309e-05 8.34271632698e-06 1.04438918712e-05 5.93417865977e-06 1.05698588546e-05 8.07820568991e-06 1.21165367901e-05 8.2574813763e-06 1.96676683964e-05 7.35891712816e-06 1.37813181316e-05 6.46951795418e-06 1.02868694573e-05 6.01772632413e-06 6.39480148213e-06 1.01969584464e-05 4.8744079064e-06 1.05932820673e-05 3.04490912408e-05 2.40414419702e-05 5.10093716095e-06 1.47128630787e-05 8.66109581969e-06 9.17043032848e-06 1.1085104279e-05 8.1154701336e-06 1.65855485096e-05 1.14528674054e-05 1.28057877057e-05 2.64810913109e-05 1.24969458669e-05 1.55483682385e-05 1.17100115072e-05 1.16251364785e-05 1.11269211107e-05 1.17631895998e-05 1.55561715906e-05 1.16513596553e-05 2.73180315255e-05 1.12966399575e-05 1.12439469149e-05 1.58286719903e-05 8.10166841274e-06 1.0985264385e-05 9.73687827343e-06 9.02783596304e-06 1.71924393087e-05 5.92991993592e-06 3.47023791173e-05 9.41381141134e-06 1.41645549593e-05 8.565285349e-06 9.91542894634e-06 1.03937815802e-05 7.11901758173e-06 1.47886564676e-05 1.10033253795e-05 1.28308105253e-05 1.52978688957e-05 2.58733361077e-05 1.21350733607e-05 1.53275454358e-05 1.01872249361e-05 1.48034753266e-05 9.99434691566e-06 1.53691691821e-05 1.09426297567e-05 2.62809608273e-05 1.43579298754e-05 1.26834217024e-05 1.07459943199e-05 1.51332122896e-05 7.37113738825e-06 1.09046627674e-05 1.03311908809e-05 1.03542745688e-05 1.68550168357e-05 1.23541226225e-05 3.27984555078e-05 9.42962909248e-06 1.2427497543e-05 1.30786198297e-05 7.72791626481e-06 1.34292515783e-05 1.09949469279e-05 1.29305286251e-05 1.7498227863e-05 1.56137842979e-05 2.6477642926e-05 1.28741317605e-05 1.38151094314e-05 1.4432921212e-05 1.48198521136e-05 1.36805322821e-05 1.21588191531e-05 2.79021054298e-05 1.43231948972e-05 1.72921939957e-05 1.22956385866e-05 1.10873162738e-05 1.34438758352e-05 7.39946996218e-06 1.40904638559e-05 1.30667552096e-05 1.05291540407e-05 4.14857651245e-05 2.09699329878e-05 1.32089551361e-05 1.45242280358e-05 8.93806114225e-06 1.29952141498e-05 9.42027362229e-06 1.17964845802e-05 1.75053234089e-05 1.60840262726e-05 1.62711837291e-05 2.87631110967e-05 1.13949366484e-05 1.9477048471e-05 1.36375983399e-05 1.96848908275e-05 1.05071424924e-05 2.94442944544e-05 1.54414674951e-05 1.59403270293e-05 1.7661337482e-05 1.1935634712e-05 9.88869084794e-06 1.37605353694e-05 9.59236793461e-06 1.54423016804e-05 1.46596455564e-05 2.57146359091e-05 2.46687550824e-05 1.52818471253e-05 9.04926049069e-06 1.50982098999e-05 9.61805520011e-06 9.89505297158e-06 1.4771047573e-05 1.42366565722e-05 1.56328466811e-05 1.52229000411e-05 2.21131140411e-05 1.46716104477e-05 1.65370981201e-05 1.6745272722e-05 1.4080530983e-05 2.43198490911e-05 1.37148931211e-05 1.52861067813e-05 1.41307453676e-05 1.41283631603e-05 9.67901980133e-06 9.26908225918e-06 1.53689378048e-05 8.99282137662e-06 1.62973291775e-05 2.72141057075e-05 4.28671674229e-05 1.21564983493e-05 2.21569304136e-05 1.46943624781e-05 1.30539644952e-05 1.73495434497e-05 1.77304697315e-05 2.1673699146e-05 2.08532201837e-05 1.86828861296e-05 3.84435781021e-05 1.8902698009e-05 2.85228507451e-05 1.77429591671e-05 4.0143793104e-05 1.78763411648e-05 2.04101516083e-05 2.15822531329e-05 1.74270885709e-05 1.75059813151e-05 1.26545480653e-05 1.52600704649e-05 2.29305382697e-05 1.28992431555e-05 4.94743093052e-05 2.5692266354e-05 2.38539140805e-05 1.63169959962e-05 1.51225616261e-05 1.82501615479e-05 1.54210465738e-05 1.91905206733e-05 1.96716425706e-05 1.93419478764e-05 2.35203072201e-05 3.32553174468e-05 2.1415887049e-05 2.03961324956e-05 3.65786329093e-05 2.22141304711e-05 1.89039441767e-05 1.928750381e-05 1.82926974839e-05 1.47868681366e-05 1.75359750654e-05 1.47147350819e-05 1.58026410402e-05 2.40203056505e-05 2.71381460749e-05 6.02631053802e-05 2.00004792752e-05 1.87016531476e-05 2.34581775964e-05 1.74496615098e-05 1.89397935084e-05 2.16859590041e-05 2.31950904811e-05 2.78481319212e-05 2.55018087046e-05 5.21892868159e-05 1.96879043764e-05 5.23104511546e-05 2.463420707e-05 2.80155291317e-05 2.36742082969e-05 2.15491773298e-05 1.91061043217e-05 1.77217174152e-05 2.39146268693e-05 1.88920807994e-05 2.0449582685e-05 6.49626786732e-05 3.74604439286e-05 1.80718756333e-05 2.31483843936e-05 1.882954616e-05 1.84569464595e-05 1.74490820638e-05 1.86591814981e-05 2.56413690086e-05 2.43507864815e-05 2.6499091957e-05 3.18989557486e-05 3.77262042263e-05 2.51177902499e-05 2.35840516781e-05 2.51195213277e-05 1.80860252357e-05 1.65808760888e-05 1.69227069454e-05 1.85795950733e-05 2.15659603925e-05 1.65463105196e-05 3.40210932679e-05 5.63691229692e-05 3.61731098724e-05 3.10425794652e-05 3.04357034884e-05 2.60905261743e-05 2.32925685699e-05 3.67636969936e-05 3.69490603224e-05 4.16147542943e-05 3.21182957219e-05 9.97210995579e-05 3.21182957219e-05 4.16147542943e-05 3.69490603224e-05 3.67636969936e-05 2.32925685699e-05 2.60905261743e-05 3.04357034884e-05 3.10425794652e-05 3.61731098724e-05 5.63691229692e-05 7.48987165493e-05 3.14868776092e-05 3.14826432343e-05 2.80301501558e-05 2.40762115699e-05 3.0273148028e-05 3.36795617107e-05 4.03896981878e-05 3.02023336121e-05 5.95192683042e-05 5.21795684921e-05 2.97813553343e-05 3.9062935448e-05 3.36481664391e-05 2.75618079083e-05 2.32085345479e-05 2.50797358198e-05 2.95035088795e-05 2.90189621271e-05 6.66850256308e-05 7.87837147943e-05 3.90196401164e-05 3.42684613553e-05 2.93510321729e-05 3.6728052651e-05 3.22221643407e-05 4.45479023001e-05 3.8473832619e-05 7.15486140827e-05 4.20871355687e-05 6.4880499189e-05 3.84555799747e-05 4.33931546686e-05 3.08265418088e-05 3.53461776901e-05 2.73601332245e-05 3.24240234041e-05 3.55945138292e-05 7.13776861059e-05 0.000102246382815 4.49223884109e-05 4.05205557655e-05 4.86112831228e-05 4.18782712502e-05 4.69345709624e-05 4.73932860314e-05 9.31777222456e-05 5.08469639717e-05 5.00836829763e-05 8.88073639454e-05 4.65019441806e-05 4.55882286275e-05 4.12127724915e-05 4.59986137279e-05 3.9211819921e-05 4.1378756638e-05 9.14971729323e-05 0.000115429684184 5.10062399649e-05 6.26825626019e-05 5.62866329367e-05 6.23009027242e-05 4.81703059232e-05 0.000107972318393 6.44079681825e-05 5.42865980207e-05 6.34349564087e-05 0.000100009832361 4.5467854049e-05 5.78402588127e-05 5.40137337894e-05 5.86460063946e-05 4.63951201633e-05 9.96209691507e-05 0.000116764434788 7.01977085476e-05 6.25890403931e-05 7.26131244502e-05 5.43404841959e-05 9.87309310208e-05 6.81154484609e-05 6.07152854727e-05 6.13242287891e-05 6.65247646119e-05 8.30908936556e-05 4.92668830547e-05 6.46413849334e-05 5.86511369132e-05 6.11000480113e-05 9.55992422634e-05 0.000190371939565 8.66085326035e-05 9.39881885831e-05 8.11838159069e-05 0.00013421954756 7.49517663526e-05 8.00766247694e-05 8.08896071022e-05 7.95344564009e-05 7.05912331954e-05 0.000110495027683 7.1434457789e-05 8.30491463153e-05 7.34909497916e-05 0.000151601869831 0.000261336832922 0.000144459658505 0.000126653451206 0.000217523592945 0.000108109599568 9.17022633448e-05 0.000109204284849 0.000106484993093 8.72266618867e-05 9.80650766534e-05 0.000184935988594 0.000112685152458 0.000117894225167 0.000206605249103 0.000431402955326 0.000195867736914 0.000346619948733 0.000167062141693 0.000117680996584 0.000114055568908 0.000130741331254 0.000107402075856 0.000109139512371 0.000151582373075 0.00029847688371 0.000167537073768 0.000339595332156 0.000626131554653 0.000566193038269 0.000262357605484 0.000181659835258 0.000150659030185 0.000134394341287 0.000127436362248 0.000132215126946 0.000159992829755 0.000236382810495 0.000426287777582 0.000457523143086 0.00457418827048 0.000809764037826 0.000542226322248 0.000442495361652 0.000351285533142 0.000278602140209 0.000324376867059 0.000378025848164 0.000463173889963 0.000643634951955 0.00265563552992 










