












9.75892529497e-07 1.73936024408e-07 1.25396514701e-07 1.40336946971e-07 1.55544263584e-07 1.84870089957e-06 1.66745988284e-07 1.72383344297e-07 1.52199222558e-07 2.18651755527e-07 6.90612511928e-07 1.90874548318e-07 2.16188166306e-06 1.61734484259e-07 1.13367381458e-06 1.34613685263e-07 6.36648121589e-07 5.65204287612e-07 1.28594121202e-07 1.0821156046e-06 1.30999891243e-07 1.43300361229e-06 2.2583220189e-07 2.90271749924e-07 2.14542196254e-07 7.55688177703e-07 1.834989119e-07 5.10067166792e-07 1.39333163925e-07 1.23053898433e-07 1.56330793725e-07 5.51508385039e-07 9.81122184436e-08 5.44892736538e-07 1.95008088445e-07 3.1833478018e-07 2.77818402831e-07 9.07170795602e-07 2.59095061247e-07 2.06056976054e-06 2.88317602205e-07 5.29575898961e-07 2.75788563592e-07 3.66290827316e-07 4.58315637755e-07 1.16871871473e-07 1.38039876808e-06 1.18207320616e-07 8.51605211283e-07 4.05529151156e-07 4.87608537016e-07 3.54893175901e-07 3.25609613771e-07 2.23092665314e-07 1.65681641034e-06 6.78566973735e-07 2.20210180958e-07 3.85285731294e-07 3.10995055701e-07 2.19031627439e-07 5.23162535699e-07 1.15449107058e-06 1.86591070656e-07 3.79628844992e-07 3.75384268531e-07 5.98161506638e-07 1.88842915138e-06 8.89127984823e-07 2.77183737366e-07 9.8575575573e-07 4.24969575676e-07 7.54599210165e-06 5.43374890707e-07 3.90237381889e-06 1.39719338244e-07 1.09043127718e-07 3.40593763699e-06 2.89157302408e-07 4.65255648903e-06 3.56344572314e-07 9.24077266138e-07 2.87908231446e-07 1.00548852522e-06 2.0683435438e-06 3.39126290744e-07 5.98131923234e-07 2.14797590274e-07 2.68287106047e-07 5.48213868486e-07 6.9490013667e-07 1.36759003038e-06 4.0638419503e-07 2.14200756367e-07 6.9299133389e-07 7.75422826308e-07 1.41831562634e-07 2.6045034311e-07 1.15324643973e-06 5.3575387178e-07 4.76276399626e-07 3.40881594533e-07 1.85945721496e-07 6.6301677347e-07 3.818908797e-07 1.52676355396e-06 3.97183408982e-07 4.58687786397e-07 5.74273519123e-07 2.82539003222e-07 2.90825988376e-06 5.99026840152e-07 6.24030843009e-06 2.66517494994e-07 3.90824861591e-06 2.65165167887e-07 3.92475198313e-06 1.95937334174e-07 2.69764348718e-06 3.01521048886e-07 5.42690293628e-07 4.48117166527e-07 4.50578446188e-07 1.54959148413e-06 2.15379112205e-07 1.46277967733e-07 5.57935153671e-08 1.24994414343e-07 3.05525629848e-07 5.87444217208e-07 1.31967126516e-07 3.5404702736e-07 7.27450138658e-07 2.21470283488e-07 2.08281413997e-07 2.40562283208e-07 1.30845251458e-07 5.83378655318e-07 2.94885476073e-07 1.41203715675e-07 4.23218694257e-07 3.53568157157e-07 1.69888345e-07 3.43717693084e-08 1.5617749957e-07 2.33416428723e-07 4.70946582693e-07 4.85508052433e-07 7.07003456697e-08 2.3825712816e-07 4.54015645308e-07 8.21397515621e-07 5.0102904377e-07 6.81237376438e-07 2.91209303771e-07 1.48923383601e-06 1.82553197119e-07 1.8898550284e-07 1.28738168553e-07 1.20097324705e-06 1.33853502434e-07 4.6829689594e-07 4.5742404822e-07 6.25316562747e-07 3.90772469029e-07 2.68393429686e-07 5.39943909119e-08 5.09784471004e-07 5.0334838493e-07 1.87711662867e-06 6.40241401279e-07 5.85370045819e-07 4.84749905142e-07 1.05974866721e-06 3.90915890979e-06 6.4200943569e-07 3.13515954471e-06 2.43763401352e-07 1.01306411117e-06 8.82124719564e-06 2.16392495597e-07 2.7925006333e-07 6.30819225772e-06 7.04646336608e-07 2.02522570725e-07 3.01298389734e-06 5.75397931709e-07 3.84116322112e-06 9.85638816509e-07 4.74147153229e-07 6.42853912792e-07 6.63177666686e-07 1.92833734826e-06 2.75591119874e-07 6.23590092868e-07 2.77094811759e-07 1.25704673992e-07 5.23534308174e-07 9.32248791562e-07 2.24236763169e-07 8.97818620709e-07 7.62073358489e-08 2.67311444973e-07 1.2434479649e-06 1.32342243949e-06 1.24582385063e-06 8.27084370855e-07 3.10665339444e-07 5.52392699338e-08 8.07034613984e-07 1.87119393842e-07 9.60086859683e-07 4.27283501663e-07 1.5001748424e-07 2.76261959791e-07 6.38494843825e-07 2.74342759902e-07 3.88145819302e-07 2.03659551636e-07 2.48708119304e-07 2.39416694958e-07 4.24676602617e-07 2.94515268658e-07 4.9336323445e-07 2.19731331037e-07 1.15058682586e-07 1.17490125786e-07 1.18438220739e-07 6.42929068489e-07 6.16620626944e-07 1.0097596127e-07 2.15959216018e-07 1.74041591339e-07 1.99303307503e-07 3.19206584145e-07 3.93571305482e-07 4.19891152565e-07 2.26788349718e-07 3.05266492263e-07 2.17356754576e-07 3.98529377954e-07 5.8923023029e-07 1.72313170852e-07 1.06558096698e-06 2.84525078396e-07 1.10293956225e-06 3.37163175461e-06 5.70098806603e-07 3.51730692566e-06 1.67617234827e-07 7.94323118986e-07 4.02395340996e-06 1.96587166904e-07 4.22861688117e-07 1.10589377176e-05 4.22861688117e-07 1.96587166904e-07 4.02395340996e-06 7.94323118986e-07 1.67617234827e-07 3.51730692566e-06 5.70098806603e-07 3.37163175461e-06 1.10293956225e-06 2.84525078396e-07 1.06558096698e-06 1.72313170852e-07 5.8923023029e-07 1.30661969284e-06 1.01069507526e-06 4.38928350417e-07 5.61999383969e-07 9.78616798266e-07 1.29373315053e-06 5.52788788192e-07 1.30341613701e-06 3.65114501396e-07 5.98170698285e-07 1.94425235023e-06 6.3219124768e-07 1.15534417903e-07 3.06736476444e-06 3.04587561388e-06 2.39778408809e-07 7.22696283209e-07 1.90339289243e-06 6.32509743293e-07 4.60832550173e-07 1.19140940012e-06 6.00969581107e-07 1.24667789649e-06 9.19634944556e-07 6.36687675762e-07 3.52499730108e-07 1.01577014492e-06 1.30424236328e-06 6.11383932407e-07 1.79173057392e-07 8.36040877305e-08 3.52932180935e-07 2.55775740018e-07 6.19468137311e-07 3.6275465341e-07 4.77940454532e-07 2.14578075651e-07 5.18933451434e-07 8.26063594137e-07 3.8163375306e-07 7.59500349584e-08 1.37414702058e-06 5.01305104043e-07 1.41810757122e-06 2.06196705154e-08 5.4243523493e-07 8.04398787044e-07 5.969470461e-07 2.27117799511e-07 4.12872196402e-07 3.17258290628e-07 6.30851753441e-07 1.8192915725e-07 3.66391578285e-07 8.01324918067e-08 1.75966510732e-07 6.11432408377e-07 3.15604379024e-07 1.0630281148e-06 1.35673450304e-06 2.49070808227e-07 1.55599186841e-06 2.74462173955e-06 2.7459519282e-07 2.61900999684e-06 3.35981844885e-07 3.98231125617e-07 3.64610705424e-06 2.10725559136e-07 2.71730243199e-07 4.54065029914e-06 4.2436827676e-07 7.18876172864e-07 6.67689938639e-06 3.17958256767e-07 3.84383928177e-07 3.76961408412e-06 5.81733060013e-07 2.81125450193e-07 2.69738451894e-06 2.90111845431e-07 2.73258723593e-06 1.5296759779e-06 2.40975619072e-07 1.3559865802e-06 1.04137226966e-06 3.11516470748e-07 1.00705726141e-06 7.75274067059e-07 1.62126792565e-07 6.52610448764e-07 8.52157732323e-07 9.0401135144e-07 4.85125469261e-07 1.03781820152e-06 5.18866279833e-07 4.79517704978e-07 1.59860367102e-06 7.5087947427e-07 1.82009699855e-07 3.08823210476e-06 1.27813438389e-06 2.07049111295e-07 1.60368897286e-06 3.69737490777e-06 3.74067860751e-07 8.82015983571e-07 1.66777607361e-06 5.7309216794e-07 5.27182485837e-07 9.97515857398e-07 5.36345704162e-07 9.38732683596e-07 7.99043623091e-07 6.66235221072e-07 1.42596502398e-07 7.75195967225e-07 9.87204315633e-07 9.33190576257e-07 2.97253247046e-07 3.70764219413e-07 2.27336283325e-07 4.34126087396e-07 1.6214683022e-06 7.57990465824e-07 8.39961845189e-07 4.37378722131e-07 9.10165325413e-07 1.16954588032e-06 4.15718371584e-07 2.97588748563e-07 2.66954731688e-06 1.14379545569e-06 6.79201822291e-07 8.9140708102e-07 1.33686589777e-06 3.10780932884e-06 4.77160802844e-07 6.3331017515e-07 1.46965556453e-06 1.14735308725e-06 4.39931116091e-07 8.57927751662e-07 8.34580365337e-07 1.72905598195e-06 4.2677720722e-07 2.48514163699e-07 2.78207849523e-07 2.91879827242e-07 9.07969277097e-07 1.28320444316e-06 1.66993896669e-06 1.14956599124e-06 6.26221705857e-07 2.16519246507e-06 2.47291471829e-06 2.02516959218e-07 2.8796674327e-06 4.41929941982e-07 3.57070061471e-07 3.47119213886e-06 7.32205621303e-07 1.65500952597e-07 5.54851646394e-06 5.96265024277e-07 4.75267549029e-07 2.84756974654e-06 5.32769658237e-07 1.32117030509e-06 8.11414374927e-06 3.88601982928e-07 7.32645282493e-07 4.10849175779e-06 5.44992449729e-07 4.63019744621e-07 2.9204961967e-06 2.51730906727e-07 2.53480853104e-06 2.11625784802e-06 5.48675117575e-07 1.09443733565e-06 1.55094227051e-06 1.24779762791e-06 1.57065584254e-06 7.19304967081e-07 3.21108795076e-07 4.65369450283e-07 4.60507719456e-07 1.22364709996e-06 9.7142128998e-07 1.28871100863e-06 3.18180716729e-07 7.82082316573e-07 1.59551052072e-06 8.30679028375e-07 1.19156947488e-07 3.75425879541e-06 1.31598375971e-06 4.02925138638e-07 1.45173202114e-06 1.56363061168e-06 4.93595334174e-07 2.20775571073e-06 5.07749751473e-06 2.67281066339e-07 1.09248181361e-06 1.853980179e-06 9.14825351037e-07 2.94239079318e-07 1.25611359737e-06 1.09970336706e-06 1.21489612526e-06 4.52129075407e-07 4.06526636029e-07 2.47535181751e-07 6.33199889177e-07 1.50830465405e-06 2.98471380366e-07 7.74291740192e-07 8.68949122891e-07 2.64955479424e-07 8.41208878235e-07 2.87123832563e-06 4.41898009572e-07 2.12249245042e-06 8.48655984373e-08 5.76876874445e-07 1.55246976923e-06 2.69271098488e-07 3.03254865489e-07 2.76820657506e-06 3.5844138384e-07 5.91737473762e-07 1.03496647045e-06 8.41177131519e-07 1.16256641208e-06 6.56493146591e-07 8.61366469531e-07 3.4346741944e-06 4.72944519607e-07 4.07166148536e-07 1.92182547374e-06 8.03211478779e-07 9.46823213158e-08 2.25365775842e-06 5.00779371044e-07 2.89332036869e-06 7.70096681467e-07 2.29798175887e-07 8.55783784447e-07 6.75403999518e-07 2.82762376123e-07 2.33165745856e-06 1.82175156345e-06 6.25907715959e-07 1.06839241727e-06 1.76204707737e-06 1.49424339638e-06 4.53552592986e-07 3.09990407877e-06 8.10413759462e-07 6.46474401628e-07 4.13020197111e-06 7.77751039158e-07 3.59826188071e-07 6.30690984939e-06 1.40505697604e-06 6.58948927343e-07 2.89121086947e-06 1.55359564069e-06 1.67447979855e-06 3.07004266084e-06 7.57560150709e-07 2.34803721925e-06 9.18887727654e-06 6.12462576891e-07 9.81117496736e-07 4.69299430873e-06 7.68032223071e-07 9.0625818408e-07 3.15245031277e-06 4.92445950459e-07 1.58192596915e-06 1.69157528064e-06 9.78320796029e-07 5.85626679875e-07 1.67859794165e-06 2.24735687307e-06 6.75012200727e-07 6.03312388449e-07 2.96690537862e-07 4.65289549395e-07 3.17413273054e-07 1.90394172036e-06 7.39586546986e-07 8.95966580562e-07 5.16450282531e-07 8.03928053912e-07 9.55127588338e-07 5.67033853638e-07 2.32268559558e-07 2.50499477404e-06 1.20146314291e-06 4.68966046972e-07 1.15484111602e-06 1.20812613665e-06 7.18897422079e-07 1.41595745112e-06 1.26146345628e-06 6.02949700318e-07 1.55182532239e-06 3.21420608837e-06 4.50118634489e-07 8.37123531061e-07 1.23622912607e-06 9.9440637509e-07 5.72002601976e-07 8.80804260557e-07 8.34391333607e-07 1.89367494466e-06 3.2019987598e-07 4.1712883471e-07 2.61251636971e-07 5.41211776376e-07 6.4614105038e-07 1.18100401842e-06 1.44984067301e-06 6.87063265854e-07 4.72078893677e-07 1.42958397334e-06 2.09208691295e-06 1.38822349921e-07 2.81425258846e-06 1.63791081709e-07 6.97519037307e-07 2.95496646376e-06 2.73981255001e-07 1.48962864846e-07 3.52106376877e-06 6.19221220299e-07 5.9846035484e-07 1.03627676687e-06 9.61226678132e-07 1.34501670101e-06 1.23902125312e-06 1.12926939845e-06 1.04503748798e-06 7.67690453559e-07 1.1866343668e-06 4.99215690302e-06 2.75843190451e-07 4.27328879338e-07 3.70282015899e-06 1.01065674781e-06 1.80318970838e-07 3.00754722225e-06 1.86370174236e-07 2.08960109532e-06 1.41329108074e-06 4.05227288055e-07 6.49184921958e-07 1.31295555803e-06 1.15079883905e-06 7.06865061254e-07 1.37429211904e-06 6.2433433282e-07 7.47053742445e-07 1.10018439126e-06 1.20369610954e-06 1.04716345635e-06 1.24930268827e-06 7.50720695353e-07 4.29535125201e-07 3.97664455554e-06 1.40432593823e-06 1.00600273422e-07 5.84782454086e-06 1.47322639427e-06 6.33734070305e-07 3.4691211962e-06 1.46535227551e-06 1.34084355414e-06 3.62227415215e-06 1.41783570834e-06 1.59679755452e-06 3.80141168031e-06 7.02080704608e-07 2.48138905102e-06 8.19370060067e-06 3.48169062021e-07 1.74249438905e-06 4.48996659305e-06 5.81906490283e-07 8.80193292977e-07 1.26724134851e-06 1.02373190792e-06 1.17758359057e-06 1.08121368142e-06 6.7521358662e-07 5.58209390124e-07 1.18006855377e-06 6.84728286903e-07 7.04717953399e-07 3.1588422968e-07 3.32027208447e-07 5.00169980187e-07 1.61198238318e-06 4.64649882269e-07 1.67373264002e-06 1.99210398832e-07 8.55754220717e-07 8.01322292226e-07 6.05779225558e-07 2.13526035869e-07 2.37194861179e-06 9.4745818786e-07 4.09099079221e-07 8.21321921119e-07 1.31666935869e-06 6.05477069745e-07 1.47268324887e-06 1.51587762783e-06 7.04111195479e-07 1.46896369363e-06 1.03835361051e-06 5.9152828965e-07 1.46675738878e-06 3.03319887516e-06 3.24044453419e-07 7.07235004797e-07 9.97118866262e-07 9.97132572938e-07 1.88446645767e-07 1.60575963932e-06 4.41712948089e-07 1.59083237163e-06 4.04376444941e-07 3.17729737947e-07 2.7270432565e-07 5.85752523899e-07 1.2086470004e-07 1.4414249275e-06 6.03839442261e-07 8.27936236906e-07 1.84516991053e-06 1.92139522357e-06 3.56086947323e-07 2.85674023236e-06 5.73570198899e-07 1.79236865586e-07 5.86900657517e-06 3.1204549103e-07 4.28880333882e-07 6.70299154693e-06 6.27798401622e-07 8.44522485358e-07 2.55402075763e-06 1.09272137465e-06 1.74171087888e-06 2.44607022495e-06 1.30193648426e-06 2.33909218478e-06 1.81757269443e-06 1.24066498918e-06 2.56272692786e-06 1.17163695648e-06 1.31152576969e-06 9.89116606265e-06 8.51875174085e-07 3.84289289415e-07 6.56969208827e-06 1.57253492512e-07 6.53921680008e-07 2.96742847503e-06 3.9371437274e-07 1.86376054424e-06 1.77320447286e-06 6.79654876555e-07 4.97717811504e-07 1.23936490253e-06 1.20778498364e-07 1.61304284401e-06 4.93336703251e-07 5.88437196021e-07 9.53356736489e-07 2.89132338888e-06 1.60383558079e-06 1.296675727e-06 6.23917414542e-07 1.42293002733e-06 2.11244503674e-06 1.67812691257e-06 3.11200482469e-07 6.89490576261e-06 2.24187187167e-06 7.04246667951e-07 3.21585222946e-06 1.65939231152e-06 1.30738249505e-06 3.60653460525e-06 1.87029338215e-06 1.90940438683e-06 3.7676987102e-06 1.40860007614e-06 2.17200354138e-06 3.58051318274e-06 7.58055309532e-07 3.61233844791e-06 9.80385793386e-06 5.19837283394e-07 2.29128866117e-06 2.46058504463e-06 1.80058630539e-06 7.31622348653e-07 1.27275403339e-06 1.66186710602e-06 2.73399582272e-06 8.27831103321e-07 4.59418096516e-07 4.47951354363e-07 1.33955308847e-06 7.68859352013e-07 4.46805186629e-07 2.7296069227e-07 7.0577675864e-07 1.52338347308e-06 5.58174960553e-07 1.1852416925e-06 2.43999634244e-07 3.64453651721e-07 2.3743400301e-06 2.45449399281e-07 3.35026546738e-07 2.4852500602e-06 1.16428246814e-06 7.50002185602e-07 6.30043849813e-07 1.042430045e-06 7.73789750245e-07 9.8691491832e-07 1.53123357827e-06 4.40280451992e-07 1.49117196178e-06 9.84553581353e-07 9.80970843735e-07 1.25632549632e-06 7.3984988013e-07 1.05275047693e-06 1.81641283431e-06 3.18282687589e-06 5.97764048024e-07 3.52195372343e-07 2.91103237427e-06 5.08111155162e-07 2.19207911911e-07 1.47427428283e-06 5.79678382594e-07 1.58507949052e-06 6.37730246421e-07 2.83601884302e-07 3.72013952911e-07 6.20349531794e-07 2.29778523906e-06 6.8040761548e-07 1.06373579437e-06 1.24554636725e-06 2.39204023546e-06 1.35089963692e-06 2.51003951451e-06 1.19153653715e-06 5.93996267797e-07 5.90370908357e-06 1.88046948319e-06 1.87879331286e-07 1.07611274061e-05 1.0586105354e-06 1.46572178193e-06 5.1172609899e-06 1.17707437212e-06 2.54635594106e-06 3.59454700387e-06 1.63215442539e-06 3.26292617368e-06 3.44621240317e-06 1.60503092132e-06 3.8591841658e-06 2.99626200092e-06 1.66832733528e-06 5.10535844631e-06 1.87196582937e-06 2.02506116879e-06 1.63705886122e-05 3.36157253439e-07 2.56109560941e-06 6.64919170612e-06 8.61396882769e-07 1.29568368105e-06 2.68651735539e-06 1.2984429381e-06 2.39611758405e-06 1.0390275134e-06 8.51005513402e-07 5.4465207189e-07 1.93591165295e-06 5.52137573769e-07 2.31208730199e-07 4.92144580851e-07 6.73659967728e-07 1.5695181134e-06 7.71842548203e-07 9.98526557961e-07 5.23711598223e-07 7.28242184432e-07 6.997971028e-07 4.83692172987e-07 1.72508327084e-07 2.52334037257e-06 1.25215548206e-06 2.84627471163e-07 1.63140662219e-06 8.69553776809e-07 4.33045747719e-07 1.47768146394e-06 9.53022840656e-07 4.78090302756e-07 1.89411744964e-06 4.28924744424e-07 9.64993701639e-07 1.58831368512e-06 4.69675100877e-07 1.08771731924e-06 1.9353443575e-06 3.91037043715e-07 2.26426754992e-06 3.30848021143e-06 4.06193986976e-07 5.97435914904e-07 8.05271821531e-07 9.73920031239e-07 5.37780649471e-07 1.05065287008e-06 8.42008074201e-07 1.5820192579e-06 6.32935033964e-07 3.94132576127e-07 1.37582761961e-07 4.41118453494e-07 1.87632510913e-06 6.2894400217e-07 1.16514982652e-06 1.70287621317e-06 2.8532548331e-06 9.58338863152e-07 3.59875082695e-06 7.67290342211e-07 1.14580399785e-06 6.1894979103e-06 6.87902923924e-07 5.15485757842e-07 8.61161004453e-06 1.11858311968e-06 2.11089083538e-06 1.9994308206e-06 2.59318899224e-06 2.4927605562e-06 2.14035342368e-06 3.14465528516e-06 1.67972310431e-06 2.40923080945e-06 2.45810972578e-06 1.72495352477e-06 2.95784652054e-06 2.38604713194e-06 2.99361707886e-06 3.16325774818e-06 2.1944016851e-06 2.98153299488e-06 1.999297712e-06 1.23907080396e-05 9.86327416779e-07 1.04805286915e-06 7.72750397855e-06 1.47403908362e-06 8.66994155682e-07 3.85606365969e-06 9.16079608907e-07 2.60823073269e-06 1.3528194923e-06 8.18895165001e-07 4.65563704113e-07 1.51050430673e-06 1.51357214853e-06 3.92740747092e-07 1.52721792645e-06 1.65332675607e-06 2.80520882767e-06 2.41636523427e-06 2.09800202913e-06 9.28965995074e-07 1.37880676066e-06 3.43310953226e-06 2.14696626549e-06 1.15792370012e-07 8.20886597792e-06 2.43037695746e-06 5.60773099921e-07 5.3117771892e-06 6.31343182668e-07 2.19761318061e-06 3.43092062812e-06 1.50909111908e-06 2.24055493663e-06 3.40519859451e-06 7.54180132921e-07 3.30931434378e-06 2.38330788358e-06 1.57739844715e-06 3.52007318125e-06 2.37835669297e-06 1.06544382943e-06 5.91146057293e-06 7.36466531989e-07 4.57152785487e-06 1.19313108634e-05 3.29393965003e-07 2.56888755295e-06 4.15929415238e-06 1.73920892997e-06 9.80490005756e-07 2.24249210033e-06 2.46424643894e-06 2.69424040077e-06 1.46511342405e-06 1.24795935639e-06 2.88039874208e-07 1.21748563227e-06 4.34717168801e-07 1.9619242354e-07 4.54082401058e-07 5.14722533285e-07 1.28466908484e-06 4.08124425253e-07 1.12524408651e-06 1.68080885327e-07 4.97400977817e-07 1.71745701473e-06 3.70099828586e-07 2.14586477657e-07 2.24888464915e-06 9.28165625952e-07 7.19600354838e-07 7.66757807222e-07 1.12085314027e-06 5.38974533277e-07 1.54611386945e-06 1.2467912594e-06 5.83986406776e-07 1.89573440319e-06 5.70551845002e-07 6.12670794177e-07 1.83656740988e-06 5.29831107111e-07 1.41267375125e-06 1.66076427941e-06 6.31668121966e-07 1.26394390614e-06 7.8128806969e-07 8.70037375893e-07 1.65416183846e-06 2.64724704382e-06 4.46680428859e-07 3.7324318861e-07 2.04776431982e-06 6.21643440269e-07 1.76815702624e-07 1.27753101365e-06 3.26740464824e-07 1.12046713252e-06 4.24523970775e-07 2.65428008866e-07 1.4762338826e-07 3.42429310692e-07 9.07657233019e-07 4.93716181671e-07 2.12395304224e-06 1.90009628894e-06 3.77785110699e-06 2.33696090904e-06 2.44578445853e-06 9.22895891004e-07 7.20617938458e-07 6.91435663823e-06 1.6000008439e-06 5.66710287844e-07 1.14219363507e-05 1.00938452563e-06 1.26084275499e-06 5.42778733884e-06 1.25802904124e-06 3.71156237841e-06 1.58746761209e-06 3.57264006131e-06 2.82770411415e-06 2.37498694627e-06 2.05804204958e-06 2.7432967471e-06 2.12092360434e-06 2.42190371878e-06 3.0781471329e-06 3.64419977863e-06 1.81766324575e-06 4.27135793519e-06 1.57276832619e-06 5.9561142945e-06 1.48043160647e-06 1.75247019471e-06 1.72032111604e-05 9.52542218131e-07 1.99305649788e-06 7.70030462656e-06 1.04411320574e-06 1.10044439906e-06 2.46982958348e-06 2.2750184188e-06 3.39284680189e-06 1.61308817679e-06 1.63006134587e-06 3.47901082594e-07 7.15804847151e-07 1.04026057803e-06 4.43290081584e-07 1.11463585526e-06 7.1618455085e-07 2.15046748777e-06 1.28420533055e-06 1.49971165496e-06 2.67496841382e-07 1.07066582844e-06 3.36744088946e-06 9.36985803197e-07 3.75049618224e-07 5.77087555323e-06 2.22295240952e-06 4.41797194494e-07 2.98227088755e-06 2.10146322491e-06 1.00724000532e-06 2.93417730904e-06 1.353586732e-06 1.69125060133e-06 2.77411660339e-06 7.62349701844e-07 1.83541090403e-06 1.94282241948e-06 7.74041340151e-07 2.8178502083e-06 1.66554650882e-06 1.3368725694e-06 3.24685672188e-06 1.09696657684e-06 2.59659871172e-06 3.78813751866e-06 5.13956088098e-07 3.87897292805e-06 7.85220335028e-06 8.00672985846e-07 1.24306238398e-06 3.48200900762e-06 1.4067129483e-06 3.35299208456e-07 1.67147653228e-06 1.16237918322e-06 1.73252559036e-06 5.42090671676e-07 7.76948038654e-07 3.14487609531e-07 8.28818157084e-07 4.85085697947e-07 4.4656977155e-07 1.57639398755e-06 1.55334667267e-06 2.62716242862e-06 1.36673843897e-06 2.72764789534e-06 4.54065283778e-07 7.34834927452e-07 5.65550098367e-06 8.37028207668e-07 5.73288380324e-07 6.95224284216e-06 1.76177250042e-06 1.73539820858e-06 1.37713102421e-06 2.16263299019e-06 3.0135172369e-06 1.28535461304e-06 3.65671238138e-06 1.01105276655e-06 4.08233154984e-06 1.32774933589e-06 1.20717775415e-06 3.37589961836e-06 1.12716292198e-06 1.60952288325e-06 4.22616777835e-06 9.681708797e-07 3.59608950382e-06 1.41707127535e-06 3.44835119245e-06 2.65110330027e-06 1.37932634577e-06 2.22335362822e-06 2.8448970375e-06 9.29932943847e-06 1.03793594394e-06 1.18461775932e-06 6.62095640125e-06 8.84266408184e-07 6.0249948274e-07 2.76420701806e-06 1.24977809692e-06 2.33371305324e-06 1.20225181001e-06 1.14522856084e-06 3.0614199864e-07 3.94703953377e-07 7.28055969578e-07 8.15422229528e-07 1.58314642661e-06 1.86328489818e-06 3.21553643422e-06 1.8326637127e-06 2.27888578489e-06 5.76605302328e-07 1.67463394423e-06 4.34729292063e-06 2.77442179228e-06 5.70251304496e-07 1.04461034596e-05 2.93032493668e-06 1.20812868804e-06 6.16717218577e-06 7.57240316903e-07 3.04220974252e-06 4.50410411725e-06 1.58095709233e-06 3.37568206382e-06 2.02899192049e-06 2.21414713072e-06 2.91960979543e-06 2.11945548453e-06 2.03538465231e-06 2.91963779985e-06 2.38136570169e-06 2.31331818688e-06 3.77404001238e-06 1.8919503662e-06 4.96238556454e-06 3.491436723e-06 1.07402856899e-06 6.6930793311e-06 1.73133426629e-06 4.8263018883e-06 1.50042847501e-05 8.92478082463e-07 3.16545727655e-06 5.14035808683e-06 2.14249374858e-06 8.04880809432e-07 2.33480596732e-06 1.70888457859e-06 2.73020785612e-06 1.34118414074e-06 1.06889021874e-06 5.11729813972e-07 5.92589760996e-07 4.39503039249e-07 1.29493725649e-06 1.07283689497e-06 2.28828501068e-06 1.14323699793e-06 1.77608744728e-06 5.60449150904e-07 9.56288076183e-07 2.99466432773e-06 7.93789373918e-07 6.97851915687e-07 5.68777942869e-06 2.23525331185e-06 1.07457031551e-06 2.82614725682e-06 1.46849397879e-06 7.24926961085e-07 2.53785167906e-06 2.62197983459e-06 7.23158922446e-07 3.2946957778e-06 7.72776946928e-07 1.77528469559e-06 2.14795960741e-06 5.37894632867e-07 2.20738933114e-06 1.93020965199e-06 7.96535120059e-07 3.52314641806e-06 7.24724374708e-07 2.7170116107e-06 2.97652391965e-06 7.57802848994e-07 1.92110543918e-06 2.66171333392e-06 1.57900214142e-06 3.89445024437e-06 7.52243627124e-06 1.24463561292e-06 8.98781232949e-07 3.8056031317e-06 1.17206003776e-06 7.60283795208e-07 1.69752410646e-06 1.05743539414e-06 1.92915170778e-06 6.5550845077e-07 9.94196014631e-07 2.87332635066e-07 9.38275756019e-07 2.22358725184e-06 1.97369660877e-06 3.84112832078e-06 1.98923181417e-06 2.42000157112e-06 6.17470344042e-07 2.45590428997e-06 6.8232813288e-06 2.79073215073e-06 6.19550719084e-07 1.43841531933e-05 2.08083860176e-06 2.15354547125e-06 4.93234013782e-06 1.79027379164e-06 3.83886485221e-06 1.57899685369e-06 4.19996484203e-06 3.17525428617e-06 1.91744971018e-06 2.92184112085e-06 1.11492882714e-06 4.6990045649e-06 2.05757318799e-06 1.94666938454e-06 4.7878765064e-06 1.21896083013e-06 2.87176825787e-06 2.1316618012e-06 3.65364784251e-06 4.28989261513e-06 1.93474087861e-06 4.45209508672e-06 2.84137248916e-06 5.23964193762e-06 2.85062075918e-06 3.83766068902e-06 2.16404602411e-05 1.1979005988e-06 3.05294014783e-06 8.12938338019e-06 2.89889030866e-06 7.92958512123e-07 2.43599451249e-06 1.85400420201e-06 3.17779686038e-06 1.46461618575e-06 1.54222597292e-06 6.14005140403e-07 8.94161725881e-07 1.62389315274e-06 1.51891822036e-06 2.74041364442e-06 1.54410177952e-06 2.24245658912e-06 5.86950312254e-07 1.4177214384e-06 4.14365567801e-06 1.86760120357e-06 6.5758211832e-07 8.12545738715e-06 3.44036584144e-06 1.24719952934e-06 3.77667246754e-06 1.69606690143e-06 1.99628503998e-06 2.79744666935e-06 1.1916688661e-06 1.60761676049e-06 3.92985167311e-06 6.43651197766e-07 1.9946462193e-06 1.460560237e-06 1.8421716614e-06 1.91600047641e-06 1.89958634406e-06 1.55836526831e-06 2.12194243842e-06 7.07953328375e-07 3.91860797048e-06 1.69448334416e-06 1.33101942793e-06 3.04039588192e-06 2.20845069717e-06 1.77519666626e-06 4.25734150655e-06 1.56573718878e-06 5.38297457205e-06 1.08619487696e-05 1.0939533495e-06 2.23198646061e-06 5.26720665399e-06 1.67328641927e-06 7.47400596055e-07 2.26558546318e-06 1.38394052467e-06 2.32826197239e-06 1.05667020943e-06 1.01124572982e-06 6.3061665326e-07 1.27295778923e-06 1.81774822086e-06 8.26173825018e-07 2.50660449415e-06 1.80659926019e-06 1.87778586762e-06 3.95260981346e-07 2.1441395679e-06 4.05402973983e-06 2.23771499294e-06 7.0802601693e-07 1.00809569558e-05 1.94800075235e-06 1.64988628972e-06 2.48470481677e-06 1.74533797535e-06 1.67096138337e-06 2.38388335602e-06 3.35238574108e-06 7.58062389454e-07 3.24514712699e-06 1.71212284114e-06 7.45356254207e-07 3.99813881839e-06 6.58831169241e-07 2.79475961122e-06 2.87223632155e-06 6.39774896929e-07 3.95801189744e-06 7.6984571656e-07 1.64968144608e-06 3.40104986992e-06 9.44074970487e-07 3.2843749971e-06 2.48489046916e-06 1.94125769266e-06 2.52202630387e-06 2.49275754124e-06 2.18002038841e-06 3.71811975416e-06 1.47481526206e-05 1.33333694287e-06 2.41149255736e-06 4.61803511968e-06 2.52078112255e-06 5.38148536369e-07 1.77492994034e-06 1.67405030384e-06 1.92380632945e-06 5.73543510627e-07 1.38578828188e-06 9.65997187869e-07 5.44509693072e-07 1.38823906559e-06 1.28109224469e-06 5.29171362196e-06 2.58039786347e-06 2.7416481649e-06 1.06306125425e-06 1.5823814914e-06 5.5893152404e-06 2.36314843606e-06 6.7573960186e-07 1.3624816496e-05 3.27057558862e-06 2.00717647169e-06 5.90571394659e-06 2.12628725873e-06 3.36473643771e-06 3.05290492631e-06 3.12858281625e-06 2.39968835355e-06 2.24755840409e-06 2.40280202619e-06 2.15970785665e-06 1.68894724492e-06 2.25015350487e-06 1.52514206838e-06 4.75806635059e-06 1.71349435636e-06 2.24669765999e-06 1.79535428128e-06 2.2621333664e-06 2.53713438409e-06 2.33941804792e-06 2.60912487514e-06 3.46418878766e-06 3.34553015543e-06 3.91812697547e-06 2.55901730539e-06 7.1467231368e-06 2.49225733888e-06 5.35920313698e-06 1.93118813931e-05 1.31736620567e-06 2.57779269834e-06 7.19869581102e-06 1.69788901055e-06 1.32386985809e-06 2.67058476513e-06 2.25641137605e-06 4.00797740024e-06 7.46002091173e-07 8.33898440177e-07 3.83331068931e-07 4.43665792495e-07 7.05720557774e-07 1.24468824788e-06 3.96501865722e-06 1.80193629647e-06 2.33270146457e-06 4.86994648747e-07 2.34798555414e-06 4.62518266744e-06 2.83622461663e-06 6.85777041602e-07 1.22992276422e-05 4.04178146456e-06 1.4915799687e-06 3.53660394333e-06 3.05242329857e-06 1.67801691241e-06 3.53860129294e-06 2.7074810611e-06 1.39306696978e-06 4.7619789631e-06 8.42329050514e-07 1.51814670233e-06 3.73777501841e-06 5.64402717525e-07 3.78566429914e-06 1.74178020658e-06 1.84864098278e-06 3.70529542677e-06 5.9410883641e-07 3.83712127721e-06 1.64232856898e-06 8.70538750041e-07 4.761284707e-06 1.69960845571e-06 2.83478849329e-06 3.81236437642e-06 2.22305397258e-06 3.60441973658e-06 3.75109041539e-06 2.00093787275e-06 6.63511875814e-06 1.75733074438e-05 1.29093050273e-06 3.15968180581e-06 5.37189368092e-06 2.66150539368e-06 5.82856156144e-07 2.11490596908e-06 1.49230560183e-06 2.69773766876e-06 5.9791327652e-07 4.29947392979e-07 3.5104156313e-07 8.80238933139e-07 1.67952325539e-06 4.47914772832e-06 2.70697041401e-06 2.49316252088e-06 1.24829643366e-06 1.93713136614e-06 6.7567389068e-06 2.16835620644e-06 9.11572514203e-07 1.35322891545e-05 4.03813767553e-06 2.50739850648e-06 3.55855627715e-06 2.72305502367e-06 3.09757645568e-06 2.30362325682e-06 3.61119232561e-06 1.65933232741e-06 3.33396917779e-06 2.46607629784e-06 7.17123156016e-07 3.15194390232e-06 1.80687816014e-06 1.03194376327e-06 4.29275218293e-06 1.09839177377e-06 4.29841922623e-06 1.1678511032e-06 1.84542778482e-06 3.15055311307e-06 8.22709080403e-07 2.46405139311e-06 3.54967000411e-06 1.82214735473e-06 3.85023733935e-06 2.14729249802e-06 3.80953447287e-06 3.00188939428e-06 4.417463445e-06 3.48415715724e-06 6.55289007799e-06 1.89996294392e-05 1.48588054941e-06 2.36574067478e-06 8.27529236686e-06 1.91431538444e-06 1.47044003556e-06 2.23538109931e-06 2.27553926283e-06 2.91637608341e-06 8.34830498164e-07 4.63247826282e-07 9.38417787386e-07 1.35196176872e-06 5.13382474325e-06 2.18300258655e-06 2.75120061789e-06 6.69637396342e-07 3.10147492957e-06 5.68256146698e-06 3.09041141545e-06 6.80907755549e-07 1.35623438156e-05 3.94642455966e-06 1.84516937564e-06 4.73766114102e-06 2.35594169111e-06 2.03686991389e-06 4.10854665612e-06 1.90905215124e-06 2.29034000124e-06 3.54280104849e-06 1.37835801616e-06 1.81841638803e-06 9.89954866074e-07 9.50260538984e-07 3.00492333558e-06 1.01059925312e-06 1.98115748301e-06 1.88465251209e-06 9.57656152995e-07 3.23506502473e-06 9.86800468868e-07 1.04392231107e-06 1.9333210835e-06 1.18178843074e-06 3.76436918065e-06 2.42972181573e-06 1.99483069386e-06 4.70174762386e-06 2.6219165662e-06 2.54031127255e-06 5.30812843617e-06 2.44650327045e-06 6.83326310766e-06 1.96104578248e-05 1.29251196863e-06 3.4233722699e-06 6.49501312737e-06 3.613165471e-06 7.02178029186e-07 2.55964138859e-06 1.74424332037e-06 3.61888954444e-06 6.21658320934e-07 4.70478827586e-07 6.81034605387e-07 1.5667391925e-06 4.7148540218e-06 2.12281189474e-06 2.17458266224e-06 1.36718132017e-06 2.01905163191e-06 5.89132855451e-06 2.36816421037e-06 8.07375289752e-07 1.16456299334e-05 3.64231206287e-06 2.26074312212e-06 4.16610531194e-06 3.54949451686e-06 1.71502240898e-06 2.67696244635e-06 3.58475374915e-06 1.29653851683e-06 4.10062410987e-06 1.79701307854e-06 9.1571038108e-07 3.41358704272e-06 6.52413056753e-07 2.57333745757e-06 3.6455567628e-06 4.88101360527e-07 5.13808845801e-06 4.66549937739e-07 3.62854118277e-06 2.59078681855e-06 6.54866328425e-07 3.47760405226e-06 1.12694323169e-06 1.73177422995e-06 4.17967656668e-06 1.29538113012e-06 3.81412362706e-06 2.82373675387e-06 2.22725043522e-06 4.07562415892e-06 5.2523601082e-06 3.04215332308e-06 6.08192719528e-06 1.5634859286e-05 1.38848941661e-06 2.48916982422e-06 7.24710664057e-06 1.89397559197e-06 1.38068215799e-06 2.00071582358e-06 1.47602753977e-06 2.86969001312e-06 7.30503490576e-07 3.96351733666e-07 2.49128067075e-06 5.75659009384e-06 3.75214400948e-06 3.10262977687e-06 1.25778350389e-06 4.32213982449e-06 6.21984388847e-06 3.97021908517e-06 9.81299117739e-07 1.757322482e-05 4.61874843351e-06 2.46972481721e-06 5.69343763054e-06 3.49589491528e-06 3.34869026539e-06 3.27742260932e-06 2.98549169748e-06 3.00203165601e-06 2.5238792657e-06 2.41889512604e-06 2.06432100837e-06 1.85244293156e-06 1.93702698477e-06 9.39980925151e-07 3.18553967014e-06 2.09639914748e-06 1.86667847954e-06 1.86958461961e-06 2.13381798446e-06 3.16374369869e-06 8.82449663643e-07 1.88758482263e-06 1.86142471471e-06 2.12766540979e-06 2.34854824745e-06 2.55721514955e-06 3.08633997893e-06 3.25639834295e-06 3.68182509804e-06 4.24425539067e-06 3.63818069824e-06 6.12916974075e-06 3.40603392495e-06 7.41684517091e-06 2.49831584002e-05 1.8761650562e-06 4.40417622346e-06 6.85978129919e-06 4.65481779694e-06 1.08885295596e-06 2.98762141913e-06 2.84728085455e-06 3.24862853243e-06 1.31830558807e-06 2.48036547904e-06 6.13690924274e-06 2.93648134086e-06 3.72455427116e-06 1.44782987029e-06 2.94272982312e-06 8.35038415193e-06 2.91137073305e-06 1.24806284087e-06 1.61008640127e-05 5.94192962409e-06 2.43824476749e-06 5.00220069424e-06 3.92243948296e-06 2.6735745008e-06 3.72932086012e-06 2.27853799844e-06 1.76668695575e-06 4.91379192903e-06 1.37598971506e-06 2.72950721698e-06 2.70600707585e-06 9.10856696854e-07 3.88449327549e-06 9.24193129145e-07 1.33669431069e-06 5.23414638863e-06 4.71157874287e-07 5.13734121058e-06 1.34960956551e-06 8.93010434629e-07 3.757150573e-06 9.80973914073e-07 2.77817027714e-06 2.58074097273e-06 1.26605974485e-06 5.14491380173e-06 1.7147393033e-06 2.42961926965e-06 3.67174236865e-06 3.22552555765e-06 4.34822936166e-06 6.12355303731e-06 3.28209857929e-06 8.96490159777e-06 2.14681923175e-05 1.99874255827e-06 3.09161862941e-06 9.22453412793e-06 2.61827008963e-06 1.10589686284e-06 3.43036017248e-06 1.78372028642e-06 3.01564936519e-06 1.45083378088e-06 1.80882235095e-06 7.63313922922e-06 2.78269062158e-06 4.6645306318e-06 3.14614053561e-06 3.89117842832e-06 7.67452440179e-06 5.37468595633e-06 9.76101178107e-07 2.01594601192e-05 5.69238833473e-06 2.51495047598e-06 4.79017994587e-06 3.63463632272e-06 2.93883376562e-06 4.37988334675e-06 3.03243420036e-06 2.41509163437e-06 3.33501010091e-06 2.92883357315e-06 1.91138205412e-06 3.60145102051e-06 1.42266209268e-06 2.31914044484e-06 4.0032218534e-06 5.25428778868e-07 4.43417748163e-06 1.60664994553e-06 1.82594018271e-06 4.3319665709e-06 5.12698545848e-07 3.90239804079e-06 2.07216340698e-06 1.53446998798e-06 3.74290848311e-06 1.62846922436e-06 2.59469618517e-06 3.47021658831e-06 2.26126134043e-06 3.29814955032e-06 4.95523968865e-06 3.60202046461e-06 4.11651365008e-06 5.54300361229e-06 3.63633200746e-06 8.78773210515e-06 2.92670921994e-05 1.65889254779e-06 5.97400327225e-06 7.70755545764e-06 3.88435880714e-06 3.01516892439e-06 4.06358289885e-06 1.89706720073e-06 4.36963035973e-06 1.04652299174e-06 6.79767382451e-06 2.17230098452e-06 3.94588757951e-06 2.06354437516e-06 3.53090208649e-06 7.63748629976e-06 3.04934616268e-06 1.71342518155e-06 1.61652170362e-05 5.95753803876e-06 2.51084686292e-06 4.94148117631e-06 3.27901769361e-06 2.67498622231e-06 3.54931064661e-06 2.71818538994e-06 2.46296901112e-06 2.72214534546e-06 1.73815930999e-06 2.99015898546e-06 1.90793421696e-06 1.54765362248e-06 2.50656226317e-06 1.95277468295e-06 1.31250865074e-06 1.46411955824e-06 1.10055101282e-06 3.75092299855e-06 1.04703260088e-06 1.39051620657e-06 1.32869750261e-06 1.82745786104e-06 2.41867653555e-06 1.51596087129e-06 1.87135356493e-06 2.81095722444e-06 1.69792742107e-06 2.92815548897e-06 2.2323116322e-06 3.02630062683e-06 3.22037710074e-06 3.19429510041e-06 3.23185126331e-06 6.03766241258e-06 3.2996356256e-06 9.01034340445e-06 2.12286869252e-05 2.7137627079e-06 3.23507597328e-06 7.36475483494e-06 3.31610550095e-06 1.34814638827e-06 3.27425771336e-06 1.16287057813e-06 3.12473181141e-06 8.38501910261e-06 2.62786309073e-06 5.66570097487e-06 3.08971545372e-06 5.1313055206e-06 1.2514352711e-05 5.37776823119e-06 1.77465511889e-06 2.80217041071e-05 7.10595807836e-06 2.96953372859e-06 6.61829014842e-06 5.02008851152e-06 3.41022767859e-06 5.50760917113e-06 3.30270992202e-06 3.70319437559e-06 5.24441824554e-06 2.12690249583e-06 2.70322479505e-06 5.02608485884e-06 1.42982034935e-06 3.42051569179e-06 3.71887421248e-06 1.05300349354e-06 5.39477190696e-06 8.01680419006e-07 4.49775691877e-06 4.11346664386e-06 8.73340845504e-07 5.25884089476e-06 9.88096733362e-07 3.47977483597e-06 3.59050209148e-06 1.20668783671e-06 4.61962636116e-06 2.68188634616e-06 1.69071253198e-06 5.5438656179e-06 3.48305472562e-06 3.48788525442e-06 5.80523460259e-06 3.96566403328e-06 5.95338768656e-06 7.11512379959e-06 4.29031446597e-06 1.04033662698e-05 4.09998651761e-05 2.52532009098e-06 5.79851824255e-06 1.28803387129e-05 4.69209300656e-06 2.48494809598e-06 4.34511350987e-06 1.10710809228e-06 3.83498082795e-06 5.46465850515e-06 2.56934876136e-06 7.19444961674e-06 3.18547513988e-06 3.94320248765e-06 1.11684873375e-05 5.03673415714e-06 1.90108449457e-06 2.27703018718e-05 9.22068143944e-06 2.80795168754e-06 6.21799348737e-06 4.43233132923e-06 4.38090752065e-06 3.83275131356e-06 2.95604459963e-06 2.82518665626e-06 4.39686551584e-06 2.46940723816e-06 1.86198292071e-06 3.56917487602e-06 2.4424003794e-06 1.92593340504e-06 4.37846705769e-06 1.24350733253e-06 2.8424578899e-06 1.63334947586e-06 1.71306518199e-06 2.91763083244e-06 1.78296741273e-06 1.53152424064e-06 2.98150232054e-06 1.25085126266e-06 3.9274393641e-06 2.00671090938e-06 2.25488381614e-06 3.26881567371e-06 1.62274905807e-06 2.20491090702e-06 4.4191706609e-06 2.75101420744e-06 3.13114124e-06 3.68051709991e-06 4.3737008129e-06 4.49061715824e-06 6.7649298486e-06 3.71164790062e-06 1.28589358785e-05 2.99054298291e-05 2.68269034783e-06 5.42545271406e-06 1.05932046956e-05 3.32348939313e-06 2.48897363816e-06 4.70986319006e-06 8.15949833871e-07 2.26199476974e-06 3.48745595095e-06 1.24133372792e-05 2.56438635533e-06 4.31361552454e-06 1.12285835841e-05 4.86093878114e-06 2.85341151353e-06 2.68366276429e-05 9.28477678366e-06 3.68795657046e-06 5.85231441431e-06 4.89781884361e-06 4.41784920987e-06 5.98097969558e-06 3.19893743844e-06 3.0742151041e-06 5.27880158602e-06 2.12607428615e-06 3.12383728953e-06 2.78454285671e-06 2.12216201326e-06 2.89147669572e-06 2.91690863974e-06 1.737289923e-06 3.4156593096e-06 8.24658406614e-07 4.46895012646e-06 1.11956642788e-06 1.32328797237e-06 4.08923352819e-06 8.77386343702e-07 3.62131595591e-06 1.66051889917e-06 2.52840931581e-06 3.11483386375e-06 1.92971757849e-06 2.4697597841e-06 3.12224675865e-06 1.8883895847e-06 5.0402718055e-06 2.7548651566e-06 3.00475917321e-06 6.15312278681e-06 4.6045230523e-06 5.83507008159e-06 5.70448521041e-06 4.94240071029e-06 1.29676597645e-05 3.66849431429e-05 3.89239066919e-06 5.36308490665e-06 1.0478620973e-05 3.46571552093e-06 1.45667148139e-06 8.28413690519e-06 9.54786532261e-07 8.10273914306e-06 1.59980142791e-05 2.48324171858e-06 5.75380069576e-06 1.43862863309e-05 5.45827695151e-06 3.7020803686e-06 3.35962798617e-05 1.10873078162e-05 3.80553629194e-06 9.67995755583e-06 4.74869882157e-06 4.58181369996e-06 5.65421093166e-06 4.66620257528e-06 2.71487089329e-06 5.45140349244e-06 2.6628955076e-06 2.66552876526e-06 5.08794023501e-06 2.35784962269e-06 2.75780338232e-06 5.63928346783e-06 1.00268081208e-06 5.84342422807e-06 9.78106245551e-07 2.71804598121e-06 4.46239313083e-06 2.75004828963e-07 4.51003628497e-06 2.53464093101e-06 1.06240932717e-06 5.60020083971e-06 8.77314224207e-07 5.03875983854e-06 2.77689475613e-06 1.81188274804e-06 4.4843893805e-06 2.27028559799e-06 2.5097204217e-06 4.79009668201e-06 2.32147880587e-06 4.2908370679e-06 5.89759137335e-06 4.71595994229e-06 4.48100121348e-06 9.68536427623e-06 5.02553120648e-06 1.52146494905e-05 4.70969189271e-05 4.78112252759e-06 5.67978325855e-06 1.39303603675e-05 4.38831581073e-06 1.00011196973e-06 8.86450410646e-06 2.83432695438e-06 8.50832250305e-05 2.53631805975e-06 9.02448614066e-06 2.01875600101e-05 7.18592346038e-06 3.66316088368e-06 3.97951631712e-05 1.4153697938e-05 4.13949800653e-06 8.5811663585e-06 7.41307207893e-06 4.7371119815e-06 6.52297739446e-06 5.1257442979e-06 3.1964979882e-06 5.72971233491e-06 2.49811559672e-06 2.82909981263e-06 4.77714620297e-06 2.70857082773e-06 3.57196342747e-06 3.45752023714e-06 2.33243677924e-06 3.30604819532e-06 1.48493198215e-06 3.72152376182e-06 2.57283590103e-06 1.45432627964e-06 1.52816479349e-06 2.32552394941e-06 3.53953616248e-06 1.49712320416e-06 2.74570781005e-06 2.18723814956e-06 3.09972392138e-06 3.24303097141e-06 2.08271788188e-06 4.08131489549e-06 2.64172642727e-06 2.06182628668e-06 4.71163106736e-06 3.02148939023e-06 4.46155083414e-06 6.32974582925e-06 4.35134862903e-06 7.17183723416e-06 8.3529734659e-06 5.06568200111e-06 1.89760837545e-05 5.38729594368e-05 4.47218029969e-06 7.19520592569e-06 1.89014170342e-05 6.66635532718e-06 8.26068172998e-07 1.07395372569e-05 2.64755219455e-05 9.05639861605e-06 2.23488488748e-05 8.10931853651e-06 4.0569192291e-06 3.79298011507e-05 1.4844604773e-05 4.65366124979e-06 8.50551508648e-06 6.5977169488e-06 6.16357575781e-06 5.12706537191e-06 5.40220202647e-06 2.78747179987e-06 6.65910363178e-06 2.38637428113e-06 2.25237630635e-06 4.21938315837e-06 2.31013488148e-06 4.19424621619e-06 3.2055605847e-06 1.28485925138e-06 6.67219994682e-06 8.02630258323e-07 4.30657936168e-06 3.13925395677e-06 7.45200992629e-07 5.48806647136e-06 7.439534905e-07 2.86221337878e-06 4.1818302093e-06 7.36734005378e-07 5.81674326156e-06 1.11778532634e-06 3.03014777973e-06 3.3504802927e-06 1.85244741219e-06 3.48253287742e-06 1.78103093331e-06 1.8286360793e-06 5.48900924625e-06 2.64050997089e-06 4.91885253043e-06 4.9592137144e-06 5.68349247518e-06 6.43889625373e-06 8.20802994692e-06 5.53700156042e-06 1.88589981722e-05 4.86114913993e-05 4.64222754774e-06 7.76435543025e-06 1.88983342145e-05 5.25295265088e-06 1.66021997773e-06 8.97431451066e-05 2.89321045896e-05 9.5922718791e-06 6.11385283891e-06 4.87634965721e-05 1.68460685768e-05 5.94289215987e-06 1.1257695197e-05 7.54781325817e-06 6.51596296186e-06 6.71574963235e-06 5.35191478434e-06 3.03925118095e-06 7.10029478426e-06 3.22763988127e-06 3.01820915885e-06 5.048420752e-06 2.392993632e-06 5.1979290668e-06 5.24305070159e-06 1.18065755403e-06 4.55310447216e-06 2.13173205735e-06 3.15317496478e-06 3.6697130347e-06 1.25950513431e-06 3.0611142342e-06 3.11281724651e-06 1.13165700131e-06 3.26367629659e-06 2.93773723315e-06 1.63214972725e-06 3.80864064685e-06 1.26498548285e-06 4.14887939424e-06 4.37300045625e-06 1.88034514942e-06 4.21519661678e-06 2.29973266763e-06 2.58707220296e-06 5.49581909253e-06 2.63118105936e-06 4.35364977693e-06 5.87721593564e-06 5.50925010748e-06 6.77112570151e-06 1.03932606956e-05 6.60649799693e-06 2.06908936945e-05 6.06517743556e-05 6.8396539238e-06 8.0456150494e-06 1.91890217024e-05 6.10139163329e-06 0.000431342195163 3.79623021119e-05 1.01855281355e-05 7.34956153705e-05 2.36527138353e-05 7.21253569273e-06 1.50968289478e-05 9.83656985212e-06 8.36332178315e-06 7.84014414471e-06 8.59980591881e-06 4.50127479492e-06 9.34826223074e-06 3.85457751131e-06 5.0226014321e-06 5.31823672939e-06 2.77542874099e-06 5.03966603394e-06 5.58332431194e-06 2.75357486823e-06 4.76615824799e-06 1.69287879768e-06 6.39908323675e-06 3.05436657097e-06 2.00724655719e-06 4.29834540782e-06 2.47378666472e-06 4.1330837135e-06 1.78904515697e-06 2.94292627548e-06 5.58556585257e-06 1.48173699706e-06 4.15608436849e-06 2.28080033586e-06 4.02663469918e-06 4.03835205535e-06 2.17660386594e-06 3.8489961653e-06 4.03305425601e-06 2.72827374651e-06 7.35793192969e-06 3.54427481059e-06 7.11228176817e-06 6.61687516512e-06 6.43772014804e-06 8.10531627684e-06 1.35517686715e-05 7.36935409088e-06 2.74372837945e-05 8.95377675344e-05 1.19948666228e-05 1.14488896242e-05 4.98581171083e-05 0.000259386015103 4.81611767301e-05 0.000203326577653 4.41251083391e-05 1.04931622479e-05 2.13382878463e-05 1.31189974058e-05 1.14221019553e-05 1.23239650088e-05 8.51797749207e-06 8.78793459909e-06 9.26684800585e-06 5.14254287668e-06 5.3726464449e-06 8.49197200068e-06 2.99464827729e-06 6.60492350894e-06 6.9226591353e-06 3.30302374529e-06 9.92683274226e-06 2.75146393566e-06 5.14261541832e-06 8.34717500139e-06 1.32717221246e-06 8.27979930324e-06 3.46527500478e-06 3.35056846008e-06 7.96584018822e-06 1.21598514483e-06 7.54082343874e-06 4.58301375794e-06 2.3323505466e-06 8.33776997726e-06 2.53055260821e-06 5.55129740961e-06 5.12814729092e-06 2.11859789897e-06 6.13615674597e-06 3.83208761812e-06 3.61894285476e-06 6.81569128789e-06 6.67020601269e-06 6.27732747364e-06 1.04818465017e-05 7.77033941887e-06 9.92907108639e-06 1.33803484165e-05 9.99042140098e-06 4.02384687784e-05 0.000138306749508 1.79012566421e-05 2.95869362055e-05 0.000220076610369 0.000348074596527 0.000140276409664 4.05908981856e-05 5.95911469464e-05 2.70120929335e-05 2.05296776851e-05 3.31475496917e-05 1.04657925293e-05 1.03975091472e-05 1.54183317754e-05 4.82069773822e-06 6.73767962993e-06 9.7063368232e-06 4.75606561964e-06 7.10964891912e-06 8.53262679886e-06 3.87769846152e-06 9.69082813364e-06 3.54509666559e-06 6.6733938625e-06 5.27469422543e-06 2.63002750954e-06 4.71723565904e-06 4.75229468775e-06 4.07244846206e-06 4.44503153853e-06 4.32394865099e-06 2.47061509597e-06 4.41259528975e-06 5.72628369276e-06 2.71919919262e-06 7.79361867485e-06 2.74110757676e-06 6.30213086908e-06 4.80963755371e-06 3.20740873916e-06 5.82543721875e-06 4.54921333052e-06 2.95720991164e-06 9.84892820495e-06 5.26773832284e-06 6.57519622105e-06 1.3553346515e-05 8.21298184161e-06 1.01892616375e-05 1.79566998569e-05 1.55656953064e-05 5.84308797823e-05 0.00018222995571 3.27496014575e-05 0.00789023378366 0.000832354075688 0.000245977268237 0.000306067037235 0.000167917706727 0.000134375091027 0.000144848223577 0.000101468874129 6.07136876635e-05 9.62868137706e-05 5.08184495072e-05 3.55094150809e-05 6.65986324288e-05 1.75080457704e-05 4.94320741569e-05 2.85153804639e-05 1.62907041448e-05 3.82855676171e-05 1.23625449383e-05 2.59104497139e-05 2.35587105775e-05 4.62547662338e-06 3.1197483969e-05 7.77579144077e-06 1.37358368721e-05 1.28724966588e-05 6.71326627215e-06 2.42466908658e-05 3.28121210678e-06 1.4775763094e-05 1.47975931648e-05 6.30068784737e-06 1.79497104228e-05 6.36636089784e-06 1.09530263692e-05 1.68243284082e-05 5.52577165592e-06 1.81299831747e-05 8.95106673985e-06 1.16816294855e-05 2.01199081184e-05 1.19236890132e-05 1.93987614848e-05 2.78873118693e-05 1.65329810382e-05 2.10129767169e-05 5.07504021831e-05 3.15832160421e-05 0.000117129146435 0.000794433190471 

















































