

















1.2000349022e-05 1.0302933146e-05 1.58055904467e-06 5.14327985537e-06 1.41038181696e-06 1.67237490582e-06 1.70573680121e-06 1.31447355911e-06 1.48044645869e-06 1.74309453537e-06 1.79357081724e-06 1.81625463352e-06 5.17354537345e-06 2.49059135955e-06 1.16863356045e-05 7.97691368736e-06 1.11368091753e-05 2.65192661117e-05 4.73004370427e-06 2.13650134696e-06 4.74908705901e-06 1.41308016795e-06 3.81875312989e-06 6.39335400185e-07 2.58849348524e-06 2.31445179035e-06 8.89132468969e-07 3.97799152843e-06 1.42112997358e-06 6.03381176227e-06 2.09209008606e-06 5.76089465211e-06 1.79431700299e-05 1.29162759897e-05 8.33447285956e-07 4.22032574508e-06 1.00894614801e-05 3.16228294302e-06 6.36697318103e-06 3.88649946937e-06 2.03356681463e-06 8.10377548618e-08 5.25029753361e-06 1.16405192237e-07 1.5112968572e-08 5.72372763241e-06 3.74435345861e-08 1.9887918104e-06 4.10909005972e-06 6.35522565243e-06 2.0819453346e-06 7.55459584402e-06 5.32522035428e-06 1.51405275949e-06 4.22993078925e-06 6.28566304518e-06 2.42799966793e-06 2.39261344411e-05 4.3378242748e-06 2.73465558684e-06 3.09594845291e-06 2.89016550431e-06 2.31905162368e-07 3.44470897382e-06 1.93113410779e-06 3.74439494231e-06 6.93017350169e-08 3.46783134323e-06 3.15919064846e-06 2.13387886978e-06 2.5754325787e-06 1.75888169844e-05 1.60057877126e-06 7.68494974451e-06 4.85421353334e-06 2.76660543951e-06 7.03264820019e-06 6.25515762658e-06 2.06564162562e-05 1.44816616868e-05 1.58177163001e-06 3.97017324582e-06 5.24481568762e-06 1.58351574533e-06 2.91051548813e-06 3.25824561937e-06 1.2028250601e-06 5.5462205057e-06 4.07099134665e-06 9.53487705166e-07 1.40730555219e-05 1.61350328872e-05 4.34330065878e-06 6.56353547351e-06 3.81156289387e-06 4.17902644045e-06 3.19142260941e-06 6.02382661525e-06 1.65152170791e-05 4.07428722573e-05 6.61120104618e-06 1.26687541916e-05 2.85089497482e-06 8.25313263584e-06 4.80342792573e-06 5.98164221789e-06 5.00682489557e-06 4.83668170314e-06 7.33364448334e-06 2.63269289379e-06 9.07435319818e-06 4.17621079943e-06 3.12024470031e-05 1.67735478976e-05 6.68183600594e-06 4.44641960139e-06 7.33399327709e-06 7.54303270531e-07 1.83764202211e-06 6.39982152818e-06 1.03554478158e-05 2.05013951943e-05 3.50333824971e-06 1.01398428602e-05 7.81854462341e-07 1.86255845815e-06 1.34202022839e-05 4.16380312336e-07 1.27910087083e-05 1.08784609581e-06 2.28289900259e-07 9.60984915329e-06 2.27245610937e-06 1.74073336068e-05 6.71028705075e-06 6.53356567856e-06 2.46378461861e-06 2.91630416548e-06 1.89826406153e-06 5.76236151385e-06 3.16019608785e-06 1.43949014912e-05 6.07209595671e-06 1.71120861418e-05 3.59631846317e-06 1.23255584639e-05 1.2579711186e-06 1.42174344192e-05 2.82980613615e-06 2.94821322703e-06 1.39171573689e-05 9.64352165051e-07 1.29603538059e-05 2.41430630207e-06 1.64805405812e-05 4.34891772234e-06 9.9498695921e-06 2.17910172655e-06 8.69441074006e-06 4.72572994533e-06 9.84116253442e-06 7.37331876677e-06 7.79245938317e-06 1.18737437399e-05 2.23348934895e-06 2.48595810499e-05 5.91401378289e-06 4.89523291615e-06 4.9482655278e-06 4.72900211814e-06 7.24175232846e-06 4.8952347842e-06 4.57918168587e-06 2.91948015211e-06 3.13184026579e-06 2.12501276273e-05 7.85070126594e-07 1.25840574095e-05 5.83731138885e-06 8.9046902081e-06 2.2692865427e-05 7.7490717131e-06 6.77687957536e-06 1.0483718247e-05 1.46253510326e-05 9.0220124287e-06 3.62475645276e-05 6.38685422759e-06 3.41129695342e-05 3.80494605729e-06 1.34714150658e-05 1.57416541861e-05 3.10260018272e-06 3.09435123207e-05 4.46191917624e-06 3.20063407366e-05 6.3684702084e-06 1.52765787264e-05 1.01212009077e-05 5.7455450661e-06 2.23537440298e-05 4.66518037126e-06 2.84623142668e-06 5.6602538181e-06 5.70335067096e-06 1.07023851729e-05 1.74633133891e-05 1.07554561388e-05 8.2925208723e-06 3.98423459901e-06 1.60971061189e-05 3.6165401635e-06 7.87672147609e-06 7.77676269312e-06 1.77580057277e-05 7.22584628287e-06 3.56091711858e-06 5.55732234167e-06 2.69976825392e-06 6.37223306519e-06 5.01126882206e-05 1.49195922201e-05 1.15275839569e-05 9.38639733773e-06 3.75761471239e-05 1.156123147e-05 0.000115531031026 1.00099490904e-05 5.28129231598e-05 1.13369791e-05 1.00871498489e-05 5.02794596558e-05 6.71325057243e-06 9.19600273526e-05 6.97648486612e-06 3.43626907653e-05 8.31619645968e-06 1.02932493881e-05 1.82979625323e-05 9.80315065944e-05 1.18618094959e-05 7.54254363684e-06 3.26746200919e-06 7.28580587687e-06 9.11031783191e-06 1.8967671435e-05 1.69238387185e-05 6.11671114744e-06 2.22309498404e-05 2.70490340695e-06 2.05579543445e-05 4.45712134903e-06 1.95293625211e-05 1.30097127443e-05 7.67546175563e-06 7.28359810446e-06 3.05066800994e-06 6.98860013284e-06 2.25300955527e-05 3.13300050248e-05 1.11145334677e-05 1.43349750165e-05 1.95784096878e-05 7.11430316002e-05 9.31804005774e-06 6.41873061354e-05 2.14998891235e-05 1.46868587163e-05 1.32832322005e-05 1.68938481804e-05 6.5016479729e-05 5.74015400504e-06 6.81112733863e-05 1.97796920049e-05 1.29399068871e-05 1.74412440329e-05 5.38432004855e-05 3.77312650091e-05 3.80317219e-05 1.48038999559e-05 5.81738853508e-05 2.84632300834e-05 3.35510188212e-05 0.000106780983612 8.80698982209e-06 0.000102404273027 7.44132043397e-06 9.95283004936e-05 2.64045835743e-05 2.85296005832e-05 5.65394180468e-05 1.2362897596e-05 4.45636364021e-05 5.29724017651e-05 2.0897676388e-05 7.14257674834e-06 1.43739664446e-05 5.19126640244e-06 2.0206136677e-05 2.09819931463e-05 1.71027657329e-05 1.40130725418e-05 1.28645798855e-05 2.34184939079e-05 1.50988927566e-05 1.75785921669e-05 2.66564870782e-06 1.1413040275e-05 6.68158912846e-06 2.81399659867e-05 6.24336380486e-05 9.02956314513e-05 2.00201341609e-05 7.42930564245e-05 0.000120733775032 1.45084957672e-05 0.000218095388579 2.25051021624e-05 0.000193600507335 1.17196264957e-05 0.000118165512172 7.63234708414e-05 1.99661450896e-05 9.79224014145e-05 7.1002491676e-05 8.69337692815e-05 1.66671942979e-05 2.37172521609e-05 4.09488180671e-05 1.4086436925e-05 4.76704942485e-05 3.91290446417e-05 5.50037294715e-05 3.71301055467e-05 1.3600331786e-05 3.96937636473e-05 1.96242941703e-05 1.60223634569e-05 9.40251179795e-05 6.84349790328e-05 8.68786780118e-05 4.9074925828e-05 2.51632094025e-05 0.000184011242001 2.85826416791e-05 0.000288599557902 2.85826416791e-05 0.000184011242001 2.51632094025e-05 4.9074925828e-05 8.68786780118e-05 6.84349790328e-05 0.000118371804855 7.31749889295e-05 1.27614716542e-05 9.66295674456e-05 4.53748606113e-05 0.000111794123107 7.96329183331e-05 4.99752606765e-05 9.03903191919e-05 7.93517704593e-06 6.63796689827e-05 0.000102835453268 0.000320069296007 6.5442522981e-05 0.000143603210836 9.77483830665e-05 0.000343324088223 5.98385713666e-05 0.000357490270029 9.9907571029e-05 0.000134155382249 6.35561005231e-05 0.000275699548342 0.000137230320664 0.000329926646896 6.58962721404e-05 0.000364573207673 0.000140954512043 0.00014952051861 0.000348828473611 6.30277207727e-05 0.000301322462733 0.000109954556421 0.000467990104376 0.000115436675558 0.000242819432878 0.000124340813831 0.000217446429889 0.000141938713816 0.000170693139099 0.000104082971387 0.000332048895104 0.000565290747664 0.000842471062578 0.000155951606204 0.000459852648485 0.00044231292439 0.000142905024873 0.000719963490612 0.000437682365324 0.00664529909255 0.000769773518043 0.000641306470476 0.00082824207351 0.000518159190066 0.000679738582886 0.00384556080695 






