










6.51063585607e-07 4.44210304583e-07 5.19236501255e-07 5.6517693434e-07 7.38401737247e-07 7.74811603942e-07 6.22235930988e-07 5.21762677365e-07 5.30793192255e-07 4.92847732097e-07 5.21808073225e-07 1.30099265016e-06 2.50472439614e-07 2.3394601181e-07 2.74130154736e-07 1.70498234542e-06 3.55719177418e-07 1.99095698205e-07 3.6283128125e-07 9.96952582021e-07 6.55955266581e-07 3.36912182132e-07 4.85203452778e-07 6.57797768614e-07 4.97204731819e-07 3.97698043849e-07 4.9704285182e-07 2.82380742075e-07 5.10367313822e-07 3.92999673728e-07 3.47032582707e-07 4.43906444999e-07 6.56905023125e-07 2.2180813954e-07 1.52460140785e-06 2.15745156505e-07 1.42425274994e-06 1.37666713111e-06 3.04628722264e-07 1.09760820482e-06 1.65536733047e-08 6.71240231761e-07 4.74695899749e-07 6.16823990069e-07 3.96119915336e-07 5.18190389202e-07 8.64952806614e-07 1.45191525174e-06 1.07315654238e-06 7.95537490815e-07 7.12925486096e-07 9.82663356978e-07 1.0616923179e-06 3.5061561442e-07 4.95394786694e-07 3.51151837229e-07 6.05801071082e-07 1.6922172893e-06 1.28544559592e-06 8.05234600917e-07 9.38888722232e-07 2.03570092121e-06 3.88181498972e-06 8.88729996063e-07 5.94110496331e-07 3.71156097366e-07 9.537486836e-07 2.75027214989e-06 1.5694876071e-06 1.05338755299e-06 6.57943642454e-07 1.33772605048e-06 1.77769733073e-06 7.31619568456e-07 5.16285051264e-07 3.01422492038e-07 3.56831233572e-07 6.30361160375e-07 1.63012467212e-06 1.64936174396e-06 1.19595631794e-06 2.82778874736e-07 4.1255691281e-07 8.00380089058e-07 1.13349981899e-06 8.67471907224e-07 5.96944249667e-07 3.1104125021e-07 3.08625136299e-07 4.79136915633e-07 7.06436108132e-07 8.10192235917e-07 7.12479725288e-07 7.97634488282e-07 6.99410552062e-07 9.72400276043e-07 1.57431644516e-06 2.74381483754e-07 3.0398353062e-06 5.2555147759e-08 5.14406708195e-07 2.08748825447e-07 2.22426217986e-06 1.70507095651e-08 1.42091693592e-06 7.67376810975e-07 6.52067487989e-07 6.8711419128e-07 6.58489990399e-07 8.32030499797e-07 5.68561265678e-07 4.03916916942e-08 3.01397121669e-07 4.16202266578e-07 6.42602269101e-07 2.88425630214e-07 6.41222508022e-07 7.34271322676e-07 5.69674649584e-07 5.1465818107e-07 2.62730227642e-07 4.25494687903e-07 3.35261353977e-07 2.97177312024e-07 1.4088197891e-07 5.37955080247e-07 5.95681225667e-07 6.98217195261e-07 8.82130408776e-09 3.14388072971e-07 7.39961359828e-08 6.03190049657e-07 7.99552484983e-07 1.69923328707e-06 1.57115934935e-06 1.16574186255e-06 7.95495503661e-07 6.09945880964e-07 1.72581280832e-07 3.14377275179e-07 3.12925508011e-08 7.62559423472e-07 6.47966591928e-07 1.31565751534e-06 1.37530832534e-06 1.15119736422e-06 4.27378037397e-07 1.69430970194e-06 2.38830042041e-06 9.31583020972e-07 2.35768038155e-06 6.24844241991e-07 7.11726920869e-07 3.97589357986e-06 4.55932329438e-06 4.98264629829e-07 7.21686849625e-07 2.17371257236e-06 8.47896120422e-07 2.641599595e-06 1.652611387e-06 5.6580588097e-07 1.23661249507e-06 1.35059266173e-06 1.30620244794e-06 8.17941865754e-07 9.49125466763e-07 3.129912069e-07 3.13373433202e-07 3.15541599448e-07 3.14025278838e-07 7.22011761766e-07 5.6695650852e-07 2.6804432001e-06 5.6695650852e-07 7.22011761766e-07 3.14025278838e-07 3.15541599448e-07 3.13373433202e-07 3.129912069e-07 9.49125466763e-07 8.17941865754e-07 3.72395173468e-07 3.3078090463e-07 3.13798888409e-07 4.99335299339e-07 4.45180628876e-07 3.39497629519e-07 2.81139994905e-07 6.37879463589e-07 8.37750189991e-07 5.19243837584e-07 6.35320783735e-07 6.49177486791e-07 4.10301017438e-07 2.98064041536e-07 2.99308331568e-07 3.37093188384e-07 4.83177096524e-07 3.43185793443e-07 2.54379445488e-07 3.40032872926e-07 8.23028279705e-07 1.91548453147e-06 8.28785879372e-07 4.5005245272e-07 1.28185050499e-06 2.88026057905e-06 5.61358181527e-07 2.42110384195e-06 1.65717809801e-07 9.31996018333e-07 2.48125311256e-06 3.7374715519e-06 3.97026731846e-06 3.7303438947e-06 8.01934334918e-07 2.28622007547e-07 2.69345586213e-06 6.72710289506e-07 2.79674637469e-06 1.57060292452e-06 3.77114021975e-07 8.31284435276e-07 1.8707702786e-06 8.26773359622e-07 2.05078102628e-06 1.54653781904e-06 3.14368491331e-07 1.21135147819e-06 1.00488181627e-06 9.63841234449e-07 8.89054872264e-07 1.31918989398e-06 3.50163496103e-07 7.30886274494e-07 1.31473604287e-06 2.48259404386e-06 3.02927883811e-07 3.55314662218e-07 3.08285003632e-06 1.91260294887e-06 7.58543004364e-07 3.58540409308e-07 1.22599126035e-06 9.66027785297e-07 9.84711335651e-07 9.32844312729e-07 1.18612948249e-06 3.12600396343e-07 1.44623176849e-06 1.98132381486e-06 4.28549964053e-07 5.97719774893e-07 3.17515258663e-07 3.5244117943e-07 5.36116554649e-07 5.79108030311e-07 7.81935059212e-07 5.95903207582e-07 5.30138654788e-09 1.25852471303e-06 5.89761500711e-07 1.77382388069e-06 1.00526091678e-07 4.94998696779e-07 1.17814182742e-06 4.22505571072e-07 6.69573360299e-07 3.34241388085e-07 3.23212148951e-07 5.98197670305e-07 4.22602965709e-07 1.41688677451e-06 1.6971369716e-06 8.83218279476e-07 4.70598632853e-07 1.54857493084e-06 1.59487433497e-06 9.86848175271e-07 2.46496664464e-06 4.08311080696e-07 4.85110955271e-07 1.99267493805e-06 2.99893159271e-06 2.98600073635e-07 1.89657374304e-06 2.16808884963e-06 5.74442045373e-07 3.34871503567e-06 3.61570488812e-06 6.47742491992e-07 5.26329005102e-07 2.55152752349e-06 8.01707912344e-07 1.64891207628e-06 1.6100043863e-06 4.93688401099e-07 9.13931392112e-07 1.5322267938e-06 1.37399310237e-06 5.7748596222e-07 3.89032487277e-07 9.94539058588e-09 9.53395056548e-07 3.38604933719e-07 1.13257271017e-06 1.35348477017e-06 9.06847593482e-07 2.91013355257e-07 7.41374060823e-07 1.09604364914e-06 2.2812215726e-06 1.21057665387e-07 1.14490125918e-06 1.90028938415e-06 1.62730570479e-06 2.21292804802e-08 3.02248482757e-06 1.54667356156e-06 8.74311544345e-07 3.84996571209e-07 1.08067684662e-06 1.4799366387e-06 9.63278995173e-07 3.38279553231e-07 8.18584593015e-07 1.0476759546e-08 3.19404283974e-07 5.62597577317e-07 7.47560850698e-07 1.25849208875e-06 1.68111558441e-08 7.77764536522e-07 1.16965021363e-06 2.30822143713e-06 1.24467583564e-06 1.32019275729e-06 2.80370627092e-07 1.08744972353e-06 1.45146526308e-06 2.21703447526e-06 2.80493631273e-07 6.32176677408e-07 1.31277819138e-06 1.3449133066e-06 1.15315178453e-06 2.94128247104e-07 2.60086522408e-06 2.68392632269e-06 1.08631490171e-06 2.92090733854e-07 1.52958584991e-06 1.19568029597e-06 2.20190332793e-06 1.17941444645e-06 6.67111897417e-07 3.73884956194e-08 1.17420771884e-06 7.41795055664e-07 2.09503351585e-06 1.16047382213e-06 3.0046777624e-07 7.9260294896e-07 1.17548632526e-06 1.1171838653e-06 1.15201528461e-06 1.65744910894e-06 2.76525307129e-07 1.28468077661e-06 2.64312246611e-06 3.52613115435e-06 1.85560328604e-08 2.25263842281e-06 1.55519551788e-06 9.93886103832e-07 1.64058578849e-06 2.64604795071e-06 2.69827329756e-07 4.41249723785e-06 4.68251363713e-06 1.45913320001e-06 6.08095715044e-07 1.67768226891e-06 1.04926700464e-06 1.36894970816e-06 1.46509109188e-06 8.46824174015e-07 2.63277526578e-07 1.01897245352e-06 1.92669901255e-06 1.15801925259e-06 3.39747831585e-07 4.16831199065e-07 7.94064460542e-07 7.03283406588e-07 1.67059919398e-06 1.70150946478e-06 1.25353949896e-06 2.83244052619e-07 1.67379479941e-06 8.38888688553e-07 3.00067863675e-06 3.22601747888e-07 1.24715511475e-06 1.27877683664e-06 9.27735980166e-07 1.01947805663e-06 1.33107325842e-06 1.89993052545e-06 7.5830967683e-07 3.68243566284e-06 1.50392615664e-06 1.4586292654e-06 2.97344258943e-07 1.63290414527e-06 2.06400033155e-06 1.55979459129e-06 6.42579261958e-07 6.68619618808e-07 4.67589619844e-07 3.16495063048e-07 1.16443833482e-06 6.2197604848e-07 7.60371957128e-07 6.12101360552e-07 1.1070836236e-06 1.05792237834e-06 2.38621150203e-06 7.69902461008e-08 2.13069305832e-06 2.85146510674e-07 7.3681949317e-07 2.13459735327e-06 2.19773320404e-06 3.02193405217e-07 2.19661686391e-06 9.01513858921e-07 6.97967443963e-07 1.12821109866e-06 5.78441434083e-07 7.93824963912e-07 2.19793584748e-06 5.45012468693e-07 2.62310607196e-06 3.8599594483e-06 8.68304286679e-07 2.99162992748e-07 2.10233445652e-06 1.90779932813e-07 2.60678147506e-06 1.04442143766e-06 1.03096171674e-06 5.37323505287e-07 5.7926838896e-07 5.97351008911e-07 1.62694909105e-06 8.78033934221e-07 1.70729509791e-08 9.02963964995e-07 7.12215688249e-07 2.57433239585e-06 1.98740515601e-06 1.73993135047e-06 6.97382071903e-07 1.00415344497e-06 2.22421460251e-06 4.64462281346e-06 3.6220929728e-07 2.49203708512e-06 2.23677044733e-06 1.19703452057e-06 1.87836572263e-06 2.00198716021e-06 1.24173736701e-06 2.73420967579e-06 3.27744544083e-06 3.0744998393e-07 5.64225476703e-06 3.67674581632e-06 8.68289828283e-07 8.84696951299e-07 1.82731245985e-06 2.02827456939e-06 2.47476661044e-06 6.37920764049e-07 8.18181109533e-07 1.05208592484e-08 7.1439049192e-07 1.56865125123e-06 7.45271345919e-07 2.07933041493e-07 1.29674692521e-07 6.90875682068e-07 7.86517295098e-07 2.19955107155e-06 1.0029284178e-06 1.43175941813e-06 1.42189467356e-06 8.09340202558e-07 2.40765782223e-06 1.06185845195e-07 8.07813295465e-07 9.76952658423e-07 8.03607654448e-07 3.10929577147e-07 9.4398494261e-07 2.17477894498e-07 8.03032241139e-07 9.84260008678e-07 1.22149844561e-06 2.85335408146e-07 3.10419864602e-06 1.21884290898e-06 1.51730980561e-06 1.7479369985e-06 8.51602274255e-07 2.18068548769e-06 6.62858275211e-07 6.18732012918e-07 1.47490413382e-07 2.41909615124e-07 7.35722396188e-07 1.94251145446e-06 9.95062029636e-07 6.44890881767e-07 1.21613273232e-06 5.66799460184e-07 1.26570796988e-06 7.77143711803e-07 2.24374553574e-06 4.72034360252e-07 4.90637615526e-07 2.59833303924e-06 2.78589151743e-06 3.16777705693e-07 2.33325311747e-06 1.13020841627e-06 8.72598604641e-07 1.38847925596e-06 5.9908572204e-07 5.81513651311e-07 1.34821872159e-06 9.52607962299e-07 1.12347585198e-06 2.94335249021e-06 3.19297246609e-07 3.6915252199e-06 5.27536462558e-06 4.50059684863e-07 6.70475080246e-07 2.63186810679e-06 8.27765912099e-07 1.43738284715e-06 5.61190007028e-07 1.11444617397e-06 5.68963822668e-07 9.03717726749e-07 1.80345376694e-06 1.69954815374e-06 8.66321330359e-07 3.88641037629e-07 1.07735060333e-06 3.95676767745e-06 2.24233048593e-06 1.3866829069e-06 3.72497516821e-07 1.75443026129e-06 1.27572165661e-06 5.10492815308e-06 3.18790445189e-07 1.70110156091e-06 2.52367794439e-06 1.35715477607e-06 1.9116937859e-06 2.29438253913e-06 8.77352678671e-07 2.1878278235e-06 1.8980580081e-06 1.5314962708e-06 3.55215703666e-06 2.51137059318e-06 7.5579261468e-07 6.7274345447e-06 2.01598316013e-06 1.73827292274e-06 6.1853994645e-07 1.37870016994e-06 2.44938162727e-06 4.04557609972e-06 9.21487537295e-07 2.89436316907e-07 6.46862428868e-07 1.6317375567e-06 6.39155030238e-07 7.01599273979e-07 3.81244080095e-08 8.21223860227e-07 7.28723849121e-07 1.98946930781e-06 8.36850157165e-07 1.26258781464e-06 2.80452664179e-07 1.41710754262e-06 1.01967726939e-06 2.1150241789e-06 6.24925627465e-07 8.21943765004e-07 1.22913624421e-06 1.44315577933e-06 7.76339580278e-07 1.28509551839e-06 8.84052749027e-07 1.22577103858e-06 1.18056112674e-06 7.81199749386e-07 1.44376306288e-06 1.13780596637e-06 1.28198663801e-06 1.03742511786e-06 2.47138733271e-06 2.36017106822e-06 1.12516216356e-06 2.96932021278e-07 1.8205461626e-06 7.55721902028e-07 2.13595635511e-06 7.16619648827e-07 6.80418490216e-07 4.26124287932e-08 5.68314432597e-07 5.94916060949e-07 1.65172207058e-06 1.51630374514e-06 6.82244370886e-07 5.14287872251e-07 1.36097762557e-06 1.8605420446e-06 1.53183078971e-06 1.16940232787e-06 5.95917477749e-07 1.03272004851e-06 3.68431175196e-06 4.55127829099e-06 2.2123898581e-08 4.21297781469e-06 1.53787413304e-06 1.38401562241e-06 2.77978261799e-06 1.77635227483e-06 8.65103996944e-07 3.116263734e-06 9.06838332623e-07 1.88891405873e-06 3.33978235957e-06 1.52667911914e-06 1.5453699001e-06 5.22748316715e-06 2.53826645108e-07 5.56054000392e-06 6.95419017601e-06 1.04936884054e-06 8.94111502901e-07 1.28357705751e-06 1.66755840674e-06 1.89886423546e-06 1.30364669847e-06 4.76032614742e-07 5.54331872654e-07 1.29643729735e-06 1.56533013105e-06 6.55478734187e-07 1.76753124225e-06 5.48198406799e-07 9.46871317629e-07 1.11708806141e-06 4.94075983247e-06 1.73191091331e-06 3.35576905525e-06 2.78649798487e-07 3.16020067204e-06 1.99525372578e-06 5.05766360713e-06 4.50958571961e-07 1.81733767667e-06 3.33092406617e-06 9.03859356561e-07 1.0441654085e-06 2.67955982998e-06 9.3302692765e-07 1.95627060902e-06 1.6823383355e-06 1.19530070489e-06 2.8020516592e-06 9.50675333689e-07 9.35184080705e-07 4.1680497779e-06 2.12170501439e-06 1.04969554214e-06 6.24860904125e-06 3.59257326302e-06 3.45718397638e-06 2.96669703394e-07 4.00522802493e-06 1.72319079926e-06 4.9097481584e-06 8.94065191435e-07 7.65606115894e-07 4.6882668581e-07 1.41002331961e-06 6.16414964675e-07 3.36930045328e-07 1.47373380121e-06 1.23843046203e-07 6.09791194864e-07 6.8463556077e-07 2.05758442724e-06 5.20693915193e-07 6.02703639011e-07 2.92426603488e-07 5.07867637049e-07 1.64699180819e-06 2.11859201492e-06 9.36136473089e-07 1.44028801046e-08 1.00167736563e-06 1.56983840763e-07 5.87023975099e-07 3.86747495612e-07 4.54027978424e-07 3.11397888817e-07 4.85104145273e-07 8.11833550691e-07 8.22817187021e-07 2.52976115881e-07 1.20317457471e-06 1.59271104632e-07 1.15286786825e-06 2.45456886496e-06 2.47825871298e-06 6.02648182613e-07 3.78084031254e-07 1.04189189385e-06 5.58864552355e-07 1.74176311194e-06 6.07553996342e-07 5.57987615009e-07 1.41312565578e-07 1.13187261276e-06 3.24006740548e-07 2.88694741924e-06 4.31605533193e-07 1.07232877068e-06 1.37655332988e-06 4.67600167658e-06 3.27981112537e-06 1.68102914184e-06 4.377147094e-07 3.4820499415e-06 2.14154041364e-06 7.06304832368e-06 3.16280472839e-07 5.0343807377e-06 2.25292109555e-06 7.3533230619e-07 3.98322037708e-06 1.80278778225e-06 9.26699281312e-07 4.91894283787e-06 1.88708635473e-06 2.05275625942e-06 5.05406229374e-06 7.22753306986e-07 1.91125004635e-06 3.84893818675e-06 9.66362817773e-07 3.32748052627e-06 6.87386598351e-06 7.48358723225e-07 9.14073774305e-06 4.23554093262e-06 3.59336060262e-06 5.37965703733e-07 1.77335503515e-06 3.35881941746e-06 4.677285e-06 1.3273674824e-06 8.66121516738e-07 2.98160390436e-07 2.30701526238e-06 1.2888458475e-06 4.77880536294e-07 6.25378979029e-07 1.13915514236e-06 2.25932667489e-06 1.05628803953e-06 1.37394141343e-06 1.30457977639e-06 1.75802931859e-06 2.12366742833e-06 1.50055620394e-07 7.36348197844e-07 8.21268815099e-07 1.82119300282e-07 8.39463591618e-07 1.61903480697e-07 3.45745437895e-07 1.06722863819e-06 8.70351820281e-08 1.09150652056e-06 1.44455020552e-07 8.03509732614e-08 1.22731643187e-06 5.01426135533e-07 1.02154454195e-06 1.05658611703e-06 4.66714880987e-07 2.46437748736e-06 2.79015981843e-06 1.73556425095e-06 1.86710320159e-06 1.00264237364e-06 2.05847794803e-06 9.57918384936e-07 5.49171318693e-07 4.20459801678e-07 1.06368492883e-06 2.17396252526e-06 1.10211233531e-06 1.78142598347e-06 1.72656437413e-06 3.5648951745e-06 1.95209076958e-06 2.64132444155e-06 6.88099457128e-07 1.67678917046e-06 4.61822768718e-06 6.56990238494e-06 3.00528711647e-07 5.64140844958e-06 1.20921052864e-06 1.70862901257e-06 2.17043062733e-06 1.4251178988e-06 2.11727677873e-06 1.30242762067e-06 7.85717279669e-07 2.60473791325e-06 2.32319713159e-06 7.15950098924e-07 1.27538090931e-06 2.16214156994e-06 1.489474762e-06 2.46422175428e-06 2.04127976888e-06 1.31821366016e-06 7.68328682823e-06 5.61531506281e-07 8.45285337034e-06 8.42806951821e-06 1.65061237465e-06 1.05527605114e-06 2.72908128338e-06 1.90886936873e-06 3.52970002198e-06 1.57233112236e-06 1.34362820241e-06 8.46094454514e-07 1.68536903722e-06 1.71412822725e-06 1.21069227309e-06 2.21735949787e-06 2.23017611513e-06 5.27072721778e-06 2.97478741096e-06 2.43048743976e-06 3.84139223595e-07 2.77500280135e-06 1.57407912931e-06 6.14906581647e-06 7.84677765463e-07 1.45107651896e-06 3.18349774758e-06 3.96429650863e-08 2.93247852751e-06 1.5522540562e-06 7.29036471967e-07 2.50902539544e-06 7.30225970109e-07 5.52119953099e-07 4.57984803393e-06 4.82853960385e-07 8.31286295724e-07 2.60960912466e-06 8.75299887562e-07 1.61657877414e-06 3.46074936157e-06 6.55566358965e-08 4.46727096139e-06 1.79230774471e-06 1.78963714053e-06 8.27142048436e-06 3.26130440351e-06 2.91518358466e-06 4.03005444184e-07 2.73779959513e-06 3.08465714425e-06 5.20898458932e-06 1.89920060279e-06 1.81847073236e-06 8.58058517235e-07 1.33583900228e-06 6.08631310471e-07 5.77530812874e-07 6.52626313673e-07 6.9845123294e-07 1.38150142216e-06 8.36175294361e-07 8.94462255084e-07 2.91842931257e-07 9.68357940757e-07 1.31391833578e-06 2.36090037606e-06 3.14272618869e-07 2.06370877177e-06 4.30006103929e-07 1.01167621567e-06 2.04404526921e-07 8.13610110489e-07 3.78003268588e-07 6.66968848538e-07 3.51502982396e-07 2.73605777633e-07 4.09256105917e-07 2.5684842298e-07 6.99747416206e-08 3.45577020992e-07 5.67680617909e-07 8.85927430693e-07 8.02972716383e-07 2.05435061645e-07 1.34775909479e-06 9.81623383939e-07 3.14415860746e-06 6.3780042012e-07 2.89551753853e-06 2.24739054285e-06 8.1450702363e-07 4.75809852321e-07 1.27367069303e-06 8.63135958974e-07 1.29955121717e-06 6.25392902466e-07 4.90886833617e-07 4.27101016412e-07 4.0779568382e-07 2.23227071713e-06 8.84253235732e-07 2.10108283025e-06 2.51378933604e-06 4.00769164198e-06 2.86579948094e-06 2.19538006451e-06 7.66236680485e-07 3.2099029881e-06 4.10001079109e-06 7.38152069819e-06 3.12195517502e-07 6.44089879647e-06 4.04905102639e-06 5.97097632526e-07 6.25314847467e-06 5.94891747036e-07 1.65062210398e-06 4.24508412142e-06 8.94663932753e-07 2.02922501592e-06 2.75389678788e-06 2.18676843769e-07 2.92473195647e-06 2.01204236835e-06 1.2515235482e-06 4.10284323276e-06 1.59124408662e-06 6.02076465169e-07 6.84297756989e-06 8.58564552623e-07 4.73855283276e-06 7.70666265886e-06 7.34134213685e-07 9.2373608676e-06 8.21740030264e-06 3.0359944722e-06 1.09154762453e-06 2.51989998176e-06 3.08509991231e-06 3.99814162814e-06 2.13450713909e-06 1.61949865741e-06 6.27013142894e-07 1.78949248922e-06 1.39056329576e-06 2.13514805878e-07 1.11298553092e-06 1.6458395812e-06 3.66938385525e-06 1.31334036524e-06 2.04607212012e-06 6.17999989609e-07 1.8789009126e-06 2.65743644241e-06 4.24432144373e-06 1.77139008439e-07 1.11029948576e-06 1.73159682269e-06 1.38569015816e-06 5.37210483208e-07 1.95093430121e-06 2.10711417797e-07 2.27137105297e-06 1.10351226263e-06 5.09076042971e-07 1.90729180545e-06 7.70584590013e-08 1.52847977956e-07 1.80409807097e-06 5.41600750117e-07 1.51794306715e-06 2.29727882809e-06 4.08596765625e-07 2.59777965703e-06 6.43813862276e-07 1.67489088043e-06 2.2400942542e-06 1.11972956583e-06 5.4508067634e-07 4.84866599813e-06 4.14113780235e-06 2.4978035407e-06 7.86883171983e-07 3.34388411709e-06 1.27227306435e-06 3.54503561808e-06 1.55294474043e-06 8.56369844649e-07 9.33134339284e-08 1.05150406292e-06 1.33624517982e-06 4.16367295347e-07 1.17882431679e-06 1.08900690762e-06 3.40747665177e-06 1.38733390976e-06 2.24729502832e-06 8.70019124369e-07 1.67393546558e-06 4.79714144881e-06 5.57865446591e-06 2.81903314272e-07 4.80000253169e-06 7.7447106684e-07 1.26872359926e-06 2.91581691814e-06 3.51542826401e-07 2.74519201719e-06 8.84062115814e-07 1.1966482831e-06 8.66605979725e-07 1.95767378248e-06 1.68390991959e-07 8.37105364711e-07 1.64355949134e-07 2.15422947818e-06 9.76235270329e-07 1.59598776367e-06 5.37595828651e-07 3.09498657655e-06 5.16951051565e-07 2.86254834158e-06 1.70701847662e-06 1.23341290432e-06 5.97916949364e-06 3.02271932711e-07 6.54279005892e-06 8.53648535373e-06 1.65119380232e-06 1.254405223e-06 2.59913564712e-06 1.52786141501e-06 3.04962302643e-06 8.83265152625e-07 8.81888204126e-07 3.31157526341e-07 1.07890029925e-06 2.43198473198e-06 3.62862921193e-07 1.14906114216e-06 1.56674205636e-06 4.12606825413e-06 1.68641991382e-06 2.08812096816e-06 9.36340576169e-07 4.83540001565e-06 3.81335238831e-06 7.7947269291e-06 7.48598250856e-07 2.81095740959e-06 3.38285237977e-06 2.15551207906e-08 3.90682326241e-06 1.57266133437e-06 2.15746859371e-07 6.15999073191e-06 2.4006874239e-07 1.50221772305e-06 4.12887601848e-06 6.7126842329e-07 1.99980021471e-06 1.6518289729e-06 8.30540995832e-07 4.08973306081e-06 1.51041383488e-06 2.91941481081e-07 6.48405504586e-06 2.81484013549e-07 1.91162072649e-06 3.97932182565e-06 1.69410030835e-07 4.97768787044e-06 3.72918715195e-06 1.31780578993e-06 1.002395555e-05 7.4669162462e-06 5.12148200013e-06 1.18940933718e-06 2.65048293151e-06 1.70741242293e-06 3.79595984446e-06 1.2679482559e-06 7.92902183262e-07 2.29587594951e-07 1.72779950589e-06 8.46301521927e-07 3.75658152489e-07 6.15604005355e-07 1.30026066133e-06 2.43479204423e-06 8.19132805486e-07 2.67963149047e-06 8.92611904317e-07 1.99590792394e-06 3.33727499556e-06 4.26399386023e-06 3.04070998661e-08 2.511084623e-06 6.61527802214e-07 6.22370343431e-07 4.97842230598e-07 1.03676574594e-06 1.81331569162e-06 9.6499164038e-07 2.09282726639e-06 4.54378205983e-08 2.43835232699e-06 6.96341856214e-07 1.23105237242e-06 9.96575109012e-07 1.10989038985e-06 1.17537348348e-06 2.57908910561e-06 1.74439003485e-07 2.59759715342e-06 8.88300362308e-07 2.18699253142e-06 1.36528656299e-06 3.97680970935e-07 8.07171965653e-07 1.30027045861e-06 3.55385327796e-06 2.5100829792e-07 4.85563877287e-06 5.38138385426e-06 2.26713756549e-06 1.026372817e-06 2.74506086598e-06 9.07613499792e-07 2.24765321398e-06 9.92072869856e-07 4.98804156023e-07 1.9840440258e-07 6.32479934286e-07 1.37130483067e-06 7.06670403717e-07 1.24739928278e-06 2.86162499256e-06 4.56848282846e-06 2.1003246694e-06 3.91936698022e-06 1.14579174432e-06 3.78616752674e-06 5.38062533704e-06 9.61477056874e-06 4.19145556733e-07 8.32326537683e-06 2.92538143347e-06 1.62571464501e-07 7.63928090762e-06 2.06003629193e-07 2.40088185841e-06 4.8902697736e-06 2.43540907793e-07 4.09512320273e-06 9.79849366011e-07 8.84693703633e-07 4.66009705358e-06 1.3642510341e-06 1.49746390773e-06 4.45157050493e-06 9.89541086653e-07 7.9189958571e-07 4.19270776837e-06 2.38619351826e-07 5.02567144115e-06 2.43845841747e-06 5.43992889028e-07 8.10838540426e-06 7.64176125004e-07 4.19402395061e-06 9.49637182966e-06 1.3025706785e-06 1.22162658617e-05 9.46776141978e-06 4.1817245818e-06 1.41935144493e-06 4.35147062245e-06 2.44579290449e-06 3.85169728842e-06 2.1502877679e-06 7.99002542607e-07 4.17646153681e-07 9.83708315341e-07 1.37815400044e-07 9.291592036e-07 1.60729571241e-06 1.43683135948e-06 3.87155694695e-06 7.38326643106e-07 3.58381299487e-06 1.00230025655e-06 3.39085740103e-06 3.01680596958e-06 5.85625070323e-06 6.9597902669e-07 2.38136812175e-06 1.57135613101e-06 4.64260416673e-07 1.43492205035e-06 1.40304630541e-06 5.71859140213e-07 3.27486702608e-06 2.05101863564e-06 4.95915065514e-07 3.85767147485e-06 1.05406344917e-07 2.94570709744e-06 2.6829526988e-06 7.66914236972e-07 2.87826618996e-06 2.69626763902e-06 2.33226812691e-07 4.2612249498e-06 6.00057466044e-07 2.45398030059e-06 3.04459160391e-06 6.45606847547e-07 2.15904552127e-06 1.31438839491e-06 7.38472163205e-07 2.64914893886e-06 2.69634369885e-06 1.08765168437e-06 6.53733713794e-06 5.23112995436e-06 3.34377462552e-06 1.19657420904e-06 3.47255793291e-06 8.69730373029e-07 3.32591055983e-06 7.73290255306e-07 1.10237805165e-06 6.09722848283e-07 1.02955022885e-07 5.50348578134e-07 2.52667002079e-06 1.41245403969e-06 3.09091373232e-06 1.01003564279e-06 2.8292200444e-06 8.8414212794e-07 2.82172261664e-06 6.06840219183e-06 6.79602302201e-06 1.19665143142e-07 8.3721964522e-06 2.04358777779e-07 4.25990438186e-07 3.12438263195e-06 2.91366597218e-07 2.95354928926e-06 8.630057597e-07 1.97410768295e-06 2.18381575495e-06 5.80581880429e-07 1.22520741952e-06 1.09716852222e-06 2.25204991077e-06 1.66577643899e-06 1.61814518076e-06 2.19037254209e-06 8.67673313318e-07 1.58874145237e-06 6.05167151895e-07 2.36365963277e-06 1.99419999544e-06 1.16639374466e-06 2.80728506166e-06 6.58625768875e-07 3.63399686347e-06 9.18764722419e-07 6.59521219142e-07 9.15882044348e-06 7.40757792031e-07 8.32987486309e-06 1.11742612131e-05 3.11092841513e-06 9.60680309183e-07 2.52584050729e-06 1.22060741913e-06 2.58351291159e-06 9.6938573563e-07 1.48749102438e-06 3.54545111885e-07 1.64188370842e-06 3.28421420237e-06 1.84742576586e-06 4.93706497904e-06 1.93922979271e-06 4.23413737313e-06 1.52094731622e-06 3.44124468854e-06 6.05530131098e-06 8.94614706928e-06 5.94439892246e-07 5.60280361071e-06 4.34774821915e-06 8.49905980243e-08 5.75504705836e-06 1.60099758838e-06 1.72251438743e-06 5.57714042921e-06 9.52635569821e-07 3.00230406178e-06 4.55604195527e-06 7.44396615194e-08 4.79014951591e-06 1.30294626697e-06 1.62408181123e-06 4.37964903854e-06 1.74192569848e-06 1.25588919347e-06 4.58673272761e-06 1.97699119087e-07 4.71894100969e-06 2.95493527619e-06 9.30878733941e-07 5.72755724957e-06 1.59584714664e-06 2.27979830166e-06 5.68330467165e-06 6.10895454373e-07 6.22488284401e-06 6.69595938184e-06 1.03654154001e-06 1.04253025947e-05 9.32012883633e-06 3.91137923808e-06 1.53790320683e-06 4.11340537278e-06 1.85535376669e-06 4.01972302633e-06 1.13747450948e-06 1.80903219467e-06 1.00991918669e-06 1.78691136088e-06 2.94647831639e-06 1.59288492152e-06 3.61955550624e-06 1.93463783567e-06 4.30504037137e-06 8.71969893786e-07 3.6661928643e-06 7.15986290943e-06 8.37128876902e-06 1.01071120227e-06 6.71314497883e-06 2.01839335787e-06 9.76372102493e-07 1.78579851051e-06 1.44881991761e-06 2.07167517301e-06 2.03017444324e-06 2.74541110946e-06 8.47137653114e-07 2.91186207285e-06 8.15718926098e-07 6.01215561801e-07 3.86828101517e-06 4.76522612744e-07 3.45396363468e-06 3.39511098211e-06 5.13700613644e-07 3.5829004221e-06 5.55938241257e-07 8.91566050841e-07 2.95031345807e-06 7.72502056065e-07 2.86601241191e-06 2.24583966998e-06 2.0511243317e-06 2.15096797835e-06 1.52971639445e-06 1.73511940603e-06 2.5237491851e-06 7.23447767209e-06 2.14192455975e-06 9.86238209705e-06 1.28606105834e-05 4.19345812987e-06 8.35003500111e-07 4.19422852072e-06 1.9844412332e-06 2.92263547074e-06 1.19242941437e-06 1.81634596562e-06 1.10844689767e-06 1.00188925438e-06 2.01450014376e-06 1.91992880973e-06 5.5767181337e-06 2.24911936086e-06 4.98317192641e-06 1.88241567435e-06 3.65162726506e-06 7.20014528117e-06 8.69224941636e-06 8.76133340989e-07 7.08944530818e-06 2.16734562552e-06 6.75971436453e-07 6.64192569235e-06 6.23140033531e-07 3.21209594354e-06 3.52979511528e-06 1.58060862368e-06 4.07621728216e-06 1.53003257415e-06 1.20140917755e-06 2.69537572522e-06 1.74629876328e-06 2.02499946569e-06 1.7325784948e-06 4.28915355143e-06 1.81398852418e-06 2.03986329649e-06 1.72467984633e-06 2.76024695956e-06 1.85148368763e-06 1.61650572872e-06 3.75613507556e-06 1.45653337059e-06 3.61224099643e-06 3.60443843094e-06 1.0896840507e-06 6.50620158068e-06 1.39704487337e-06 3.66340785014e-06 7.73337809502e-06 1.5299623895e-06 9.81624999501e-06 1.16336039952e-05 4.12962253616e-06 1.98707816911e-06 4.89816687033e-06 2.19221376255e-06 4.22800544578e-06 1.39002364399e-06 1.04840154383e-06 6.69295067596e-07 9.81662697457e-07 1.34348165255e-06 2.28230134776e-06 4.77561164767e-06 1.71051626502e-06 4.1418725673e-06 1.34013171377e-06 3.90590863544e-06 6.66306101055e-06 8.92828475551e-06 5.24560352546e-07 8.5086738499e-06 2.6549384182e-06 5.953698038e-07 4.36542568547e-06 1.76057547808e-06 1.4190766979e-06 3.30588893146e-06 1.82378102357e-06 2.16586698197e-06 4.75231332471e-06 3.62405591266e-07 1.38248681016e-06 2.80592361177e-06 3.70101785168e-07 3.65675204913e-06 1.67873185676e-06 1.55335313679e-06 3.37246104861e-06 5.22591747855e-07 2.66055318901e-06 1.36602003876e-06 4.48234033918e-07 4.43231828983e-06 2.09578279323e-06 2.04916601938e-06 3.28925834434e-06 1.39037421404e-06 2.51625362846e-06 3.92159363181e-06 1.2348700468e-06 3.13236108417e-06 9.47904541744e-06 1.57689512358e-06 1.03579284622e-05 1.16815554799e-05 4.66762593781e-06 1.03462561791e-06 3.87874156534e-06 1.79293238677e-06 3.49332991398e-06 1.16783489453e-06 8.74143177795e-07 6.86692435292e-07 6.70180774744e-07 1.93338909405e-06 5.07251339035e-06 2.89461229589e-06 4.0105652939e-06 2.06781689686e-06 3.05874444445e-06 7.28355453737e-06 8.6380395489e-06 7.3194530667e-07 6.50506861931e-06 3.26083355305e-06 4.374452137e-07 5.07006245507e-06 1.04945213483e-06 2.12575788634e-06 2.30287115936e-06 1.77456760226e-06 2.26677769975e-06 3.43123700537e-06 1.20409179711e-06 2.87553070201e-07 2.18059646568e-06 9.47897094875e-07 1.35219507532e-06 3.54605864959e-06 7.28075324379e-07 3.47721596472e-06 1.48489773754e-06 8.33946143075e-07 2.44582194601e-06 5.69253191415e-07 1.39260602948e-06 3.38040812449e-06 2.00103107392e-06 2.01624110781e-06 2.25657640194e-06 2.42331551297e-06 1.5119996466e-06 5.05736003026e-06 1.12167659703e-06 4.23727922891e-06 7.09722202435e-06 1.30954103521e-06 9.92908208982e-06 1.14072853899e-05 3.55615834277e-06 1.77460604818e-06 3.704920983e-06 2.80727469355e-06 3.56468372006e-06 8.65098207553e-07 3.62631408918e-07 1.05884217887e-06 2.09077511607e-06 6.94461904118e-06 2.91239954525e-06 5.70461527225e-06 2.00409163686e-06 4.04929442066e-06 1.0060472659e-05 1.09943926812e-05 1.09559385716e-06 9.27123424634e-06 3.55264267328e-06 1.01535236902e-06 6.1424526215e-06 1.68167067482e-06 2.64024788774e-06 4.72094191718e-06 2.23441274923e-06 2.93937785911e-06 3.75447262691e-06 1.67398368953e-06 1.20865307717e-06 1.19918508557e-06 9.311695236e-07 2.72420818403e-06 1.99348008105e-06 2.41975663344e-06 2.1265198355e-06 2.26277226777e-06 3.25673267485e-06 1.09795635836e-06 1.28687799237e-06 1.25583799515e-06 1.66200722784e-06 3.47406309102e-06 2.51622260005e-06 2.51900991295e-06 4.41430562312e-06 2.93713840927e-06 2.43563195865e-06 5.50515951138e-06 1.536351556e-06 4.44534900053e-06 1.02701168097e-05 2.17059555589e-06 1.23173694238e-05 1.61708749864e-05 5.46958197174e-06 1.51181251041e-06 6.06362816353e-06 2.59521967887e-06 4.79186075897e-06 7.87721330486e-07 4.8886961737e-07 1.22656604111e-06 1.85648999468e-06 6.13214780144e-06 2.88866096962e-06 5.23256474612e-06 3.28252837805e-06 3.15384372817e-06 9.95790050515e-06 1.09443002251e-05 1.36409734471e-06 7.1044926311e-06 3.18626141636e-06 1.06168898203e-06 5.99091147571e-06 1.83711872673e-06 1.41821783089e-06 3.49000823306e-06 2.74194987242e-06 2.12780412505e-06 4.06036116706e-06 1.67470300837e-06 1.32592536981e-06 2.9798440929e-06 8.397372789e-07 1.54997163935e-06 4.35810797783e-06 1.07628800252e-06 2.7433975603e-06 1.0889418783e-06 4.03011038897e-06 1.73594907597e-06 8.06047920086e-07 3.16975640964e-06 1.80765626249e-06 1.77192613427e-06 3.67735454839e-06 2.321980894e-06 3.12789323939e-06 3.22616397405e-06 1.7350851872e-06 2.35197442949e-06 5.63199302874e-06 1.82475377314e-06 4.85427392804e-06 7.46750947267e-06 2.20321485875e-06 1.23645865007e-05 1.500467096e-05 3.69707516521e-06 2.76678705874e-06 5.02358340423e-06 2.6167832996e-06 3.95205945899e-06 8.07122512427e-07 5.42141177799e-07 2.51678916216e-07 2.51207360465e-06 6.58035816507e-06 3.90094304749e-06 5.53934342972e-06 2.98356580353e-06 5.26952098135e-06 1.01245146798e-05 1.26759184964e-05 1.28636960173e-06 1.19106572555e-05 2.85553060209e-06 1.18647273381e-06 6.24141563002e-06 1.73017483835e-06 2.86607626199e-06 2.51156911207e-06 2.39469376277e-06 3.04220990037e-06 3.39891056267e-06 3.21147776148e-06 1.67272630324e-06 2.58539166807e-06 1.89549347955e-06 5.1652648635e-07 3.56278304931e-06 2.95254808524e-06 2.12003606469e-06 2.31166818826e-06 2.5987553396e-06 2.95511336864e-06 6.56314261288e-07 1.47192981241e-06 2.72991212806e-06 1.87516196636e-06 2.68617341598e-06 3.4646351836e-06 2.77441727452e-06 2.70557868959e-06 2.83657809187e-06 3.0717498142e-06 2.273387708e-06 5.5961382268e-06 1.93961266748e-06 3.40186098714e-06 1.32125286704e-05 2.8994520268e-06 1.49096963999e-05 1.63092067944e-05 7.13809027052e-06 2.35326937753e-06 6.49932278926e-06 3.94108205773e-06 4.07088966303e-06 1.08888954148e-06 1.18046745847e-07 3.26753548224e-06 6.52315563558e-06 1.96559900974e-06 5.33258093938e-06 2.85339371718e-06 2.35487886499e-06 1.20612550285e-05 1.03739049933e-05 9.16598937821e-07 8.73411219916e-06 4.41016234013e-06 8.57261343678e-07 5.50794838401e-06 1.99525890426e-06 1.58468871318e-06 3.9400695238e-06 1.79964313968e-06 1.66614096547e-06 4.08863713951e-06 2.23276514065e-06 1.49737232642e-06 1.65636915094e-06 1.19686110917e-06 2.11648630595e-06 9.32011895265e-07 1.51418258095e-06 3.46066676208e-06 6.85471243632e-07 3.12224078977e-06 1.16938687673e-06 7.57005983146e-07 1.76448371584e-06 1.08841632487e-06 1.67483720394e-06 1.55180485711e-06 2.24857769555e-06 3.45120548978e-06 1.82374902755e-06 2.08158389926e-06 3.45516874144e-06 1.69639520924e-06 2.45654508773e-06 4.99087507658e-06 1.30976027596e-06 5.52798625488e-06 9.27485588824e-06 1.74414977026e-06 1.10278072574e-05 1.71444042748e-05 3.29659098618e-06 2.08891062743e-06 4.42337403068e-06 1.66640345005e-06 3.62641167809e-06 1.5560628761e-06 3.691175027e-06 1.15876199073e-05 2.90438343757e-06 7.93595376041e-06 5.0049172951e-06 4.46560362578e-06 1.57646831654e-05 1.70039289167e-05 1.28429655612e-06 1.6124057869e-05 5.58862554386e-06 1.49706152693e-06 6.15361059614e-06 2.16303625196e-06 4.18783173e-06 4.04028620357e-06 4.2807366939e-06 2.18057666782e-06 4.37072306481e-06 4.15038348544e-06 2.05485031133e-06 3.32799709612e-06 1.25584148207e-06 3.01486982064e-06 3.81036748622e-06 9.80755716917e-07 4.34917236424e-06 2.20599903622e-06 2.46712222302e-06 4.51145755486e-06 9.5525527856e-07 3.28057211683e-06 2.68832786992e-06 1.26859748093e-06 3.24300256297e-06 2.07607878863e-06 2.9342406121e-06 4.06573900827e-06 2.12584547307e-06 4.1196509188e-06 3.34984877769e-06 4.06392632807e-06 2.85449899844e-06 5.63184191002e-06 2.49946840798e-06 6.101630258e-06 1.79220098167e-05 2.8351983037e-06 2.06458265543e-05 2.19183534169e-05 5.94455797786e-06 4.86910597215e-06 6.75858348228e-06 2.7417210341e-06 6.40563741853e-06 1.72429070323e-06 6.28281742885e-07 1.24350159817e-05 3.32792072462e-06 7.92869396491e-06 3.24291456616e-06 4.04613453936e-06 1.65734494368e-05 1.40315187645e-05 1.68564415302e-06 9.14803848805e-06 6.11247482888e-06 1.52489910184e-06 6.65433344422e-06 2.30958959452e-06 3.54583328448e-06 4.40654839529e-06 3.03760908915e-06 1.11627263451e-06 3.07669059515e-06 1.69846087789e-06 2.74207559825e-06 1.65659435087e-06 1.6622886316e-06 2.84477803322e-06 1.99721696912e-06 1.57435922185e-06 1.79269128869e-06 1.68090290379e-06 3.79774190461e-06 1.61057180559e-06 1.59428911299e-06 1.64652125336e-06 1.71305660355e-06 2.45431764061e-06 1.64812330359e-06 1.73058662446e-06 2.39121304913e-06 9.46068053968e-07 2.90064028642e-06 1.62996059407e-06 2.56931360736e-06 3.73124396345e-06 3.35837274609e-06 2.50061699206e-06 5.41152929864e-06 2.08207814044e-06 6.79087242483e-06 9.70522791984e-06 3.18032634381e-06 1.48660914488e-05 2.38852694651e-05 5.76326041405e-06 2.68314979909e-06 6.81877054949e-06 2.7892164181e-06 5.31621930151e-06 2.68072603922e-07 1.30539141714e-05 3.80825108035e-06 8.71488464455e-06 2.61823080734e-06 3.54104985265e-06 1.92152715688e-05 1.68296755352e-05 1.4183227261e-06 1.61333046936e-05 5.18043082849e-06 1.71764068556e-06 6.44978506935e-06 3.95564983423e-06 2.98316444833e-06 3.78585345383e-06 3.6692761582e-06 1.82407819611e-06 4.96023540238e-06 2.35040638308e-06 2.39638502451e-06 3.60087403015e-06 1.49460182597e-06 2.56646315538e-06 2.74746862527e-06 1.32523732096e-06 3.09163634354e-06 8.40115061625e-07 3.55343581e-06 3.38611278413e-06 7.45994531276e-07 2.98327876505e-06 1.31760850695e-06 2.43669114844e-06 2.48196763576e-06 1.39514030451e-06 3.19928085523e-06 2.15811705386e-06 1.34630901506e-06 4.24280248176e-06 2.0431657255e-06 2.44740242363e-06 3.37308612204e-06 2.62374278674e-06 4.34765771905e-06 5.28347648927e-06 2.78896321213e-06 5.40001974127e-06 1.73955547277e-05 2.16316978558e-06 1.89292225584e-05 2.45169017109e-05 5.51196185264e-06 2.25475169564e-06 6.0453784167e-06 2.48738766638e-06 4.5079931535e-06 1.23424116122e-05 5.52423083875e-06 1.1337928186e-05 3.78998085128e-06 4.31158133381e-06 2.42260791603e-05 2.00527846196e-05 2.65386926503e-06 1.51102024714e-05 7.92333016111e-06 1.90649653492e-06 6.68060986315e-06 4.13616918527e-06 3.90178607624e-06 3.30309316174e-06 4.20243228661e-06 1.76477561696e-06 4.62583436955e-06 2.89390123057e-06 3.50258216028e-06 3.82469489393e-06 2.71761926126e-06 2.39237278718e-06 4.50312769508e-06 1.36595309627e-06 3.86409084117e-06 1.83196295847e-06 1.50640701314e-06 4.92726845622e-06 1.4351311382e-06 1.6705583203e-06 3.73576397594e-06 9.42971626938e-07 4.42622500501e-06 2.47150433422e-06 2.74332135332e-06 3.22524292565e-06 2.74460652531e-06 2.18092770069e-06 4.22622739119e-06 2.10109040409e-06 2.96396504026e-06 3.19217996305e-06 3.54518930514e-06 3.85418942052e-06 4.96845984343e-06 2.35499970798e-06 8.78215245347e-06 1.62763581422e-05 5.47868476636e-06 2.3078954469e-05 2.96014734296e-05 6.05204844928e-06 4.28343948735e-06 6.629410424e-06 2.09668455493e-06 4.26219793223e-06 6.95229281474e-06 1.53697108385e-05 4.79261594884e-06 5.8372325333e-06 2.58790812607e-05 2.18390691071e-05 3.1624615152e-06 1.45828163434e-05 7.53856499376e-06 2.50671088384e-06 6.20632724927e-06 5.61965720869e-06 4.25688848604e-06 5.21752400739e-06 5.3613125285e-06 2.12989492403e-06 5.51336178259e-06 2.67648241964e-06 3.32338449598e-06 4.29384310248e-06 1.13480807093e-06 6.01189240918e-06 1.48652633486e-06 1.23056362498e-06 4.74130332871e-06 3.28887727001e-07 4.7900885434e-06 1.36809100988e-06 1.22579607734e-06 4.80108632641e-06 3.54658479219e-07 4.03116799224e-06 1.35757684903e-06 1.05097193516e-06 5.63549179544e-06 8.42354716104e-07 3.56347295525e-06 2.61831762107e-06 2.07145027438e-06 4.83608000275e-06 2.40785800829e-06 3.96412419975e-06 5.14028302912e-06 3.88253543592e-06 5.11685172983e-06 5.73865260319e-06 3.43626338742e-06 8.53891230222e-06 1.60892547199e-05 6.06147201066e-06 2.3710127248e-05 3.14348472648e-05 8.02416285095e-06 5.80027073642e-06 8.46186640468e-06 1.53810648919e-06 2.25289202583e-05 1.67018457244e-05 3.5967929608e-06 7.34479708045e-06 2.98066234996e-05 2.02674633987e-05 3.16206325203e-06 1.63748308545e-05 7.60494821429e-06 3.10597430442e-06 5.75296342228e-06 4.73482858506e-06 3.74715800237e-06 4.43124182439e-06 4.80100571697e-06 2.45048820743e-06 3.85910683911e-06 2.00769990181e-06 2.49062807382e-06 4.47605691912e-06 9.99423551656e-07 3.12292042705e-06 4.81086148956e-06 3.22738909573e-07 6.97470976308e-06 9.8644662054e-07 2.38297786514e-06 5.37953159583e-06 3.81999544932e-07 5.71170462628e-06 1.95771678596e-06 1.21379247855e-06 6.23815789069e-06 3.54008402062e-07 4.88365921786e-06 2.14947337064e-06 1.19650758311e-06 3.08146960617e-06 1.64229909865e-06 1.41441171491e-06 3.35303235148e-06 2.33980707647e-06 3.02524863411e-06 4.34841731989e-06 3.21177041313e-06 3.52344635181e-06 4.61580446432e-06 3.62056731001e-06 8.22200481419e-06 1.70393497757e-05 5.0189951006e-06 2.00712275366e-05 3.54145311619e-05 9.23582690359e-06 3.84547830951e-06 9.24681024052e-06 3.09460697224e-06 0.000149204935477 3.79202360397e-06 1.17310130513e-05 4.04926242543e-05 2.72437155716e-05 3.71147425258e-06 2.15577703811e-05 9.25679749165e-06 3.36728760536e-06 5.45519934319e-06 6.80998007305e-06 4.00518794798e-06 5.46864534813e-06 5.46608046498e-06 3.22181430214e-06 5.05051424798e-06 2.20712340163e-06 3.49684017474e-06 7.25270186385e-06 1.75023976657e-06 6.47422393973e-06 3.58125602732e-06 1.46555127946e-06 3.36725380823e-06 1.69809461851e-06 3.96332190689e-06 2.65602692504e-06 1.61912428874e-06 1.69849608715e-06 2.38895882762e-06 3.75129207549e-06 1.62184561268e-06 2.88024411975e-06 1.44594779924e-06 3.05005161612e-06 5.63254501746e-06 1.58732447641e-06 5.88249879539e-06 2.46209579887e-06 2.07588410854e-06 4.22279044811e-06 2.23269279417e-06 4.12224672126e-06 4.82278674728e-06 3.13066354823e-06 5.04867487115e-06 4.72489430979e-06 3.02158321078e-06 9.04716941515e-06 2.15856177771e-05 5.27285702963e-06 2.85774455621e-05 4.14353187332e-05 1.19916581807e-05 2.3337107284e-06 1.61883797408e-05 8.42723553346e-05 1.92697173155e-05 6.03152678879e-05 3.77670210292e-05 6.80381904495e-06 2.43279556095e-05 1.17003147647e-05 4.942822705e-06 6.72718458162e-06 7.10511805628e-06 6.78643780574e-06 8.27332016629e-06 7.77110549278e-06 6.29340763954e-06 1.03141808811e-05 2.51536845512e-06 4.42334614208e-06 6.21346864894e-06 2.63472662163e-06 4.55619832712e-06 4.07089191148e-06 2.01726467028e-06 5.06283675534e-06 8.56309187986e-07 4.34147352579e-06 2.83951422469e-06 8.72617255029e-07 3.86872830536e-06 9.43965621534e-07 2.78304424862e-06 3.63180434264e-06 8.13216175258e-07 4.09237650261e-06 1.57093940902e-06 2.81659532251e-06 3.80266975629e-06 1.69632094219e-06 4.23190426634e-06 4.05206962496e-06 1.7774128409e-06 7.99542995968e-06 4.0483955443e-06 6.52996834392e-06 5.79251782896e-06 5.72829277531e-06 4.60619536395e-06 5.63593818499e-06 4.05490518128e-06 1.09675954963e-05 2.32930662907e-05 9.89858085342e-06 4.0737254502e-05 5.74580121747e-05 1.61016632315e-05 3.56160204096e-06 0.00034582781451 0.000211483663684 6.51093135102e-05 1.24704242851e-05 2.87768156373e-05 1.47946180759e-05 7.18345536988e-06 1.41958341991e-05 8.77566371675e-06 6.09708913314e-06 1.76633476865e-05 4.56593009336e-06 7.44966384637e-06 8.46084971414e-06 3.80056582997e-06 2.7247115229e-06 3.84345305387e-06 3.33557178939e-06 3.2314685335e-06 4.96030189807e-06 1.21847656835e-06 4.017325737e-06 1.72358782283e-06 2.56422667805e-06 3.1516487868e-06 1.26245705845e-06 2.22812912608e-06 2.40877530856e-06 1.13338450641e-06 2.85716720131e-06 2.17684963457e-06 1.17707565454e-06 3.1688013673e-06 9.23187334362e-07 3.24816634282e-06 2.30225725685e-06 1.70865855859e-06 2.57204808682e-06 1.65642761439e-06 2.2490540206e-06 4.83196861804e-06 5.07538892743e-06 3.29566448111e-06 1.31180464661e-05 3.98650999177e-06 6.03475951115e-06 1.23182094458e-05 5.58073078411e-06 1.29885284231e-05 2.41368451482e-05 1.53943191956e-05 5.59281597944e-05 8.17327667478e-05 2.62818703997e-05 0.00158253293046 0.00012205801323 3.67591581433e-05 0.000113886906336 2.04297841713e-05 7.19501252973e-06 2.24198099919e-05 8.89815697043e-06 6.71387114186e-06 1.10783184021e-05 7.54169063236e-06 3.37557065054e-06 7.78480023557e-06 3.59771733984e-06 4.18144507402e-06 4.96889476635e-06 2.76965809632e-06 4.86022478609e-06 5.24733794496e-06 3.16062152228e-06 4.38262961731e-06 1.87114243025e-06 6.44584641583e-06 2.68707746482e-06 2.02476829926e-06 4.44949721516e-06 2.30769298681e-06 4.52656507282e-06 1.69285982589e-06 2.44235907444e-06 4.86532877788e-06 1.33887423499e-06 3.27590520717e-06 1.92134829496e-06 3.16866044833e-06 2.81513403272e-06 1.52426530078e-06 2.58872227039e-06 1.84821537838e-06 1.66402512839e-06 3.24827598467e-06 1.62004060653e-06 3.64885774187e-06 6.15764805153e-06 3.43196832539e-06 5.30220997443e-06 1.59326103769e-05 4.50543565957e-06 1.46606454694e-05 3.43466688725e-05 2.07237252251e-05 7.29725728123e-05 0.000167599985188 0.00291654886545 0.000264157353281 0.000778158045309 0.000344007456443 0.000109525398825 0.000167946520478 0.000114566982661 8.36160931973e-05 8.12141497627e-05 4.84221720983e-05 4.30148816496e-05 3.92339033168e-05 2.79581566887e-05 2.06695678016e-05 3.40611324094e-05 8.89200880967e-06 2.79059639022e-05 1.82676339797e-05 7.89100854522e-06 2.25336460897e-05 6.68172900677e-06 8.83901153216e-06 2.13942391081e-05 1.86326820533e-06 1.65264848609e-05 5.38418515775e-06 5.39733389349e-06 1.47645337202e-05 1.58927032629e-06 1.53651225459e-05 6.50441668311e-06 4.08971352805e-06 1.32509409535e-05 4.04078042701e-06 8.85926802614e-06 1.09866171908e-05 3.29386015541e-06 1.11373067564e-05 6.30749465238e-06 6.6207028806e-06 9.55528984232e-06 8.29888663741e-06 8.62155200484e-06 1.24008276789e-05 1.01067188949e-05 1.10562837224e-05 1.88480495737e-05 7.5804394029e-06 2.63334466362e-05 8.87608086164e-05 3.23591740957e-05 0.000311391613954 



















































