
















































5.07850373641e-07 3.2566036536e-07 7.67128823724e-08 3.74415470301e-07 1.31830362069e-07 3.75866669888e-07 1.76274854451e-07 3.17505262462e-07 3.55887944495e-08 2.547201978e-08 3.51267901077e-07 1.4816269664e-07 1.49295715761e-08 2.70785781042e-07 1.01198716759e-07 1.46658938588e-07 3.54760637995e-08 1.52516150523e-07 3.82895583848e-08 1.53402409124e-07 3.51417019769e-08 1.48121745288e-07 1.03655240709e-07 2.77927458602e-07 1.60292498404e-08 1.57654607975e-07 3.74221083711e-07 2.844396612e-08 4.09410296278e-08 3.55661134964e-07 2.17522375179e-07 4.82795928738e-07 1.90556274958e-07 4.09546335072e-07 1.01562921683e-07 3.85491211695e-07 3.78006248835e-07 4.29652819756e-07 1.27173239688e-06 1.83321940472e-07 4.11725620886e-07 1.75854362593e-07 2.87710164558e-07 9.12753625475e-08 2.53369587034e-07 5.78478200599e-08 1.32024616944e-07 3.81869935056e-07 1.33582807233e-07 2.65859306386e-08 4.07222181819e-07 1.60951381702e-07 1.91048002784e-07 2.37603319548e-07 1.51690417129e-07 9.37542674374e-08 5.18328897971e-07 2.95269939548e-08 3.90468689887e-07 1.13871755939e-07 5.73861763894e-07 1.16434098048e-07 4.08197500753e-07 3.13090152543e-08 5.61565336854e-07 1.0210448725e-07 1.71732111846e-07 2.72103052636e-07 2.20657360189e-07 1.88483137486e-07 4.80798815684e-07 2.83972202329e-08 1.75501195268e-07 5.06258426065e-07 1.97640252912e-07 7.60629389605e-08 3.51583041717e-07 1.32592190937e-07 4.63065691763e-07 2.7673860165e-07 4.66700403131e-07 2.20896364985e-07 8.61905991701e-07 4.96079050428e-07 1.52110692787e-07 2.23824442482e-07 3.95859923612e-07 2.03997964294e-07 1.3226819205e-07 2.95045372537e-07 3.3207529062e-08 2.04389272759e-07 3.2406535105e-08 5.31880307987e-08 2.35169167242e-07 9.36969066478e-08 1.12891467846e-07 9.42866819863e-08 1.24028731592e-07 3.39003781096e-08 1.38055193723e-07 6.01404044215e-09 2.03193724017e-07 2.04738931779e-07 4.32736793899e-09 2.4760737528e-07 2.2732421301e-08 2.62774000813e-07 5.58686876082e-09 2.23572532635e-07 2.17386123442e-07 1.20076623492e-08 1.57414838036e-07 3.7390584681e-08 1.49219200786e-07 1.19562618603e-07 1.46384784718e-07 1.18994951063e-07 2.77537570461e-07 7.31257004024e-08 3.69702014126e-08 2.6373456739e-07 3.99678149697e-08 3.49197994839e-07 1.17493645312e-07 1.30852064774e-07 3.06531831687e-07 2.77385322582e-07 2.33084111717e-07 1.71996985934e-07 3.0177967312e-07 2.68571251433e-07 1.17753995828e-06 2.59136116417e-07 3.06940427231e-07 2.11804286111e-07 1.0676206293e-07 7.53298163744e-08 6.66431403999e-08 2.39888576877e-07 4.91055857174e-08 4.8365039872e-08 1.62833026618e-07 9.14051744541e-08 8.54048382249e-08 1.85116896085e-07 5.55773923431e-08 9.49789213504e-08 2.1679823329e-07 4.25328320169e-08 1.48236985978e-07 1.60091550588e-07 1.41632954238e-07 1.14246061516e-07 1.05140998937e-07 1.59326591424e-07 1.9116596096e-07 1.61998275412e-07 5.02306712028e-08 2.38111873963e-07 1.00323455706e-07 6.18456870035e-08 2.43582462391e-07 1.02167801143e-07 1.12540882899e-07 2.11187493084e-07 6.47665336329e-08 6.8294095237e-08 3.2443882673e-07 9.52169255024e-08 9.18148423421e-08 1.30515843383e-07 2.74145544992e-07 3.29852620265e-07 2.68005092084e-07 8.12507844055e-07 1.76798153054e-07 3.64721450608e-07 2.4969804175e-07 1.0345507149e-07 1.23892830376e-07 7.8235471845e-08 3.03288937338e-07 1.02567202598e-06 7.3491467213e-07 1.33084026247e-07 4.34693856539e-07 5.62836600021e-08 1.16871785989e-07 4.00872977209e-07 1.22816618544e-07 1.99763172076e-08 3.67220163421e-07 2.34082541771e-07 1.0907052693e-07 1.03413030508e-07 1.45981205314e-07 1.44320939324e-07 1.81253631983e-07 7.96120593453e-08 1.5693251042e-07 1.53094372476e-07 2.58497824578e-07 9.2113400711e-08 1.71302121445e-07 1.83554706413e-07 1.14116802061e-07 2.52955992069e-07 1.7891686228e-07 1.62760650878e-07 8.93728258139e-08 2.0136436151e-07 1.68924906062e-07 1.60606279582e-07 1.55072775875e-07 1.2646370529e-07 2.7284150414e-07 4.54932533868e-07 1.86862358349e-08 1.36005306242e-07 4.66551936917e-07 1.31538170762e-07 4.88389964581e-08 4.62489100426e-07 1.33033941838e-07 6.82811912943e-07 7.47347742818e-07 3.28014309278e-07 6.35807070426e-08 2.22427193607e-07 1.44645842409e-07 3.98974419393e-08 2.97782526456e-07 2.41338704904e-07 5.06574166052e-07 9.33524355081e-07 4.00184503377e-06 5.94431252734e-07 1.60361376683e-06 1.83356676024e-07 3.8558941382e-07 1.25003933238e-06 3.1761768201e-07 1.25211017738e-07 6.5439309308e-07 4.3973632964e-07 2.95666806939e-07 3.60747373866e-07 4.12094467647e-07 1.32237847026e-07 6.50395323013e-07 1.31604570766e-07 2.25600604626e-07 5.50538042619e-07 5.49914010287e-07 1.38305164829e-07 4.7534498768e-07 2.58970491152e-07 2.65217263276e-07 4.75870214281e-07 1.38154288072e-07 5.68469530081e-07 6.22366719258e-07 2.44233371506e-07 1.25546310063e-07 7.17448717239e-07 1.58968002174e-07 4.72738306934e-07 4.07403414196e-07 3.36558046867e-07 4.8851749739e-07 7.58932244327e-07 1.33222046032e-07 3.28477689747e-07 1.30877056089e-06 4.05002321546e-07 1.92477054063e-07 1.49640142749e-06 5.89714090953e-07 2.62700750942e-06 8.81572139765e-07 6.29204072292e-07 3.56577630134e-07 5.26067417063e-07 4.48900289402e-08 1.4983381066e-07 4.90622173892e-08 1.9267801073e-07 2.2917039977e-07 7.07107820797e-07 9.87755514315e-07 5.46848510284e-07 1.45818044707e-07 2.85929454615e-07 2.82194575776e-07 1.21700608986e-07 3.36977013501e-08 3.3565235106e-07 2.00920205787e-07 8.63648775986e-08 2.3063281308e-07 1.50518554708e-07 1.06675308467e-07 4.06110624918e-07 4.67456432607e-08 1.53035661103e-07 2.82532462989e-07 1.00024312702e-07 9.48333152843e-08 3.92023482358e-07 7.478487861e-08 2.64052730862e-07 2.46369243328e-07 7.56844654955e-08 3.80978044537e-07 8.52357428065e-08 1.18505572356e-07 3.24591706266e-07 1.28440889897e-07 5.73453330318e-08 4.36089613284e-07 1.07805914848e-07 1.4083353227e-07 2.6688067236e-07 9.18402506088e-08 1.77903262396e-07 3.62404568111e-07 1.72312118133e-08 1.31778629235e-07 2.95548963357e-07 1.99703350293e-07 1.98284776296e-07 3.00703047255e-07 7.56086647279e-07 7.22642220894e-07 2.59379325665e-07 3.17797402428e-07 9.14075868678e-08 2.87781910477e-07 2.86548232569e-07 1.63224828885e-07 2.44365356918e-07 4.57918893661e-07 1.362974969e-06 6.28349716679e-07 2.76753924753e-06 2.47750499186e-07 4.07765923153e-07 1.83029810082e-06 2.2777176219e-07 1.45030506521e-07 8.70582140548e-07 4.48089078488e-07 2.18196443656e-07 4.08082771809e-07 2.65412485606e-07 2.1482781972e-07 4.13906096413e-07 8.83812288482e-08 3.03767043973e-07 2.00329960164e-07 5.78795983784e-07 6.10327889225e-08 5.30925353252e-07 1.1655580393e-07 3.59381782012e-07 8.7123834912e-08 3.45347866153e-07 1.2943268967e-07 4.76938586761e-07 6.39434871697e-08 6.39371318617e-07 1.80528431327e-07 3.36245292976e-07 8.76212998557e-08 4.10171495789e-07 2.58647852375e-07 3.05157008242e-07 4.15145432841e-07 2.33258817067e-07 4.70692398329e-07 8.82871168038e-07 1.24757336509e-07 1.96280026231e-07 1.58520721758e-06 3.39992881234e-07 1.2297272627e-07 1.9056345477e-06 3.93236425361e-07 1.20955022262e-06 5.45944092369e-07 3.07522016312e-07 2.67269884511e-07 4.61429873087e-07 8.91961719064e-08 5.66776177391e-08 7.77206896005e-08 4.41723602979e-08 3.19639859472e-07 2.1513534016e-07 3.88682253416e-07 4.19228750969e-07 1.53282716229e-07 3.34892259822e-07 1.27114243705e-07 2.25899081272e-07 9.29701813045e-08 9.70379302706e-08 9.31659632956e-08 9.67333274441e-08 8.96060879753e-08 8.81206978593e-08 6.26329040251e-08 9.49310870601e-08 2.74460426188e-08 1.59143704323e-07 1.10784802468e-08 6.74234379189e-08 9.77961863319e-08 7.28810379298e-08 3.13835806546e-08 4.08478572795e-08 4.48539872769e-08 9.05103110764e-08 9.01212800719e-08 4.56811423042e-09 1.47319314776e-07 5.45358488611e-08 6.0524795243e-08 6.70805634124e-08 1.23425204058e-07 7.75024858972e-08 1.04425214593e-07 9.56708290783e-08 9.92489230438e-08 1.05042210663e-07 1.90913203431e-07 1.00288591002e-07 3.08979040226e-07 8.54396424494e-08 3.4394343111e-07 1.37328525803e-07 2.73166563343e-07 3.53157170344e-07 4.72292425442e-08 1.31904112157e-07 1.00938084421e-07 1.5556463685e-07 7.56381584449e-08 2.97191204631e-08 9.63645444311e-08 5.35208845739e-08 4.16923967291e-07 1.52550614236e-07 4.53821128582e-07 2.43261256245e-07 1.01146337028e-06 9.17131079836e-07 2.90872994014e-07 1.45853810493e-07 2.07199226165e-07 3.79569778985e-07 9.80349467867e-08 3.17111837032e-07 1.49408452277e-07 4.07834261528e-08 3.79584899051e-07 1.22980842018e-07 1.38314570938e-07 3.62008323221e-07 1.2649045075e-07 1.61712627547e-08 4.12562020662e-07 7.43909617765e-08 2.99671477592e-07 3.30384502727e-07 3.89690685307e-08 3.1468081317e-07 2.85273745774e-07 7.89798523917e-08 4.26699077919e-07 7.68023392483e-09 1.25036198958e-07 3.82188719289e-07 1.22871361605e-07 9.92216486813e-08 3.84186596254e-07 4.74245859739e-08 1.24039111096e-07 3.50835284414e-07 7.47153540402e-08 3.71827590606e-07 1.93040825467e-07 1.39807661427e-07 2.83891973791e-07 5.45255725527e-07 7.83773375067e-07 1.45797051792e-07 4.11367701887e-07 1.12169756855e-07 4.01502266711e-07 8.6713778624e-08 1.69665750183e-07 6.11190678651e-08 1.21371620401e-07 2.61200691903e-07 1.25091276159e-07 3.42055429277e-07 4.90727019904e-07 1.17430344669e-06 7.56247926403e-07 1.36003989014e-06 4.67317506382e-07 9.15582237996e-07 4.59851659919e-06 1.06589881617e-06 2.75789000097e-07 2.25972160144e-06 6.10655887724e-07 5.3498199991e-07 9.58881499792e-07 6.7237979566e-07 3.12279730198e-07 9.88235347707e-07 2.13427511134e-07 7.03646632851e-07 3.39728950031e-07 8.67793044237e-07 1.67798399168e-07 6.47343764029e-07 4.0001357451e-07 5.32169215531e-07 4.8327283671e-07 4.12846456066e-07 4.02278054958e-07 5.21684810524e-07 5.23038294309e-07 4.16284793425e-07 6.96324774272e-07 1.88213658767e-07 8.94557979407e-07 3.39127345655e-07 7.18781017038e-07 2.07469072378e-07 9.55524350359e-07 3.04132520824e-07 6.44868680977e-07 9.03937986697e-07 4.64316073026e-07 5.61089028475e-07 1.9335193768e-06 3.02673818475e-07 6.02623343175e-07 3.12939977791e-06 5.89737787928e-07 4.2181214549e-07 1.25903613243e-06 7.05542416432e-07 1.32711604309e-06 7.08546678516e-07 5.89125510007e-07 2.42623466911e-07 3.72915319925e-07 2.96930102278e-08 3.10070781562e-08 1.225185398e-07 1.3567371246e-07 2.94374451594e-07 1.42917117893e-07 4.23555491641e-07 1.34019522649e-07 3.90101319373e-07 8.48632456287e-07 9.24393781501e-07 1.21401863775e-07 4.87885887845e-07 5.50319914861e-07 1.25504986733e-08 3.69858483652e-07 2.27722919712e-07 4.88278755806e-08 4.30072358013e-07 1.45029786259e-08 1.68257968665e-07 3.58180147778e-07 2.26168362172e-07 6.36707959571e-08 2.06133220769e-07 9.14741853733e-08 2.25703821279e-07 8.36110279967e-08 1.52065420086e-07 3.21564576755e-07 1.436732302e-07 1.03947906266e-07 2.32058348001e-07 6.16285318431e-08 2.17001536935e-07 5.16204223529e-08 1.99086656736e-07 3.84880234668e-07 1.5323350153e-07 1.0804936601e-08 4.38709435172e-07 3.48387861007e-08 1.4628306601e-07 3.64612430876e-07 1.28918451743e-09 3.85197769935e-07 3.97632772785e-07 6.62667110195e-08 7.56353689815e-07 5.04382054827e-07 3.82477760416e-07 1.08661492465e-07 3.96268784464e-07 1.38097354057e-07 3.60993541474e-07 2.25516825423e-07 1.82234936259e-07 5.14255970251e-08 4.01354866266e-08 1.50538179628e-08 3.10926231737e-08 5.7698164212e-08 2.43708776151e-07 2.37858870722e-08 1.82722077071e-07 1.11610009178e-08 1.11383924061e-07 3.35490779067e-07 1.59248536546e-07 4.69814694248e-07 3.62776838273e-07 2.56219697609e-07 1.09229832662e-07 1.14176783632e-07 1.50292871776e-07 7.40903673162e-08 2.02170944105e-07 4.24039842228e-08 1.06483377444e-07 9.95043005456e-08 1.30807733411e-07 1.09290139165e-07 9.85773459968e-08 6.69621217199e-08 8.69404806324e-08 5.65159548318e-08 5.70550540422e-08 9.27492458167e-08 1.15523789303e-07 5.68171468161e-08 7.15774700167e-08 7.81214600323e-08 7.38187744898e-08 9.32404092806e-08 1.11221799307e-07 1.3759138224e-07 9.0341327815e-08 1.13639140393e-07 4.48528249548e-08 1.62221497829e-07 9.79294288384e-08 1.35052381127e-07 6.90408048423e-08 9.88420714537e-08 2.698165257e-07 1.82039951511e-07 3.77668442236e-07 6.33743129637e-08 3.77019453849e-07 1.23106250921e-07 2.87001548388e-09 1.90488730442e-07 1.8774567673e-08 2.97496938788e-07 7.61448220538e-08 3.84226938659e-08 2.68316397481e-08 2.63583228992e-07 4.53250053988e-07 2.94012490745e-07 8.8366586685e-07 4.90653944625e-07 7.63542681799e-07 3.13044786968e-07 5.53488959124e-07 2.00807836303e-06 6.03854407336e-07 3.51370823424e-07 4.33624264743e-06 1.66378670041e-06 5.55339451627e-07 1.98146143868e-06 5.84621634005e-07 4.59149365533e-07 1.64928035052e-06 2.58497802783e-07 6.27336179454e-07 5.43078822696e-07 9.13790809534e-07 2.69110968194e-07 7.6832196418e-07 4.67048701756e-07 5.79268752858e-07 3.93200659888e-07 5.15841935015e-07 3.53511176732e-07 1.12022392203e-06 3.47139961892e-07 5.43821277204e-07 3.81979294677e-07 5.56769462639e-07 4.53287889717e-07 7.08300041564e-07 2.92647969559e-07 8.50425469654e-07 5.58404364018e-07 5.4854740403e-07 2.58910460208e-07 1.44563429367e-06 4.39977485111e-07 4.73884804139e-07 1.65988472e-06 4.34601896067e-07 9.82175693765e-07 3.06709588287e-06 2.08666143291e-07 5.37092594516e-07 1.59779548997e-06 4.89244650099e-07 2.41531547487e-07 7.46714402517e-07 5.26276783507e-07 1.10218314087e-06 4.70077660692e-07 6.87381560384e-07 3.79194379021e-07 1.24401787435e-07 2.38694292888e-07 2.25637189263e-07 5.31764445548e-07 2.66750013675e-07 4.76097665366e-07 1.66117857478e-07 2.77102330222e-07 1.27417569494e-06 3.3301788456e-07 3.69235545793e-07 1.63053462833e-06 2.22985883114e-06 6.46462699142e-07 6.96147468582e-07 8.3730031846e-07 1.04551478432e-07 1.04584740112e-06 2.27741495762e-07 4.1386475154e-07 6.37619887805e-07 4.4518932723e-07 1.33166239837e-07 7.03310795142e-07 2.3451386417e-07 6.53217206146e-07 1.85668049539e-07 3.34955452323e-07 4.54540059352e-07 3.04829460241e-07 3.16721218411e-07 4.78665379631e-07 2.94353348536e-07 2.33194654773e-07 5.83785946141e-07 2.35776778834e-07 7.12439993344e-07 1.20413852886e-07 4.89259779963e-07 5.64043673247e-07 4.21981726251e-07 1.8622650564e-07 9.56582555574e-07 9.79666413419e-08 5.95834261536e-07 5.37323424413e-07 3.9730330923e-07 1.76550943734e-06 8.88140155275e-07 3.77604136402e-07 2.51566239586e-07 1.18695966386e-06 2.46629397898e-07 1.88601202808e-07 5.50444367618e-07 2.75703250162e-07 6.98539544488e-07 3.56528600366e-07 4.04796708742e-07 1.7627830324e-07 8.57687343374e-09 1.10378173632e-07 1.23220986027e-07 2.58244289032e-07 7.49255585808e-08 3.10098272218e-07 2.30225644832e-08 1.05168350983e-07 4.17087975215e-07 1.24689460735e-07 1.15823934889e-07 7.05792074625e-07 4.92390759385e-07 9.09226514304e-07 4.7810970429e-07 3.32224122222e-07 1.83484780595e-07 2.79295130418e-07 2.00422531603e-07 2.66517210177e-07 1.98582196555e-07 4.1001995742e-07 4.32314487613e-08 2.77520316036e-07 1.29663042089e-07 9.88683207444e-08 3.52054060427e-07 7.76312224606e-08 1.69122187535e-07 3.16839637373e-07 1.8352577447e-08 2.52218168605e-07 1.96740513056e-07 8.86608200598e-08 3.23553280745e-07 1.34171586013e-07 9.83929411182e-08 3.14271388171e-07 2.97785616402e-08 2.9828859145e-07 1.66855925895e-07 2.2274535014e-07 2.0565355351e-07 2.25825329346e-07 1.2860560331e-07 3.37617674701e-07 2.34534893801e-07 7.85446565723e-07 3.21556990632e-07 5.4834717488e-07 8.48638937192e-08 6.05500023965e-08 4.22156840647e-07 1.02406958052e-07 1.27516812709e-08 3.72532349165e-07 6.91904634023e-08 3.53586400707e-07 2.04885984909e-07 1.75534925103e-07 1.10774055856e-08 8.95056559844e-08 1.54455207207e-07 4.76894485086e-07 3.02475542511e-07 3.97699175122e-07 1.34035461451e-07 3.46629153794e-07 7.73672554825e-07 4.36541748223e-07 1.60993397005e-07 1.53890379815e-06 8.9009092805e-07 6.17175643041e-07 3.28932209327e-06 1.35113315973e-06 3.00333156216e-07 2.19220842941e-06 2.50896759285e-07 8.24577290506e-07 1.03009052693e-06 9.74407880557e-07 2.47572982005e-07 9.18988218779e-07 3.69668434283e-07 7.65688108221e-07 4.08242977394e-07 3.47541047754e-07 4.89189135408e-07 7.28383676517e-07 4.32218084572e-07 4.96369761013e-07 7.37976833534e-07 4.29619495914e-07 3.59537298714e-07 4.15523648623e-07 7.18579398855e-07 3.99819769915e-07 7.88542490476e-07 2.82679580844e-07 8.52374569862e-07 9.81335488005e-07 6.23480454949e-07 1.87896353221e-07 1.7921707683e-06 1.84302879293e-07 7.2935545059e-07 2.46209319467e-06 3.88786390502e-07 7.0534667872e-07 1.39684525233e-06 9.57154701648e-08 4.78837102004e-07 6.95815124195e-07 3.65081796671e-07 2.15995734063e-07 3.80830908491e-07 4.64454382242e-07 7.42578935367e-07 2.81853832065e-07 1.52053618724e-07 1.00039850464e-07 1.3730440163e-07 4.98025928688e-07 1.93322545912e-07 3.78009896284e-07 4.12388843716e-08 3.18168626157e-07 6.15355316423e-07 2.31685624702e-07 9.47351534786e-08 1.17340721632e-06 6.45511648938e-07 4.19746707e-07 1.29405250802e-06 2.2245233352e-06 5.56329295285e-07 1.17922893227e-06 3.41025910466e-07 4.58511012459e-07 7.21971181167e-07 1.02726425267e-06 2.40503988329e-07 8.541246486e-07 2.35983892395e-07 4.86023185361e-07 4.49546259894e-07 2.6884682871e-07 6.45094337129e-07 3.15975536591e-07 2.02188202494e-07 6.77780153651e-07 1.69853234843e-07 3.05081949182e-07 5.88785491609e-07 2.85386687429e-07 4.38165928894e-07 5.34121600484e-07 2.15988728799e-07 7.73786423923e-07 1.85349424738e-07 8.73281787465e-07 6.74464237354e-07 4.20393897612e-07 2.28410628718e-07 9.58640939561e-07 3.5489768932e-07 1.78595805115e-06 6.24925295335e-07 4.62311349867e-07 4.39536631051e-07 9.56353676866e-07 7.7552125481e-08 1.77590877652e-07 6.15757960285e-07 3.26289725165e-07 3.1545955638e-08 4.84960846134e-07 2.70833715587e-07 6.99640974115e-07 2.32630883082e-07 1.58784923321e-07 1.91957202043e-08 1.13973781686e-07 2.05839897611e-07 9.32461059623e-08 2.50589527514e-07 2.16163319927e-08 1.74928581732e-07 4.77723419259e-07 7.23567057904e-08 1.76902322753e-07 4.31688265552e-07 3.44887623791e-07 1.09759602214e-07 4.25675711054e-07 5.09608944899e-07 8.59291746182e-07 8.59427294429e-07 1.40226108674e-07 5.9772090682e-07 1.32516486443e-07 6.63483001138e-07 7.09999860325e-08 3.0983987569e-07 1.70855201254e-07 1.5524159012e-07 2.04310274579e-07 1.96272567931e-07 8.45200675219e-08 4.48686505388e-07 4.73589967489e-08 2.8175821915e-07 2.90535458597e-07 5.07530409296e-08 3.7513505748e-07 1.10033763724e-07 1.76587426384e-07 2.08195762749e-07 1.64764747534e-07 1.08897761399e-07 3.59798475199e-07 3.04515424193e-08 6.27580358362e-07 5.35593578673e-08 4.27153596446e-07 1.05637906803e-07 5.26889221053e-07 7.79813523607e-07 3.35094790036e-07 2.20483320464e-07 4.56274762531e-08 3.40543076946e-07 3.59413162345e-07 2.01937505049e-07 5.76507005705e-08 4.99846404691e-07 1.69438801455e-07 2.02683969902e-08 3.01327955571e-07 1.34598929292e-07 2.85630155086e-07 1.81230848779e-07 2.83003689449e-08 5.34445083635e-07 8.12908348796e-07 3.57118553929e-07 5.46834758466e-07 2.33410846201e-07 3.5180475888e-07 1.35697717477e-06 5.72312535297e-07 3.21239975947e-07 1.44290135956e-06 1.22237759029e-06 6.02264868682e-07 1.71828116396e-06 1.50566427331e-06 9.33929987357e-07 6.33896654116e-06 1.09014758431e-06 1.52297841389e-06 2.35693079417e-06 1.25204039032e-06 4.67091260239e-07 2.09013233467e-06 8.46625111567e-07 1.37138970271e-06 9.35673515963e-07 7.40076618741e-07 1.06021182111e-06 1.43197685313e-06 6.56566774486e-07 8.37582254562e-07 9.47498194567e-07 7.60165783263e-07 6.72925611927e-07 1.40661723469e-06 1.05645256411e-06 6.36085989415e-07 9.9256762048e-07 1.06337074085e-06 7.22286063604e-07 1.83120496635e-06 3.84895360572e-07 1.12211582992e-06 1.93506369962e-06 1.32903342449e-06 5.73736800763e-07 4.64429191501e-06 5.92453406631e-07 1.24843684345e-06 1.37569892987e-06 5.15860755347e-07 1.07468884695e-06 1.35485033545e-06 2.57981504197e-07 6.49749901455e-07 1.40613681236e-06 4.23697156302e-07 3.14268205142e-07 7.3774592002e-07 4.9196894607e-07 1.24412569195e-06 7.67864641923e-07 1.16576494e-07 2.24323080023e-07 8.19512847244e-08 2.43469037962e-07 5.29150431734e-08 2.24599161422e-07 2.65370653463e-07 1.13297737833e-07 1.05027662865e-07 2.8733305249e-07 2.83457857655e-07 1.05569509489e-07 4.10479804911e-07 2.3189668451e-07 1.90322206282e-07 8.99604640916e-07 8.2882122007e-07 6.23750102774e-07 3.14264113449e-07 9.39612215054e-07 1.26523211677e-07 5.23927117163e-07 2.21568995943e-07 3.95352156125e-07 3.49852544989e-07 1.97883142135e-07 3.31305366749e-07 4.70802213261e-07 9.43451332369e-08 5.87204705066e-07 1.54085200135e-07 1.37460465604e-07 6.34348859626e-07 7.26418535489e-08 4.02840677054e-07 3.56905775402e-07 1.64504151017e-07 3.45859548559e-07 3.40822509973e-07 1.95510886421e-07 4.99081677118e-07 1.14786419896e-07 7.0561771736e-07 2.28348696083e-07 3.9152115352e-07 7.68215101521e-07 5.48375867612e-07 1.5637722744e-07 1.39316856258e-07 3.71549840664e-07 9.37456241603e-08 2.55660119175e-07 2.88789295779e-07 1.58944615695e-07 1.22731024822e-07 2.60327404031e-07 2.99504920643e-07 6.17699819298e-08 2.88750108326e-07 1.36818617645e-07 3.24060221384e-07 1.5963124658e-07 2.49615689382e-08 5.22277962895e-07 2.18952749444e-07 3.67629722378e-07 9.69021712601e-08 1.59240464924e-07 6.70648840151e-07 2.16556465832e-07 4.00127717983e-08 1.10551699365e-06 3.59167565605e-07 2.60799437421e-07 8.36219673672e-07 8.64592699193e-07 4.43585094611e-07 1.97026131096e-06 5.04590605394e-07 3.00808987922e-06 1.27941517123e-06 1.64633782998e-06 6.59803850575e-07 8.97418560734e-07 6.20275721288e-07 1.23598674817e-06 6.22343842291e-07 5.03480399108e-07 7.03576375598e-07 8.01215184852e-07 4.5309385103e-07 5.21719214353e-07 7.33514585247e-07 4.30959172704e-07 6.19489754838e-07 5.59335148083e-07 4.00402371941e-07 7.55908495465e-07 6.3920309131e-07 3.85699983278e-07 5.72868960531e-07 1.03595829939e-06 5.59410780202e-07 7.95068551174e-07 5.43446807365e-07 1.53288472151e-06 7.19246338465e-07 2.50330314102e-06 2.57628700693e-07 1.71247379628e-06 3.04289630894e-07 8.26112039683e-07 6.40468183945e-07 2.72050287585e-07 3.24770597666e-07 1.15218881107e-06 1.86964389791e-08 2.34377414583e-07 8.01997339617e-07 2.18680249768e-07 1.18193915738e-07 5.1982673975e-07 3.79054972255e-07 8.84772793694e-07 3.38938723446e-08 6.90291767808e-09 6.13193313261e-07 1.08434135994e-07 5.05620382381e-07 5.39399398324e-08 3.96752522103e-07 6.43254711974e-07 2.52356484687e-07 9.88837695044e-08 8.85681950527e-07 6.96961282832e-07 3.19849197631e-07 1.03209955084e-06 9.8415446651e-07 3.95833376235e-07 1.97224235669e-06 4.13834074388e-07 1.37817007019e-06 3.99021025976e-06 2.8045590297e-06 4.81812658069e-07 3.01890280592e-06 4.22215642131e-07 1.81026236606e-06 1.12722620134e-06 6.71933634107e-07 1.05346697864e-06 1.26647053548e-06 5.58656563909e-07 1.08572115354e-06 8.62054126601e-07 5.30734581343e-07 4.65622792873e-07 8.63470372904e-07 1.00521835487e-06 4.88663616825e-07 1.26805661571e-06 1.01346474192e-06 6.50885962215e-07 1.0901341822e-06 1.49032564576e-06 3.54558106275e-07 2.62220092091e-06 3.98429973543e-07 1.59692910138e-06 3.12960721851e-06 8.81116136508e-07 3.07913022255e-07 1.60099280847e-06 2.46651796351e-07 8.40349740087e-07 8.93058239496e-07 3.30048173692e-07 7.2550428829e-07 8.40189427343e-07 1.61348935554e-07 2.45162808443e-07 8.26298492619e-07 4.85281056213e-07 7.2624919466e-08 7.85562230972e-07 1.79553230202e-07 8.80048657258e-07 8.96513713273e-09 7.14722588029e-07 2.24852896604e-07 7.0494845738e-07 1.3371589066e-07 2.79338500357e-07 1.05557334044e-06 2.87152093405e-07 7.36809965761e-08 1.14187937442e-06 7.73531034269e-07 4.32062870229e-07 1.02211919501e-06 1.20233477514e-06 4.60691809979e-07 2.96753694113e-06 6.29449004679e-07 2.19244835002e-06 2.41394549097e-06 5.68599875122e-06 8.69326345693e-07 2.38181150413e-06 1.61190432445e-06 1.34028583076e-06 1.33715060116e-06 1.10378479308e-06 1.20472968085e-06 1.75408868071e-06 7.37706998565e-07 1.25536730288e-06 1.39285686916e-06 6.41601221852e-07 1.62185461571e-06 6.53704127439e-07 1.24872920886e-06 1.19132765499e-06 7.28081490436e-07 1.42887591632e-06 1.10942000101e-06 8.54023133473e-07 1.19901725797e-06 1.19021782676e-06 1.18258256941e-06 1.88664902259e-06 5.25756943227e-07 4.5479666023e-06 1.29560296967e-06 2.00186228991e-06 4.39911437657e-07 2.61037429815e-06 3.95848461741e-07 1.19327772262e-06 1.01069202423e-06 4.04350317868e-07 7.22948055149e-07 1.22980184994e-06 4.67517527093e-08 3.52234211414e-07 1.33865843638e-06 3.34610500043e-07 2.10613970439e-07 9.43605280193e-07 4.08882417783e-07 1.10906661145e-06 1.40291287838e-07 5.34993805058e-08 1.84653265336e-07 3.33476561513e-08 5.92769011564e-08 2.63222137483e-07 2.03779781864e-07 1.58278444172e-08 3.68960564996e-07 2.14448611834e-07 1.00627837661e-07 4.6365961045e-07 1.54516940152e-07 5.78589221191e-08 5.23776922842e-07 2.29520715092e-07 5.43553319534e-07 6.11797989725e-07 7.43546367729e-07 9.03197634003e-07 7.23003650027e-07 2.56214530821e-07 7.70912633578e-07 1.35546099583e-07 3.38788437906e-07 2.99078575966e-07 3.43273211649e-07 1.35594658156e-07 2.24696068836e-07 3.0095409907e-07 1.41234384529e-07 1.61241882215e-07 2.3890337677e-07 1.00443027693e-07 3.13945306438e-07 2.16147370015e-07 7.38090261433e-08 4.30500961712e-07 1.53499771587e-07 3.36530715102e-07 7.11641243944e-08 5.0085970036e-07 3.27961005324e-07 3.76359170896e-07 8.46653719386e-07 4.79950435947e-07 5.24822859256e-07 4.36354478428e-07 2.54840394683e-07 4.6290260586e-07 3.29192954037e-08 9.24876790098e-08 5.14624304008e-07 8.35602793958e-08 2.04005117736e-07 4.02225829002e-07 9.83778731826e-09 2.51373792258e-07 3.05433594145e-07 5.55425190167e-08 7.60958365152e-08 2.38025903657e-07 8.08758648997e-08 2.14522539466e-07 4.17843542901e-07 2.72920950741e-07 8.34160383424e-07 1.04942513483e-07 3.49101078542e-07 8.47720392711e-07 5.08870736966e-07 2.73824232312e-07 9.08073717162e-07 1.07985206815e-06 4.44850503567e-07 1.2439553515e-06 1.20503047591e-06 4.63409015689e-07 1.94846709009e-06 6.28264100406e-07 1.7543372018e-06 2.46981494069e-06 2.93724418731e-06 9.26701508815e-07 6.8583555599e-06 1.91074333096e-06 2.35181537499e-06 2.61203067806e-06 7.06392260771e-07 2.38073679468e-06 2.79567266262e-06 9.04642659396e-07 2.04763027555e-06 1.2617039159e-06 9.27908803619e-07 2.09161822637e-06 1.15192358321e-06 2.09801435371e-06 8.40366366502e-07 1.29158617234e-06 1.91494004402e-06 8.08287279134e-07 2.44608894272e-06 2.24840045407e-06 6.23171526961e-07 2.23946407165e-06 2.0568379666e-06 1.0573686815e-06 5.35941190105e-06 5.78125912923e-07 2.43190202129e-06 2.19247052313e-06 1.53355614357e-06 5.58946420975e-07 1.6710535328e-06 4.73559390631e-07 1.27532809102e-06 1.05905090963e-06 4.77941599439e-07 1.18194243524e-06 9.97896397049e-07 3.6533022926e-07 5.34954344233e-07 1.15482837057e-06 4.92702926595e-07 1.60066448948e-07 1.14375789138e-06 4.4547629096e-07 5.71235476254e-07 1.98768897083e-07 3.47252222664e-07 3.30476371501e-08 1.59423519144e-07 5.39491567125e-07 1.54839047928e-07 7.69779620864e-08 6.02660519477e-07 3.10727529706e-07 1.649180155e-07 4.83341690121e-07 3.49725525835e-07 1.53109910931e-07 8.02660501894e-07 3.17350687759e-07 6.23456059174e-07 1.07229037371e-06 1.26285447266e-06 3.97113957202e-07 1.61926556144e-06 1.98566494398e-06 1.67877993613e-06 7.51792923156e-07 9.6453862802e-07 4.37297264379e-07 1.27890164361e-06 5.64057668522e-07 5.98582701502e-07 7.77646270144e-07 4.04316359513e-07 7.38694033925e-07 5.10671174947e-07 4.70216859151e-07 7.33757604845e-07 3.88884884953e-07 6.92827565877e-07 5.8476699042e-07 5.1311069809e-07 1.18027306342e-06 3.16171413747e-07 6.49120734777e-07 5.93516810555e-07 1.0664378834e-06 1.85951997811e-06 8.39788977681e-07 4.880845881e-07 9.15267172376e-07 9.44684357468e-07 4.80030445525e-07 2.80483905552e-07 7.44604712374e-07 9.57561356396e-08 2.82408496414e-07 5.56802111858e-07 1.95309435546e-07 3.60029013199e-07 6.31068882151e-07 8.044662567e-08 1.97498661601e-07 7.33195644886e-07 2.44126276437e-07 4.18457284896e-08 5.43482327919e-07 3.02584033993e-07 2.44719703437e-07 6.09226049558e-07 1.13062720681e-07 2.68697792666e-07 8.36136084096e-07 3.02324379236e-07 1.0354199036e-07 9.86268899963e-07 7.7568566361e-07 1.54784588909e-07 9.84318335139e-07 5.35159071151e-07 4.45373775305e-07 1.9212094545e-06 5.82162403937e-07 1.33211269863e-06 1.64638743499e-06 2.59640801215e-06 7.2480616607e-07 3.03628936719e-06 1.51686483047e-06 5.93388697418e-06 2.02144116666e-06 1.38237136546e-06 2.68576751125e-06 1.47151202968e-06 1.32081375919e-06 2.00410061532e-06 1.46032051546e-06 8.14101357736e-07 1.43147803622e-06 1.1693166234e-06 1.20726273559e-06 1.13770118549e-06 1.36384597975e-06 7.39752044544e-07 1.49599445563e-06 1.65532060198e-06 1.1471951367e-06 1.40130502123e-06 1.96950816298e-06 1.32788933372e-06 1.15957123396e-06 4.84962792556e-06 9.53145015742e-07 2.6838493538e-06 5.09920383409e-07 2.34030002462e-06 1.42432784183e-06 1.29161341948e-06 5.43626673639e-07 1.7127383679e-06 5.07248466589e-07 5.63705396916e-07 1.02019830576e-06 1.50284207636e-07 8.53899241152e-07 1.13446391166e-06 8.92919988804e-08 4.07756778464e-07 1.15231069888e-06 4.25702108596e-07 1.95407908631e-07 9.51281174944e-07 3.29292906394e-07 1.28503320633e-07 2.08215194429e-07 7.45240231266e-08 1.35776217416e-07 7.75439484481e-07 1.97517870947e-07 6.18766040256e-08 5.60916472091e-07 5.38389562162e-07 3.09453165324e-07 5.42836651626e-07 5.54821418739e-07 2.80062766648e-07 1.26266861582e-06 3.77199316883e-07 8.63692263437e-07 1.02954577923e-06 1.5057919851e-06 4.20258992176e-07 1.88113880694e-06 9.23756976883e-07 2.27294388593e-06 3.28094432944e-06 1.65247542801e-06 1.39409802576e-06 2.80854082199e-06 4.57821903783e-07 1.65433187826e-06 1.46465694225e-06 6.21671554175e-07 1.61117848156e-06 8.32800785827e-07 1.23171204924e-06 1.18813888876e-06 9.03160323253e-07 1.57662025856e-06 5.60548616991e-07 1.25351669597e-06 1.50070535699e-06 4.40836675617e-07 2.2039904791e-06 1.24577905935e-06 9.62446851097e-07 2.96747038848e-06 1.41190882722e-06 8.08024483581e-07 1.64714689295e-06 2.87988891989e-07 1.23260866496e-06 9.77272729106e-07 7.33123725817e-07 2.83994621293e-07 1.23816698981e-06 2.33266571667e-07 5.83832055836e-07 5.53169090764e-07 4.03609719546e-07 7.03413795193e-07 6.3590493592e-07 7.08171942326e-08 2.78210185142e-07 1.08807737895e-06 1.91614161656e-07 1.13409133805e-07 2.77941113099e-07 1.66342436087e-07 1.25856780322e-07 9.98887485907e-08 1.31051394263e-07 5.3860573203e-07 1.90941001013e-07 4.63417899145e-08 4.88808738005e-07 3.61864679207e-07 2.11241816587e-07 5.68350424553e-07 3.41177937179e-07 2.81320997546e-07 9.80526393305e-07 2.8418152296e-07 8.13116123954e-07 5.69885822435e-07 1.13093593758e-06 3.19364641365e-07 1.8215527408e-06 8.10689982739e-07 1.71555590617e-06 1.05287555696e-06 2.77669277052e-06 1.45325789073e-06 1.65683149939e-06 1.32484249362e-06 9.5173715087e-07 1.2351014875e-06 7.79089900179e-07 8.82947246432e-07 6.90926372088e-07 1.02031818811e-06 7.91013488131e-07 1.01565563139e-06 6.59192127523e-07 8.25530285998e-07 6.40797606721e-07 1.19959295121e-06 8.29091179317e-07 1.12221031572e-06 1.65505258759e-06 8.73696646038e-07 2.60094584828e-06 5.67480017806e-07 1.64256865559e-06 5.07696683568e-07 1.4045850812e-06 3.06620832256e-07 1.01128026407e-06 5.18984689248e-07 8.20602534808e-07 2.62958854368e-07 8.80379045581e-07 2.52300062409e-07 4.02116180538e-07 6.51662079912e-07 2.94589679526e-07 3.7674689594e-07 6.28988450864e-07 4.38814529602e-08 3.20198425698e-07 7.75522127465e-07 2.17171322402e-07 1.4885614829e-07 1.88622930417e-07 1.90455292929e-07 2.46920758742e-07 2.97136802938e-07 9.2625506117e-07 1.78000332386e-07 5.8762399393e-08 9.37972862234e-07 6.4765214658e-07 3.05514248128e-07 7.97131691195e-07 8.59841998334e-07 2.86767542336e-07 1.64794189704e-06 3.51628457472e-07 1.23394179608e-06 1.09653801269e-06 1.7584554083e-06 3.39118974512e-07 2.32371047621e-06 9.59060305321e-07 1.9570656631e-06 1.89249738601e-06 1.60403345295e-06 5.39207362898e-06 3.70506442262e-06 1.06693141003e-06 3.83726360591e-06 1.2394825191e-06 1.43640551056e-06 2.219561368e-06 1.32542003462e-06 2.09258223567e-06 1.33871930758e-06 1.42442952401e-06 1.86710074982e-06 1.21811614213e-06 2.25309898159e-06 1.17950703002e-06 1.10576162995e-06 3.30194051205e-06 9.65152378434e-07 2.33127780469e-06 4.6103025788e-06 1.03283698827e-06 1.67870755331e-06 1.62906819003e-06 7.7388340772e-07 2.21490561935e-06 1.81195583881e-07 1.56466568063e-06 1.02716374244e-06 1.19464378952e-06 3.5083090459e-07 1.63895521067e-06 3.43102040343e-07 9.08975505525e-07 8.14732270559e-07 3.75844591385e-07 8.17305989211e-07 1.12366514106e-06 8.85650888842e-08 2.74424738003e-07 1.27344150894e-06 4.10062963855e-07 3.14195480145e-07 2.49021775578e-07 4.67869546447e-09 3.70345391819e-07 1.10914676823e-06 2.7409933474e-07 1.21298564175e-07 1.19551537593e-06 8.00713793826e-07 4.4113157671e-07 9.57095738114e-07 8.78154537965e-07 4.44071046246e-07 1.47039604183e-06 4.68419865391e-07 1.19890095365e-06 1.46428370313e-06 2.45093597433e-06 4.40626183348e-07 2.6893154806e-06 9.98051378434e-07 3.01643432572e-06 1.99957054969e-06 2.21088656945e-06 3.49948739019e-06 6.8218122712e-06 2.25357508961e-06 2.83223474141e-06 3.66476894971e-06 1.10124849411e-06 2.8668700557e-06 2.09635816075e-06 2.19769710477e-06 2.04492837829e-06 1.96616606022e-06 1.96162956436e-06 2.10468939521e-06 1.95395359493e-06 2.70054706462e-06 1.0375671075e-06 3.08119236914e-06 2.31446338726e-06 1.55499683168e-06 6.06971004582e-06 2.09151251567e-06 2.15306008633e-06 1.52978618519e-06 2.82486884539e-06 8.14698267787e-07 2.35688440775e-06 3.97587009076e-07 2.29494015842e-06 1.41800193497e-06 1.1896974962e-06 5.59474655877e-07 1.48101123344e-06 5.301933351e-07 9.06794499353e-07 9.96236152651e-07 4.64254780399e-07 9.51554806951e-07 1.46534391204e-06 1.57405329388e-07 3.99100956154e-07 1.64331069832e-06 4.97118875325e-07 5.78021666878e-09 5.62887889552e-08 4.76509924961e-07 1.61743687725e-07 5.30764585146e-08 5.40007366774e-07 2.92682807261e-07 8.75618278254e-08 4.37755136091e-07 3.82665063452e-07 2.39440978267e-07 9.83053149139e-07 1.88925185903e-07 6.10715115189e-07 7.48627573201e-07 9.22442713043e-07 1.38596043416e-07 1.05872739604e-06 5.78931578093e-07 1.15261712315e-06 1.16608237299e-06 1.10047987831e-06 1.59320796215e-06 2.0898703102e-06 2.51919083982e-06 2.01060550427e-06 1.1113759135e-06 1.41852723515e-06 8.70113975267e-07 1.15130337102e-06 1.51067824678e-06 8.93293194603e-07 9.1078940533e-07 9.31642980596e-07 8.58921008106e-07 1.29906421578e-06 1.13662193377e-06 7.59778811371e-07 1.09174312747e-06 1.04376595815e-06 1.36015615072e-06 2.49687384834e-06 1.42466959056e-06 1.35525672025e-06 9.78633483339e-07 9.79776549362e-07 9.24174842769e-07 5.76871407868e-07 9.43762129002e-07 1.19556689921e-07 7.7701652687e-07 7.43249260223e-07 5.70768303229e-07 1.78303068939e-07 9.94105335828e-07 2.70220326146e-07 3.90472143015e-07 4.80622604737e-07 1.05424668769e-07 3.56732777255e-07 6.56740061764e-07 6.29070608074e-08 2.33814305519e-07 7.24754478228e-07 7.84801819872e-08 7.7923196722e-07 5.17718546057e-07 1.1810141702e-07 1.17423836575e-06 6.844502899e-07 4.61092588943e-07 8.19696564947e-07 7.22076341724e-07 3.40710778778e-07 1.93221250566e-06 4.05566271595e-07 7.74684386653e-07 1.50302363997e-06 1.85142429624e-06 3.93286889039e-07 2.76401590809e-06 1.07673723078e-06 2.18107227129e-06 2.0354544238e-06 1.89717637505e-06 3.04983045536e-06 3.46668203287e-06 2.07192488534e-06 7.45497760678e-06 3.47944160064e-06 1.63417489522e-06 4.52600805149e-06 1.08694297415e-06 3.67418042394e-06 2.6638591898e-06 1.9249312071e-06 2.49045512222e-06 1.77734627629e-06 2.66532345963e-06 3.35678735429e-06 1.06452671119e-06 4.10430794918e-06 1.51185112735e-06 2.18886859158e-06 6.42043751017e-06 1.39766368251e-06 2.93355723119e-06 2.77790638183e-06 1.69586605173e-06 1.87143446438e-06 1.88932608279e-06 9.61386574933e-07 2.62562468399e-06 4.28578915867e-07 1.89002584048e-06 1.4779060392e-06 8.46426306832e-07 3.29605883934e-07 2.02568299126e-06 3.16979545571e-07 7.88192472426e-07 8.61942883708e-07 5.81764127046e-07 8.81652909048e-07 1.45409615201e-06 1.62527380703e-07 6.81346389571e-07 1.06238043166e-06 2.13794984745e-07 1.5413535741e-07 9.5837910962e-07 4.41698938062e-07 3.22697037692e-07 7.20385439754e-07 4.73435860758e-07 2.8080937166e-07 1.25157201397e-06 3.01456560721e-07 1.07819083504e-06 8.89778286737e-07 1.61607266136e-06 3.10244967032e-07 1.88730134524e-06 9.48581156011e-07 1.47907724325e-06 1.406599671e-06 1.19090815333e-06 2.78022131378e-06 2.9589396882e-06 1.3825091444e-06 3.2951440921e-06 4.48186664345e-06 1.99941084358e-06 2.13377296333e-06 2.79958536453e-06 1.53265433629e-06 1.9995827167e-06 2.61394717062e-06 1.52357730932e-06 1.67726752428e-06 2.41073582193e-06 1.85085220494e-06 1.45845088121e-06 2.24764358582e-06 1.91132004367e-06 1.29653898859e-06 4.38057032929e-06 2.07562293334e-06 1.3161258125e-06 2.46229451978e-06 2.52844067027e-06 9.95251787576e-07 1.13017883927e-06 1.48872085018e-06 9.3635812397e-07 1.78497199049e-06 2.95856284297e-07 1.62488337835e-06 7.82235762443e-07 1.18180271064e-06 2.91210319565e-07 1.4277563398e-06 3.27141765987e-07 5.18296096563e-07 8.80124798837e-07 4.0719615427e-07 5.88780205213e-07 1.24949360727e-06 2.25892903075e-07 2.92686918907e-07 1.26429290175e-07 7.6425762475e-07 3.46424183845e-07 1.68386204315e-07 5.80750779804e-07 5.02549004055e-07 2.8089788555e-07 9.2192653519e-07 2.19988951317e-07 5.1981050016e-07 9.49427580627e-07 8.45313104925e-07 2.31411719185e-07 1.32576214428e-06 5.00467563175e-07 1.57730056015e-06 8.26994340236e-07 9.20454909489e-07 1.45263871453e-06 2.29938114118e-06 1.09154979553e-06 2.33113487363e-06 1.70110264304e-06 3.49762461527e-06 2.28204831099e-06 1.38209003557e-06 3.00602925622e-06 9.2402337044e-07 1.88613292156e-06 1.80619025096e-06 1.34854662436e-06 1.80580980444e-06 1.80752433062e-06 9.67480567457e-07 2.42316533554e-06 1.42470317288e-06 1.47616492567e-06 3.40436816313e-06 1.07436983162e-06 2.10202403428e-06 9.11851470903e-07 2.18265530322e-06 1.15862080107e-06 8.97913457886e-07 6.20165658966e-07 1.6394333553e-06 3.98166083277e-07 1.40770071007e-06 1.80598204929e-07 7.91880429694e-07 9.93742453837e-07 4.97555433595e-07 2.10575598395e-07 9.30223179915e-07 2.66940819665e-07 5.4195129729e-07 6.87957444357e-07 2.36530827287e-07 5.35990009068e-07 1.12044983412e-06 1.74508011898e-07 2.08616095032e-06 7.70855619219e-07 2.41167893933e-07 1.02546710989e-06 8.67314423339e-07 5.05977346302e-07 1.92292377824e-06 3.70658915738e-07 1.04475768374e-06 1.33538709996e-06 2.26142534659e-06 5.11945656668e-07 2.26883868523e-06 1.10899517198e-06 2.07353014806e-06 1.89505954514e-06 1.12627370197e-06 2.19347451451e-06 3.16052874432e-06 1.65035498989e-06 4.04247583839e-06 2.63432875129e-06 2.42434761312e-06 8.25359987987e-06 4.00006943546e-06 3.62201425893e-06 4.26454845625e-06 1.71533320731e-06 3.82575657228e-06 3.53938604324e-06 3.49606185873e-06 3.77010974985e-06 1.61680040007e-06 3.72885022785e-06 3.48083495669e-06 2.54051301395e-06 7.3581513237e-06 1.70426619604e-06 2.43007402328e-06 3.58725128072e-06 1.42802788392e-06 2.86000476291e-06 2.06475491201e-06 9.71444994849e-07 1.90979445076e-06 1.92682038931e-06 1.18163292643e-06 1.89948788274e-06 5.53900494519e-07 2.29133602179e-06 1.21706066975e-06 1.27625193924e-06 3.37804243344e-07 2.11592987244e-06 5.37234896516e-07 9.73117995157e-07 1.26125726803e-06 2.94302400626e-07 1.02678862616e-06 3.53214911064e-06 1.2389030822e-06 2.52967738153e-07 8.97718923911e-07 4.04909344492e-07 2.10848189914e-07 1.15239176658e-06 2.70033560553e-07 8.77553013277e-07 8.37116053035e-07 1.33176178496e-06 3.43823813057e-07 1.36061614324e-06 5.90784784432e-07 1.32674306466e-06 1.05160998966e-06 1.040669085e-06 1.44356291473e-06 2.3048828531e-06 1.0436192339e-06 2.77375479575e-06 1.93210325959e-06 1.89929237793e-06 3.13149697281e-06 5.06432812513e-06 3.59926267678e-06 1.81459900621e-06 3.87330776637e-06 1.55658438206e-06 2.48940304915e-06 3.67993183124e-06 2.32955997494e-06 1.56683867941e-06 3.39135978919e-06 1.79048054169e-06 2.48149589723e-06 4.82208838631e-06 1.90417805045e-06 2.04219353391e-06 1.61797234077e-06 2.51840530429e-06 9.2007440952e-07 2.21624340061e-06 1.33802281619e-06 9.72776763305e-07 8.82030213726e-07 1.39709003044e-06 4.20729307598e-07 1.5673390903e-06 2.75942332165e-07 1.40002244278e-06 9.13223153086e-07 9.19448197054e-07 3.20065840382e-07 1.25410794802e-06 2.0312627378e-07 4.97848537726e-07 1.15446037612e-06 3.29972625218e-07 1.81421396601e-06 1.22172566316e-06 1.70533946044e-06 8.02052792513e-07 5.65939480549e-07 1.79741540736e-06 4.23933435516e-07 1.22171112266e-06 1.33096368162e-06 1.71602324881e-06 5.23718665578e-07 2.56608492385e-06 9.24287682121e-07 2.37454215322e-06 1.3770980507e-06 1.45944289521e-06 2.66971332838e-06 2.85356147024e-06 1.633463154e-06 3.58319359123e-06 3.1488434652e-06 2.76838985759e-06 4.72906234028e-06 3.56249295565e-06 9.14479869599e-06 4.24097838155e-06 3.00954838212e-06 5.62635601798e-06 1.889823643e-06 4.9257959256e-06 4.70736651254e-06 1.96511219231e-06 5.47897600624e-06 2.87255478192e-06 2.93907950492e-06 8.30849590758e-06 2.57768602008e-06 4.54873452968e-06 2.29588672194e-06 2.95298232586e-06 3.18167618793e-06 1.53624716092e-06 2.66638051356e-06 2.35979206907e-06 1.43410922264e-06 1.35658320341e-06 2.31794352072e-06 1.03720438516e-06 2.37623765311e-06 5.26725915224e-07 1.91671653525e-06 1.31829625408e-06 1.34385193326e-06 4.47042570504e-07 2.04830912997e-06 6.44724271761e-07 9.77031856317e-07 2.05627564827e-06 1.87696723293e-06 2.72896153044e-06 5.44161542894e-07 2.99810465532e-07 1.22553827481e-06 3.73555965565e-07 8.43098605726e-07 1.00014398313e-06 1.44565465588e-06 3.69215665915e-07 1.73871954392e-06 7.99769250377e-07 1.40283970349e-06 1.28632722325e-06 1.03369935811e-06 1.76729152994e-06 2.61860157102e-06 9.80622329069e-07 2.75371880027e-06 1.73312531769e-06 2.09585552973e-06 3.35393102153e-06 2.4501351774e-06 4.01605290953e-06 5.19378738804e-06 3.76665336991e-06 2.62434227167e-06 3.94647653595e-06 2.37518444266e-06 3.24117785453e-06 2.3706286978e-06 3.52942658383e-06 2.50653815289e-06 2.6628698796e-06 5.28374854395e-06 2.7331956909e-06 2.41966508302e-06 2.80071793395e-06 2.07916487766e-06 1.45090185539e-06 2.66848679409e-06 8.99196177418e-07 2.44569489487e-06 1.70786803595e-06 9.41224615182e-07 1.36148179126e-06 1.38006741776e-06 7.27763415582e-07 1.64786775461e-06 4.54101279656e-07 1.56164653088e-06 9.68815017846e-07 1.02806770871e-06 3.95667386043e-07 1.47064130199e-06 3.12889888233e-07 6.90849190746e-07 4.37830821013e-06 2.48780668766e-06 3.1257004091e-07 1.44520974046e-06 4.38024077076e-07 9.85766361595e-07 1.29769092132e-06 1.48001164037e-06 4.03809995791e-07 1.81486240636e-06 8.05866146637e-07 1.84371418431e-06 1.11173734752e-06 1.27585091933e-06 1.84656727788e-06 2.31380059334e-06 1.51735034169e-06 2.1554907817e-06 2.24665087719e-06 1.7908146257e-06 3.87549540802e-06 2.75850974002e-06 3.939896685e-06 2.9455872655e-06 7.31022522405e-06 3.67815508889e-06 2.73980207452e-06 5.78168528788e-06 2.26890346787e-06 2.33031357633e-06 5.22836890733e-06 2.75528861175e-06 2.57120554703e-06 6.92303201022e-06 2.13980870932e-06 3.71961405791e-06 2.60236545388e-06 3.4687657164e-06 1.53668931081e-06 2.21505882785e-06 1.91658968565e-06 1.51013165243e-06 2.09249339192e-06 1.87516141628e-06 1.24713815698e-06 1.09431542601e-06 1.80456964179e-06 7.08910599233e-07 1.93660990078e-06 4.51031987371e-07 1.49220725237e-06 1.42032139177e-06 1.06376750663e-06 4.86143024024e-07 1.69315556914e-06 4.01430154911e-07 3.71520459375e-06 1.99612284595e-06 3.25929360751e-06 7.28356021259e-07 1.03004686296e-06 1.53973261659e-06 1.99363301953e-06 4.02074676375e-07 2.32527085109e-06 9.17086986423e-07 2.39102650505e-06 1.50221694489e-06 1.01937375703e-06 2.33334822862e-06 2.48516942945e-06 1.59961495376e-06 3.32013773832e-06 2.22785500384e-06 1.98567108189e-06 4.0038078183e-06 3.15472605819e-06 5.1566666174e-06 3.04754762302e-06 4.42932148332e-06 8.23306626196e-06 4.85018868866e-06 4.21476168263e-06 6.05792261066e-06 1.41482963326e-06 5.68917598549e-06 4.26556295952e-06 3.45846184148e-06 8.11871770607e-06 3.32818335212e-06 2.99692127906e-06 4.76189891954e-06 3.11937739289e-06 3.96605204106e-06 1.91960135344e-06 2.12409821807e-06 3.1427757995e-06 1.57884417834e-06 2.5519916461e-06 2.14010347657e-06 9.58559822735e-07 1.40815128836e-06 2.49417828608e-06 9.39189385635e-07 2.3579090196e-06 3.75069419282e-07 2.22194314872e-06 1.50828614172e-06 1.12810154196e-06 8.48477340601e-07 3.94971852098e-06 2.78069139671e-06 6.68879169705e-06 7.0605479517e-07 7.78228490047e-07 1.10634918019e-06 1.45327703897e-06 3.26769639609e-07 1.68310503593e-06 8.88044384175e-07 1.57998570214e-06 1.13552753249e-06 1.47475210283e-06 1.48627232316e-06 2.46698501486e-06 1.14166678458e-06 2.42432867732e-06 2.15062117089e-06 1.17025131631e-06 3.26216409431e-06 2.08975808528e-06 4.37060681608e-06 2.79945741663e-06 3.7239981903e-06 3.67753304431e-06 6.58549972197e-06 5.10242872316e-06 2.8165374725e-06 3.53426362631e-06 3.31797482653e-06 3.00718586863e-06 3.92428622927e-06 6.78213772188e-06 2.49689223934e-06 3.82715869662e-06 2.60041636744e-06 4.20608803451e-06 1.79906942324e-06 3.05347379798e-06 1.01596075083e-06 2.24844446626e-06 2.35038971649e-06 1.13283838669e-06 2.28455181625e-06 1.55468053083e-06 1.46568056912e-06 1.17190027626e-06 1.62959952308e-06 8.57549473934e-07 1.61260310503e-06 3.73657416799e-07 1.65981888778e-06 1.14655806028e-06 9.33570577825e-07 9.01735107332e-07 9.30080581262e-06 2.47089854354e-06 2.03764800828e-06 2.37701829485e-06 2.15456063262e-06 5.82392533163e-07 2.95622020188e-06 1.18989461352e-06 2.58607625668e-06 1.90511807905e-06 2.01202810967e-06 2.8004613792e-06 2.86024676503e-06 1.92065016468e-06 3.22665487076e-06 3.04497961434e-06 2.52207462507e-06 3.73460281953e-06 3.20599326393e-06 5.38727885754e-06 4.52103459082e-06 5.74228800415e-06 5.38615483181e-06 5.23865393689e-06 1.19658300699e-05 6.76972080837e-06 2.88909603997e-06 1.07881515164e-05 2.91864294512e-06 5.18074390784e-06 1.16237644641e-05 4.05697143672e-06 5.27130397551e-06 5.00980840056e-06 4.53328620669e-06 4.96156533646e-06 3.00164386258e-06 3.57024348157e-06 2.51626011588e-06 2.98537831331e-06 3.04466593255e-06 1.94305336724e-06 2.68071965978e-06 2.83834922365e-06 1.74816558458e-06 2.04329461995e-06 2.64492072768e-06 1.116072067e-06 2.99002149918e-06 6.05533282279e-07 2.35784808641e-06 2.64111209912e-06 2.45751457593e-06 3.19768443498e-06 6.33942658458e-06 3.38985007694e-06 2.65604621872e-06 5.09439152372e-07 2.27638169069e-06 1.00138981332e-06 2.11707148386e-06 1.47974723655e-06 1.41318152912e-06 1.91219836537e-06 3.24997277323e-06 1.26068583226e-06 2.84334449353e-06 2.20927759194e-06 1.68887986504e-06 4.3031524827e-06 1.95438989004e-06 4.4285408195e-06 2.61979856022e-06 5.04429232195e-06 4.36472902686e-06 3.73956352444e-06 5.94915342867e-06 8.53420376488e-06 3.36244685518e-06 5.05774369196e-06 5.14682519838e-06 2.47385170963e-06 8.68786655371e-06 4.41873390334e-06 3.85185610348e-06 3.8579901493e-06 5.00178565756e-06 2.50679716347e-06 4.35018917651e-06 1.94095363414e-06 4.47956238438e-06 1.56766503289e-06 2.20120559307e-06 2.75502050605e-06 1.2908025923e-06 3.26982906382e-06 1.82702586203e-06 1.58642240429e-06 1.33481279533e-06 2.09617444653e-06 1.05097414594e-06 2.28918766719e-06 5.31210637647e-07 2.98602361012e-06 3.85556025495e-06 7.93184077988e-06 4.64162072071e-06 2.25151448463e-06 3.27334800023e-07 1.76880662484e-06 6.98365636553e-07 1.31332705731e-06 1.10264237119e-06 7.52812436827e-07 1.32741088581e-06 1.83703991174e-06 7.4858593231e-07 1.71013736074e-06 1.4721997748e-06 1.06205799875e-06 2.2380472929e-06 1.84926473774e-06 2.27060613406e-06 2.09838773298e-06 2.41875773035e-06 3.19035663102e-06 2.88074124486e-06 3.92072938467e-06 2.86642628817e-06 4.6247751263e-06 4.57682666861e-06 2.1988488976e-06 4.07676676662e-06 5.04530089869e-06 2.28246688049e-06 3.89245393023e-06 2.79966125174e-06 2.97096741981e-06 2.14254385185e-06 2.1053388176e-06 2.11266735619e-06 1.80781144866e-06 2.08790735696e-06 9.64008514447e-07 1.35198097233e-06 1.64703054373e-06 7.55327011482e-07 1.70572170406e-06 1.2824294141e-06 7.16057301477e-07 1.07088003439e-06 1.31770162277e-06 7.88302082898e-07 1.90633404042e-06 3.37659863385e-07 2.49828955404e-06 5.58874230455e-06 1.65196444848e-05 1.47631712441e-06 5.01830290749e-06 2.253057625e-06 4.04145990848e-06 3.23074468717e-06 2.1800920891e-06 2.99811165737e-06 3.70660110722e-06 2.25228530917e-06 4.70481412323e-06 2.79699403519e-06 2.8753193207e-06 4.5171957447e-06 3.77158654974e-06 6.88539470167e-06 3.84010452848e-06 5.48319948657e-06 6.41935165296e-06 6.49099918374e-06 9.39486378328e-06 6.12555978177e-06 5.18958472914e-06 1.53760021061e-05 7.64008312154e-06 6.02699252159e-06 1.63828222748e-05 4.15768949451e-06 6.06861913863e-06 8.76195480733e-06 6.64908463537e-06 6.27913481407e-06 5.37566779799e-06 3.90088334186e-06 6.78437596628e-06 3.89602185416e-06 4.59411589474e-06 2.76709909971e-06 2.95910942409e-06 4.58938332036e-06 2.43692057212e-06 3.8338642741e-06 2.87925771176e-06 2.46066661842e-06 3.06949253045e-06 4.29500745131e-06 2.44546439053e-06 5.21572966139e-06 1.58702283616e-06 1.8913495743e-05 2.26139819721e-06 4.26341131793e-06 1.19375385701e-06 2.20159991011e-06 1.81876855858e-06 1.09888536091e-06 1.97957242793e-06 2.15752690684e-06 1.0098428087e-06 2.20441112896e-06 1.92360019974e-06 1.31651922771e-06 2.68413835145e-06 1.93610135618e-06 3.15290210594e-06 2.71222420797e-06 2.29880637392e-06 3.35324581487e-06 2.74537914744e-06 5.61581745278e-06 3.68955815203e-06 2.69040854059e-06 5.38896101502e-06 7.16654469791e-06 4.15884440198e-06 7.19352736761e-06 4.62773156275e-06 2.60945242497e-06 3.56218936468e-06 5.5976975179e-06 2.73423572486e-06 3.218452943e-06 2.30200918783e-06 2.62548112202e-06 3.205953824e-06 1.79340413717e-06 2.65565521067e-06 1.34519318374e-06 1.89662351276e-06 2.20953804028e-06 9.19680867142e-07 2.23169585459e-06 2.07687539636e-06 1.08044102705e-06 2.00676000451e-06 2.25294008369e-06 1.2690421505e-06 4.57890487375e-06 2.48607059432e-06 1.64485975316e-05 3.19822404387e-06 4.35267320398e-06 2.62850141454e-06 2.32991650502e-06 3.7573754385e-06 4.47808281785e-06 2.05466483829e-06 3.3009677071e-06 3.44857862543e-06 2.74550405732e-06 3.20280712662e-06 3.46330277075e-06 4.21915439847e-06 3.60868927075e-06 4.28538634833e-06 4.56850318852e-06 4.42924915969e-06 7.12401138434e-06 5.86446359067e-06 4.51133384273e-06 8.4168925966e-06 5.89147732847e-06 1.10345320034e-05 1.37587716481e-05 4.76900520583e-06 9.33957715625e-06 4.10279078932e-06 6.40861500373e-06 6.89265534055e-06 4.65984426335e-06 4.45965399465e-06 4.43992682762e-06 3.92595489311e-06 4.12687714715e-06 3.58774681608e-06 3.31176822578e-06 2.82989567627e-06 3.33865346551e-06 3.74939315393e-06 2.04612115719e-06 4.61619116039e-06 3.65633732314e-06 2.67974733749e-06 2.66909134357e-06 4.52363236653e-06 3.28244180066e-06 1.71921989793e-05 7.26573153527e-06 5.80973394031e-06 3.1335803768e-06 2.22885372442e-06 3.55524883819e-06 3.96688437907e-06 2.1995864058e-06 3.53809691157e-06 2.91985530999e-06 2.23987045513e-06 4.61521145563e-06 2.42204132528e-06 4.94041220442e-06 2.92116223951e-06 3.37463550936e-06 6.17671957769e-06 3.55706271391e-06 7.16824192534e-06 4.34566191142e-06 4.98142142516e-06 7.850235363e-06 5.41484899011e-06 6.16357766036e-06 1.86723004112e-05 6.16357766036e-06 5.41484899011e-06 7.850235363e-06 4.98142142516e-06 4.34566191142e-06 7.16824192534e-06 3.55706271391e-06 6.17671957769e-06 3.37463550936e-06 2.92116223951e-06 4.94041220442e-06 2.42204132528e-06 4.61521145563e-06 2.23987045513e-06 2.91985530999e-06 3.53809691157e-06 2.1995864058e-06 3.96688437907e-06 3.55524883819e-06 2.22885372442e-06 3.1335803768e-06 5.80973394031e-06 7.26573153527e-06 1.49215662482e-05 5.18728133775e-06 3.13785733932e-06 3.86496301236e-06 5.16254935707e-06 2.86040899159e-06 4.58627057078e-06 3.44098637535e-06 2.03811409346e-06 4.88633560625e-06 4.09376152859e-06 3.70508488543e-06 4.2261714975e-06 3.49352491392e-06 5.80070652957e-06 5.02341830058e-06 6.7563917194e-06 5.1555424764e-06 3.97458625713e-06 1.09676071711e-05 5.98719608114e-06 7.03447693695e-06 1.34490117558e-05 1.09812140749e-05 9.05274375945e-06 5.47675266952e-06 1.23675149932e-05 3.84305603542e-06 5.76780016109e-06 6.63924187358e-06 5.6235711424e-06 5.82899840033e-06 3.68381227621e-06 4.56730999459e-06 3.6725469011e-06 4.36861808785e-06 4.90074687635e-06 2.32182886412e-06 3.3570247587e-06 4.74471375037e-06 2.74684313579e-06 5.47029036632e-06 3.58540767205e-06 3.09363304853e-06 4.87485615125e-06 1.4092604557e-05 1.07098123868e-05 3.63988847844e-06 4.12973130447e-06 4.67973932023e-06 2.47492683686e-06 4.09153286465e-06 3.21513991042e-06 2.39983264272e-06 4.02994129246e-06 3.08466118633e-06 4.75343863342e-06 2.87021755815e-06 3.29185522539e-06 5.27108246232e-06 3.07502540768e-06 8.30735882493e-06 3.60503183788e-06 4.10462115667e-06 6.95947293801e-06 6.35329962109e-06 5.86500827397e-06 1.20313726544e-05 5.88670072891e-06 1.2513423429e-05 6.64763972941e-06 6.36448767818e-06 7.31709109038e-06 4.15038498487e-06 3.67828157274e-06 8.55453154147e-06 3.17616029431e-06 5.3488099478e-06 3.2957147127e-06 2.84831334457e-06 4.7779852268e-06 3.10810414519e-06 4.11985596318e-06 2.52426720905e-06 3.17777278325e-06 4.16595501168e-06 2.45881969115e-06 4.58557129855e-06 3.83175238679e-06 3.45870162988e-06 9.86603156571e-06 1.09930084537e-05 7.36201634497e-06 6.40371074654e-06 2.63457534875e-06 5.29351434025e-06 4.40509342686e-06 3.11897006575e-06 5.11895301742e-06 3.27120075213e-06 5.7484053721e-06 4.41838713443e-06 3.44723649284e-06 6.25044007661e-06 3.95735517611e-06 7.67450665639e-06 6.30677658816e-06 4.25293546847e-06 1.00161038997e-05 5.95570955808e-06 9.59665332665e-06 1.44690652038e-05 7.32956293248e-06 8.9402357774e-06 1.2360544882e-05 1.17788564397e-05 5.89759782069e-06 1.09759114084e-05 4.19207862703e-06 7.0107981517e-06 7.3603919532e-06 4.36451799828e-06 6.04490878238e-06 3.69200364017e-06 4.56866275345e-06 5.88863798204e-06 3.31928175122e-06 5.03952064548e-06 3.05700521522e-06 4.20789381319e-06 5.1320373317e-06 2.6199538608e-06 5.96626791347e-06 6.89070246175e-06 9.6227405599e-06 2.13569000777e-05 1.08030446484e-05 3.68845101207e-06 7.05600504271e-06 5.53718276797e-06 3.81941208569e-06 6.61724008796e-06 4.79685328679e-06 6.08708302137e-06 5.08880130657e-06 6.23039498586e-06 6.32954395052e-06 5.09621455538e-06 9.27559989856e-06 5.84608055317e-06 6.96475332096e-06 9.16083911674e-06 7.48276999287e-06 8.6158920395e-06 1.8951415332e-05 8.38224916587e-06 8.33399075355e-06 9.28871847613e-06 1.90042322607e-05 1.02309233984e-05 7.4478484458e-06 9.91911671875e-06 7.15455264081e-06 6.1849482497e-06 9.50535968425e-06 5.23954128427e-06 6.49127576878e-06 6.2260913845e-06 5.42642101767e-06 6.04756592625e-06 4.82813671527e-06 6.51585748029e-06 3.78274606045e-06 5.27460112968e-06 6.61464700856e-06 3.42182548187e-06 9.59891740631e-06 1.81325963038e-05 2.53811199964e-05 5.57984479718e-06 7.63719108187e-06 5.36807009065e-06 4.03424776172e-06 7.1681064273e-06 4.96083067509e-06 6.60090119414e-06 4.4264566511e-06 6.16293647671e-06 7.20789363834e-06 4.35320530864e-06 9.01370782011e-06 6.14248849336e-06 5.53050832259e-06 1.3630885508e-05 6.21397113383e-06 9.6182200532e-06 1.61542134059e-05 1.03906441504e-05 8.68724856515e-06 8.13280181611e-06 1.22485488195e-05 1.43262750196e-05 1.17007879225e-05 6.09665126729e-06 1.47517100321e-05 5.57250128752e-06 6.83283402676e-06 8.69587463899e-06 4.72863925017e-06 6.94112938682e-06 6.38557488179e-06 4.28654256369e-06 6.7507857416e-06 4.65644037635e-06 6.6409398084e-06 4.13681157102e-06 5.12468055172e-06 6.60952203654e-06 4.8641961797e-06 2.02744271067e-05 1.2806524404e-05 1.07715712471e-05 6.1394295677e-06 4.39958217512e-06 7.57065583155e-06 5.48798266983e-06 7.58679509772e-06 5.47080654074e-06 5.44815705741e-06 7.11000883283e-06 6.31022491589e-06 8.16218954766e-06 6.52715836529e-06 5.31667265593e-06 1.13716364097e-05 9.33122758484e-06 7.67562315555e-06 1.76973922356e-05 8.71576101663e-06 1.11086682897e-05 8.07212431193e-06 1.09217968935e-05 1.02444383945e-05 1.71477482036e-05 9.52424382185e-06 9.32821551145e-06 1.23426055641e-05 5.35303210338e-06 6.94779516996e-06 8.33100646772e-06 6.43371039457e-06 7.34581453767e-06 5.63360014673e-06 5.26778418432e-06 7.50974936223e-06 5.17747989725e-06 7.25921205324e-06 4.30926037418e-06 5.56117539933e-06 9.1929809166e-06 9.86594564243e-06 2.39107072526e-05 8.34089890419e-06 4.7053389831e-06 6.72440491722e-06 5.16892673456e-06 7.70676976308e-06 5.44981858667e-06 5.66323625343e-06 5.77207963885e-06 6.18445506466e-06 9.70733311405e-06 5.19628523158e-06 5.05828806169e-06 1.04320830174e-05 6.843545323e-06 1.12018958093e-05 1.43965461188e-05 9.1725427562e-06 8.9121783034e-06 9.79849939554e-06 1.03523698553e-05 8.69911453863e-06 1.09023855807e-05 1.28760757905e-05 1.37640910117e-05 7.07734483651e-06 1.15227978836e-05 4.96530501e-06 6.08471356849e-06 9.66908123832e-06 6.46539781158e-06 6.0218820547e-06 5.85064961152e-06 5.27633524277e-06 7.33080028907e-06 5.0697293954e-06 6.58582988088e-06 4.00452552387e-06 6.90977883972e-06 1.75877905746e-05 2.81185152551e-05 9.20480850771e-06 1.11470969682e-05 7.49094101333e-06 1.07962999239e-05 7.93231284477e-06 7.97426253491e-06 9.69340781991e-06 7.79557630154e-06 1.2469638249e-05 9.27306937142e-06 5.85433534406e-06 1.54752597972e-05 9.51597388053e-06 1.2562516405e-05 2.58320534756e-05 9.12377707915e-06 1.2869174853e-05 1.13641423243e-05 1.73998448002e-05 1.18673118764e-05 1.26525483423e-05 1.08425575702e-05 2.42955915955e-05 1.46953430078e-05 9.36144750536e-06 1.67018221701e-05 5.69470653197e-06 9.8603842338e-06 1.22386743515e-05 7.69529449905e-06 9.34253863886e-06 7.87936656278e-06 7.18616696745e-06 9.91643780919e-06 6.76529464409e-06 9.66590479259e-06 7.27203362094e-06 2.01989944785e-05 1.88846267845e-05 1.46209883103e-05 8.37046008111e-06 1.06745497899e-05 8.0367617307e-06 8.97226293738e-06 9.66616509081e-06 8.00369934392e-06 1.09805748989e-05 9.62425666695e-06 7.98943526581e-06 1.28067633465e-05 9.90799255267e-06 1.28362164158e-05 2.20412179235e-05 1.38993471728e-05 8.98451818132e-06 1.14863516846e-05 1.37940331291e-05 1.3819751404e-05 1.2004537322e-05 9.2007480336e-06 1.5681760178e-05 2.03932808897e-05 1.52156020152e-05 1.01178829324e-05 1.37671282614e-05 7.91534072881e-06 1.02930728901e-05 1.10156097716e-05 8.08831796231e-06 9.31498965685e-06 8.79328436141e-06 7.60171926877e-06 9.92519519177e-06 6.88719468383e-06 1.20537310802e-05 1.34495575203e-05 3.84669704847e-05 1.13980159114e-05 1.19139221011e-05 7.91374010721e-06 9.31279125618e-06 1.02473000716e-05 7.95841855509e-06 1.1884039867e-05 8.60928850853e-06 6.63135669516e-06 1.6607500496e-05 8.29870971327e-06 1.30014710026e-05 2.20303068903e-05 1.07808558395e-05 1.27497050799e-05 7.86604233714e-06 1.3575693231e-05 1.10525655391e-05 1.37627624702e-05 8.62515374954e-06 1.2155341083e-05 1.25854695394e-05 1.93067523542e-05 1.50814541199e-05 7.86617431388e-06 1.75461325072e-05 6.6750133814e-06 8.48230046568e-06 1.1207618302e-05 7.70284489635e-06 9.25492341816e-06 8.33074753356e-06 6.86062580459e-06 9.80935911434e-06 9.12256004524e-06 2.53363641751e-05 3.21421231376e-05 2.05092027597e-05 1.14362300685e-05 1.17350851313e-05 1.28469248816e-05 1.08020566501e-05 1.5148732883e-05 1.11280641658e-05 7.38414066125e-06 2.05274739545e-05 1.29092367157e-05 1.38797831112e-05 2.76006258791e-05 1.36690668365e-05 1.3463475669e-05 1.46910489187e-05 1.28073609191e-05 1.38098104098e-05 1.37791529439e-05 1.29722787549e-05 1.49500379297e-05 1.3677541039e-05 1.51605762125e-05 2.54857880581e-05 1.61100789712e-05 1.3300758413e-05 2.08521320956e-05 7.43609010674e-06 1.14875842526e-05 1.44891512869e-05 1.0450112249e-05 1.20266357269e-05 1.02873130411e-05 9.19683532432e-06 1.64800443767e-05 2.18342219833e-05 4.10393753426e-05 1.25110015009e-05 1.07568917889e-05 1.03175718146e-05 9.43686090467e-06 1.32559829941e-05 9.27856208529e-06 6.93071354305e-06 1.73566000968e-05 9.36222336666e-06 1.53364214176e-05 2.20673472711e-05 1.22938410671e-05 1.10975973658e-05 1.02690723288e-05 1.45365803113e-05 8.09106095269e-06 1.10367351978e-05 8.75535494188e-06 1.4156873888e-05 1.08868771118e-05 1.04281889233e-05 1.40381496701e-05 1.85099979194e-05 1.70105329143e-05 9.29166860781e-06 1.63524942218e-05 6.61888049035e-06 9.31167682564e-06 1.1955561873e-05 8.35988423282e-06 9.34863824971e-06 8.54252478824e-06 9.78054273764e-06 2.57561708794e-05 4.39702483306e-05 2.19118206394e-05 1.82727533616e-05 1.47469054413e-05 2.0653979439e-05 1.49185090945e-05 1.10409114378e-05 2.51333061162e-05 1.30923627112e-05 2.36535360663e-05 3.60178553854e-05 1.57086515523e-05 1.75525994209e-05 1.4959630142e-05 1.95755773209e-05 1.75342638721e-05 1.36799999483e-05 1.4218088194e-05 1.72270132582e-05 1.9996982997e-05 1.51427820511e-05 1.80985950629e-05 1.69336594244e-05 3.39244776898e-05 2.57457742527e-05 1.35852804847e-05 2.50065546832e-05 1.06161181163e-05 1.50645550752e-05 1.94878759934e-05 1.29663577535e-05 1.57975772132e-05 1.73567386316e-05 2.8869062837e-05 4.91470430675e-05 2.75291548549e-05 1.76953610569e-05 2.25657129777e-05 1.74024418964e-05 1.2261820495e-05 2.74395320677e-05 1.50921902411e-05 2.4310061019e-05 3.72657540855e-05 2.3901321409e-05 1.26210832743e-05 1.88720439959e-05 1.56625290073e-05 1.76522666542e-05 1.578835734e-05 1.22842441487e-05 1.575715821e-05 1.7677628516e-05 1.57533596053e-05 1.90160151437e-05 1.2659260693e-05 2.54049907112e-05 3.34875693821e-05 2.57690173829e-05 1.52986944899e-05 2.6797935898e-05 1.15756392287e-05 1.65498206753e-05 2.00471789706e-05 1.46666805141e-05 2.10088799018e-05 3.27198611778e-05 6.55859588788e-05 2.27937206929e-05 2.63259258414e-05 1.93051255411e-05 1.35102134837e-05 3.13073906033e-05 1.5451309809e-05 2.66939883106e-05 3.93792346116e-05 2.23043869136e-05 1.72114573669e-05 1.45852685429e-05 1.82041357036e-05 1.49605992765e-05 1.44920610107e-05 1.49838314948e-05 1.34899570179e-05 1.52968140281e-05 1.39146103951e-05 1.90392280656e-05 1.32797283376e-05 1.79003313389e-05 2.28745371326e-05 3.19903531599e-05 2.73659324778e-05 1.46448640293e-05 2.87122732738e-05 1.15699690806e-05 1.63844577596e-05 2.11386077883e-05 1.69452627477e-05 3.95770124775e-05 6.00420455705e-05 4.05444021468e-05 2.38260597134e-05 1.58725873456e-05 3.7060534321e-05 1.97710318544e-05 3.24994128129e-05 4.59839842629e-05 2.60168868629e-05 2.03138523276e-05 2.3402872918e-05 1.49579170024e-05 2.04338126598e-05 1.42316578571e-05 1.66878360549e-05 1.91505731366e-05 1.64872204006e-05 1.41751241758e-05 2.03858413312e-05 1.45490924888e-05 2.34266829883e-05 2.06086677937e-05 2.55537389707e-05 3.9888575385e-05 3.30243034496e-05 1.87691420247e-05 3.32776695195e-05 1.39195076726e-05 2.00142150358e-05 3.12147293289e-05 3.78133467541e-05 0.000103667892951 3.6393036736e-05 1.98553291505e-05 4.30101098538e-05 2.28693035936e-05 4.11926774241e-05 5.42250620432e-05 3.28630022767e-05 2.08275455958e-05 2.57936470517e-05 2.38363773256e-05 1.62571907352e-05 1.90425968e-05 1.50035688258e-05 1.98765130557e-05 2.07392350352e-05 1.39166531305e-05 1.98059385971e-05 1.49230346448e-05 2.44328802389e-05 2.52148844407e-05 1.98802078823e-05 3.21890656938e-05 4.75458339168e-05 4.04028607776e-05 2.14719967424e-05 3.76095884595e-05 1.73076952322e-05 2.88525577057e-05 6.46963278553e-05 0.000105502954137 3.24094929646e-05 5.73133544161e-05 2.77622875714e-05 5.35981093425e-05 6.90857915023e-05 4.16122639184e-05 2.59992247196e-05 2.76835126919e-05 2.72049729969e-05 2.71114057099e-05 1.65338101505e-05 1.96666435972e-05 2.00530897261e-05 2.14988630171e-05 1.95571426027e-05 1.89803561822e-05 1.59065160591e-05 2.53020652031e-05 2.74489291959e-05 2.49440120379e-05 2.4783893828e-05 4.00965470282e-05 5.82042930115e-05 5.0121340368e-05 2.52837297919e-05 4.70939814208e-05 2.59339994089e-05 6.29296867965e-05 8.29460361624e-05 9.19047977125e-05 3.72361342723e-05 6.65637201479e-05 8.55102486295e-05 5.30589900118e-05 3.03058801937e-05 3.35131334592e-05 2.96673148e-05 2.96566292144e-05 2.62395117259e-05 1.68827121116e-05 2.58841970959e-05 2.15612007112e-05 2.00170510712e-05 2.65690301508e-05 1.50673883629e-05 2.57605667325e-05 2.68039325866e-05 2.7714202191e-05 2.99823660813e-05 2.85854221961e-05 4.81008093064e-05 6.91049162772e-05 5.86981847997e-05 3.2008557015e-05 7.05061571194e-05 5.26467885845e-05 0.00024382872322 5.97177538353e-05 8.67005135033e-05 0.000102105251412 6.59449961032e-05 3.73513439447e-05 3.94299289425e-05 3.44184282788e-05 2.99265476099e-05 2.81646846339e-05 2.35091342865e-05 2.24450592843e-05 2.49330404628e-05 2.01966371214e-05 2.40870658397e-05 2.1536235136e-05 2.18748368973e-05 2.62450995464e-05 2.56579143179e-05 3.24782078211e-05 3.39779072983e-05 3.3812172258e-05 5.63919174853e-05 7.86661122676e-05 7.13130017436e-05 4.75623662971e-05 0.000147728317724 0.000174134333779 0.000148871413551 0.000145872133005 8.75840164963e-05 5.03165852405e-05 5.2565845942e-05 4.38172057979e-05 3.64049876811e-05 3.28399787573e-05 2.75520644457e-05 3.48055105524e-05 2.33255693678e-05 2.58821464377e-05 2.59631068357e-05 2.14865415262e-05 3.43277315262e-05 2.43159503469e-05 2.78596885249e-05 3.21002526526e-05 3.95120660113e-05 4.32066018129e-05 4.30678390057e-05 7.07656311416e-05 0.000106276343591 0.000111536233367 0.000108536253555 0.000525970752162 0.000296581552334 0.000149488926549 7.96033024653e-05 8.08337643143e-05 7.30195173502e-05 5.57697138172e-05 4.93467483673e-05 3.76015368538e-05 4.98242285535e-05 4.39774527962e-05 2.91950126544e-05 4.07479831864e-05 2.77405137852e-05 4.24709644277e-05 4.62604131095e-05 3.14360574586e-05 4.21919216398e-05 4.72486425579e-05 6.08517029635e-05 6.32669711973e-05 6.37451146683e-05 0.000109994521082 0.000211370383608 0.000315951733198 0.00225789538637 0.000521781528376 0.000233353111119 0.000201247724195 0.000192422461709 0.000142308567025 0.000124478386332 9.61573871815e-05 0.000102122231768 0.0001007296698 8.36479081145e-05 7.15407279905e-05 6.28999863554e-05 8.47805085486e-05 8.86800700555e-05 8.34316507825e-05 7.32015180874e-05 9.5111057213e-05 0.000107960727542 0.000133234901647 0.000134927889093 0.000147612935737 0.000305856081454 0.00111441130042 























