










































2.92480410595e-07 2.21265799075e-07 7.45565691866e-08 2.11043521681e-07 1.650724514e-07 4.22286672323e-07 1.28361266103e-07 4.08568778105e-07 9.95887415831e-08 1.14350539254e-07 1.94580385674e-07 2.13369637186e-07 1.55310459553e-07 4.66279012787e-07 6.53918275742e-08 1.17701983119e-07 1.0466302712e-07 3.01214987807e-07 5.30549271349e-07 3.05160793777e-07 1.07651840551e-07 1.17829212608e-07 6.45400890304e-08 4.99648886118e-07 1.74205825366e-07 2.13935820912e-07 2.15570764475e-07 1.19257336372e-07 1.15702580986e-07 4.60780223211e-07 1.50094573165e-07 5.23467177258e-07 2.27676628229e-07 2.5120747127e-07 9.54946275376e-08 2.70856688169e-07 2.12227086223e-07 2.84549136971e-07 6.81857688516e-07 1.8563596293e-07 3.62068989298e-07 1.39225089726e-07 2.57983861799e-07 8.77622893907e-08 1.54646050329e-07 9.21829983817e-08 1.83948497547e-07 1.01227135124e-07 6.398160505e-08 2.73323612284e-07 7.66856266075e-08 2.90088423405e-07 1.21408474633e-07 1.21871215798e-07 4.67753805774e-08 3.0607392319e-07 3.27669528728e-07 4.46236265185e-08 1.14630597499e-07 1.3030990971e-07 3.17037162128e-07 1.05883345577e-07 3.27947563584e-07 7.30321591153e-08 1.16556358311e-07 2.35710466455e-07 1.33324307757e-07 2.37503390051e-07 1.44655560328e-07 3.49584796135e-07 1.82072481167e-07 4.11892833413e-07 1.92022682779e-07 5.08781716263e-07 3.30020047624e-07 8.22765665564e-08 1.57562690762e-07 2.91661058654e-07 2.00493225328e-07 9.69051636647e-08 1.56777718567e-07 3.2518554345e-08 1.70186562588e-07 2.96535822924e-08 4.34168923478e-08 9.1762738646e-08 5.26172606755e-08 1.04144763242e-07 5.14736318107e-08 1.32487222362e-07 9.35366558918e-08 1.35149439678e-08 1.18752774791e-07 6.76045572977e-08 1.02003946964e-08 5.59436788526e-08 1.17935448679e-07 2.41352040004e-08 1.00104322227e-07 1.46509499587e-07 6.32764805596e-08 1.25378431797e-07 6.98138175159e-08 1.19205614612e-07 4.64289904104e-08 2.70585399312e-08 2.44282439091e-07 2.9860988552e-08 1.88795636267e-07 1.07114598403e-07 1.39691740137e-07 2.1984235891e-07 2.07271809559e-07 1.31801396791e-07 3.77545374314e-07 2.44882528657e-07 2.43043264019e-07 5.83555309761e-07 1.92734328167e-07 2.93918285274e-07 1.73842006635e-07 1.6736685298e-07 1.03188123568e-07 9.79134693409e-08 1.64337706513e-07 6.6349985662e-08 1.21498089354e-07 1.22810578469e-07 8.06380993532e-08 9.72610992404e-08 1.00686338779e-07 1.58811677538e-07 8.78080349474e-08 1.65302023974e-07 3.55099946267e-08 1.57703611114e-07 1.71569016669e-07 3.51748000915e-08 1.69775603919e-07 7.52184264222e-08 1.73416561032e-07 9.25512511635e-08 1.01178464142e-07 9.42958101783e-08 1.38562259249e-07 1.35428820712e-07 7.9571771767e-08 1.72627160573e-07 1.52514959752e-07 1.26714616556e-07 1.95711914404e-07 2.11633785437e-07 2.83322573145e-07 1.72611150596e-07 4.44419988274e-07 1.57253963786e-07 3.05065942638e-07 4.40505841083e-07 1.51151873404e-07 2.04434819997e-07 5.43147775066e-08 1.95637212307e-07 5.82422756336e-07 3.86492880427e-07 1.43347725964e-07 2.04328373995e-07 1.47293806044e-07 1.03753226299e-07 4.40819666871e-07 6.94688603345e-08 8.26170518269e-09 2.19531929456e-07 1.0963456061e-07 5.16364325211e-08 1.75933117707e-07 2.3535967187e-07 5.27866244882e-08 3.42532253792e-07 1.38249088675e-07 5.8532035799e-08 1.81277616341e-07 2.04679788002e-07 7.35354705717e-08 1.44130470536e-07 3.3555631412e-07 4.90716671111e-08 2.19533775193e-07 2.09479665255e-07 5.23056460478e-08 1.27764587238e-07 2.39907399464e-07 8.66437952968e-09 8.00849401725e-08 4.98242699712e-07 1.11639096197e-07 1.51326122813e-07 2.22794638427e-07 1.32737216637e-07 3.89061078433e-07 4.48210640937e-07 2.07947350489e-07 3.37158920784e-08 2.9368378889e-07 2.15414841833e-07 6.24052582169e-07 2.98959230332e-07 2.40959533882e-07 3.35063928204e-07 6.41707002306e-07 1.88945424273e-06 3.42082781894e-07 1.14375866047e-06 1.82573975457e-07 2.15961056754e-07 1.27410145263e-06 3.61859613154e-07 2.10970536614e-07 7.12699067035e-07 2.68116424605e-07 3.53380139495e-07 5.61550024018e-07 3.52979732269e-07 2.67304871414e-07 5.13273251571e-07 2.32682755149e-07 4.8533746903e-07 4.76853739797e-07 2.33312590258e-07 2.26713696441e-07 4.93423508164e-07 4.75363739593e-07 2.54363922762e-07 5.05605528227e-07 3.0289868575e-07 3.73042952095e-07 5.71199171677e-07 3.57281096132e-07 2.68058733718e-07 7.35970517422e-07 2.159547341e-07 3.49297996941e-07 1.25368919374e-06 2.33531492581e-07 1.44843719583e-07 1.08256131727e-06 3.60370191891e-07 1.3556123944e-06 6.12610905213e-07 3.13497446022e-07 3.04299474279e-07 4.43619316103e-07 7.88069455011e-07 2.35669538864e-07 1.26535657693e-07 3.79063280152e-09 1.49028432823e-07 1.44951543429e-07 5.14099524344e-07 5.79897843386e-07 4.74380865575e-07 8.74854951484e-08 1.88994748525e-07 3.30405274086e-07 1.42515737798e-07 1.38622961357e-07 2.72675008015e-07 1.17299227266e-07 1.49842500969e-07 3.30167020092e-08 1.20720226303e-07 9.03195343802e-08 1.2459385321e-07 5.61775515879e-08 1.77537146745e-07 1.28206256109e-07 8.54026372031e-08 1.39517900824e-07 1.40326920926e-07 6.03047865541e-08 1.45932175166e-07 1.30709440126e-07 6.22909285113e-08 1.38476678678e-07 9.62088476061e-08 1.08118370738e-07 6.39196496789e-08 1.29441123081e-07 1.22409069138e-07 2.30793828677e-07 1.39559499434e-07 1.65475560741e-07 2.35564991093e-07 1.66660792791e-07 1.21871220805e-07 2.75716453367e-07 4.62828291807e-07 5.117484387e-07 1.21046548958e-07 1.80427598686e-07 7.600633967e-09 2.08597671951e-07 2.80062335581e-07 3.17472798233e-07 1.62035147562e-07 1.32012738801e-07 1.57834019314e-07 4.43357510378e-07 8.04869777859e-07 5.82200136263e-07 1.21377082093e-06 1.75324273857e-07 2.51692903922e-07 1.22340282236e-06 2.55475158085e-07 5.90514725731e-08 9.78396619523e-07 2.56541323802e-07 4.58742777521e-07 3.53409731252e-07 3.02585523222e-07 1.18120833889e-07 8.69926602106e-07 1.06413844585e-07 4.05858688714e-07 2.69266132066e-07 2.85758428567e-07 3.37547149323e-07 6.4065854945e-07 3.3630617645e-07 2.98461674313e-07 2.63695202387e-07 4.21900151292e-07 9.8883475375e-08 8.65532275683e-07 1.25674187072e-07 3.09007248691e-07 3.46508639903e-07 4.58762366207e-07 2.45207241947e-07 9.42952816701e-07 3.73252213682e-08 2.34122992787e-07 1.10688839652e-06 1.98387361111e-07 1.08333550894e-07 9.60587103396e-07 3.08476770546e-07 8.20583551789e-07 4.79448058181e-07 1.84748234726e-07 1.70027471605e-07 2.15476880151e-07 3.54015408885e-07 4.21747146693e-08 9.2998599748e-08 3.36555421036e-08 9.64981109089e-08 5.11876815216e-08 1.87591605961e-07 1.48682490294e-07 3.11630021692e-07 2.89105152703e-07 2.17417692092e-07 2.20444935755e-07 1.06547792225e-07 2.02252430979e-08 1.79616639576e-07 7.85884513125e-08 1.2686073485e-07 7.88913047823e-08 7.76953294366e-08 6.34597529664e-08 1.70986742644e-07 5.53895858214e-08 6.90766970952e-08 8.21062255103e-08 4.91200296012e-08 6.57430455802e-08 1.10538580742e-07 9.38520482816e-08 7.73923954569e-08 2.24089941293e-08 8.46886387316e-08 7.85602945656e-08 6.97671340518e-08 1.51800438712e-07 7.67970932601e-08 5.9196036152e-08 6.17069501227e-08 9.8107898801e-08 6.0888697456e-08 1.8726723145e-07 2.08956408115e-09 8.79432424246e-08 2.16820871394e-07 1.0989950692e-07 2.34765262345e-07 1.42267489416e-07 2.0078481163e-07 1.65943428581e-07 3.63098840905e-08 1.31919856031e-07 4.51918666903e-08 1.27622938108e-07 4.92740976549e-08 1.66310914594e-07 4.0703995178e-08 2.04033422251e-07 1.18210245144e-07 4.38697214186e-07 4.75193123346e-08 3.54606549113e-07 1.91902872177e-07 6.02558507482e-07 8.04529039784e-07 1.61074587745e-07 1.9037452567e-09 3.41015891352e-07 1.78900924293e-07 3.73821758546e-07 8.22389705515e-08 2.92919947093e-07 5.0318029599e-08 2.28551453562e-07 2.57279589424e-09 3.58899837381e-07 3.47190230833e-08 9.51863763224e-08 7.57586905816e-08 2.79012296738e-07 8.74501108703e-08 2.98787175008e-07 5.83626377134e-08 9.41523548935e-08 6.03679798199e-08 3.25217913675e-07 8.61987676536e-09 2.21973992056e-07 3.41179990974e-08 3.11541972451e-07 7.05168895059e-08 3.72304224777e-07 1.64884257694e-07 2.45505151083e-07 1.49385389219e-09 1.54692671469e-07 4.56339445355e-07 4.813529773e-07 1.17452555051e-07 2.67713931086e-07 4.59485701606e-08 4.6365607356e-07 1.47489135249e-07 2.76995267204e-07 4.36825839317e-08 2.30408287982e-07 1.0754386026e-07 5.41660174228e-07 2.42083526426e-07 2.42888537003e-07 3.64848555321e-07 9.02934530955e-07 5.15989185587e-07 9.6289434733e-07 3.74314238476e-07 7.8620536681e-07 2.39092887869e-06 9.38103943884e-07 1.31976966292e-07 1.56111181628e-06 3.81134755611e-07 4.26658830733e-07 8.19828647793e-07 6.01274939085e-07 3.0050596155e-07 8.2926902289e-07 2.03922397854e-07 3.14142479489e-07 7.30255653696e-07 1.92254578405e-07 3.57231964663e-07 4.86801388804e-07 5.3660364556e-07 5.94939512672e-07 4.77858314736e-07 3.88484086853e-07 2.00703993348e-07 7.24134757578e-07 3.00391261802e-07 2.02389083836e-07 7.94496103795e-07 3.03259577021e-07 5.19152233757e-07 7.1039878411e-07 4.44847963741e-07 3.44958130006e-07 1.33895481186e-06 1.63621564776e-07 4.65264285108e-07 1.73287338612e-06 4.56694231311e-07 3.68961077536e-07 9.35799021109e-07 4.37163165154e-07 8.61156947104e-07 4.03702885906e-07 3.07010135934e-07 3.39597487609e-07 6.78154117822e-07 1.14186995088e-07 2.35612858753e-07 1.22532670489e-07 1.34515680753e-07 2.40295611248e-07 3.54109535872e-07 2.13595978278e-07 3.2387834479e-07 4.57615131146e-08 2.90677039292e-07 6.83751883142e-07 5.90550362611e-07 8.86666337405e-08 2.6383995936e-07 2.06408311707e-07 2.90194508734e-07 1.76222046127e-08 2.83834319799e-07 5.67532282758e-08 4.09036685033e-07 3.02271054138e-08 2.05866947567e-07 7.75919099081e-08 2.80979820611e-07 3.2490989646e-08 3.36545271088e-07 1.46277652971e-07 2.11640827059e-07 1.25199650155e-07 3.37599281035e-07 7.11357659799e-09 2.69138854992e-07 9.93099583328e-08 1.82235483648e-07 1.1651995478e-08 4.2546409881e-07 3.71066107721e-08 2.72521566862e-07 2.60624163223e-08 2.23202059735e-07 1.31662167961e-07 1.80048671919e-07 2.93222240955e-08 4.85598371353e-07 4.35915880861e-07 2.54122021934e-07 4.23157770404e-08 2.09600020463e-07 2.21127298276e-07 3.70984446171e-07 2.8661102982e-07 1.68003356195e-07 1.53784463388e-07 3.09784811876e-07 4.85327213121e-08 3.99603166577e-08 3.21098485124e-08 1.67438840109e-07 1.16582362318e-07 1.1856599239e-09 5.41581244434e-08 1.9381611458e-07 8.80293015017e-08 3.34956409057e-07 3.3866581144e-07 7.8844221543e-08 1.74607295793e-07 6.08152530001e-08 1.37223458574e-07 4.80839280585e-08 1.05634108888e-07 6.64677416679e-08 8.16806143916e-08 1.05599830889e-07 8.29317185259e-08 8.22609817342e-08 1.04349954502e-07 9.29837760781e-08 4.69057643368e-08 4.70912326901e-08 1.10309419267e-07 9.64039019605e-08 7.90051489347e-08 5.38351296578e-08 1.02828890154e-07 5.22116663387e-08 5.49647390459e-08 1.11288865573e-07 5.71079237528e-08 1.61380019566e-07 7.32410338136e-09 1.77302931365e-07 4.63452625708e-08 1.88454579272e-07 2.58631796236e-07 4.61870081122e-08 2.39582220328e-07 5.4422123947e-08 1.2984052476e-09 7.71741598704e-08 1.90109107547e-07 4.53371293717e-08 5.64783655109e-08 5.5336396293e-08 4.01085631171e-07 8.26403060454e-08 2.84074028629e-07 4.4351959931e-07 1.14756664882e-06 3.45639284252e-07 6.07960747395e-07 2.71432599942e-07 3.8864245434e-07 1.19336368062e-06 2.46319912745e-07 4.0712137228e-07 2.30138067392e-06 8.74834356113e-07 4.68002757401e-07 1.08495584125e-06 9.17845791474e-07 2.26266352941e-07 1.56568801174e-06 3.32006810678e-07 7.2110765881e-07 6.95431374796e-07 2.29012142218e-07 2.3468751796e-07 1.09855339342e-06 5.13465071871e-07 5.47847885418e-07 3.6000356904e-07 5.30548748338e-07 4.94666018328e-07 1.03270342409e-06 2.09299256276e-07 2.22096787701e-07 6.41790129542e-07 6.23540729346e-07 3.09036073753e-07 1.32516637741e-06 2.48239778894e-07 6.2364688262e-07 1.0102119243e-06 4.20893600805e-07 4.48414506001e-07 1.71699606624e-06 2.11407968902e-07 2.69541927466e-07 1.04963593037e-06 3.1386135387e-07 2.66163292508e-07 5.06794192648e-07 3.69149819253e-07 1.2300010022e-06 5.32038508116e-07 3.66721042824e-07 1.482012557e-07 5.16371707326e-07 1.53865838747e-08 4.42471946138e-09 6.01417009603e-08 1.84657175217e-07 1.8825298751e-07 1.19031525654e-07 1.61499388333e-07 8.37856465289e-08 1.82909380769e-07 5.18236582743e-07 3.85407664945e-08 9.35037117729e-08 6.81181200808e-07 5.7719799833e-07 4.98510108999e-07 1.40193373331e-07 1.50738853356e-07 8.29160442648e-08 8.88014779351e-08 7.57941410052e-08 1.61326402062e-07 2.35467986947e-07 4.87917876494e-08 1.37694836966e-07 7.79916000679e-08 2.66066972959e-07 1.01407709937e-07 1.31201801696e-07 1.49559889275e-07 9.26539567025e-08 2.05270406797e-07 1.00406827787e-07 1.07852742381e-07 4.1671607068e-08 2.35724222894e-07 1.07556609962e-07 3.56372478341e-08 7.67611769469e-08 7.03079521327e-08 9.51461188014e-08 6.42014515089e-08 2.50953500918e-07 4.90951363845e-07 4.29360991985e-07 4.93475942248e-08 5.201874372e-09 3.35693986877e-07 1.65198048956e-07 8.7040125886e-08 1.68173259993e-07 1.17029983222e-07 1.91657603998e-07 2.23788278949e-07 7.58428439617e-08 1.17345285472e-08 2.12281906274e-08 2.53000242464e-07 1.22434695543e-07 1.27299891525e-07 1.91053841129e-07 7.06571237723e-07 2.58107819074e-07 3.69695308612e-07 1.36682036755e-07 9.30151992569e-08 7.63488216407e-07 1.06282695977e-07 4.61950424486e-08 8.91976497453e-07 5.23826282e-07 1.27483596984e-06 4.68836171131e-07 4.72344175986e-07 3.03017608746e-07 7.62126287205e-07 1.07682349381e-09 8.08078317707e-07 1.99475175368e-07 4.90260439051e-07 2.78756680348e-07 4.71919064074e-07 2.43470236009e-07 8.08592519583e-07 7.38191764238e-08 5.10344867016e-07 1.01962160691e-07 8.22796927127e-07 2.3749099018e-07 4.35408817994e-07 2.03376614711e-07 5.09631268417e-07 1.64676507704e-07 7.77466460975e-07 1.90309316801e-08 4.82514549737e-07 2.59143714857e-07 4.99988039735e-07 2.58026711394e-07 1.03224618378e-06 2.99920836074e-07 6.23966485954e-07 4.35265570752e-08 8.23420797631e-08 7.67288117711e-07 8.38574174156e-08 1.48802969541e-07 3.95633834968e-07 2.56067975909e-07 7.80545641315e-07 2.12506449793e-07 1.67511212284e-07 1.78516923896e-07 3.27489675058e-07 2.29395269129e-07 3.32212739296e-08 2.80404650309e-07 1.41831966918e-07 3.11558923532e-07 1.5078517948e-07 4.77790479674e-07 7.35192494753e-08 1.74929174513e-07 6.8643592732e-07 1.48437727691e-07 1.95739462805e-07 7.7531343789e-07 1.52781712021e-07 7.51397851363e-07 1.31553313117e-06 9.59723442655e-07 1.4765577295e-07 1.14812323861e-06 2.45944934156e-07 2.3754143488e-07 7.09388531788e-07 4.25098916047e-07 3.33496767326e-07 6.89959307885e-07 4.16207044491e-07 2.24213859561e-07 6.12048317441e-07 2.78331177809e-07 2.82300194115e-07 6.31319252063e-07 2.15136014193e-07 3.94143324998e-07 6.93881196736e-07 2.90015784139e-07 3.26508525336e-07 7.16987268084e-07 1.64741708627e-07 2.16007918704e-07 1.1243375156e-06 1.00609182971e-07 5.50094190239e-07 1.05444015393e-06 3.10421970689e-07 1.06379491075e-07 7.35953178596e-07 1.43504801359e-07 1.52938727401e-07 5.70729103448e-07 1.80777589928e-07 6.31617049351e-08 3.96230541334e-07 1.87616474161e-07 3.82227398791e-07 2.10601560399e-07 3.5464211915e-07 3.49516158178e-08 2.79947330312e-07 3.3821105523e-07 8.98428798666e-08 1.21431291158e-07 1.52817530614e-07 4.95400075312e-07 1.39784160044e-07 2.74183832158e-07 1.30458516862e-07 1.11069855957e-07 7.7365851214e-07 1.46249752084e-07 2.27995610648e-07 1.0090928488e-06 1.60106998622e-07 8.44405212636e-07 9.72052307813e-07 1.86993006792e-06 7.73971052691e-07 8.66985875931e-07 3.70457521894e-07 5.95683539278e-07 3.13119478432e-07 5.94016983495e-07 3.01042334143e-07 9.18195401742e-07 4.79014942057e-07 4.74689158904e-07 1.24686029352e-07 7.91653632796e-07 3.50873991523e-07 7.63109806656e-07 1.59018203896e-07 4.30405928765e-07 4.51308052561e-07 8.59092893259e-07 2.43821955681e-07 4.68177024986e-07 3.17211393434e-07 4.61568301537e-07 2.37783281236e-07 7.0186236688e-07 4.01267773643e-07 1.43305418497e-06 4.78890106626e-07 7.7703854179e-07 1.38032873283e-07 6.5868209792e-07 2.44546343539e-07 1.02459824664e-07 7.15970907867e-07 1.01696437607e-07 1.07235643899e-07 3.33041358549e-07 1.36048459214e-07 6.01678128414e-07 1.93237455134e-07 1.72214916997e-07 1.32539385663e-07 4.05602382691e-07 1.27922242437e-07 2.42764087042e-08 9.7223199032e-08 8.10327335503e-08 1.55435124564e-07 6.83601006975e-08 2.70411499583e-07 5.17794416275e-08 2.78463356926e-07 2.50580709356e-08 6.68719860636e-08 4.56298413554e-07 5.1940733638e-08 8.02444494166e-08 1.77731081519e-07 4.86505821187e-07 5.89990677307e-07 7.74463422075e-07 6.51600794334e-08 1.26140493615e-07 1.8904056901e-07 5.40127884053e-09 2.31815215383e-07 9.91313501068e-08 2.51197501129e-07 2.09912707942e-07 9.26843585219e-08 1.47026318828e-08 1.64049986787e-07 1.14762217872e-07 3.3007178453e-09 9.92693329407e-08 1.94616906734e-07 2.77822500912e-07 7.44985561902e-08 2.24797054376e-07 2.66879781859e-08 8.76983159178e-08 1.00692273865e-07 5.40579570061e-08 3.54304780923e-07 5.08754412377e-07 3.31962925439e-07 1.02991954562e-07 4.8154412289e-08 5.36355423338e-09 4.79423730066e-07 6.08115526128e-08 1.5388941807e-08 2.76562814213e-07 4.64573906103e-08 2.85793445108e-07 7.86710699201e-08 2.17528735614e-07 9.13233866928e-08 1.28727819247e-07 3.27075357728e-08 1.48922548072e-07 3.03699843893e-07 2.03669371355e-07 3.09222516131e-07 2.50598161235e-07 7.25619345522e-07 4.21684044267e-07 5.79364381589e-07 2.20291351453e-07 2.89984198312e-07 1.80490962149e-06 2.06545791294e-07 2.75973387582e-07 1.17649812418e-06 3.86112120678e-07 7.58804273584e-07 9.87260514615e-07 1.30349834043e-06 8.20332458007e-07 2.98315768065e-06 8.72179345309e-07 7.84088151144e-07 1.63625893688e-06 6.42362071694e-07 3.56435445589e-07 2.05790998433e-06 1.03213996499e-06 1.3117613456e-06 6.17421678535e-07 8.20758524328e-07 3.49488565513e-07 2.13186169237e-06 3.46463008239e-07 7.58419209463e-07 6.46083468214e-07 1.19601732749e-06 9.31288426849e-07 1.7752685856e-06 3.51995116568e-07 5.18186669352e-07 1.47094778481e-06 6.97611653932e-07 4.93099970896e-07 2.33025989664e-06 4.90490861819e-07 1.1007553051e-06 9.8712055453e-07 6.17494563588e-07 3.42747178967e-07 9.95030723585e-07 2.52942629631e-07 2.3669944887e-07 1.56853146698e-06 2.96144055046e-07 2.02441518848e-07 5.83944454304e-07 4.59351757037e-07 8.76730323596e-07 3.48638512417e-07 3.78472986274e-07 2.46017697e-07 3.4761727767e-07 2.68808527418e-08 8.21552994074e-08 1.36739859556e-07 7.64181089691e-08 1.7771509329e-07 1.02114078499e-07 1.81839604069e-07 5.95561053735e-08 9.58586163116e-08 2.25163814543e-07 3.25898257168e-08 5.6012259898e-08 2.96993257485e-07 5.56996586098e-08 2.49014461195e-07 1.67123724781e-07 1.58355745765e-07 6.81816864218e-08 6.82110702085e-07 5.75682977426e-07 5.51492551423e-07 3.04765187471e-07 2.02773946761e-07 1.43921523276e-07 9.00202295795e-08 2.11830788095e-07 3.25685787159e-07 1.96636211405e-07 1.83496505639e-07 8.96485323061e-08 1.87937860453e-07 2.63620163189e-07 1.77848507271e-08 1.82719887774e-07 2.72290316474e-07 2.88084350621e-07 2.1699323715e-07 1.00066317711e-07 8.89930976174e-08 1.19610282592e-07 1.81067845726e-07 3.30458642707e-07 5.10642933681e-07 3.78882101682e-07 5.8489090529e-08 5.71722017485e-08 1.51044680151e-07 2.1932651644e-07 1.53049076906e-08 2.86564598664e-07 5.43520936379e-08 2.61382573781e-08 2.53398423612e-07 8.85686021723e-08 7.43247916521e-08 1.74705493677e-07 1.16125110842e-07 2.05957506556e-07 8.88625638307e-08 1.71218556408e-07 9.28281959234e-08 3.01164986698e-08 9.4537853743e-08 2.29717394901e-07 2.5153179312e-07 2.71211310921e-07 1.1335431173e-07 4.25304564047e-07 3.56899838717e-08 1.82213737427e-07 7.97386226857e-07 1.02409786045e-07 9.93176217376e-08 5.60295050687e-07 6.57723179537e-08 2.81574594725e-07 5.42543457274e-07 6.73025760358e-07 1.80068074584e-07 1.23539679966e-06 5.24180935048e-07 1.82267921752e-06 1.26204993906e-06 4.61864676234e-07 5.7118671601e-07 1.01226137788e-06 4.87590756968e-07 1.07083508936e-06 2.31797209908e-07 7.69506254706e-07 3.95946235126e-07 5.85972827336e-07 2.6275499204e-07 5.40964025556e-07 3.72721158324e-07 7.24137935046e-07 1.43019332532e-07 1.04652321964e-06 4.98020077716e-07 6.10958421911e-07 4.605495849e-07 4.09753690126e-07 6.18744116525e-07 1.45714616923e-06 3.01879510818e-07 9.6396364204e-07 1.45311901076e-07 4.89428176066e-07 4.67584021279e-07 2.41111811476e-07 6.92999507036e-08 4.96657997586e-07 9.47438716836e-08 9.45189805017e-08 7.75398647317e-07 1.59075516512e-07 2.25580904964e-08 5.07599128774e-07 1.01598614605e-07 3.59631594532e-07 2.99295663665e-07 2.86712604767e-07 1.17290457145e-07 1.83823719966e-07 2.47105801813e-07 2.04096228514e-07 5.7507277001e-07 2.7708981248e-07 2.43366746147e-07 3.58046196745e-08 4.01628028202e-07 3.89653126725e-07 3.25969139448e-07 6.91774733126e-09 1.13881620343e-06 1.25471364319e-07 4.72422618799e-07 5.12133435976e-07 8.46157643324e-07 2.90372391269e-07 1.18260327812e-06 2.84226423486e-07 1.18727204252e-06 2.1206512478e-06 1.10616891944e-06 3.75554200601e-07 1.52775816237e-06 1.10558999185e-06 4.17315855145e-07 9.23026712447e-07 8.36631642516e-07 5.71288674497e-07 1.11837968473e-06 4.14357137706e-07 4.21173514076e-07 1.1349181016e-06 5.46767907024e-07 6.73341407792e-07 9.26276756391e-07 3.70167260077e-07 8.64302731987e-07 1.36040600357e-06 3.40949689149e-07 5.82759552565e-07 1.73373292258e-06 6.70227190111e-07 1.88350129258e-07 9.72140526859e-07 1.91922829668e-07 7.51923690852e-07 4.81308423753e-07 4.0227403887e-07 1.50800937755e-07 9.93192557876e-07 2.77616548935e-09 3.05429521586e-07 4.22042575754e-07 4.5756997842e-07 7.72262708889e-08 2.57338741938e-07 3.33464437868e-07 6.9584837734e-07 2.61059245913e-07 3.14031369104e-07 2.14228720886e-07 1.19317284324e-07 1.70743581102e-07 1.57306712427e-07 3.09323296082e-07 7.28773189532e-08 2.26269164924e-07 1.23655335067e-07 4.12998930549e-07 1.37725958062e-07 9.2483227783e-08 3.98838611996e-07 7.38212871439e-08 3.62198769374e-07 3.9300384238e-07 4.55104973306e-07 1.09202423835e-07 7.5364844086e-07 1.33165206502e-07 5.57513162805e-07 9.79065144439e-07 1.20315957689e-06 8.98479635034e-07 7.62435481246e-07 9.76761320302e-07 7.16837824323e-07 2.80547665648e-07 8.29769194937e-07 3.24623063505e-07 1.05046883124e-06 3.43332953699e-07 1.34805312938e-07 3.02066143692e-07 1.08844488236e-06 3.58007464123e-07 7.58350624634e-07 2.35109773566e-07 5.82078513587e-07 7.67275860356e-07 6.39703607168e-07 5.5074982075e-07 1.06315339081e-06 4.71891522755e-07 5.5822222814e-07 1.11067297412e-07 5.86245594317e-07 1.45566880702e-07 3.50006493912e-07 3.25468706659e-07 3.48256004687e-07 7.9560895333e-08 3.97278399449e-07 8.88998307722e-08 1.22775328475e-07 4.21269109575e-07 9.47005568076e-08 2.66100503659e-07 9.55891229775e-08 3.83144329703e-07 1.91504086675e-07 2.17206023394e-07 1.40373593531e-07 1.01711675594e-07 1.21498559514e-07 1.69707850296e-07 3.81565778584e-07 1.54400328858e-07 1.69079478489e-07 2.49365014122e-08 1.38859542824e-07 3.82339850927e-07 2.32492997012e-07 3.79935723233e-08 6.65261762496e-07 2.23490617391e-08 4.43044971232e-07 2.80879549132e-07 4.36065148259e-07 5.65524101321e-08 9.09843826109e-07 1.77249468214e-07 2.5129877264e-07 5.20980167105e-07 7.1191370726e-07 1.33305229508e-06 1.50693273274e-06 5.80780034835e-07 8.76269314336e-07 3.03195059771e-07 5.29769209553e-07 5.84785023978e-07 7.31837777977e-07 5.20064504977e-07 2.89437538467e-07 3.29180340204e-07 5.12053098433e-07 7.2318129916e-07 5.82199666393e-07 5.01953139066e-07 1.88082187354e-07 8.04927320904e-07 6.06665276236e-07 8.17771762822e-07 1.16989298404e-06 4.40975501995e-07 4.42687509487e-07 1.98844881416e-07 8.79501794657e-08 8.73354248111e-07 8.40260128155e-09 3.90342771593e-07 3.0659388794e-07 4.31132388749e-07 1.69066075075e-08 7.12085305902e-07 6.40125613652e-08 2.63866776114e-07 4.24612474112e-07 1.3803269679e-07 2.0130765262e-08 1.80055131736e-07 1.73971309753e-07 4.33441487165e-07 2.12835978225e-07 1.47020934553e-07 1.17484005427e-07 1.0902431516e-07 3.61724811215e-07 2.97272356625e-07 7.95077796921e-07 3.46081755936e-07 5.91807471611e-07 1.17768475423e-07 4.38803749004e-07 8.8313884304e-07 5.32304664201e-07 2.05290126734e-07 8.78499270538e-07 4.03725379791e-07 3.7129413368e-07 1.11400189105e-06 6.53861561323e-07 1.0837414659e-07 1.43975713039e-06 4.5089033299e-07 1.17367714268e-06 1.20238875072e-06 1.06118847404e-06 1.76568632662e-06 3.44573061725e-06 2.5076194397e-06 8.69824503406e-07 1.42475527685e-06 1.53953830307e-06 4.85357686461e-07 2.74621816338e-06 8.82224477047e-07 1.36747607554e-06 1.12041788436e-06 1.33796709757e-06 8.89356661802e-07 2.50706655921e-06 5.52350658471e-07 1.15347777478e-06 1.44034034664e-06 8.24690781984e-07 1.50635453188e-06 2.79541490956e-06 1.09187468768e-06 8.48997000923e-07 1.12164770993e-06 9.22530470935e-07 4.27231980174e-07 1.19455815282e-06 1.25128142379e-07 6.33161574475e-07 9.84518800387e-07 3.6281365715e-07 3.98120795562e-07 8.27779498558e-07 1.88357079633e-07 4.97990083698e-07 9.37378660431e-07 4.16726981558e-07 1.670174413e-07 6.63402260984e-07 4.14646121459e-07 9.57889743725e-07 3.61296669575e-07 4.41249804885e-07 1.25245494283e-07 2.38583012857e-08 1.22107753426e-07 2.0531755176e-07 5.0805294017e-07 1.40417672141e-07 2.35267029301e-07 3.41849688006e-08 2.33305727617e-07 5.85666401605e-07 4.23886316171e-07 1.39465931154e-07 7.24769795293e-07 5.25235219462e-08 5.44068340816e-07 3.6315612874e-07 8.39193391925e-07 1.12820585678e-07 1.1661281006e-06 1.9682696303e-07 9.93489494178e-07 9.82719316464e-07 4.93747654911e-07 8.00053639497e-07 1.99985679075e-06 2.16309511043e-06 1.51086110314e-06 4.75520929985e-07 9.27575520514e-07 8.03261502101e-07 7.81154508501e-07 6.63523057781e-07 5.09345640716e-07 9.21694823324e-07 9.71407932694e-07 4.02611099599e-07 5.97099630763e-07 7.3533588325e-07 4.78606829017e-07 7.62998399885e-07 3.99976204043e-07 8.85259303958e-07 1.86222584838e-06 1.13540071475e-06 7.86898178428e-07 4.36270491068e-07 6.7459189342e-07 9.59726676691e-07 1.08611271603e-07 9.52484496357e-07 8.26972574182e-08 7.74344594458e-07 3.67290095036e-07 5.18230034326e-07 3.30767524547e-08 7.57930237607e-07 1.6705826979e-07 4.51947796289e-07 6.67599172802e-07 2.75788112201e-07 3.59599101735e-08 2.69646768408e-07 1.86150193939e-07 6.11672936888e-07 2.57035146026e-07 1.36454440108e-07 2.55058846346e-08 2.11832899835e-07 2.28929517619e-07 4.99786647833e-07 2.40591367732e-07 4.03657881871e-07 4.86109817508e-08 1.90392751087e-07 3.66592556512e-07 2.96398978597e-07 1.81392932654e-08 7.02143207389e-07 1.91981591493e-07 4.02705167649e-07 8.25868640923e-07 3.61862454756e-07 1.90985481629e-07 8.16993608626e-07 2.57558527939e-07 5.2566476022e-07 8.1309904419e-07 5.24684308691e-07 9.43536433381e-07 1.45689880146e-06 1.36968488649e-06 2.01359323159e-06 7.5140995953e-07 8.79665347985e-07 1.01527430047e-06 1.21201171613e-06 2.94499244541e-07 8.97853743164e-07 4.19045885745e-07 1.50684698437e-06 4.23072046844e-07 8.11475994875e-07 3.4876728487e-07 8.44646953448e-07 7.76259871542e-07 8.13932017339e-07 3.00601623118e-07 1.75349209949e-06 9.18676633402e-07 1.26164606381e-06 9.19028999277e-07 4.77267019843e-07 6.79798961767e-07 4.73998817173e-07 2.28122234892e-07 7.52142225633e-07 1.76790620837e-07 3.62929143591e-07 7.56753232868e-07 3.51539028503e-07 1.80501050614e-07 6.9636768831e-07 5.49046409788e-09 2.71068069008e-07 4.64144187002e-07 1.91083295789e-07 3.31420138117e-08 5.01838443565e-07 2.43268677844e-07 6.19325279842e-07 2.91720731088e-07 2.51674871103e-07 2.07451176189e-07 1.97022422328e-07 4.73952799531e-07 1.18506515752e-07 2.89325543381e-07 1.7899757498e-07 1.7084544752e-07 4.26383559604e-07 2.58225432609e-07 1.36154442042e-07 4.41746407773e-07 1.39148306844e-07 8.14713013675e-07 2.97884346411e-07 9.15629416692e-07 1.25355057503e-07 1.56785334761e-06 1.97256502224e-07 3.53555745366e-07 7.24541489882e-07 5.87163413958e-07 8.32428045956e-07 1.35071628164e-06 8.69114440165e-07 1.14707065582e-06 1.86122324333e-06 1.47653913263e-06 2.41275077572e-07 1.81211212156e-06 8.98044931255e-07 3.89365377859e-07 9.51736328852e-07 1.48990528707e-06 1.14613087709e-06 1.05446714096e-06 3.91902377956e-07 6.28453269404e-07 1.88373575499e-06 2.0716692486e-07 9.85627186027e-07 1.64813677592e-06 6.37540916899e-07 6.82477567069e-07 1.1607118009e-06 6.56184091938e-07 4.82061060594e-07 7.85424147113e-07 3.10350765219e-07 1.97053539132e-07 1.33795609257e-06 1.47507696436e-07 8.37369875264e-07 2.62107296108e-07 7.62839509819e-07 1.5105893104e-07 4.16498900427e-07 1.93846983151e-07 2.16331284931e-07 4.7412687753e-07 1.92781692528e-07 2.18131375024e-07 3.16428503812e-07 1.39174602784e-07 5.59720615549e-07 2.22743380954e-07 2.30157262222e-07 5.36351712865e-08 3.26544139739e-07 6.51066380611e-07 2.68097395841e-07 3.89423934238e-07 1.39956069556e-07 3.0266731204e-07 5.82243205001e-07 2.8184011534e-07 2.12442140252e-08 7.87821964965e-07 2.96323939889e-07 5.09189995358e-07 5.08711266686e-07 5.05129379837e-07 2.10079567088e-07 7.91964372865e-07 3.40809321904e-07 5.87930656272e-07 7.65408185753e-07 5.74711902944e-07 9.88251001463e-07 1.46600237535e-06 8.99032789934e-07 1.26701021368e-06 1.20975683963e-06 2.79263198529e-06 1.43100575872e-06 1.46787916477e-06 1.04055719419e-06 6.51820727751e-07 5.31191983855e-07 1.83580417066e-06 9.16300914928e-07 1.75996053862e-06 6.06218336204e-07 4.54093224679e-07 8.90187355888e-07 1.29602516833e-06 9.26589483798e-07 2.26543835414e-06 5.61299949925e-07 1.2131102092e-06 7.8581752585e-07 1.04800776611e-06 9.37574180962e-07 4.73062785382e-07 6.24791046171e-07 5.46195822626e-07 2.83558145798e-07 7.54429930111e-07 1.82125872193e-07 4.69877401708e-07 5.45499622649e-07 4.60011675831e-07 2.74394990255e-07 7.84283087683e-07 7.20479302264e-09 3.02348327288e-07 6.10299108177e-07 3.14973539046e-07 1.3548031551e-07 4.4915617608e-07 3.03727995563e-07 7.81066566441e-07 3.77694401922e-07 5.92795814944e-08 1.78183368473e-07 3.14903388154e-07 1.02820679094e-07 1.36869660359e-07 8.33129147201e-08 1.24334369102e-07 3.5051242043e-07 2.30543247799e-07 3.29674534334e-09 3.35483059977e-07 1.51057611455e-07 2.24187817058e-07 3.203649287e-07 2.98500757088e-07 4.54860777457e-08 8.58239689059e-07 8.93754034745e-08 6.08016671942e-07 3.04253444244e-07 4.20531193633e-07 2.72986752595e-07 1.00114523178e-06 4.75235339169e-07 3.72871307493e-07 3.93561690646e-07 1.34614296777e-06 1.38472104535e-06 1.62907403963e-06 4.79562282574e-07 3.37927302758e-07 4.15500916778e-07 5.62319658085e-07 7.97748672186e-07 7.41478215318e-07 5.91530497345e-07 2.62498795518e-07 2.65509378329e-07 4.64472971436e-07 8.37065111539e-07 1.22503170038e-06 8.29652519362e-07 1.94060367325e-07 2.42958379661e-07 3.75340538188e-07 9.90287086998e-07 1.94711837744e-07 3.76054239519e-07 2.49271825402e-07 5.44927187703e-07 7.32156798741e-08 8.48906174125e-07 2.40641758152e-08 2.97623531689e-07 3.40130256483e-07 2.59494481191e-07 1.55425139242e-07 3.33924680046e-07 9.82927119014e-10 2.6078078712e-07 3.77580371455e-07 1.34287042345e-07 8.98394719457e-08 1.46959585317e-07 1.20795277878e-07 3.61395919826e-07 2.01633580727e-07 5.8685222177e-07 1.17893238124e-06 3.16751262663e-07 5.63718962817e-07 2.15607922527e-07 3.51955248777e-07 8.94861111325e-07 4.7302880422e-07 1.37396283717e-07 1.07559180618e-06 3.92333356721e-07 8.78202108108e-07 6.57916043749e-07 7.85426235235e-07 3.65606962752e-07 1.67948388983e-06 5.26830038575e-07 6.175477083e-07 1.77931036043e-06 9.24592547288e-07 8.40022003221e-07 2.100341311e-06 1.49354824455e-06 1.77107031928e-06 1.41436778493e-06 1.90868143403e-06 1.97936039562e-06 4.41550080987e-06 2.09988569789e-06 1.10586752324e-06 2.42330380452e-06 2.96731367127e-06 1.13205569078e-06 2.79008791162e-06 1.16645644416e-06 2.34483276368e-06 2.19379276231e-06 1.15895756633e-06 1.38522027245e-06 3.89501761905e-06 1.35534177749e-06 1.69371271748e-06 1.52489117684e-06 1.33598089315e-06 1.44968032514e-06 1.80529994967e-06 8.46606774116e-07 7.71971592671e-07 1.66398939927e-06 5.80038044659e-07 4.93469150082e-07 1.48358526771e-06 4.20040962197e-07 7.96064072669e-07 5.57838956709e-07 9.09856289689e-07 3.71301899945e-07 1.10614729446e-06 2.09957664224e-07 4.41825455266e-07 1.00753073586e-06 4.39482745791e-07 2.21958032324e-07 6.70759074657e-07 3.95168325951e-07 1.30547224774e-06 6.58635045363e-07 1.78328520888e-07 3.12944372982e-07 7.08981844244e-08 2.22469179324e-07 4.90886255292e-08 1.38865805368e-07 2.92940961756e-07 1.27910465779e-07 2.12071812771e-08 2.06271160764e-07 2.04031479506e-07 1.35122422896e-07 3.35692704216e-07 2.71239358586e-07 3.36339697434e-08 8.07887892101e-07 1.24513381301e-07 3.01194535876e-07 3.08023114255e-07 4.78648936908e-07 2.62747691676e-07 7.48258546534e-07 3.23510202184e-07 6.62386898348e-07 3.07168908982e-07 7.02447721419e-07 4.66674852504e-07 1.49043731934e-06 1.39378370784e-06 1.0066368991e-06 5.94236078714e-07 8.85571721603e-07 5.59381373358e-07 5.82058277782e-07 6.12430169897e-07 4.49126036151e-07 8.39040496396e-07 5.58940166441e-07 4.49488035526e-07 1.28520894054e-06 8.92650719712e-07 5.00853296638e-07 5.93503109266e-07 2.22890006057e-07 7.37024798741e-07 1.70988311482e-07 7.28346930231e-07 2.68662685785e-07 4.91456055848e-07 3.20601335079e-07 3.20411960183e-07 8.93233557805e-08 7.5779023852e-07 2.18906219018e-08 2.78743682968e-07 3.38797399104e-07 1.23906038566e-07 2.47232227314e-07 1.87901598478e-07 1.00906610478e-08 1.23841439445e-07 3.17324819177e-07 1.57259879979e-07 4.04092045773e-08 2.2545181735e-07 9.71189535625e-08 3.71205393181e-07 1.95353982891e-07 1.13516976298e-07 4.8316904434e-07 1.73618605233e-07 2.61546060839e-07 9.93603307731e-08 1.04860357903e-07 6.51644461644e-07 1.79236407162e-07 8.82030768531e-08 7.39851537001e-07 1.93914547793e-07 4.48405141307e-07 3.34802770082e-07 5.98299363624e-07 2.61578263411e-07 9.01332400382e-07 2.73653182104e-07 3.61972015862e-07 9.72860852798e-07 3.33217149008e-07 7.55158463547e-07 1.02387754046e-06 4.53724159251e-07 9.11250733007e-07 1.05599985295e-06 1.17588147455e-06 5.47167628817e-07 2.03904486555e-06 9.45785703035e-07 2.14872727837e-06 2.07624221198e-06 9.98280310522e-07 1.68657366397e-06 1.71811692264e-06 2.97249506774e-07 1.63561639989e-06 1.61685718501e-06 1.05843250786e-06 1.50483073654e-06 2.00528018514e-06 6.41028139658e-07 1.75131351928e-06 4.20754652517e-07 9.37251744489e-07 9.87526002458e-07 7.02907478092e-07 4.52938219825e-07 9.25414454939e-07 6.6244067114e-07 3.0330976587e-07 8.89636195325e-07 4.03975167608e-07 2.50542912595e-07 8.55298963544e-07 2.96729580786e-07 5.81465347205e-07 3.35002039424e-07 4.47773015218e-07 2.06154644794e-07 7.45346650312e-07 1.03628224732e-07 1.8881840605e-07 7.587376621e-07 1.15853967445e-07 9.75920161706e-08 3.12704887776e-07 2.19356270675e-07 5.55128562653e-07 1.22348387551e-07 3.37392463683e-08 5.4538214888e-07 9.52571595315e-08 7.10291709732e-07 7.30325819154e-08 1.27861125498e-07 5.89114221189e-07 2.36329783741e-07 8.98335399488e-08 5.84660990714e-07 4.07007451468e-07 5.05567953774e-07 4.36791264447e-07 5.6019906557e-07 1.44535235049e-07 1.05399010138e-06 1.68279351115e-07 7.65569970926e-07 7.34826221e-07 7.79091187242e-07 3.42256418584e-07 2.20476456875e-06 6.4721574807e-07 7.30925530232e-07 8.21366721278e-07 1.35464159635e-06 8.07069341616e-07 1.70851535625e-06 5.29958642377e-07 1.9922708036e-06 2.89870915306e-06 2.91021848287e-06 1.15294192444e-06 1.9804524026e-06 1.03650044843e-06 9.25446606395e-07 1.89481246814e-06 1.09440033327e-06 1.93936985516e-06 2.55501369221e-06 1.14335241058e-06 5.86261043292e-07 1.37047412209e-06 5.73656225852e-07 1.3561951285e-06 6.55052827307e-07 6.71188278035e-07 6.24489031677e-07 2.02773358149e-06 2.80032733474e-07 7.08592651355e-07 7.57844158145e-07 7.25367303999e-07 1.73639505896e-07 1.04999155748e-06 1.6787262084e-07 5.78903010561e-07 3.61098545694e-07 5.80038992855e-07 3.74454991021e-07 5.41227212763e-07 8.39337104895e-08 2.04686646017e-07 6.86976251404e-07 1.54059009273e-07 7.2914912773e-08 7.62647077705e-07 1.1633643635e-07 5.94052710892e-07 3.65348918148e-08 7.77085181893e-07 1.85320906475e-07 6.54338684203e-07 1.44258000158e-07 1.69194173507e-07 9.11403346553e-07 2.71893882702e-07 8.26485342233e-08 9.21990952061e-07 4.35557616436e-07 7.31492812109e-07 6.14437629199e-07 8.98166354499e-07 1.65618276677e-07 1.47910208434e-06 1.63412869419e-07 7.12432992495e-07 1.13945748396e-06 7.62647179378e-07 7.82435018139e-07 1.11356886553e-06 1.5311453608e-06 9.61421721827e-07 8.66522710021e-07 1.23918565977e-06 9.67666673363e-07 2.42667584002e-06 6.45852218452e-07 1.61826618232e-06 2.73483063473e-06 3.71370090749e-06 2.61852849407e-06 1.7615251101e-06 1.69995346467e-06 1.35741316448e-06 1.41600358681e-06 1.63767091627e-06 1.75518751627e-06 3.40225404541e-06 1.90130525167e-06 1.51560404526e-06 6.43762418654e-07 1.67445224158e-06 1.13127809729e-06 9.75259653643e-07 7.28876341157e-07 8.95702354013e-07 1.22751660724e-06 1.05327531355e-06 6.92367509949e-07 6.73674973989e-07 1.0508758336e-06 6.97757460538e-07 1.78524227256e-07 1.51542532094e-06 1.53870936548e-07 9.24484279638e-07 5.93080911929e-07 7.14133932533e-07 4.02610389146e-07 1.00158338108e-06 9.90723899633e-08 2.43515929516e-07 9.8638927322e-07 1.9214528594e-07 1.3338434834e-07 7.20276421774e-07 2.40179050557e-07 8.73667765602e-07 7.53185400291e-07 1.94347026204e-07 5.52129229029e-07 1.09082753517e-08 1.97773487246e-07 3.72588932029e-07 2.38380696879e-07 1.58309822231e-07 5.87483423744e-07 4.00836743727e-07 5.74389915741e-07 3.02861673442e-07 4.89997355442e-07 2.46349847985e-07 9.93921500469e-07 1.82632016721e-07 8.67416715254e-07 6.04478245754e-07 1.02449332203e-06 2.57663060718e-07 1.78206905899e-06 5.10450007104e-07 1.32346086593e-06 8.86359078211e-07 9.03282616811e-07 7.10220416798e-07 2.34617024614e-06 7.964285594e-07 1.1390149115e-06 1.64316909757e-06 2.59874327104e-06 2.80509118557e-06 2.79693689257e-06 6.35627965738e-07 1.43492392615e-06 1.87026269773e-06 4.95939274413e-07 1.96196742099e-06 2.64552059262e-06 1.81463714524e-06 1.51588437951e-06 1.04569058945e-06 7.037143869e-07 2.40699225478e-06 5.76230090096e-07 9.57029910849e-07 9.01570913044e-07 1.1697011428e-06 5.55720388431e-07 1.69305294773e-06 3.06414459808e-07 1.02585026343e-06 5.6315848854e-07 8.53114548948e-07 1.50215497444e-07 9.01014889908e-07 2.75987822379e-07 5.65309100151e-07 2.75373117985e-07 6.24481702479e-07 4.03787086201e-07 5.99595105427e-07 1.42307498219e-07 2.62192899647e-07 4.35812426452e-07 2.24544696939e-07 1.1819602838e-08 6.06249500444e-07 1.88112164606e-07 7.98785339695e-07 5.19850903021e-07 2.7953691783e-07 7.83055465377e-07 4.98401949294e-08 3.26396525897e-07 9.82099817276e-07 1.25542242189e-07 2.85608392733e-07 7.36972749789e-07 3.86177736864e-07 5.85200714893e-07 5.47758425145e-07 7.290584034e-07 2.2275678099e-07 1.3707830521e-06 2.42848537836e-07 7.93112352388e-07 1.04782506761e-06 7.66824861883e-07 5.52914296445e-07 1.85859686043e-06 1.35981285631e-06 7.48603399429e-07 1.46275073466e-06 1.32246876364e-06 8.51800393033e-07 2.12401845498e-06 9.04298220073e-07 1.69124598894e-06 2.14417968215e-06 2.62169100014e-06 2.90281319307e-06 3.80028322411e-06 1.94482480891e-06 1.41955326546e-06 2.96727785162e-06 1.5370932586e-06 1.35750521821e-06 3.73983690237e-06 1.91220215524e-06 2.56809780788e-06 2.07843102293e-06 1.30982653991e-06 1.07032359922e-06 1.67156083304e-06 9.10141840002e-07 1.34619192489e-06 1.32608980995e-06 7.06365229263e-07 1.20736013782e-06 1.70230363794e-06 5.820722436e-07 7.15380428061e-07 1.00752332059e-06 8.25437896083e-07 3.00181370978e-07 1.32018153853e-06 2.54740300829e-07 7.46828062118e-07 6.11473899176e-07 6.04322907115e-07 3.98397060461e-07 8.29429852294e-07 2.77240308824e-07 2.04411579457e-07 1.01752437241e-06 3.5909081009e-07 7.39069293974e-08 7.98639440819e-07 2.98065327918e-07 5.52519210409e-07 1.53883061593e-07 1.54362231861e-07 2.66617940667e-07 9.70530943147e-09 6.94732957538e-08 2.88626130924e-07 6.30325056052e-09 8.96907230629e-08 2.1660698524e-07 1.17379082346e-07 1.89480176714e-07 9.87626700757e-08 7.98033678919e-08 1.22453386624e-07 3.78620430135e-07 8.63589315005e-08 1.45488489943e-07 4.69050221259e-07 3.07341882743e-07 1.94248476112e-07 8.78606836718e-07 4.78187860647e-07 3.37726241215e-07 2.85450371419e-07 8.81253714607e-07 2.70797831932e-07 9.50342507986e-07 1.216216555e-07 6.4176851394e-07 6.49828288608e-07 9.59446261061e-07 7.90548033607e-07 1.24775276857e-06 1.60985452155e-06 1.27638652014e-06 8.60673723456e-07 9.06502900505e-07 6.54297982908e-07 1.4471239051e-06 9.42754756689e-07 6.5046056882e-07 8.74687228614e-07 7.11810107253e-07 6.37596038385e-07 5.6080417687e-08 8.95075950881e-07 2.50893464553e-07 8.32029848605e-07 2.68266718474e-07 3.75089032854e-07 4.25245062253e-07 7.54134499525e-07 2.08314628813e-07 2.89855773272e-07 4.87407304099e-07 1.47771560786e-07 7.75635022875e-08 3.77945224127e-07 1.32914761604e-07 1.1554565192e-07 7.67098404347e-08 2.30798279449e-07 1.53532601163e-07 1.83275833454e-07 1.00707249187e-07 2.44761592509e-08 2.87388340005e-07 8.06671285029e-08 1.05734713317e-08 2.83559673559e-07 1.66081787486e-07 1.64196989362e-07 3.07872354739e-07 4.56022546884e-07 7.41541607901e-07 8.54775658443e-08 2.12778215274e-07 6.70770594569e-07 2.64364963256e-07 1.16363954747e-07 6.59379004108e-07 4.35122168318e-07 4.16914872062e-07 4.78879840551e-07 7.14340785526e-07 4.20363405803e-07 1.54657396505e-06 3.53386219682e-07 8.88519389518e-07 7.72032973087e-07 7.28647337326e-07 6.83447167721e-07 1.39034536648e-06 1.17824559221e-06 6.07326578949e-07 1.68253642061e-06 6.17934506142e-07 1.33400402955e-06 2.0790756317e-06 6.373930318e-07 1.611060716e-06 2.21132577164e-06 3.16392955224e-06 1.75122644793e-06 2.39548744443e-06 1.62308718543e-06 3.79314745987e-06 4.75068616094e-06 9.39401087236e-07 3.85432497316e-06 4.11147494758e-06 1.17263050528e-06 2.27230889053e-06 1.87381252474e-06 2.58549487666e-06 2.02307596938e-06 1.39409501897e-06 6.06102831091e-07 1.93500062874e-06 1.18434880599e-06 6.67180560994e-07 1.62973059808e-06 6.57302921987e-07 1.269290819e-06 1.36779809739e-06 7.97590206368e-07 6.97107483295e-07 7.68528132713e-07 9.12823682316e-07 3.32648631648e-07 1.47707416607e-06 3.57840543602e-07 8.06950248172e-07 5.22000848629e-07 5.22206314711e-07 3.88440104542e-07 7.53148694464e-07 1.29709099655e-07 3.48192284451e-07 7.50727491902e-07 2.22678178726e-07 1.05798563067e-07 8.35207679376e-07 4.61944018891e-07 3.11208759276e-07 4.55039071544e-07 5.23747242787e-07 1.32721959162e-07 3.03011908746e-07 7.75457789094e-07 1.67387171412e-07 2.0396166268e-07 8.01326709848e-07 3.30361670721e-07 5.59222863739e-07 5.3883718899e-07 7.46128154956e-07 5.14270693406e-07 8.69932688455e-07 4.25312048917e-07 4.34261174729e-07 1.17887409107e-06 4.05636761448e-07 5.58841616072e-07 1.68548088164e-06 6.80843036944e-07 9.84529183862e-07 1.16747681873e-06 1.60615720572e-06 2.84351221445e-07 3.37098548207e-06 4.59591691624e-07 1.58115813242e-06 1.70151614519e-06 3.07611009372e-06 1.82449769504e-06 2.51305923725e-06 1.30557820076e-06 3.2236338494e-06 4.70080966371e-06 2.61341619917e-06 2.03055762901e-06 4.53586302604e-06 2.60255430706e-06 1.15494650703e-06 2.32517931138e-06 1.58320048915e-06 3.10005984311e-06 1.50852807822e-06 1.5043949854e-06 5.0758326724e-07 3.17275620924e-06 3.39283899527e-07 1.45943445584e-06 1.09700470065e-06 9.13484156886e-07 6.72348507533e-07 1.58852428713e-06 5.68623590481e-07 3.80914437508e-07 1.16122336089e-06 3.98526923399e-07 4.65586148645e-07 8.78604906523e-07 5.08447594665e-07 7.1362729069e-07 5.58840630509e-07 5.99534192211e-07 3.00987007913e-07 8.2194181076e-07 1.91573103535e-07 1.86438699811e-07 8.0049385358e-07 3.03089873116e-07 1.47540890064e-07 5.80511826332e-07 4.69261911292e-07 1.43874296802e-07 2.11965633212e-07 1.09509275318e-07 1.73964010182e-07 3.88884276506e-07 1.01549729865e-07 6.6225433079e-08 3.824928071e-07 1.95582155238e-07 3.06747095045e-07 2.72605391638e-07 5.05061958927e-07 2.91023526153e-07 4.62605009331e-07 1.18672598824e-07 3.50595007433e-07 5.90428877722e-07 4.25380844975e-07 1.68146764705e-07 1.16348058716e-06 2.91651163673e-07 5.12387739872e-07 7.53694848749e-07 8.05521736793e-07 2.71901302672e-07 8.5050705189e-07 5.65084562395e-07 6.56025705688e-07 1.01070744661e-06 9.85541811944e-07 1.28088793172e-06 9.3724770508e-07 6.30667085921e-07 1.28716438797e-06 2.61330636573e-06 2.28584274981e-06 2.5374651956e-06 2.30241275721e-06 1.95212131784e-06 1.04430048707e-06 6.12852940625e-07 1.0103984954e-06 1.2292777767e-06 9.34901546881e-07 9.79249752112e-07 6.26230341366e-07 5.34814291644e-07 8.21916298222e-07 2.82984718171e-07 7.4724711746e-07 7.173327187e-07 5.24784112384e-07 2.98929920627e-07 1.15724230713e-06 1.44610958841e-07 4.2389218842e-07 6.35669235724e-07 3.60986654081e-07 1.36593461852e-07 4.80344823277e-07 2.84505777344e-07 4.46648905495e-07 2.57493884284e-07 2.67418723209e-07 1.94522294663e-07 3.82768944544e-07 9.5325245665e-08 1.14826867378e-07 3.96591011423e-07 1.93342779471e-07 1.15474325758e-07 2.2353155681e-07 1.47956331437e-07 2.17776885483e-07 5.85136166823e-07 2.59935170108e-07 2.59414077714e-07 1.43257402813e-06 3.81393488057e-07 1.38329512112e-07 9.88447421289e-07 3.16870594816e-07 1.05441876937e-06 4.63053526272e-07 1.35873482976e-06 3.8928265099e-07 1.77981546441e-06 3.02346729996e-07 1.06496695727e-06 1.41202165183e-06 7.17724667242e-07 8.11519804446e-07 1.84045665273e-06 1.22137832154e-06 1.4831753673e-06 1.43219720513e-06 2.20391135021e-06 7.43491955381e-07 4.37393879206e-06 4.94597113667e-07 3.02991311672e-06 2.03807425509e-06 2.72442826814e-06 2.32743637078e-06 3.4298689576e-06 1.92040027293e-06 3.41415085777e-06 3.59340009439e-06 3.26528100159e-06 5.35107684547e-06 6.21967073526e-06 2.59128944206e-06 3.82408155536e-06 3.84609508738e-06 1.67008167579e-06 3.42431382259e-06 2.29611772748e-06 2.70649491062e-06 2.15442886994e-06 2.96461762537e-06 5.84622799065e-07 4.23158648527e-06 8.09060946093e-07 2.20650076485e-06 1.37569332177e-06 1.52295991742e-06 1.31747774982e-06 1.73199582685e-06 9.47864510372e-07 7.33856866806e-07 1.26228033623e-06 1.12298820748e-06 2.15556436879e-07 1.86176271454e-06 2.98293920935e-07 1.31229138149e-06 4.98689822098e-07 1.02648750442e-06 3.76282687689e-07 9.84885963119e-07 1.42698498491e-07 3.73199863359e-07 1.48303191281e-06 2.62493727641e-07 2.30284384858e-07 5.71740420826e-07 2.15338817235e-07 3.028991398e-07 9.03319365249e-08 1.33798142807e-07 4.49348659159e-07 2.05150942e-07 7.94677432707e-08 5.87684310395e-07 5.25136076909e-08 1.39017904117e-07 2.642822699e-07 3.58282743167e-07 1.50259397317e-07 4.75104535562e-07 8.78929204236e-08 4.42711137878e-07 5.03213033673e-07 4.78445307487e-07 1.01597430354e-07 1.08699173025e-06 9.07327354861e-08 6.9866800669e-07 5.61643114444e-07 7.18581585389e-07 2.85058344155e-07 1.17095330698e-06 4.10200495187e-07 5.49207572574e-07 1.39201418163e-06 9.32120613186e-07 9.35183871067e-07 8.78542298479e-07 9.45006316803e-07 9.41722729294e-07 1.73528299775e-06 1.07778231733e-06 2.04151106593e-06 4.24302227939e-06 2.04151106593e-06 1.07778231733e-06 1.73528299775e-06 9.41722729294e-07 9.45006316803e-07 8.78542298479e-07 9.35183871067e-07 9.32120613186e-07 1.39201418163e-06 5.49207572574e-07 4.10200495187e-07 1.17095330698e-06 2.85058344155e-07 7.18581585389e-07 5.61643114444e-07 6.9866800669e-07 9.07327354861e-08 1.08699173025e-06 1.01597430354e-07 4.78445307487e-07 5.03213033673e-07 4.42711137878e-07 8.78929204236e-08 4.75104535562e-07 1.50259397317e-07 3.58282743167e-07 2.642822699e-07 1.39017904117e-07 5.25136076909e-08 5.87684310395e-07 7.94677432707e-08 2.05150942e-07 4.49348659159e-07 1.33798142807e-07 9.03319365249e-08 3.028991398e-07 4.27262622761e-07 3.31685475198e-07 5.47331606775e-07 1.30775896086e-06 3.21893374407e-07 1.14348744211e-07 1.14756321553e-06 2.66630543724e-07 6.44190168681e-07 6.5977963973e-07 1.23132628738e-06 3.55118151246e-07 1.50896554461e-06 3.12953583426e-07 1.10846533745e-06 1.2485523023e-06 9.80267032846e-07 7.29081836342e-07 2.11720029886e-06 1.03032957745e-06 1.13864174846e-06 1.54172046261e-06 1.78446490405e-06 7.31581437008e-07 3.51952032237e-06 8.69268131941e-07 2.45619169355e-06 1.50747927266e-06 4.16578497055e-06 1.88361888359e-06 2.40547318367e-06 1.32480306644e-06 3.464399806e-06 3.77887019155e-06 2.29266963405e-06 3.88775594825e-06 6.06260683822e-06 5.06999384884e-06 5.20974097083e-06 2.1169275583e-06 3.49154795967e-06 3.68330551872e-06 1.22162123589e-06 2.45712190352e-06 1.8343669629e-06 4.14819369114e-06 1.54161491318e-06 2.3447604217e-06 8.68729115963e-07 3.50348936053e-06 7.78284986022e-07 1.81534941234e-06 1.41363060352e-06 1.10628247052e-06 1.05983430049e-06 2.06635504253e-06 8.03492243269e-07 9.1191852643e-07 1.21201747892e-06 1.09370410818e-06 2.90727697768e-07 1.60018470885e-06 3.65380802941e-07 1.2557247328e-06 7.07125167495e-07 5.4738918463e-07 3.11794755232e-07 1.1500282743e-06 1.27220727723e-07 2.82722339485e-07 1.27261896045e-06 5.4820833612e-07 3.15752293665e-07 3.99414317337e-07 1.0953229259e-07 4.73086496953e-07 7.83176826184e-07 2.43857832891e-07 7.49786511127e-09 8.80935981901e-07 7.6005127921e-08 4.60812008395e-07 3.61731416152e-07 6.54493061206e-07 4.16868137509e-07 6.30762323586e-07 1.76384100656e-07 7.05023174863e-07 9.06812826592e-07 8.19336766663e-07 4.62236703674e-07 1.69282573243e-06 6.21364555655e-07 1.11817634402e-06 1.06219368461e-06 1.47931536797e-06 4.30044726734e-07 2.03303134718e-06 5.29559206605e-07 1.12846526769e-06 1.8192567311e-06 1.24782085434e-06 2.3446693995e-06 1.14804804676e-06 1.12239748432e-06 1.62256837093e-06 2.66675498095e-06 1.31281440154e-06 2.38274453176e-06 3.69076647973e-06 3.15644384751e-06 3.9766354191e-06 2.86843089182e-06 1.48740636717e-06 3.00217683294e-06 1.7257387369e-06 1.14245501858e-06 1.22761969302e-06 2.52102734219e-06 1.24646513118e-06 1.91469435412e-06 1.27389607149e-06 6.07439064649e-07 2.15770389345e-06 4.11217769927e-07 1.41728198345e-06 9.9214719807e-07 1.11880125815e-06 7.83990574332e-07 1.61519430134e-06 5.30468773054e-07 8.50062376053e-07 8.74915444432e-07 7.63287364879e-07 2.14284808591e-07 6.83500526449e-07 3.91673653891e-07 7.03367564038e-07 3.59045879524e-07 4.06286174661e-07 8.95829486525e-08 8.63587665506e-07 8.84444630657e-09 1.9553284929e-07 7.48896519529e-07 4.46239563104e-07 1.13630780738e-07 1.4395573109e-07 7.05709425959e-07 2.10705836207e-07 6.27129094389e-08 6.05064627564e-07 1.76803330556e-07 5.30573657092e-07 4.92056590276e-07 6.13639631827e-07 3.86596441901e-07 1.00606290584e-06 3.67990595321e-07 6.48434106449e-07 8.50152150568e-07 6.54668374669e-07 3.83439408894e-07 1.25340108135e-06 6.12107165578e-07 6.57193677876e-07 1.14037019092e-06 6.11021799763e-07 6.15953889442e-07 1.79288216786e-06 7.58840684394e-07 1.22596885348e-06 1.51117065094e-06 2.49231404793e-06 8.55218486752e-07 2.75742073729e-06 7.71712048273e-07 1.49253314427e-06 2.06395771933e-06 1.76600692102e-06 2.4788743441e-06 3.75830475668e-06 2.69371051931e-06 3.40757989005e-06 3.84441511785e-06 3.10710923718e-06 1.9488591333e-06 2.05913721873e-06 1.40194075347e-06 7.93998288603e-07 2.7974409911e-06 8.15537758014e-07 2.5354431873e-06 1.49253529073e-06 1.28946118405e-06 7.17831646722e-07 1.74314271293e-06 6.73778997475e-07 6.59153000202e-07 1.0690991381e-06 5.4977473021e-07 7.45500946785e-07 1.20274947769e-06 3.93982674957e-07 6.50880122101e-07 8.98138440177e-07 5.65202421396e-07 3.23519688463e-07 1.06647373198e-06 3.66881259085e-07 5.30654263398e-07 5.12260076056e-07 5.25749262439e-07 1.54920832442e-07 5.39595773446e-07 8.51722720561e-08 2.19501641786e-07 7.1197549858e-07 1.38622415558e-07 1.91383155324e-07 1.11121202605e-06 5.39934850784e-07 9.59631961919e-08 1.50217121105e-06 3.42999292526e-07 7.35019464941e-07 7.99485321297e-07 9.99349491044e-07 2.17019166475e-07 1.29541590952e-06 3.52100992941e-07 7.36959337201e-07 1.36997023129e-06 5.0157059399e-07 1.0506589956e-06 1.82850189217e-06 1.03631444438e-06 1.60488544203e-06 1.37747619507e-06 1.68602163271e-06 6.84108187267e-07 2.70637218672e-06 9.22435235225e-07 1.41194153983e-06 2.48592591706e-06 2.06343840749e-06 2.99198485203e-06 1.62385896947e-06 1.95802073925e-06 2.14418020931e-06 2.69750107556e-06 2.14065877741e-06 4.22841674884e-06 5.31671121966e-06 3.66235158974e-06 2.60779978942e-06 4.07396228751e-06 4.93884021556e-06 5.59686487411e-06 1.87247410812e-06 3.06069483787e-06 2.78687669528e-06 1.83112175032e-06 1.70804682942e-06 3.17820511233e-06 2.32914799686e-06 2.48128390727e-06 1.45539383545e-06 1.06459009297e-06 2.73834666317e-06 7.90368195982e-07 1.78784219796e-06 1.38505386494e-06 1.78420900777e-06 1.27447017078e-06 1.71275396774e-06 1.10021827256e-06 6.46489073611e-07 1.23254285933e-06 9.04103538474e-07 2.51348226499e-07 1.47139686042e-06 2.05484861241e-07 9.04424219519e-07 7.5188322276e-07 6.16440679547e-07 3.3218927819e-07 1.35227192195e-06 1.14317940356e-07 5.00628004682e-07 9.96961706624e-07 1.77898714706e-07 6.61193218729e-07 3.51329365167e-07 1.86917278073e-07 1.16360360076e-06 4.52270179656e-07 4.61880430906e-07 6.68237437547e-07 6.81273931378e-07 2.71090701457e-07 9.3845673896e-07 4.03830063411e-07 8.01648977191e-07 8.38490377622e-07 3.67629960009e-07 6.64975413378e-07 1.48536815595e-06 7.11390875046e-07 8.50416689048e-07 1.4854036186e-06 9.76445905839e-07 5.90779639191e-07 1.92039797411e-06 7.62390363348e-07 1.44050820537e-06 1.84262786895e-06 2.47750336514e-06 1.73175376226e-06 2.55100705902e-06 8.60509524441e-07 2.59936148154e-06 2.23461867146e-06 1.69915230111e-06 2.37862323317e-06 4.86122403626e-06 2.29908213972e-06 2.5756610798e-06 2.48961501882e-06 3.55999177428e-06 5.18372816011e-06 3.74926508575e-06 1.81372351361e-06 2.34910836896e-06 2.84141067611e-06 8.4363581385e-07 2.8735433868e-06 1.84360780182e-06 2.51015433308e-06 1.87949890536e-06 1.57844809567e-06 7.30651458348e-07 2.05825124867e-06 6.6256953985e-07 9.16551310432e-07 1.48806739646e-06 8.96139881432e-07 7.87722724878e-07 1.47718105344e-06 6.95615061073e-07 3.99026410418e-07 7.98777823082e-07 8.2657417e-07 3.21360513768e-07 9.54989221553e-07 2.29853135511e-07 6.27516871943e-07 6.53092615812e-07 4.06121979208e-07 4.23048328459e-07 1.06863052669e-06 1.73189149656e-07 3.33103394062e-07 5.97350330199e-07 2.8886826752e-07 3.03511451892e-07 2.49293143375e-07 1.44900715488e-06 3.15565954574e-07 4.68194560085e-07 4.75981133031e-07 8.97800484369e-07 3.49978649955e-07 1.20242499628e-06 1.78895523399e-07 1.02597626408e-06 1.25087240058e-06 3.20157618783e-07 7.96475357416e-07 1.27051980169e-06 9.76274219106e-07 1.08009089512e-06 1.10880521408e-06 1.68816138819e-06 5.45806457472e-07 2.45600496456e-06 7.38669565653e-07 1.56107393776e-06 2.10588203146e-06 1.83940278651e-06 2.20956013341e-06 2.06649220235e-06 1.65772288017e-06 1.64323638369e-06 4.78130034022e-06 1.16851240019e-06 3.10678726828e-06 4.73629029768e-06 3.54057872602e-06 3.97417382913e-06 2.9956899849e-06 3.51034992375e-06 4.26988823008e-06 4.49017614794e-06 4.41895271442e-06 1.23932607963e-06 5.18831748831e-06 2.07540859996e-06 1.62757667247e-06 2.38152086622e-06 2.3942976499e-06 2.10693104621e-06 2.20936116533e-06 1.56935545057e-06 8.97076453923e-07 2.39214227995e-06 7.10352297344e-07 1.73877221057e-06 1.02962378607e-06 1.13079221775e-06 1.17464623451e-06 1.25412261611e-06 8.18009395513e-07 4.65935603099e-07 1.19602337705e-06 1.04196503971e-06 1.72748468218e-07 1.25806759391e-06 3.35484525461e-07 8.24659442301e-07 4.6451631532e-07 4.19695981643e-07 2.39865191051e-07 1.25360403261e-06 1.89081919117e-07 2.44431102235e-07 2.52413074057e-07 1.00870826305e-07 2.33425586649e-07 8.0097310201e-07 3.2646895641e-07 3.55309722587e-07 7.43811703553e-07 6.37442103574e-07 2.57838253059e-07 9.35229701908e-07 3.82728427819e-07 6.20038088955e-07 8.41396991716e-07 4.79011518749e-07 4.99495626892e-07 1.38810664506e-06 7.02462554616e-07 8.50656455713e-07 9.88437443898e-07 9.28531697724e-07 4.11418007058e-07 1.97526926624e-06 5.31499304393e-07 1.08867117616e-06 1.72179272397e-06 1.49277001945e-06 1.4612300857e-06 2.16313030029e-06 9.4510940179e-07 2.39880022591e-06 1.67422855378e-06 2.29088669146e-06 1.83835382793e-06 3.94147830185e-06 2.22662980394e-06 2.82733206477e-06 2.33402508147e-06 2.43936625036e-06 2.95136069599e-06 3.16808573262e-06 3.90669611644e-06 2.55957581678e-06 2.34426206898e-06 1.72366113755e-06 2.75567278232e-06 9.57875237362e-07 2.21368309727e-06 1.69241550367e-06 1.59511408663e-06 1.79411961658e-06 1.0274126166e-06 4.97694351667e-07 2.01871761291e-06 5.56456451602e-07 1.04386255535e-06 1.04626035307e-06 8.72705264153e-07 6.12153685393e-07 1.36481256497e-06 4.38040035836e-07 4.99820075613e-07 7.4075064641e-07 6.1101796393e-07 3.75505926093e-07 9.24341908022e-07 2.73811584513e-07 5.40297189708e-07 6.80131441154e-07 3.07237193662e-07 2.53169878274e-07 7.15184540816e-07 2.04428481881e-07 8.81739553966e-08 1.68044513913e-08 5.77478538999e-07 3.58567668442e-07 3.16246433541e-07 6.23375009938e-07 4.50711194693e-07 1.30602977625e-07 1.01894225541e-06 2.76590299396e-07 7.66858737279e-07 7.38559625002e-07 4.05211786475e-07 6.64910236384e-07 9.24425390149e-07 8.53599110224e-07 7.60680494933e-07 1.2150772782e-06 9.94880226574e-07 4.4245758155e-07 2.15825306337e-06 2.8955440064e-07 1.51277674011e-06 9.06621002899e-07 1.75284874187e-06 1.21100583717e-06 1.71507372903e-06 8.52606389668e-07 1.84338861143e-06 2.77061832533e-06 1.22893895912e-06 3.2148814899e-06 3.51269895004e-06 2.14116112393e-06 1.85934517449e-06 2.5202871527e-06 1.79169205272e-06 2.57478081808e-06 1.92310509506e-06 3.05429376185e-06 3.37797313415e-06 5.11836530381e-06 1.21307320739e-06 3.26323867643e-06 1.77246405762e-06 8.90251010515e-07 1.71638126178e-06 1.35903652777e-06 1.86462033411e-06 9.81608920305e-07 1.51893645915e-06 3.40407422828e-07 2.14065649387e-06 4.86202927534e-07 9.97904908582e-07 1.24503235241e-06 7.79406235251e-07 8.92337455937e-07 8.49611347153e-07 5.94212346832e-07 3.82494849754e-07 7.65069828715e-07 6.79619878433e-07 2.74687520359e-07 9.07222024401e-07 1.3572597698e-07 4.01659890258e-07 5.58468926272e-07 3.17341203676e-07 3.09807106551e-07 5.101695416e-07 1.50010199861e-08 1.64550263574e-06 6.69673324481e-07 9.23367569639e-07 2.15379317146e-06 1.21931914965e-06 3.98120845213e-07 1.68050403945e-06 6.38195098199e-07 1.56707539928e-06 1.32028425632e-06 1.05191548465e-06 1.22920871421e-06 3.17552541209e-06 1.25580038787e-06 2.05285278908e-06 1.62894646145e-06 2.42250752871e-06 9.67266679437e-07 3.89216773874e-06 1.24971452031e-06 2.39696912725e-06 2.79027493627e-06 2.79377898176e-06 2.88567386933e-06 3.72320440503e-06 1.30572521325e-06 5.35236345594e-06 3.99982045332e-06 4.26403960541e-06 3.20200861184e-06 8.45528107916e-06 3.76496718014e-06 3.96635003731e-06 4.62996178438e-06 5.40908569202e-06 5.89590907469e-06 4.69221430924e-06 4.09472509697e-06 4.9145216439e-06 8.48338815602e-06 4.42762896251e-06 4.51844588049e-06 4.84021033867e-06 6.37984865523e-06 1.6207821788e-06 4.22811014073e-06 3.33025106053e-06 2.90979894426e-06 3.1804444876e-06 2.38008630338e-06 1.52361985427e-06 3.90432281004e-06 1.18790627922e-06 2.52581063429e-06 1.29982343998e-06 2.15750393244e-06 1.25475300484e-06 3.13269919547e-06 1.26372586735e-06 1.10608240529e-06 1.2146032843e-06 1.42770543221e-06 4.95285216636e-07 1.52883821105e-06 4.10277456927e-07 1.01755314488e-06 1.81786492951e-06 7.55303329399e-07 6.36101062902e-07 1.28216635722e-06 2.33929272191e-07 6.12477958091e-07 7.37252431007e-07 3.9461114082e-07 2.3801104665e-07 9.43884262841e-07 2.31586745696e-07 6.04019155219e-07 3.5661512251e-07 2.39275219321e-07 4.47070834487e-07 9.36898581776e-07 6.40350632781e-07 6.31405974801e-07 8.08830815333e-07 7.85319380683e-07 2.30524459852e-07 1.70958376612e-06 2.29379752744e-07 1.25507547297e-06 8.43591436778e-07 1.1801612783e-06 8.98679379001e-07 1.64972021716e-06 4.88426544778e-07 1.47298739626e-06 2.25270727824e-06 1.0982789431e-06 2.13138113387e-06 2.76947750945e-06 2.29143225339e-06 1.66299163185e-06 1.49637056284e-06 1.39416530778e-06 2.60826567482e-06 1.39222343377e-06 1.58616718314e-06 1.51576020801e-06 3.72175701477e-06 2.63454829155e-06 3.93705653923e-06 1.03216118002e-06 2.53961400083e-06 1.49087826995e-06 4.93838053404e-07 1.64644538161e-06 9.43276851147e-07 1.24059915275e-06 8.86892648237e-07 1.30977708585e-06 2.84144170594e-07 1.78152304612e-06 2.66754367214e-07 8.6057412518e-07 7.94553319898e-07 6.33724444803e-07 6.25220659483e-07 9.04316638735e-07 5.35380209588e-07 2.26229219077e-07 3.72881041835e-07 5.92191807836e-07 2.18872571192e-07 8.29848366809e-07 2.35486148363e-07 3.06855600499e-07 6.00925839406e-07 5.0379663684e-07 1.77714536656e-07 1.96155573068e-06 1.167486288e-06 1.16287810707e-06 4.22150703207e-07 2.29614840824e-06 4.9675997454e-07 1.01768196122e-06 1.2327366821e-06 8.47403989458e-07 1.11379841793e-06 2.1534870229e-06 1.90062561585e-06 2.03573002451e-06 1.64021850404e-06 2.09737782315e-06 7.78539035249e-07 4.32416298549e-06 7.5361679451e-07 2.57000492399e-06 2.68600434301e-06 2.86347080205e-06 2.4623816867e-06 3.19435250577e-06 1.56140959874e-06 4.58098449821e-06 3.87331922051e-06 3.34947289045e-06 4.74113680666e-06 7.76147267237e-06 2.69828754407e-06 6.53776252816e-06 2.73353716214e-06 3.87800416295e-06 4.85160920268e-06 4.79759592546e-06 4.48651540129e-06 3.11148545734e-06 6.94348994699e-06 3.67340231254e-06 7.64263651655e-06 6.46647193408e-06 3.64735014211e-06 4.84372411164e-06 5.36996918083e-06 1.87007216066e-06 3.50108527699e-06 2.90241522201e-06 3.11263356894e-06 3.10547909874e-06 2.47780454082e-06 9.14968314136e-07 4.23029294622e-06 1.07156495011e-06 2.2555103266e-06 1.34714501296e-06 2.13882512324e-06 1.83173615765e-06 2.00713649229e-06 1.01233093147e-06 9.81505918302e-07 1.24422943003e-06 9.33175281035e-07 4.84422161862e-07 1.81544850298e-06 3.66795077898e-07 8.6340505242e-07 9.77543329509e-07 1.56937965393e-06 1.29192153243e-06 1.17041350919e-06 3.61008235608e-07 1.43754860172e-06 3.14678486591e-07 9.1645108301e-07 9.26233858189e-07 5.69627432928e-07 8.92622567873e-07 1.61616483764e-06 1.14265634206e-06 9.61476532482e-07 1.52206316949e-06 9.9887088302e-07 4.07475648136e-07 2.52773955604e-06 6.95697301626e-07 1.72363023552e-06 1.25670628643e-06 2.37778074122e-06 1.75865640175e-06 2.80049422947e-06 4.10586051536e-07 3.36968502449e-06 2.8919473681e-06 2.22547862565e-06 3.68379040336e-06 5.00613425526e-06 4.55813335903e-06 1.63992490775e-06 4.30187181994e-06 2.44472026531e-06 2.83484436226e-06 2.94482864508e-06 2.88169779076e-06 2.55965904275e-06 4.83376980486e-06 1.65119309117e-06 6.13416538601e-06 4.63867476266e-06 5.37068895947e-06 2.19065857089e-06 3.44125472865e-06 3.50088291986e-06 4.56913447704e-07 3.01895546783e-06 1.9237557305e-06 2.59916288655e-06 1.53306144724e-06 1.68054205494e-06 9.00283619261e-07 2.44837415821e-06 6.10267281163e-07 1.09839490543e-06 1.54780110567e-06 9.27981808514e-07 1.09459232065e-06 1.58606560136e-06 7.38439839277e-07 6.31663939493e-07 8.70541536066e-07 7.59912887582e-07 3.50094697839e-07 1.23438880376e-06 2.84525521993e-07 9.4396995345e-07 8.42798165709e-07 4.46153946333e-06 6.57911329291e-07 2.5269227894e-06 5.5073355046e-07 1.37561195306e-06 1.3146254162e-06 9.20560512808e-07 1.4648582629e-06 2.17621323141e-06 1.36029148229e-06 1.36879632199e-06 1.51717858429e-06 2.20267234121e-06 6.10323181808e-07 3.91658760012e-06 7.14176696815e-07 2.81524341469e-06 1.70221037107e-06 3.03781117785e-06 2.54298382423e-06 3.25216320681e-06 1.19039362687e-06 3.69881860441e-06 4.37205490708e-06 2.9849461652e-06 4.79743280191e-06 7.17431647203e-06 3.80330275361e-06 4.89572698291e-06 2.08444287127e-06 6.59455054527e-06 2.35713446741e-06 3.53043259878e-06 3.58492541844e-06 2.67743624057e-06 7.06628389036e-06 2.2305337075e-06 5.64624447921e-06 5.31650269164e-06 6.97914196302e-06 7.0782824175e-06 3.1718497669e-06 5.39086939305e-06 4.24981307318e-06 1.39624892773e-06 3.77970715293e-06 2.91804653647e-06 3.3120488588e-06 2.15268310327e-06 2.64900174862e-06 9.04431035851e-07 3.98061525252e-06 9.01074193708e-07 2.44169371776e-06 1.32281772393e-06 1.61501971353e-06 1.47517858543e-06 2.02150743142e-06 1.18256743183e-06 8.70797339988e-07 1.27457662427e-06 1.06570110232e-06 6.15141500083e-07 2.05271084765e-06 4.3614255216e-07 2.89260618165e-06 1.86163484592e-06 2.23769280274e-06 5.80643200045e-07 9.43955072233e-07 1.06428092265e-06 1.08545362419e-06 9.39986191154e-07 1.81365026603e-06 1.33154330579e-06 1.37888141783e-06 1.03337848179e-06 1.41921749337e-06 5.93898253468e-07 2.4557878072e-06 7.69053528425e-07 1.76669176718e-06 1.93697439834e-06 2.593871904e-06 1.5663927517e-06 3.19590779131e-06 7.92828107401e-07 3.8214005986e-06 2.76544472005e-06 3.05714773697e-06 3.71446401113e-06 6.10844415171e-06 4.05007007094e-06 3.39720140074e-06 4.34060042914e-06 1.87737440404e-06 4.70483762606e-06 2.6475606543e-06 2.69148107021e-06 2.69219116604e-06 5.04980856553e-06 2.16525928115e-06 4.94458792406e-06 3.19389092867e-06 5.81239996639e-06 5.92333063952e-06 5.60075877201e-06 3.06430521086e-06 3.20950350527e-06 4.25405896252e-06 9.14841450388e-07 3.52077416779e-06 1.71444149057e-06 2.82604900093e-06 2.32816782266e-06 1.7808892771e-06 9.7518401918e-07 2.42197317101e-06 8.08607869799e-07 1.45334693707e-06 9.74518501808e-07 1.36348665956e-06 1.23172958286e-06 1.79523052562e-06 6.79104599601e-07 8.0530791101e-07 9.93926963138e-07 7.35215664688e-07 4.78293170712e-07 1.75304998544e-06 1.11400193003e-06 1.13454369003e-05 7.05076240919e-07 1.16354451399e-06 1.75416344944e-06 1.21867305348e-06 1.0331823296e-06 1.59919101562e-06 1.65355056866e-06 1.51466497357e-06 1.32296381175e-06 1.39727769314e-06 7.53614408692e-07 3.95922202832e-06 4.46877547285e-07 2.38599145915e-06 1.37210938611e-06 3.17580334626e-06 1.85768047274e-06 3.47921059607e-06 1.1828632656e-06 4.04734092277e-06 4.0937321206e-06 2.53690567948e-06 5.54716360668e-06 6.88974086393e-06 4.41590056282e-06 4.33194939127e-06 3.22067223533e-06 5.82781254505e-06 1.82908108602e-06 5.88233746038e-06 2.12194010569e-06 2.05503347375e-06 5.90863000103e-06 2.00784005567e-06 6.12536618523e-06 3.56650396332e-06 4.98352578578e-06 6.18647829568e-06 6.73814536539e-06 8.18752067263e-06 2.64891037717e-06 4.72067637647e-06 4.42540533851e-06 1.39983547903e-06 3.67676740766e-06 2.34265933149e-06 3.26632231739e-06 1.70690527864e-06 2.187211024e-06 5.89488149192e-07 3.95878187637e-06 9.54819925794e-07 1.58540295263e-06 1.24190537183e-06 1.39483033212e-06 1.44968051017e-06 1.70061225111e-06 9.2097948268e-07 1.00836620449e-06 1.49581439874e-06 7.31295280051e-07 4.66178331733e-07 5.89958651247e-06 4.17459588655e-06 1.24717390778e-06 2.4747957413e-06 1.22291911479e-06 1.00168721808e-06 2.2513874222e-06 1.84481995881e-06 1.99439291712e-06 1.4567702294e-06 2.06606940107e-06 7.32735444395e-07 4.12260576931e-06 9.15739180045e-07 2.08315460565e-06 2.10525926964e-06 3.26853496687e-06 2.75232084693e-06 3.98304390695e-06 1.00183542066e-06 5.68308074665e-06 4.07039935394e-06 3.82964856323e-06 4.49076588603e-06 8.0584315557e-06 5.09775842213e-06 4.46232798257e-06 4.23363250467e-06 4.36019246979e-06 4.94452188721e-06 2.23162478818e-06 5.05639249334e-06 1.97978735625e-06 5.21173538005e-06 2.43555321366e-06 5.39810627753e-06 4.43185018249e-06 5.00311959162e-06 4.53614269448e-06 7.01985368773e-06 7.74894845428e-06 6.70240963763e-06 3.84819252131e-06 4.95527521401e-06 6.53095872106e-06 1.06215343844e-06 4.13312706289e-06 3.14390934773e-06 3.62350568376e-06 2.52759378001e-06 2.14037610373e-06 1.06540016968e-06 4.0690340202e-06 9.48299948241e-07 2.12886906877e-06 1.45351538313e-06 1.97318835526e-06 1.46489061506e-06 2.21494132032e-06 1.03648181421e-06 1.10044936865e-06 2.06295922287e-06 7.88002957429e-07 2.11313782288e-06 9.19365280691e-06 3.8127474249e-06 7.95285173736e-07 9.59072359759e-07 1.89293253468e-06 1.52906567672e-06 1.23147304766e-06 1.18003266008e-06 1.68885874582e-06 8.21861073282e-07 2.26001625696e-06 8.91148923903e-07 2.20203885366e-06 1.26530522154e-06 2.73792514619e-06 1.49318182774e-06 3.54703602871e-06 7.64444865124e-07 3.88883872823e-06 3.86938663358e-06 2.52697700685e-06 4.96107217545e-06 6.02047258486e-06 4.40755407869e-06 3.67326109012e-06 2.71147326809e-06 4.56058234585e-06 2.21240882473e-06 4.29346549971e-06 1.37384114573e-06 3.35138453303e-06 3.30419094703e-06 1.4554999466e-06 4.54699207924e-06 2.47984360088e-06 4.73524447054e-06 3.08041465453e-06 3.95232945139e-06 6.33110329703e-06 5.63092842146e-06 7.5645408883e-06 2.74394105986e-06 4.41578538698e-06 4.30019158539e-06 1.00249507016e-06 3.93496348567e-06 1.68129216685e-06 2.86924767796e-06 1.45862424709e-06 1.97479302932e-06 1.09385391138e-06 2.39181634806e-06 1.06529919571e-06 1.77854280235e-06 9.85340231186e-07 1.21917633375e-06 1.15757242228e-06 1.65770483327e-06 7.81217839444e-07 6.89760622356e-07 2.46735178053e-06 4.23065586115e-06 1.29314464111e-05 2.45792683607e-06 1.35528773468e-06 2.66037000106e-06 2.2025893572e-06 1.91395518658e-06 1.46962312365e-06 2.36124190727e-06 1.36506427248e-06 4.1850604075e-06 8.50647704544e-07 2.42202697605e-06 2.87449470061e-06 2.83623549279e-06 2.75941257063e-06 3.70011758233e-06 1.21878972692e-06 5.03644546464e-06 3.98720160605e-06 3.99401546877e-06 5.52633055973e-06 8.59906238317e-06 4.43345620055e-06 5.78435361322e-06 4.36139137604e-06 5.1643442761e-06 4.39233666625e-06 4.11032615284e-06 4.51804285869e-06 1.54680334435e-06 9.47433806584e-06 1.66903129579e-06 4.73595555367e-06 4.29886355407e-06 4.84343000203e-06 5.39727960402e-06 5.25452272418e-06 6.1241387369e-06 6.30383629252e-06 8.22212966943e-06 7.53364265642e-06 4.14628827214e-06 4.73733674165e-06 5.47260273688e-06 1.45106607029e-06 4.08177100465e-06 3.12881768264e-06 3.23138308514e-06 3.21805759457e-06 2.52165817465e-06 9.90592072454e-07 3.99368817846e-06 1.46060447924e-06 2.4069329507e-06 1.22293555612e-06 1.91497852992e-06 1.76896830773e-06 2.21104790188e-06 1.03574270792e-06 1.42834726272e-06 6.24612865655e-06 8.73387894691e-06 2.27852159504e-06 3.93114791427e-06 2.03456665387e-06 1.64538392777e-06 1.47630567428e-06 1.64418239062e-06 1.23353465093e-06 3.64357503989e-06 9.73877737181e-07 1.64916846107e-06 2.60388720016e-06 3.02630519736e-06 1.8517457591e-06 3.49824532194e-06 9.84776519576e-07 4.95091689014e-06 3.59917281192e-06 3.23278410468e-06 6.25375376601e-06 7.37308945076e-06 5.87559602497e-06 3.31759623898e-06 4.01975572722e-06 4.69460909236e-06 2.77694601542e-06 3.90242049392e-06 2.60807408051e-06 3.09588605005e-06 2.66628017307e-06 2.74152696498e-06 3.08489860603e-06 2.57825461199e-06 4.25667718133e-06 2.93169015163e-06 5.08493309857e-06 4.75131387731e-06 3.67539714783e-06 7.97775883109e-06 6.81959193381e-06 8.8977831664e-06 3.11683483983e-06 4.2820237712e-06 5.77729713604e-06 1.20075756789e-06 3.78274470598e-06 1.8486125923e-06 3.37062813454e-06 2.67616988881e-06 1.61567741794e-06 1.19300312081e-06 3.33928275253e-06 1.17560157499e-06 1.47234336744e-06 1.41313280767e-06 1.52850593273e-06 1.71385561887e-06 2.75118098997e-06 1.32041280568e-06 3.83953212529e-06 1.24443280252e-05 1.12869685633e-05 5.48227743093e-06 2.61877721946e-06 2.01517545668e-06 2.68533570143e-06 1.34118098269e-06 4.977393701e-06 1.16878906314e-06 3.0634667431e-06 2.78574885419e-06 4.10960298191e-06 3.7985137486e-06 3.80202085375e-06 1.66658109166e-06 5.14007937747e-06 5.48996897272e-06 4.2337392166e-06 7.6859330844e-06 1.01769649816e-05 6.58147492895e-06 6.00556787579e-06 3.52901990409e-06 7.21441546013e-06 4.28555050509e-06 4.1284334561e-06 4.32646550634e-06 2.5080987616e-06 9.0182057871e-06 1.18471494403e-06 9.18481886305e-06 2.41730264617e-06 4.54911482825e-06 4.36836292978e-06 4.65994378436e-06 7.62922405115e-06 4.19230113321e-06 6.69004708208e-06 8.74564980264e-06 9.71518223646e-06 1.03636876865e-05 4.42015686656e-06 6.76538151803e-06 6.09909492051e-06 1.90770110591e-06 4.49014195205e-06 4.12117343496e-06 4.60027974106e-06 3.2537589517e-06 3.04564444223e-06 1.49855884023e-06 4.87447546454e-06 1.29987809076e-06 2.81178470439e-06 1.68584166888e-06 2.18483520033e-06 3.52088270633e-06 5.85390845732e-06 5.03837429407e-06 2.53225611768e-05 6.17898385863e-06 3.86110022088e-06 4.16045408728e-06 2.84852415402e-06 1.61032224031e-06 3.65525270623e-06 1.15386880616e-06 2.78049055317e-06 2.61676252299e-06 3.06738303994e-06 3.39695627946e-06 4.55192088276e-06 1.09938174021e-06 5.61040647859e-06 4.08693333276e-06 4.14294230072e-06 7.43443665248e-06 9.09813304453e-06 7.72866633898e-06 4.36062168476e-06 3.81623470441e-06 4.24718106697e-06 3.62665039118e-06 4.03259038523e-06 2.25403012079e-06 3.28576280005e-06 4.27231576438e-06 2.78857182915e-06 2.78463320176e-06 4.26607107219e-06 3.24273595097e-06 2.42887689069e-06 4.58433274239e-06 4.12825739162e-06 4.45163480335e-06 4.5156462475e-06 4.54285836866e-06 1.01489974784e-05 8.20814195838e-06 1.03695955378e-05 4.1256969908e-06 5.21333129716e-06 6.80199576076e-06 1.26905768903e-06 5.2537909176e-06 3.40015397359e-06 3.31922682657e-06 2.80992672715e-06 2.85942514515e-06 1.29367800559e-06 3.72240527687e-06 1.50645130617e-06 2.65697668582e-06 2.54968590967e-06 2.30304587921e-06 3.44930302984e-06 1.07127960936e-05 1.78269797277e-05 7.1758137029e-06 5.49490473035e-06 4.66069854708e-06 2.44683689476e-06 6.09720614989e-06 1.15977978634e-06 3.48043383268e-06 2.68609903124e-06 4.087530446e-06 2.88858737349e-06 4.30489038851e-06 1.70595438554e-06 4.41748466861e-06 4.40742772383e-06 3.35416310049e-06 8.6816344049e-06 9.5257430713e-06 6.68921761248e-06 6.14373157423e-06 3.43649592271e-06 6.23769011508e-06 2.49627111922e-06 4.94846520538e-06 2.9660665233e-06 2.89986394876e-06 6.57711756082e-06 1.88889908167e-06 7.1354855347e-06 1.76584296341e-06 6.96436056615e-06 2.75845744415e-06 3.19155370655e-06 5.50633655977e-06 2.82808056956e-06 6.47148075807e-06 4.09746552753e-06 6.76223032303e-06 8.86779832513e-06 8.85664901348e-06 1.1832635007e-05 3.44553899684e-06 5.64200160316e-06 5.15060464508e-06 1.93303631743e-06 5.21351462725e-06 2.93963091123e-06 4.48152228213e-06 2.77986935422e-06 3.34700143221e-06 1.29279528905e-06 5.2808035125e-06 1.82635267108e-06 3.22234393932e-06 3.0791360579e-06 3.12041306112e-06 7.03007352588e-06 2.42021317303e-05 6.74652227297e-06 7.82348706543e-06 4.13849374156e-06 8.56983053672e-06 2.47326882116e-06 3.60117567099e-06 4.83212759367e-06 5.35571284305e-06 4.62672420223e-06 4.01443082612e-06 1.89374196088e-06 7.61565503178e-06 4.73539715404e-06 5.24428744195e-06 8.76551492031e-06 1.19493380979e-05 8.2812296909e-06 5.86848871954e-06 5.39328974305e-06 6.03099394081e-06 4.45401862387e-06 4.43765901693e-06 3.59849662066e-06 3.65228605809e-06 5.64037867527e-06 3.15672756281e-06 4.90142881651e-06 4.70681463539e-06 3.0030052578e-06 5.79437889386e-06 3.69190302931e-06 3.95950258869e-06 4.90191743146e-06 4.90727174759e-06 6.224360158e-06 6.53589945269e-06 6.08687269697e-06 1.05021221177e-05 1.09928222884e-05 1.16070690724e-05 5.28603372748e-06 5.98787935303e-06 9.28456806755e-06 2.04594776209e-06 4.7158000895e-06 4.49635419195e-06 5.25267039924e-06 4.74986474605e-06 3.1739016049e-06 2.08114435485e-06 6.40690565887e-06 2.56725729173e-06 4.46537485953e-06 4.11482423004e-06 7.95205838357e-06 1.97167590678e-05 8.34128655125e-06 3.66842865097e-06 8.8354172953e-06 3.16049390686e-06 4.25047539608e-06 3.63681433635e-06 5.12446684119e-06 3.63483705687e-06 5.11247131905e-06 1.28235963471e-06 6.13083716023e-06 5.10045054363e-06 3.49088452514e-06 8.71695642443e-06 9.6163105464e-06 7.8018506651e-06 4.8788487844e-06 3.97156362815e-06 6.04737512794e-06 3.27459918193e-06 4.11674418398e-06 1.88307211343e-06 3.27336694691e-06 4.82357895593e-06 1.73865956285e-06 5.00151071858e-06 2.53309874481e-06 5.2235463109e-06 1.72568519403e-06 5.02894803057e-06 3.31849659225e-06 2.33459025811e-06 4.59601213054e-06 3.19646462614e-06 6.43164095622e-06 4.69105904999e-06 5.31043732538e-06 1.00922830671e-05 8.52321856661e-06 1.20334469177e-05 3.3798686306e-06 5.95755898113e-06 6.83155295197e-06 1.20995542437e-06 5.70519827196e-06 3.35351602586e-06 5.01420681621e-06 2.99564444575e-06 3.26620945802e-06 2.12356381461e-06 5.68329479576e-06 2.16237892305e-06 3.97147609979e-06 9.24084775832e-06 3.35451195201e-05 6.41442419026e-06 1.41994745233e-05 4.29999564125e-06 6.498423269e-06 6.3644113502e-06 6.25168810631e-06 6.47834610689e-06 7.70397873318e-06 3.17902863847e-06 7.34522705536e-06 8.21011708183e-06 6.73051788704e-06 9.78702863072e-06 1.33119932069e-05 9.16424091044e-06 8.15673701212e-06 4.6233343969e-06 8.37687635511e-06 5.86788234009e-06 5.13855933212e-06 3.5037845244e-06 3.02615276896e-06 7.60772603338e-06 2.28000734428e-06 5.78879568386e-06 4.21577891937e-06 4.44335494325e-06 5.88893383135e-06 2.47994379259e-06 7.70259649311e-06 3.10070990816e-06 3.96876308404e-06 5.39929733794e-06 6.17338799106e-06 8.96035501369e-06 5.74242066785e-06 8.77387838137e-06 1.13219583605e-05 1.20357878947e-05 1.23505119291e-05 7.01187389471e-06 9.11053200299e-06 7.86997854654e-06 2.74997747253e-06 7.40565049793e-06 5.604884603e-06 5.66558096562e-06 4.80816602251e-06 5.11743634553e-06 2.72719718177e-06 8.57361155011e-06 3.20976840889e-06 1.07676359128e-05 1.61623178769e-05 1.3748567307e-05 3.362683325e-06 5.46905629572e-06 6.1345300764e-06 7.19927751511e-06 4.14238810195e-06 7.13928822689e-06 2.26360251648e-06 7.36470052918e-06 5.4661495607e-06 4.11764337038e-06 1.22453036358e-05 1.00977941924e-05 9.4207461941e-06 5.30316902872e-06 4.48438374839e-06 5.77322818587e-06 4.26826872243e-06 4.83300387052e-06 2.37046795303e-06 2.64710350003e-06 4.37356629062e-06 1.81161131602e-06 4.73485510635e-06 2.87364032615e-06 4.37715942803e-06 3.18467895094e-06 4.67880719645e-06 2.02348429352e-06 4.788728287e-06 3.00128533762e-06 2.4885801744e-06 5.19861948704e-06 4.15535173449e-06 5.93643801346e-06 5.55344155336e-06 5.46916645493e-06 1.1562032841e-05 8.39359562745e-06 1.4790895736e-05 3.95404542725e-06 5.46476300454e-06 7.46367526182e-06 1.9116982492e-06 6.51868587117e-06 3.52011761627e-06 5.76975317998e-06 4.326245767e-06 3.60661131136e-06 2.10160652525e-06 7.04158317364e-06 5.00786219205e-06 7.54061947057e-05 9.30047076405e-06 1.08924965983e-05 9.45326395961e-06 1.28272872398e-05 6.65856718263e-06 1.00917952451e-05 4.06657497679e-06 1.16133110389e-05 1.096286625e-05 6.00632332623e-06 1.89029913087e-05 1.78082132833e-05 1.22188609064e-05 1.0805248404e-05 5.41438768919e-06 1.23237476747e-05 7.35692296391e-06 8.26959230218e-06 5.84774010262e-06 3.56443637498e-06 1.07463984081e-05 2.63482891927e-06 9.76657854752e-06 4.60616869342e-06 6.3575397161e-06 6.55310544203e-06 4.99822896387e-06 9.54796945394e-06 2.81191215146e-06 1.09293301129e-05 3.82617254217e-06 6.14133682643e-06 8.32120853684e-06 7.09650131312e-06 1.27542096954e-05 6.31387412966e-06 1.12650410925e-05 1.36079518247e-05 1.58596884424e-05 2.13910151679e-05 5.93110237349e-06 1.09506115768e-05 1.12811875333e-05 3.67440062361e-06 8.54111735722e-06 5.94749438877e-06 1.00848460734e-05 6.76088886221e-06 6.69749542626e-06 4.53920225417e-06 2.54966698199e-05 2.59066091307e-05 1.46231715513e-05 1.33689467256e-05 1.33088792683e-05 7.88900551247e-06 1.24419244361e-05 3.00902521045e-06 1.34927962256e-05 1.14243979788e-05 7.59792643706e-06 1.604187976e-05 1.71918203317e-05 1.84899238921e-05 7.19956898489e-06 7.88030675214e-06 8.61653836552e-06 8.26580312234e-06 7.80611356402e-06 4.58586089304e-06 4.48593146283e-06 7.76281286873e-06 2.96372649985e-06 6.28881692824e-06 5.32248274442e-06 6.26598384538e-06 5.00613993292e-06 6.35974993812e-06 5.71903046225e-06 5.96693316036e-06 3.27540463463e-06 7.382889843e-06 4.93326707428e-06 4.5924489143e-06 8.06791821137e-06 7.89128839126e-06 9.02782257439e-06 8.7005297402e-06 7.21054387788e-06 2.01510898329e-05 1.4690982406e-05 1.80565308517e-05 7.34044199933e-06 1.13225666718e-05 1.24587026971e-05 2.77608473915e-06 1.01839218424e-05 6.40485545604e-06 9.59856832688e-06 7.99289083185e-06 7.20318040924e-06 8.33655361605e-06 3.96457390669e-05 1.53819232164e-05 1.48632660197e-05 8.44945192915e-06 1.32182939934e-05 2.35660607211e-06 1.12994598899e-05 1.13940501919e-05 5.9934225415e-06 1.69595274464e-05 1.47878658056e-05 1.47894009236e-05 9.27284696742e-06 5.21243191733e-06 8.93992959478e-06 6.38162102927e-06 7.28446249593e-06 4.78251159132e-06 3.08276987507e-06 1.03540408766e-05 1.81185451836e-06 7.77670338288e-06 2.79666658135e-06 6.31127930144e-06 4.10822812809e-06 4.13374016019e-06 6.28022850017e-06 2.79113770686e-06 7.64486026788e-06 1.86939775358e-06 1.03574179958e-05 3.10652802292e-06 4.87638048929e-06 7.39559175504e-06 5.50968457119e-06 9.38392782604e-06 5.22993866449e-06 9.49971172186e-06 1.58913331666e-05 1.19293789244e-05 1.90553920875e-05 5.36355581723e-06 1.04906924105e-05 9.84020895691e-06 2.65112764612e-06 1.01477070569e-05 5.73891325445e-06 8.9063762203e-06 7.66201637684e-06 1.19748990478e-05 5.96555863266e-05 2.63834630465e-05 1.57803675678e-05 1.99558341455e-05 4.78202143343e-06 1.61531546721e-05 1.26152369619e-05 8.8021044474e-06 2.26734741555e-05 1.94961194283e-05 1.65582997251e-05 1.1183529586e-05 1.03946400754e-05 8.68210510975e-06 9.84852128681e-06 7.70600679929e-06 6.7448658857e-06 4.16688481906e-06 1.06806781562e-05 3.66001407486e-06 7.85684643811e-06 5.38980397969e-06 5.68237063325e-06 5.71199696189e-06 5.52161211148e-06 5.9113232338e-06 5.23607198582e-06 5.21042551023e-06 7.25361384858e-06 4.0117351256e-06 1.00496168011e-05 4.18213397248e-06 6.432308372e-06 7.6001937453e-06 9.06719974737e-06 9.14045449521e-06 1.09192872596e-05 1.1723495213e-05 1.7243830632e-05 1.66432467647e-05 2.44373548763e-05 8.17772686006e-06 1.13618497779e-05 1.30406769312e-05 4.12237533556e-06 1.41557858536e-05 9.31206597431e-06 1.33606570016e-05 1.94523982969e-05 7.83195545915e-05 2.26139025562e-05 2.55832510977e-05 7.11641499287e-06 2.09899766128e-05 1.68188992242e-05 8.21058602643e-06 2.94011072142e-05 2.13961835595e-05 2.35936919015e-05 9.32185127334e-06 1.06400801956e-05 1.40006186155e-05 6.46462861395e-06 1.0336604382e-05 5.24681511754e-06 5.42448885394e-06 1.11876947058e-05 3.01129887262e-06 1.08706003761e-05 4.85445688346e-06 7.24391314594e-06 4.645230629e-06 6.1558927052e-06 6.6571346022e-06 4.4784123434e-06 7.07692480829e-06 4.57581920463e-06 1.02985608385e-05 3.38551175554e-06 1.032732708e-05 5.30680224167e-06 5.12460366299e-06 9.73213711523e-06 6.05168227057e-06 1.43012232464e-05 1.04923864261e-05 9.20613816666e-06 2.35223468522e-05 1.7613911601e-05 2.9444418595e-05 7.31118310457e-06 1.42382576888e-05 1.55200551955e-05 4.94451418543e-06 1.6453637087e-05 1.16211101677e-05 2.48726281287e-05 8.16864170068e-05 3.98094497679e-05 1.02016087522e-05 2.77735769503e-05 2.44141975776e-05 1.31494842241e-05 3.15450672239e-05 2.63900282433e-05 2.76923715606e-05 1.36359927585e-05 1.03218949353e-05 1.66035041863e-05 1.09883792075e-05 9.67053300738e-06 7.3294126617e-06 5.25781412305e-06 1.49943939e-05 3.38834489283e-06 1.06113926524e-05 7.71366725077e-06 7.06890722429e-06 7.01902203829e-06 5.77128788596e-06 9.06525254018e-06 5.92960631995e-06 6.65369179419e-06 6.51586831244e-06 7.87654496925e-06 1.0033611592e-05 3.87089553621e-06 1.3302000031e-05 4.95735695125e-06 7.46109943441e-06 8.0412854941e-06 1.0747142286e-05 1.53546360634e-05 9.60872597307e-06 1.28682459946e-05 2.62874245405e-05 2.12474622292e-05 2.94989527497e-05 1.04020523942e-05 1.87726107536e-05 1.93911027941e-05 6.40104326261e-06 2.06736410499e-05 2.67434931932e-05 9.88205625181e-05 1.26777616883e-05 3.43353759243e-05 2.67191523008e-05 1.46740509486e-05 3.51203054301e-05 2.47643888639e-05 2.89690881181e-05 1.29121404499e-05 1.1777968508e-05 1.28459840406e-05 8.84546263082e-06 1.33059512868e-05 4.74489851565e-06 5.76325652296e-06 1.11864086697e-05 3.39832911152e-06 1.05767222249e-05 5.41756379274e-06 9.508380909e-06 5.31140745494e-06 6.97308928572e-06 5.89641524761e-06 6.27872933496e-06 6.79161280204e-06 4.901218869e-06 9.19323412667e-06 5.60242442447e-06 9.64494163091e-06 3.73795044577e-06 9.19587302826e-06 5.83403061696e-06 4.55840610792e-06 1.16193811966e-05 8.61175190217e-06 1.07121325125e-05 1.1207894792e-05 1.12867851782e-05 2.5962405972e-05 1.82092154052e-05 3.17825190597e-05 1.02470197626e-05 1.84800921679e-05 2.01648968146e-05 6.91802182804e-06 3.1525375351e-05 4.58936333272e-05 5.41799989977e-05 4.02594320296e-05 1.98989918907e-05 5.14184490857e-05 3.33295201513e-05 3.42407514657e-05 1.91951528426e-05 1.55163318592e-05 2.15630148576e-05 1.02421504652e-05 1.68263076736e-05 1.13324584862e-05 4.84818290973e-06 1.93967670657e-05 3.09351235269e-06 1.55416646361e-05 6.4734475776e-06 9.76679816572e-06 7.95063189653e-06 7.36712445112e-06 8.36627405263e-06 5.45206085432e-06 8.34932716526e-06 6.94238911978e-06 7.49884803941e-06 9.04637275187e-06 6.12458659617e-06 1.34005594914e-05 3.30987816908e-06 1.63028445544e-05 4.54798824033e-06 1.01326291178e-05 1.4003670564e-05 9.3132329533e-06 1.86788459325e-05 1.42514278748e-05 1.65959434376e-05 2.90312122988e-05 2.55871828636e-05 4.49207862812e-05 1.35489837223e-05 2.50102036572e-05 2.72692190822e-05 1.77977781448e-05 0.000183166149029 5.89248932184e-05 2.62843080209e-05 6.98930812461e-05 4.43081542375e-05 5.05361385535e-05 2.092784864e-05 2.1231876098e-05 2.73533030743e-05 1.64078295164e-05 1.7147973688e-05 1.31815585647e-05 9.48030820886e-06 1.6019582352e-05 5.53653232313e-06 1.39230053188e-05 9.65102462939e-06 1.18924865846e-05 8.41405250202e-06 1.07066867556e-05 8.82278316303e-06 8.27521269045e-06 7.53970974461e-06 8.8125321824e-06 1.01122434703e-05 8.12649074955e-06 1.01357453935e-05 8.87168213439e-06 1.13356357579e-05 5.52397045272e-06 1.21643829847e-05 9.0118044647e-06 1.06721940283e-05 1.27065762913e-05 1.38534511289e-05 2.14388619546e-05 1.79352698296e-05 1.58775292398e-05 4.13198457841e-05 3.23779386753e-05 5.76011584358e-05 1.67909705302e-05 3.31198709257e-05 6.26753866688e-05 0.000192318039121 3.57667904574e-05 9.89421898111e-05 5.40244634185e-05 6.59910359359e-05 3.02948806423e-05 2.19180424204e-05 3.2356449471e-05 1.94384021337e-05 2.35282716296e-05 1.16671372857e-05 1.10235105009e-05 2.67017357504e-05 5.29217015598e-06 1.98074247722e-05 8.82844228697e-06 1.48170857305e-05 9.78361060145e-06 1.04851247601e-05 1.30618373975e-05 7.57286941261e-06 1.17576155976e-05 7.20868582386e-06 1.29414916081e-05 9.37964846694e-06 9.03711234045e-06 1.20752478376e-05 7.84921234557e-06 1.51244897548e-05 4.64445236401e-06 1.94843145783e-05 9.30123492029e-06 8.90989209654e-06 1.69846838433e-05 1.52493300576e-05 2.3823520035e-05 1.70552595468e-05 2.20273479683e-05 5.23470266794e-05 4.0355407197e-05 7.72007543615e-05 2.14984590676e-05 7.6417782537e-05 0.000146695536205 0.000167465945669 7.77271880911e-05 9.42300490178e-05 4.23601516684e-05 3.36401942046e-05 3.70687478882e-05 2.56325976344e-05 2.85501593122e-05 1.72679237916e-05 1.26004745001e-05 2.98946572926e-05 1.00460912589e-05 1.78010290591e-05 1.44982233138e-05 1.38831903488e-05 1.39895317367e-05 1.24686752785e-05 1.40986932265e-05 1.04247265202e-05 1.22429601334e-05 1.10243392624e-05 1.07413504332e-05 1.26064205215e-05 1.12591694163e-05 1.16652907495e-05 1.17849578977e-05 1.12536146205e-05 1.40250873197e-05 7.95868206266e-06 2.07958391791e-05 9.7237742766e-06 1.25608448055e-05 1.89883460997e-05 1.90374883e-05 2.23927276181e-05 2.46244646038e-05 2.79785831785e-05 7.0590093957e-05 5.55324970374e-05 0.000108490155073 5.71146042974e-05 0.000667067709733 0.000133175346515 0.000155370152165 5.98862021814e-05 4.94064328846e-05 5.66165306768e-05 3.02116414508e-05 3.90351698058e-05 2.35808617066e-05 1.99331634602e-05 2.98418163912e-05 1.4376462128e-05 2.99105430717e-05 1.417970045e-05 2.22867850558e-05 1.43745019444e-05 1.80443032508e-05 1.78926515921e-05 1.18561889275e-05 1.85332199304e-05 1.19756582116e-05 1.74125327474e-05 1.14908709739e-05 1.5137656129e-05 1.57003791067e-05 1.16199120569e-05 1.7270699192e-05 1.0717031341e-05 2.20351901112e-05 9.39110672126e-06 2.01323483709e-05 1.31010117738e-05 1.52638184435e-05 2.19851733276e-05 1.98080689194e-05 2.96140250475e-05 3.23513792906e-05 3.44809966999e-05 0.000101100596689 8.26986934242e-05 0.000251219806411 0.00115662145209 0.000597534996396 0.000240276295058 0.000143383452061 0.000200440335632 0.00010959634432 0.000102716984244 7.69072155958e-05 5.4175338579e-05 0.0001092328984 3.03492767238e-05 8.51467655728e-05 5.23370233578e-05 4.67054595525e-05 4.68794948262e-05 3.80836901203e-05 5.09531358354e-05 3.18178374556e-05 3.94022530708e-05 3.62138360089e-05 3.6115009412e-05 3.59030069858e-05 2.68213070455e-05 4.13205219093e-05 2.84523632027e-05 3.30610971676e-05 3.04522328884e-05 3.32087575712e-05 4.93103383018e-05 1.62931195944e-05 5.95166374652e-05 2.8285747205e-05 3.74743408238e-05 4.26306846775e-05 5.22788981607e-05 7.31727700092e-05 7.11751014509e-05 7.88479979444e-05 0.000244543630756 0.000414929233539 







































