










































8.05038725228e-07 5.4175123165e-07 1.18550287434e-07 4.20659550466e-07 1.77927631638e-07 2.59278240162e-07 2.80261831179e-07 2.68846950321e-07 9.27570130169e-08 6.82287991351e-08 5.64704153431e-07 1.95666266381e-07 3.90619367169e-08 2.56773107589e-07 1.67429278768e-07 8.63680702862e-08 2.30280085931e-07 4.5264985662e-08 1.32597111488e-07 9.20160666552e-08 1.32849411584e-07 4.44163322221e-08 2.33156464531e-07 8.82680225764e-08 1.7181719351e-07 2.6507439797e-07 4.15382107031e-08 2.06465258823e-07 6.04718804504e-07 7.49987271474e-08 1.06444397883e-07 2.95775819417e-07 3.32785417619e-07 3.27286835575e-07 2.5602651743e-07 5.25086239428e-07 1.7493387327e-07 6.62195703362e-07 6.0709555478e-07 7.00203680153e-07 2.05710396812e-06 3.34083956859e-07 5.11098650958e-07 2.64727907808e-07 4.33148599775e-07 8.19948318259e-08 4.01996963867e-07 8.5378835787e-08 1.08379964624e-07 7.00143145611e-07 1.41484076595e-07 5.80560911137e-08 4.6476183845e-07 1.27557439459e-07 2.25302307242e-07 2.6658312952e-07 2.27114660893e-07 3.60986718859e-07 2.42413013382e-07 3.05996506059e-07 2.46021389215e-07 3.77053240434e-07 2.45148092907e-07 2.93399595846e-07 2.46467342605e-07 1.46077225789e-07 5.40534347812e-07 5.72520448623e-08 1.84216725151e-07 9.12625447906e-07 1.48462631055e-07 1.01167534785e-07 5.52603278096e-07 1.03997180715e-07 6.5724149373e-07 3.94776020299e-07 5.86876643457e-07 3.7193270277e-07 1.38145075002e-06 8.55630504534e-07 1.86751520602e-07 3.51338413698e-07 5.85857231381e-07 2.15712962968e-07 1.75742463548e-07 3.86438018074e-07 8.86786762359e-08 3.27604551583e-07 2.27494275444e-08 5.58226367919e-08 2.97321066908e-07 5.25574752097e-08 2.41381613316e-08 1.39505232342e-07 2.06563803426e-07 1.09073507093e-07 6.36826604296e-08 1.75251612153e-07 1.20116967467e-07 1.14917944946e-07 1.78186503623e-07 7.84803029216e-08 1.90882374115e-07 1.26105604237e-07 1.34165380685e-07 1.88232964834e-07 5.78849961929e-08 1.33096352729e-07 2.25469487204e-07 1.67551944986e-07 2.20350128308e-08 5.97350670368e-08 3.74471852101e-07 9.26782570724e-08 2.07227074313e-08 4.34453440414e-07 9.31301990711e-08 4.98033750225e-07 1.62080710826e-07 1.36873063559e-07 4.53033535081e-07 4.1034696517e-07 2.815653476e-07 2.49133469507e-07 3.70389485808e-07 3.44103365634e-07 1.82594014957e-06 4.86410633791e-07 4.29572669451e-07 2.44388134133e-07 1.50336239174e-07 1.27067488723e-07 5.60350272883e-08 4.27648128967e-07 1.67953525301e-07 4.35247795789e-08 3.19127067526e-07 1.0336869573e-07 1.44818984723e-07 2.52941378679e-07 1.43002796711e-07 2.45858381399e-07 1.05397564231e-07 1.68333145187e-07 1.97980684809e-07 1.99777239888e-07 1.97215609379e-07 1.28462823344e-07 2.56456271656e-07 1.54481119771e-07 3.12983576922e-07 1.59700588359e-07 1.2805848327e-07 3.9890092289e-07 5.4856551349e-08 2.22678247933e-07 5.39764962515e-07 8.13441241132e-08 1.50983127717e-07 1.72173474858e-07 3.16483527736e-07 4.99496820972e-07 4.74708200821e-07 1.25640267987e-06 2.2014845052e-07 4.55057091848e-07 3.5859764865e-07 7.77854808486e-08 1.85712647589e-07 1.1207075372e-07 5.3146130437e-07 1.62246464119e-06 1.23843090589e-06 2.34556499485e-07 6.52914887776e-07 2.58495980853e-08 1.76327326596e-07 6.4639666696e-07 7.81741128083e-08 4.9863059061e-08 5.07307309611e-07 1.47185841258e-07 1.83816272989e-07 1.99592467473e-07 2.93347642775e-07 2.51896611108e-07 1.28774330301e-07 3.06019545354e-07 1.346000394e-07 3.46404267954e-07 3.51473985642e-07 1.29402345441e-07 3.08077605516e-07 1.65216832949e-07 2.48404476478e-07 3.13958200287e-07 2.33516728395e-07 1.97171766683e-07 1.63373788677e-07 6.3857857994e-07 4.59524001823e-08 8.73064041175e-08 7.69924305165e-07 1.90766628733e-07 2.43881312413e-08 7.1030101676e-07 2.50952871023e-07 1.15891452034e-06 1.1709089091e-06 5.45097631682e-07 9.73937081876e-08 3.49412453705e-07 1.00647246055e-07 2.7737157471e-08 6.12670265152e-07 3.82716038171e-07 6.1381175895e-07 1.40999316276e-06 6.70910554499e-06 1.08453796716e-06 2.11596721966e-06 3.06985482419e-07 6.28230160522e-07 1.37437457575e-06 4.43129452259e-07 2.29880594688e-07 4.20175174695e-07 8.26175207977e-07 4.77966159964e-07 3.02781973896e-07 7.65445686535e-07 3.20547676037e-07 8.28826855035e-07 6.33892492433e-07 2.82707392036e-07 9.70031632469e-07 4.13471360288e-07 3.99548092315e-07 9.60183048925e-07 2.95004971588e-07 6.45228558789e-07 8.84548946476e-07 3.41192108343e-07 8.41245302624e-07 3.61668199455e-07 5.48622656772e-07 8.79121181342e-07 4.81750906817e-07 2.36783201237e-07 4.58672981906e-07 1.45179240897e-06 5.96892936943e-07 3.02738242725e-07 1.97663490538e-06 1.03418395498e-06 4.34723522655e-06 1.33076087209e-06 7.61992507334e-07 5.64602142748e-07 1.07021953125e-06 3.01267709032e-08 2.3843171227e-07 1.03953746272e-07 2.54292465647e-07 2.68835914712e-07 1.24199273373e-06 1.50284405491e-06 6.07598148201e-07 2.39660297786e-07 4.18561522702e-07 5.45769404463e-07 2.13426552866e-07 4.7160815506e-08 4.35892193706e-07 3.40391744295e-07 5.1490337335e-08 4.41595634855e-07 2.32228046291e-07 1.06201676163e-07 5.8988636671e-07 1.17889789012e-07 2.05108058157e-07 4.8604964712e-07 7.67520671942e-08 3.42090150845e-07 3.57762276092e-07 8.05208187719e-08 4.58628688133e-07 2.60759076296e-07 1.38040962584e-07 6.61695287954e-07 9.09799942003e-08 2.22966731668e-07 4.93153009222e-07 6.17302570999e-08 2.88880757794e-07 4.81576998957e-07 2.3037830647e-08 2.10802489228e-07 5.45452765434e-07 2.88063750603e-07 3.23358447393e-07 3.45900839911e-07 1.17320441765e-06 1.12017373411e-06 2.79592095347e-07 4.24512461489e-07 1.94857907889e-07 4.84575598355e-07 2.91087678567e-07 9.18670148622e-08 4.5982904297e-07 7.96458457776e-07 1.78728967251e-06 9.89219639719e-07 4.47959898608e-06 2.00059549045e-07 7.3391881036e-07 2.57136199004e-06 3.43132608247e-07 2.26745449311e-07 1.03657763177e-06 6.08481542382e-07 4.14044437454e-07 3.36584201551e-07 4.94947439477e-07 7.98611329245e-07 2.03198441158e-07 7.28085495116e-07 2.73014752522e-07 1.01786760615e-06 3.87293551466e-07 3.02747815935e-07 6.59626433252e-07 2.85876108993e-07 4.2289352098e-07 1.04361741539e-06 2.67351560412e-07 8.17307420072e-07 1.75802378976e-07 8.64937553382e-07 5.50875839481e-07 3.33402138916e-07 4.24142367882e-07 6.32511403501e-07 1.02286796075e-06 2.13542284281e-07 3.34953936309e-07 2.17616437206e-06 5.99041411936e-07 1.1616107578e-07 3.07970646473e-06 5.42149099117e-07 1.51726990247e-06 9.58938027049e-07 6.19645320248e-07 1.76862730367e-07 4.621529095e-07 1.48668085945e-08 6.58156391045e-08 7.72228904329e-08 9.87125013342e-08 3.99154270411e-07 2.27337511841e-07 6.12231366116e-07 6.17958202461e-07 2.512639668e-07 5.78278530643e-07 1.77418930616e-07 9.15377752234e-10 3.01830303537e-07 1.05010380117e-07 1.34675541409e-07 1.25706921635e-07 7.27432842164e-08 1.88817004322e-07 8.32336298437e-08 1.17979431368e-07 7.77400119596e-08 8.3087516522e-08 1.17689532994e-07 4.32903408171e-08 6.91399762409e-08 8.53000608824e-08 4.30787645441e-08 1.06772851267e-07 1.08852604567e-07 7.15703957886e-08 1.34949900771e-07 1.23313914457e-07 1.4080961373e-07 8.54150094138e-08 1.19419990119e-07 1.37714086451e-07 1.21777044944e-07 2.16226988373e-07 9.57722516996e-10 1.4322396804e-07 5.24471746237e-07 1.32165756282e-07 5.22962998793e-07 2.52484573921e-07 2.99237870972e-07 4.12466133921e-07 9.98074917924e-08 1.30247470244e-07 1.44965120164e-07 2.94911071768e-08 1.9900898009e-08 7.08177944436e-08 1.98109035277e-07 1.49845289276e-07 6.65810616992e-07 2.15895082277e-07 9.79807158546e-07 2.79162275816e-07 1.34723638212e-06 9.88267072802e-07 4.1797182819e-07 2.42685412962e-07 4.3952251416e-07 6.07045650912e-07 1.37271577739e-07 4.81902786382e-07 4.54222777795e-07 1.34908206465e-07 4.5848365971e-07 2.87347323217e-07 1.23693573977e-07 7.1721532221e-07 1.25628687548e-07 3.57303463462e-07 5.85437299306e-07 4.25709548928e-08 5.3390588142e-07 3.82539853561e-07 1.27805435612e-07 6.80656264704e-07 1.4842026265e-07 2.69328575042e-07 4.99089626153e-07 1.44998106501e-07 3.79224923101e-07 5.04171010794e-07 1.07953066783e-07 5.63196669894e-07 3.58608028569e-07 2.19142429379e-07 4.23857175129e-07 5.92779115138e-07 1.11610501644e-06 1.69162709435e-07 7.50079456272e-07 1.87530753313e-07 6.91489576408e-07 2.25308668521e-07 3.26270395929e-07 1.40595595243e-07 3.12559595143e-08 5.04385057076e-08 2.00060238977e-07 5.71622473266e-07 5.35399875563e-07 1.62191286072e-06 8.10288731729e-07 1.701280197e-06 6.41825160797e-07 1.42221301855e-06 7.75011216209e-06 1.39678265164e-06 4.18502743935e-07 3.04851876757e-06 1.08430399106e-06 9.1401557941e-07 1.0468018284e-06 9.25206464679e-07 1.03642916161e-06 3.71818859699e-07 1.04129552903e-06 7.35723108485e-07 6.91823184008e-07 8.61372699942e-07 3.3838057004e-07 1.2722519278e-06 5.61295593824e-07 5.71926693925e-07 1.27230884354e-06 3.31934732686e-07 8.87669059806e-07 7.11307927653e-07 6.34962371994e-07 1.03224874163e-06 3.31222050793e-07 9.34958298011e-07 9.18311420056e-07 9.40889189932e-07 7.21883585916e-07 1.01676406258e-06 2.5587304983e-06 4.72976397388e-07 7.58550273979e-07 5.24242588386e-06 9.34172746442e-07 5.50640161077e-07 1.51139800624e-06 7.86636330498e-07 1.90321957709e-06 7.90237682855e-07 9.71960873617e-07 3.63780426285e-07 6.73243149748e-08 1.26239898337e-07 2.26129024334e-07 1.42184313685e-07 5.02465378292e-07 2.31919220836e-07 5.14175671597e-07 1.92237900854e-07 4.8892240476e-07 1.16501610454e-06 1.30316282434e-06 1.29567692502e-07 8.3699492273e-07 7.78110355501e-07 7.63619317966e-08 7.10413083956e-07 2.84974787708e-07 1.9948089333e-07 7.15944656196e-07 1.16359841743e-07 3.69366909523e-07 5.89867626211e-07 2.47123898858e-08 5.73341590951e-07 1.56986149184e-07 2.1774071231e-07 5.47456129817e-07 2.03010226404e-07 1.62868283371e-07 5.98768689489e-07 9.30495768992e-09 5.69505244409e-07 3.75288007722e-07 1.19079446228e-07 6.97142553652e-07 2.15314298429e-07 2.00124698547e-07 7.19380882295e-07 1.0623824753e-08 5.43468527394e-07 7.00350451338e-07 7.43049865308e-08 1.11826838366e-06 7.56912663873e-07 4.30155586068e-07 1.90118414527e-07 5.29267171642e-07 2.42403724089e-07 6.17133122379e-07 2.30928220732e-07 4.10526775296e-07 2.05235463552e-07 3.08233128386e-08 9.28351565242e-08 1.14609199492e-07 2.2737500323e-07 5.63571224882e-08 3.38494841462e-07 1.3622203004e-08 1.38071553143e-07 4.60024578437e-07 2.67740569968e-07 6.86196495631e-07 5.00001353576e-07 5.17754265114e-07 1.70252572825e-07 9.06678724816e-08 1.59161133305e-07 6.97701792232e-08 1.95747268112e-07 1.47931940681e-07 2.3095352424e-07 1.52675535118e-07 8.83129319653e-08 1.61372154543e-07 9.30242354381e-08 1.27981933957e-07 1.32427997552e-07 1.01193241493e-07 1.43064706306e-07 8.24962822874e-08 1.61250380129e-07 2.02760539702e-07 1.63661745645e-07 1.83692076028e-07 1.08764956563e-07 1.31399394142e-07 6.5172745736e-08 1.42119839485e-07 5.03482967167e-07 2.65509756349e-07 5.72874434559e-07 1.26338900283e-07 4.9218298543e-07 1.82917062974e-07 2.46760251036e-09 3.27894893857e-07 3.24028003977e-08 2.92380380274e-07 1.57831903247e-07 1.70452114628e-07 5.08727586642e-08 1.43749150849e-07 3.12711915066e-07 2.7975078419e-07 1.50299152509e-06 8.4615426602e-07 1.00146928692e-06 4.96451196784e-07 6.36708378956e-07 2.69951092913e-06 9.66672261878e-07 4.94012327126e-07 7.24195552243e-06 2.00970117637e-06 9.34596502082e-07 2.6800211763e-06 9.59631489522e-07 1.4692976158e-06 1.25457380828e-06 1.29907079537e-06 9.78421828177e-07 8.7728176797e-07 9.51425394032e-07 8.483000124e-07 6.7325785548e-07 8.42511622498e-07 6.42560383637e-07 1.78427488147e-06 5.71928275644e-07 8.43807564327e-07 6.33355216846e-07 8.09890446244e-07 9.0105075982e-07 8.42834401534e-07 8.9988313258e-07 1.17321855609e-06 1.14483934737e-06 1.26177616414e-06 7.97357722023e-07 2.21464272997e-06 7.52691176886e-07 1.22646584573e-06 5.109306186e-06 2.53402350697e-07 8.86180663522e-07 2.09599321515e-06 5.93393059276e-07 3.98647970345e-07 1.02811806184e-06 9.676491988e-07 1.98439260823e-06 4.80409591758e-07 5.20589649595e-07 2.04191134902e-07 1.64655873636e-07 2.82150302147e-07 7.38157436831e-07 3.32016306575e-07 7.55687511756e-07 1.83747850826e-07 4.16631313349e-07 1.60172885272e-06 3.91545135521e-07 4.50652903909e-07 2.4881695343e-06 3.50316862291e-06 8.40296492686e-07 1.20129038942e-06 1.14163279801e-06 5.73780286147e-07 1.35547510549e-06 6.95088967948e-07 4.25951746059e-07 1.22112462185e-06 2.07159925373e-07 7.11188319241e-07 9.90236379679e-07 1.96009581188e-07 1.06852513469e-06 4.11721514459e-07 4.31719611766e-07 1.05227661292e-06 2.06835444387e-07 9.38473666207e-07 6.1711251351e-07 1.90886409715e-07 9.61401409226e-07 4.4618834876e-07 5.74805371497e-07 1.17913458566e-06 5.66952080223e-07 8.36122049629e-07 9.17187723897e-07 5.04574453769e-07 2.82902958501e-06 1.51566804921e-06 4.42154928618e-07 3.31867302275e-07 1.50615003857e-06 3.66818246169e-07 1.9841241397e-07 9.31799242466e-07 3.35642547009e-07 1.02140383453e-06 5.13561008193e-07 3.11435903287e-07 7.58981058664e-08 1.35164265997e-07 3.40087961329e-07 1.4887514821e-07 3.11749745908e-07 2.96213819804e-08 1.08267318484e-07 7.23263574172e-07 1.40209574628e-07 1.82579915955e-07 1.30655893397e-06 7.56880252952e-07 1.26160030248e-06 4.13076162244e-07 5.53452865094e-07 7.31541565729e-07 1.73520165349e-07 6.54837649077e-07 2.54490181364e-07 4.10082022925e-07 3.80269363008e-07 8.84898796589e-08 6.27357379808e-07 2.51662045998e-07 7.71608876652e-08 7.43669213002e-07 1.78546127481e-08 6.17905251805e-07 1.08677588446e-07 2.65055093337e-07 5.78646625314e-07 1.08649120329e-07 2.38387739658e-07 4.9334465276e-07 1.68494989543e-07 6.19021231372e-07 7.49195658485e-08 5.34112914805e-07 5.9495108783e-07 1.74424947233e-07 1.16572904085e-06 5.56371919236e-07 9.40274439929e-07 1.58816451921e-07 5.46806517125e-08 7.21975060204e-07 1.26601866184e-07 1.65785173082e-08 4.24204177931e-07 1.51735767532e-07 4.72632902373e-07 2.43629596878e-07 1.27127445578e-07 1.88873407921e-07 3.34994888561e-07 9.69593788967e-07 4.22498534834e-07 7.59309751194e-07 2.08291771159e-07 6.90593491338e-07 1.15255749766e-06 6.88144938922e-07 2.5360467385e-07 1.99054816356e-06 1.55988177302e-06 9.61394678122e-07 5.28543245248e-06 1.72808938238e-06 1.2404419331e-06 2.43004030382e-06 9.76961923406e-07 1.27245540025e-06 1.51162112621e-06 7.62335951235e-07 1.0084351573e-06 5.72928406198e-07 6.03310185951e-07 1.3547559865e-06 7.53656029221e-07 8.11078566605e-07 8.76844669017e-07 7.35740197975e-07 1.29696660054e-06 5.72905885952e-07 5.58569297786e-07 9.87330849927e-07 7.12646162848e-07 1.39154964833e-06 1.07225506877e-06 8.6954714837e-07 2.19562866199e-06 9.71676774293e-07 9.81467419163e-07 4.01676123854e-06 5.58790522712e-07 1.22775193674e-06 1.77662292788e-06 1.6548436657e-07 7.67806577687e-07 1.11743881495e-06 7.404338411e-07 3.51017900267e-07 7.19258641196e-07 6.1283870233e-07 1.44661509642e-06 5.07673050486e-07 2.77144863706e-07 3.39206730788e-07 6.83179206356e-07 2.57102686032e-07 4.92093483547e-07 1.16845820803e-07 3.72525273904e-07 1.00351350364e-06 2.93996803686e-07 1.98205479942e-07 1.52835905959e-06 9.13951384077e-07 6.28870262353e-07 1.7184522319e-06 3.31569536582e-06 1.37353267777e-06 1.45493685879e-06 1.64048940233e-06 3.68532898944e-07 1.70861312255e-06 5.46148015977e-07 5.44507604382e-07 1.36173536041e-06 3.42907015594e-07 1.0099135155e-06 1.28414459408e-06 1.61792130475e-07 1.84409806219e-06 1.50635292756e-07 1.26134028378e-06 1.02714525147e-06 3.57785785326e-07 1.2244728642e-06 5.64455188726e-07 5.12125604096e-07 1.48676537469e-06 2.48190566899e-07 1.28662812966e-06 1.10458520133e-06 8.9838797164e-07 2.78424769674e-06 9.48487976746e-07 7.34297738487e-07 6.89561915294e-07 1.33106044382e-06 1.68247319692e-07 2.29639840842e-07 1.07814589333e-06 3.90592791464e-07 9.61941351499e-08 6.35264199942e-07 3.2074102218e-07 1.13951276643e-06 5.28078325543e-07 1.7314590241e-07 5.6217861934e-07 2.91707982969e-07 6.25408326773e-07 1.41499588243e-07 4.54554037388e-07 1.03220808573e-06 3.83968726775e-07 2.11945314991e-07 1.5915957715e-06 8.01426641553e-07 3.52054629226e-07 1.64796041569e-06 1.59573217603e-06 3.53007067044e-06 1.2891224937e-06 1.38683460158e-06 9.33374270494e-07 1.05942714357e-06 8.79976853625e-07 6.07050059657e-07 9.09674402944e-07 6.25047978218e-07 2.84274167377e-07 1.18747044413e-06 6.00572182953e-07 5.09760346772e-07 5.67710186435e-07 5.85113027604e-07 1.08948147499e-06 2.78988701881e-07 4.85995328427e-07 9.33032998687e-07 4.80646905808e-07 7.64559550119e-07 9.82464463005e-07 6.66925414488e-07 1.35709044216e-06 7.270106748e-07 2.97943121777e-06 1.15721964101e-06 1.20212020285e-06 3.16868450841e-07 8.25587496112e-07 1.25575884952e-06 2.21560900391e-07 3.58259532749e-07 1.13981111293e-06 4.39820757321e-07 1.09020841312e-07 8.63981500812e-07 4.00754011321e-07 9.76272313282e-07 2.64643033076e-07 2.12948809957e-07 9.0553367241e-07 2.10854235297e-07 9.24164391639e-07 2.72551536214e-07 5.04470494502e-07 1.68758618718e-06 4.3189609268e-07 4.60898003904e-07 1.37690338824e-06 1.54543827881e-06 3.49447301418e-07 1.85607933598e-06 1.99075934007e-06 1.99964154494e-06 6.7193629204e-06 2.56811231599e-06 1.58240696505e-06 3.68320869424e-06 8.16543891702e-07 1.68209540006e-06 1.59177360559e-06 8.77706223661e-07 1.979001557e-06 8.00571395907e-07 9.51049636719e-07 2.24998451383e-06 3.60491442595e-07 2.35805403796e-06 8.80612676562e-07 8.15627087829e-07 1.82989053805e-06 8.83685216418e-07 1.40352493339e-06 1.54761703982e-06 7.47524997305e-07 2.77766430428e-06 1.59075287069e-06 1.38797184071e-06 5.12901321224e-06 1.24292348125e-06 1.56622526328e-06 1.52941696636e-06 2.14109565064e-07 1.44694750702e-06 1.39849532255e-06 3.76797913696e-07 4.92508690475e-07 1.68277430778e-06 5.30080077844e-07 3.85033670691e-07 1.15252119844e-06 3.44625729422e-07 1.43158589135e-06 2.84006658415e-07 8.34817539646e-07 1.368091227e-07 6.70020254907e-07 2.4110593594e-07 5.74153113552e-07 9.33806608436e-07 5.1495636485e-07 2.29523798354e-07 1.23680608137e-06 1.02183700817e-06 4.43765571078e-07 1.35723758276e-06 1.11983213882e-06 1.69618059982e-06 2.15370062144e-06 4.45997842367e-06 1.09266104085e-06 2.45142296103e-06 1.76885845195e-06 6.77674290033e-07 1.93265480627e-06 5.25141329714e-07 9.35696018735e-07 2.0242073601e-06 2.53917994827e-07 2.01765884131e-06 8.0577608558e-07 7.08739851408e-07 2.03038620444e-06 1.98228797797e-07 1.60544033429e-06 9.93949466941e-07 3.72150632016e-07 1.86088132255e-06 5.5685801554e-07 1.38075361141e-06 2.24453400538e-06 6.31723121695e-07 3.85650539898e-06 1.29700752675e-06 1.53047451802e-06 9.43804061082e-07 1.28005908487e-06 3.35412580203e-07 9.92057236223e-07 1.13716282513e-06 3.03320031135e-07 5.35092086737e-07 1.05223560488e-06 6.76158025005e-07 3.6706666985e-07 8.26517013916e-07 2.58818180986e-07 1.29192937225e-06 5.03739580181e-07 1.17994775024e-07 5.41558469676e-07 8.2213587903e-08 3.22661780349e-07 8.31378978372e-07 2.03745074259e-07 2.45057709271e-07 8.37116862075e-07 9.72325216743e-07 2.46647244798e-07 1.13746167387e-06 7.14531699936e-07 1.05903074533e-06 2.18491690102e-06 1.65367012397e-06 3.47928219621e-06 2.08189865992e-06 1.06770413518e-06 1.22143888005e-06 1.11298856792e-06 8.16069214674e-07 9.52935521187e-07 1.28348715704e-06 6.00863931733e-07 6.48024562171e-07 6.58567565107e-07 1.55738411994e-06 6.34220747167e-07 6.05974970878e-07 5.59880562148e-07 1.19170303425e-06 8.53604870661e-07 7.43063678849e-07 1.05622951099e-06 1.12064309752e-06 8.70025019813e-07 1.26288931748e-06 2.99126680721e-06 9.41131539842e-07 2.14711362062e-06 8.13766090833e-07 5.65611024978e-07 9.90125954355e-07 1.82864421903e-07 9.47958210215e-07 9.23613379168e-07 2.17923175699e-07 1.39534079314e-07 9.90861645142e-07 4.09259031106e-07 1.00050703376e-07 7.62739813105e-07 2.22448417705e-07 7.5004840511e-07 5.79705389148e-07 3.31778821231e-07 1.15643312573e-06 1.20621649466e-07 4.82466330592e-07 1.65001451161e-06 5.3035031022e-07 2.42313382173e-07 2.07894960671e-06 1.21452391746e-06 6.56877142745e-07 2.29680594643e-06 1.65976972493e-06 1.64002581054e-06 3.02732345242e-06 3.02201671492e-06 2.65964055282e-06 8.74402497274e-06 2.46262879951e-06 2.3301596593e-06 4.35806513105e-06 1.08138265992e-06 3.19008016154e-06 2.65979591733e-06 1.02438797625e-06 4.05550149725e-06 4.26338734542e-07 3.01628695188e-06 2.89815294398e-06 4.14883432817e-07 3.76682706118e-06 9.34453698386e-07 2.50505130004e-06 2.93372260841e-06 1.00411769138e-06 3.42551882382e-06 1.95633589524e-06 1.57116233092e-06 7.09685819037e-06 1.66777560317e-06 2.74083608184e-06 2.29183553359e-06 1.51919037367e-06 1.32026896089e-06 2.12559375928e-06 5.68234477376e-07 1.42782759785e-06 1.96665684208e-06 3.00475328405e-07 6.20029425298e-07 1.95347901113e-06 6.74703341686e-07 2.0958401313e-07 1.65875752795e-06 6.13172403902e-07 8.58006914062e-07 3.22067282007e-07 6.41099164227e-07 8.55592458391e-08 2.41317544686e-07 8.65891299361e-07 2.72615962586e-07 6.79814155087e-08 8.26841590133e-07 6.51142897625e-07 2.21665021518e-07 1.02079082098e-06 8.19256657439e-07 8.33461456799e-07 1.39222084257e-06 1.04715737601e-06 1.23232707622e-06 2.35075166789e-06 3.15450144123e-06 1.09551274032e-06 1.69318080919e-06 9.98482913011e-07 6.70118997571e-07 2.01164407889e-06 4.83828209044e-07 1.05459557123e-06 7.4252893756e-07 5.75858512866e-07 1.66166766596e-06 5.80767070929e-07 6.31133177723e-07 1.0710059727e-06 4.5265544586e-07 1.71469940831e-06 4.9675257365e-07 7.01297029831e-07 1.52297978686e-06 6.42820474829e-07 2.94818292597e-06 1.55317051606e-06 9.18430373867e-07 8.37845103592e-07 1.27766287955e-06 6.34950551471e-07 7.58817524184e-07 1.0698840538e-06 2.01419422807e-07 5.74200764371e-07 9.26027714311e-07 4.18192531695e-08 3.61737653821e-07 1.0693895132e-06 2.92134121444e-07 1.50395354245e-07 9.80486668721e-07 5.14218780855e-07 3.80681212708e-07 8.04036501037e-07 7.8525433348e-08 2.37810722647e-07 7.65023135703e-07 3.27289702634e-07 2.92281473663e-07 1.17084253449e-06 6.98370819137e-07 5.98538424109e-07 8.68129990359e-07 1.08419613817e-06 7.18994735135e-07 1.89099815199e-06 9.61974606701e-07 1.22315416649e-06 2.94551065292e-06 1.61989502993e-06 4.66273670018e-06 2.50995713068e-06 1.03461870299e-06 2.60164489523e-06 1.66699534881e-06 1.0214008794e-06 1.7638402055e-06 7.44884717809e-07 1.81763336375e-06 7.6501417408e-07 8.34218247085e-07 1.56483558013e-06 7.2099948733e-07 1.63143801987e-06 8.65003926785e-07 1.48923361806e-06 2.12493324915e-06 9.72997256821e-07 1.51680858447e-06 4.02319534895e-06 1.12300605076e-06 2.50641428677e-06 9.61168074276e-07 7.86164074985e-07 1.6462161679e-06 6.58806313886e-07 1.00806063846e-06 8.42758519485e-07 6.67844308896e-07 7.34280231839e-07 1.17143898357e-06 3.9373888399e-07 4.15423061997e-07 1.03363547761e-06 3.18237243967e-07 1.14865579e-07 1.09108284758e-06 5.33421246148e-07 1.51359763951e-07 5.37390692984e-07 1.56861063281e-07 3.01348961858e-07 1.25072670096e-06 3.85183700771e-07 3.38759903407e-07 1.68164601769e-06 1.06024084804e-06 6.53980897181e-07 1.8649893382e-06 1.19831364189e-06 1.53677107304e-06 2.29418101377e-06 1.90915721767e-06 1.67302225523e-06 3.49935762274e-06 2.24001230361e-06 3.23353833147e-06 8.48446825373e-06 2.14410355707e-06 3.67581578887e-06 5.16884355223e-06 1.13455954123e-06 4.69900746986e-06 1.27888533803e-06 2.70001000012e-06 3.46254185701e-06 4.33905578105e-07 3.29709563471e-06 2.76811529899e-06 1.17226106872e-06 4.22256395691e-06 1.13169818584e-06 4.08483079483e-06 3.15788381804e-06 1.3350755187e-06 7.17019799053e-06 2.05694820739e-06 1.99643374926e-06 2.64541258602e-06 1.60108632705e-06 1.70721757319e-06 2.09451869537e-06 1.2629702055e-06 1.41519770426e-06 1.68215470124e-06 7.11724835307e-07 1.12206674357e-06 1.90797758813e-06 4.48180820418e-07 5.5950711489e-07 1.69114738083e-06 4.67484903432e-07 2.47126247861e-07 8.71292470344e-07 2.02546071311e-07 1.68441236952e-07 1.42135324131e-07 1.81735815769e-07 6.85073451001e-07 1.98415559551e-07 1.28382305952e-07 7.81019205704e-07 4.84204412338e-07 2.84925756913e-07 6.74292346771e-07 7.05066512367e-07 5.81950604106e-07 1.14061540853e-06 7.68603617869e-07 9.36723721548e-07 1.72709912047e-06 8.54263448603e-07 1.47525556055e-06 2.29677713885e-06 3.18860389642e-06 1.55059960487e-06 2.26496528467e-06 1.33655531332e-06 1.5118047587e-06 7.43470124665e-07 1.50487384612e-06 1.24728477246e-06 6.16940320762e-07 5.43738399665e-07 1.23125709445e-06 1.36240180905e-06 7.11106081762e-07 1.51769788012e-06 1.0441664379e-06 2.30852200221e-06 9.48883663856e-07 3.0743359389e-06 1.58664032688e-06 1.29683356235e-06 5.92592371187e-07 1.6017561464e-06 9.02115313356e-07 6.03623621762e-07 9.78316038755e-07 6.09212827568e-07 6.48958947215e-07 7.95190868669e-07 2.72656894076e-07 4.47796395176e-07 1.0157140604e-06 1.89375057897e-07 2.18779970822e-07 8.97770337515e-07 3.19938412429e-07 2.18229365491e-07 2.64407989502e-07 3.40447076656e-07 5.45030595974e-07 1.98703975546e-06 4.75333719536e-07 1.64740735897e-07 1.25643010976e-06 1.05287518088e-06 6.23956306488e-07 1.11589212846e-06 1.1387002937e-06 1.79505811666e-06 1.44082527212e-06 2.15825710957e-06 1.47106925275e-06 3.6567945882e-06 1.21204353497e-06 2.09453175311e-06 4.67345713393e-06 2.20107701538e-06 8.86646019711e-06 4.41494334285e-06 1.7315658884e-06 6.19713706505e-06 1.04303073815e-06 4.68869416746e-06 2.97404701013e-06 9.00496885151e-07 4.16519854731e-06 9.09155697494e-07 3.19895440521e-06 3.95481377565e-06 1.22233637201e-06 5.53075501586e-06 1.59218936445e-06 2.83044247772e-06 7.52456291966e-06 1.4480708561e-06 4.03776648632e-06 1.83103852297e-06 9.62548058379e-07 3.37005380227e-06 1.12883231428e-06 2.18380813658e-06 1.36681432641e-06 1.73360361373e-06 1.21833146171e-06 1.11885930142e-06 5.42474554435e-07 1.34289104274e-06 1.57284233107e-06 2.09511268166e-07 5.69524790891e-07 2.5216957486e-06 7.46884109923e-07 4.32358484746e-07 5.91213826344e-07 1.7337724532e-06 4.06020792853e-07 1.40274250757e-07 1.55582977284e-06 1.00721800678e-06 6.66581122394e-07 1.24497674974e-06 1.27451494602e-06 1.27045537067e-06 2.24588770564e-06 1.74301934936e-06 1.7551504362e-06 3.46733395437e-06 1.57574529257e-06 2.34592157951e-06 3.87619323005e-06 2.79415485922e-06 4.84358885244e-06 9.99722303167e-06 2.24211390375e-06 5.63709627335e-06 2.53900595043e-06 3.31619870956e-06 4.33490614019e-06 1.36912126061e-06 3.06077655754e-06 3.10723044779e-06 1.33030508796e-06 4.0582791107e-06 3.34782427334e-06 2.00433013448e-06 4.91811539397e-06 1.52373032766e-06 8.82407134511e-06 3.1157547188e-06 2.61192398792e-06 2.989123557e-06 2.13918412496e-06 1.23595717225e-06 3.27714694108e-06 1.66553240298e-06 1.53344749765e-06 2.09873434994e-06 1.24070383057e-06 1.34589751034e-06 1.33448263904e-06 7.55519175147e-07 1.14757061856e-06 1.9661440131e-06 2.39952455618e-07 6.20037737259e-07 2.56805931242e-06 8.18455541874e-07 7.308065588e-07 2.4016853687e-07 6.98474488894e-08 8.55300125946e-07 5.37868026599e-07 2.74442898493e-07 5.17633998073e-07 6.32701123447e-07 6.24595345167e-07 9.55464214974e-07 8.30492948823e-07 8.11083888594e-07 1.48472014314e-06 7.11643041448e-07 1.16636043589e-06 1.63184821574e-06 8.80075922804e-07 2.25710776224e-06 2.14983606434e-06 3.28414254092e-06 2.22729797873e-06 8.34986983584e-07 2.67430881676e-06 1.23404816771e-06 7.40180395802e-07 1.42830649452e-06 8.54206205705e-07 1.36147203161e-06 5.87374496672e-07 1.19623253809e-06 2.17330370156e-06 9.27542043765e-07 1.38639727432e-06 3.17887753776e-06 1.57806468787e-06 1.84842710895e-06 7.57597277642e-07 1.60356879255e-06 8.5346191704e-07 6.38291547724e-07 1.23425113268e-06 8.75640237864e-07 6.35864198579e-07 1.05910678081e-06 5.66029373065e-07 6.64939082836e-07 5.18175684805e-07 3.4454737692e-07 6.30976303831e-07 1.03259057559e-06 1.3920412774e-07 3.95077690285e-07 1.09664731626e-06 1.65636761919e-06 2.54426589523e-07 3.12666374147e-06 1.55663480529e-06 6.91979234983e-07 1.80260911202e-06 2.02588555447e-06 1.96642400199e-06 2.5174994737e-06 2.38860592862e-06 2.36465936786e-06 3.24686017903e-06 2.32317338429e-06 2.50155145797e-06 5.27491507138e-06 2.17936096247e-06 5.30540427938e-06 6.74602714769e-06 3.44938385355e-06 1.53567893005e-05 2.88413626024e-06 6.75896664452e-06 7.7712847447e-06 1.41660768886e-06 7.18159759876e-06 3.51407638041e-06 3.52685314989e-06 7.07856133048e-06 1.39045347294e-06 7.0353773623e-06 6.17026041961e-06 1.86441619382e-06 1.32359783293e-05 2.55727776319e-06 5.69346228083e-06 4.46572541406e-06 2.10221076505e-06 4.7683570623e-06 2.33896393531e-06 2.22480334387e-06 3.29153623267e-06 2.08019884273e-06 2.42746634561e-06 2.41144103448e-06 2.1749807121e-06 2.02653880812e-06 1.97153785312e-06 9.24724753182e-07 1.86051237815e-06 3.72256227835e-06 3.92147217359e-07 2.81670576122e-06 2.46934618751e-07 1.01969969723e-06 4.00670525933e-07 1.83140693032e-07 5.22610852299e-07 5.35403913324e-07 6.80193429482e-07 9.57621195494e-07 8.43734243611e-07 4.34605916834e-07 1.52621069971e-06 5.16461907746e-07 8.50517256745e-07 1.49777511149e-06 7.12809584114e-07 1.81205328583e-06 1.73963155194e-06 1.3557774403e-06 2.98119068979e-06 2.74905311596e-06 2.21143133956e-06 1.80279424884e-06 1.0712846398e-06 1.39154239882e-06 1.60792623651e-06 1.30549568631e-06 1.49865811462e-06 1.36446683028e-06 9.79325616904e-07 1.82883993423e-06 1.51562383579e-06 2.96763283831e-06 1.89863894432e-06 1.39333419398e-06 1.42889336746e-06 1.95292340692e-06 6.81889317577e-07 1.40854019019e-06 8.55965910045e-07 4.33948481498e-07 1.49209043652e-06 5.01975516133e-07 8.24704162534e-07 9.2486569185e-07 7.96853722078e-07 7.03046314288e-07 5.89821164547e-07 2.58926556376e-07 5.62127087894e-07 1.3294112496e-06 3.31905630018e-07 5.54909743681e-06 1.03100689844e-06 7.30633572672e-07 1.73788930311e-06 1.16758645537e-06 1.31391373533e-06 2.15153988794e-06 1.7946562292e-06 1.25353619175e-06 3.20438933204e-06 1.91820360175e-06 2.01828106296e-06 4.18477339678e-06 1.62068401093e-06 4.78046234535e-06 4.86484670267e-06 2.48175606181e-06 8.2123462808e-06 2.63655415768e-06 1.45510575244e-05 5.50324419924e-06 2.22509204874e-06 7.59130240099e-06 2.48120176562e-06 5.46777601806e-06 4.92877073094e-06 2.61505617671e-06 6.73897504964e-06 2.37160380391e-06 3.58959347858e-06 1.26100689823e-05 1.97072694538e-06 7.47535787987e-06 2.09003472886e-06 4.59893591202e-06 4.03601489307e-06 1.44266992413e-06 3.82318536194e-06 1.87266604461e-06 1.95781652218e-06 3.09399098668e-06 1.26055114146e-06 1.71657982639e-06 2.21271246142e-06 1.39732033587e-06 1.34878844906e-06 2.03028678627e-06 8.97338885581e-07 1.49572676118e-06 9.71641864273e-06 4.68100961323e-06 4.54805274364e-07 2.11042615845e-06 1.36128438027e-06 1.30363426002e-06 1.57526309312e-06 1.5565922176e-06 1.34423589148e-06 2.95830839835e-06 1.45093068684e-06 2.37365644556e-06 3.09003696177e-06 1.6446963094e-06 3.77761987209e-06 4.30312543657e-06 2.13992007294e-06 6.18056748479e-06 2.43562346431e-06 7.16463237484e-06 1.0536746017e-05 2.32513546067e-06 6.00807885855e-06 5.25468821115e-06 2.73612989513e-06 5.97474244154e-06 2.65403580453e-06 4.3228088845e-06 5.86431318547e-06 1.50778048589e-06 1.02636623617e-05 5.2996689468e-06 2.26275400938e-06 5.09297498991e-06 2.04302202812e-06 3.71884589993e-06 3.91313411305e-06 1.32524064809e-06 3.29546234761e-06 1.99264189004e-06 1.70272146708e-06 2.76632015868e-06 1.26799558238e-06 1.66799969525e-06 1.79571701441e-06 1.5618017116e-06 1.47227267157e-06 2.20148050145e-06 5.5791581107e-07 7.84917794275e-06 8.91476070646e-07 8.53473059935e-07 5.97804051967e-07 6.00221047757e-07 7.72156825716e-07 4.72034066528e-07 4.28605052241e-07 1.19393704192e-06 5.24689661412e-07 6.62152863333e-07 1.51244444065e-06 5.51904857178e-07 1.60950132369e-06 1.62418712376e-06 6.79502976237e-07 2.10916582149e-06 8.52198638799e-07 2.92085228679e-06 2.22443549583e-06 3.10619520898e-06 2.16116681321e-06 1.84697014093e-06 2.52960691019e-06 1.55340215129e-06 1.70634548755e-06 2.29656746909e-06 1.93826448858e-06 1.50750865393e-06 3.28471402353e-06 1.53406253486e-06 2.91300370264e-06 7.75854054412e-07 2.09610566263e-06 5.19553783669e-07 1.4907226075e-06 1.4175276478e-06 5.15893016996e-07 1.35315451513e-06 6.90692631426e-07 4.87307853078e-07 1.28693178821e-06 4.62001116932e-07 5.57600890405e-07 9.4935488751e-07 6.5683362927e-07 7.16447854297e-07 9.77725152686e-07 1.45206430898e-06 9.19098679992e-06 2.17111835841e-06 1.68543769994e-06 2.77841462111e-06 2.0541590153e-06 1.65033536257e-06 3.92574489196e-06 1.97233670231e-06 2.42354143532e-06 3.4062722329e-06 2.53768153462e-06 3.42436487693e-06 5.23200516598e-06 1.80557152488e-06 7.9024302801e-06 2.14843583911e-06 7.71593924112e-06 7.13281304782e-06 3.31829473563e-06 1.60541941117e-05 6.08536070239e-06 6.26369742121e-06 1.0327755163e-05 3.2968632413e-06 9.64553623788e-06 6.23402472107e-06 4.27122616348e-06 1.52287258524e-05 2.6563351684e-06 7.2427543616e-06 6.53241136542e-06 2.19002331896e-06 7.40118164959e-06 1.99241090551e-06 5.13217629807e-06 3.43711184141e-06 2.37737560976e-06 3.50770864855e-06 2.29349938272e-06 2.19913785143e-06 4.06423906516e-06 1.82253583713e-06 2.19443486567e-06 3.00020594884e-06 1.9397980869e-06 2.77145717633e-06 1.34099841259e-05 4.73437414313e-06 1.18496946796e-06 2.0570356942e-06 1.46528480979e-06 1.10091976349e-06 1.88657012834e-06 1.26216823281e-06 1.51698954199e-06 2.3868191275e-06 1.10339264806e-06 2.91902498537e-06 2.50569649648e-06 1.09109530867e-06 4.91514681879e-06 1.48855588847e-06 4.34773459369e-06 3.29315292435e-06 2.32586350998e-06 5.15157227545e-06 8.35226193598e-06 3.64303157173e-06 4.19531369096e-06 4.54524515017e-06 4.1892655759e-06 4.21466964435e-06 2.69056914059e-06 8.19211540526e-06 3.6389757882e-06 2.38716022116e-06 2.81401184239e-06 4.27785015164e-06 1.24875681115e-06 4.82264871207e-06 9.64241574268e-07 2.38650947189e-06 2.83236371305e-06 9.94739234832e-07 2.47996971286e-06 1.37501032011e-06 1.22272604421e-06 1.96224679099e-06 1.10834987631e-06 1.63636142662e-06 2.18956748862e-06 1.52950946967e-06 6.86810963872e-06 6.00148591634e-06 3.47258390702e-06 2.31663676364e-06 1.59694720708e-06 2.60740502468e-06 1.28501584144e-06 1.74494249841e-06 2.91960055262e-06 1.55270283048e-06 3.11069520516e-06 4.06939005823e-06 1.29994486164e-06 5.39599416451e-06 1.85568249427e-06 5.62305838809e-06 3.90287534061e-06 2.20644049957e-06 7.4129943224e-06 4.81798452762e-06 1.09085430744e-05 5.88268554197e-06 4.27149237957e-06 8.68934483573e-06 3.94051658754e-06 4.73675944214e-06 1.11219898358e-05 3.95419932093e-06 7.01968904869e-06 1.93028962737e-06 3.76718588244e-06 4.80105019579e-06 1.6571572672e-06 4.84859877376e-06 1.17903230681e-06 4.02236473155e-06 3.04102085758e-06 1.41380732769e-06 3.04157106077e-06 1.59118298285e-06 1.12693415198e-06 2.73260189035e-06 1.84301804249e-06 2.66657676561e-06 4.19109454426e-06 8.68516230345e-06 1.30770383369e-05 4.33705774033e-06 2.7462201195e-06 4.34022366039e-06 1.75281607694e-06 2.06888368906e-06 3.81117658696e-06 2.55617059264e-06 3.50191641252e-06 4.37190239789e-06 2.30557940419e-06 5.63005482338e-06 2.0765421728e-06 6.2719564712e-06 5.35119970259e-06 2.56756548346e-06 7.72047079865e-06 5.81939159498e-06 7.68898682407e-06 1.48828292407e-05 5.79225458958e-06 8.67424144281e-06 9.68671512506e-06 4.18072880189e-06 1.53484586871e-05 6.23812711786e-06 5.56672616612e-06 6.89995726735e-06 2.63277040597e-06 5.07194275353e-06 6.5733524182e-06 1.83739974769e-06 5.82055251131e-06 2.21205068941e-06 4.60289693328e-06 3.35688546625e-06 2.49120955129e-06 3.71288789607e-06 2.28795081482e-06 1.80465310608e-06 4.83556678851e-06 3.14876372935e-06 5.30506953611e-06 1.63294444404e-05 6.25813786071e-06 2.05499568007e-06 3.9300938882e-06 1.68278846605e-06 1.22100725863e-06 2.09404195517e-06 1.28395714102e-06 2.11639425336e-06 2.98875210369e-06 9.811471121e-07 4.6677868003e-06 1.07392829278e-06 3.45224360114e-06 3.48134159479e-06 1.31547436675e-06 4.811858271e-06 2.82085420937e-06 5.02938632767e-06 4.71026551454e-06 9.13714669066e-06 4.88278039574e-06 5.21107169981e-06 4.01270880188e-06 8.78037240311e-06 3.76780934644e-06 4.49425657235e-06 2.83946656272e-06 4.80762895227e-06 1.26100029002e-06 3.73020552611e-06 3.40713837232e-06 1.10911311339e-06 4.60868006516e-06 8.45959565773e-07 2.8534311629e-06 2.16240229471e-06 1.27055894897e-06 2.13943726528e-06 1.35261738365e-06 1.90012479299e-06 4.45939562359e-06 2.51483786056e-06 7.79405610495e-06 1.12600999952e-05 8.46378796162e-06 4.07111137778e-06 3.45676701685e-06 5.5039258171e-06 2.2928742657e-06 5.54913574015e-06 6.76376720118e-06 2.32762579113e-06 7.51582835419e-06 3.11938013018e-06 5.62176642857e-06 6.88676287774e-06 2.70598191895e-06 1.06341491102e-05 5.83029726077e-06 7.71895787419e-06 1.09131093656e-05 7.83260209992e-06 2.02403832985e-05 9.45028808374e-06 7.49184741708e-06 2.18291133363e-05 6.35958568677e-06 1.13196062363e-05 7.09561777931e-06 5.85282095033e-06 1.04993418803e-05 2.77356500267e-06 6.8820431101e-06 5.80768197455e-06 3.21745741235e-06 7.32730316705e-06 2.77855664046e-06 6.9391232229e-06 5.84535114374e-06 2.54596147123e-06 5.73893129602e-06 3.87023118032e-06 4.40690658276e-06 9.39649317486e-06 1.28085599453e-05 1.64072338617e-05 2.98511600778e-06 3.60716123442e-06 4.93112937679e-06 1.58565453966e-06 3.3255558653e-06 4.21049029753e-06 1.42964567072e-06 6.00908903439e-06 1.47958742702e-06 5.53826144056e-06 4.16469118269e-06 1.84363141595e-06 7.12671741833e-06 4.38361678929e-06 5.87840987668e-06 6.11431797625e-06 6.51801242578e-06 8.12242586096e-06 1.44170070827e-05 4.40580116418e-06 1.42556560993e-05 7.21863715412e-06 6.12682918043e-06 5.55952119525e-06 5.95284243601e-06 4.28491056291e-06 6.82703331805e-06 1.756334835e-06 3.96220232995e-06 5.54996147743e-06 1.34289352084e-06 5.83987203276e-06 1.3982002006e-06 4.21285558147e-06 3.23983952656e-06 1.68395352832e-06 4.97649221335e-06 3.63965196672e-06 3.06894893108e-06 1.81806245911e-05 8.35782857823e-06 4.20900865264e-06 6.75279468823e-06 2.9404236408e-06 4.0744420614e-06 4.32340141569e-06 2.17171646069e-06 7.28305567603e-06 1.95243225885e-06 5.20137382619e-06 7.00985969677e-06 1.48665725651e-06 8.3169915135e-06 3.84944108899e-06 6.647769061e-06 7.12536769516e-06 6.03629687111e-06 1.07710192372e-05 8.23574206528e-06 1.32270337204e-05 1.62678720084e-05 6.84795557582e-06 1.21292652021e-05 5.3808896838e-06 7.68855198744e-06 6.6006193158e-06 4.31204514744e-06 8.33099314194e-06 1.73008711167e-06 7.35816740042e-06 5.51225562705e-06 2.2547752409e-06 7.06328097469e-06 2.67484750581e-06 4.55868710583e-06 4.10691758989e-06 3.75495742486e-06 6.64951348912e-06 4.19698039988e-06 8.58358825967e-06 1.51796065141e-05 9.31130739206e-06 3.93606214458e-06 6.80132659217e-06 6.71953072443e-06 2.33766946518e-06 9.52947276372e-06 2.50932125982e-06 7.30016995761e-06 6.99826475368e-06 2.99043488591e-06 9.72935128352e-06 5.67949521962e-06 8.89205858114e-06 1.06620778044e-05 8.32421740973e-06 1.04466980197e-05 1.21317309937e-05 8.58341796234e-06 3.44087848701e-05 8.58341796234e-06 1.21317309937e-05 1.04466980197e-05 8.32421740973e-06 1.06620778044e-05 8.89205858114e-06 5.67949521962e-06 9.72935128352e-06 2.99043488591e-06 6.99826475368e-06 7.30016995761e-06 2.50932125982e-06 9.52947276372e-06 2.33766946518e-06 6.71953072443e-06 6.80132659217e-06 3.93606214458e-06 9.31130739206e-06 1.51796065141e-05 2.39279015824e-05 4.73119537752e-06 8.43913937199e-06 7.94782303214e-06 2.85336455242e-06 7.78143769779e-06 2.44590940794e-06 8.28889630592e-06 6.50754669436e-06 2.65218753716e-06 1.08276849935e-05 4.66134546612e-06 8.14256630048e-06 9.95261320035e-06 8.17179727521e-06 1.12475755271e-05 9.34377188382e-06 1.0187346711e-05 2.13606753303e-05 1.80450387066e-05 1.24069194093e-05 8.60843826536e-06 1.24247358329e-05 7.70800221276e-06 1.07228898094e-05 7.88123802774e-06 5.02435407725e-06 1.06101502808e-05 2.99688115214e-06 6.76244952974e-06 8.62052900338e-06 2.87763164486e-06 7.90745987573e-06 2.97147682474e-06 8.15039194568e-06 7.7521110919e-06 4.28048640487e-06 2.22238460511e-05 1.27642858419e-05 9.49808755909e-06 9.95470300749e-06 3.90362742342e-06 9.50701795681e-06 2.61087094997e-06 8.45092666211e-06 8.54256303414e-06 2.98895540447e-06 9.78384561616e-06 6.8370032461e-06 8.0812500973e-06 1.02173843382e-05 8.76383541157e-06 1.29813848624e-05 1.08708815031e-05 7.62701979937e-06 2.52348715208e-05 1.09583896155e-05 2.5439246743e-05 9.04375146763e-06 1.06967047227e-05 1.38030538626e-05 8.78968231598e-06 1.03867479004e-05 8.07524829599e-06 6.84786018122e-06 1.00044477395e-05 3.0414273676e-06 8.67987896955e-06 8.25975903046e-06 2.54026337433e-06 9.23340206653e-06 3.8763692957e-06 9.59901455192e-06 8.89869121956e-06 1.14246012004e-05 2.68989562105e-05 1.16290368193e-05 5.16860834809e-06 1.10107120225e-05 3.06384889154e-06 8.10982311638e-06 8.20780185291e-06 3.55047605159e-06 9.82421272286e-06 6.198373223e-06 9.57139321583e-06 9.43053670334e-06 8.56938437662e-06 1.32203614672e-05 1.19504310037e-05 9.22913375597e-06 2.11003088559e-05 1.27000579774e-05 1.45043634649e-05 1.8939750757e-05 1.14776790276e-05 1.18808251215e-05 1.51998661701e-05 8.28987668704e-06 1.03705746509e-05 9.30600264693e-06 6.72644099402e-06 9.85178583064e-06 3.80392843253e-06 7.80694108602e-06 8.42178801331e-06 3.21331284349e-06 1.11288202806e-05 4.53336935374e-06 1.10108127976e-05 2.29450351197e-05 2.87773545225e-05 5.32060522761e-06 1.25741985827e-05 3.73749904388e-06 8.70998024109e-06 7.33893152486e-06 2.83341090436e-06 1.01479871541e-05 5.74147788026e-06 7.23988060659e-06 1.09349161236e-05 6.58645013998e-06 1.145359062e-05 1.09405925122e-05 9.35665271621e-06 2.16357197351e-05 9.14989031957e-06 1.46755787378e-05 1.04322399094e-05 2.04546899292e-05 1.10706313348e-05 1.08345122821e-05 1.23799809779e-05 6.40626213948e-06 1.12384704533e-05 7.5036442978e-06 5.70275911562e-06 1.01727842312e-05 2.85115076625e-06 6.95462563692e-06 8.61751447631e-06 3.50314610192e-06 1.18351078499e-05 4.52462520135e-06 2.35845876163e-05 1.69198323904e-05 1.97782156308e-05 6.08436160618e-06 1.37870608256e-05 1.01980885127e-05 3.58953743928e-06 1.48409018908e-05 8.81448674795e-06 1.01052785181e-05 1.3607345253e-05 1.07675976905e-05 1.5495730437e-05 1.42430203624e-05 1.3141154818e-05 3.05466932452e-05 1.39801241075e-05 1.67020394556e-05 1.60915247881e-05 1.56437748597e-05 2.83187475115e-05 1.56596213961e-05 1.40963561855e-05 1.68186655112e-05 1.0882909439e-05 1.4267416386e-05 1.00066091322e-05 9.34481971049e-06 1.4248950056e-05 3.55600011419e-06 9.61522283769e-06 1.3257589445e-05 5.10585493862e-06 1.77851744587e-05 1.35615334052e-05 5.09435334491e-05 7.23341731361e-06 1.6098292586e-05 1.25248255416e-05 4.63511084163e-06 1.2961414523e-05 7.8445119923e-06 1.09252545044e-05 1.32705759127e-05 7.59282204499e-06 1.8033993349e-05 1.29989205155e-05 1.21514965854e-05 3.0739354986e-05 1.5272967048e-05 1.65882191734e-05 1.1345895378e-05 1.59215323779e-05 1.7208908515e-05 2.82643251512e-05 1.45201061425e-05 1.25750399891e-05 1.88932626471e-05 7.33343886662e-06 1.32580011426e-05 1.03238118111e-05 7.80109989492e-06 1.17980974428e-05 4.38545724179e-06 1.11872564405e-05 1.38559507275e-05 5.87235144736e-06 3.80629844002e-05 1.92806153771e-05 2.05946410341e-05 1.68990590082e-05 5.94750939446e-06 1.56272236589e-05 8.51434600307e-06 1.40849500785e-05 1.67313517956e-05 9.64520443097e-06 1.92604518207e-05 1.77987009285e-05 1.33272566716e-05 3.33808011798e-05 1.72169367748e-05 2.11452068773e-05 1.44063742396e-05 1.45274308687e-05 2.07142321134e-05 1.88959294244e-05 3.20417351446e-05 1.59338933765e-05 1.76251399472e-05 2.07918389842e-05 1.01203116552e-05 1.7161887349e-05 1.34930842409e-05 8.98506982207e-06 1.50683630819e-05 5.72215253994e-06 1.47610508999e-05 1.86330248202e-05 1.43836132458e-05 4.60919638946e-05 1.67193563683e-05 5.67350179931e-06 1.70014825657e-05 8.30873321673e-06 1.0885863641e-05 1.47071924598e-05 8.43047145786e-06 1.75480737809e-05 1.33477542836e-05 1.44505924085e-05 2.97220862625e-05 1.47446365672e-05 1.92095933982e-05 1.37444760038e-05 1.24427169315e-05 1.428068892e-05 1.85167174442e-05 1.69318924791e-05 2.57912215492e-05 1.6868569684e-05 1.30701455003e-05 1.72852145454e-05 8.08624258444e-06 1.47096563037e-05 9.47732612387e-06 7.60277246706e-06 1.51369249945e-05 5.09655844703e-06 1.37457102717e-05 3.20626217879e-05 6.07291634553e-05 1.03773598879e-05 3.00867687902e-05 1.57987129353e-05 1.70395369785e-05 1.92242126737e-05 1.41779197223e-05 2.7700175983e-05 1.96769071011e-05 1.97691199256e-05 4.78065551696e-05 2.03898793968e-05 2.72233002835e-05 2.05855817997e-05 1.94721119438e-05 2.03439888374e-05 2.04925201376e-05 2.72096444173e-05 2.18696552671e-05 4.63419097941e-05 2.2410128485e-05 2.00425179595e-05 2.90247098917e-05 1.42020727338e-05 1.93989324882e-05 1.60482530748e-05 1.51569176845e-05 2.57475103878e-05 8.92664003166e-06 4.20725234478e-05 2.18940521849e-05 3.10585957076e-05 1.59224439322e-05 1.83173292849e-05 1.9639029768e-05 1.19502438286e-05 2.67173722882e-05 1.9761755848e-05 2.07991131337e-05 4.28796043619e-05 2.51263772819e-05 2.02542625621e-05 1.94765746462e-05 1.49335331128e-05 2.22614739194e-05 1.46394623244e-05 1.95710339399e-05 1.94955646558e-05 2.67712705674e-05 3.72732197393e-05 2.26341927407e-05 1.93912676314e-05 2.6389014369e-05 1.12470987161e-05 1.81693125485e-05 1.59235924317e-05 1.44451081108e-05 2.4670677137e-05 1.47614414427e-05 8.15425501125e-05 2.0032855111e-05 2.47512678164e-05 2.68780599019e-05 1.49052031636e-05 2.74830333677e-05 2.24563954565e-05 2.47841505011e-05 4.86483373551e-05 2.42081598086e-05 3.02613394924e-05 1.85989097664e-05 1.7892174014e-05 2.13825089787e-05 1.98639631805e-05 1.89737105141e-05 1.75527261716e-05 3.06218987603e-05 2.53788450808e-05 4.33126441481e-05 2.75857729672e-05 2.13802614678e-05 2.71555719176e-05 1.39934000678e-05 2.46314520293e-05 2.13592989962e-05 1.71284234162e-05 5.54730123032e-05 6.13249803271e-05 3.38267860581e-05 3.8525770202e-05 2.02247471043e-05 3.49856055228e-05 2.46782560523e-05 3.12094223386e-05 6.01948175002e-05 3.14987218221e-05 2.9225109723e-05 3.09073405934e-05 1.57807946532e-05 2.81179699842e-05 2.00220688873e-05 2.80243840116e-05 1.61627810575e-05 3.06343159656e-05 2.84965436076e-05 3.18137751833e-05 5.52519474082e-05 3.29076371539e-05 2.39431164918e-05 3.36098800039e-05 1.92766325918e-05 3.37766815053e-05 2.81743039743e-05 4.21501743182e-05 8.46238168819e-05 5.00763121355e-05 2.66894264679e-05 4.85161823934e-05 3.15844021972e-05 3.44055562593e-05 7.18280037853e-05 4.00852521521e-05 3.25607324552e-05 2.85295639465e-05 2.47246355305e-05 2.38440593085e-05 2.45087897406e-05 2.5480729869e-05 2.249541771e-05 2.58493332527e-05 2.70033856135e-05 3.09683439039e-05 4.04646266823e-05 6.22556094084e-05 3.4797392597e-05 2.93572423965e-05 4.41003519041e-05 2.40844153238e-05 3.96833495557e-05 5.91128793811e-05 0.00011671673014 2.87151560349e-05 5.6950032236e-05 3.67522444805e-05 3.93723226164e-05 6.95089269512e-05 4.00694668452e-05 3.58806832796e-05 2.78867987979e-05 2.07726828417e-05 3.06354673015e-05 1.97562603412e-05 2.5516132512e-05 1.91180327938e-05 3.0361701037e-05 2.08455543281e-05 2.53596007514e-05 3.53464767991e-05 3.8832181881e-05 5.61555637459e-05 3.85311440706e-05 3.20347743472e-05 4.88769479994e-05 2.33496092005e-05 7.55131302096e-05 8.65243657228e-05 8.08487702492e-05 4.89552664276e-05 5.50352078241e-05 9.14773035309e-05 4.5351842851e-05 4.56715953694e-05 3.80689159743e-05 2.58158725827e-05 3.1935060335e-05 3.06879563644e-05 2.43635476537e-05 2.22353764056e-05 3.19377827089e-05 2.99506384444e-05 2.54611039504e-05 3.53929569763e-05 4.31838583627e-05 4.1798169192e-05 7.26406686111e-05 5.01898109399e-05 4.24846131149e-05 6.06416020353e-05 5.72195572828e-05 0.000257900624981 7.81533740667e-05 8.56066479411e-05 0.000139651369423 6.87978658191e-05 5.20585595552e-05 5.27287896396e-05 3.68847411236e-05 4.03066203678e-05 3.26663917497e-05 4.18505970212e-05 2.25357823564e-05 4.10518107937e-05 3.12873506249e-05 3.80729566131e-05 3.63785811417e-05 4.65974806487e-05 4.69793748982e-05 6.09545896061e-05 0.000112659452742 7.62962275888e-05 6.20350747398e-05 0.000162257196072 0.000252073891907 0.000138617747631 0.000218955378433 0.000110502269306 6.78917484554e-05 5.81317289701e-05 4.8727965438e-05 5.60643763522e-05 4.02141332968e-05 4.42664290965e-05 3.77404306868e-05 4.05096726888e-05 4.01799050062e-05 3.92698449027e-05 5.21331365247e-05 4.56508548039e-05 4.83535479325e-05 6.02549122734e-05 9.47467536361e-05 0.000177210014719 0.000113444681337 0.000173995485184 0.000452991800863 0.000357095087409 0.00017294916999 0.000109847063949 7.81276594364e-05 5.39541733464e-05 7.24472432863e-05 5.2949096492e-05 5.54177001321e-05 3.91323617895e-05 6.33029422767e-05 3.88027613897e-05 4.85506603697e-05 5.21779474448e-05 6.23562729184e-05 4.65132011354e-05 5.7848150616e-05 8.83199944548e-05 0.000139657630968 0.000247615122264 0.000276569869324 0.00294307525597 0.000568610955053 0.000345208753179 0.000242952422244 0.000146560427508 0.000157346009248 0.000138107900822 0.000146603936918 9.28537990938e-05 0.000131072753961 0.000116698794854 9.08395119028e-05 0.000124723299461 0.000120525121369 0.000120344791235 0.00010998031069 0.000160214954404 0.000246262707539 0.000357381930872 0.00153549084237 



















