












































1.21789494558e-06 6.6553318985e-07 8.68342563791e-08 1.9023301156e-07 2.43945065719e-07 1.62215318471e-07 1.01495017146e-06 9.81306394673e-07 5.60198577745e-07 3.10082936295e-06 3.0625729489e-07 3.60642646607e-07 1.4391468954e-07 4.2464147074e-07 1.11210826565e-07 2.44751388563e-07 1.05169462188e-07 8.98407033624e-08 8.31717415648e-08 6.40227053127e-08 1.56898622778e-08 1.78023585863e-08 1.81328798228e-08 1.91933946651e-08 1.98172518949e-08 1.99666210465e-08 1.99266181964e-08 1.95677076752e-08 1.97388280223e-08 1.86101487076e-08 7.62552310603e-08 1.10495439988e-07 1.2247848474e-07 1.58268451888e-07 3.74112229701e-07 2.08594406103e-07 8.70353704329e-07 3.92406253275e-07 6.99665618057e-07 4.83258332624e-07 2.27580900642e-06 1.08103649395e-06 3.25763765358e-07 8.80475371173e-07 5.48573042593e-07 1.89919962599e-07 1.3592219134e-07 7.99385816856e-08 7.73666177295e-08 7.56555171724e-08 1.12805422186e-07 7.81201252532e-08 1.65663814524e-08 1.46031438086e-07 1.40429159606e-07 4.15865747586e-08 2.20732956279e-07 7.04078108256e-08 1.79580653573e-07 1.3390227628e-07 1.28366689686e-07 1.91681704767e-07 7.35479569949e-08 7.37036551315e-08 2.01355588583e-07 1.35926200096e-07 1.5161517633e-07 2.0183373565e-07 8.18099677266e-08 2.8040534773e-07 5.33857836827e-08 1.93425584563e-07 2.13257129046e-07 2.56301100505e-08 1.29646990204e-07 1.92086575309e-07 1.40594662796e-07 1.70120850627e-07 1.68423522643e-07 3.17909922848e-07 2.70263349227e-07 4.81312656233e-07 7.25640472314e-07 6.73978399997e-07 4.26267352543e-07 8.32108662082e-07 2.6524272719e-06 7.03582486195e-07 5.84748355926e-07 1.65868636223e-07 2.9616646291e-07 2.30727191499e-07 4.81305553048e-07 8.99363441561e-08 6.63908078034e-08 1.72873278777e-07 1.79026411527e-07 1.68459459667e-07 2.31776025019e-07 1.29805489539e-07 3.1142222949e-07 2.5176504896e-07 2.97393566673e-07 1.74358210398e-07 3.09842793167e-07 7.07709673487e-08 3.35966563498e-07 1.99201825834e-07 3.30288123532e-07 2.65536301287e-07 3.77982959238e-07 1.46040638967e-07 3.04157717272e-07 2.33229875774e-07 2.47227424331e-07 3.02292551131e-07 8.07161428768e-08 1.63731807185e-07 7.02107978777e-07 3.07573778379e-07 6.03533312419e-07 2.7237038559e-07 9.33800433746e-07 7.92507013941e-07 2.00057267471e-06 7.22315531071e-07 1.10488930655e-06 3.27287232828e-09 1.32429933611e-07 8.20173209055e-07 2.25607169412e-06 2.03178225642e-06 3.10239232951e-07 4.50088956349e-07 3.10787501792e-07 5.71709224785e-07 1.42108322646e-07 8.8930666702e-08 1.22336909304e-07 2.98707953589e-07 7.29455341914e-08 2.08993323289e-07 6.11061304405e-08 1.01041354672e-07 2.10273314913e-07 1.8267830059e-07 7.28333443308e-08 1.14685356204e-07 1.07260981399e-07 3.85702595401e-07 1.10830551159e-07 1.28663878464e-07 7.66936281961e-08 2.32465697331e-07 2.444036136e-07 1.49873504629e-07 8.08273296633e-08 3.26342410275e-07 1.18633613601e-07 4.39245959802e-07 1.97145889663e-07 1.27653504323e-07 2.1499707813e-07 8.49361985758e-07 3.9678607957e-07 7.50760822409e-07 3.29077077204e-07 2.02774905355e-06 1.82788250138e-06 1.22126059756e-06 4.47158056267e-07 1.20583985314e-08 2.55356872407e-07 8.80459950929e-07 2.26610453062e-06 1.0467224508e-05 1.93662064752e-06 1.44708439159e-06 1.15976771309e-06 1.58676691737e-06 3.57782899296e-07 2.26928127738e-07 7.44529772921e-07 6.75581648464e-07 1.90528028386e-07 1.16956385536e-06 1.08554656064e-07 6.46361834921e-07 7.2545093283e-07 3.13728026671e-07 6.50643116554e-07 3.58030791691e-07 3.98677801703e-07 6.50308279411e-07 4.16935940087e-07 7.07049566794e-07 4.26847261554e-07 4.03304498689e-07 7.91753052109e-07 3.46057790907e-07 1.00083814686e-06 8.09972867455e-07 1.58606530891e-07 1.56687909184e-06 2.63399764258e-07 9.03950073004e-07 1.20645973981e-06 2.93619411717e-07 5.28278258302e-07 2.0514797142e-06 1.38064124686e-06 1.7673503696e-06 1.68987081973e-06 7.55899114962e-06 2.62381439292e-06 2.19702991793e-06 7.26285189905e-07 2.73606515938e-08 2.93994602832e-07 2.06706893405e-06 2.0536070839e-06 1.54808553226e-06 1.10669682552e-06 1.12554614263e-06 2.44613377512e-07 1.21019268073e-07 4.98946056612e-07 3.82173343707e-07 1.05572916518e-07 6.92993739891e-07 6.04315704303e-08 4.80479501718e-07 2.1206202325e-07 1.46300591516e-07 3.52939366689e-07 6.75130842677e-08 2.00109376104e-07 3.96985579562e-07 1.61412982667e-07 3.17591303222e-07 2.13136302788e-07 3.38109483188e-07 2.79135252838e-07 7.90929386175e-08 4.14555934006e-07 1.65437046038e-07 2.49459086405e-07 6.05846711487e-07 7.37055757949e-08 8.13428554748e-07 1.26249160786e-07 3.55715813682e-07 7.72173925352e-07 9.6312152015e-08 2.65372610338e-07 1.19747504011e-06 9.65420340993e-07 1.10750711794e-06 1.86782036959e-06 2.25210403475e-06 7.56077195368e-07 1.63766019967e-07 3.10718241804e-07 2.51816334172e-06 2.07292572597e-06 7.02109574288e-06 2.87725785979e-06 1.78492238336e-06 7.50735645311e-07 2.28218562986e-07 9.7582801899e-07 6.72485140778e-07 3.07734283191e-07 7.92369849152e-07 1.22440907276e-07 4.36768330764e-07 5.2296532613e-07 2.41465841727e-07 3.56860750148e-07 3.38291134734e-07 2.18528648854e-07 6.22560917072e-07 3.16393016627e-07 4.96226541109e-07 3.7545230621e-07 3.74033805291e-07 6.71865558974e-07 2.07413904173e-07 3.95705297141e-07 3.76844943807e-07 3.39235004967e-07 6.76944214945e-07 5.29700219778e-07 1.67183744801e-07 9.39773753769e-07 4.4370407786e-07 9.27216653693e-07 1.02646894672e-06 3.01932062852e-07 6.6306374126e-07 1.94753081418e-06 1.95595805608e-06 5.38729421663e-06 1.53581875448e-06 3.24388586182e-06 1.08592182665e-06 2.19885436716e-07 1.25819925648e-06 9.86220171632e-07 3.0037579143e-06 3.52127815921e-06 2.98216724241e-06 4.18308942085e-07 1.92069984689e-07 8.60712228916e-07 7.48236495472e-07 2.69604962949e-07 9.43739330696e-07 1.62474801995e-07 7.2458209978e-07 3.61550799487e-07 4.4805485038e-07 2.43001256195e-07 2.59437503698e-07 3.20082997321e-07 3.40888541903e-07 3.69795743739e-07 3.48399909065e-07 7.29472851313e-07 3.07949530787e-07 4.53647605119e-07 3.61595228664e-07 3.35181510241e-07 2.89714563756e-07 3.25490516205e-07 4.53094884576e-07 4.86279685963e-07 7.63427257219e-07 2.63128564505e-07 1.12622503595e-06 2.67974422604e-07 6.66662186672e-07 1.09188453463e-06 1.15811902464e-07 4.67308611981e-07 2.5841460818e-06 3.22437635431e-06 2.11166305977e-06 9.83218740828e-07 2.34360362134e-06 6.99484282406e-07 1.85720423328e-06 1.08165437217e-06 2.62217043795e-06 3.47894776241e-06 1.21381861724e-05 2.93685925055e-06 1.13070138951e-06 2.37254904496e-06 1.8190793203e-06 6.35985460125e-07 2.00510550002e-06 3.70702408752e-07 1.48866590821e-06 8.81203236427e-07 9.80253880555e-07 6.28492704565e-07 8.67754344206e-07 3.25271581499e-07 1.20702558397e-06 9.21035766022e-07 4.55374101186e-07 1.23647328546e-06 9.24109571093e-07 1.20135398752e-06 4.47918807177e-07 1.01067251284e-06 1.27780762709e-06 3.90659217673e-07 9.54846547536e-07 7.60556444144e-07 1.00173771943e-06 1.05843057006e-06 1.72124182263e-06 4.71688910565e-07 2.20258567581e-06 7.17105689421e-07 1.77181429594e-06 2.60428217561e-06 6.78749629792e-07 2.13438642744e-06 9.46098738752e-06 3.44233630847e-06 3.02335504529e-06 1.99228112512e-06 5.35365554264e-06 2.05535998611e-07 8.34804259011e-07 7.64895066843e-07 3.00853418206e-06 1.82521369782e-06 2.6766248008e-07 1.84207350125e-06 6.84660037493e-07 3.51834126627e-07 6.21575291481e-07 3.10572164851e-07 4.02554016517e-07 4.70103273741e-07 3.19675243333e-07 3.49588309662e-07 1.0977036754e-07 2.18463575604e-07 1.71986171362e-07 1.7480217993e-07 2.92273298634e-07 1.66764583879e-07 3.18481104023e-07 2.75274648336e-07 1.1275598551e-07 3.35212594502e-07 1.74368999802e-07 1.85839773591e-07 3.25036913298e-07 1.18031995783e-07 3.3927593989e-07 3.42919933629e-07 6.04400956911e-07 3.99524322874e-07 2.77120524851e-07 7.25403955986e-07 2.15793112747e-07 6.84996710086e-07 1.76698657228e-06 1.64172072746e-07 1.87154218781e-06 2.43363835357e-06 8.94652014599e-07 1.32594798316e-06 5.94881352092e-07 1.33862735709e-07 3.04606381684e-07 1.8800940946e-07 1.02415904139e-06 5.2711400039e-07 8.24462754678e-07 9.80590756457e-07 5.54531947912e-07 1.62862499136e-07 3.45354994833e-07 1.05432136764e-07 2.49602483459e-07 2.36026606128e-07 2.65640422632e-07 1.67504021358e-07 2.61397695851e-07 4.03019417643e-08 6.9210430429e-07 4.61406449027e-09 1.54989800978e-07 4.62903633923e-07 1.13409509566e-07 5.92747399845e-07 5.78758610754e-08 5.56112562953e-07 7.53337180918e-08 2.89666277521e-09 8.14863207789e-07 1.4921150123e-08 1.74393512632e-07 2.92447241214e-07 1.41536827908e-07 4.15612058697e-07 1.36257174399e-07 2.21386849765e-07 1.83590059397e-07 2.83198494327e-07 4.14298638304e-07 7.33676034668e-07 9.02580075664e-07 2.86340704462e-07 7.69427929998e-07 1.98777175494e-07 6.10564595116e-07 5.87184352973e-07 3.10904285946e-06 1.15209738103e-06 3.925958516e-06 2.14174562239e-06 1.30795369586e-06 1.13439317795e-05 4.88494126689e-06 1.90215928097e-06 2.84824516184e-06 7.632118146e-07 1.58721320955e-06 1.8071956407e-06 1.18269150272e-06 1.54058859782e-06 6.74509269732e-07 6.30060699663e-07 1.06115500676e-06 8.57123561377e-07 7.1814503564e-07 8.27693333072e-07 1.23152128086e-06 7.35847720548e-07 6.59657662041e-07 1.30379720626e-06 8.99792004659e-07 7.07154388033e-07 9.93817592418e-07 1.13122881897e-06 6.85334711455e-07 7.55623936051e-07 1.5620140445e-06 1.35810305239e-06 1.78207868905e-06 1.54743979375e-06 7.54821048781e-07 2.88364361753e-06 1.48863817457e-06 3.68806789245e-06 9.3392792101e-06 1.00981836042e-06 2.13084034911e-06 4.36650899992e-06 2.46012692756e-06 1.91573728653e-05 1.16650801898e-06 2.20938881355e-06 1.11507632031e-06 6.84097510535e-07 5.28915864271e-06 5.01922222195e-06 1.80028710908e-06 4.08304288213e-06 4.56548851066e-07 1.84465002896e-06 1.05692500015e-06 1.13691255406e-06 8.94223406196e-07 7.95524761965e-07 4.11825634836e-07 1.44312277429e-06 4.512836777e-07 8.30792191389e-07 3.54429796964e-07 8.24101742465e-07 1.07504167738e-06 4.73584585179e-07 1.1129754651e-06 6.75490733181e-07 5.25846894303e-07 5.90564087922e-07 5.34111278434e-07 1.4017688781e-06 4.5601805673e-07 6.9612899704e-07 1.02549980356e-06 9.17893877255e-07 1.14111906602e-06 1.83293604463e-06 4.82029089469e-07 3.49950792705e-06 1.52116040189e-06 4.94364239542e-06 4.14864398554e-06 5.74702482206e-07 1.10102370117e-06 3.08629624366e-06 8.18422174435e-06 9.67742478099e-07 5.20140050903e-07 9.04410978161e-08 2.19853006706e-06 1.85293136192e-06 1.74498411672e-06 2.29008409666e-06 6.3021769554e-07 7.15217114601e-07 9.92989973612e-07 4.82912455163e-07 9.81918011742e-07 3.81163800834e-07 3.98332403458e-07 5.15855849633e-07 5.27264064939e-07 3.58544481719e-07 5.40611603211e-07 3.21087991963e-07 4.35423997215e-07 3.46615424916e-07 5.55727825906e-07 3.30065837123e-07 3.0658487452e-07 6.82446986513e-07 2.84600550055e-07 5.10812253918e-07 5.85316794158e-07 3.76951704042e-07 2.96243325983e-07 1.12507397713e-06 3.89864310537e-07 9.00019356872e-07 7.45964134354e-07 6.87760075845e-07 1.62069290372e-06 1.96625199388e-06 1.79688680117e-06 1.93500590346e-06 1.09059507786e-07 6.86635435933e-07 1.63544904394e-06 7.6971640227e-06 1.45264931765e-06 9.07514399793e-07 4.60953641573e-06 4.82264614942e-06 2.68863608546e-06 1.37657269151e-05 2.74513936079e-06 6.03154408454e-06 2.97376257457e-06 2.89906844865e-06 1.53561288834e-06 1.45039838756e-06 1.15684339323e-06 2.51883547396e-06 1.1514831753e-06 1.50052335126e-06 9.92346754683e-07 1.96228604492e-06 9.69630222947e-07 1.00493040799e-06 2.04773025812e-06 9.27492130962e-07 1.09275982809e-06 1.7199115645e-06 1.10094894945e-06 1.27072977682e-06 1.23554659067e-06 2.43322951215e-06 1.24735926723e-06 1.32132892932e-06 1.57686338476e-06 2.25737911917e-06 3.10424422397e-06 5.35544610202e-06 1.97728073981e-06 1.18169947508e-05 2.11693758926e-06 4.73507138341e-06 5.10384359871e-06 1.42444792867e-06 2.1039279214e-06 4.43160119841e-05 6.4707745907e-07 1.81153670163e-07 1.28677296272e-06 1.09280641817e-06 4.99417699697e-07 2.71284316044e-06 1.74186617294e-06 1.89857847218e-06 1.69910156514e-06 6.56681122493e-07 9.928610974e-07 4.29744942468e-07 3.7733673744e-07 8.62076730149e-07 5.58646859034e-07 3.75486634357e-07 4.95157694522e-07 3.82111269062e-07 5.77190924318e-07 1.95024303587e-07 4.71289794513e-07 4.99412156566e-07 1.99996470137e-07 4.94241481627e-07 3.94610556295e-07 5.78065461924e-07 4.11035609567e-07 4.86099883494e-07 9.36403512549e-07 2.60119987994e-07 4.23575628892e-07 1.11622885534e-06 4.64233986285e-07 1.65558057754e-06 1.4950866689e-06 2.02830023968e-06 2.21494680185e-06 5.1988457826e-07 1.12195273159e-06 1.50020350779e-06 2.725787515e-07 4.25986800185e-06 9.06939914438e-07 3.84747613042e-06 2.6520625129e-06 1.75553148188e-06 6.79016316186e-06 2.05766394669e-06 9.5736353519e-06 6.03161274404e-06 4.29788150274e-06 2.16701556813e-06 1.9403853209e-06 1.12689715771e-06 2.83163013257e-06 1.15724855073e-06 1.45320147948e-06 1.24916752591e-06 1.59200906347e-06 1.10223658856e-06 1.22920849148e-06 9.09536786203e-07 1.64932408154e-06 9.54610689796e-07 1.33556346838e-06 1.09959454753e-06 1.37692381447e-06 1.46983218917e-06 1.23957600952e-06 1.45871596526e-06 2.58768986043e-06 1.19958331411e-06 1.49603176084e-06 2.08515420934e-06 3.22733579027e-06 4.86418922249e-06 9.17876455187e-06 1.70680025429e-06 6.49486037574e-06 1.92657874236e-06 3.55442496724e-06 8.71024612415e-06 7.09305355524e-06 7.88082807982e-06 2.69268798108e-06 1.53265314299e-06 5.22144673518e-06 1.63053307115e-06 6.85844227065e-06 9.00253102477e-06 4.72652599957e-06 4.78466425003e-06 1.60873489837e-06 1.60831228721e-06 2.02259118997e-06 1.95126810264e-06 1.65950997038e-06 2.39990857156e-06 1.50431704584e-06 2.34201103742e-06 5.54093197821e-07 2.73622625475e-06 7.94882635688e-07 8.25294720113e-07 2.80274356028e-06 5.07474218913e-07 2.17199596284e-06 1.55660866227e-06 2.38552138336e-06 1.59301201239e-06 1.82298947219e-06 2.22030777396e-06 1.33394687817e-06 1.59663526393e-06 4.74343824389e-06 3.8172652925e-06 8.92534519364e-06 5.99417265779e-06 1.70126372514e-06 7.36835290678e-06 2.52064234135e-06 6.57783523077e-06 3.19373950877e-05 4.00425621191e-06 1.00058480668e-06 3.9249515704e-06 1.34764796185e-06 5.06729153304e-06 5.44410323991e-06 6.63727183586e-06 3.8644926904e-06 2.6510441357e-06 1.208053836e-06 3.10705403955e-06 1.26092047529e-06 1.59825402731e-06 1.42006867646e-06 1.6650869905e-06 1.14121677171e-06 1.23262023322e-06 1.16816287166e-06 2.03887084029e-06 3.58666301703e-07 2.16281207274e-06 9.95198717424e-07 1.12100806498e-06 1.24031674666e-06 1.35986226819e-06 1.57882002156e-06 1.2705424937e-06 1.23120513542e-06 2.78009114272e-06 1.38459314369e-06 2.2516858326e-06 2.92248458478e-06 7.25828626091e-06 4.48359488356e-06 4.69221646189e-06 1.65954525697e-06 6.16918875142e-06 2.01459412109e-06 2.28088300345e-05 2.54141447545e-06 5.04598108742e-06 1.18210457974e-06 4.71399203799e-06 6.04012853117e-06 4.72850789792e-06 1.04869621881e-05 3.69969879557e-06 3.24374225217e-06 2.87861642414e-06 2.25436611233e-06 1.69653202052e-06 3.01810636887e-06 1.46815467106e-06 2.64847571798e-06 7.50243281599e-07 2.59453299646e-06 8.25633234798e-07 1.43666545831e-06 1.46531174715e-06 7.87223215398e-07 2.5270682506e-06 8.35509178128e-07 2.56182877473e-06 1.65460659947e-06 3.05397832033e-06 1.47191689757e-06 2.42244707642e-06 2.90311823664e-06 2.67843051323e-06 2.90637633203e-06 1.115108691e-05 4.39642117198e-06 7.96653912877e-06 6.67078801141e-06 1.99914797465e-06 1.11798945904e-05 1.07339441774e-05 6.44850244881e-06 1.05738552771e-06 3.00343084118e-06 3.04535861201e-06 2.97843015322e-06 4.146610277e-06 4.70989359132e-06 2.5735315472e-06 4.45431347375e-06 1.3029236001e-06 1.59229787046e-06 1.48387288258e-06 1.53243392895e-06 1.45136997644e-06 8.74643955301e-07 1.62003883287e-06 1.09035769341e-06 7.52646222442e-07 1.70746501342e-06 6.10681514423e-07 1.19552525622e-06 1.44465671321e-06 1.01578242073e-06 1.33064272872e-06 1.53458044647e-06 1.56033354804e-06 1.23508890129e-06 1.18731797134e-06 4.34709799136e-06 2.30411773538e-06 5.57325454214e-06 3.60983983478e-06 3.01317842458e-06 3.92555043532e-06 4.64498769843e-06 2.292800566e-06 2.51885096118e-05 1.9373119474e-06 2.89876864172e-06 2.74473884721e-06 2.60074699734e-06 3.61911120088e-06 2.8379426514e-06 4.42841160497e-06 4.88641377098e-06 3.00117490556e-06 1.48511911845e-06 2.64856045121e-06 1.52534173151e-06 2.55418291262e-06 9.55183674626e-07 2.34841792493e-06 1.33937405461e-06 9.44022632257e-07 1.03070857465e-06 1.31691179357e-06 6.44209988023e-07 1.53442253336e-06 2.17987438737e-06 9.87368138132e-07 2.55964607587e-06 1.52009541897e-06 2.75487608446e-06 1.53513380576e-06 2.98024993802e-06 4.50461445801e-06 5.42598110014e-06 2.84788786145e-06 4.04163167731e-06 3.35615767021e-06 3.94964128533e-06 5.70847492226e-06 7.51565921641e-06 1.27871144497e-05 5.91295118901e-06 5.56500845938e-06 6.3133361292e-06 5.99376084847e-06 5.97185547005e-06 1.77839353984e-05 9.04075500732e-06 7.17029366537e-06 4.75975702241e-06 5.28944711179e-06 3.48699448475e-06 3.09872261524e-06 3.97681556923e-06 3.9986801385e-06 1.79310607482e-06 5.57116741644e-06 1.85697906934e-06 5.40842053614e-06 1.83423248103e-06 4.11679153599e-06 3.94669936584e-06 3.37419923219e-06 3.39653361132e-06 5.1005201929e-06 5.34003409303e-06 5.93463482305e-06 7.97748898012e-06 1.8385999043e-05 5.99801913125e-06 7.37737621663e-06 8.43242995144e-06 9.24878612013e-06 1.1668921029e-05 4.23429450063e-05 9.41471288519e-06 4.04969682572e-06 3.90733849795e-06 3.47314318919e-06 3.27520132201e-06 9.68477194666e-06 8.96421644642e-06 5.35735977976e-06 6.87783813272e-06 2.81606386974e-06 5.45490396397e-06 1.74148483979e-06 4.37126575627e-06 2.79880230175e-06 2.03994160088e-06 3.04854431489e-06 2.39024609882e-06 2.02116508972e-06 3.49166321562e-06 1.75062794035e-06 3.31932299515e-06 4.40948203339e-06 1.95842783785e-06 5.48044391465e-06 3.06553442826e-06 7.13150165254e-06 4.86367805203e-06 1.06920487514e-05 9.5445303736e-06 3.50297526162e-06 4.39809021445e-06 5.84044805212e-06 7.97004892849e-06 2.84044036492e-05 6.71426402018e-06 5.10116846539e-06 2.75403079311e-06 3.06569820112e-06 9.31412118526e-06 5.91103407374e-06 8.58986412383e-06 6.33705256173e-06 6.3785390909e-06 3.66014406687e-06 2.66235363227e-06 2.9309075963e-06 3.54012800758e-06 1.74656226714e-06 4.62881947107e-06 1.66084324142e-06 3.52987603729e-06 1.77716202293e-06 4.43933282252e-06 1.74978661129e-06 3.46642390999e-06 3.05965441391e-06 2.42108385577e-06 3.88050848297e-06 6.0597901129e-06 5.88073316832e-06 1.04836874962e-05 6.01697360166e-06 9.81574959541e-06 3.87565031161e-06 4.40777633047e-06 9.15333587546e-06 2.33488345778e-05 1.50815101779e-05 4.65374046553e-06 4.39614521413e-06 9.15315028057e-06 8.24631923583e-06 8.40335477002e-06 1.77468591951e-05 1.13126529878e-05 1.15956224296e-05 3.81855309299e-06 8.04522162864e-06 4.04750057106e-06 3.33661395349e-06 6.05318849762e-06 3.83581637136e-06 4.46088881252e-06 4.88496684518e-06 3.7744837066e-06 6.17752366076e-06 3.04215163447e-06 4.85663936958e-06 7.7546960768e-06 4.32238005854e-06 1.19476635674e-05 9.70724154686e-06 1.90459796308e-05 8.6958169583e-06 9.8593723755e-06 1.2218831644e-05 7.30427442829e-06 8.66650531041e-06 3.71855625645e-05 7.80707856174e-06 4.45406923092e-06 8.98885282176e-06 5.84084253336e-06 7.40773415236e-06 1.1650481678e-05 1.27926369761e-05 1.04994427589e-05 6.02488786713e-06 5.47434577037e-06 6.52134715258e-06 2.11063312876e-06 7.91664413548e-06 2.8365759178e-06 6.46380816834e-06 3.29337650974e-06 6.43203264081e-06 3.04905407964e-06 7.78041388998e-06 2.27706653811e-06 6.64384708839e-06 6.00268675611e-06 6.4444190183e-06 1.01231385148e-05 1.57550794762e-05 1.08211035675e-05 8.63069531284e-06 6.65128437013e-06 1.28515749098e-05 7.21801078508e-06 2.10302708496e-05 1.06510452432e-05 1.12412482163e-05 7.0473288645e-06 7.89456644395e-06 1.44047601523e-05 1.2792983711e-05 1.95682021386e-05 8.69344299323e-06 1.39877269465e-05 6.89374686778e-06 4.61394564086e-06 7.04489116645e-06 4.96545561179e-06 6.21026725768e-06 5.97476495815e-06 5.57431914261e-06 6.41830785191e-06 5.13911036235e-06 7.17286436031e-06 4.25021805824e-06 7.80086255775e-06 1.36169468539e-05 7.79750106314e-06 2.21158043241e-05 1.30056498862e-05 1.61196322753e-05 1.01224417464e-05 1.05575106677e-05 1.81312692918e-05 2.34389160692e-05 1.42712031978e-05 4.17310830401e-06 4.8667740752e-06 5.96102399131e-06 6.1855959392e-06 9.39631028256e-06 8.01104821566e-06 9.63312385367e-06 7.44479419831e-06 2.20343885697e-06 7.47438479689e-06 2.1304587183e-06 5.65405602837e-06 2.98693613829e-06 5.57211103688e-06 3.09900267748e-06 5.69432153913e-06 2.21263610226e-06 7.35440302707e-06 2.47837157638e-06 7.63105405762e-06 8.41035502105e-06 1.05062612301e-05 9.11542222357e-06 7.69222945537e-06 8.39623928302e-06 6.59243445219e-06 6.74970040715e-06 3.2063896148e-05 1.7779576912e-05 8.58885635143e-06 1.20216421086e-05 1.13471965682e-05 1.72233005537e-05 9.51999418641e-06 2.22183582722e-05 1.39307171897e-05 8.82307160871e-06 1.02099100837e-05 6.95700698689e-06 6.27501047955e-06 7.74553804463e-06 7.52210533816e-06 7.88856733651e-06 7.31383997707e-06 6.71960314434e-06 6.87031087119e-06 1.11310280026e-05 8.21730029932e-06 1.32461792913e-05 2.61608365609e-05 9.20945783627e-06 1.83738622203e-05 1.37782318704e-05 1.46024241518e-05 1.33685232636e-05 3.60402155419e-05 1.599919017e-05 1.12433789085e-05 9.68488377567e-06 1.16138071087e-05 8.43559714301e-06 1.69983136499e-05 1.69442050906e-05 8.43106205755e-06 1.82990160735e-05 5.07198229564e-06 1.11747898541e-05 5.36808519608e-06 1.10611053022e-05 6.13979848489e-06 1.12076511623e-05 5.30332805007e-06 1.14084488406e-05 5.42135350961e-06 1.88019387036e-05 7.80197841727e-06 2.11724924092e-05 1.72454639509e-05 8.7917634413e-06 1.43257629775e-05 1.23734848016e-05 1.56980886417e-05 3.10008551513e-05 1.4617481993e-05 6.40859138492e-06 7.67008618094e-06 3.94892654747e-06 9.88117152861e-06 8.77707930308e-06 7.9699550735e-06 1.09062308566e-05 5.79785251355e-06 4.96879743491e-06 5.14308983896e-06 4.38710096302e-06 5.10708326643e-06 4.99621969438e-06 4.8771901901e-06 4.83738200508e-06 5.6132021159e-06 5.6652017581e-06 1.05043026053e-05 1.11422045669e-05 8.53094073262e-06 1.0659786082e-05 4.1157864023e-06 9.32961028907e-06 8.52339723168e-06 2.73802697015e-05 3.18855886556e-05 1.82668064202e-05 9.98720375047e-06 1.88958039588e-05 2.18514856361e-05 1.3177202652e-05 3.50764935576e-05 1.60022470286e-05 2.47831908416e-05 1.17941465789e-05 1.7701980167e-05 1.13473048475e-05 1.8044104541e-05 1.15688823289e-05 1.73222667207e-05 1.29613201223e-05 2.50648945978e-05 1.48117929581e-05 4.04642985421e-05 1.3739373904e-05 2.4477412705e-05 2.24583444308e-05 1.32353861179e-05 2.59042622907e-05 5.48015121636e-05 2.11483111686e-05 6.34188381654e-06 1.01179942848e-05 9.61593936521e-06 7.03201889768e-06 1.7775134214e-05 1.19902381077e-05 1.37358663477e-05 1.09598322815e-05 7.78657724309e-06 8.66113075549e-06 6.5962872872e-06 7.56824573578e-06 7.59427590367e-06 9.18109574237e-06 1.03180605245e-05 1.25509686598e-05 1.63577252558e-05 1.75140009789e-05 7.53641698568e-06 1.05403231993e-05 1.30588420052e-05 7.85490953854e-06 3.29943839591e-05 2.29732954637e-05 1.91005372173e-05 1.54795944894e-05 9.17156924701e-06 3.01162097781e-05 1.58004427872e-05 3.16544330874e-05 1.93678034108e-05 2.59743718334e-05 1.30137222084e-05 1.9578475297e-05 1.06911424398e-05 1.85300768513e-05 1.40551098373e-05 2.64158339682e-05 1.80944127715e-05 3.75346653777e-05 1.58330247127e-05 3.26448324685e-05 1.08858909046e-05 1.96131053934e-05 2.6454231126e-05 3.49272330006e-05 3.12134952726e-05 1.4681190886e-05 7.97495949754e-06 2.03916122424e-05 1.23858171399e-05 2.12701082223e-05 1.95542982583e-05 2.04361104025e-05 1.80870003982e-05 1.34878768259e-05 1.18811380624e-05 1.08403914187e-05 1.47004093054e-05 1.77264616357e-05 2.00199317542e-05 2.5904154824e-05 2.09770485862e-05 1.26670600003e-05 2.24291445381e-05 9.78075871573e-06 1.8080445741e-05 4.3394640839e-05 4.24548537351e-05 1.20129528088e-05 2.71201801861e-05 1.50017776447e-05 3.24220930576e-05 2.41881311322e-05 3.75635414937e-05 2.74171436094e-05 3.5211657565e-05 1.58632287993e-05 2.50270039573e-05 1.70051109146e-05 3.45343634718e-05 2.61784250953e-05 4.56997428341e-05 2.5102240714e-05 3.5150922391e-05 1.78458520214e-05 3.24443011826e-05 1.58009050038e-05 5.9809326703e-05 2.13224342946e-05 2.5646805358e-05 1.19316212701e-05 2.19838745113e-05 2.11521827617e-05 2.87378105987e-05 2.73792818971e-05 2.78924080227e-05 2.21980279188e-05 1.75150330409e-05 1.97018008758e-05 2.18393094627e-05 2.68161830473e-05 3.54597343643e-05 2.94049771528e-05 2.23558121173e-05 2.45626860609e-05 1.35143596106e-05 3.16700324555e-05 2.67960897747e-05 7.34717978499e-05 1.90112180551e-05 2.86503265629e-05 2.36537890352e-05 4.17440167686e-05 3.21138120352e-05 4.61779113849e-05 3.02551012692e-05 4.10922909761e-05 2.32673374441e-05 4.22124459602e-05 2.89574688006e-05 5.70976288797e-05 3.28160789139e-05 4.51503613477e-05 2.72215320872e-05 3.26974472032e-05 2.38710014068e-05 9.52260149003e-05 2.82753643749e-05 2.41386407891e-05 1.73067163078e-05 2.5389285335e-05 2.37308625072e-05 3.14007388032e-05 2.61067569123e-05 2.88468050566e-05 2.85166236825e-05 2.62340331724e-05 2.84462506833e-05 3.5190585179e-05 3.10987492871e-05 2.54991243606e-05 2.81139233201e-05 1.8900550511e-05 2.88088257331e-05 3.53681588318e-05 7.89232920295e-05 3.0012305509e-05 3.69900625163e-05 2.94179319204e-05 5.21106489161e-05 3.43649619165e-05 5.08891386487e-05 4.1898147069e-05 6.43920996131e-05 3.8738731605e-05 6.46298292809e-05 3.58780329435e-05 5.60887991367e-05 3.44254230446e-05 4.27220703595e-05 3.5378360204e-05 9.51349328679e-05 4.95897210651e-05 3.64816351529e-05 2.46259042066e-05 3.68007854135e-05 3.00969675924e-05 4.07258243532e-05 4.00626882093e-05 4.51133032298e-05 4.6926204885e-05 5.05300002521e-05 4.08582036633e-05 3.11058843823e-05 3.80607934348e-05 2.59471832968e-05 3.90022612161e-05 5.44601366554e-05 0.000126169148052 4.79909764513e-05 6.09457242479e-05 4.23612621473e-05 7.96457479936e-05 5.84699818063e-05 8.30927543296e-05 8.06318425577e-05 0.000105784589571 5.98537150973e-05 8.4615301813e-05 4.53837329817e-05 6.51341247545e-05 5.52566501958e-05 0.000144008480135 9.86017539105e-05 6.42152465985e-05 4.10865936548e-05 6.54858113626e-05 6.2632690359e-05 8.84114784097e-05 7.83586459329e-05 9.79330420512e-05 9.43185629033e-05 6.36443543203e-05 6.89548531018e-05 4.59820364441e-05 6.96865406331e-05 0.000109759804293 0.000125169389236 4.29431491046e-05 6.08351847252e-05 5.03558887748e-05 8.93486358319e-05 7.47489360131e-05 0.000103375612905 7.47489360131e-05 8.93486358319e-05 5.03558887748e-05 6.08351847252e-05 4.29431491046e-05 0.000125169389236 0.000130335716256 9.40284851125e-05 6.90425432293e-05 0.000114438713511 0.000124582648047 0.000126761821561 0.000110177272699 0.000127486848666 0.000120171307228 7.21392613733e-05 0.000100308473366 0.000142710813335 0.000290889731294 0.000109198158816 0.000171215242676 0.000159659470327 0.000201612317908 0.000162914360558 0.000166315589534 0.000155823745819 0.000172098450731 0.000109855391262 0.000288232683373 0.000260674185649 0.000218425005478 0.00019122243184 0.000206676191996 0.000203311369526 0.000195249885058 0.000166191338418 0.000184105878448 0.00021412100114 0.000262219818066 0.000619781446978 0.000296302486447 0.000290618089893 0.000239219626186 0.000281731318769 0.000222735179461 0.000225700130097 0.000270748621966 0.000576259218253 0.00100570557341 0.000541155313245 0.000370351361676 0.000355674309361 0.000346875582673 0.00032593294435 0.000392850405466 0.00084331426499 0.00448996752754 0.00127226091462 0.00100278575839 0.000808884048068 0.000939261829395 0.00102115193255 0.00317504925773 






