









































1.18157889945e-06 7.57478474997e-07 2.32903001547e-07 2.99553097522e-07 5.6171963557e-08 8.28909493496e-08 9.19947546877e-08 7.35775765875e-08 4.5824178774e-07 3.77811604469e-07 9.48068433057e-07 9.10554784338e-07 5.92322406578e-07 2.92988566795e-06 3.23896240475e-07 5.21279181026e-07 2.37168303717e-07 6.46709176826e-07 3.02466513049e-07 2.32209165052e-07 3.43399645496e-07 3.92325298958e-07 2.27979551034e-07 1.32481447296e-07 4.0180568912e-07 3.26741656975e-07 1.48337872012e-07 5.30851125525e-07 7.23056910007e-08 2.07413328945e-07 3.79166488515e-07 4.09473378875e-07 3.88966135648e-07 2.22643886705e-07 7.71630711281e-08 5.96026477983e-07 1.67638762588e-07 3.80682692739e-07 4.92738830843e-07 1.78358377315e-07 2.87501454199e-07 5.35353079426e-07 5.2172813071e-07 4.04765314454e-07 5.25296064403e-07 1.12358180878e-06 4.1422042642e-07 7.19156736116e-07 4.2801364854e-07 2.09129708262e-06 9.18527379802e-07 4.08337327643e-08 2.56742074177e-07 8.52445840147e-07 5.6957920407e-07 2.3634288595e-07 4.24021025233e-07 1.26035908074e-07 8.88380280034e-08 3.36629268332e-07 2.01429914435e-07 3.27648868398e-08 4.82108613802e-08 1.34414860081e-07 9.91905427088e-08 1.60776270214e-07 4.32059721532e-08 2.34713417358e-07 1.48335257125e-07 7.86578542503e-08 7.53894999332e-08 1.59204586801e-07 2.58234473948e-07 5.43373529084e-08 1.93714824227e-07 1.41191604783e-07 1.78850495812e-07 8.25898807192e-08 5.30649221343e-08 3.27974037328e-07 5.19402685556e-07 1.50375232187e-07 1.76130969172e-07 5.78507514768e-07 2.36801694751e-07 3.72954021543e-07 7.13868298494e-07 4.12602127423e-07 7.9631868987e-08 2.60887364706e-08 4.95883639085e-07 8.77448479388e-07 2.74399067316e-06 5.2375878977e-07 7.29649851577e-07 1.41957768009e-07 3.05252254949e-07 1.46308551072e-07 2.66760356236e-07 7.93575701047e-08 3.33473008493e-08 3.66259108654e-07 2.48243012808e-07 1.22875942394e-07 5.19169006818e-07 1.67093064398e-07 3.57882297654e-07 5.46889593526e-07 2.02102366982e-07 2.55126448262e-07 2.69718068661e-07 1.94037749952e-07 6.00656546023e-07 3.93638681259e-07 2.27027393827e-07 6.02079632041e-07 1.42063640836e-07 2.63366644622e-07 4.52205624715e-07 3.20390182142e-08 1.2436294863e-07 4.57618399467e-07 2.11567155559e-07 5.00002043901e-07 2.45712401209e-07 9.62232158381e-07 5.52709600551e-07 1.98974493679e-06 6.68511108544e-07 9.62040224828e-07 3.22681023052e-08 2.09588592121e-07 2.61139948574e-07 6.10595880522e-07 2.35687687422e-06 1.63105656362e-06 3.43001983876e-07 7.40137736986e-07 2.92013292875e-07 4.23156767928e-07 3.53564146745e-07 9.59911423234e-08 6.56130171469e-07 4.48203048781e-07 7.11830151537e-08 7.08191040796e-07 1.5351037474e-07 4.58479207865e-07 3.19971761387e-07 3.00859466001e-07 4.18234169093e-07 1.71383636846e-07 1.53072975968e-07 3.9584998861e-07 3.02469363571e-07 3.61946790837e-07 5.43989703212e-07 1.97047065224e-07 8.23488245252e-07 6.85005707649e-08 5.01690040062e-07 8.65741099205e-07 1.06331885133e-07 4.75155965352e-07 6.1290592356e-07 3.14322290914e-07 9.75172305598e-07 3.46175069877e-07 1.58403460735e-06 1.84543253288e-06 7.20195926357e-07 3.71612105187e-07 7.60447932877e-07 3.82045002439e-08 1.85580847661e-07 1.01917497786e-06 2.04934311557e-06 9.65248702025e-06 1.27424215822e-06 2.47137547159e-06 1.4991164097e-06 1.52622009243e-06 5.46652448899e-07 2.55927008123e-07 1.58554862058e-06 4.79804441685e-07 3.48330933012e-07 1.33981298695e-06 2.01593923584e-07 8.75177800951e-07 7.83291094042e-07 7.73396838067e-07 5.47321439604e-07 3.97778646505e-07 5.90197069835e-07 5.93539533692e-07 4.05237064258e-07 6.24012172439e-07 7.97482537759e-07 9.38170024489e-07 9.43230614969e-07 2.49851012766e-07 1.61786080955e-06 4.22955161006e-07 5.9420180996e-07 1.92574424547e-06 2.97280645521e-07 6.23949809655e-07 1.86526913678e-06 1.56209649686e-06 2.39065628687e-06 1.18130466999e-06 6.73874354585e-06 2.04676995629e-06 1.62221381851e-06 6.95136772456e-07 7.77327595298e-08 6.17913339651e-08 2.33022938831e-07 3.47088254758e-07 1.70363449224e-06 2.11538798304e-06 1.31124533686e-06 7.34041040363e-07 9.39547089291e-07 3.76129586778e-07 6.04818728203e-08 8.96899050907e-07 2.6829367287e-07 2.62837612814e-07 3.34563588897e-07 1.89341737673e-07 3.32139318038e-07 2.76928608496e-07 2.70194348672e-07 3.04191726698e-07 2.31026485862e-07 1.56882124518e-07 4.74354729362e-07 4.99110910822e-07 1.89396514684e-07 2.07885117126e-07 3.8879541776e-07 2.4577582784e-07 3.60433587674e-07 3.68326151247e-07 2.09358718763e-07 4.71088768154e-07 1.93252386277e-07 2.75844184449e-07 1.01543575056e-06 3.66681882597e-08 4.09513039316e-07 1.01821110281e-06 7.83828992615e-07 7.95898974896e-07 1.84006370889e-06 1.56838836891e-06 4.43368497044e-07 5.84214799853e-07 1.50058338315e-07 1.00926185224e-08 2.41426824687e-07 6.82498225151e-07 1.98974103843e-06 2.15021046655e-06 6.55849653003e-06 2.86217401265e-06 3.09706172956e-06 6.61476612575e-07 3.88380612166e-07 1.14984698665e-06 8.38762643e-07 3.19775357306e-07 1.43851890554e-06 1.18442619324e-07 8.13884153355e-07 7.72271635924e-07 4.40953241424e-07 6.50533261565e-07 5.36307829938e-07 3.01840717158e-07 8.12690318089e-07 2.78290403386e-07 7.73823264155e-07 3.6007927542e-07 5.63954782891e-07 6.49887674811e-07 4.87349059881e-07 8.0624180968e-07 9.03096613141e-07 1.2908701802e-07 1.41920228023e-06 4.05698110007e-07 9.90623368624e-07 1.22604626392e-06 4.6387207619e-07 7.18237096757e-07 2.71764631634e-06 1.80161823804e-06 4.88721453525e-06 1.39545715949e-06 2.4301067582e-06 1.31590566731e-06 5.67451495624e-07 1.77738011979e-08 1.00163095319e-07 3.85041784617e-07 1.59730571759e-06 7.69878754147e-07 3.42321544555e-06 3.83756461811e-06 2.05864366738e-06 7.22994124553e-07 2.34331115722e-07 1.41586227504e-06 5.56718520315e-07 4.31799144379e-07 6.48814935789e-07 3.08939758553e-07 1.6325892574e-07 6.07637794727e-07 4.37247105622e-07 3.91742162175e-07 4.07661333014e-07 2.87834708239e-07 9.25016555462e-07 2.74745062648e-07 3.32507529459e-07 8.72938650032e-07 3.52474855928e-07 4.06448477883e-07 4.49868947037e-07 3.80661747659e-07 6.6809116363e-07 2.56597094015e-07 3.11077761945e-07 7.40170665505e-07 3.50031969382e-07 4.85971424199e-07 1.42577379915e-06 2.16552213132e-07 5.77230810857e-07 1.84903763684e-06 3.29607672119e-06 2.28778755207e-06 7.5366773154e-07 2.13633927184e-06 9.05680199947e-07 3.14462851784e-07 6.96156609465e-07 2.1147135792e-06 1.52243879468e-06 2.45426827712e-06 2.89800251429e-06 1.08320739164e-05 2.77729252173e-06 5.12839226102e-07 3.65543830671e-06 1.98754223338e-06 1.21203181824e-06 1.8810691665e-06 6.39410803658e-07 1.04075481643e-06 1.79207173023e-06 7.95615258394e-07 1.27603763046e-06 9.068685158e-07 5.07158229117e-07 1.96091311602e-06 6.82346576523e-07 1.06998759581e-06 9.22187326789e-07 7.49104736318e-07 2.04440995162e-06 4.63580170567e-07 8.8403672997e-07 1.31288766036e-06 8.73295012229e-07 1.73702318004e-06 1.10078080307e-06 5.73742757117e-07 1.95990543981e-06 1.02972273191e-06 1.94119518699e-06 3.31607178177e-06 5.11246776515e-07 1.79702007442e-06 8.22341081865e-06 2.58587613639e-06 2.67785486949e-06 1.74287346039e-06 3.83246752237e-06 1.53877385829e-06 7.26036307254e-08 6.2857284196e-07 3.42117312952e-07 7.32490464128e-07 5.75174795367e-07 2.94846915045e-06 2.0824107326e-06 4.24513319915e-07 1.32851967253e-06 1.10543545009e-06 2.41851802563e-07 1.21147525094e-06 1.98561967613e-07 8.75021987187e-07 3.92737102505e-07 4.55495345632e-07 3.1303336072e-07 2.44410402446e-07 3.55999007052e-07 2.88971147273e-07 3.5274039418e-07 3.7884102107e-07 2.30903047848e-07 3.11219260275e-07 4.92899964954e-07 2.12605846645e-07 3.92407945851e-07 2.42500961707e-07 3.9219763122e-07 4.39739404163e-07 3.89868224429e-07 9.80045145222e-07 1.38972383416e-07 1.22521916333e-06 1.19159863088e-07 8.39977888069e-07 1.29133791739e-06 2.71430368421e-07 1.95288086212e-06 2.25806471271e-06 6.42549341474e-07 8.83335646384e-07 4.0703734874e-07 1.25200584558e-06 1.69882271653e-07 2.84700310409e-07 1.44250332221e-07 4.37548802601e-07 1.58589797731e-07 6.49138114231e-07 6.05275811459e-07 8.88965888761e-07 1.03293955865e-06 5.04113444334e-07 2.31892629558e-07 4.05409839446e-07 1.06120871679e-07 1.58744781461e-07 2.08482681869e-07 1.20945026799e-07 1.25721028724e-07 5.9086550962e-08 2.31788052037e-07 1.36214804306e-07 2.62877696502e-07 1.57913762467e-07 1.45829763151e-07 3.16880964919e-07 5.29631255595e-08 2.62938470632e-07 2.06206728189e-07 1.59130964427e-07 8.3306194168e-08 1.1261242448e-07 1.50554511333e-07 2.49082828085e-07 1.631855581e-07 1.49616663269e-07 3.18088126772e-07 3.21087528613e-07 4.90165580913e-07 6.17749258431e-07 9.05719686364e-07 3.32764266413e-07 5.46372254021e-07 1.032339842e-07 6.72756687081e-07 1.88488656215e-07 7.81830903392e-07 1.19973093371e-06 3.76379652356e-07 1.84177444107e-06 2.01350250124e-06 3.26225493681e-06 1.5969358178e-06 1.50134631646e-06 1.06160586386e-05 4.68690366301e-06 1.52036931882e-06 4.65056714534e-06 9.28363568183e-07 2.55553439937e-06 1.78910602231e-06 1.9809267292e-06 8.51436873116e-07 1.28412290076e-06 5.4555979101e-07 1.79329062313e-06 1.42051296237e-06 7.04092843691e-07 1.85397257832e-06 1.27991787398e-06 1.8438874201e-06 7.14538929721e-07 1.46426803451e-06 1.86412761498e-06 6.49247831482e-07 1.32708740177e-06 9.70745583101e-07 1.72213856462e-06 2.16758873488e-06 2.21593635043e-06 1.08451848066e-06 3.80057168254e-06 1.13570432682e-06 3.19155065386e-06 8.38910785091e-06 1.00280003898e-06 1.47344016212e-06 3.58088799146e-06 2.6922697793e-06 2.40130535807e-06 9.39981843739e-07 2.70177165689e-06 2.71642655005e-07 1.03313538244e-06 8.15828854996e-07 2.56752784222e-06 9.41407551553e-07 6.82718818733e-07 5.7334133197e-06 4.8057687974e-06 1.73553058872e-06 2.68479426597e-06 7.60446043183e-07 1.73282123884e-06 1.500808981e-06 9.29307213844e-07 1.27588189148e-06 6.30977855558e-07 6.79164703628e-07 5.74408805339e-07 1.0716334743e-06 7.28025807239e-07 7.78193416183e-07 8.10760297313e-07 7.81672364741e-07 8.98919135331e-07 6.40955230178e-07 1.00305814914e-06 7.4770754587e-07 5.87712076039e-07 6.45362568339e-07 1.27363225148e-06 8.2882943785e-07 1.23755497619e-06 1.71874815411e-06 4.62422391443e-07 2.41597328511e-06 1.26078930223e-06 4.53561519852e-06 4.14426148514e-06 5.57956965255e-07 9.41870476368e-07 2.65209082233e-06 1.11765851216e-06 1.68851881315e-06 8.39137708823e-07 2.74235714606e-07 5.80299838025e-07 3.60305202034e-07 1.17232385167e-06 3.9821653997e-07 2.23935936312e-07 1.93901056266e-06 1.7640618776e-06 1.92062697588e-06 2.42232529619e-06 4.01266380929e-07 1.27663772058e-06 8.05050935187e-07 7.94145990226e-07 5.37650530896e-07 5.69242504097e-07 1.94063167662e-07 1.27215648374e-06 2.41660642148e-07 4.21288730215e-07 8.14575510764e-07 2.49678607082e-07 9.78347976499e-07 2.13449253796e-07 9.08441819069e-07 2.95230975407e-07 2.04510303717e-07 1.40765301545e-06 1.54973479571e-07 4.79526607087e-07 5.93566497029e-07 5.93194576273e-07 8.19909161842e-07 1.01846585546e-06 5.42576939323e-07 1.63847359705e-06 2.03489689638e-06 1.61896625462e-06 1.35531605645e-06 3.893979297e-07 3.19064208958e-07 1.34723304488e-06 6.76645405894e-07 1.02515639347e-06 6.77417324325e-07 2.3161101526e-06 7.4522047068e-07 3.25459888489e-06 1.47537848412e-06 8.49053857392e-07 3.91633709753e-06 3.76841249523e-06 3.08277830363e-06 1.25745881834e-05 2.98327848963e-06 4.58394837565e-06 4.62049762591e-06 2.6631359582e-06 2.59248346379e-06 1.33263830846e-06 1.71026698122e-06 1.39716843491e-06 2.36442165476e-06 1.1712564925e-06 1.62785215881e-06 2.55649322323e-06 1.18045825453e-06 1.12248958364e-06 2.63589203635e-06 1.67731980333e-06 1.18394451097e-06 2.39987775724e-06 1.40230866489e-06 1.46315509713e-06 1.47387461976e-06 2.49568977525e-06 2.45486037962e-06 3.72356634921e-06 4.39864154429e-06 1.89782610714e-06 1.054480372e-05 2.27178952022e-06 3.35791645887e-06 3.9650099741e-06 6.10620055286e-07 1.55840536581e-06 4.23356795811e-06 1.68818733741e-06 9.63898592269e-06 5.46417451832e-07 8.37863320587e-07 3.7421410889e-07 1.28412574018e-07 1.17943444129e-06 6.27754670216e-07 4.45772264631e-07 2.93636714472e-06 1.8279666865e-06 1.88834639915e-06 1.22183780972e-06 1.24777780444e-06 1.02185366718e-06 7.3557685891e-07 4.14458409117e-07 1.1869375364e-06 4.2426210391e-07 7.34923166545e-07 3.59091621865e-07 7.16075652942e-07 7.6333655026e-07 3.2922057757e-07 8.90901313581e-07 6.06821898948e-07 4.14831975181e-07 6.69778925708e-07 3.16323709403e-07 1.26202265457e-06 3.47282286716e-07 5.75947664218e-07 1.22804456209e-06 8.40157356003e-07 1.33362985319e-06 1.39797086102e-06 1.99071211238e-06 2.1731585345e-06 5.52835915464e-07 6.6278999802e-07 1.04222013569e-06 1.78629906766e-07 6.35157543086e-07 1.26369273538e-06 2.13043665651e-06 2.3659444182e-06 7.66896576086e-07 6.14026841776e-07 3.70649155273e-06 2.62278209438e-06 9.83423532576e-07 6.23481932937e-06 2.35347457758e-06 9.16127048115e-06 5.96693225249e-06 2.84623211623e-06 3.13991317552e-06 1.77607058122e-06 1.62431156469e-06 1.96118641783e-06 1.69357767362e-06 1.30878244874e-06 2.59614997747e-06 1.00187378386e-06 1.95999480385e-06 1.16866046187e-06 1.27035331398e-06 1.94303925091e-06 1.10543106412e-06 2.48643783489e-06 1.19755195689e-06 1.57890597381e-06 1.88530826922e-06 1.49091881835e-06 1.88861855158e-06 2.57176892115e-06 2.39568578785e-06 4.10889575476e-06 8.35789699818e-06 1.77375594104e-06 5.48178765737e-06 1.02570068474e-06 2.76644155032e-06 4.31122349056e-06 9.36672195583e-07 1.07969787506e-06 4.05810982924e-06 5.7516170706e-06 7.72728685415e-07 4.38132172366e-07 2.79359542276e-06 2.51544382907e-06 9.6013602014e-07 4.08892354003e-06 1.42295528759e-06 7.36046397228e-06 8.59226608911e-06 4.7923898916e-06 3.53587416135e-06 2.82641682969e-06 1.59042152669e-06 4.0205191312e-06 1.72774116812e-06 2.29185818289e-06 1.67992805717e-06 2.56883529343e-06 1.41472071978e-06 1.66202486325e-06 2.00261155871e-06 1.73690311206e-06 1.47113639524e-06 2.26272953142e-06 1.76940983806e-06 1.80637579662e-06 1.75112519651e-06 3.53364531015e-06 1.59655053604e-06 2.05547145558e-06 3.39378608149e-06 3.50827508829e-06 8.08131839456e-06 5.75519884606e-06 1.33122032769e-06 4.26833580796e-06 8.08228287897e-07 2.91966874799e-06 3.12460555878e-06 6.93835517829e-07 1.33867643611e-06 2.33878873384e-05 1.41771906448e-06 2.88999791085e-07 2.14632999243e-06 1.39659224869e-06 1.1634488888e-06 3.40819613917e-06 9.02936543428e-07 4.2186559012e-06 5.84609734541e-06 6.63088011867e-06 3.4645977007e-06 2.0507687804e-06 1.87630542846e-06 2.57657019733e-06 1.90282566665e-06 1.24778643488e-06 2.18565033223e-06 1.34275920242e-06 2.66519651456e-06 5.18023927284e-07 1.68440037421e-06 1.59805371677e-06 6.03528456144e-07 2.4756922532e-06 1.36634001725e-06 1.9631644504e-06 1.20092460206e-06 1.47129011345e-06 2.46013126058e-06 1.55231505391e-06 1.97688561866e-06 2.31959474995e-06 6.79033204141e-06 4.44419975784e-06 3.20309565648e-06 6.38321731142e-07 3.17586530331e-06 1.01860551686e-06 1.44441841249e-06 3.03198458432e-06 4.74889377297e-07 5.87510408905e-06 1.010973028e-06 3.41723548734e-06 1.98103258235e-06 1.18359729098e-06 3.92299465708e-06 1.30581449921e-06 2.97964640617e-06 4.56777472981e-06 4.80549358603e-06 9.73602246306e-06 3.87164926328e-06 1.76414409834e-06 4.93334580215e-06 2.36047377541e-06 2.77604391146e-06 1.81699588172e-06 2.39339899061e-06 1.78874077752e-06 1.73029838263e-06 1.54982531793e-06 2.44902010781e-06 1.5082378868e-06 1.90034422272e-06 1.58534017068e-06 1.99952464847e-06 2.19965370829e-06 1.99415881082e-06 2.76357773232e-06 3.93329190199e-06 1.76316967312e-06 2.59218033212e-06 9.04416608707e-06 3.60759135257e-06 4.4199143354e-06 2.86708703784e-06 1.31274163464e-06 4.12702320803e-06 1.37333260686e-06 2.78767940954e-06 7.09217618205e-06 4.83613479944e-06 4.85694561883e-06 1.24780907472e-06 5.08538369977e-07 2.3188280646e-06 1.00576464282e-06 2.08268948585e-06 2.21201048526e-06 2.45360203025e-06 4.5631658345e-06 4.45469970397e-06 2.44334272653e-06 2.88060534745e-06 2.33273660408e-06 1.643425844e-06 2.56014634955e-06 1.40778994231e-06 2.49725999222e-06 7.01222118744e-07 2.78994189821e-06 1.05596460156e-06 1.05440605766e-06 2.62387663841e-06 8.30160478812e-07 2.39322545617e-06 1.40146457953e-06 2.5191889407e-06 1.45019130039e-06 1.88486062397e-06 2.68961432189e-06 1.73848432762e-06 4.91894755363e-06 3.24780549392e-06 2.17770620263e-06 2.1953734879e-06 2.02550163374e-06 1.18531612103e-06 2.44850768962e-06 8.04745351829e-07 2.20567941049e-06 1.63862755344e-05 2.93592282292e-06 5.7707052782e-07 2.06683866408e-06 5.72056433576e-07 2.1450060567e-06 2.52751685165e-06 1.66107402451e-06 2.51812233426e-06 2.60998907123e-06 4.41162499809e-06 4.7279744805e-06 1.98295291414e-06 2.87917073071e-06 2.10546480562e-06 2.33565686873e-06 1.88859748134e-06 1.20780412612e-06 1.42186024286e-06 2.29878909922e-06 5.67158616507e-07 2.08615240436e-06 1.42837859577e-06 9.92107731687e-07 1.94159292949e-06 2.01278597289e-06 2.31220129195e-06 2.4398959135e-06 2.10339179247e-06 3.51292240023e-06 4.9576827362e-06 2.17808347073e-06 2.25918681163e-06 1.90381557258e-06 1.88511223977e-06 2.31502295904e-06 6.27580315286e-07 2.96446868924e-06 1.18238739159e-06 1.13566694413e-05 3.38153552394e-06 5.85941029407e-06 1.56332742899e-06 4.64703864941e-06 5.89877700019e-06 4.6393249525e-06 3.95809758319e-06 4.21730052111e-06 6.51710907379e-06 1.61588115811e-05 8.07194832306e-06 4.64265030536e-06 6.76383265579e-06 5.31261199462e-06 5.88703786888e-06 2.5825644615e-06 5.11116179811e-06 2.65060166721e-06 2.9960166307e-06 2.87682278273e-06 2.89937597624e-06 4.36762830042e-06 3.00858665144e-06 4.98378748286e-06 5.03051114249e-06 6.19555430061e-06 3.96565687585e-06 5.66836650093e-06 1.52449468119e-05 5.30468401634e-06 3.81202984483e-06 3.99178757538e-06 4.66370492893e-06 6.86334553807e-06 5.8055553313e-06 2.41848070146e-06 1.17343376507e-05 1.19060901547e-05 9.43408464198e-06 1.33591878224e-06 3.5450435531e-06 3.73567693094e-06 3.44846779454e-06 3.200591882e-06 1.79151995014e-06 2.8253573561e-06 8.71647376835e-06 7.99284737825e-06 5.35587141941e-06 3.67301638277e-06 4.92865830822e-06 3.83057354591e-06 2.27305844819e-06 3.24275014709e-06 3.48111697276e-06 1.25071860368e-06 5.78216635983e-06 1.24757992005e-06 3.09385252044e-06 3.25212489431e-06 1.82798633906e-06 4.06448699578e-06 4.16906161683e-06 3.71842431269e-06 4.06988711452e-06 8.73975859973e-06 7.02173579871e-06 2.56735972565e-06 1.6325622106e-06 3.74072356209e-06 3.88179286537e-06 4.89196397762e-06 5.59646716662e-06 2.33424501462e-06 2.42505790388e-05 2.80450111248e-06 3.63234539515e-06 3.63482832012e-06 2.0464299028e-06 4.45284859216e-06 2.59732150858e-06 2.04203878787e-06 7.03089143305e-06 5.97450176296e-06 8.68903147814e-06 5.31954227645e-06 4.13709253407e-06 5.66004230595e-06 2.21554958564e-06 3.96635365844e-06 2.83927243242e-06 1.97875241495e-06 2.68392319811e-06 2.67530021449e-06 1.93666253641e-06 2.81907085411e-06 3.62343884813e-06 2.33743837639e-06 4.8702490162e-06 4.15940679663e-06 3.89953377824e-06 9.59151081633e-06 4.93514829226e-06 5.5325161104e-06 2.11080898292e-06 2.41585612209e-06 4.95021714556e-06 2.34615503028e-06 5.39191024421e-06 6.37414294136e-06 7.78776703762e-06 1.27105550166e-05 5.69174829242e-06 4.90084518292e-06 4.37343471784e-06 4.35402274703e-06 4.39899172324e-06 6.54466590581e-06 6.71370909153e-06 8.25842430243e-06 1.61362385277e-05 1.08254324617e-05 8.19657686425e-06 5.57195631159e-06 7.77647447221e-06 7.05720739575e-06 2.74609966864e-06 8.11025818443e-06 2.6725972775e-06 7.74624721955e-06 2.58871324783e-06 6.83173921526e-06 7.70758198624e-06 5.15928971366e-06 8.39310534312e-06 8.1533551105e-06 1.6438755876e-05 6.9149787424e-06 6.98722831519e-06 7.34254687792e-06 4.87541442071e-06 4.80647278732e-06 5.32484861833e-06 7.99057305975e-06 9.18141709558e-06 2.90316508819e-05 1.2189016311e-05 4.13121312727e-06 4.85116862916e-06 3.06741105778e-06 3.67303235396e-06 8.36181632211e-06 3.8720878209e-06 5.51772240319e-06 1.14541901629e-05 1.26401194288e-05 9.84838162932e-06 3.54865688353e-06 8.64086751122e-06 5.75538617268e-06 3.21261207012e-06 5.44299950957e-06 3.61359899382e-06 3.35401655511e-06 5.65296620294e-06 2.60061355497e-06 6.22941132419e-06 7.34297547939e-06 4.05257733363e-06 8.15336499185e-06 1.42229337181e-05 9.41836679522e-06 5.32747982073e-06 4.21510983885e-06 8.46081827439e-06 3.98187474201e-06 4.22339340335e-06 6.54819539192e-06 6.78999405103e-06 2.8638701685e-05 1.18234761679e-05 6.32539873054e-06 3.95890967438e-06 4.19997055019e-06 1.01467774722e-05 6.58248910553e-06 5.03269809195e-06 1.1548206208e-05 1.35843351948e-05 1.81052058505e-05 8.45925228291e-06 9.93109003709e-06 9.1861908131e-06 4.38805169866e-06 9.80868727507e-06 4.90279639282e-06 7.53967142632e-06 5.28236405414e-06 9.31682502481e-06 4.23661151572e-06 9.19832401707e-06 9.73092426757e-06 6.65835293395e-06 1.91823064302e-05 1.21879542395e-05 1.14066968005e-05 5.33569916408e-06 7.52456688615e-06 1.15515821663e-05 5.75423691092e-06 5.71113570565e-06 9.46440451818e-06 2.66226384388e-05 9.59747537853e-06 2.41530131106e-06 2.73191550163e-06 5.25725945142e-06 3.9063746702e-06 3.85900603419e-06 5.25051050287e-06 5.25609766646e-06 9.24392642315e-06 8.33554144671e-06 9.43211807897e-06 4.70941855611e-06 3.99835286202e-06 5.98932385047e-06 3.97612759544e-06 3.90532488766e-06 4.67845613749e-06 3.24438371995e-06 6.87534935474e-06 3.43221116665e-06 5.53923625459e-06 7.40183728203e-06 1.03403449069e-05 8.03846673696e-06 5.69348523283e-06 5.94327258049e-06 3.79562927415e-06 4.38046078744e-06 6.74462383027e-06 3.55333464122e-06 3.46751495139e-06 1.82648883723e-05 1.16418321189e-05 5.27760308422e-06 1.02452474903e-05 6.60531495426e-06 7.3057282275e-06 1.11863737008e-05 7.52722543426e-06 1.35298296251e-05 1.04505333981e-05 2.12607488953e-05 1.37442387847e-05 5.9101911616e-06 1.39201465096e-05 7.74251104677e-06 9.15050305315e-06 7.5128571643e-06 8.94013808836e-06 7.88454229516e-06 1.33508444585e-05 5.63675075851e-06 1.15142123734e-05 2.31449626138e-05 9.17859555396e-06 1.27738511741e-05 8.25369428966e-06 1.11250791876e-05 8.76308615511e-06 7.71166191645e-06 1.33387992583e-05 7.52121528287e-06 2.19193954137e-05 1.06169592923e-05 1.00874496907e-05 5.82225493185e-06 6.72949547422e-06 1.02412019034e-05 8.50737473123e-06 9.47890194319e-06 7.24533987128e-06 1.78911558693e-05 1.60474123727e-05 8.0080641571e-06 1.10938172977e-05 8.40658636827e-06 9.60391305309e-06 9.37572448616e-06 8.20716537583e-06 1.08161353223e-05 7.38691960251e-06 1.19028500043e-05 6.43752345473e-06 1.8724349262e-05 1.64051893938e-05 7.20587452362e-06 1.07261860169e-05 9.2315915102e-06 1.24327514758e-05 8.30069474519e-06 7.35415341157e-06 1.42285026849e-05 1.84174735946e-05 1.46172272405e-05 4.64135270983e-06 3.77630950248e-06 5.78642497938e-06 5.32471600178e-06 6.89926492222e-06 3.02972842833e-06 7.41709976505e-06 8.7182496542e-06 8.35995910795e-06 1.08078927385e-05 3.67212342421e-06 6.76740165427e-06 5.42788567888e-06 7.06398492051e-06 5.45727412649e-06 6.41593654679e-06 3.85945874535e-06 9.71273205865e-06 1.06045480053e-05 7.43554892941e-06 7.0718756519e-06 3.40776091752e-06 6.831055703e-06 6.02338087142e-06 6.52249251513e-06 4.50874508431e-06 6.10714716081e-06 2.51918448674e-05 2.59706537952e-05 1.10730417771e-05 1.41330073162e-05 1.31182621061e-05 1.73843630616e-05 8.79174071352e-06 1.40386263651e-05 1.69384668076e-05 1.47854006094e-05 3.2582690198e-05 1.61431654721e-05 1.67049522884e-05 1.71418626724e-05 1.86372249495e-05 1.93106463369e-05 1.61158207773e-05 1.76368282833e-05 1.37133886078e-05 3.57844500269e-05 1.40565605958e-05 1.71795248315e-05 1.53051635036e-05 9.90381149809e-06 1.87830305273e-05 1.5690690008e-05 1.59781357698e-05 1.62191035234e-05 3.88378272922e-05 1.19081259524e-05 8.63779396755e-06 7.06562197059e-06 7.69890337003e-06 5.25660336077e-06 9.46159547066e-06 6.9739756565e-06 5.25620008322e-06 1.82509826542e-05 1.17357890697e-05 1.23499653991e-05 7.19543194476e-06 1.0838993894e-05 9.08925277377e-06 1.03499412731e-05 7.74340063308e-06 1.02127126002e-05 1.49951478118e-05 1.66440611656e-05 5.29914792314e-06 7.45436107572e-06 9.80710513688e-06 6.03591626757e-06 9.36244965732e-06 8.00931243224e-06 9.99265575416e-06 1.81691779335e-05 3.6695160341e-05 1.36039556975e-05 1.3411891624e-05 7.9807224887e-06 1.74303685916e-05 1.41897033225e-05 6.83209647301e-06 2.45224022744e-05 1.62949035408e-05 2.84097611915e-05 1.96583174089e-05 1.73024628983e-05 1.91357215294e-05 1.79745849008e-05 1.88314222085e-05 1.71014767308e-05 3.24635926655e-05 1.50945655223e-05 2.46538501098e-05 7.71815290936e-06 1.5471484926e-05 1.95019293602e-05 9.48033894055e-06 1.65166605273e-05 1.76533323107e-05 4.91214222832e-05 2.37989582348e-05 1.32213860577e-05 7.54802392242e-06 1.24873771912e-05 1.33679436544e-05 7.25522360483e-06 1.6216951546e-05 9.88750831788e-06 2.27394804093e-05 2.00289546503e-05 1.9738363991e-05 1.22723776452e-05 1.69328990904e-05 1.29211576932e-05 1.78846771929e-05 2.48037284587e-05 2.0958871354e-05 9.55117470783e-06 1.78218151682e-05 7.41586082007e-06 1.34182998294e-05 1.37360500666e-05 8.2842900197e-06 1.52300188744e-05 3.09732649028e-05 4.42348213781e-05 1.17284698997e-05 1.88404252006e-05 1.6211375217e-05 1.11335266909e-05 2.48866724601e-05 1.07065437092e-05 2.63802061885e-05 2.60691672046e-05 3.3564773299e-05 2.66791174412e-05 2.20454791571e-05 2.32959753564e-05 2.38153267191e-05 3.97115687765e-05 2.54486398119e-05 2.65626119192e-05 1.26240066458e-05 2.51219206387e-05 1.27171725995e-05 1.79681250278e-05 2.24698872767e-05 1.31075107665e-05 5.61893942413e-05 2.2889904348e-05 1.82903190748e-05 1.54028068307e-05 7.68791216089e-06 2.45763165259e-05 1.01471499751e-05 1.78938680366e-05 1.6311878375e-05 2.90488097862e-05 2.52326732552e-05 2.43384319759e-05 1.56189388666e-05 2.23495553267e-05 3.05789223337e-05 2.8431703312e-05 1.60751733347e-05 1.93257760263e-05 9.71728866113e-06 2.53951539353e-05 9.1385773839e-06 1.63456556623e-05 2.05914723981e-05 2.69032634181e-05 5.38380146525e-05 2.30282069057e-05 1.171865383e-05 2.90726360256e-05 1.75730596653e-05 2.66876590174e-05 1.85458306357e-05 3.45334184088e-05 3.37804619611e-05 3.87729164416e-05 3.1200758063e-05 2.70531588266e-05 4.75232657711e-05 3.2802491056e-05 3.41580441983e-05 2.0213062795e-05 2.66195875233e-05 1.9453164349e-05 3.00464610737e-05 1.35285720065e-05 2.40574843635e-05 6.30722782115e-05 3.67794963739e-05 9.00348908569e-06 2.25475023303e-05 1.03982866353e-05 2.22152711232e-05 1.47770501502e-05 2.1811939599e-05 1.92315607695e-05 3.21885374715e-05 2.63265002859e-05 2.73015790816e-05 3.18545373598e-05 3.08826458788e-05 1.97068423366e-05 2.33820275075e-05 1.4343830223e-05 2.31693726308e-05 1.08169462003e-05 2.35652583539e-05 9.75611091833e-06 3.9009299859e-05 3.35687284123e-05 3.85407253197e-05 1.67170252288e-05 2.97498727843e-05 2.68417893104e-05 3.51567012116e-05 2.40831704312e-05 4.28712875166e-05 3.92857446767e-05 4.64756462212e-05 5.96370725666e-05 3.82371356897e-05 4.28728352891e-05 2.70899762043e-05 3.5969097335e-05 2.84249121888e-05 3.13943661965e-05 1.97560435328e-05 4.21362724099e-05 3.80688304721e-05 6.81617994803e-05 1.82511754659e-05 2.66464542455e-05 1.97099432313e-05 3.3432495416e-05 2.29481756838e-05 3.19925889856e-05 2.5255716381e-05 4.40020217495e-05 5.85511916333e-05 4.40020217495e-05 2.5255716381e-05 3.19925889856e-05 2.29481756838e-05 3.3432495416e-05 1.97099432313e-05 2.66464542455e-05 1.82511754659e-05 6.81617994803e-05 6.34009244132e-05 4.90715445834e-05 3.49820946736e-05 4.78313243589e-05 4.4821706444e-05 5.77122181473e-05 3.60717956121e-05 6.33303677123e-05 8.86276736648e-05 7.5386108438e-05 6.45393026807e-05 3.92103575634e-05 5.75734090863e-05 4.67022261195e-05 4.97363126218e-05 3.6254087395e-05 5.17278120549e-05 6.60424037186e-05 0.00010740053111 3.87769326681e-05 4.85574941474e-05 3.76136824205e-05 6.36824798081e-05 4.2644537492e-05 5.32657559569e-05 7.46770293526e-05 9.10575287409e-05 5.84671319485e-05 5.76099522198e-05 4.35082542135e-05 6.33233001224e-05 4.00199813835e-05 4.94632981256e-05 3.95836763045e-05 0.000106167704278 7.48826879011e-05 5.36281091721e-05 3.56773770331e-05 5.23335909728e-05 4.27705910257e-05 5.6180030037e-05 6.94787503466e-05 6.45235317169e-05 6.2030791941e-05 5.50861962877e-05 5.59980084857e-05 4.13833304396e-05 5.06010799436e-05 3.38606182841e-05 5.01622483352e-05 6.81858664645e-05 0.0001669327557 5.86835574582e-05 7.48485311434e-05 5.21393358408e-05 9.85368417393e-05 9.84176066074e-05 8.22988582588e-05 7.43252928624e-05 8.03962249836e-05 8.1947349986e-05 9.98729110764e-05 5.30762353128e-05 7.40983135445e-05 6.14273751641e-05 0.000158095160406 0.000185243561634 0.00012440861544 7.85547166023e-05 0.000128525560687 0.00015859370091 0.000138898263628 8.75109871904e-05 8.61199492436e-05 0.000132634826124 0.000126650855755 0.000123056840154 7.53238373852e-05 0.000115639337447 0.000172718881272 0.000300685146769 0.00010103441121 0.000154106504678 0.000162777657453 0.000178515640181 0.000110058887409 6.92393470653e-05 0.000107816469118 0.000165126560393 0.000127864829844 0.000144263395143 9.44800363165e-05 0.000265482928382 0.000292236645073 0.000239680330071 0.000225774180044 0.000213029765827 0.00016485830338 9.49334969403e-05 9.91914843883e-05 0.00015392158128 0.000192439986191 0.000169782749969 0.000213142188461 0.000255559448652 0.000807527705842 0.000412787477762 0.000324542382632 0.000211895830689 0.000150147468372 0.00015476899176 0.000151051162986 0.000191021106429 0.000276167586116 0.00028818019141 0.000628242004439 0.00333882140135 0.00111170027694 0.000606017878581 0.000358427005267 0.000493036244637 0.000457670879482 0.00036055224984 0.000510076348966 0.00084743951838 0.0021690946845 









