























2.24806513668e-06 1.19365154756e-06 2.13623633349e-07 9.6411856043e-07 4.31451947958e-07 4.05283249972e-07 1.14265960436e-06 2.98515686791e-07 1.62173315219e-06 5.57913780859e-07 5.83661022518e-07 1.6872463251e-06 3.60798540934e-07 1.25577235935e-06 4.54510250182e-07 5.84562417302e-07 1.0516183957e-06 2.95777651745e-07 1.32513614387e-06 1.57844083243e-06 1.62569029372e-06 4.92366575102e-06 7.3789619027e-07 2.32855626573e-06 3.10365979371e-07 6.26158788493e-07 8.52119715813e-07 4.35668077007e-07 9.80285579934e-07 5.541056554e-07 7.71223713101e-07 8.32724563826e-07 6.03452859224e-07 1.1063591264e-06 5.79467774505e-07 9.8589501519e-07 7.39362387551e-07 4.98205034985e-07 2.41685865263e-06 8.64406247876e-07 3.39921722281e-06 1.89810444235e-06 4.93394639291e-07 1.22070901921e-06 1.68929523602e-06 1.11525809268e-06 9.01036913502e-07 5.67081119983e-07 1.11720309436e-06 3.81614217272e-07 4.21542619753e-07 2.19360142689e-07 2.24213330024e-07 5.33394820076e-07 2.84024080023e-07 1.38657453529e-06 6.56807632072e-07 8.38729351588e-07 7.59805235029e-07 1.31579976485e-06 1.2753117434e-06 7.93310516434e-07 1.53660626425e-06 1.80059719433e-06 6.71286461967e-07 4.45014984297e-06 7.28894188524e-07 3.71804706457e-07 7.97422064852e-07 5.69694684437e-07 3.13128400887e-07 1.20980546542e-06 1.16846746156e-06 1.30060819308e-06 9.58956350681e-07 1.40193117188e-06 4.03393310811e-07 7.6845089055e-07 6.70314715351e-07 2.14423181243e-07 7.86514748684e-07 3.23260347217e-06 3.71020324313e-07 1.98446078508e-06 1.65645828878e-06 8.92685346333e-07 5.50498062726e-07 5.23507117028e-07 2.19263732454e-06 3.56196714632e-06 1.48822569385e-06 1.70945059636e-06 5.63898274131e-07 1.04772010515e-06 2.05577704903e-06 2.8914729912e-06 5.32623146265e-07 1.30539101965e-06 1.64861445648e-07 1.2222699734e-06 5.65900924879e-07 2.90891371638e-06 1.90494302529e-06 1.00872371885e-06 7.50670829044e-07 1.53462418321e-06 8.79986333781e-07 2.83216464622e-06 1.4408540929e-06 5.1619341523e-07 8.90866221535e-07 1.20768938043e-06 5.56109985267e-07 1.21396003059e-07 6.37386760235e-08 3.56897933216e-07 6.51538475179e-07 1.9532023234e-06 1.41742456648e-06 8.76416365353e-07 5.15471989e-07 5.34136941062e-07 3.27150054015e-07 8.31245814262e-07 8.4775231367e-08 1.86861864456e-07 3.42581140869e-07 7.87670669925e-08 7.42845423001e-07 2.51998004929e-07 5.56765538789e-07 3.69488660901e-07 7.16032996671e-07 8.24589173044e-07 1.51200502305e-06 5.77932073609e-07 2.17870691317e-07 2.26809417602e-08 3.54207323245e-07 7.35988047859e-07 1.64171285247e-06 1.22451552018e-06 1.21859496237e-06 1.51119085494e-06 3.9177257679e-06 1.08209928451e-06 1.00405246185e-05 9.10181348096e-07 6.96463410189e-06 9.11254196691e-07 5.77592206839e-06 4.37937448111e-07 4.6748211189e-06 1.08450301568e-06 1.43479388758e-06 1.21471630735e-06 4.75576516194e-06 4.7378564395e-07 5.49007278545e-06 1.08943978933e-06 6.76963271255e-06 9.64858910424e-07 7.36061289712e-06 3.49246316524e-07 2.85757926444e-06 1.14429362355e-06 1.44518881652e-06 1.8268664045e-06 1.85886823002e-06 6.68033679965e-07 4.80369644082e-07 6.94568118321e-07 1.26842236942e-06 3.26993271805e-07 3.85202753655e-06 3.89336003028e-06 2.23528551578e-06 1.45239750184e-06 1.85365616889e-06 1.0061248703e-06 2.21298621364e-06 3.1493734079e-07 2.13090400892e-06 5.8531173546e-07 1.91411370303e-06 2.74838860932e-07 2.15880070097e-06 9.32879199686e-07 1.69396671023e-06 1.71362506596e-06 1.40867416118e-06 3.11614183911e-06 2.13176762575e-06 4.17107620108e-07 1.10823527574e-06 1.025125509e-06 4.50752781796e-07 9.05078634479e-07 1.78068845632e-06 9.06100481347e-07 4.65052940526e-07 1.99311335381e-06 2.10984445736e-06 4.28215206869e-06 1.62523611765e-06 1.04805570636e-05 4.92782674035e-06 9.16792958004e-06 8.34767396764e-07 1.67002942497e-06 2.26354226782e-06 6.55058394511e-07 4.02451194506e-06 3.74106585604e-06 7.15676393518e-07 2.10913624531e-06 1.63631852168e-06 5.92991487674e-07 7.62558857739e-06 2.42189051342e-06 7.80371679353e-06 4.09881980927e-07 5.03707524353e-06 1.85655060479e-06 2.14720678808e-06 5.0505643006e-07 1.22518901918e-06 2.24866331822e-06 7.50045035133e-07 6.35483707363e-07 1.06356484608e-06 1.35392635043e-06 4.44064183483e-07 3.29789741415e-06 2.54042590965e-06 2.78694599752e-06 6.08193059595e-06 2.66451762328e-06 1.92100637971e-06 1.95915061293e-06 3.9811486792e-07 2.49384681765e-06 6.10139400387e-07 5.09898307651e-06 5.91972287976e-07 2.28234632629e-06 3.9828397462e-07 2.00093427935e-06 1.67193310169e-06 2.47661692354e-06 4.87268315198e-06 2.01780876008e-06 2.16407262916e-06 2.8579869188e-06 4.44256089756e-07 1.26706386604e-06 1.44489232659e-06 7.4041877407e-07 1.11921460416e-06 1.67555913298e-06 1.97650438795e-07 2.54496622239e-06 3.28004589695e-06 6.88336906596e-07 4.49242049184e-06 4.1309063489e-06 5.77267151312e-06 5.62462250728e-06 1.73838183818e-05 6.03029654571e-06 4.75886138528e-06 4.05412657503e-06 1.95649368278e-06 3.17138521812e-06 9.35307452325e-06 1.30014577207e-06 8.6151305932e-06 2.8081491823e-06 2.01174248535e-06 3.65065439747e-06 4.28666448865e-06 3.12802721179e-06 1.27254084226e-05 4.31707409278e-06 5.94053509057e-06 3.48980605768e-06 4.41630485394e-06 1.12246990279e-06 3.41838454938e-06 3.02199769547e-06 4.39316862624e-07 2.20204989055e-06 2.47157621643e-07 1.0860624416e-07 2.54878988159e-07 9.56123633886e-07 1.63187868215e-07 1.59999765734e-06 7.69874663622e-07 2.18002379204e-06 8.82477817492e-07 2.58617161916e-06 3.91648899854e-06 2.63014795265e-06 3.60496811969e-07 2.02406018616e-06 7.23122518763e-07 1.33121752378e-06 1.1561938697e-06 8.22116337604e-07 1.33256377828e-06 4.51324941031e-07 1.16981473671e-06 3.28156422128e-07 1.36047382818e-06 3.39165728739e-06 1.69932865368e-06 8.26691284325e-07 1.43333988724e-06 8.47367906557e-07 1.62554501257e-06 1.0354108346e-07 1.05447011969e-06 3.11591185023e-07 2.00540731944e-07 3.10752758237e-07 3.50403457734e-07 6.75361061883e-07 2.4548761013e-06 1.96367469031e-06 8.55236413898e-07 3.45448594975e-06 2.67165400672e-06 5.35873256546e-06 3.69074682986e-06 1.05731423713e-05 1.96803978212e-06 1.16116593672e-05 3.18146717705e-06 2.91553187604e-06 5.20798865102e-06 3.60941334748e-06 1.37250581406e-06 7.12177633418e-06 1.36532904337e-06 3.64099245599e-06 4.52142644992e-06 2.79562293426e-06 1.94245100162e-06 9.41290287327e-06 1.22160120017e-06 7.66391414821e-06 3.32679911127e-06 4.92090799037e-06 2.43464053315e-06 3.36679303125e-06 1.09203439266e-06 2.09355515186e-06 2.76411247912e-06 9.24641771717e-07 4.09629283097e-07 4.21391018408e-07 1.01482796183e-06 3.13060095023e-07 5.01551310926e-07 4.00616640156e-07 8.61281476612e-07 1.25829713666e-06 8.24870284149e-07 2.54264156313e-06 1.39025848861e-06 2.14501246936e-06 3.46253138324e-06 3.007616132e-06 8.53583317357e-07 4.58630155921e-06 6.10961036901e-07 1.34452712954e-06 1.21630883916e-06 6.32195539615e-07 3.88742456475e-06 6.65394863157e-07 1.55991056485e-06 3.25259105172e-06 1.03479588321e-06 1.10418096952e-06 2.56506805184e-06 8.76662326255e-07 1.32332957196e-06 1.00129615982e-06 4.0794966837e-07 7.97411692372e-07 5.44389835292e-07 1.22509809231e-06 4.94499908336e-07 5.53875157474e-07 7.66765668215e-07 1.1545861609e-06 5.60982540634e-07 2.35353624627e-06 1.10132766339e-06 2.69015356733e-06 1.85628889381e-06 5.95469393726e-06 6.70820742794e-07 6.82676790622e-06 1.44598813041e-06 8.59032547926e-06 3.7206678594e-06 4.30457161406e-06 3.08644622879e-06 3.33494121479e-06 1.31727720179e-06 3.52023391046e-06 3.0859530011e-06 4.41371158406e-06 2.61261954483e-06 7.6036393471e-06 1.20073792913e-06 4.67175433168e-06 5.18205676621e-07 4.6204897618e-06 1.57695546181e-06 2.63626188765e-06 8.87274890742e-07 2.83269276551e-06 5.82541887746e-07 1.54918726017e-06 1.00837741735e-06 6.65627349443e-07 6.62533152845e-07 6.90472435986e-07 6.59667691985e-07 4.6035936956e-07 6.22575550252e-07 1.66568684227e-06 1.80593699375e-06 1.59237016992e-06 6.11194734303e-06 1.74093271604e-06 3.82888813576e-06 2.32307242259e-06 2.91168459869e-06 9.98138866282e-06 8.96070183e-06 1.25896638357e-06 8.21511895189e-06 1.12412940224e-06 1.27678295775e-06 7.51705423035e-06 1.49285942701e-06 5.0539765811e-06 8.1985690787e-06 1.48253737035e-06 2.01980274217e-06 3.51388215988e-06 1.3144640935e-06 5.42095049384e-06 1.61235755698e-06 1.58951260374e-06 1.80718738957e-06 1.02826903051e-06 4.78980502428e-07 9.30922030872e-07 8.53037531876e-07 7.20325368306e-07 7.68341931278e-07 9.18915929429e-07 4.71943535563e-07 4.09943439744e-06 3.55699995568e-06 3.23569267261e-06 3.90542023933e-06 8.91918679942e-06 2.07555544005e-06 8.95309784703e-06 2.74321733801e-06 8.46581603475e-06 5.85354075407e-06 1.74185359766e-05 5.4096760997e-06 6.18494053899e-06 6.03156448821e-06 2.14510840367e-06 5.32808521441e-06 6.00602336162e-06 3.40853679475e-06 1.58162764974e-05 3.99905291497e-06 6.77143883968e-06 2.48213186626e-06 7.76067328765e-06 1.96932518259e-06 7.99392092928e-06 3.53047214684e-06 3.29135235561e-06 3.51903826561e-06 4.82178535345e-06 5.26407479136e-07 1.37777513698e-06 1.05570066111e-06 3.3516590398e-07 2.49940383684e-07 9.47321143257e-07 5.00707406413e-07 1.06517295027e-06 1.13633993618e-06 3.27387314038e-06 2.35956314261e-07 2.25158355629e-06 9.50349079063e-07 2.04379560783e-06 1.35334234845e-06 2.11315543726e-06 4.06972155699e-06 3.09214322631e-06 1.05597207288e-06 8.27864047966e-07 8.7270056329e-07 8.35509813236e-07 1.43965351659e-06 3.75944949764e-06 1.43888030507e-06 1.28035734454e-06 2.29481926234e-06 9.47816307793e-07 2.14934945348e-06 6.93519566086e-08 2.87942883565e-06 9.40571412344e-07 1.20188896816e-06 3.20781067897e-07 9.68588488557e-07 3.56645174768e-07 4.41227280829e-07 1.95710183088e-06 2.80432507307e-07 4.43123226371e-06 3.67866423639e-06 2.529403648e-06 5.99578186609e-06 9.91351442987e-06 1.78795679323e-06 8.50690432637e-06 3.43595235275e-06 7.50175505073e-06 6.32060706948e-06 1.60294285034e-05 3.34040136726e-06 1.94333147077e-05 7.17907469705e-06 3.50635414124e-06 2.0302940763e-05 3.26548241107e-06 5.04325404006e-06 1.79806817545e-05 2.12939188429e-06 1.23006963415e-05 6.20387273912e-06 7.23096549495e-06 3.20513812192e-06 7.59642660345e-06 2.23009058601e-06 9.10492832039e-06 5.69615641317e-06 2.51811937437e-06 3.51315715887e-06 4.77375745805e-06 5.4277006623e-07 2.36017296652e-06 1.30416061238e-06 2.30581745045e-07 1.62277527354e-06 5.31967072949e-07 1.57529433592e-06 9.38762799226e-07 2.38725460903e-06 6.7395258818e-07 2.73051059524e-06 7.37888195448e-07 2.15446401783e-06 3.37219044826e-06 3.45264770619e-06 1.78452502529e-06 4.10586972335e-06 5.56911050135e-06 3.34878540399e-06 3.79456541443e-06 3.90283474795e-06 2.24195527194e-06 5.7791793441e-06 2.85344483048e-06 1.37990935205e-06 3.60148952202e-06 3.06592063548e-06 2.01822392773e-06 4.39922919746e-07 2.98155434857e-06 7.432664955e-07 2.24083421715e-06 8.45403515019e-07 1.58915954287e-06 3.98784797346e-07 1.90137432148e-06 4.34979917228e-07 1.44123193679e-06 9.71098593849e-08 7.79508625184e-07 2.5389172145e-06 1.04794934707e-06 2.20800961024e-06 2.05876405221e-06 3.24378015043e-06 5.85456555062e-07 3.79968595598e-06 1.17913436168e-06 2.5431987108e-06 4.81657029153e-06 5.23931870846e-06 1.33274597613e-06 7.17556356054e-06 2.38488406897e-06 9.2528990398e-06 7.94893726584e-06 3.7609264657e-06 6.51539070951e-06 8.33612625623e-06 1.64839879784e-06 5.60901609583e-06 1.01767731539e-06 4.43129190907e-06 3.75453067009e-06 2.1839219111e-06 8.38779355707e-07 3.38912395707e-06 4.86612122309e-07 3.40203192184e-06 1.78725037446e-06 2.61443739131e-06 8.84610586091e-07 2.97509543497e-06 9.81149871276e-07 1.06340022309e-07 1.48990257263e-06 6.45633030279e-06 1.5293996575e-06 4.11792983851e-06 5.36182906093e-06 4.95408551255e-06 3.02756981314e-06 5.84288042782e-06 3.31265743568e-06 4.30150154199e-06 8.64516535557e-06 1.13416466083e-05 4.93974801417e-06 1.26430777558e-05 7.91711030868e-06 7.07688818563e-06 2.90252588463e-05 1.2136445531e-05 8.48261936152e-06 2.67030170808e-05 4.5619792581e-06 7.10690723802e-06 1.30078637388e-05 4.58192600337e-06 1.13097959872e-05 7.995604717e-06 4.49204286875e-06 3.2620272212e-06 5.83194437019e-06 3.20842295335e-06 4.82324955047e-06 5.07114600686e-06 4.39814151444e-06 1.39211469642e-06 6.93087711761e-06 1.58659533302e-06 1.5046063657e-06 2.85169579306e-07 1.60341188633e-06 1.40443310596e-06 2.93214123831e-06 1.22553775252e-06 3.60525491907e-06 1.34391051705e-06 2.37838998234e-06 4.60117675159e-06 4.94612226267e-06 1.80139002905e-06 5.81257505874e-06 2.44148692205e-06 3.96682799884e-06 6.25471937308e-06 9.09912569682e-06 5.50785055638e-06 9.04916488646e-06 5.00673683537e-06 3.66500718352e-06 2.54698952876e-06 5.09717430433e-06 1.66972000924e-06 4.51465227556e-06 3.67373885936e-06 2.35658937104e-06 1.22204541722e-06 3.85511752905e-06 8.74384718552e-07 3.16048036609e-06 1.08481699864e-06 1.52134409584e-06 3.9272289819e-07 1.72323430212e-06 1.05324928223e-06 6.09702183148e-06 3.36828067516e-06 7.14643402342e-06 2.97632545363e-06 3.62594923248e-06 2.49206235206e-06 4.34408174935e-06 6.61226995223e-06 8.83165034602e-06 3.11944826254e-06 1.29736174744e-05 5.72142739891e-06 5.59527192843e-06 2.40101127862e-05 6.96141389027e-06 2.07836804473e-05 2.5722737184e-05 5.07848677409e-06 2.16869658873e-05 4.93552540341e-06 6.42158798197e-06 1.2031694915e-05 3.29659143712e-06 9.47504015049e-06 6.2790719147e-06 4.59555304437e-06 2.23497920524e-06 3.9028393044e-06 2.46077251664e-06 7.6808382957e-06 3.01449826732e-06 6.05622619009e-06 1.65590669411e-06 2.84396975777e-06 6.38967286507e-06 1.80087332766e-06 3.51555970648e-06 2.57227300555e-06 5.35620410714e-06 9.11849960798e-07 4.37231559052e-06 3.28093860235e-06 5.53366573939e-06 2.2303100009e-06 8.37910409729e-06 2.88325233872e-06 5.99094716885e-06 9.49033555975e-06 5.05862608665e-06 6.24525054105e-06 2.74711880107e-05 6.24525054105e-06 5.05862608665e-06 9.49033555975e-06 5.99094716885e-06 2.88325233872e-06 8.37910409729e-06 2.2303100009e-06 5.53366573939e-06 3.28093860235e-06 4.37231559052e-06 9.11849960798e-07 5.35620410714e-06 2.57227300555e-06 3.51555970648e-06 1.80087332766e-06 6.38967286507e-06 2.84396975777e-06 5.84969551765e-06 1.51442143635e-06 4.12489765002e-06 2.05803955451e-06 3.15155078952e-06 2.086401962e-06 2.38228254224e-06 3.70317509943e-06 5.33609967098e-06 1.14875213044e-06 8.28272860309e-06 3.24549165608e-06 6.07963417414e-06 1.070528751e-05 4.75139138546e-06 9.61927891652e-06 1.3767352305e-05 1.05876600918e-05 1.09533966324e-05 5.19686285419e-06 1.11149965315e-05 5.23985880448e-06 3.56055586886e-06 7.40379882915e-06 1.54041284426e-06 5.0990686483e-06 3.81296548432e-06 2.01678645343e-06 2.40824634756e-06 3.45942833198e-06 1.66102427504e-06 3.77817344535e-06 2.14302688366e-06 5.88909029886e-06 1.58586956966e-05 7.22476243557e-06 1.4564201088e-06 5.88729278157e-06 2.18412719681e-06 9.40352497565e-06 4.68042214628e-06 1.4176962165e-05 1.96650008482e-06 1.62036148281e-05 4.61622714394e-06 1.16816902559e-05 1.81173857238e-05 1.19516359719e-05 1.37340238863e-05 3.14482830978e-05 7.65076217525e-06 2.80222028136e-05 1.94757630149e-05 1.0813680579e-05 1.92472682635e-05 1.08293688531e-05 5.28601903014e-06 1.59333051827e-05 3.00023449902e-06 1.42876439771e-05 5.22900409015e-06 9.71285975138e-06 2.36870241353e-06 6.28463606932e-06 1.62529789774e-06 7.26520651978e-06 1.42609427928e-05 6.77495409207e-06 2.62944389401e-06 2.92958358541e-06 4.82790375429e-07 3.62850501758e-06 2.49753161249e-06 5.15604289246e-06 3.83982637936e-07 7.9455802859e-06 2.47154800381e-06 6.8372505577e-06 1.04715935156e-05 5.63643573424e-06 7.95537642348e-06 1.66580604473e-05 5.33236570045e-06 7.6063286704e-06 1.72252882632e-05 1.14971203769e-05 5.19915757414e-06 1.16792191348e-05 5.67546789408e-06 2.80054440824e-06 7.5625624225e-06 7.19200007664e-07 5.2496537408e-06 2.87654319455e-06 3.90572492664e-06 5.17424623367e-07 2.73433024442e-06 2.54913868974e-06 6.77748580932e-06 4.50030774718e-05 8.62615182627e-06 8.83971508741e-06 1.65361721751e-06 6.65819696873e-06 5.99989193761e-06 1.60931891381e-05 2.18710704058e-06 1.87913147985e-05 4.32416141327e-06 1.18164856998e-05 1.95886458493e-05 1.16078117097e-05 1.58449220244e-05 3.16015467319e-05 7.05019837655e-06 2.78813901249e-05 8.95526926434e-06 3.07501681349e-05 2.07946439028e-05 1.15428617559e-05 2.21442138e-05 1.1612336648e-05 4.83049039995e-06 1.72797580565e-05 3.24851453522e-06 1.59226008014e-05 6.54408756605e-06 6.55439514812e-06 1.60765345062e-06 8.77872671731e-06 7.51316408353e-06 3.46907597996e-05 1.17936023693e-05 1.19638870343e-05 2.16767467433e-06 4.44349482691e-06 4.30188560851e-06 1.03867548266e-05 1.23888100081e-06 1.08950007883e-05 4.51380250251e-06 7.62342912961e-06 1.52647752002e-05 8.48944520884e-06 1.19981453085e-05 2.29265814274e-05 9.75087368183e-06 1.19169251601e-05 1.23746278474e-05 1.33049125715e-05 2.01825246742e-05 1.69020729424e-05 8.0331534281e-06 1.76783592713e-05 7.19336799219e-06 4.7360516636e-06 9.78756072649e-06 2.03014387419e-06 1.07199308964e-05 4.47882511669e-06 3.51077636351e-06 1.74613262234e-06 9.97122160781e-06 8.51222173055e-06 4.04882582688e-05 7.42379036662e-06 1.17844185658e-05 6.61336282958e-06 1.45922051163e-05 2.77195715249e-06 1.89855383562e-05 4.57326566329e-06 1.17997706986e-05 1.76937888118e-05 1.14451016135e-05 1.70159667659e-05 3.25612928963e-05 8.43276008851e-06 2.66016804529e-05 8.25307584474e-06 2.96969797024e-05 1.03051065108e-05 3.18547588138e-05 2.36295724713e-05 1.15103772538e-05 2.06134532667e-05 1.23752409756e-05 4.85797900302e-06 1.78959155491e-05 3.98518867513e-06 1.3370941116e-05 6.03084248871e-06 1.11057493296e-05 5.78054214132e-06 2.61841361883e-05 1.20706713355e-05 1.74036380256e-05 1.0391930825e-05 1.07061399341e-05 2.25867582757e-06 1.81207586688e-05 6.06617739187e-06 4.67950181336e-06 2.03141085389e-05 8.10823722167e-06 1.5648127939e-05 2.87641575013e-05 9.40582653027e-06 1.27696647951e-05 1.26368481128e-05 1.38752353942e-05 1.30942092494e-05 1.33049025681e-05 2.64731743163e-05 2.19449833033e-05 7.09324017499e-06 2.27198851184e-05 5.03897353504e-06 6.53084740684e-06 1.83168122121e-05 2.57185174287e-06 8.89010178663e-06 7.91327085158e-06 1.30669624499e-05 8.43186566192e-06 4.51799181386e-05 1.87522485715e-05 2.78710501686e-05 5.15574884368e-06 2.41504747165e-05 1.05595244137e-05 1.54693860723e-05 2.19195987839e-05 1.69714143014e-05 2.27025530051e-05 4.45652633812e-05 1.19025040415e-05 3.08455022489e-05 1.00334004155e-05 3.66281943414e-05 9.38558505683e-06 3.34427661293e-05 1.48918637494e-05 4.41412466717e-05 2.96733234128e-05 1.76864771479e-05 2.20536903122e-05 1.69254943856e-05 1.06331858752e-05 2.03329259524e-05 4.68146797688e-06 2.33402150494e-05 1.46586693132e-05 2.49389456803e-05 3.86619335847e-05 2.78493142233e-05 5.43262310267e-06 1.99672264492e-05 6.69626699971e-06 8.64469833925e-06 3.13277139697e-05 8.94762312803e-06 2.64262319066e-05 3.36744925856e-05 1.55257797596e-05 1.87114110396e-05 1.15805316128e-05 1.84807144713e-05 1.63443814537e-05 1.30473616115e-05 1.90616650118e-05 1.98422800302e-05 2.85077008444e-05 3.289882592e-05 7.35291693224e-06 3.14980341827e-05 1.0189438157e-05 7.13794403155e-06 1.39011288882e-05 4.97386604408e-06 2.02934001709e-05 2.23410923586e-05 0.000117613472189 1.82471456137e-05 4.45618814313e-05 1.08496425925e-05 1.18276892203e-05 4.94479675264e-05 2.40619177851e-05 2.69560736657e-05 6.32142803453e-05 1.682545867e-05 4.56589171732e-05 1.13452495705e-05 3.97638660526e-05 1.57071814253e-05 3.98028461798e-05 1.09399430498e-05 4.89927541412e-05 2.00073748944e-05 6.21858901961e-05 3.27255950763e-05 2.38467284045e-05 4.60813844202e-05 1.27868083042e-05 9.24571657853e-06 3.6267219864e-05 1.20213564246e-05 6.06444668509e-05 2.33159065571e-05 3.44390378486e-05 1.16880792914e-05 9.79135792915e-06 3.03075605282e-05 1.22225233947e-05 3.02045285191e-05 3.43709111749e-05 1.89573366543e-05 2.22732261748e-05 1.15822815942e-05 1.76932625654e-05 1.44937342834e-05 1.62986496156e-05 1.4750633512e-05 1.29315218195e-05 2.10503306939e-05 2.32142655771e-05 2.72385585845e-05 3.39434230383e-05 1.16005606331e-05 2.68398730283e-05 8.13582973792e-06 9.8342750631e-06 2.75220832361e-05 1.0976822046e-05 0.000172959063576 3.17399272988e-05 3.11761359354e-05 5.35407295913e-05 1.97537104293e-05 6.07196119404e-05 8.04718788527e-05 2.09952040188e-05 6.32503957856e-05 1.41738655012e-05 5.22581950768e-05 1.81429995281e-05 4.19634188366e-05 1.72442917627e-05 5.2350178413e-05 1.40301346216e-05 6.76646199547e-05 2.31080326648e-05 7.98539833213e-05 6.46192669009e-05 1.88836668168e-05 4.36929065875e-05 2.68450702148e-05 2.22520641782e-05 8.5003703945e-05 7.31566956316e-05 4.61789245506e-05 8.11367184065e-05 2.57619363018e-05 6.39574348157e-05 9.06783934984e-05 4.34604754876e-05 3.58336054417e-05 2.55163871177e-05 3.42251922702e-05 2.84846190983e-05 2.67066083402e-05 2.39055653722e-05 3.06755053355e-05 3.11456581543e-05 2.6002406795e-05 3.33104113987e-05 4.60410017022e-05 8.40258328695e-05 6.43870424803e-05 2.30632229512e-05 6.37133543304e-05 3.69043326587e-05 3.60234701847e-05 0.000103740425188 0.000118015920048 3.59206796935e-05 7.11908972251e-05 8.4490858635e-05 4.43659336909e-05 5.92491367225e-05 1.36893209938e-05 4.72242885424e-05 1.66752173321e-05 3.59796766656e-05 1.43541678444e-05 3.42820910194e-05 1.68231797724e-05 4.49282211943e-05 1.13403152756e-05 5.65164251719e-05 4.48289677124e-05 6.78044611352e-05 6.7153253088e-05 2.97118968159e-05 7.68592968108e-05 5.13068688956e-05 0.000304741205195 5.00508682835e-05 0.000110334502559 0.000101876522119 4.46477915217e-05 7.23628846454e-05 2.74175277262e-05 3.33718508502e-05 3.02860694931e-05 3.11657449383e-05 2.44484596279e-05 2.94525840355e-05 2.44481004314e-05 3.47922110068e-05 2.49298129917e-05 2.55684273411e-05 6.7247571318e-05 4.26245487953e-05 7.30770968616e-05 8.96733731153e-05 3.58084558767e-05 0.000138918977597 0.000190229892079 0.000224818302373 0.000192469786265 6.87871454438e-05 0.000103007922172 4.31127451413e-05 8.48101532525e-05 2.56464422552e-05 6.52430110787e-05 2.68281925061e-05 5.63571492219e-05 2.79472683602e-05 5.68560871483e-05 2.49938636834e-05 7.1645874412e-05 3.81564074257e-05 8.76603085384e-05 5.82852726295e-05 0.000152445986075 0.000160584157026 9.2696351563e-05 0.000796404705863 0.000370218333423 0.000131710688378 0.00014071659061 4.78233286871e-05 0.000117457056315 6.31095383252e-05 4.67361505109e-05 5.58305489623e-05 5.16376225458e-05 5.28867560774e-05 5.20310145171e-05 4.11910462147e-05 5.70263791091e-05 8.72514593044e-05 4.24832357441e-05 9.84836899138e-05 0.000111111648902 0.000287231870867 0.000380747961562 0.00237498387508 0.000482715554938 0.000477960200202 0.00014465602069 0.000234731886206 0.000162897892362 0.00018196168957 7.78455176144e-05 0.000164461578771 8.24757731447e-05 0.00014891909098 6.3900295168e-05 0.000136268452355 0.000117460104739 0.000136814485947 9.06533017545e-05 0.000229662790141 0.000312934947238 0.00104742855815 


















