









7.87971746446e-06 1.82452311641e-06 4.00166759128e-06 5.53006193108e-06 7.52912293556e-06 4.08088915443e-06 1.43531707499e-06 6.01593386214e-06 5.46929363419e-06 1.72770381181e-05 4.85881130926e-06 8.26242778605e-06 7.16752069406e-06 7.09954532391e-06 8.66708367696e-06 2.4002556432e-06 1.3321428753e-05 6.23160054707e-06 2.60206825593e-06 3.01502255098e-06 7.76678061662e-06 6.09678884226e-06 5.33223901645e-06 4.19740447379e-06 3.3757294669e-06 6.54249221691e-06 4.54074924063e-06 3.32674062412e-06 2.87831123429e-06 8.78588299692e-06 1.14676567614e-05 2.10525983107e-05 5.9633692151e-06 5.44484724724e-06 9.94212124811e-06 6.69775078924e-06 3.99426841599e-06 1.57874867696e-05 6.2622011497e-06 8.14646313236e-06 3.27007515484e-06 8.68960205811e-06 9.24068568487e-06 4.45413441008e-06 1.39016533354e-05 1.7201110644e-05 1.13742022463e-06 9.31470354588e-06 9.62933567008e-06 5.0315898863e-08 1.41516959314e-05 7.00006263651e-06 5.81093846583e-06 1.05395952064e-05 1.00088959228e-05 7.52568707618e-06 8.69846588498e-06 3.86376738865e-06 9.26295927085e-06 6.57251975343e-06 2.63341585346e-05 1.64193665587e-05 1.1712687334e-05 5.9972437048e-06 1.01955706198e-05 2.17573545968e-05 5.53788107391e-06 9.6991815299e-06 4.69769583346e-06 8.54980936105e-06 8.0710686776e-06 4.30710953874e-06 1.05140514684e-07 3.79296670764e-06 1.74578303336e-06 1.53069612523e-05 2.12645476896e-05 1.13481430372e-05 6.57231275666e-06 1.68505152113e-05 1.03102772205e-05 7.86293133782e-07 3.97989786876e-06 1.31511432184e-07 4.45357130624e-06 3.5699865747e-06 2.87700930083e-06 2.42968452555e-07 3.13549215364e-06 5.58485627303e-06 6.83642732539e-06 1.16336435858e-05 1.90937029931e-05 2.6295591395e-06 1.60618629452e-06 1.53630614099e-05 8.8170319005e-06 7.22975611781e-06 6.23662173521e-06 3.06186914462e-06 1.50245581281e-07 4.00109611036e-06 3.73407586975e-06 3.90148853203e-06 1.89516664179e-06 4.29621452266e-06 2.1830081092e-06 1.52298166187e-05 3.76250013346e-07 1.03000319289e-05 1.61444657129e-05 6.99759403593e-06 2.02389425896e-05 8.7703911512e-06 1.25537960671e-06 1.31884511063e-05 3.02705737415e-06 1.11386066877e-06 4.02425108493e-06 4.92557674812e-06 8.31286667363e-06 5.23823365068e-07 8.3371675378e-06 6.15722150631e-06 2.10980736804e-05 7.84125883366e-06 3.45608823091e-06 1.45820886351e-05 2.37431440112e-05 2.97785030616e-05 1.06722698741e-05 5.57066865729e-06 6.28356133803e-06 1.73282427371e-05 5.95520677e-06 6.86606483152e-06 6.80083585741e-08 8.68640927186e-06 4.98878116883e-06 2.69813409329e-07 8.69010348504e-06 4.87038776822e-06 1.23847830484e-05 3.24091272695e-05 1.23847830484e-05 4.87038776822e-06 8.69010348504e-06 2.69813409329e-07 4.98878116883e-06 7.23114531003e-06 7.04445260423e-06 1.07796367738e-05 1.46621052872e-05 3.63691573736e-05 5.28320043452e-06 1.47626857748e-05 1.07313812475e-05 1.3897749266e-05 5.71709421465e-05 4.79343555199e-05 2.16578866093e-05 1.98697410466e-05 1.6994585558e-05 7.39971001687e-06 3.11751565991e-05 1.30973196966e-05 8.72115556237e-06 6.12370488768e-06 7.84317317923e-06 3.62655733867e-06 3.96855798798e-06 4.98033311871e-06 5.72620432805e-06 3.27158432403e-07 5.50766711156e-06 6.89718080461e-06 1.69437685975e-05 1.75637116552e-05 1.98635696249e-05 9.07773835705e-06 6.80620279185e-06 1.32758630829e-06 5.57466078426e-06 4.63803336762e-06 3.99001917787e-06 3.16892637228e-06 3.15497010987e-06 4.97240752556e-06 7.79283228786e-06 9.07967072019e-06 2.17650676641e-05 6.09999380073e-06 1.37715669457e-05 4.05326576203e-06 2.2414872942e-05 4.66361605408e-05 2.08481769516e-05 2.88081116569e-05 4.47602459676e-05 3.26617070813e-05 6.84556517408e-06 1.75464988241e-05 9.63880622172e-06 2.16154256658e-05 9.50496216598e-06 7.96896525014e-06 3.7390527457e-06 2.25109479968e-06 4.18621636414e-06 3.57791787025e-06 7.60714701698e-06 1.49093979086e-05 4.89530743116e-06 6.11404407113e-06 1.15189285042e-05 9.30140770525e-06 5.39754262523e-05 4.10254927733e-05 8.40935825727e-06 4.74421136896e-05 5.67875591065e-05 1.27843904966e-05 2.22511124622e-05 1.0485689243e-05 8.38151306166e-06 1.62486346166e-05 8.14990063645e-06 4.22854470124e-06 3.6917938004e-06 2.83558877893e-06 4.896424573e-06 3.00349188226e-06 6.48577392458e-06 4.78849603705e-07 4.33958474273e-06 4.13610110497e-06 1.35805215283e-05 1.6212016009e-05 1.21066859723e-05 9.81910875385e-06 9.97221792568e-06 2.06156543013e-05 1.39921414001e-05 1.74623260431e-05 5.01548769667e-06 5.6608700337e-06 1.25091494049e-06 6.37450168395e-06 2.74444139144e-06 4.49537352818e-06 1.81936887706e-06 2.96670610638e-05 1.90445403077e-05 2.44640389699e-05 9.72124605483e-06 8.79746971827e-06 1.31376606845e-05 2.27912543954e-05 8.35237502975e-05 2.44937266925e-05 3.14567724852e-05 5.66620558193e-05 3.00072733911e-05 3.09132488267e-05 8.54818676648e-05 3.31078794082e-05 2.20285481227e-05 1.46357765342e-05 1.44349003986e-05 2.30334691532e-05 1.21169957667e-05 1.87841597801e-05 1.33779094509e-05 1.03338048985e-05 1.13942316572e-05 7.08141174552e-06 6.16014389534e-06 2.00786362931e-05 3.32299943749e-05 3.10780018365e-05 6.75108793609e-06 2.52922618394e-05 2.95028930604e-05 5.06538874638e-06 4.50645348924e-05 2.65164620124e-05 2.87408440242e-05 9.05289318412e-06 6.03853720001e-06 1.19331885203e-05 8.48987615447e-06 7.77387667479e-06 2.86750487934e-05 1.21489571426e-05 2.50079505375e-05 1.60241270336e-05 3.25163082729e-05 7.99110257744e-05 3.4995432119e-05 3.54452466424e-05 1.62744307358e-05 7.24369775352e-05 1.79290556955e-05 3.73163439254e-05 4.83995526244e-05 7.85849102511e-05 4.8160733278e-05 2.56650780193e-05 2.54711421815e-05 1.28080414201e-05 2.09933116707e-05 0.00010188915881 2.14904672477e-05 1.16837453846e-05 2.61654564068e-05 3.64930357155e-05 5.4973130873e-05 3.13941818975e-05 1.56188866683e-05 3.95631051859e-05 2.11072456697e-05 1.57030392706e-05 4.6838878699e-05 1.2652930275e-05 5.20255416149e-05 4.59443530181e-05 4.13210221484e-05 3.62655637647e-05 6.71334649386e-06 1.91804122636e-05 4.08598170889e-05 0.000226233257951 4.37431800899e-05 2.78196551882e-05 9.44324307341e-05 0.000128969063987 6.32350075649e-05 3.45395779003e-05 3.96371532338e-05 0.000117144170046 1.60181003076e-06 0.000117857797947 3.93160123463e-05 4.09964302436e-05 7.72619371888e-05 0.000128299670334 9.50832706103e-05 2.48437093188e-05 4.40736517856e-05 7.33549771881e-05 0.000254473792193 6.3662416781e-05 8.00712426606e-05 0.000147299761928 0.000190870067866 1.04791441249e-05 8.90086140219e-05 3.2260351947e-05 1.08518323837e-05 1.53691537417e-05 3.0260680604e-05 8.81028435951e-05 1.33738475317e-05 0.000195175502663 0.000121560356279 7.98535141308e-05 4.79105957325e-05 7.87529607952e-05 0.000211815202854 0.000146612572769 0.000114744739535 0.00011077988351 2.79377684807e-05 3.25267871705e-05 5.56330391822e-05 4.53796548593e-06 8.75848869274e-05 3.32540839944e-06 6.66175498017e-05 2.16732588756e-05 3.25880553358e-05 0.000112722306816 7.68632480127e-05 0.000102282351227 7.77744154268e-05 0.00083812672111 0.000400408421495 0.000247325212413 6.86770517997e-05 0.000216220220476 6.18349061682e-05 3.00671510781e-05 6.96020017867e-05 6.06591094063e-05 3.21415953675e-05 5.41124183302e-05 0.000165143667277 7.0832251373e-05 0.000180376797339 0.000275695261113 0.000366293058616 0.00281873226861 0.00151125563518 0.00017309396466 0.000470480220128 0.000419893840993 6.70776003375e-05 0.000319511212542 6.96737744892e-05 0.000280951371219 4.76728006759e-05 0.000257716083783 0.000263000940914 7.63421954316e-05 0.000725326412379 0.00113375713721 














