














































4.81033002991e-07 2.564222752e-07 1.20245728201e-07 3.06282870916e-07 1.33161279381e-07 3.41720441247e-07 1.76919159994e-07 2.53869382397e-07 6.88025553725e-08 1.12017575148e-07 3.33098044015e-07 2.29199325002e-07 1.49110081219e-07 2.46935144806e-07 1.44400349635e-07 1.58356250886e-07 1.62858505558e-07 5.23721224859e-08 3.21426311644e-07 5.41685665386e-08 5.37129949519e-08 3.24755677296e-07 5.32027708639e-08 1.64258996316e-07 1.61762618442e-07 1.48507191943e-07 2.55235204136e-07 1.54279106155e-07 2.44353824899e-07 3.62197710385e-07 1.24826525945e-07 8.00824794986e-08 2.86968376051e-07 2.1845469686e-07 4.51697686165e-07 1.97600478907e-07 3.49731769737e-07 1.69419783065e-07 3.03721454086e-07 3.48392589113e-07 4.8849054804e-07 1.07897019004e-06 1.78695588636e-07 3.78822936564e-07 1.28463741436e-07 3.50053618769e-07 1.33842602916e-07 2.7244849008e-07 5.8255565393e-08 1.3258826669e-07 3.53689819631e-07 1.55292002355e-07 2.4762925829e-08 5.45402687467e-07 3.31702779991e-07 1.11312505211e-07 2.36143904839e-07 3.03406373024e-07 1.22200021653e-07 5.97594658662e-07 6.5753458097e-08 3.92747975804e-07 2.45558543393e-07 4.01965230378e-07 6.64652473096e-08 6.41852581876e-07 1.30177131092e-07 3.24961117517e-07 2.48373866335e-07 1.3165517757e-07 3.83773698825e-07 6.62606339944e-07 2.41040897365e-08 1.94214437983e-07 4.36871914801e-07 1.74456191074e-07 7.75094399774e-08 3.85172514768e-07 1.80729173973e-07 5.60664128278e-07 2.20537762674e-07 4.35444026311e-07 2.09198141991e-07 7.5049962971e-07 5.78236817542e-07 8.0627036862e-08 2.74982910708e-07 3.98208660916e-07 2.98610251667e-07 1.0767583666e-07 2.10655579572e-07 5.0444409746e-08 2.04614378799e-07 2.53067501717e-08 7.86311533921e-08 2.15876247186e-07 6.39021920255e-08 2.14198707903e-07 1.3992403356e-07 1.33693024709e-07 7.01242416527e-08 8.25482109539e-08 3.63177206059e-08 2.57523202758e-07 5.24764582633e-09 1.53784531908e-07 3.2995098652e-08 3.48633565251e-07 3.24550498158e-08 1.75051708003e-07 7.02050166711e-09 2.8703078912e-07 3.90566644961e-08 9.37943863728e-08 7.040765294e-08 1.69564338593e-07 1.50869511836e-07 2.63773708513e-07 7.52077946667e-08 2.36750617598e-07 8.15894331767e-08 3.16365764118e-08 2.52130676216e-07 5.89249097963e-08 2.60546351774e-07 1.14279261748e-07 1.94022992642e-07 3.01193030508e-07 3.31344547477e-07 1.33941827757e-07 2.4595492739e-07 3.16024332236e-07 3.00424853112e-07 1.02365394986e-06 2.59715472201e-07 5.10788502711e-07 8.07612686179e-08 1.24219241446e-07 2.39967401147e-08 7.5635699791e-08 2.10623549698e-07 8.09777214433e-08 2.76934958127e-08 1.64708114143e-07 1.99775914718e-07 6.68146734137e-08 1.99557053794e-07 1.26694987909e-07 7.59242349407e-08 2.16539242911e-07 5.23444758215e-08 9.3555335254e-08 2.05895323399e-07 1.16393560638e-07 1.31296269719e-07 2.10032655896e-07 9.59656826145e-08 5.89011528273e-08 2.40071228542e-07 7.45442996224e-08 1.36552782425e-07 2.61376148163e-07 7.80968386964e-08 2.57966223761e-07 2.03748260075e-07 3.32058588792e-08 1.04961922007e-07 2.89361443514e-07 1.07510897908e-07 4.40515399349e-08 1.48892784372e-07 1.09219602816e-07 5.34389056018e-07 2.76317649324e-07 7.25876709337e-07 1.94516692366e-07 3.79843039143e-07 3.42591236218e-07 1.8014254671e-07 1.72895796497e-07 5.37433646619e-08 3.88704174626e-07 9.46175654699e-07 5.86885102919e-07 2.53458450286e-07 3.59207202654e-07 3.57350628392e-08 1.59352594588e-07 3.58994681447e-07 1.51085820899e-07 2.81509078616e-08 3.53215312899e-07 1.38584877446e-07 9.61552310398e-08 2.33242401789e-07 2.22049782647e-07 1.87757441206e-07 2.61599075019e-07 8.69699239865e-09 1.40969952006e-07 2.1334205587e-07 2.2520828832e-07 2.01041178284e-07 1.9715951693e-07 2.18097134206e-07 2.46597186361e-07 1.29210274695e-07 1.58371721508e-08 2.84166534682e-07 2.2265387736e-07 2.26768384515e-07 2.83914320158e-07 9.07283645207e-08 1.61574070805e-07 4.1666911964e-07 2.39831726427e-08 1.51444768669e-07 3.94803900879e-07 1.84438518269e-07 3.11582276068e-08 3.93152357841e-07 2.66200492586e-07 5.3745196952e-07 7.06847234823e-07 4.02007638125e-07 5.70386891374e-08 2.62587374541e-07 2.50274323299e-07 2.04189128384e-07 3.7576193588e-07 2.18437180206e-07 4.46099289289e-07 1.1023720082e-06 3.30127040295e-06 5.39788828292e-07 1.41414109265e-06 3.1869041778e-07 3.78364124099e-07 9.84337182242e-07 3.52044210487e-07 9.57180557475e-08 7.68990460109e-07 4.71121510439e-07 2.77628165431e-07 3.51224114722e-07 3.41373074761e-07 2.42477435479e-07 4.10865500798e-07 9.34767469195e-08 4.23963790958e-07 4.16569641634e-07 4.84433254401e-07 2.05613258079e-07 3.40017541288e-07 3.39947702922e-07 2.22192474392e-07 4.61953856267e-07 4.10449956997e-07 4.37552425882e-07 1.15420661442e-07 4.69077538332e-07 2.76171830207e-07 3.89897069721e-07 3.93934806277e-07 3.18183834249e-07 5.06951899794e-07 8.45760738376e-07 1.06955256964e-07 3.66961254636e-07 1.01736078714e-06 3.96511127433e-07 3.17465774466e-07 1.42766339812e-06 5.44963118727e-07 2.26247418495e-06 1.02421786942e-06 5.26098009539e-07 3.169495481e-07 6.37745816751e-07 2.37968175659e-07 9.6210248724e-08 9.73731675975e-08 2.3456780436e-07 2.62228756227e-07 8.91646879101e-07 8.64414245626e-07 6.83478784282e-07 1.07077002573e-07 1.70077955867e-07 5.88189466085e-07 1.18955462455e-07 6.7680407838e-08 3.48130206173e-07 1.52420013952e-07 1.25874429563e-07 1.89833064841e-07 1.88744613747e-07 7.68836339383e-08 3.36161165594e-07 1.23656190213e-07 6.2587965813e-08 3.25979158027e-07 3.49240095139e-07 6.1149669319e-08 2.95555871395e-07 1.38387523004e-07 1.22182651604e-07 2.75047292086e-07 5.28571682821e-08 3.26223514479e-07 3.73477739107e-07 6.80591883069e-08 1.41022974632e-07 3.47790898023e-07 7.58836281676e-08 1.63468276669e-07 2.52088104967e-07 1.17466201242e-07 1.21048581924e-07 3.93769472091e-07 3.78820091019e-08 1.291873951e-07 5.33759447687e-07 1.29182871615e-07 1.52482802889e-07 3.89907039409e-07 6.91850261565e-07 8.84571136429e-07 3.11041976776e-07 3.53804277095e-07 1.32659646064e-07 1.6792860125e-07 4.30779212974e-07 1.41260467135e-07 2.64057007578e-07 4.47580655602e-07 1.4515842687e-06 7.80866749467e-07 2.32092424975e-06 2.93556901542e-07 3.57862327979e-07 1.45092779317e-06 4.28490087298e-07 1.63490055194e-07 7.21353017717e-07 5.62117868961e-07 2.5883135285e-07 5.11371847202e-07 2.97669639467e-07 1.95124187802e-07 4.81252645606e-07 1.31455547509e-07 4.14842664803e-07 1.71355019863e-07 7.281280143e-07 6.88856675509e-08 2.9931245726e-07 8.95095882213e-08 6.01978388968e-07 9.29506294861e-08 2.57662137469e-07 8.92456365585e-08 7.58080697563e-07 1.58696832574e-07 4.59452971238e-07 1.5529569179e-07 4.64307514606e-07 2.2369310889e-07 3.2475713787e-07 5.20688239119e-07 2.83221362817e-07 5.67119009763e-07 7.66863497664e-07 1.49051373876e-07 3.88334143075e-07 1.43806378068e-06 3.0342414457e-07 1.6685494272e-07 1.68208583935e-06 4.67510312756e-07 1.30317042577e-06 5.13522411204e-07 3.2950869128e-07 2.26657852909e-07 6.69306409331e-07 1.17965962462e-07 2.94902087306e-08 8.05269762734e-08 2.93251914496e-08 2.94884898276e-07 2.1872706706e-07 4.22614255201e-07 3.93920327745e-07 2.34242272322e-07 3.13680758513e-07 1.02841267948e-07 1.79419640782e-07 1.04624309057e-07 1.1673647651e-07 6.71521797533e-08 8.89602397525e-08 5.47131243742e-08 8.68449654903e-08 3.30192757891e-08 5.11316775812e-08 3.63702862701e-08 8.98227968092e-08 9.52933732746e-08 9.72444953924e-08 1.30588454591e-09 7.14435804844e-08 5.40801010046e-08 1.99859235641e-09 1.17729400109e-07 7.81310733531e-08 1.0140123364e-07 8.07023400958e-08 2.92777942504e-08 5.4836221518e-08 9.5247890463e-08 6.47617173885e-08 9.66295656815e-08 5.81860096269e-08 1.28194180753e-07 8.36656053698e-08 1.44359360428e-07 5.99154268605e-08 2.72899526883e-07 1.28874270166e-07 3.31979614177e-07 1.60004742852e-07 2.97427164443e-07 3.36987408829e-07 3.19574319788e-08 1.27238576377e-07 6.28293896891e-08 1.89863899252e-07 1.63949624534e-07 9.66955346976e-08 6.18004420669e-08 1.05400612237e-07 4.76272815934e-07 1.71873490828e-07 6.11648884729e-07 2.67930329679e-07 8.11020940078e-07 1.15763602289e-06 2.18217530187e-07 3.93440281145e-08 4.9239298908e-07 3.32582538989e-07 1.43331456502e-07 3.78719951561e-07 6.85194884746e-08 1.29950299252e-07 3.6772941929e-07 8.80489386714e-08 1.03875004963e-07 2.14783675709e-07 3.4583149662e-07 1.98871265431e-09 4.34858658754e-07 2.07898839351e-07 1.08567066197e-07 8.2315198561e-08 1.15145254758e-07 1.85775592415e-07 4.52635581791e-07 1.49281770327e-09 3.16727336809e-07 2.40998374982e-07 8.55628584049e-08 6.58424906656e-08 3.97768920936e-07 1.06632454294e-07 7.33735740677e-08 3.87609160158e-07 1.0125441788e-07 3.05429096411e-07 3.86934803924e-07 4.64372976719e-08 1.94007317515e-07 7.00243428778e-07 6.81187578982e-07 1.59975837239e-07 5.09989321852e-07 1.34058896671e-07 4.71490039876e-07 1.18402523489e-07 1.10060481027e-07 1.62101185587e-07 2.47359832596e-07 3.87598724874e-07 1.75215897037e-07 3.92748080727e-07 4.83122759862e-07 1.39562828394e-06 5.9528922898e-07 1.22999972772e-06 5.02338389733e-07 9.52036425482e-07 3.9150704999e-06 1.33403505445e-06 2.14691239066e-07 1.87201190261e-06 1.18186586159e-06 4.17215381995e-07 8.46936834058e-07 7.63922024302e-07 2.49601256614e-07 9.6233504219e-07 1.93803281496e-07 6.1253572499e-07 3.86496473077e-07 7.72225596115e-07 1.95404871559e-07 5.24205013865e-07 4.48633731348e-07 5.64361670476e-07 3.34457579219e-07 3.65490519103e-07 5.54126051828e-07 5.00603301193e-07 5.04659774386e-07 2.11131335497e-07 8.70308764586e-07 3.71527980453e-07 5.8743022841e-07 1.96079801132e-07 9.60476029719e-07 2.84678724346e-07 7.69217490343e-07 8.0756132419e-07 4.14177315232e-07 9.6861461837e-07 1.71988967345e-06 2.52325928775e-07 7.41675415619e-07 2.79439404168e-06 5.81063708057e-07 4.63468560338e-07 1.17577564655e-06 5.82644724169e-07 1.56125948544e-06 6.40509474241e-07 6.34301403057e-07 3.01952257726e-07 5.68492895821e-07 1.05368943896e-07 3.47339080672e-08 9.73423931331e-08 6.69257149243e-08 4.29147750568e-07 1.42518939045e-07 2.44341180694e-07 1.65327870372e-07 4.36309491021e-07 9.24456983984e-07 8.02207249147e-07 1.8492928021e-07 3.40025441164e-07 3.02198374219e-07 1.08514252542e-07 3.18545249331e-07 2.47325221924e-07 6.61280381458e-08 3.95153849833e-07 1.18188546949e-07 1.84647220405e-07 3.93921712251e-07 1.67615370341e-07 3.505786045e-08 4.26604344512e-07 1.99281218476e-08 3.21996124372e-07 2.76102905735e-07 6.62813322997e-08 2.70152976028e-07 3.54669331888e-07 1.70223445311e-08 4.47803053025e-07 3.08729945619e-08 1.58349295616e-07 3.99614512063e-07 1.64693769633e-07 8.21862751658e-08 4.10414887972e-07 4.58992820061e-08 1.68329610061e-07 2.89356398719e-07 8.47948264369e-08 1.92538992242e-07 2.57825725799e-07 1.00401158452e-07 6.94341807745e-07 5.35032883945e-07 4.25837960687e-07 1.33836212542e-07 2.46677244865e-07 1.39410613136e-07 4.76055976162e-07 1.06481309673e-07 1.4020212135e-07 6.69541658759e-08 1.42317360498e-07 2.50673274023e-08 1.57649355024e-08 6.49427321506e-08 2.13008632068e-07 4.64345469909e-08 2.24016760605e-07 1.54615929828e-08 3.86333378977e-08 4.13683500146e-07 1.72010536505e-07 4.32985284562e-07 4.12569179008e-07 1.93651103733e-07 5.6480566016e-08 1.60548986523e-07 1.52126025428e-07 3.83490072396e-08 1.96336148576e-07 3.82958795722e-08 1.05869048908e-07 1.26133768624e-07 1.37860803533e-07 8.43208837906e-08 8.00858835295e-08 7.46929301017e-08 8.35676998555e-08 5.99152113589e-08 2.59240229221e-08 3.19776123409e-08 9.44124098731e-08 8.67532845591e-08 6.77822621028e-08 6.09740167273e-08 8.38202144958e-08 1.07664289798e-07 1.13552214723e-07 9.60970968988e-08 4.69997770265e-08 1.83661549479e-07 5.24793866238e-08 1.28657930973e-07 8.11604650595e-08 5.22899843752e-08 2.12541887866e-07 2.3371179089e-07 3.63388242971e-07 5.53861430737e-08 4.54010727712e-07 4.56275242811e-08 2.44920398199e-09 1.94733513452e-07 2.78511184138e-08 2.59180756499e-07 8.29804620632e-08 2.29956890568e-08 4.15111976047e-08 1.69788814733e-08 1.60903601091e-07 4.08896398918e-07 3.93446670198e-07 7.84178917466e-07 4.97771683237e-07 9.69504368586e-07 2.87317356409e-07 4.32320236695e-07 2.09834117166e-06 7.31828831768e-07 4.0530044925e-07 3.67712318332e-06 2.15725255814e-06 4.83938006289e-07 1.50571954415e-06 1.00116734394e-06 3.94561147524e-07 1.29386675266e-06 3.29513795372e-07 6.93120491965e-07 6.81593257481e-07 1.02246708111e-06 3.04617239963e-07 6.83283000873e-07 2.93974058973e-07 7.43435036983e-07 3.3371431885e-07 6.43840255335e-07 5.40981018099e-07 6.66325582855e-07 3.46255748447e-07 7.0786543822e-07 3.17041556634e-07 6.2152836309e-07 2.95419567945e-07 9.02031005547e-07 6.34186498525e-07 5.87129446444e-07 3.12045345407e-07 1.09933649094e-06 3.9467089862e-07 8.36035826823e-07 1.505170963e-06 3.69885358097e-07 1.2676471052e-06 2.74320641321e-06 2.3464170467e-07 5.96449159178e-07 1.66653149699e-06 3.59800590716e-07 2.14022916073e-07 9.40266630554e-07 5.48897983562e-07 9.40335634846e-07 5.96859216166e-07 5.89568322329e-07 2.42427097608e-07 2.10195652744e-08 1.54002047605e-07 1.8867197712e-07 2.72943817002e-07 7.34777998585e-07 2.24341301562e-07 6.22895714845e-07 1.53070254646e-07 3.22746786296e-07 9.91972793027e-07 1.99946308602e-07 3.84329546413e-07 1.77519451459e-06 2.09733382515e-06 8.25567109914e-07 5.89711667429e-07 4.26516154106e-07 2.96080803225e-07 8.3780605819e-07 2.58462321929e-07 4.86108532363e-07 4.87733438782e-07 8.04524576422e-07 1.76488607311e-07 7.17540630849e-07 1.29834943539e-07 6.14289812968e-07 4.2689957698e-07 1.64356563514e-07 5.46341184805e-07 5.74141581698e-07 1.59278354597e-07 4.66084295556e-07 6.09787353605e-07 1.96123587905e-07 6.94023967939e-07 1.53196322674e-07 7.14213692352e-07 4.01975082684e-07 4.87290200634e-07 1.89667475518e-07 7.43359304268e-07 2.62952512833e-07 3.34471724757e-07 4.41339613039e-07 4.74580103425e-07 1.67603705914e-06 9.17554587418e-07 4.0472478855e-07 1.22350836114e-07 9.04713140342e-07 3.20807744994e-07 1.6969823167e-07 6.88904236686e-07 2.52277430495e-07 9.62933517719e-07 3.86280778207e-07 2.70515563945e-07 2.25877628043e-07 8.62469130591e-08 1.13134786025e-07 1.30797487661e-07 3.08484292442e-07 5.08907615091e-08 2.11554404414e-07 1.99076667457e-09 7.68594631269e-08 4.99108426161e-07 9.37244380389e-08 1.28842673922e-07 8.33009177441e-07 6.26660211823e-07 7.8152515476e-07 6.29281430869e-07 1.91526488634e-07 2.22513300727e-07 5.39322685781e-07 1.2166582388e-07 3.44293206066e-07 1.67714428689e-07 2.31182751627e-07 5.65411685866e-08 2.58175592832e-07 1.73013227446e-07 1.37127303377e-07 2.78957981861e-07 1.94907234095e-07 6.2984870573e-08 2.75252128059e-07 8.92539262033e-08 1.51351955837e-07 2.36911251848e-07 1.57805902583e-07 1.35425735671e-07 3.3466873926e-07 4.12185306439e-08 2.29432152901e-07 1.49178116303e-07 2.31982265075e-07 1.2639924987e-07 3.83386007604e-07 1.43516015998e-07 2.02007990889e-07 3.06407346589e-07 7.1781907785e-07 3.75207940588e-07 6.51902844101e-07 1.08261810117e-07 4.88400254526e-08 4.76171591923e-07 7.09862539692e-08 1.8688619969e-09 2.2541704446e-07 4.90628818193e-08 4.08593099072e-07 1.59805349383e-07 1.86337030783e-07 1.191092342e-07 1.36362648142e-07 2.48407567139e-07 1.56892896428e-07 5.38581084936e-07 3.45658644255e-07 3.36318137937e-07 1.33675544995e-07 4.17166060658e-07 1.06565015695e-06 3.6228026458e-07 1.8236695609e-07 1.47569552768e-06 1.04422120287e-06 6.95498028245e-07 2.88041131181e-06 1.64980258471e-06 3.47281767041e-07 1.89181066032e-06 4.96740902033e-07 8.21934151109e-07 7.24645799761e-07 1.05532614089e-06 3.6297237662e-07 9.29119087427e-07 4.92273081388e-07 5.83252281607e-07 4.07073675322e-07 4.40959784799e-07 6.47093039091e-07 6.18337994983e-07 6.49362725378e-07 6.38206418046e-07 3.86367378946e-07 4.16107443884e-07 5.43838915561e-07 4.84310450124e-07 8.67689076645e-07 3.4248898742e-07 9.3792600652e-07 8.15182857038e-07 6.71443233742e-07 3.98029071368e-07 1.79959173625e-06 1.92774661547e-07 9.06076993667e-07 2.24588132017e-06 4.10954042662e-07 8.05985136619e-07 1.41289997789e-06 1.07135719714e-07 4.02761415092e-07 9.43415653728e-07 4.65924274065e-07 1.65530163509e-07 2.9303524478e-07 5.13954536323e-07 7.83020995927e-07 2.4061218228e-07 3.6711287662e-07 1.80268304613e-07 1.40127156108e-07 2.0845567852e-07 5.05882833959e-07 1.62942387399e-07 5.8163138804e-07 4.87240941198e-08 3.02539575539e-07 7.71787469349e-07 2.32620932025e-07 1.27289056115e-07 9.06308558314e-07 5.48722936141e-07 4.98336183332e-07 1.33888273898e-06 1.96381343778e-06 7.64258550316e-07 1.0780613978e-06 1.94351184052e-07 8.937829078e-07 7.16488211579e-07 7.63240707853e-07 2.60387973684e-07 4.8016899513e-07 3.75675108481e-07 4.58578344737e-07 4.61832434714e-07 1.99515843977e-07 4.17269861587e-07 8.27283190516e-07 1.43869536335e-07 7.49296080805e-07 3.72847277817e-07 2.13683456756e-07 4.09507947396e-07 5.2510203057e-07 3.23213039188e-07 4.89147484032e-07 2.24747104536e-07 5.62393004469e-07 6.24491677201e-07 7.0531795631e-07 1.51311837904e-07 8.28314259352e-07 4.71925949163e-07 1.65177187744e-06 6.62043373097e-07 5.06426512051e-07 3.57466393413e-07 6.91868746268e-07 7.51049731713e-08 1.5692889223e-07 7.93775065203e-07 3.13004764736e-07 4.94637179042e-08 7.17335295232e-07 1.86095736207e-07 6.78279815028e-07 3.41661665986e-07 2.18907765506e-07 7.70623963925e-08 1.02887096565e-07 1.94185198643e-07 7.07251882695e-08 2.40831339445e-07 2.43163858208e-08 1.00073589597e-07 3.75707580475e-07 7.82439263974e-08 1.54031803593e-07 5.30852778344e-07 2.26884982183e-07 1.64164677052e-07 4.50499734323e-07 6.17938092973e-07 7.7990115853e-07 1.1056610306e-06 6.48327639198e-08 2.55274472418e-07 2.31771449951e-07 3.68739632681e-07 8.47300818318e-08 3.22309745655e-07 6.13436676988e-08 3.64348602392e-07 1.89256941907e-07 2.94435752433e-07 5.1694953098e-08 2.95899573704e-07 1.33309177867e-07 8.6320632991e-08 3.33152609446e-07 6.72724387653e-08 2.48877702745e-07 1.84692697055e-07 3.23621891044e-07 3.83076750215e-08 3.95632695858e-07 3.92271690756e-08 4.00671779201e-07 1.45659613697e-07 1.736852228e-07 4.98350162695e-08 6.41074270966e-07 7.37783613589e-07 3.8016348078e-07 2.7645431894e-07 5.90615727378e-08 1.92282438898e-07 4.2793432984e-07 1.91851952428e-07 6.09460043519e-08 4.05102165959e-07 1.14267606814e-07 1.79649584344e-08 3.09233652841e-07 7.58500659367e-08 2.96621224746e-07 1.62135953679e-07 1.19836940754e-07 2.29214023839e-07 3.20385058992e-07 1.03248233778e-06 3.49688922652e-07 7.36393743661e-07 2.40281451755e-07 6.3175383638e-07 1.14912320611e-06 5.87490302109e-07 3.13175128933e-07 1.79158986125e-06 1.22094837022e-06 5.1393062595e-07 1.8793363468e-06 1.76884339841e-06 1.00752376087e-06 5.09843193071e-06 1.35458469376e-06 1.10702527747e-06 2.08313042795e-06 2.67537472044e-06 4.62207969432e-07 1.95410730617e-06 8.99475202111e-07 1.53794781589e-06 1.15665460546e-06 8.2105755213e-07 9.76312159843e-07 1.13765873051e-06 8.20116689244e-07 1.03284522882e-06 7.96017598478e-07 1.15753793823e-06 9.43447903672e-07 7.22882221309e-07 1.24027399426e-06 1.30618013863e-06 8.1630292426e-07 1.66864861789e-06 3.99683579377e-07 2.18674136303e-06 1.89696805517e-06 1.00455772643e-06 7.42956227391e-07 3.94357543762e-06 5.49923349344e-07 1.43796140934e-06 1.50009540108e-06 4.76149976513e-07 1.0894629005e-06 1.64974281624e-06 2.29472210333e-07 6.12288015405e-07 1.12464322358e-06 7.19476806104e-07 3.2862652195e-07 9.06370325914e-07 4.69441463102e-07 1.47577063818e-06 4.88191925091e-07 3.14484839668e-07 1.07801947679e-08 1.11771131606e-07 2.57031206654e-07 7.70439697122e-08 2.45786953992e-07 4.26397012537e-08 2.19936702814e-07 2.417520656e-07 1.21005185436e-07 1.25882567958e-07 4.26726283567e-07 2.75427959667e-07 1.61764430164e-07 2.96393940196e-07 3.15848727213e-07 2.10339163011e-07 8.9615520331e-07 8.44720509868e-07 7.61806516252e-07 3.62861882743e-07 6.9116579657e-07 1.91875036979e-07 5.32758093527e-07 1.90094926331e-07 2.79190845681e-07 2.61949397898e-07 2.27976421569e-07 4.10846887297e-07 4.18114450447e-07 1.51981823837e-07 2.97714258196e-07 3.49863958241e-07 1.37713968576e-07 3.16203218888e-07 4.07097780395e-07 1.7979394238e-07 2.566084509e-07 2.53756802421e-07 1.65562180273e-07 4.79918255535e-07 2.24367863335e-07 5.92616174156e-07 2.09111017248e-07 4.68988503093e-07 7.78576588677e-07 5.6512743019e-07 1.58456860205e-07 1.98640712496e-07 2.73724556296e-07 1.84368765964e-07 2.01188435117e-07 4.35915490943e-07 1.30110372817e-07 1.13672955111e-07 3.23672752207e-07 2.44137742359e-07 3.84877239011e-08 2.6739132552e-07 1.16237232311e-07 3.71259829792e-07 1.65750681669e-07 1.42469320191e-08 2.75018389206e-07 4.71004870596e-07 1.88188706722e-07 3.5066408533e-07 1.16662325474e-07 2.23253336549e-07 6.9714189086e-07 3.47222217883e-07 3.04545329361e-08 8.74722171196e-07 5.92544661133e-07 3.21403682899e-07 9.38411087899e-07 6.87068318807e-07 1.88524401656e-07 2.28446762084e-06 5.38764697463e-07 2.65282918544e-06 1.70947985584e-06 1.41868969499e-06 6.34184836776e-07 1.47736889859e-06 5.08535210883e-07 7.28308242942e-07 7.42779289003e-07 3.40425658815e-07 7.05340647438e-07 8.02253021743e-07 4.22092513693e-07 5.83165220763e-07 4.39277873913e-07 5.61676147302e-07 3.49663422926e-07 8.30979134848e-07 6.39793091209e-07 3.06950981016e-07 7.18808687261e-07 5.20229753672e-07 4.9171234646e-07 1.14422690437e-06 5.57451044035e-07 1.30375729077e-06 9.25955544616e-07 2.2682171571e-06 2.61657314747e-07 1.99355013673e-06 8.1030211123e-08 6.32412673338e-07 7.26040578615e-07 3.26308958561e-07 5.16686261028e-07 9.06205371033e-07 3.34366629229e-08 3.59174432266e-07 8.05895371255e-07 2.47132585791e-07 1.15902406577e-07 4.92986117517e-07 2.67957236847e-07 6.94415632867e-07 3.89849302047e-07 2.99011666299e-07 6.30561443135e-07 1.29328545303e-07 6.41875421541e-07 1.43102427892e-07 3.48445929876e-07 7.24825037638e-07 3.05937705646e-07 2.89698814853e-08 8.07146742002e-07 7.02693486937e-07 2.34870741573e-07 1.260986568e-06 9.70827704342e-07 3.21535243945e-07 2.09906607162e-06 4.71396170173e-07 1.60795621282e-06 3.53071839745e-06 3.40536439291e-06 2.71058390486e-07 2.29245378785e-06 9.62282093706e-07 1.4550389082e-06 1.02392876404e-06 6.9518200939e-07 1.05792170269e-06 1.65845575913e-06 6.82970298131e-07 1.06677003322e-06 5.43216689612e-07 5.929862799e-07 1.01259842803e-06 5.83292906908e-07 1.64775767238e-06 1.06123625781e-06 6.94271364046e-07 1.02402996275e-06 1.21113311402e-06 8.2520715689e-07 2.22098173581e-06 2.81483637118e-07 1.97048399964e-06 2.87480074631e-06 9.7391039521e-07 3.42523044124e-07 1.79088951651e-06 1.42840982574e-07 8.14164861895e-07 1.1649022375e-06 2.90777367469e-07 7.31352442814e-07 7.81172651627e-07 5.57894630094e-08 2.84421438447e-07 8.42683977291e-07 3.91872242079e-07 1.68476141891e-07 7.66351377357e-07 1.64517101896e-07 9.07478256476e-07 3.88741790932e-07 5.25407662351e-08 8.81906097593e-07 2.74405203807e-07 6.04954870078e-07 2.01122437426e-07 2.84421758789e-07 9.40986982988e-07 3.95606343441e-07 9.03040234994e-08 1.53650672186e-06 7.24076552725e-07 2.65528384532e-07 1.23504825623e-06 1.08318403315e-06 5.43354112757e-07 2.47165233799e-06 6.58002057908e-07 2.46950674497e-06 2.35405891685e-06 4.71133169117e-06 1.34945080187e-06 1.98636617581e-06 1.19105668081e-06 2.35575953963e-06 1.15089466975e-06 9.63294556358e-07 1.16775213262e-06 1.17554198381e-06 8.65803829732e-07 1.17296082586e-06 1.29820782654e-06 8.23303351637e-07 1.11935448155e-06 1.23076233972e-06 7.48401564801e-07 1.03605085682e-06 1.21519247807e-06 6.60053007924e-07 1.09703770769e-06 1.89155593449e-06 9.40149608508e-07 1.4990015992e-06 7.96832803144e-07 3.9763350335e-06 1.21393884659e-06 2.29932708226e-06 4.49020798746e-07 2.28101724009e-06 4.99128542917e-07 1.01582804481e-06 1.16061476172e-06 2.44230132226e-07 6.912905489e-07 1.62029634101e-06 8.10962559471e-08 4.79683427235e-07 1.06466643996e-06 3.70475848013e-07 2.71531410379e-07 7.75850774184e-07 4.07226932205e-07 1.31661295305e-06 6.62840952073e-08 2.23362962768e-07 2.63927357841e-08 1.13835932061e-07 5.63732758866e-08 1.00008957448e-07 1.21640436264e-07 1.43421306516e-07 2.21264236591e-08 3.20404466548e-07 2.64281440631e-07 3.74434461345e-08 3.77075990703e-07 1.0483227888e-07 7.00863530027e-08 6.48960207817e-07 1.87827555601e-07 6.02714310491e-07 7.22718987103e-07 9.35926163338e-07 8.46559412111e-07 8.53309421961e-07 2.26130774316e-07 3.68020672248e-07 3.00493469263e-07 2.07170235159e-07 1.38256588994e-07 4.01078048451e-07 1.32236489654e-07 3.93326637587e-07 2.06871408482e-07 1.22298446434e-07 1.12169846269e-07 2.79829595617e-07 3.18858925074e-07 7.87967379108e-08 4.92111494385e-07 6.14795534646e-08 2.30120347566e-07 1.4429606844e-07 2.35449990601e-07 2.68409401544e-07 4.01623526571e-07 8.18384981324e-07 5.94007411551e-07 5.97644960314e-07 5.18069981497e-07 1.78745394937e-07 4.43903678059e-07 3.66857591047e-08 4.17865540704e-08 4.24911357399e-07 2.51132992513e-08 2.90573260339e-07 3.70720098982e-07 9.39239432488e-09 1.86781099316e-07 1.42020984671e-07 1.56436425692e-07 7.00777550128e-08 1.37064640435e-07 3.0146637364e-08 3.09157696693e-07 8.11217590367e-07 2.53517824455e-07 9.20667150926e-07 7.31973451104e-08 4.23605175628e-07 1.17913896196e-06 1.45834201532e-07 2.10596495133e-07 1.09965437134e-06 1.02363901542e-06 6.61190186454e-07 9.4593087395e-07 1.34199014704e-06 6.52525843493e-07 2.43178251106e-06 4.7140573071e-07 1.40801979262e-06 2.57537050515e-06 3.5727172562e-06 9.14868242739e-07 5.74857435142e-06 2.32966576462e-06 1.72140566758e-06 1.99101263086e-06 1.60942543573e-06 1.99760961203e-06 2.71767230354e-06 1.04940881325e-06 2.00594749528e-06 1.99611517173e-06 1.02528474881e-06 2.04758181889e-06 9.39231398544e-07 1.93796281272e-06 1.87322271384e-06 1.00785521862e-06 2.28116726231e-06 1.88027104732e-06 1.3262038818e-06 1.89090415771e-06 1.5474636423e-06 1.37679780052e-06 4.62635888642e-06 5.32224826255e-07 2.82997353389e-06 2.20675750433e-06 1.27961618472e-06 4.43064850032e-07 2.23727251143e-06 6.83513297365e-07 1.32332586964e-06 7.21279181913e-07 7.06113236951e-07 1.05327660314e-06 1.13791276799e-06 3.1201271299e-07 1.61196285351e-07 1.39461636903e-06 5.71521512752e-07 1.01465056958e-07 1.21235853613e-06 4.00836783395e-07 1.12240242825e-06 2.41739486471e-07 1.41567264624e-07 4.30825214398e-07 3.71184921712e-08 1.50829210412e-07 5.39441306039e-07 2.16423987706e-07 4.60867239403e-08 5.27078763187e-07 3.67489963771e-07 2.26748603914e-07 6.46135178018e-07 3.43351453285e-07 1.8670495637e-07 1.02100463895e-06 2.30538872226e-07 6.46820151807e-07 7.58074069287e-07 1.27690900921e-06 3.84321796231e-07 1.80138640394e-06 1.76930574402e-06 1.93452928591e-06 6.04259611055e-07 5.14762921562e-07 7.76940191187e-07 9.25241895711e-07 4.29613714462e-07 7.31831339744e-07 4.57964536016e-07 4.76547587353e-07 4.81765044426e-07 5.76771284498e-07 4.07511927779e-07 4.80760103998e-07 7.25665515861e-07 3.10452991637e-07 9.25558944571e-07 6.0745736154e-07 3.55528652687e-07 5.19387996543e-07 1.25222548276e-06 1.71668183562e-06 9.41097331122e-07 4.91941507986e-07 8.85344742772e-07 5.88199858984e-07 5.25886689317e-07 2.04306005821e-07 9.56180147726e-07 1.07147961795e-07 3.01992926884e-07 7.17044336196e-07 2.04860118544e-07 3.76166058533e-07 5.61856976772e-07 3.00346636873e-08 2.51829969551e-07 6.48535422955e-07 1.52249045794e-07 8.69504229772e-08 5.70167458645e-07 2.06702206136e-07 3.37959459858e-07 1.89672424807e-07 3.2186907546e-07 6.79497593368e-07 1.33670048015e-07 3.16450325883e-07 8.22863406595e-07 2.04549290443e-07 2.74766338086e-07 7.64795968675e-07 8.14741697068e-07 4.89153735412e-07 1.03300909932e-06 1.08600862006e-06 2.79930511003e-07 1.66016714369e-06 3.18305240908e-07 1.32947597524e-06 1.78203033616e-06 2.15462759386e-06 4.3638253239e-07 3.52772306249e-06 1.55377332543e-06 4.98019355915e-06 2.80852970522e-06 1.12645957384e-06 2.07822735519e-06 2.5709284967e-06 1.29175723469e-06 1.45401149458e-06 1.56641882934e-06 9.9247718223e-07 1.20916810905e-06 1.2723757485e-06 1.30231582394e-06 9.71027371809e-07 1.57091180159e-06 1.07554030027e-06 1.09274082507e-06 2.30391966084e-06 1.8063041473e-06 1.00972568007e-06 1.63154569896e-06 4.17782569438e-06 8.85234557312e-07 3.0852569499e-06 2.47707451926e-07 2.0279275264e-06 1.53580913658e-06 1.35157173299e-06 3.76490118086e-07 1.38990240756e-06 2.67061424018e-07 1.02956571556e-06 1.02542002249e-06 4.77260838002e-07 8.24435828836e-07 8.63577120431e-07 2.95590004885e-07 2.54861611945e-07 1.0265981976e-06 3.86446695755e-07 2.20178471971e-07 9.22378641468e-07 4.86696268306e-07 2.4149167443e-07 3.42917844881e-07 4.69468407953e-07 7.79382103319e-08 1.22159364712e-07 7.25823167677e-07 1.44056339884e-07 1.91295068372e-07 8.59660584709e-07 4.22155314429e-07 3.73392961806e-07 4.61833661654e-07 6.75629669087e-07 2.01199167203e-07 1.23157585583e-06 2.06417335899e-07 8.23485175067e-07 1.37880881331e-06 1.6179592907e-06 1.41413200414e-07 1.75772956916e-06 1.12768938473e-06 2.46062520904e-06 3.25231122213e-06 1.93979216639e-06 1.20911481858e-06 1.80004764278e-06 1.24153198988e-06 1.3115526631e-06 1.13844974337e-06 7.80574991553e-07 1.0190026889e-06 1.29597437675e-06 1.26247362431e-06 1.10677665297e-06 7.56074103327e-07 9.57062246415e-07 1.23722227606e-06 9.61795992587e-07 1.51848008225e-06 1.00607985522e-06 1.11035782343e-06 2.93402877771e-06 1.5483608437e-06 8.90275215833e-07 1.64331901009e-06 9.08693258914e-08 1.35075021058e-06 1.22840175648e-06 7.44717788462e-07 1.62178447874e-07 1.13996283973e-06 1.39033600844e-07 7.22332306821e-07 4.39343773418e-07 4.42732794505e-07 5.29727742148e-07 8.31971525259e-07 2.58031582484e-07 2.17575590349e-07 9.06896768219e-07 1.39254079555e-07 7.53551097453e-08 6.37092768313e-07 4.51257820988e-07 1.11082544288e-07 3.51488489851e-07 7.58955543398e-08 1.47246285586e-07 4.47131623451e-07 1.9173556643e-07 1.22737836002e-07 5.85798789824e-07 3.57289331399e-07 1.07978077768e-07 4.80521362627e-07 3.54373849191e-07 2.42373555014e-07 1.15510381455e-06 2.72769389591e-07 7.56171734067e-07 1.13645593196e-06 1.08526448978e-06 2.76524847706e-07 1.45197422841e-06 5.54547706465e-07 2.07355704819e-06 1.02649950104e-06 2.36712814156e-06 1.98244279806e-06 1.39665069969e-06 1.12704121413e-06 1.62899345659e-06 1.2087773495e-06 7.08481769468e-07 1.07605870431e-06 7.87471766765e-07 1.08983714458e-06 7.91893527623e-07 1.0117204823e-06 6.01022587382e-07 1.16513803482e-06 1.2921802231e-06 1.03985804289e-06 1.36991601057e-06 1.1773649887e-06 2.30416811129e-06 5.36186273375e-07 1.99183400059e-06 3.13400514303e-07 1.25269795347e-06 3.07757321617e-07 1.04020725961e-06 1.04035354168e-06 7.89326986014e-07 2.39204682304e-07 1.08455162804e-06 2.0295963608e-07 3.40680726435e-07 5.03967693152e-07 1.09635773839e-07 2.94886463056e-07 7.48399262978e-07 1.85324488141e-07 2.13873670571e-07 5.65739155672e-07 2.35874873317e-07 1.27467035646e-07 5.6271056661e-07 1.42493409593e-07 1.30905481693e-07 3.10908037459e-07 1.35854034684e-07 2.18178509504e-07 1.08891534343e-06 3.91628741861e-07 1.25151461296e-07 7.73913875463e-07 6.91738053197e-07 4.09105230858e-07 5.63393641329e-07 7.32197804058e-07 4.31646852943e-07 1.65377627875e-06 5.79571224479e-07 1.15638147729e-06 1.04188118976e-06 1.80369624747e-06 3.17096389698e-07 2.47700483251e-06 7.57165268188e-07 2.22614445007e-06 2.09114703865e-06 1.79635646326e-06 4.67762432904e-06 4.71735292803e-06 9.69057381388e-07 3.24654785334e-06 2.48564093431e-06 1.2522233887e-06 2.01261749853e-06 1.28488631089e-06 1.95396845399e-06 1.84908884136e-06 1.41946348598e-06 1.93354443772e-06 1.09571628275e-06 2.21772389631e-06 3.01003766282e-06 9.12590206245e-07 2.98372877225e-06 4.13994241448e-06 1.16995023328e-06 1.86866858902e-06 1.87188120274e-06 5.45357052378e-07 2.2868696599e-06 1.85466759216e-07 1.63148493485e-06 9.07454419184e-07 1.07010514787e-06 5.81334991751e-07 1.62432841177e-06 5.14805528387e-07 7.93323388639e-07 5.54191186761e-07 4.07907864095e-07 8.50039217534e-07 9.27834204863e-07 1.77957985542e-07 4.47819047747e-07 1.39406839583e-06 2.85665530814e-07 1.99005867731e-07 4.32274780222e-07 1.54038648986e-07 4.05556199052e-07 2.5030712537e-07 3.58013198281e-07 1.23047131818e-06 3.95983644523e-07 1.43571447909e-07 1.01592030307e-06 6.85447136549e-07 4.56458590936e-07 8.94775682132e-07 7.66692706509e-07 5.53711757351e-07 1.68482420605e-06 6.25066863461e-07 1.43554085112e-06 1.26580156409e-06 1.78363193761e-06 6.56087150354e-07 3.35072377305e-06 1.27952254112e-06 2.78403223651e-06 1.9325344281e-06 2.48524724909e-06 3.4759787024e-06 5.99197382469e-06 3.05090627966e-06 2.24446284942e-06 2.76523440216e-06 1.94625271419e-06 2.42068722845e-06 1.94093018874e-06 2.34200192381e-06 1.80946231606e-06 2.41321131116e-06 1.69134080291e-06 2.25315508691e-06 1.8381881771e-06 2.63543887505e-06 1.84863999246e-06 2.15108265799e-06 5.4603133999e-06 1.99769324409e-06 2.48257888139e-06 1.36359651692e-06 2.57944551856e-06 1.10186408709e-06 2.88907013745e-06 6.73122704944e-07 1.70242617529e-06 1.19120159213e-06 1.38730739937e-06 6.24866557437e-07 1.74042832476e-06 5.18586065185e-07 7.28582603765e-07 9.44592596051e-07 4.90047809462e-07 8.12656797341e-07 1.19403064448e-06 1.92604863502e-07 5.23419648253e-07 1.62449720754e-06 4.71160794784e-07 3.360560996e-07 5.46432119032e-07 8.84254333783e-08 2.43476745551e-07 5.65963148467e-07 1.64694195196e-07 9.21342988293e-08 5.77137655603e-07 4.50461482478e-07 1.81922513508e-07 4.29730356635e-07 5.13864599001e-07 2.04156481937e-07 8.02975367478e-07 2.16461086656e-07 5.00072048855e-07 9.91316279596e-07 6.67918933135e-07 1.9374046803e-07 1.37985115744e-06 6.85914340042e-07 1.62084357683e-06 7.61108235008e-07 1.14012127458e-06 1.60039711504e-06 2.50532498433e-06 2.49407358628e-06 2.40499347627e-06 1.19324726142e-06 1.1224765334e-06 1.52535838741e-06 1.24046882562e-06 8.15648151524e-07 1.02117204509e-06 9.89500983096e-07 6.49860078414e-07 1.21850062027e-06 1.13712815032e-06 9.11779246335e-07 1.12894545354e-06 1.46866842024e-06 2.47052732802e-06 1.61687002651e-06 1.44772856765e-06 9.70490167231e-07 6.34829431785e-07 1.2285125283e-06 6.31328040422e-07 1.26472851759e-06 1.65747675854e-07 5.92731675202e-07 1.03124260603e-06 4.56762286648e-07 2.29337479831e-07 8.54593984179e-07 1.76317340153e-07 5.36675279881e-07 4.66530968721e-07 2.58913699753e-07 5.19264747831e-07 6.89825061873e-07 1.35059390612e-07 2.32365561372e-07 7.98221277064e-07 3.26185137894e-07 1.10829255832e-07 4.30951623695e-07 1.17861767928e-06 2.77949757636e-07 6.53525552633e-08 1.0582737196e-06 6.32364784764e-07 3.29022294261e-07 9.8562645179e-07 1.02859486343e-06 4.33590960304e-07 1.31506490238e-06 2.80315628096e-07 9.65465730123e-07 1.24376615529e-06 2.41609690068e-06 2.97996792961e-07 2.44363387831e-06 1.09673398248e-06 2.65350119614e-06 1.83248417354e-06 1.73273938434e-06 3.06734284952e-06 4.24835211212e-06 2.36096588272e-06 5.96543759258e-06 4.37872416585e-06 1.13815284908e-06 3.55468488995e-06 2.63588178827e-06 2.91043396402e-06 2.30607592338e-06 2.09418344711e-06 2.32604318519e-06 2.65795913401e-06 2.39013362588e-06 3.42832798288e-06 1.12465641762e-06 2.8819994848e-06 5.46360012812e-06 1.53166341619e-06 3.47169508088e-06 2.72476977633e-06 1.58903350629e-06 1.74874301045e-06 2.25860870414e-06 1.02364999816e-06 2.2606119363e-06 2.91279561255e-07 2.55138039167e-06 1.25275025236e-06 1.01375875617e-06 1.85231479785e-07 1.46032184407e-06 3.77055588704e-07 9.83431489564e-07 1.10848512704e-06 4.33910009911e-07 7.5179123879e-07 1.28640556189e-06 1.42432527382e-07 4.04342386683e-07 1.58889838772e-06 5.21897566508e-07 1.18272135251e-07 8.01517813507e-07 2.80360860598e-07 7.9771753681e-08 9.12699727106e-07 4.34823854013e-07 1.27045230765e-07 7.74657455535e-07 6.58803041635e-07 3.47499481212e-07 1.42402902104e-06 3.23672820655e-07 1.13314442728e-06 8.59925907902e-07 1.66732818012e-06 3.50631723999e-07 1.60707249523e-06 7.69436947265e-07 1.67872398208e-06 1.2046614982e-06 1.45206698588e-06 2.0128485158e-06 3.0482878472e-06 1.66706387025e-06 3.3726050576e-06 4.37782830053e-06 2.66787933541e-06 1.82910015856e-06 1.86084002086e-06 2.76161603426e-06 1.79853832115e-06 2.01171127752e-06 1.90485161548e-06 1.72999550664e-06 2.45666448483e-06 1.745866929e-06 1.60426033312e-06 1.76036172666e-06 4.41737608782e-06 2.02377515239e-06 1.56564893723e-06 2.50666184711e-06 1.75228568574e-06 1.32052560713e-06 9.6459195015e-07 1.72777889843e-06 7.16318541945e-07 1.40330335316e-06 3.48611465251e-07 1.51774555861e-06 7.71952111405e-07 1.09003940661e-06 3.8599021085e-07 1.50988173145e-06 3.70546117605e-07 8.03187805407e-07 8.81293529569e-07 1.73268341509e-07 5.30455167325e-07 1.11644123047e-06 1.02716420923e-07 3.71324624101e-07 1.06885109796e-06 1.45348809281e-07 3.05694665702e-07 2.67748940253e-07 6.03428461565e-08 6.55565370817e-07 3.67064573225e-07 1.60462843562e-07 6.00536389328e-07 4.3898304138e-07 3.17886743498e-07 9.37698385557e-07 3.22324088141e-07 5.61355136491e-07 8.80605689524e-07 1.2279070476e-06 1.34570287672e-07 2.06913815642e-06 4.88521321622e-07 1.33386746519e-06 8.00402391741e-07 1.14562913813e-06 1.61074394312e-06 2.02216316295e-06 8.92095450203e-07 2.45126234283e-06 2.0947753569e-06 2.88486675385e-06 2.75468135535e-06 1.1142261302e-06 1.91004281984e-06 1.79227754035e-06 1.6784128742e-06 1.14723657487e-06 1.63301815098e-06 1.72695958528e-06 1.65026022623e-06 1.15963678226e-06 1.8073045454e-06 2.90005192653e-06 1.29298809772e-06 2.26777669103e-06 7.93223561745e-07 2.00227219654e-06 1.24767472519e-06 1.07100834698e-06 7.54662190309e-07 1.31753503711e-06 4.2392952498e-07 2.03343778608e-06 1.03323476074e-07 1.14406694974e-06 9.49920325408e-07 5.30235350252e-07 3.68098316959e-07 9.98154534866e-07 3.73188217234e-07 5.16970162716e-07 6.54479245771e-07 2.05941509278e-07 4.6881996818e-07 8.06586000197e-07 7.87788848192e-08 3.51413169802e-07 4.22009032716e-07 3.22723970715e-07 1.96857627652e-07 1.37370678426e-06 4.50533161855e-07 3.6675009769e-07 1.03434529095e-06 7.59838257708e-07 4.14364947386e-07 1.51094897949e-06 3.42216111595e-07 1.45919938447e-06 9.87082638779e-07 2.45276983226e-06 5.73129990026e-07 2.50838241137e-06 1.03850093865e-06 1.84887963024e-06 1.896274067e-06 1.53013595371e-06 2.74944092526e-06 3.37784083133e-06 1.16403284491e-06 4.15869581747e-06 3.200659445e-06 2.37415780062e-06 6.61397089657e-06 4.72974348674e-06 2.61608580667e-06 3.25781285422e-06 3.8454915822e-06 3.29813294506e-06 3.30382876214e-06 3.45626445677e-06 3.05830094485e-06 2.59796683341e-06 3.19099726111e-06 6.34478377064e-06 1.60981219097e-06 2.86698006551e-06 3.51399731518e-06 9.33690137459e-07 3.11528360645e-06 2.55716462476e-06 1.29637349856e-06 1.80563507392e-06 1.68131090681e-06 1.12017573318e-06 2.0818843908e-06 6.21390710162e-07 2.35080999305e-06 9.71878785928e-07 1.5953575384e-06 4.00549031048e-07 1.77264298999e-06 4.72043199527e-07 9.75497048795e-07 1.1067789071e-06 3.98034215107e-07 5.80179984078e-07 1.69215742525e-06 2.53916586748e-07 3.83115287121e-07 2.17185043734e-07 9.67526843322e-07 4.20188785875e-07 2.16363178723e-07 8.11841935928e-07 6.56171525773e-07 3.93721866524e-07 1.16394393952e-06 1.86651216239e-07 7.12211623809e-07 1.11421316713e-06 1.24752781677e-06 1.56727399401e-07 1.79449391802e-06 4.88979447417e-07 1.70888408655e-06 1.13208140965e-06 1.00476173237e-06 2.00705958833e-06 2.52683629722e-06 1.084684225e-06 2.15484318411e-06 1.87600445465e-06 2.07313505335e-06 3.46640094004e-06 4.15968743934e-06 4.52303537421e-06 1.76709484723e-06 2.91968699173e-06 2.93075333795e-06 2.19372191335e-06 2.74125715372e-06 2.84446449218e-06 1.74149216726e-06 3.05759685055e-06 4.37049394499e-06 2.1361425231e-06 2.13705475932e-06 1.61692817904e-06 2.04693915492e-06 1.01023236044e-06 2.42709791531e-06 1.80723458869e-06 8.95780720212e-07 1.02085602396e-06 1.82434161045e-06 3.49126706337e-07 2.00180935797e-06 1.55467161339e-07 1.26188478839e-06 1.00062319284e-06 8.43640175754e-07 2.93596701505e-07 1.20065792887e-06 4.38251365226e-07 7.3615427779e-07 9.08422597133e-07 2.22588907389e-07 5.1861389456e-07 1.16329480852e-06 2.59909662747e-07 2.03437037868e-06 9.54516583396e-07 3.21597102764e-07 1.09366053992e-06 9.17814845456e-07 4.75106157063e-07 1.94359212342e-06 4.22391695694e-07 1.05682166191e-06 1.65606044072e-06 2.45412884286e-06 5.33373487291e-07 2.49851053147e-06 9.25727678597e-07 2.31064054848e-06 2.40351018349e-06 1.31408181269e-06 2.47850815229e-06 3.27106938158e-06 1.81128463894e-06 4.02369965998e-06 2.45024604758e-06 2.51138906702e-06 5.4330213884e-06 3.737217383e-06 7.63343412278e-06 5.49765800483e-06 2.2439494382e-06 4.98709197204e-06 4.04487477467e-06 3.9934346736e-06 4.98717853437e-06 2.21947269181e-06 4.05335907271e-06 7.29413872635e-06 2.58312307444e-06 5.22125243503e-06 2.01693263427e-06 2.200527631e-06 3.67259781195e-06 1.61933436729e-06 3.14329532916e-06 2.13364281953e-06 1.27944791648e-06 2.29818454163e-06 2.28635788783e-06 1.09361951901e-06 2.29072413545e-06 5.7424995036e-07 2.39023240982e-06 1.57705373027e-06 1.1844561757e-06 4.03924403489e-07 2.06148788734e-06 5.10781650259e-07 9.45312097551e-07 1.22587694082e-06 3.88291139715e-07 1.1826217149e-06 2.79619977873e-06 1.47658403356e-06 2.73341403509e-07 1.03852374596e-06 5.24973065282e-07 1.87837892122e-07 1.43189875334e-06 3.83448968577e-07 9.98168147058e-07 9.29863778631e-07 1.42184497393e-06 4.05096455713e-07 1.26843774997e-06 6.8136398404e-07 1.45207658518e-06 1.67984328387e-06 1.28646959443e-06 1.73472211119e-06 2.09702503298e-06 1.13967292688e-06 3.27354217352e-06 2.04631616787e-06 1.45177553818e-06 3.3566997434e-06 2.72189850932e-06 4.36578345263e-06 5.23961439682e-06 4.65040151726e-06 2.4612697372e-06 3.10138090532e-06 3.7293447296e-06 3.1785367248e-06 2.27790089918e-06 3.44857961622e-06 5.41044791976e-06 2.92756132184e-06 2.68572081253e-06 2.84041020828e-06 1.4427900979e-06 1.82140932782e-06 3.19915351201e-06 9.68850427724e-07 1.97693356262e-06 1.58451703397e-06 1.15361663435e-06 1.67967195047e-06 1.44732015399e-06 6.33752390952e-07 1.43645641019e-06 3.69569723891e-07 1.44331969969e-06 1.0439982018e-06 1.0210100215e-06 3.88712916111e-07 1.52950976246e-06 2.89360672506e-07 6.62634195962e-07 1.23332285759e-06 3.2966334388e-07 1.86370188204e-06 9.16143899956e-07 1.39263355277e-06 6.8730421588e-07 3.94082558421e-07 1.58649595486e-06 3.51971717711e-07 8.21144815114e-07 1.16166190665e-06 1.52915387013e-06 5.56213409286e-07 2.05801044323e-06 8.09100105455e-07 1.51281707196e-06 1.39768967666e-06 9.30440010697e-07 2.56814605914e-06 1.85277001101e-06 1.36195952984e-06 2.88401128241e-06 2.67490833199e-06 2.03330485782e-06 3.25456951028e-06 2.66270487102e-06 4.51432257318e-06 3.4787533921e-06 5.88106372211e-06 4.81816478431e-06 2.28097805595e-06 4.31135192587e-06 4.19672041318e-06 2.40032696023e-06 3.56833449073e-06 5.80548711433e-06 2.49597544242e-06 4.30883217288e-06 2.52600914059e-06 3.06319933385e-06 1.83034954392e-06 2.67604306416e-06 2.44574109522e-06 1.28025434923e-06 1.69237632674e-06 2.46503651315e-06 8.86552807052e-07 1.13600987917e-06 1.45110634431e-06 7.18703587693e-07 2.21921847594e-06 4.9713900002e-07 1.59315651204e-06 1.28382764184e-06 7.5251794984e-07 4.02065387038e-07 1.67385960568e-06 4.22475128892e-07 8.65399559626e-07 1.58157803854e-06 1.20078578664e-06 4.2796370119e-06 7.77263039021e-07 4.18094045658e-07 1.69138344575e-06 3.874585735e-07 1.11295764584e-06 1.34638588409e-06 2.04741293989e-06 4.4702637685e-07 2.40544097686e-06 1.24147774334e-06 1.46519172315e-06 1.55479439849e-06 1.01892986826e-06 2.39692276743e-06 3.10693829216e-06 1.52697091257e-06 3.22024753957e-06 2.53290414665e-06 2.23378446395e-06 4.35418649025e-06 2.33195580377e-06 5.55263626794e-06 3.93651340751e-06 4.75639632404e-06 7.47936982204e-06 5.59973538453e-06 3.13918616219e-06 4.68740722781e-06 3.25604960805e-06 4.23327355741e-06 7.70651844831e-06 3.48492331428e-06 3.75980722934e-06 5.06337917965e-06 2.26676938109e-06 4.28192084338e-06 2.16166828933e-06 2.49977936639e-06 3.02042038714e-06 1.47542036173e-06 3.29507085602e-06 2.23787694948e-06 1.02693055214e-06 1.48465836604e-06 1.56729612766e-06 1.2386538569e-06 2.38786844738e-06 3.59033135869e-07 2.19098882553e-06 1.24096272001e-06 1.34157123964e-06 4.32554056992e-07 1.7919225907e-06 4.20862038347e-07 8.41540993357e-07 5.72322100293e-06 2.87554255712e-06 3.38356639425e-07 1.45625349714e-06 4.24852127905e-07 1.04196824063e-06 1.18205585771e-06 1.45622688638e-06 4.83092517981e-07 1.63417749692e-06 9.45056241976e-07 1.91058401165e-06 1.04404887816e-06 1.16298198395e-06 1.82502518278e-06 2.27321897381e-06 1.4422228885e-06 2.46799558914e-06 1.95339087343e-06 1.7053754731e-06 3.66752274883e-06 2.54945694747e-06 3.66892384775e-06 2.93470088715e-06 4.10970311178e-06 4.51918916728e-06 5.44830088593e-06 6.27412872648e-06 2.98672536342e-06 2.94587010605e-06 4.81555715763e-06 6.02312064457e-06 3.03602843535e-06 4.13293291762e-06 2.74356088109e-06 3.64528515628e-06 2.24922268878e-06 3.51957787505e-06 1.4920070664e-06 1.86015294688e-06 2.24011591142e-06 1.39435653501e-06 2.05217357052e-06 1.83057734391e-06 1.16467010339e-06 1.15347240896e-06 1.7891834427e-06 8.53559658237e-07 1.67910716371e-06 5.13335210173e-07 1.55767986897e-06 1.19046164672e-06 1.03988519217e-06 4.01448533996e-07 1.63516772433e-06 4.03565382439e-07 3.60750668953e-06 2.56981036108e-06 3.65424479853e-06 8.06424342461e-07 1.31030429469e-06 1.85925410573e-06 2.49718169359e-06 5.86258802445e-07 2.72152171055e-06 1.27014924102e-06 2.70881417904e-06 2.00219378175e-06 1.45243241787e-06 2.87764008252e-06 3.00032385791e-06 1.68691707081e-06 4.35305759201e-06 2.40893050681e-06 2.47594332811e-06 5.0128025808e-06 4.3203790946e-06 6.00344175836e-06 3.58220597754e-06 5.41952966321e-06 6.32214252394e-06 5.19480119365e-06 9.31397430884e-06 9.00204552171e-06 2.52538809501e-06 7.1985947236e-06 9.75743618156e-06 4.10770165019e-06 6.39834443928e-06 4.72303063775e-06 3.71920710277e-06 5.6523505772e-06 3.99451930539e-06 5.02087705666e-06 2.47538652911e-06 2.4455625934e-06 4.11029933931e-06 1.70911544245e-06 3.16769325037e-06 2.95225214801e-06 1.37683448308e-06 2.06277135506e-06 2.59165153702e-06 1.20422815185e-06 2.89112207814e-06 6.3087201321e-07 2.48033466346e-06 1.87189027101e-06 1.29535234819e-06 7.67034207793e-07 3.95050943238e-06 3.03851010497e-06 9.45222899098e-06 1.0085042011e-06 8.28534407935e-07 1.39313765618e-06 1.92316285598e-06 4.85052964337e-07 2.14459048346e-06 1.0601644987e-06 1.90359417988e-06 1.12840473188e-06 1.92986786542e-06 1.60853736697e-06 2.73652069899e-06 1.17572921336e-06 2.83578524057e-06 2.13163290722e-06 1.76581949342e-06 3.64544667297e-06 2.65867100918e-06 5.39026807334e-06 3.08453052865e-06 3.80222275129e-06 4.67644166582e-06 4.22480620875e-06 5.98246090184e-06 8.01451565457e-06 4.42381648604e-06 3.65333268282e-06 8.31831620126e-06 4.50753373988e-06 4.51077880294e-06 4.27010835407e-06 3.79651648121e-06 2.88052612391e-06 5.5722894766e-06 2.68669377639e-06 3.84111364677e-06 1.69047276733e-06 2.11090256148e-06 2.6658028539e-06 1.25436346817e-06 2.81436914355e-06 1.73241896919e-06 1.94398204204e-06 1.05329603302e-06 2.07290579388e-06 1.11932305665e-06 2.155053543e-06 4.7810027733e-07 2.07855053952e-06 1.41262375348e-06 9.23378743408e-07 1.115165435e-06 1.07772983445e-05 1.54995670099e-06 9.15704410441e-07 1.13459601897e-06 1.15235659683e-06 3.34277169236e-07 1.33743533356e-06 7.31884187992e-07 1.2203130962e-06 1.00867717152e-06 1.00434375594e-06 1.22902300302e-06 1.75409923814e-06 6.23031196025e-07 2.02635880988e-06 1.29333457577e-06 1.42285492923e-06 1.67152538659e-06 1.61869320221e-06 2.84346263057e-06 2.83158287749e-06 2.73017214995e-06 2.76311003602e-06 2.6337635488e-06 4.33364405996e-06 3.79235257387e-06 4.2465968399e-06 5.38710124402e-06 4.79034039446e-06 3.09681333055e-06 4.37796441768e-06 2.64415073623e-06 2.68180415112e-06 2.53353308801e-06 2.88599405489e-06 2.82575768882e-06 1.57966173045e-06 1.51587747414e-06 1.38357941063e-06 1.17147190842e-06 1.9379419349e-06 5.99526348119e-07 1.61202157803e-06 1.2566856895e-06 8.55389329887e-07 1.14191855835e-06 1.30821335743e-06 7.45259274918e-07 1.42607114655e-06 2.83598235784e-07 1.16835673495e-06 1.1130215191e-06 1.01639270377e-06 1.72045719219e-06 1.10694783124e-05 5.87183515122e-06 4.02610411982e-06 8.36011835484e-07 3.42920979551e-06 1.68757789409e-06 3.25170410648e-06 2.03322415643e-06 1.9873179516e-06 3.01259461032e-06 5.25735695379e-06 1.48857086662e-06 4.76392272346e-06 3.19246577478e-06 3.21790831877e-06 5.77336243798e-06 3.28336288804e-06 5.91131891277e-06 4.4970818731e-06 6.53339220597e-06 6.58880606316e-06 4.44519318392e-06 9.11683440891e-06 7.58661553794e-06 5.38868295211e-06 1.17062719201e-05 1.46535374398e-05 4.44204444612e-06 7.72023779757e-06 8.60793340349e-06 4.74859758435e-06 6.68062530271e-06 6.4362898146e-06 4.62609786558e-06 5.92411716902e-06 3.29730127693e-06 6.01830842185e-06 3.09333805665e-06 3.50302832059e-06 4.60247140654e-06 1.81491105744e-06 4.96595972814e-06 3.19496753048e-06 1.97732810419e-06 2.10194294011e-06 3.44204380766e-06 1.47954985053e-06 3.46798702002e-06 7.83849250809e-07 4.1576449327e-06 6.13518866025e-06 1.15534358356e-05 6.75586749332e-06 3.48733986663e-06 4.81290985361e-07 2.49263356971e-06 9.84407558859e-07 1.50379915228e-06 1.36738192109e-06 1.36029078692e-06 1.57915399954e-06 2.42561164304e-06 9.51022912871e-07 2.41085209342e-06 1.75163019746e-06 1.73754761913e-06 2.62460749253e-06 2.61398840512e-06 2.6653478874e-06 2.00945961669e-06 2.82832546119e-06 4.10161834729e-06 2.87153837978e-06 4.40610845811e-06 4.24166878053e-06 3.29827334639e-06 4.98574462905e-06 1.08228516653e-05 4.98574462905e-06 3.29827334639e-06 4.24166878053e-06 4.40610845811e-06 2.87153837978e-06 4.10161834729e-06 2.82832546119e-06 2.00945961669e-06 2.6653478874e-06 2.61398840512e-06 2.62460749253e-06 1.73754761913e-06 1.75163019746e-06 2.41085209342e-06 9.51022912871e-07 2.42561164304e-06 1.57915399954e-06 1.36029078692e-06 1.36738192109e-06 1.50379915228e-06 9.84407558859e-07 2.49263356971e-06 4.81290985361e-07 3.48733986663e-06 6.75586749332e-06 1.49848496269e-05 1.499823354e-06 4.72026127321e-06 1.95908808727e-06 3.06931447691e-06 2.73832276896e-06 2.03745363596e-06 2.61851428216e-06 3.37601900017e-06 1.71552319304e-06 4.18724789847e-06 2.14564892651e-06 2.93238607036e-06 3.85502096953e-06 3.37102017611e-06 5.66726012553e-06 3.08922760938e-06 4.01888319714e-06 5.61714851836e-06 4.90923710259e-06 7.65978852507e-06 5.12174012129e-06 4.45545667974e-06 9.04048878238e-06 1.12109832684e-05 8.7422607529e-06 1.14601246823e-05 4.31486833793e-06 5.75266964531e-06 7.42633160843e-06 5.20836291548e-06 5.91663066479e-06 4.14555956936e-06 3.29067395474e-06 5.72234424265e-06 3.66300273873e-06 4.04772570507e-06 2.73020742713e-06 2.30777403009e-06 4.21804087954e-06 1.9312815409e-06 3.30132992613e-06 2.3759319178e-06 2.21487444387e-06 2.23989764511e-06 3.34168269459e-06 2.05272864756e-06 4.49317034758e-06 1.44064736285e-06 1.41493626578e-05 3.72910589148e-06 6.86835731063e-06 1.90356322575e-06 3.37941012554e-06 3.01014000676e-06 1.62066154057e-06 3.11531309453e-06 3.34754378188e-06 1.37952130071e-06 3.31430706042e-06 2.84493526914e-06 2.01778977561e-06 3.983482816e-06 2.69010620575e-06 4.80893073599e-06 3.93822168304e-06 3.45301378174e-06 4.82767941449e-06 4.10135358729e-06 8.39654627684e-06 5.34328404703e-06 3.91417863745e-06 6.94159734413e-06 1.07902910514e-05 6.23826660297e-06 1.07498170469e-05 8.08344152253e-06 4.03561281088e-06 5.53433722805e-06 8.42372617918e-06 4.11806872115e-06 5.02986872231e-06 3.44820956088e-06 4.06833631195e-06 4.72935315891e-06 2.90415203427e-06 4.02620752717e-06 1.97477884156e-06 2.88540029961e-06 3.30661669344e-06 1.51476421306e-06 3.23629036026e-06 2.9693586419e-06 1.64832804136e-06 2.72815283788e-06 3.30239986517e-06 1.79063078551e-06 6.3951169769e-06 3.39209729581e-06 1.78955408755e-05 3.20523152924e-06 4.86586925009e-06 3.19232305325e-06 2.20829138862e-06 4.11677456684e-06 4.43495017043e-06 1.95403083491e-06 3.65092437723e-06 3.59240342721e-06 2.93184619444e-06 3.22438505807e-06 3.317452725e-06 4.15918699667e-06 3.64310914005e-06 4.78733745756e-06 4.09884899402e-06 3.85827156035e-06 7.84483741335e-06 6.43971655644e-06 4.00217380807e-06 7.44441904341e-06 1.10849040843e-05 7.15350780874e-06 8.8372159927e-06 9.53873064934e-06 1.02135945358e-05 3.91754741704e-06 7.2870596212e-06 8.06140237452e-06 4.43269455654e-06 4.4244758194e-06 5.09300330095e-06 3.95321272957e-06 4.23780800814e-06 3.63941655931e-06 3.30165347197e-06 2.79320584154e-06 3.50451403599e-06 4.02339809408e-06 2.18132507493e-06 4.60759165707e-06 3.62061424974e-06 2.55892670447e-06 2.7571104563e-06 4.49843440714e-06 2.92371902047e-06 1.56889544742e-05 7.10416640425e-06 6.15162185872e-06 3.09112982926e-06 2.0730874181e-06 3.29358955632e-06 3.79963204726e-06 2.03233486712e-06 3.54475477107e-06 3.01346859391e-06 2.00402539322e-06 4.45152283186e-06 2.06918168547e-06 4.63516620987e-06 2.76390704632e-06 3.26288074009e-06 5.64765108219e-06 2.65070271022e-06 6.9720707752e-06 4.67929807891e-06 4.45156229112e-06 6.19703945479e-06 9.89931181458e-06 5.14369878724e-06 8.12227348516e-06 6.19931689543e-06 9.67420437134e-06 7.53953779371e-06 4.61781449009e-06 5.13595981385e-06 7.35720466298e-06 2.80552220778e-06 6.17406925672e-06 3.31650388725e-06 3.02490400442e-06 4.58553690254e-06 2.07761448037e-06 4.59317437654e-06 2.16415835689e-06 2.94919003774e-06 3.50616175147e-06 1.96681487256e-06 3.70840264219e-06 3.18734294495e-06 2.15306089291e-06 2.93072985249e-06 5.37834050094e-06 5.79763661134e-06 1.82025121346e-05 5.17253856617e-06 3.31364440389e-06 4.45086539521e-06 5.20014380387e-06 2.8141652597e-06 4.48065884928e-06 4.3261087353e-06 1.94596257532e-06 5.51424908398e-06 4.02333091716e-06 4.09052596603e-06 4.07456690142e-06 3.73124144993e-06 6.10183231957e-06 5.54642169727e-06 7.29733970401e-06 5.47213923448e-06 4.66454485584e-06 1.09335764123e-05 1.13723654513e-05 6.64835801928e-06 8.98079412171e-06 8.21512900428e-06 8.65799204943e-06 9.58883898157e-06 1.34937956988e-05 4.82191598087e-06 6.09797661459e-06 7.06599279708e-06 6.01027730851e-06 6.13474765066e-06 4.08218710629e-06 4.4867675468e-06 4.1616778217e-06 4.33745711243e-06 5.40148728863e-06 2.1095799852e-06 4.16750590201e-06 4.46002244714e-06 2.51498209356e-06 5.03148603253e-06 4.1385711334e-06 2.88016903648e-06 4.69143163384e-06 1.44407317451e-05 1.69214725395e-05 5.91637766742e-06 6.60765569479e-06 7.21545974887e-06 3.57592784942e-06 5.96372249811e-06 5.10230231966e-06 3.09556607657e-06 6.32332110442e-06 4.57076164875e-06 7.48776507808e-06 3.78401777514e-06 5.30903176661e-06 6.92278524653e-06 5.44646981078e-06 1.26340554203e-05 5.72655040418e-06 5.55017682235e-06 1.06379835786e-05 1.51762592565e-05 7.21515905692e-06 9.52994943163e-06 8.01772106769e-06 9.54673151727e-06 8.82067321367e-06 1.4173083441e-05 1.26539279477e-05 5.82150515891e-06 6.20067911181e-06 1.34022785343e-05 5.34540205386e-06 7.10190058692e-06 5.35419803139e-06 4.31075571517e-06 7.22566782548e-06 4.74735202406e-06 5.92602939002e-06 3.33346769318e-06 4.53560808935e-06 5.83565366877e-06 3.30477106301e-06 6.59276171389e-06 5.5720693402e-06 4.60007899195e-06 1.32277473522e-05 1.33147967471e-05 8.38646738987e-06 7.66515477137e-06 3.21946462648e-06 6.28155877114e-06 5.4058843387e-06 3.15424885186e-06 6.4390566782e-06 3.75720200414e-06 7.40085644486e-06 4.77899109736e-06 4.32651626796e-06 6.86440558439e-06 5.38248968777e-06 9.50327962499e-06 8.2068820687e-06 4.46591041114e-06 1.19151494747e-05 1.43464734108e-05 9.6050754955e-06 8.93356433713e-06 7.45190084593e-06 8.1806711799e-06 8.84639673104e-06 1.20357058007e-05 1.24376149406e-05 1.48766597767e-05 4.75783085435e-06 9.18989378821e-06 9.44332310509e-06 5.83489992983e-06 6.87407788413e-06 4.46771292004e-06 5.14693839452e-06 7.21213995751e-06 3.84359807575e-06 6.17936746371e-06 3.18699062781e-06 4.61594428638e-06 5.91593921927e-06 3.04307151271e-06 6.64812998241e-06 7.01793933422e-06 9.50199486544e-06 2.32946281744e-05 1.12047125034e-05 4.15203520491e-06 7.35092151368e-06 5.54712642052e-06 3.47103902926e-06 7.34461646012e-06 4.42711797647e-06 6.9155670448e-06 5.07469929566e-06 6.91686016153e-06 6.22402270747e-06 6.052689668e-06 1.04220725582e-05 6.64299792592e-06 6.75764424701e-06 9.02687684965e-06 1.56212034127e-05 8.55786850162e-06 1.12241549893e-05 7.37593685633e-06 8.47910242768e-06 7.60586219989e-06 1.11717726687e-05 1.04275025631e-05 1.46832427384e-05 1.13646913842e-05 6.98814439565e-06 7.06881789806e-06 1.10903780567e-05 6.28076444818e-06 6.55298346206e-06 6.71234899092e-06 5.48983834459e-06 6.60547587963e-06 4.48581922895e-06 6.69039064583e-06 3.59845622894e-06 5.18122457231e-06 6.61297171624e-06 3.46038637524e-06 8.98065626561e-06 1.68656821431e-05 2.56442210601e-05 5.67212280323e-06 7.48567799008e-06 4.73073819783e-06 3.98196846078e-06 7.40478158017e-06 4.51707845674e-06 6.96715855057e-06 4.37750514435e-06 6.45638061171e-06 6.79335255271e-06 4.40268798674e-06 9.11825070112e-06 5.97311279996e-06 4.89567273191e-06 1.31976776604e-05 1.22826043511e-05 9.48935061666e-06 9.32095670075e-06 8.87601390888e-06 7.50992541954e-06 7.27072728196e-06 9.48015236259e-06 9.14497690093e-06 1.1644799313e-05 1.04364812492e-05 1.64601388736e-05 5.15594892258e-06 7.19187849009e-06 9.3546334955e-06 4.87406490878e-06 7.09132327482e-06 6.39222946916e-06 4.46001893914e-06 6.99892156778e-06 4.5074045622e-06 6.29126065231e-06 4.06033573945e-06 4.60301483733e-06 6.33743756962e-06 4.45808385095e-06 1.71975559162e-05 1.85659241727e-05 1.42928748259e-05 7.98242478217e-06 5.93461940859e-06 1.05101370694e-05 6.42303116255e-06 9.89386716305e-06 7.40740604458e-06 7.22110785934e-06 9.70392327308e-06 8.26770094014e-06 1.13471420857e-05 8.74069331985e-06 7.5217107977e-06 1.49128760686e-05 2.10372897617e-05 8.75532782117e-06 1.39968413773e-05 9.81728062584e-06 1.22520787778e-05 9.33324984821e-06 1.21269502208e-05 1.02306053873e-05 1.39923232672e-05 1.0997428176e-05 1.92665269127e-05 1.74903063228e-05 7.57075202683e-06 9.47205190537e-06 1.1305409289e-05 8.46189540997e-06 1.00901756278e-05 7.09977951764e-06 7.06452667385e-06 9.27197801059e-06 6.33993270609e-06 9.08832640066e-06 5.04614388436e-06 6.72631588775e-06 1.09051713539e-05 1.19109095714e-05 3.64856635291e-05 1.24018407025e-05 7.24823518834e-06 1.03382281227e-05 6.95766796217e-06 1.09598231184e-05 7.14904937128e-06 7.835977426e-06 8.45287047609e-06 8.85905436933e-06 1.39676965787e-05 7.56213131399e-06 7.43449805807e-06 1.55088484254e-05 1.83082311346e-05 1.38949255853e-05 1.02653179845e-05 1.10685117597e-05 9.51411326536e-06 1.13283819245e-05 1.14063468971e-05 9.38157431367e-06 1.18012368821e-05 1.06160172548e-05 1.63241518756e-05 1.5992622248e-05 1.86557489759e-05 7.94027297524e-06 8.71138187809e-06 1.44877129303e-05 8.9881686792e-06 8.34327597811e-06 8.07503381514e-06 6.81933800572e-06 9.85483446185e-06 6.863477622e-06 8.82046476232e-06 5.51471043928e-06 9.20753524955e-06 2.23349758808e-05 2.90536825193e-05 9.0219782968e-06 1.08189153876e-05 7.43551306038e-06 1.11668043379e-05 7.35280139898e-06 7.24056792207e-06 9.76847259002e-06 7.94130021618e-06 1.25097179841e-05 9.34151772207e-06 6.43559532161e-06 1.52857349893e-05 1.83377760022e-05 1.05991382041e-05 1.42739608208e-05 6.77984513682e-06 9.61102335488e-06 8.67321837972e-06 1.25403681322e-05 8.76886025188e-06 9.88218180939e-06 7.77163240461e-06 1.4042171258e-05 1.29246174646e-05 1.55975050663e-05 1.80280719734e-05 6.37399967488e-06 9.99950096807e-06 1.2539966675e-05 7.45959905791e-06 9.27733959797e-06 7.10325748435e-06 6.75454889433e-06 9.45551061434e-06 6.57169848677e-06 8.74460846308e-06 6.68853268999e-06 1.76149221272e-05 2.46209319643e-05 1.82044166629e-05 1.06985715692e-05 1.43842058885e-05 9.57204339707e-06 1.07152588437e-05 1.26826227371e-05 1.01836255337e-05 1.39100965355e-05 1.26235122643e-05 1.02169906091e-05 1.68136012002e-05 2.20473613617e-05 1.34848541267e-05 1.4861988829e-05 1.35412327184e-05 8.72022071163e-06 1.17581727194e-05 1.28953149015e-05 1.29977508618e-05 1.19751482474e-05 8.73695091329e-06 1.38538816363e-05 1.51768243986e-05 1.5498972669e-05 1.93051117564e-05 1.97204871831e-05 1.05817466315e-05 1.33951202824e-05 1.4033497037e-05 9.86305846686e-06 1.16302500801e-05 1.05753672885e-05 9.17312345395e-06 1.23817906541e-05 8.41301205708e-06 1.40259997032e-05 1.48326668483e-05 4.30050959697e-05 1.33517701774e-05 1.28095456254e-05 8.47008199296e-06 9.62711120495e-06 1.11483699739e-05 8.5134776603e-06 1.27197048272e-05 9.77954648182e-06 8.01508424173e-06 1.83475416266e-05 1.83889650458e-05 1.18883445393e-05 1.24480645699e-05 8.7701624664e-06 9.92519817533e-06 6.62090992451e-06 1.01115449496e-05 8.4351281079e-06 1.03181838245e-05 7.1532328121e-06 9.46771185499e-06 9.50720438885e-06 1.17992614708e-05 1.40756630318e-05 1.46961711084e-05 2.04476590963e-05 7.95476786306e-06 9.04327818418e-06 1.26347522796e-05 8.02744210123e-06 9.61213518496e-06 8.35486210814e-06 7.08781492981e-06 1.00882763331e-05 9.62343999428e-06 2.42763726145e-05 4.24241139486e-05 2.75706753478e-05 1.56497849109e-05 1.51443926732e-05 1.68952600982e-05 1.39431091642e-05 2.00808434372e-05 1.47951369138e-05 1.07347058476e-05 2.85681059687e-05 2.89788293203e-05 1.58263106416e-05 1.93638550735e-05 1.38995199086e-05 1.32026513702e-05 1.48819497179e-05 1.31320902534e-05 1.37197256799e-05 1.35914908613e-05 1.36036365359e-05 1.46967901221e-05 1.34702361555e-05 1.40952805431e-05 1.99511376195e-05 1.74505335993e-05 2.57418891013e-05 3.13820898236e-05 1.10388898177e-05 1.53537114706e-05 1.92009321114e-05 1.35959750541e-05 1.54766342047e-05 1.31158584184e-05 1.2004073266e-05 2.10050388209e-05 2.55735449393e-05 6.48665671968e-05 2.17106250589e-05 1.76882616965e-05 1.82376569014e-05 1.53568263423e-05 2.29822017338e-05 1.68947735129e-05 1.21231853274e-05 3.00681129565e-05 2.97343059865e-05 2.46156772789e-05 1.404333505e-05 1.78069466094e-05 1.06419341188e-05 1.50255101555e-05 1.50668659454e-05 1.19855613794e-05 1.17723107846e-05 1.24004507603e-05 1.50079295113e-05 1.51866823563e-05 1.03243387274e-05 1.79883796434e-05 1.39375029117e-05 2.6779007312e-05 2.51241170981e-05 3.18671039253e-05 1.23309856768e-05 1.70859247079e-05 2.12764037808e-05 1.41472661904e-05 1.59098051287e-05 1.47029578885e-05 1.55241950553e-05 3.77381591566e-05 5.25530966718e-05 2.39488049601e-05 2.18539958932e-05 1.65052039276e-05 2.56136391188e-05 1.8710306834e-05 1.35250851295e-05 3.27981828135e-05 3.18818197597e-05 2.23289683941e-05 1.96385440669e-05 1.31286821425e-05 1.25314649804e-05 1.23324281122e-05 1.43218897198e-05 1.49972302766e-05 9.98939155491e-06 1.09868194872e-05 1.42944681367e-05 1.52047268506e-05 1.16869987624e-05 1.28475540638e-05 1.17970252332e-05 2.0377920727e-05 2.33937994743e-05 2.46450243948e-05 3.3509179388e-05 1.28055725486e-05 1.77415875038e-05 2.15125503961e-05 1.34057897838e-05 1.70046631108e-05 1.76972404016e-05 2.95400685005e-05 6.29603549183e-05 3.67971912337e-05 2.1947705452e-05 3.010463747e-05 2.28524784536e-05 1.74484053303e-05 4.05901723043e-05 3.7478916372e-05 2.62118114756e-05 2.26382853617e-05 2.26838083586e-05 1.05065222752e-05 1.79662177563e-05 1.40171465997e-05 1.70464445152e-05 1.51858446531e-05 1.2374915414e-05 1.53025630096e-05 1.69777772463e-05 1.35924186117e-05 1.82742709915e-05 1.00815647537e-05 2.26526936553e-05 2.29480417349e-05 2.58035186007e-05 3.08511057316e-05 4.11990866128e-05 1.6191193535e-05 2.09748764538e-05 2.55156560961e-05 1.73234600293e-05 2.56994017388e-05 3.80923704806e-05 9.13166531035e-05 3.23632137449e-05 3.86520140579e-05 2.68569555366e-05 2.13378911846e-05 5.12906894711e-05 4.38498740192e-05 3.33299369412e-05 2.31769647135e-05 2.52983075478e-05 1.72334919854e-05 1.41012593575e-05 1.91170932183e-05 1.57881099537e-05 1.62845947762e-05 1.63974568977e-05 1.53664186066e-05 1.69509410482e-05 1.41532357728e-05 1.95159020259e-05 1.30661913752e-05 1.71029689508e-05 2.41955667017e-05 2.19672960439e-05 3.3008183399e-05 3.59826369043e-05 5.01775149768e-05 1.9116347698e-05 2.39500805516e-05 3.11444860579e-05 2.42188450027e-05 5.20431161938e-05 9.15267892558e-05 6.20625505326e-05 3.5780173746e-05 2.57549165588e-05 6.68624427744e-05 5.5151527237e-05 4.30262300243e-05 2.96565477817e-05 2.60753829723e-05 2.01173680309e-05 2.39575155066e-05 1.67179279503e-05 2.16921878053e-05 1.66011740758e-05 1.66954824944e-05 2.20819542895e-05 1.64707554664e-05 1.58547707365e-05 2.02438777957e-05 1.56324245165e-05 2.27420873334e-05 1.93633965133e-05 2.28168920617e-05 2.81537130371e-05 4.13455894187e-05 4.3903940618e-05 6.18663741568e-05 2.19883255088e-05 2.98509506644e-05 4.54905168682e-05 5.35503674626e-05 0.000169861590682 5.84978433094e-05 3.4202074229e-05 8.29098178312e-05 6.67915237642e-05 5.4039915085e-05 3.43039553904e-05 3.18753030371e-05 2.15857496849e-05 2.70978283695e-05 2.61255576356e-05 1.75833161549e-05 2.11782650976e-05 1.64172409413e-05 2.18659357149e-05 2.31431613859e-05 1.5073326128e-05 2.09370823922e-05 1.55685826924e-05 2.57499554307e-05 2.48335037908e-05 1.89325012238e-05 2.80977884995e-05 3.22079951136e-05 4.89443757412e-05 5.09305562347e-05 7.24825725915e-05 2.71834623725e-05 4.39184961037e-05 9.72336876251e-05 0.000163444759602 5.25227710192e-05 0.000108176694725 7.92005404879e-05 6.74569451767e-05 4.16434313572e-05 3.75751501641e-05 2.51100748101e-05 2.7620428231e-05 2.91577752603e-05 2.44106988456e-05 1.82366311697e-05 1.87899493532e-05 2.14170323768e-05 2.14869392821e-05 2.062559959e-05 1.76077302216e-05 1.61687096299e-05 2.37796183742e-05 2.65649328931e-05 2.30813845129e-05 2.239699508e-05 3.16755259079e-05 3.79255946878e-05 5.70279615479e-05 5.80187399839e-05 8.84475840754e-05 3.93063006604e-05 9.13225646175e-05 0.000149112623006 0.000183959633161 0.000109755052462 9.06315296697e-05 5.58542014084e-05 5.11777498355e-05 3.19554895599e-05 3.2683326436e-05 3.41054288555e-05 2.84279462378e-05 2.80371548163e-05 1.78979335069e-05 2.68972803237e-05 2.25925236842e-05 2.10638405276e-05 2.75068632871e-05 1.52354712151e-05 2.65265948736e-05 2.62180744057e-05 2.77371796219e-05 2.82290468367e-05 2.777505583e-05 4.02279684905e-05 4.80128355225e-05 7.1900812353e-05 7.68153570402e-05 0.000137102223639 8.6605747209e-05 0.000659779392242 0.000218924927664 0.000157874701496 8.95766307529e-05 7.97645035543e-05 5.1340750581e-05 5.12853421695e-05 4.91337463706e-05 4.07897636488e-05 3.98172197436e-05 3.35667930175e-05 3.15031906771e-05 3.34045172684e-05 2.76343786612e-05 3.292242044e-05 2.85135461712e-05 3.02816622926e-05 3.52977067802e-05 3.34258038535e-05 4.1309563752e-05 4.18321582073e-05 4.07871126326e-05 5.77992230305e-05 7.13435494457e-05 0.000113712589078 0.000151764371089 0.000380423889189 0.00160496473307 0.000550766601365 0.000261201500669 0.000207644222127 0.000139569010084 0.000133545552425 0.000125557068255 9.76830862853e-05 8.94502013969e-05 7.84295876314e-05 9.44251111042e-05 6.27231098632e-05 6.62826382856e-05 6.85778437678e-05 5.32035310022e-05 8.76658925968e-05 6.33543166486e-05 6.59778144827e-05 7.50959056445e-05 9.03043977003e-05 9.15533026993e-05 9.03427959199e-05 0.000118582094991 0.000162804380333 0.000302612246114 0.000764028832579 

























