


























4.84609948604e-07 3.94728300859e-07 2.24372782148e-07 3.71177772437e-07 8.65961273477e-08 2.59098327299e-07 2.04497369964e-07 2.27265314077e-07 1.42773092936e-07 2.72962311345e-07 1.97588578957e-07 2.24492510083e-07 2.04244749612e-07 2.86795261881e-07 1.38029237632e-07 2.49981300988e-07 2.32648802601e-07 2.88682534209e-07 1.1141868365e-07 4.27375728743e-07 2.45863744011e-07 5.22559020989e-07 3.81796686586e-07 2.16547026096e-07 1.34432224009e-06 2.62453976748e-07 1.08620304067e-07 1.9787949943e-07 1.39066230339e-07 1.45262525151e-07 3.08329090384e-07 8.51055815914e-08 1.7713721992e-07 6.87125851696e-07 3.2302950293e-07 5.6355692512e-08 3.26000786591e-07 7.16623090165e-07 1.76536857746e-07 9.19124690323e-08 3.57340416541e-07 1.46535237409e-07 1.57894365987e-07 2.6672484383e-07 1.14949250498e-07 2.91575633565e-07 9.17031055874e-07 2.98788725405e-07 2.2370474604e-07 1.74148872045e-07 4.26720294751e-07 1.32235796481e-07 8.65262234876e-08 3.61628133533e-07 3.50977321798e-07 1.12676079125e-09 3.86846016716e-07 5.44916528877e-08 5.62207973135e-08 3.57661432075e-07 5.61484821542e-08 5.36627413689e-08 3.83429912356e-07 7.66237764353e-09 4.15626233849e-07 3.74451983918e-07 7.98455807525e-08 6.08105147765e-08 3.29971389108e-07 1.82431813911e-07 2.57870940336e-07 2.69487486582e-07 4.98841782398e-07 1.27085517559e-07 1.23514757806e-06 4.35224408623e-07 9.2337453613e-07 3.6822478399e-07 6.63523959932e-08 1.70294233575e-07 8.54537517069e-08 4.30099003876e-07 1.28099649009e-07 4.99373752233e-08 4.08484742889e-07 4.02508991646e-07 4.67140974093e-08 1.28432014405e-07 4.35678638364e-07 7.66184443613e-08 2.02077476874e-07 8.29573712955e-08 3.73887990044e-07 9.09827747621e-07 3.39009386462e-07 8.50810190162e-07 8.76846034404e-08 5.09253431844e-07 3.54692054185e-07 3.38279298589e-07 2.30064755416e-07 2.26150850607e-07 3.03134471084e-07 1.24168228841e-06 1.14153747723e-06 4.79788357366e-07 4.21850914527e-07 2.20863619251e-07 9.89342154451e-07 5.59114895233e-08 1.69864353505e-07 5.98360820521e-07 2.09633711654e-07 2.1066255264e-07 5.84397065445e-07 1.62547804654e-07 6.02012501506e-08 1.00176075034e-06 2.02228292562e-07 4.09795074531e-07 4.82300746312e-07 1.0128836742e-06 8.55348314588e-07 2.74276978433e-07 2.57344899403e-07 2.77062280129e-07 4.50507300905e-07 1.21057340866e-06 5.16642992231e-07 1.99437490908e-07 1.02354363228e-06 7.39118924714e-07 3.91560786536e-06 1.04505220323e-06 4.12123833783e-07 4.48221499443e-07 5.21892623316e-07 1.38588985006e-06 1.1883372516e-07 3.65533455593e-07 4.2303747224e-07 7.37485819195e-07 4.26692884301e-07 3.93926852767e-07 7.22398373293e-07 4.43113538068e-07 3.8474929541e-07 1.2733277009e-07 1.35282020863e-06 4.25474234921e-07 4.16473209475e-07 2.71176543088e-07 8.36103862875e-07 2.54972923837e-06 6.11013142336e-07 9.83021515711e-07 2.47456016177e-07 6.5757152409e-07 1.34457029968e-06 5.24625759453e-07 3.5255305183e-07 3.67198756962e-08 4.07066922779e-07 5.71010348478e-07 6.28663548875e-07 1.14489909494e-06 3.68345377068e-07 2.76906570433e-07 6.69937981482e-08 9.14733336176e-07 2.01261788837e-07 2.14728376366e-07 1.14342971073e-07 6.65054645054e-07 5.16452230636e-08 3.29161793766e-07 3.40778762109e-07 5.17646775998e-08 6.65257913072e-07 9.38074220693e-08 2.05266793632e-07 1.93369303289e-07 8.06006414137e-07 8.26755186322e-08 2.87904555403e-07 1.60349289396e-07 8.34375989071e-07 5.77900051469e-07 5.37979406034e-07 4.54298584666e-07 3.41245158688e-08 4.48334927736e-07 5.7475015778e-07 4.93880707214e-07 4.0794334695e-07 1.20916277365e-07 3.35360694386e-07 2.89444556477e-07 1.6659764959e-06 3.57167755332e-07 2.36203547318e-06 1.78961154631e-07 6.17922518e-07 3.87170807831e-07 5.72670591961e-07 1.98935122027e-07 9.11608328881e-07 2.42606493908e-07 5.18058740484e-07 2.65114507676e-07 5.30785767898e-07 3.00698700742e-07 4.47431612761e-07 2.0813769724e-07 8.98778081504e-07 1.26642351555e-07 4.59413008863e-07 3.18955558406e-07 4.72115819151e-07 9.18729930347e-08 1.66609283683e-06 2.4412785009e-07 1.38831370174e-06 3.11070682243e-07 3.48070396742e-07 1.76226326942e-07 5.14299779203e-07 5.54780460905e-07 2.64090070004e-07 1.68354539848e-07 3.59568024984e-08 1.28227613996e-07 2.85056875471e-07 4.47946637469e-07 1.58979825412e-07 1.46056003543e-07 4.21260112981e-07 8.90645755266e-08 4.31694695801e-07 1.41055746195e-08 1.70584529212e-07 2.54780235148e-07 2.90551436899e-07 2.81314994219e-08 2.41339679078e-07 8.46494928008e-08 8.37448296158e-08 2.00873950203e-07 7.77248973323e-09 2.87628159482e-07 2.35422757717e-07 1.59666522445e-07 4.38820346859e-09 3.51651385477e-07 5.18794360622e-08 3.42793990447e-07 3.94426366382e-08 1.8785970772e-07 4.10873306751e-07 2.95300100263e-07 1.27193455215e-07 3.57015341199e-08 1.97410016108e-07 2.89149059135e-07 3.16430886818e-07 9.38895959113e-08 8.48200906803e-08 1.98475726708e-07 1.14519265201e-07 4.26319951275e-07 3.29871514814e-07 4.70387940318e-07 1.5643140678e-07 1.15408383185e-06 5.28491986994e-07 3.9895821598e-07 6.2715554693e-08 8.26015190583e-07 4.62551461041e-07 2.6877481358e-07 1.06892176062e-07 6.01739045387e-07 5.22661093395e-08 5.66688191279e-07 1.00471962086e-07 2.5702725241e-07 4.08483477096e-07 7.07782215825e-07 5.99929754454e-08 3.82540724565e-07 3.13842887341e-07 8.23943991911e-07 7.57149221713e-08 3.30090132024e-07 3.32655418486e-07 3.79978669327e-07 1.16818532605e-07 2.3291430405e-07 7.83557847913e-08 1.23791917071e-07 3.64749010991e-07 8.4177637e-07 6.22628698362e-07 4.16435747286e-07 4.88842589253e-07 4.67389184502e-07 2.26163009628e-06 9.31967913248e-07 1.64166190205e-06 2.94994875082e-07 5.76579214551e-07 4.31112606072e-06 3.51826019064e-07 4.08220390937e-07 7.00760904816e-07 1.59154963781e-06 5.50483887806e-07 1.03826611274e-06 2.35659848744e-07 6.03782551143e-07 6.0759336533e-07 2.03323432593e-07 1.02174980941e-06 4.94727870577e-07 1.28099235729e-06 4.90783179699e-07 3.96889185737e-07 2.42518093579e-07 2.91718558906e-06 3.58100638631e-07 2.47499218416e-07 1.34987077721e-06 7.88603545132e-07 2.22750470258e-06 4.92772842233e-07 4.89516950701e-07 4.93425231033e-07 7.66181854428e-07 9.35465312743e-07 3.11640953586e-07 1.64316278344e-07 7.71189999403e-08 3.42804606282e-07 1.87326541214e-07 5.72630044989e-07 1.87647105292e-07 6.56677165075e-07 1.16706875095e-07 2.54342934074e-07 8.33890673289e-07 1.02293280852e-06 5.01589161908e-08 8.99095078201e-07 1.89831646397e-07 3.60313988352e-07 3.00810276792e-07 2.88089961791e-07 9.90028074691e-07 2.70049590056e-07 2.66067432382e-07 3.46289269642e-07 1.90991629682e-07 6.75530388842e-07 4.76346134607e-08 7.64654012966e-07 4.1272449192e-07 2.66172808352e-07 8.45422998953e-08 5.73671101625e-07 2.09748171636e-07 5.51914876216e-07 1.84962700713e-07 3.80537411271e-07 8.34503664513e-08 1.8046214384e-07 3.42298795258e-07 1.02509074859e-07 1.38563619037e-07 1.56809444837e-07 1.37657136725e-07 2.20868118942e-07 2.42434015888e-07 1.18278282739e-07 1.70530179346e-07 6.10968600948e-08 2.16034411732e-07 7.79618926969e-08 4.64690635171e-07 2.92576016391e-07 3.71252893761e-07 3.23472952837e-07 1.70737755191e-07 6.59678412761e-08 2.24369288626e-08 1.15475715758e-08 6.11357664147e-08 1.86040334036e-07 2.30563597649e-07 3.62648837806e-07 1.33805193858e-07 3.62505229762e-07 5.98083605465e-09 2.42882301367e-07 5.56871245562e-08 1.54840750477e-07 8.3675343204e-08 2.70429442563e-07 2.03276619344e-07 1.30868664799e-07 1.89015607953e-07 1.65729230685e-07 1.10954396187e-07 3.36458248728e-07 8.02799327965e-07 5.08447258644e-07 4.83533429131e-07 7.57302585095e-07 2.02015173462e-06 3.69487383881e-07 1.81685763518e-06 2.25291450493e-07 9.22298605361e-07 2.44109401511e-06 5.53334752182e-07 1.9731586549e-07 4.0650563648e-06 8.17538997931e-07 8.92807884467e-07 4.48693415543e-07 1.31290687581e-06 4.75386477125e-07 1.61715545247e-06 1.29970518788e-07 1.67707414346e-06 4.72442029081e-07 1.12091683352e-06 3.69523921906e-07 6.43507518753e-07 5.15997888112e-07 2.88233056116e-06 1.41106455694e-07 3.44334122094e-07 1.9168559351e-06 6.90787789094e-07 2.04681598137e-07 1.67780867747e-06 3.39356386299e-07 1.9795495269e-06 8.42838430038e-07 5.29813474109e-07 5.40189066412e-07 9.79178437189e-07 3.5751720801e-07 7.10719098706e-07 3.6203303748e-07 1.18285351406e-07 4.2437671039e-07 2.9608927769e-07 8.79895794606e-07 3.62587038936e-07 7.32418312657e-07 3.67397081756e-07 4.15179449997e-07 1.6260673932e-06 3.953678935e-07 1.89668893894e-07 1.29864617671e-06 2.55336134848e-06 3.07447009926e-07 1.00284242993e-06 3.40336867222e-07 4.68953652131e-07 1.04477375214e-06 7.4749293653e-08 4.3128235958e-08 1.04624818755e-06 4.22784053726e-07 2.9784998227e-07 7.11173265928e-07 2.17886848194e-07 1.84154000129e-06 6.12671746002e-07 2.05198435762e-07 3.90332940205e-07 1.39726306292e-06 3.88101549833e-07 3.73555016396e-07 7.04810153914e-07 3.23354717891e-07 8.8145597331e-07 3.23656701252e-07 4.79424502389e-07 1.35741855954e-07 4.36239007084e-07 7.45106006508e-07 1.80500437044e-07 9.99887191404e-08 8.76442408522e-08 2.2281005759e-07 2.06580343137e-07 6.80205202206e-07 2.32023244042e-07 3.58406650556e-07 9.11578238401e-08 4.47102387978e-07 4.01063394851e-07 3.41151938279e-07 7.02555532082e-08 5.41195709182e-07 4.36028756172e-07 9.4471387085e-07 2.88581621738e-07 5.73201052158e-07 7.24884751894e-08 1.22416001965e-06 1.22472338172e-07 4.00054700789e-07 1.28564434166e-07 9.95360904545e-07 8.84171191841e-08 5.0739102681e-07 1.78165833318e-07 7.66802798804e-07 2.45983886799e-07 4.24787290991e-07 6.4327065917e-08 3.49324019102e-07 4.05897385281e-07 4.01097645503e-07 9.5409510086e-08 3.15885475549e-07 1.8506951128e-07 6.79020592637e-07 1.81642388857e-07 2.30961227007e-07 9.38485777137e-08 1.05235796754e-07 1.85633989929e-07 6.7118723862e-07 8.82551845512e-07 2.87728114463e-07 3.29316504608e-07 6.26661807803e-07 9.59517980841e-07 2.69893841779e-07 1.49324403107e-06 1.17224696315e-07 3.69186202836e-07 2.04907368998e-06 1.87536422487e-07 3.67352917876e-07 1.79199183287e-06 6.92817675443e-07 2.92806576282e-07 2.81970186852e-06 5.7900746517e-07 6.55349908216e-07 4.04227547363e-07 5.2103765431e-07 9.53615740425e-07 7.9303122397e-07 5.01643782746e-07 3.43621054202e-07 3.17214364546e-07 3.09517533493e-07 2.21583208264e-06 1.78474352292e-07 4.64746249997e-07 1.56121265879e-06 2.65428257118e-07 1.56243149305e-07 1.79104226294e-06 3.64124681776e-07 1.07463611031e-07 1.39212676004e-06 3.05213400658e-07 9.46055560606e-07 6.6539850673e-07 3.66737281547e-07 2.86006048025e-07 9.34759666264e-07 6.81662730513e-07 6.65176196241e-08 3.7925796628e-07 1.76205347849e-07 2.07097527475e-07 2.37554408037e-07 8.04879702682e-07 4.0940360573e-07 5.74649704838e-07 2.36546621306e-07 3.77375510614e-07 8.76958490239e-07 5.88331007773e-07 2.1923011239e-07 1.63446407493e-06 8.77963941071e-07 3.98723026595e-07 1.02796602596e-06 2.42228068933e-06 2.59290540154e-07 1.76807532136e-06 1.2026607837e-07 1.26330471015e-06 6.41444698606e-07 1.27467396245e-06 1.38461871918e-07 1.37434402719e-06 1.7083810632e-07 1.81952765179e-06 4.8982764427e-07 2.99457130746e-07 7.99883670703e-07 1.30427674445e-06 2.18038821587e-07 5.17066755404e-07 8.23853812011e-07 3.46934431893e-07 2.57485477935e-07 5.51644555608e-07 4.09155608756e-07 8.60204689122e-07 2.30503828819e-07 2.511958407e-07 1.95413856821e-07 4.06201396896e-07 6.58906912066e-08 3.05947398352e-07 2.02028475856e-07 9.28960245221e-08 2.09102624835e-07 4.02172329077e-07 1.02866897828e-07 4.62147768218e-07 1.37745501526e-07 2.1401308679e-07 3.9511517687e-07 6.8836373781e-08 6.31089183494e-08 4.11630466528e-07 6.27009894159e-07 3.03709748675e-07 2.40515122362e-07 4.27843089553e-07 8.59606321782e-07 5.68577251439e-07 1.60715099977e-07 2.86204050214e-07 7.36167896317e-07 6.53323987036e-07 2.53637917555e-07 1.26641265641e-07 4.23720347855e-07 7.65281751579e-07 2.48621985085e-07 1.18470080225e-07 3.07286726912e-07 5.20645992236e-07 4.14225974537e-07 6.60023633691e-08 4.62482311896e-08 3.96596456249e-07 1.87645700933e-07 1.59757125391e-07 4.15801719608e-07 1.00778824417e-07 4.14416980268e-07 2.19904560647e-07 1.00221661686e-07 2.22871021324e-07 3.40119929413e-07 9.71866683696e-07 3.21904003447e-07 6.38149859411e-07 5.7045086434e-07 1.20086661963e-06 3.50243830113e-07 1.13562091267e-06 3.60733426746e-07 5.49284190992e-07 2.64222320468e-06 5.95923604998e-07 2.2252430607e-07 2.76251874003e-06 8.36030353315e-07 1.09703882186e-06 2.01374103723e-06 1.11792509288e-06 4.71854790546e-07 6.55489141907e-06 4.02830724285e-07 2.61069710437e-06 5.88625438237e-07 2.93645058584e-06 5.51951051142e-07 2.16953981228e-06 1.72806538342e-07 4.72620174757e-06 2.62318382712e-07 9.04671172154e-07 1.77858927467e-06 8.41816705531e-07 7.02255374095e-07 2.56168906418e-06 1.70910989116e-07 5.80516378731e-07 2.41624560324e-06 5.70118081043e-07 3.41184124582e-07 1.11828624158e-06 3.94653657898e-07 1.22000435646e-06 5.77238898872e-07 7.16877973976e-07 3.587884864e-07 1.0529350066e-06 1.7447585816e-07 4.66492482486e-08 6.54305947769e-08 1.13241427504e-07 4.4702978882e-07 1.55200140704e-07 2.8777326638e-07 5.61258957636e-08 1.79211938889e-07 4.15675148541e-07 1.67410719477e-07 5.99276596348e-08 5.25580792385e-07 3.26796907654e-07 6.2462321655e-08 6.27419431151e-07 4.96234051666e-07 7.27497131393e-08 7.26600675232e-07 9.38582601019e-07 3.65544538623e-07 5.95394828421e-07 1.74451964002e-07 1.48708526671e-07 4.7103982211e-07 2.68801462211e-07 8.56530338673e-07 4.43098442767e-07 5.80227442341e-08 4.20423426717e-07 6.15720264961e-07 8.31765213113e-08 1.88248865401e-07 5.37290199452e-07 5.64698580104e-08 1.48260183319e-07 4.09005884656e-07 1.5978042361e-07 7.14752551041e-08 2.99180720131e-07 1.52639620509e-07 4.77897451164e-07 1.25417656378e-07 7.36264410342e-08 4.30575427146e-08 1.92035014179e-07 5.31842672998e-07 3.83885497086e-07 2.80176086235e-07 4.42654021891e-07 8.11161650468e-07 1.76907782881e-07 7.44527603807e-07 8.63883317821e-08 3.12350669158e-07 1.31287562468e-06 3.16515871738e-07 2.08626848003e-07 9.53584360021e-07 4.67463740714e-07 6.33274029815e-07 7.43432398837e-07 1.49069730752e-06 4.4346671684e-07 1.32727762572e-06 4.38977743044e-07 3.59812715356e-06 9.32169087077e-07 2.3461789677e-06 2.30139502239e-06 5.62208472626e-07 2.67982258896e-06 1.8451574051e-07 1.19469536181e-06 3.70928723686e-07 1.29133658837e-06 6.00386622434e-07 6.37851067987e-07 5.00557418447e-07 8.72917968754e-07 2.42391956272e-07 3.00969040862e-07 1.27499702116e-06 2.89785115463e-07 8.97269554491e-08 7.51309660989e-07 1.47003415306e-07 8.8306892731e-07 4.86120086446e-07 2.9279746239e-07 4.19198498691e-07 5.65419078273e-07 5.76047624442e-07 1.24579665593e-07 3.00171657352e-07 2.66677569838e-07 4.86931732401e-07 6.1108637664e-07 6.47191356529e-07 2.86023553929e-07 2.15813862272e-07 1.09335051907e-06 4.44246319198e-07 2.33673862088e-07 2.18803385244e-06 4.34007433357e-07 3.05927804401e-07 1.6898211254e-06 5.42814056603e-07 6.49056235459e-07 2.51873303748e-06 2.55447215853e-07 9.24209221806e-07 3.58704274526e-06 9.23323583193e-07 7.27447919586e-07 7.46947889387e-07 7.21989752329e-07 2.96457988692e-06 6.98995738391e-07 1.16460567185e-07 2.29705167594e-06 5.03109024458e-07 4.70650569188e-07 1.66274839128e-06 1.98781585023e-07 4.28005982357e-07 1.9989458845e-06 2.33627647863e-07 4.36818715046e-07 1.01049142242e-06 3.13548335478e-07 2.82296978034e-07 6.0695895213e-07 7.06673943559e-07 5.56729234003e-07 3.08246482951e-07 3.58436176799e-07 1.25035182267e-07 6.01252576844e-07 1.07514204342e-06 4.06089156514e-07 4.74764899322e-07 5.33761146149e-07 1.82530892598e-06 3.39897221853e-07 1.54299159269e-06 1.59784588943e-07 6.09893908913e-07 1.69326189664e-06 3.84533804202e-07 2.71618549531e-07 1.64240895994e-06 1.40386544639e-06 6.27674975164e-07 1.44834955188e-06 1.8218842716e-06 4.39203290038e-07 3.84571226931e-06 6.47693517903e-07 1.59174733133e-06 1.88007443306e-06 6.01486248369e-06 4.66636842278e-07 3.59251069051e-06 2.6740067406e-07 4.82024564591e-06 1.13824857939e-06 1.65498772472e-06 5.59491249922e-07 3.37361093318e-06 4.85860319959e-07 1.72799781126e-06 1.34156854255e-06 6.21079447329e-07 1.31387982216e-06 1.58041134006e-06 3.24814827682e-07 3.69856364696e-07 1.72075513429e-06 5.60746058608e-07 1.6797827886e-07 1.53992067535e-06 3.19002054382e-07 1.85884557061e-06 5.4800200408e-07 4.93790213436e-07 4.3368469925e-07 1.11092746768e-06 2.13453483914e-07 5.81342998771e-08 4.56844926475e-08 1.72712626333e-07 2.57016572599e-07 4.75453894945e-08 2.58619105821e-07 1.46961989514e-07 5.64265969001e-08 5.11408592524e-07 8.22490253373e-08 5.96898389349e-08 6.66981459115e-07 3.95558112326e-07 1.56510200833e-07 2.68840132456e-07 4.16814136374e-07 3.33071681048e-07 5.10493340288e-07 8.73082887585e-08 4.1657728235e-07 4.13809279937e-07 8.32728365458e-07 9.16907054343e-07 4.99774756913e-07 3.52434342668e-07 8.88209121886e-07 5.99813635735e-07 4.17989102025e-07 4.46554418517e-07 8.49862370226e-08 4.66040513514e-07 3.30189050668e-07 4.10516075631e-07 2.44475697031e-07 1.63348980566e-07 3.77840133018e-07 6.70743606002e-07 7.65164564451e-08 5.38061462013e-08 4.80402795634e-07 7.10432617917e-08 1.48591162519e-07 2.88616978293e-07 4.84754817458e-08 2.77740592989e-07 2.13969003864e-07 4.7402933497e-08 5.44938630645e-08 2.12026969735e-07 6.59194000665e-07 3.47111207116e-07 5.96933380507e-07 6.9104095901e-07 1.47704733548e-06 9.60414340102e-07 6.48542999259e-07 1.4472072439e-07 8.0689599845e-07 1.31395374567e-06 8.39652892572e-07 9.24461881912e-08 1.55644558612e-06 1.5755691756e-06 4.34636230244e-07 2.42814405893e-06 7.35170081684e-07 4.89197551047e-07 3.88816499392e-06 3.60665049961e-07 2.12580014082e-06 2.23028158536e-06 2.31158803502e-06 3.89804920758e-07 6.45368386014e-06 5.09265033068e-07 5.45384755361e-06 3.25041293221e-07 1.91261591871e-06 2.19457504153e-06 1.90147052731e-06 3.9252594075e-07 3.8208522113e-06 4.7415785777e-07 7.86699989704e-07 2.34754007214e-06 4.74667038624e-07 1.44796330497e-06 1.5460375756e-06 9.13008808825e-08 8.31922703562e-07 1.27947114181e-06 8.47965073882e-07 1.91836787889e-07 6.05253842051e-07 1.03342564493e-06 1.48078012772e-06 7.06261361049e-07 6.41525106187e-07 3.54284466353e-07 6.52710229175e-07 1.68528761125e-07 9.39024424932e-08 2.46800154394e-07 2.49564518641e-07 4.8556967091e-07 1.72984403755e-07 7.23236374976e-07 2.1270509123e-08 1.17025185747e-07 1.06273252857e-06 1.29470164909e-07 8.70299026684e-08 9.34572581354e-07 3.90400899838e-07 1.98709061878e-07 7.4182404374e-07 7.17019920974e-07 2.38024304413e-07 1.05274277971e-06 5.36780332245e-07 7.07628019905e-07 1.25774602722e-06 1.50891840287e-06 3.38095193964e-07 1.321466551e-06 1.90079857755e-06 1.98244726471e-06 9.44496654727e-07 3.63067837377e-07 1.53041671118e-06 1.08943913008e-06 7.36250897265e-07 5.13779115644e-07 1.05598602624e-06 2.31153658378e-07 7.41549104947e-07 7.40864248349e-07 1.98805207323e-07 3.67601696886e-07 9.3811551539e-07 1.23887004072e-07 1.06654605077e-07 1.04049829235e-06 1.27299721143e-07 8.14114461116e-09 6.96796750155e-07 1.52728314504e-07 4.97282368642e-07 2.40927497991e-07 2.66864225105e-07 8.29503693403e-08 1.7084910821e-07 3.70102716208e-07 2.35403597678e-07 5.36311867374e-07 7.54096346345e-07 1.09455105238e-06 6.27785325671e-07 7.5247298621e-07 2.74886631995e-07 2.32292327118e-07 1.17175680181e-06 6.43811877883e-07 1.22229206423e-07 1.64935400214e-06 9.35714345098e-07 3.58001710635e-07 1.88595870847e-06 9.16335336821e-07 7.63363656569e-07 1.82317080613e-06 5.80882002521e-07 2.36615205745e-06 1.24767484348e-06 3.02837458621e-06 5.89705740494e-07 2.06611763895e-06 7.89795153734e-07 9.02869115908e-06 7.89795153734e-07 2.06611763895e-06 5.89705740494e-07 3.02837458621e-06 1.24767484348e-06 2.36615205745e-06 5.80882002521e-07 1.82317080613e-06 7.63363656569e-07 9.16335336821e-07 1.88595870847e-06 3.58001710635e-07 9.35714345098e-07 1.64935400214e-06 1.22229206423e-07 6.43811877883e-07 1.17175680181e-06 2.32292327118e-07 2.74886631995e-07 7.5247298621e-07 6.27785325671e-07 1.09455105238e-06 7.54096346345e-07 5.36311867374e-07 2.35403597678e-07 3.70102716208e-07 3.01707309397e-07 1.77847643357e-07 5.75556062175e-07 5.06480001399e-07 7.96167936956e-07 4.61942331241e-07 5.49698860895e-07 6.76001262558e-08 5.41844299503e-07 5.65311771043e-07 3.83917723726e-07 2.7939507856e-07 1.05958614358e-06 8.01391837861e-07 2.27572598868e-07 1.11073059867e-06 1.15433371034e-06 3.19007440729e-07 2.09078081051e-06 3.10254204981e-07 9.96119529167e-07 1.59813242865e-06 7.83857378081e-07 4.91302303568e-07 2.18530230984e-06 5.85047344303e-07 3.173734913e-06 2.96127200571e-06 6.28120596447e-07 2.26361515196e-06 5.15801826294e-07 9.26361921772e-07 1.63831709873e-06 1.0467008652e-06 3.54103505615e-07 1.97587185964e-06 3.18726309502e-07 1.15696446298e-06 1.20603242109e-06 2.45582996551e-07 7.41048511937e-07 1.11772979929e-06 3.1210092177e-07 3.68308803719e-07 6.05191827058e-07 5.84514071885e-07 8.93044756056e-08 4.20053920458e-07 4.95098870367e-07 7.90871437242e-07 4.65148216968e-07 5.94079513576e-07 1.61235887221e-07 3.02296001158e-07 2.98836522427e-08 1.65251031814e-07 2.82449800687e-07 4.25592625011e-07 7.42159530555e-07 1.98050988717e-07 6.47527249037e-07 1.3585997414e-07 1.43931568447e-07 1.17585915963e-06 2.25415602578e-07 9.91692748789e-08 1.07193761133e-06 6.24865470807e-07 3.57851681014e-07 6.55300647007e-07 4.82461188186e-07 5.03266336407e-07 1.30017854118e-06 4.1128127234e-07 8.66791925571e-07 9.42861023398e-07 2.02018886252e-06 1.20318272884e-07 2.53202355435e-06 6.02417947098e-07 2.68997729733e-06 7.33996821576e-07 3.04800265676e-06 8.22311594682e-07 2.45951443827e-06 1.54201578233e-07 2.13742125521e-06 9.94255836508e-07 8.67974449114e-07 3.37033946698e-07 1.29159654947e-06 5.55308455631e-07 4.77297480805e-07 6.50241568571e-07 3.5248196077e-07 5.75026015711e-07 1.06439653017e-06 1.06286225035e-07 1.89153956252e-07 1.19604562191e-06 1.35708832747e-07 1.24708101746e-07 6.73840841273e-07 2.23441870622e-07 7.29580995183e-07 4.39270595329e-07 2.82037221508e-07 1.52485572425e-07 2.93256700895e-08 2.57371750929e-07 3.21742551767e-07 7.63868786362e-07 6.49018571703e-07 1.23990990559e-06 2.83149200603e-07 6.91059845894e-07 8.41012261443e-08 8.11530938261e-07 6.92657564785e-07 9.10002051744e-07 2.52709209427e-08 1.16209725124e-06 1.20910213505e-06 2.11357026088e-07 1.73896879801e-06 6.33231295189e-07 2.9663297985e-07 3.02935358357e-06 4.51179690882e-07 1.6465860635e-06 1.11483023972e-06 1.53997224194e-06 6.09913418726e-07 1.60389546646e-06 1.20675235998e-06 4.27542218091e-06 1.0427259067e-06 1.10270614885e-06 5.04088381381e-06 1.47983989963e-06 1.74318242945e-06 7.45635499209e-07 1.67669928266e-06 1.32234146873e-06 1.61152822613e-06 4.51443602275e-07 3.14706943327e-06 2.36150024553e-07 7.62496322208e-07 1.7950193246e-06 2.03313738296e-07 1.23171303689e-06 1.11362568882e-06 2.96179516793e-08 9.09747246811e-07 7.05452088095e-07 8.5549808217e-07 1.36651946118e-07 6.0003496676e-07 3.57440218361e-07 1.20138353615e-06 6.09897332118e-07 7.30446256116e-07 3.10266811996e-07 2.54965320829e-07 4.15002110173e-07 8.64533545361e-07 5.48884298518e-07 1.47226073189e-06 4.42204565154e-07 1.02214306762e-06 2.22490440319e-07 5.34888273325e-07 1.7039315412e-06 4.4333666486e-07 2.97448400745e-07 1.19656642186e-06 1.07737015983e-06 6.11289755579e-07 1.33749048143e-06 1.15459135102e-06 8.10682885845e-07 2.64359141232e-06 9.41974096701e-07 1.62907350077e-06 2.0803581588e-06 2.01685214614e-06 4.43462816413e-07 3.3990138425e-06 8.83715325703e-07 6.38065391404e-06 1.77744544536e-06 1.57043743745e-06 2.52739242449e-06 7.0518988837e-06 1.34766874982e-06 4.12091815699e-06 5.88253432165e-07 2.19124329119e-06 2.26653719349e-06 1.71833384807e-06 9.4824934726e-07 2.81622753487e-06 8.28425412235e-07 1.14884792431e-06 1.42558315916e-06 6.36778086262e-07 1.04066924182e-06 1.21146172093e-06 3.17136200193e-07 4.02495155465e-07 1.63520622915e-06 5.61884020484e-07 2.23833353363e-07 1.05649241359e-06 4.54541613255e-07 1.42441242709e-06 5.29532135975e-07 8.2645183631e-07 3.95287534184e-07 2.22674735848e-07 4.39335323798e-07 4.0528559637e-07 7.23115392814e-07 1.62757744829e-07 6.81329747849e-07 3.51815406027e-08 3.29521205348e-07 9.80696801829e-07 2.82594370605e-07 1.08441605699e-07 1.05874630235e-06 3.93459925182e-07 2.57833437189e-07 1.01081662896e-06 5.29473748484e-07 2.75887195276e-07 1.61948709762e-06 4.60961259846e-07 1.47064867199e-06 9.50236685582e-07 1.49146577133e-06 2.33109136255e-07 1.39304728737e-06 9.53744105992e-07 2.41665245644e-06 1.0584396042e-06 9.00266395696e-07 8.30597639338e-07 1.4323194732e-06 2.71046468361e-06 1.12735517328e-06 1.59165299418e-06 2.39815608062e-07 1.89230930759e-06 9.32078532119e-07 1.60370325398e-06 4.73926774339e-07 1.60333364036e-06 3.06939626917e-07 5.65537562534e-07 1.11526603271e-06 2.67938750315e-07 3.30264373775e-07 1.0912398282e-06 1.04459624819e-07 2.91018235697e-07 9.9781727912e-07 3.23616881092e-07 3.34366474467e-08 6.58098173927e-07 1.81156393599e-07 6.85868818726e-07 3.9385146652e-07 4.01347169982e-07 2.17462567696e-07 2.03866782683e-07 9.28165572682e-07 5.99329985149e-07 1.14684663586e-06 4.75042765978e-07 1.23310248484e-06 2.46176561275e-07 4.99919234371e-07 1.56069619789e-06 4.35109402501e-07 2.91936314932e-07 8.84831797774e-07 1.70435941025e-06 2.29779800306e-07 1.14007531449e-06 1.70358183593e-06 6.07592444449e-07 3.2354444696e-06 6.15755969031e-07 1.35927138091e-06 2.86695828754e-06 1.61039541607e-06 7.98453340808e-07 2.02901204203e-06 1.01792510286e-06 5.78650661289e-06 8.78020883516e-07 1.79316522642e-06 2.78977620872e-06 2.11424803122e-06 1.51257669361e-06 7.48269126304e-06 1.48949427409e-06 2.1530814655e-06 9.87778290791e-07 2.1952431811e-06 3.08636167777e-06 1.49717417744e-06 8.05430815791e-07 3.26715814818e-06 6.1840422987e-07 1.80179008799e-06 1.17913302996e-06 2.66189094298e-07 1.71172827021e-06 9.29293796228e-07 3.10567036812e-07 4.23194664898e-07 1.51749518943e-06 4.91033289611e-07 2.6967098188e-07 1.11062325663e-06 5.08550714147e-07 1.02571466659e-06 5.48121691707e-07 8.68378261259e-07 1.95634642498e-07 2.55475344809e-07 5.00091056281e-07 4.37320555684e-07 1.18951430629e-06 3.89645498893e-07 7.74156037736e-07 1.49579260182e-07 3.68297947985e-07 1.00437785632e-06 3.62210222415e-07 1.4647773756e-07 1.12769600412e-06 7.62234192006e-07 5.68050327965e-07 7.0050790843e-07 8.52757842028e-07 6.80508496459e-07 2.30802126277e-06 6.16045732063e-07 1.42599982116e-06 1.63468715433e-06 2.52665211728e-06 2.92206441541e-07 2.5500651963e-06 4.98230725714e-07 4.22643365695e-06 1.66479064841e-06 8.59986321893e-07 2.50664385702e-06 2.45663863799e-06 8.99470204128e-07 2.39739386586e-06 5.24264781857e-06 9.85342242198e-07 3.15691337738e-06 3.83388971793e-07 2.98325094659e-06 1.88441135573e-06 1.54296612167e-06 6.51112939914e-07 2.51663665927e-06 6.39749034181e-07 8.37137043498e-07 7.98595246544e-07 5.84448056081e-07 7.6786226621e-07 1.01835256713e-06 1.63013401186e-07 3.4102965914e-07 9.66649054244e-07 4.27940897043e-07 1.32844330046e-07 6.69394191192e-07 3.55358533698e-07 1.10959645225e-06 3.81657667354e-07 4.53348831537e-07 2.49716500491e-07 2.80383720854e-07 2.9766686819e-07 9.06717491839e-07 2.62653809583e-07 6.33278666126e-07 1.08456275034e-07 3.14075921335e-07 1.02320990134e-06 2.0866249893e-07 1.03967023525e-07 1.04394274245e-06 6.31170828709e-07 1.97257378228e-07 1.12435509215e-06 5.68601851183e-07 1.35976526081e-07 1.60391455678e-06 2.69313256091e-07 1.08075589679e-06 1.42974643091e-06 1.25189234356e-06 6.47243588546e-07 1.55998170114e-06 8.41834678646e-07 2.8624342862e-06 1.04481137321e-06 1.43068713418e-06 1.00170718364e-06 2.43375875764e-06 1.04062964676e-06 1.66873071898e-06 1.49669363732e-06 3.29459438467e-06 1.23129213666e-06 1.58873477313e-06 7.84848907318e-07 1.4608128766e-06 1.46004285398e-06 1.206347384e-06 2.80848507861e-07 1.63055971592e-06 1.25480444579e-07 5.44790515488e-07 1.27545233953e-06 1.71409129222e-07 6.76953628131e-07 1.08612891161e-06 1.07942440855e-07 2.15320130878e-07 9.66249046534e-07 3.49285206159e-07 7.30304108968e-08 6.08430600268e-07 1.99576337137e-07 8.3455173736e-07 2.57884336469e-07 2.53579520032e-07 3.05842550792e-07 4.70489596776e-07 1.39037257459e-06 6.81777471419e-07 1.0317403352e-06 5.85173197503e-07 4.67615339259e-07 1.90390659889e-06 3.07042840245e-07 9.0118079139e-08 1.5081261018e-06 1.09459864901e-06 7.77253810636e-07 6.79798644452e-07 2.25846184436e-06 4.84139417239e-07 2.27356413013e-06 7.21846798503e-07 1.25921333837e-06 2.85426284652e-06 2.20050073083e-06 2.45907770856e-07 4.79765353903e-06 6.42385318356e-07 6.09272133076e-06 8.82272663068e-07 1.66001693552e-06 3.13482668724e-06 1.68456349791e-06 1.81008580102e-06 3.3020715365e-06 2.02589232858e-06 1.40085443665e-06 7.3916194625e-06 1.24266285498e-06 5.36683527523e-06 4.01293539941e-07 2.8977279265e-06 3.17186348123e-06 1.53195360523e-06 9.08087022346e-07 2.67656523206e-06 5.93990459679e-07 2.29239218896e-06 7.29065352009e-07 8.08229626163e-07 1.22478226152e-06 1.37452590445e-06 1.41888388242e-07 2.79839360906e-07 1.79193409273e-06 5.16740254442e-07 5.65170354734e-07 8.85618318154e-07 5.90964982818e-07 1.27421447118e-06 4.11900569731e-07 2.61275431599e-07 1.75933074007e-07 5.28061270019e-07 1.17895211085e-06 4.57134576976e-07 8.62939733026e-07 2.33619365276e-07 4.69731529842e-07 1.16767897321e-06 4.49521398321e-07 1.87175324309e-07 9.84310666801e-07 8.31557913225e-07 2.51571723775e-07 1.10442315349e-06 6.56377538212e-07 4.66135001586e-07 1.3134302602e-06 2.63974195484e-07 1.38637765977e-06 1.60054256255e-06 1.81669707657e-06 3.97148072325e-07 2.13014366156e-06 1.34974686696e-06 3.71840213262e-06 1.4260398972e-06 1.06235735319e-06 1.87855435075e-06 2.65546227183e-06 9.62918377167e-07 2.91770917175e-06 2.24153032756e-06 1.09384904565e-06 2.26932278523e-06 4.35225810684e-06 1.97560878612e-06 2.59637745699e-06 5.30454180091e-07 2.25688769951e-06 1.90478108057e-06 1.60023131745e-06 3.1457949023e-07 1.48828271342e-06 4.17785418497e-07 5.73222930921e-07 1.15814037853e-06 1.85378101396e-07 8.61224868598e-07 1.01405515601e-06 1.8885778031e-07 5.40383655944e-07 1.02415480763e-06 4.69197986996e-07 2.29819549866e-07 7.11636440823e-07 4.22537525205e-07 1.04080807078e-06 4.55938058712e-07 1.59788104357e-07 2.28809706146e-07 7.54792063429e-07 1.24103232479e-06 6.07711790081e-07 1.12900433025e-06 4.70936009316e-07 4.6879826635e-07 1.90123098395e-06 4.09304193976e-07 1.15811498456e-07 1.89189670949e-06 9.15649377354e-07 7.614128713e-07 1.34733637285e-06 1.97810661821e-06 4.04527363805e-07 4.11980106098e-06 4.13059277837e-07 1.43942239555e-06 3.27133015456e-06 2.52849962848e-06 5.67516638045e-07 3.44219495796e-06 1.02665880162e-06 7.1667740123e-06 1.15365334571e-06 2.60315571508e-06 1.61966538054e-06 2.85045335744e-06 2.39542493645e-06 2.39228761396e-06 3.38108032968e-06 1.76714178487e-06 2.79762472516e-06 2.23365835309e-06 9.00807021291e-06 1.66051090876e-06 4.10894278458e-06 8.00969905058e-07 3.18952712836e-06 3.60514818384e-06 1.72785654075e-06 5.15707525285e-07 4.39890996404e-06 4.5543575299e-07 1.98512524535e-06 1.43566520291e-06 7.29861148134e-07 9.9364812662e-07 1.90987430517e-06 1.45489639162e-07 4.3890771144e-07 1.73355652859e-06 4.54219387608e-07 4.50013469031e-07 9.63787012853e-07 5.32215378447e-07 1.09095808879e-06 6.483216414e-07 1.98801418911e-07 1.48854913465e-07 7.01654000805e-07 1.47977094768e-06 4.53565219085e-07 6.68155402471e-07 1.86350029448e-07 4.60875913387e-07 1.33253138218e-06 3.9430389083e-07 2.15137205594e-07 1.46888839942e-06 8.91854212674e-07 2.63384460366e-07 9.04831694355e-07 1.00147800091e-06 5.29230291699e-07 1.63272517329e-06 6.34749283506e-07 6.65698990513e-07 1.93653790798e-06 2.65723577544e-06 2.84869431168e-07 2.80972053635e-06 9.75716762784e-07 4.61812561754e-06 1.70261320914e-06 1.24358744543e-06 2.12331190897e-06 1.47653506412e-06 1.65372875611e-06 2.42480259088e-06 1.71536454723e-06 1.73136842312e-06 2.46338662703e-06 1.31850493449e-06 2.86193785537e-06 5.58791487619e-06 1.65980280011e-06 3.46685892005e-06 4.4955024412e-07 3.0966414841e-06 2.35381341704e-06 8.00620055609e-07 6.95189359581e-07 1.92243476987e-06 4.77752851835e-07 9.11293472551e-07 9.3454338306e-07 2.30174002789e-07 9.94422992543e-07 1.46254735632e-06 2.0038422237e-07 4.07544210104e-07 1.2033376738e-06 4.34833737711e-07 1.88728490464e-07 5.9982042409e-07 3.30862603548e-07 1.27562796096e-06 6.09933687848e-07 1.37079539594e-07 7.19466274014e-07 1.55113807e-06 5.39246630838e-07 8.09165589566e-07 1.88547377156e-07 5.56127408276e-07 1.72726112941e-06 3.22456666493e-07 9.89061945519e-08 1.56241688678e-06 9.07039047212e-07 4.0884167206e-07 1.20911303115e-06 1.12711585861e-06 3.08933901627e-07 2.2196981597e-06 3.17196003027e-07 1.94873631432e-06 1.54897297221e-06 2.25211984213e-06 7.98068614029e-07 2.88991504468e-06 1.26886080674e-06 5.26557213802e-06 1.29811947425e-06 2.10937100393e-06 1.82225864351e-06 2.96997268996e-06 1.11448604318e-06 2.3857359794e-06 2.48622398743e-06 1.11287760891e-06 3.56693790228e-06 2.07276496679e-06 2.41992139001e-06 2.20866759073e-06 6.25657108864e-06 1.91775738485e-06 3.2527023887e-06 1.01476860929e-06 2.49064600152e-06 1.62856209289e-06 2.24171339685e-06 3.48988557102e-07 2.41642078846e-06 2.91077981475e-07 1.11186690478e-06 1.26312245961e-06 3.48409874543e-07 8.99204673615e-07 1.52033651046e-06 5.57638318887e-08 3.70799337712e-07 1.5938855069e-06 4.47835293315e-07 2.08212494842e-07 6.79173771418e-07 4.38927657103e-07 1.30358870163e-06 6.30532517947e-07 7.07338091644e-07 1.6469534783e-06 6.16268157079e-07 7.33474143638e-07 1.96307650253e-07 4.29982725767e-07 1.66034106294e-06 4.81136804792e-07 2.50344044386e-07 2.00779333188e-06 9.37393072645e-07 7.80948413021e-07 1.28424068439e-06 1.20016904382e-06 8.37838083781e-07 1.9938201391e-06 7.86252392719e-07 6.5028719209e-07 3.6484845565e-06 1.54637247342e-06 3.25385871128e-07 4.98695847412e-06 9.77803885598e-07 6.44128993317e-06 1.4668629629e-06 1.64973589705e-06 3.29768761245e-06 1.8852651449e-06 2.19487104981e-06 1.67021862545e-06 2.35582881277e-06 1.79029806316e-06 2.2441409254e-06 2.40371957208e-06 3.64726123049e-06 1.98648468364e-06 2.50866479834e-06 7.69162636497e-06 1.50176926724e-06 6.01964449396e-06 5.69499189072e-07 2.09356102803e-06 4.21668980907e-06 9.10385303677e-07 9.21824120295e-07 2.57135569259e-06 8.06948587199e-07 1.20319467712e-06 1.37383819709e-06 7.86071380966e-07 1.02549508919e-06 1.87689985723e-06 3.15589169615e-07 5.00666543392e-07 1.46279582866e-06 4.46082381586e-07 1.8423302643e-07 6.85580250842e-07 4.40476017991e-07 1.27935234334e-06 6.27803442495e-07 2.20802485954e-07 1.4457870865e-06 5.04178560534e-07 1.04586419578e-06 2.65029043135e-07 5.36637831695e-07 1.06974238346e-06 4.68195136115e-07 1.29555611653e-07 1.36607995974e-06 8.37827497737e-07 5.80551693114e-07 1.35898408685e-06 1.06467899692e-06 3.16117344223e-07 1.91092061386e-06 6.39042206199e-07 1.4141059413e-06 1.51391639253e-06 3.04758420954e-06 3.28014652861e-07 3.00300351041e-06 1.65562626684e-06 5.17935891645e-06 1.53480159272e-06 1.78149601432e-06 2.13514601577e-06 3.04660222846e-06 1.30960405441e-06 2.42771402525e-06 1.74866394189e-06 1.68975224183e-06 2.63004111037e-06 1.30408658227e-06 3.43194997096e-06 2.62138578226e-06 1.87524037073e-06 2.6546923196e-06 6.27270623337e-06 2.40970935743e-06 3.64726283193e-06 4.16157506868e-07 3.73694167751e-06 1.81879863525e-06 1.59581795598e-06 7.41285292735e-07 2.07527753016e-06 2.92779113674e-07 1.06724085594e-06 1.45530324007e-06 5.15497141073e-07 8.43660785516e-07 1.27423085641e-06 6.4334430476e-08 4.54939817083e-07 9.25817481756e-07 5.15298435695e-07 2.19691942876e-07 9.24307225802e-07 3.83777362439e-07 1.11954346498e-06 1.94240899722e-07 1.6345157134e-07 2.4200139541e-06 7.2517700906e-07 1.6614624209e-06 3.91295928016e-07 4.46724807665e-07 2.23490710188e-06 6.23993798278e-07 3.73643008248e-07 2.89677204639e-06 1.06895502285e-06 1.04511778171e-06 1.86982582526e-06 1.91007998013e-06 6.86256420617e-07 2.18253679913e-06 8.36644909432e-07 1.94242181136e-06 3.513709328e-06 2.36444491812e-06 1.19316431042e-06 3.15380010841e-06 1.66585690145e-06 8.55685234275e-06 1.94246081942e-06 2.78754734507e-06 2.70141004933e-06 3.15222064323e-06 2.52014770863e-06 2.62329100887e-06 3.5862879834e-06 1.10186610838e-06 3.43350205491e-06 2.9436081487e-06 2.84948161398e-06 3.98721758194e-06 3.27964629835e-06 3.12850340676e-06 3.080869703e-06 1.04299014013e-05 2.50624023233e-06 3.62592974914e-06 1.69297364922e-06 2.94469942454e-06 4.13614250819e-06 2.31747515282e-06 9.62943280793e-07 2.63037653017e-06 7.74346283641e-07 1.87342043245e-06 2.03619338351e-06 1.00388797443e-06 1.0924152703e-06 2.64590847746e-06 3.43522848672e-07 5.05767362516e-07 1.8673438285e-06 4.18224862675e-07 3.0450954353e-07 1.35711535792e-06 5.41762551849e-07 1.85959323437e-06 1.4605207842e-07 1.75885868613e-06 5.31020182756e-07 1.19298099911e-06 2.42721159924e-07 6.5842766988e-07 1.59973352971e-06 6.22321924796e-07 3.11158459599e-07 1.94496172734e-06 9.05652448213e-07 6.42732565095e-07 1.22214997338e-06 1.51645586814e-06 6.62353716916e-07 2.23930845116e-06 4.14532083985e-07 1.55748224648e-06 2.7943605858e-06 3.05761049546e-06 2.94312488251e-07 5.05765143712e-06 7.73860341095e-07 6.37275766659e-06 2.15067599959e-06 1.8586783341e-06 2.36612661033e-06 2.62782825916e-06 1.72647565005e-06 2.46817906641e-06 2.18052925491e-06 1.58642231946e-06 1.51117375338e-06 2.26078101959e-06 2.69921351414e-06 1.81757036779e-06 2.97517561277e-06 2.90132749304e-06 2.03483586506e-06 3.67467643641e-06 7.90318578899e-06 1.29205524229e-06 6.66263039022e-06 4.6002584031e-07 3.82950729763e-06 3.39424193637e-06 1.76326844781e-06 5.31349291178e-07 2.61599266621e-06 7.09884294789e-07 1.56910303687e-06 1.20907281557e-06 6.20485530881e-07 9.09561110282e-07 1.75391684347e-06 2.83571342247e-07 5.36444983223e-07 1.38485872224e-06 5.53672536658e-07 1.68421449514e-07 1.01733463925e-06 3.30076019347e-07 1.32148690639e-06 7.4639075436e-07 3.4723668469e-07 8.40404118633e-07 2.42164606613e-07 4.75271606507e-07 1.37502576354e-06 3.20402099379e-07 2.38900602493e-07 1.32087843211e-06 4.92548711196e-07 6.68525611073e-07 7.86167027993e-07 7.95891805232e-07 3.28183542735e-07 2.06466626369e-06 6.04539425166e-07 1.23138932394e-06 1.11358349287e-06 2.23165842517e-06 4.22801604844e-07 1.93432955287e-06 1.56588717236e-06 3.96623943434e-06 1.27928612264e-06 1.80368171974e-06 1.51890145679e-06 1.89155567182e-06 1.17053368413e-06 1.47870802845e-06 1.77787763785e-06 1.06627596786e-06 1.44509003856e-06 1.03541953094e-06 1.82195289599e-06 1.67087169483e-06 1.24401484884e-06 2.25155277129e-06 1.78930420025e-06 2.06047038433e-06 2.2423824341e-06 4.39997199137e-06 2.3023729355e-06 2.15175708447e-06 5.7001068369e-07 2.51303593268e-06 1.50336798343e-06 1.2683161447e-06 5.8710434748e-07 2.31169668804e-06 2.89884963858e-07 7.86881786488e-07 8.94327568367e-07 5.24606022465e-07 4.62566358826e-07 1.22380529969e-06 1.34693945287e-07 2.56445031917e-07 1.19674719427e-06 3.48911088223e-07 2.29163542021e-07 6.46663676748e-07 2.35907460541e-07 5.79428897912e-07 1.338261234e-06 9.38091514787e-07 2.32294445197e-06 4.64595407568e-07 1.09390920959e-06 2.77415906948e-06 8.65990113551e-07 6.70103982893e-07 2.72562498952e-06 1.58254789104e-06 1.02072618815e-06 2.32274493998e-06 1.7336609466e-06 1.23177570511e-06 3.25599060784e-06 1.34746525318e-06 3.03799539268e-06 2.79206401842e-06 5.0117962707e-06 9.39111938174e-07 6.95886599805e-06 1.56528185345e-06 1.10552559824e-05 1.66711986567e-06 3.00180467211e-06 4.88244194434e-06 3.84155348572e-06 2.75283038428e-06 3.34196672116e-06 3.23971385102e-06 2.65157300587e-06 3.21573964927e-06 3.5623656104e-06 2.69221265776e-06 3.43027849545e-06 3.84873327379e-06 2.86349068624e-06 4.66299655105e-06 5.77749789813e-06 3.54093817991e-06 2.50854534396e-06 1.37150188465e-05 2.41816160739e-06 8.58112716571e-06 1.44546118796e-06 5.58097470511e-06 3.50792374326e-06 3.34323976632e-06 1.40793287997e-06 3.76680244623e-06 1.25596461634e-06 1.76489811235e-06 2.32484687221e-06 9.31525919236e-07 1.66835007412e-06 2.35923829242e-06 5.95558303396e-07 8.33810202742e-07 2.21583036947e-06 8.59105168931e-07 2.99521904131e-07 1.85128620159e-06 5.84432820126e-07 1.02316519005e-06 3.01864593038e-07 6.08370335383e-07 1.15297330183e-06 2.75223089963e-07 4.83058369693e-07 1.283247747e-06 3.18577014931e-07 3.69487506106e-07 1.07947140054e-06 1.03054478605e-06 5.96576047503e-07 1.28177502811e-06 1.28695714445e-06 3.33826780023e-07 1.73737800944e-06 4.70612647607e-07 1.68946466624e-06 1.91976142072e-06 2.534909408e-06 3.09634314907e-07 3.85657118738e-06 1.10654319664e-06 5.22228211798e-06 2.03943212371e-06 1.26215710009e-06 2.25788018412e-06 2.87989957606e-06 1.36592603134e-06 1.34442537534e-06 1.96363975199e-06 1.21378421476e-06 1.62789477993e-06 1.59046968562e-06 1.51146013632e-06 1.24059647779e-06 1.95802353668e-06 1.81751436822e-06 1.61469654337e-06 3.21366062087e-06 2.59778419399e-06 1.4080744673e-06 3.51066213153e-06 6.22524194894e-06 1.94221665679e-06 4.40965382811e-06 5.45478165487e-07 2.69328449233e-06 2.2275379202e-06 1.66184496905e-06 3.97881551135e-07 2.07520892961e-06 3.49913138754e-07 1.35751077508e-06 1.29126137415e-06 6.11442169265e-07 1.01842712134e-06 9.55994960844e-07 3.43457922608e-07 2.55686613054e-07 1.02857925824e-06 3.95562907353e-07 1.67087560019e-07 8.4937199171e-07 4.02336344325e-07 2.37090531009e-07 3.18994862981e-07 1.02888640885e-06 2.02092940963e-06 3.66049095592e-07 7.86660949263e-07 2.13740447927e-06 4.65000409751e-07 2.72456627175e-07 2.34867761725e-06 1.29444092575e-06 6.05359883345e-07 1.44646676275e-06 1.60099796051e-06 1.2570577304e-06 2.74238578531e-06 1.10519654406e-06 2.47042776017e-06 2.88947452826e-06 4.26329515045e-06 4.96598041451e-07 5.66565277624e-06 1.99957103138e-06 8.34277186999e-06 1.93545105462e-06 3.88535330534e-06 2.04079268533e-06 3.77527907354e-06 2.43376519691e-06 2.75260249562e-06 3.17250808449e-06 1.69035385477e-06 2.73626983016e-06 2.73684937336e-06 2.64017020654e-06 3.04870680052e-06 1.84083994702e-06 3.02935522529e-06 3.23268359705e-06 2.58205916644e-06 4.59301693929e-06 2.4950218711e-06 4.54285751012e-06 3.0757815113e-06 9.94375127984e-06 3.14771238024e-06 7.01776453478e-06 8.98375305298e-07 4.7497866736e-06 3.7037840241e-06 2.60299943578e-06 1.14952986049e-06 2.99995390523e-06 1.20429368011e-06 1.68059043732e-06 1.38108842586e-06 6.78220476665e-07 1.27234933903e-06 2.03039615463e-06 2.77058036967e-07 3.90729458794e-07 1.71687314269e-06 4.68118001265e-07 1.52503029675e-07 1.39344835471e-06 7.26403824357e-07 2.56216454291e-07 6.17424199489e-07 1.78365220302e-06 3.66389828683e-07 7.98191453618e-07 2.1605825604e-06 7.64543959621e-07 1.67422497901e-07 2.12711983436e-06 1.60106107716e-06 2.81782889317e-07 1.9128718233e-06 1.05694761922e-06 9.51090874854e-07 3.2113844398e-06 1.01930001307e-06 2.42177516152e-06 2.67061470343e-06 4.38806254617e-06 9.56100718892e-07 5.03221753837e-06 1.78714690452e-06 9.09305236042e-06 2.17419606367e-06 2.48979250073e-06 3.69282780558e-06 2.6274469148e-06 2.15099088132e-06 3.10372612871e-06 2.80498960431e-06 1.38703508352e-06 2.55721121203e-06 2.1331897228e-06 2.26361762924e-06 2.19246866887e-06 2.68402131791e-06 1.52644004576e-06 2.73810096648e-06 3.75768865372e-06 2.47652579848e-06 2.75908505564e-06 5.03581408359e-06 2.59194631023e-06 3.79020218748e-06 1.11260380766e-05 2.84412155713e-06 5.69304256348e-06 1.35901156138e-06 4.86826502278e-06 3.0869764406e-06 2.49771130993e-06 1.09155450738e-06 3.60226772719e-06 8.35075828696e-07 1.00342325841e-06 1.84559687839e-06 2.90221104204e-07 1.45441061927e-06 1.84925418743e-06 1.94141231926e-07 5.66858211067e-07 1.56775515768e-06 5.03808361248e-07 2.11992601277e-07 1.14229884292e-06 4.58849443945e-07 5.95933348784e-07 1.29131383814e-06 3.85014851242e-07 6.64073154174e-07 2.68600788308e-06 1.12417612662e-06 2.36297961999e-07 1.89634406322e-06 1.64160859288e-06 7.17834572059e-07 1.29186486562e-06 1.69025517677e-06 1.02533750904e-06 3.21935226075e-06 1.28571681034e-06 2.69656783934e-06 2.90211181349e-06 4.13043062607e-06 6.89409870068e-07 5.91539685885e-06 1.46208556972e-06 8.42208303011e-06 2.64732905104e-06 3.0678902603e-06 2.33985150343e-06 5.66515507463e-06 1.04893312031e-06 2.96835554286e-06 3.6177490409e-06 1.5695897553e-06 3.03584055637e-06 2.02290683809e-06 2.53364458021e-06 2.66870453158e-06 2.07114867734e-06 3.17656744479e-06 1.58644349418e-06 3.65786487184e-06 3.30447654755e-06 1.27690286655e-06 6.38390563448e-06 2.78268056259e-06 3.53840989422e-06 4.26176978613e-06 9.8877200745e-06 2.50968184855e-06 7.1958082742e-06 1.18698919658e-06 4.70064760526e-06 3.66105527583e-06 2.79266624564e-06 1.2743486117e-06 3.56123968117e-06 9.07108000901e-07 1.75186882955e-06 1.26988243233e-06 7.48573732924e-07 1.49801783909e-06 1.63136937265e-06 2.41907708139e-07 8.97709265869e-07 2.00508063671e-06 3.594645181e-07 1.96458739788e-07 7.54875417447e-07 4.63244456259e-07 8.18203862416e-07 4.72980092514e-07 6.72616712239e-07 2.1915823804e-06 8.47645154986e-07 2.33758156001e-07 2.09128220814e-06 1.2257827456e-06 4.98710994346e-07 1.86401817007e-06 1.14950582932e-06 1.0798772865e-06 2.53279838214e-06 9.55915259104e-07 2.31489041513e-06 1.80477790208e-06 3.6022310963e-06 6.42463959925e-07 5.59332019628e-06 1.93963303451e-06 7.69255701831e-06 2.11940217822e-06 3.07981622924e-06 2.66066828644e-06 3.22430689819e-06 2.14932054448e-06 1.93040549176e-06 2.72063191796e-06 1.96896519057e-06 2.18012386735e-06 1.71143543322e-06 2.38146823773e-06 2.17116744461e-06 2.52072458818e-06 1.67179184609e-06 2.33066781727e-06 2.0535933631e-06 2.80566390804e-06 2.16639115047e-06 2.53900580057e-06 3.48004029564e-06 3.70364056757e-06 3.21666732407e-06 3.70742104384e-06 9.10330846581e-06 2.96058537578e-06 6.74013468324e-06 9.11946479362e-07 4.0818767498e-06 2.13422507796e-06 2.39938761286e-06 8.87420434706e-07 3.02413722374e-06 1.00194456759e-06 1.13685595604e-06 1.65401313491e-06 5.42021307908e-07 1.06909468692e-06 1.56174434469e-06 1.73209761091e-07 6.22680661255e-07 1.54927344039e-06 3.57399588196e-07 2.77902350223e-07 4.56194697244e-07 5.03222914913e-07 5.13616824607e-07 1.13941754781e-06 2.90757952624e-06 7.61282141324e-07 3.76809847878e-07 2.88000039739e-06 1.81713620461e-06 6.17901132211e-07 2.34903757664e-06 2.09043556273e-06 1.03102084822e-06 3.38687881345e-06 1.28485943882e-06 2.54347511199e-06 3.00854248965e-06 3.93021929013e-06 8.86754944218e-07 5.92140588e-06 2.66987160872e-06 9.6538234702e-06 2.36684581564e-06 3.32552475213e-06 3.0545028563e-06 4.75469040778e-06 1.53564066038e-06 4.40752951523e-06 2.15187134801e-06 1.76993055204e-06 3.73341744555e-06 2.00413215854e-06 2.98749706984e-06 2.33540572634e-06 2.35446250032e-06 3.06122288251e-06 1.8999014552e-06 3.9879547812e-06 1.86019134398e-06 2.07385417883e-06 5.07242983737e-06 2.02605447104e-06 5.3221828354e-06 3.66949811831e-06 3.72433992266e-06 4.05542841267e-06 1.1157929316e-05 3.93314211659e-06 7.06848680059e-06 1.27927898452e-06 4.41453825395e-06 3.74505077634e-06 2.73200424786e-06 1.23670005237e-06 3.77246132189e-06 8.7223343931e-07 1.99521595596e-06 2.0321158737e-06 6.68564384093e-07 1.5893668148e-06 2.1891125096e-06 2.05366305069e-07 5.01463853061e-07 1.83627670986e-06 6.41967204091e-07 3.31360007341e-07 3.21677756035e-07 2.20838225883e-07 1.50739593025e-06 3.64808258269e-06 9.03362072211e-07 3.8545368209e-07 3.36688308963e-06 1.75819906792e-06 8.54224660424e-07 2.54670313004e-06 2.25604812368e-06 1.17324581241e-06 3.08906548317e-06 1.37227568034e-06 2.70341805893e-06 2.99849776704e-06 5.88203106849e-06 1.12306460943e-06 7.3913272048e-06 2.77213612821e-06 1.20440042804e-05 3.22714660604e-06 3.15001421353e-06 3.61890706674e-06 5.29662908511e-06 2.12780790447e-06 2.82326088018e-06 4.69528766436e-06 1.71347635148e-06 3.04488527862e-06 3.37082287878e-06 2.86662626867e-06 2.38214517772e-06 3.40128368144e-06 2.54022904199e-06 2.95473606332e-06 3.23705141226e-06 3.29222420629e-06 1.69730997694e-06 4.95424394121e-06 3.31687649518e-06 2.49292079316e-06 5.65581436072e-06 4.97015215365e-06 3.62385113934e-06 5.08226228122e-06 1.43162130859e-05 4.01526542689e-06 9.15799400812e-06 1.5205683854e-06 6.61394502482e-06 3.72515023503e-06 2.98760203315e-06 1.24336178889e-06 3.52017018174e-06 1.04775437643e-06 2.06928184815e-06 2.05511327862e-06 8.85143251722e-07 1.56167552857e-06 2.54886105913e-06 1.87850275239e-07 4.83045411754e-07 2.12827754088e-06 9.2252931032e-07 1.67302785765e-07 6.63956588235e-07 3.9701583128e-06 8.72036217984e-07 3.40073123594e-07 2.89369215865e-06 1.66519950623e-06 7.93818135524e-07 2.86023087139e-06 2.18312426684e-06 1.02651371235e-06 4.2619517999e-06 1.14661861084e-06 3.03248538868e-06 2.84685839031e-06 5.0961836019e-06 1.13216530077e-06 6.12395036694e-06 2.58817741477e-06 1.10077072002e-05 3.90721804896e-06 3.43463470916e-06 2.81030871319e-06 5.00724160418e-06 1.73282783019e-06 3.74415443121e-06 2.15972362304e-06 3.07745039445e-06 2.01885075329e-06 2.21416853015e-06 4.23558010601e-06 1.74346104003e-06 3.28631237898e-06 3.02404522054e-06 1.67770372306e-06 4.5745937311e-06 2.17181380734e-06 2.15154530679e-06 3.14417437728e-06 2.0984049776e-06 4.3551959097e-06 2.16115710591e-06 5.71096881192e-06 3.57936145933e-06 3.85035445512e-06 6.10492433829e-06 1.27617468662e-05 3.79915441675e-06 7.5406367085e-06 1.56332271838e-06 5.61904379247e-06 3.50314417224e-06 3.26229624197e-06 1.12644769296e-06 4.39029717619e-06 9.78396284669e-07 1.93865298341e-06 2.25117915949e-06 7.70554912401e-07 1.40159678211e-06 2.1105257413e-06 1.81739491041e-07 4.44735310763e-07 2.04902779628e-06 4.19286660967e-07 3.18378250479e-06 1.61838674045e-06 4.82900880056e-07 3.24619168432e-06 1.88561969085e-06 1.02106984344e-06 3.05455441266e-06 2.08143748992e-06 7.60617360099e-07 4.73181329506e-06 1.25628485151e-06 2.5229425322e-06 3.26647006973e-06 4.98093352032e-06 1.22300120066e-06 8.58833195798e-06 2.33723590889e-06 1.13929509189e-05 3.65859983104e-06 3.94363387025e-06 3.25261740002e-06 4.64194572282e-06 1.89029298651e-06 3.54248640523e-06 3.46137509739e-06 1.64691879639e-06 4.81702221527e-06 1.89366179329e-06 3.12626785738e-06 2.89822012312e-06 2.76736313747e-06 3.29870002427e-06 2.45519713091e-06 3.24180826733e-06 3.14826007054e-06 1.75148402405e-06 5.46842333252e-06 1.66733433149e-06 3.72970896572e-06 4.08951050867e-06 2.30497889192e-06 4.97501002081e-06 4.2482164475e-06 4.54693271918e-06 5.46281495531e-06 1.32691823234e-05 3.51974741384e-06 1.03049611601e-05 1.59871114248e-06 5.66367052907e-06 4.03989382146e-06 2.67908868108e-06 1.19935491795e-06 4.77488738746e-06 8.43537149812e-07 1.97597354268e-06 2.3114728729e-06 8.56175086056e-07 1.32490327873e-06 2.22478437688e-06 1.97178100567e-07 8.10080706526e-07 1.59855301528e-06 2.52075365273e-06 6.17706132002e-07 3.3974906864e-06 2.00408490799e-06 1.31378306459e-06 2.46475741514e-06 1.58630145949e-06 7.12266483854e-07 3.72001920185e-06 7.72417803964e-07 3.77978524209e-06 2.07045479242e-06 5.41526294061e-06 7.97448459474e-07 6.71002000669e-06 2.90232154176e-06 9.73333837085e-06 3.48459956481e-06 3.49764937336e-06 3.76249500776e-06 4.90567490394e-06 1.38169400437e-06 3.66883423147e-06 2.79135159409e-06 2.6339371014e-06 2.10163863352e-06 3.4531793581e-06 1.74461032733e-06 1.54547011125e-06 3.5042052161e-06 2.26622392635e-06 2.37452200221e-06 3.32489947986e-06 1.70370941859e-06 1.90881344525e-06 3.51732049794e-06 2.3110995378e-06 2.57403555004e-06 2.7732698311e-06 4.01355446631e-06 1.84668622105e-06 5.47574824924e-06 4.70353395627e-06 3.88640588504e-06 5.34108468324e-06 1.10763155792e-05 4.16777690282e-06 8.39645676164e-06 1.14067416198e-06 6.29243058103e-06 2.9173754743e-06 3.93730964783e-06 6.77985353181e-07 3.7454483275e-06 7.70401007898e-07 1.56967931029e-06 1.73312994301e-06 1.01220010544e-06 1.35894898021e-06 2.35675431616e-06 2.08096220311e-07 9.19864765542e-07 1.41337951832e-06 6.22370764746e-06 2.75457843279e-06 1.4540180824e-06 3.46461095137e-06 2.40812308976e-06 1.1284344061e-06 5.62357951261e-06 1.22664642836e-06 4.17503137392e-06 4.14344041125e-06 5.9188615879e-06 1.50850267273e-06 8.9310452172e-06 4.0141157055e-06 1.64899097094e-05 3.79579539209e-06 4.90008995719e-06 4.51359200205e-06 7.15169636668e-06 2.42452159798e-06 3.41184764638e-06 3.56687985594e-06 3.07393754119e-06 4.04396329653e-06 2.28042701306e-06 5.381566302e-06 1.5706389084e-06 3.22745301945e-06 4.32458132331e-06 2.28283903786e-06 4.35875691288e-06 3.21623071581e-06 1.56627508794e-06 5.7418694001e-06 2.13610510819e-06 4.72026374228e-06 2.95743855029e-06 4.01567906489e-06 4.12655570081e-06 2.86460883883e-06 7.74044753287e-06 5.90428661713e-06 5.63234499866e-06 5.75823656654e-06 1.92408606036e-05 5.31133168385e-06 1.03388107033e-05 1.87748883156e-06 6.41943589865e-06 5.36882651041e-06 4.12311819349e-06 1.27126246627e-06 5.15422745701e-06 1.12521632727e-06 2.19536259239e-06 2.60700417453e-06 9.94263118457e-07 1.56296465205e-06 3.58740633645e-06 7.00560723797e-07 2.15588575933e-05 2.87658555679e-06 9.60701772826e-07 3.38496206905e-06 2.76687816244e-06 1.13109246683e-06 5.8351453262e-06 1.05297770591e-06 3.54384838654e-06 3.90092195867e-06 8.22585113232e-06 1.15395684159e-06 9.5258887723e-06 3.56293847773e-06 1.44197025571e-05 5.42040894085e-06 3.65033487351e-06 4.38300261067e-06 6.24802665517e-06 2.51400079243e-06 3.94337253713e-06 2.20405329352e-06 2.95515284507e-06 3.61278822995e-06 3.08101869086e-06 2.85794735979e-06 3.59600647639e-06 1.44600921323e-06 3.63078820318e-06 3.29804628406e-06 3.28616145704e-06 3.56653594322e-06 1.40249151858e-06 3.71013045497e-06 2.8883006856e-06 3.24152916401e-06 3.88786902762e-06 2.83075711671e-06 2.48514095537e-06 4.62537372927e-06 3.01329072923e-06 6.99323932013e-06 5.39210587935e-06 4.36981246891e-06 7.72368472809e-06 1.66927856448e-05 4.91420604039e-06 1.17500217773e-05 1.52991430219e-06 9.37357666257e-06 4.81037366594e-06 3.66717554689e-06 1.06297297179e-06 5.39262457142e-06 1.13866485574e-06 2.3469509219e-06 2.44923824522e-06 6.28090622735e-07 1.18011601767e-06 5.19629650689e-06 1.51934775115e-05 1.43820284857e-06 3.5659705153e-06 2.82290632755e-06 1.15963581407e-06 5.83927132524e-06 1.26447761803e-06 3.8175167707e-06 3.85992596201e-06 6.80644862234e-06 1.54642039473e-06 8.15841517254e-06 4.06554587695e-06 1.45550800393e-05 4.58353567941e-06 4.79971955314e-06 2.98627372863e-06 5.72571801294e-06 2.30087343156e-06 3.9930043331e-06 2.62039954822e-06 2.12426305274e-06 3.49247497146e-06 2.61954380707e-06 3.82783423889e-06 1.80915019249e-06 3.31050145637e-06 1.85321620809e-06 2.37832399187e-06 4.52498685387e-06 2.5228448023e-06 1.65617163284e-06 3.74169972128e-06 1.81509573147e-06 4.06071308749e-06 2.48764324624e-06 4.07289687299e-06 2.18996836238e-06 3.16227688769e-06 4.97089372416e-06 2.57088386871e-06 6.27009378765e-06 4.12030207394e-06 5.58721394766e-06 6.75264724216e-06 1.64479436621e-05 5.44863474425e-06 9.15273196974e-06 1.90788519027e-06 7.39434689789e-06 4.46278058286e-06 3.81693571275e-06 1.21362326976e-06 4.92461036128e-06 1.1102075661e-06 2.08589628333e-06 2.35400014033e-06 5.87078719032e-07 3.58235568335e-06 1.39546262997e-05 9.37130047531e-06 3.34997747709e-06 1.4438840451e-06 7.33895595208e-06 1.73703597726e-06 4.92220969237e-06 4.83352981798e-06 7.52102250501e-06 2.25608769019e-06 1.22162779174e-05 3.98434490411e-06 1.75477697005e-05 5.52900403164e-06 5.23857816574e-06 5.54332132935e-06 5.84826800525e-06 2.75594987681e-06 4.81208866151e-06 3.70464399854e-06 2.71960448536e-06 3.86715465001e-06 3.36400465426e-06 4.34614410135e-06 3.40187600532e-06 1.81388293039e-06 5.64327558679e-06 1.5638655934e-06 4.49511353273e-06 4.53675093125e-06 1.59980203331e-06 5.77519119822e-06 1.89102133994e-06 3.5999591793e-06 4.45226653729e-06 3.53919022635e-06 4.08148878451e-06 2.59651512133e-06 4.12402118302e-06 5.62465280265e-06 3.18259769742e-06 6.43397031213e-06 6.80620322937e-06 6.12338251171e-06 7.82333001269e-06 1.99778213759e-05 5.2818902427e-06 1.52880500113e-05 2.82532010335e-06 8.17976448285e-06 5.80292851247e-06 5.01744711191e-06 1.66261467196e-06 6.07475968356e-06 1.32239704186e-06 2.45010251324e-06 4.72138806808e-06 2.69297683697e-06 3.08188209457e-05 4.7025861237e-06 1.55178873381e-06 6.07675877506e-06 1.5857500613e-06 3.59934094614e-06 4.28340725744e-06 7.13455283117e-06 1.36435574515e-06 8.99358885732e-06 4.66545127143e-06 1.4527260932e-05 5.08750672965e-06 4.24023205348e-06 3.74924563899e-06 6.64757417704e-06 1.96175896256e-06 3.76117138925e-06 2.76668556686e-06 2.42486043539e-06 3.1974400298e-06 2.26578383602e-06 3.2263196669e-06 2.5876264083e-06 2.45456369123e-06 1.95912015957e-06 2.84209413798e-06 2.15755903676e-06 2.73047939152e-06 1.97492087729e-06 3.22340191937e-06 1.83148965393e-06 2.87741673506e-06 2.63032444403e-06 3.68317763776e-06 2.2271925297e-06 3.33470463459e-06 2.63165141692e-06 3.24823640377e-06 4.55270153232e-06 2.25705884654e-06 6.62619310764e-06 4.88571262933e-06 4.80152470465e-06 7.1762390167e-06 1.56871441472e-05 5.97841812048e-06 1.12855526067e-05 1.54499581018e-06 7.12944091221e-06 4.61422159136e-06 3.53047109269e-06 1.44420035e-06 4.71183385425e-06 1.05860135227e-06 2.17324276297e-06 6.41500800635e-06 4.77377428453e-05 7.00358810202e-06 1.28568189905e-05 1.9969604065e-06 5.91966450594e-06 6.9615130558e-06 1.09832146809e-05 2.58814775243e-06 1.1787528947e-05 7.37297127649e-06 2.18724691544e-05 6.37786614377e-06 6.47854938325e-06 5.85310586013e-06 8.90742253375e-06 3.90711804347e-06 5.67601948042e-06 4.65238230507e-06 3.05500468646e-06 6.24365135032e-06 3.57391746769e-06 4.51763730715e-06 4.02711061802e-06 3.38356807836e-06 5.54732630021e-06 2.23647930337e-06 7.2489613984e-06 2.34519797093e-06 2.26742757665e-06 7.37855332412e-06 2.38823001457e-06 5.39783161022e-06 3.45696409558e-06 4.15539583532e-06 4.56164404639e-06 3.73351702294e-06 6.69957589927e-06 3.09193833208e-06 5.21131649078e-06 6.30050330347e-06 4.2639870211e-06 1.00313902497e-05 7.02249653382e-06 7.70347586108e-06 8.45984627892e-06 2.50635227379e-05 9.25979094775e-06 1.41768565637e-05 3.23829558731e-06 1.14394438914e-05 6.86427578565e-06 6.06680720513e-06 1.64406567411e-06 7.32705675626e-06 2.63405869561e-06 7.61366377441e-06 2.62350358374e-05 2.96089877838e-05 4.44995879696e-06 7.65850722872e-06 1.0027137218e-05 1.15919709831e-05 2.85291057033e-06 1.44976736143e-05 6.73485671585e-06 2.30300047582e-05 9.12184342564e-06 4.71021906125e-06 7.34638949897e-06 7.5008461746e-06 3.81085076989e-06 7.04826355369e-06 4.07878419664e-06 3.12436956569e-06 5.2229863759e-06 3.95129872265e-06 4.67747762168e-06 3.11949762533e-06 3.534492669e-06 4.6765842864e-06 3.69611827263e-06 3.23956442127e-06 5.88277064724e-06 1.29780577626e-06 5.70398236295e-06 3.3860177238e-06 3.90171473923e-06 4.48317469698e-06 3.71067940828e-06 3.14303041574e-06 4.65903100756e-06 4.24251805607e-06 5.3587007614e-06 3.45373857393e-06 4.44986506168e-06 7.72441800187e-06 4.28345742077e-06 8.08831029205e-06 8.47833891255e-06 6.01424802353e-06 1.15419209359e-05 2.5837441432e-05 7.97782633215e-06 1.75687578441e-05 3.49328641432e-06 1.17640507066e-05 7.67555834454e-06 6.53598044815e-06 2.03749391318e-06 1.02772732932e-05 3.84362644618e-06 0.000108723445459 7.86278246913e-06 1.01126974327e-05 1.19704528637e-05 1.339527992e-05 3.1181589475e-06 1.53912336844e-05 7.54173356735e-06 2.48121783844e-05 8.73300798283e-06 6.26252654568e-06 5.5877463727e-06 8.40350651277e-06 3.61249593815e-06 6.08521738633e-06 5.16528642322e-06 2.44856205649e-06 4.85997554338e-06 3.13016975102e-06 4.87921491591e-06 3.13835137468e-06 2.82778820766e-06 4.44163691727e-06 3.05549910577e-06 4.6591179742e-06 2.59113224235e-06 2.60074055924e-06 2.99743632194e-06 2.37949272485e-06 4.94285720191e-06 2.96247319151e-06 4.13984942468e-06 3.06472498991e-06 2.99694930493e-06 4.92595038738e-06 3.03162513633e-06 4.84379017573e-06 2.77898585809e-06 5.17232838615e-06 6.71834321216e-06 3.656682559e-06 9.3403646929e-06 6.07604515602e-06 7.70282267767e-06 1.08016170079e-05 2.56710096988e-05 8.78469886009e-06 1.68528276832e-05 3.31198699863e-06 1.14161929034e-05 7.99457124537e-06 5.9398101682e-06 2.97178790393e-06 1.92450511546e-05 3.29794905329e-05 2.90718520979e-05 1.98982030292e-05 2.08026567887e-05 5.70382955588e-06 2.19355986926e-05 1.06858400743e-05 2.87147556615e-05 1.07410844539e-05 7.35239951724e-06 9.15475077353e-06 7.73540339487e-06 4.40730639486e-06 6.77352801372e-06 5.39449837038e-06 3.75230429082e-06 5.84469581412e-06 4.10236432637e-06 5.71202516816e-06 4.758411591e-06 3.5801181618e-06 4.34924258527e-06 3.73924471848e-06 4.95922636439e-06 4.70665922994e-06 1.63526669679e-06 8.38949406066e-06 1.52539137025e-06 4.74109112376e-06 4.84889298128e-06 3.74073215123e-06 4.04204139225e-06 3.86541442154e-06 4.45073992527e-06 5.63088865295e-06 4.15874443304e-06 5.83450975401e-06 3.63497397316e-06 5.58296595478e-06 7.1908740234e-06 4.9141197353e-06 7.95951981142e-06 1.02186489021e-05 8.8885641049e-06 1.24542152583e-05 2.98073743242e-05 1.15651611444e-05 2.09409614105e-05 4.31875028448e-06 1.39444420861e-05 9.20875816397e-06 9.36123905349e-06 6.60509131487e-06 0.000106543689101 3.89160863116e-05 3.5823981767e-05 7.78011366098e-06 3.08955176798e-05 1.52622070308e-05 3.61910612552e-05 1.57216738601e-05 8.27517586735e-06 1.27627543023e-05 1.40942277727e-05 3.5888747843e-06 9.88114232056e-06 5.27903713012e-06 3.89670810156e-06 7.55578591694e-06 3.87160473406e-06 6.15905044863e-06 4.5203812739e-06 4.1481858862e-06 5.19667497891e-06 3.21679854251e-06 5.90823453369e-06 3.93032708724e-06 2.94816573979e-06 4.30255475958e-06 4.0646301331e-06 3.04878928583e-06 3.96950903224e-06 6.00441039745e-06 3.11464141922e-06 4.94851964376e-06 4.2735032379e-06 4.25890853196e-06 6.19522266992e-06 4.1890409166e-06 7.49045668558e-06 4.27796059123e-06 5.53885422148e-06 9.58414443962e-06 3.74349309695e-06 1.35813404173e-05 1.22654425429e-05 9.15014868077e-06 1.55148016013e-05 3.53062160053e-05 1.4292468651e-05 2.42323849281e-05 4.97568517108e-06 1.78283633468e-05 1.31338883895e-05 1.52713848803e-05 0.000144615733545 7.26597253918e-05 1.25221231331e-05 4.40113940062e-05 2.02497360601e-05 5.02461828504e-05 2.16710150376e-05 1.11398751874e-05 1.49527454034e-05 1.77153338458e-05 7.95191706718e-06 8.18468259562e-06 8.72284238562e-06 3.52349129321e-06 1.03031704216e-05 5.57283730937e-06 7.05620453522e-06 5.36375794268e-06 4.63349966398e-06 7.33748499992e-06 4.35577411892e-06 5.65798461704e-06 5.6670587818e-06 2.47069054269e-06 8.67535983788e-06 1.87974894035e-06 8.78045286595e-06 2.46248823246e-06 5.51102076695e-06 5.37728878901e-06 3.99856003338e-06 6.50741095026e-06 4.30806208864e-06 4.85545203873e-06 6.39146855274e-06 5.17986952712e-06 8.50210717669e-06 3.49384173117e-06 7.73719549935e-06 7.25312498957e-06 6.80954162697e-06 1.55646045396e-05 1.29852528089e-05 1.14876649848e-05 1.91964611756e-05 4.47794227749e-05 1.72857768251e-05 2.87392640174e-05 6.21215523209e-06 2.64889435987e-05 2.89055458595e-05 0.00024595054321 2.31379793522e-05 6.17727815692e-05 2.79898017263e-05 6.77167143452e-05 2.93109446131e-05 1.68443161169e-05 2.09103483136e-05 1.97340597793e-05 9.53206255519e-06 1.72287735676e-05 7.74656966748e-06 6.17490952113e-06 1.08822846613e-05 7.78425930334e-06 1.04213822741e-05 6.01541171349e-06 5.87968320918e-06 7.60117495298e-06 5.77721927253e-06 7.2037476675e-06 5.10480548473e-06 2.99142246829e-06 8.0531389712e-06 3.83664309614e-06 4.17710336823e-06 7.5777373284e-06 3.12802238425e-06 4.69860956232e-06 6.54532872608e-06 5.24777094914e-06 6.31463554002e-06 5.24057864157e-06 5.12018769835e-06 8.43974788921e-06 6.29882767314e-06 8.02944765259e-06 5.24103219739e-06 5.95671237403e-06 1.33081205128e-05 7.30001060261e-06 1.47405497011e-05 1.55720807368e-05 1.39513058908e-05 2.29595694574e-05 5.39911839112e-05 2.04640139869e-05 3.47551244493e-05 8.05127477539e-06 4.36286600299e-05 7.45736025416e-05 0.000104337724796 4.08349236709e-05 8.58761574974e-05 3.74155572866e-05 2.42170324196e-05 2.73112919741e-05 2.85957402912e-05 1.09225610258e-05 2.13364473582e-05 1.60227294401e-05 6.54032543406e-06 1.575453791e-05 8.60644488136e-06 1.2445489035e-05 8.60256425954e-06 6.33930321761e-06 9.65372118926e-06 6.16970543193e-06 1.00616373174e-05 6.74846450083e-06 2.72833755336e-06 1.0566340274e-05 4.22426265692e-06 8.07492770894e-06 4.12799983146e-06 9.70632773424e-06 2.62069081439e-06 5.86265910218e-06 8.43454449018e-06 5.22216181541e-06 7.42431721642e-06 5.18045422479e-06 6.44077124624e-06 9.15757817061e-06 6.0056870932e-06 1.07411387619e-05 4.50642156968e-06 1.06793345557e-05 1.39622224025e-05 6.99596539219e-06 1.85958619531e-05 1.79172154626e-05 1.64669018011e-05 2.61177092141e-05 6.08517709845e-05 2.51667640099e-05 5.00712260074e-05 1.45934348422e-05 0.000486452147978 7.50520938122e-05 0.000125975016284 5.05215034435e-05 3.67386482165e-05 4.02610304811e-05 4.12133888042e-05 1.69150462348e-05 2.59829694187e-05 1.99914277234e-05 1.29830893889e-05 1.62822327948e-05 1.31184516227e-05 1.50194426842e-05 1.16878184065e-05 1.08360227464e-05 1.15837348271e-05 8.54377102402e-06 1.20340942328e-05 9.86415776039e-06 4.5040259933e-06 1.02048083618e-05 6.08233656261e-06 8.48181068724e-06 8.16126225747e-06 5.62304300893e-06 8.78585531596e-06 4.03151802341e-06 7.67480848954e-06 9.30204265982e-06 6.37833371693e-06 7.9277093509e-06 7.45750059304e-06 7.80483616297e-06 9.44205293071e-06 8.32133890587e-06 9.07897736741e-06 7.63948503949e-06 1.15340330382e-05 1.40576231711e-05 9.50772783363e-06 2.31482432021e-05 2.23597883206e-05 2.0944147075e-05 3.1618653993e-05 7.91094820918e-05 3.91912586016e-05 9.67860844568e-05 0.000353835170234 0.000290684683079 0.000107312043734 6.35804724415e-05 6.95923913713e-05 7.3410235121e-05 2.98333287575e-05 4.73172769855e-05 3.00161779252e-05 2.1452514579e-05 3.65332478217e-05 1.49790393926e-05 2.87394126974e-05 1.58878369845e-05 1.7554756396e-05 2.07028172113e-05 1.19414599682e-05 1.88984871085e-05 1.40867903157e-05 8.57390916527e-06 1.77601203021e-05 7.6895273234e-06 1.33771383809e-05 1.08932511381e-05 1.26393215281e-05 6.72292562618e-06 1.46769683146e-05 6.76625635286e-06 1.01230896872e-05 1.30066715358e-05 7.52201145633e-06 1.25692891256e-05 9.74474225556e-06 8.52454529695e-06 1.47046983624e-05 7.52554833451e-06 1.76939515693e-05 9.61531155349e-06 1.36474290146e-05 2.10241480929e-05 1.3705903495e-05 3.40255142665e-05 3.34913062994e-05 3.10206685156e-05 4.92819326506e-05 0.000153392460698 9.49624654905e-05 0.00327081496084 0.000543541920693 0.000218506669076 0.000272658509929 0.000249604226185 9.7033283079e-05 0.000144676076306 9.6946084307e-05 6.49247191119e-05 8.96393165145e-05 6.30178236673e-05 6.17334983818e-05 5.05033260434e-05 4.72434315765e-05 4.80994627089e-05 4.34519109567e-05 4.1667640549e-05 3.38506160673e-05 2.41248128616e-05 4.99073650569e-05 2.27531401682e-05 2.57335227518e-05 2.79779367153e-05 2.64236335444e-05 2.27366655747e-05 1.80509146814e-05 3.66599099166e-05 1.53989830694e-05 2.06693211561e-05 2.31217837973e-05 2.15292331319e-05 2.28568699478e-05 1.8956463674e-05 1.93700986494e-05 2.17028762793e-05 1.95087158367e-05 2.96077549106e-05 1.62691078242e-05 2.4933899953e-05 3.74475839361e-05 2.2322061331e-05 5.84410909975e-05 6.3316780692e-05 5.37148106408e-05 0.000127504039799 0.000733798481267 













































