





















































8.43665309735e-07 5.13057888976e-07 7.11829280592e-08 1.73767615114e-07 2.24198559681e-07 1.51061316288e-07 6.82036299388e-07 6.23407437872e-07 3.7887485665e-07 2.00756263807e-06 2.01557854909e-07 2.4703071141e-07 1.27191876714e-07 2.81302636866e-07 9.60795387778e-08 1.81013623227e-07 8.49531919685e-09 4.07811135275e-08 1.17034539585e-07 7.02648796672e-08 1.26983520213e-07 2.4537342769e-08 8.87942005704e-08 1.0780891545e-08 4.55104653678e-08 1.18372511338e-08 1.20866957655e-08 4.7743316964e-08 1.15256216994e-08 1.00746677378e-07 3.08506781892e-08 1.56011993481e-07 9.79503450477e-08 1.65632666746e-07 6.98267768363e-08 1.68520612439e-08 2.47858872245e-07 1.9555981255e-07 5.59795378227e-07 3.34529423448e-07 4.08383956723e-07 3.14694381395e-07 1.40791337825e-06 6.42052461064e-07 1.95721580508e-07 6.64210183717e-07 3.45158029769e-07 9.59408547352e-08 1.36910871623e-07 3.47909600162e-08 2.97677536684e-08 2.83887472704e-08 2.35094219155e-08 1.14320136558e-07 2.5324650849e-08 1.27758400176e-08 1.31572530086e-07 5.984461632e-08 6.74947133368e-08 9.00079996927e-08 7.39807897376e-08 1.25309636352e-07 7.0514278864e-08 1.54719617579e-07 8.9753770268e-08 8.96629899519e-08 1.19245238253e-07 5.27734324508e-08 1.42317641898e-07 6.41018475325e-08 6.36239962575e-08 1.48916588171e-07 5.3746179777e-08 1.24582645286e-07 1.00651103041e-07 9.73900962455e-08 1.7447835188e-07 8.09627372588e-08 1.50778565947e-07 9.53140613598e-08 1.15412534862e-07 9.12157040336e-08 8.86329146079e-08 2.01059090575e-07 2.10722826327e-08 3.93106127239e-08 2.07874529305e-07 4.84587002566e-08 6.853684826e-08 7.09577238462e-08 9.80773296812e-08 2.93614261026e-07 1.22536174362e-07 2.84741161046e-07 5.01704309903e-07 3.68770035391e-07 3.03415523759e-07 5.74473427295e-07 1.82479438773e-06 4.71169859953e-07 4.46202421683e-07 1.38117224733e-07 2.42022913856e-07 4.73918296185e-08 9.47889737874e-08 3.61419263485e-07 1.29216585333e-07 2.15287568813e-08 2.16695513533e-07 2.20237818391e-07 3.41242078401e-08 2.34869066222e-07 1.2405540484e-07 9.73718618735e-08 2.53128635461e-07 5.27704241434e-08 1.47953321891e-07 2.66270375047e-07 3.48802327648e-08 1.98740012158e-07 6.83276699379e-08 1.14037780271e-07 2.09924199154e-07 1.22662179979e-07 7.11539330413e-08 2.14288246148e-07 3.87682847265e-08 3.04134915401e-07 1.85293322762e-07 6.39189079687e-08 2.86414490693e-07 1.33903704437e-07 1.62863972477e-07 3.22257025819e-07 5.70878639836e-08 3.35192228689e-07 3.47977104158e-07 3.14268964627e-08 2.3458672874e-07 5.1771870095e-07 1.58814897828e-07 7.76040586054e-08 4.22730685588e-07 2.2890378345e-07 6.41533752068e-07 4.80368233027e-07 1.27676001756e-06 4.63569883193e-07 6.3025602674e-07 5.72729934384e-08 1.02605450151e-07 4.88015299592e-07 1.60572309741e-06 1.50797129356e-06 1.9552605916e-07 3.87375342626e-07 5.51699464095e-08 8.71526264368e-08 3.93515249753e-07 9.92874031425e-08 3.40760781916e-08 1.59857590966e-07 7.77990419271e-08 6.16066533502e-08 1.31815678612e-07 8.42861632634e-08 1.41753038011e-07 1.15550071088e-07 6.68186440894e-08 1.041899319e-07 6.35614541804e-08 1.03147025132e-07 1.37673152461e-07 7.7331865679e-08 1.23840795593e-07 8.44737213338e-08 1.97432852814e-07 7.80125204882e-08 1.46435334353e-07 8.1224439659e-08 1.57419849884e-07 1.19011979194e-07 8.60290230156e-08 1.31570710414e-07 9.41486405067e-08 1.55236203691e-07 2.12593801124e-07 1.43403806584e-07 2.08527647441e-07 1.09818742226e-07 1.47988535601e-07 2.74519766719e-07 5.16449208028e-08 1.37137772124e-07 5.34963654836e-07 1.65881706475e-07 7.6626032866e-08 5.94938612397e-07 2.07350879345e-07 1.37141164777e-06 1.18722964133e-06 6.51386429863e-07 2.1181973301e-07 2.32391886717e-07 1.31555371292e-07 6.41890216466e-07 1.39146752466e-06 7.11899905836e-06 1.22597109126e-06 1.06123164841e-06 2.24593528402e-07 3.60335683787e-07 1.14076966819e-06 2.54620265718e-07 1.07154869337e-07 6.2493773216e-07 3.76730183578e-07 1.94335977902e-07 4.74217929475e-07 2.5372973503e-07 3.95493687932e-07 3.33326175796e-07 4.39385464544e-07 2.69281242345e-07 4.35831061112e-07 3.39199652932e-07 1.23893723107e-07 5.27572309561e-07 2.61193802923e-07 2.15178594506e-07 7.17014018723e-07 1.39759193937e-07 7.54118291102e-07 2.2343247394e-07 2.98176267597e-07 5.80161106479e-07 1.44281554612e-07 4.05483080799e-07 5.19019569612e-07 3.40001165254e-07 5.61092952288e-07 4.45329803882e-07 5.39280277205e-07 3.55477328913e-07 6.10933283578e-07 2.70075944213e-07 5.36659454769e-07 9.59817370355e-07 1.47231210729e-07 3.62322385025e-07 1.41067117599e-06 5.29853247303e-07 2.88018452172e-07 1.17079377411e-06 9.71157519609e-07 4.71038980939e-06 1.42019750983e-06 1.20848388597e-06 5.17515571398e-07 8.141015762e-08 1.82916396223e-07 1.13201495899e-06 1.47451498779e-06 9.17080309254e-07 2.35552739295e-07 1.86268307638e-07 9.77576088029e-07 1.86913092828e-07 4.42553522507e-08 3.16291615666e-07 2.32431525372e-07 7.50811661088e-08 3.81515708584e-07 1.4691582059e-07 9.79875054248e-08 1.60426246285e-07 1.69498565675e-07 5.31356533003e-08 1.71166067311e-07 1.33908414257e-07 5.94901234253e-08 1.5157864213e-07 1.06871878625e-08 1.00337500664e-07 2.17555963055e-07 3.45611794485e-08 2.58010240866e-07 2.85652570336e-08 2.38138928472e-07 1.17764516289e-07 1.45087138365e-08 1.95511303022e-07 7.83044148581e-08 1.82204202236e-07 2.17032281046e-07 6.55366512584e-08 2.38119917939e-07 2.03509982044e-07 1.51426271809e-07 1.83280584103e-07 4.45942688809e-07 8.65797745817e-08 2.37194761234e-07 4.54888263159e-07 3.89170311261e-08 2.06332926402e-07 9.34870031429e-07 2.2999042109e-07 2.13368355037e-07 6.29528974862e-07 1.18527878494e-06 1.12987726598e-06 3.06497955516e-07 4.08027743685e-07 1.18715688301e-07 2.07518042953e-07 1.52413368158e-06 1.3074178227e-06 5.1520434282e-06 4.51403005638e-07 6.49929782378e-07 1.15314823442e-06 4.6423734209e-07 2.02513335145e-07 6.40204589814e-07 3.97233007292e-07 1.26212562899e-07 3.80830965548e-07 2.55560470332e-07 3.57376186727e-07 2.68234046728e-07 3.11652951098e-07 2.48304011177e-07 3.24333772155e-07 2.61603587559e-07 1.98034949242e-07 3.17116886208e-07 2.54825938695e-07 1.36605580047e-07 4.80900781306e-07 1.967908885e-07 2.32250764814e-07 2.46095117704e-07 2.05214880449e-07 5.04782204225e-07 1.53337004816e-07 2.96895737905e-07 3.74389879148e-07 2.58834592356e-07 3.01268148471e-07 4.12628550909e-07 3.30412658269e-07 3.79266347309e-07 3.52903836324e-07 4.9370371475e-07 3.41079305311e-07 4.33033701332e-07 2.05557632528e-07 5.7923405353e-07 6.648492379e-07 2.62058700449e-07 3.95667387837e-07 1.18976821508e-06 5.59208308248e-07 2.59778200176e-07 3.51141435904e-06 9.49962205356e-07 1.77426599692e-06 5.8613576002e-07 3.82657635014e-07 8.06047807532e-08 2.78325948775e-07 1.39417203992e-07 7.11624403707e-07 5.94646929739e-07 2.62708744472e-07 6.06075510314e-07 1.49207901959e-07 2.86492657644e-08 2.36977899181e-07 1.55406367879e-07 1.77368139523e-08 4.06106876958e-07 9.8490655237e-08 5.09935984001e-08 1.55743734979e-07 9.38829833154e-08 4.7369195384e-08 1.26352343198e-07 7.49269632324e-08 4.54138603184e-08 6.7527520413e-08 2.0923869791e-08 6.69294427648e-08 2.35648605767e-08 5.67083551275e-08 1.20690983479e-07 1.01377704091e-08 1.22836864404e-07 7.51492628121e-08 2.54294397391e-08 8.14821432294e-08 1.78052913324e-08 5.73045348996e-08 6.04349317639e-08 9.27893124417e-08 1.61776591794e-07 4.36790669329e-08 1.39229432141e-07 2.20019240395e-07 4.58131038108e-08 9.14171869519e-08 4.5512228309e-07 1.55537269782e-08 1.23272594234e-07 3.10249257919e-07 1.88451225719e-08 2.03813836942e-07 4.54675424222e-07 2.09841445875e-07 5.24325705595e-07 3.13831201875e-07 1.12951648263e-07 4.5467844048e-07 3.19467696941e-07 1.10147891028e-07 4.44777825088e-07 2.65948169962e-07 9.12157201964e-07 5.37116994714e-07 1.39849792852e-06 1.41887968559e-06 4.24611284133e-07 1.66678726885e-07 8.32362601531e-07 3.20273950138e-07 1.36874720798e-07 1.97040497348e-07 1.92622939362e-07 2.00935912171e-07 1.79352848608e-07 3.28087493458e-07 9.10060614024e-08 2.14152488345e-07 1.65698333379e-07 5.92839626466e-08 2.93844634008e-07 7.03072793386e-08 1.30291098939e-07 2.90824403195e-07 3.0615982112e-08 3.99256164246e-07 7.30042094088e-08 7.06890290453e-08 4.34392288624e-07 3.14623976681e-08 2.69120867792e-07 1.5020014431e-07 6.55082927028e-08 3.40033942111e-07 8.96301157459e-08 1.63275509654e-07 2.49036405938e-07 9.58827483079e-08 3.86376014289e-07 2.23851142962e-07 2.14983324834e-07 2.17186422397e-07 2.43327380324e-07 1.48695226053e-07 3.20471869621e-07 8.33823948926e-07 1.92819221818e-07 3.18971687556e-07 1.08174862661e-06 1.18610815864e-06 4.00298622897e-07 7.53350057515e-07 2.85048606679e-07 8.55658263269e-07 3.28093277815e-07 1.21363046173e-07 1.4646468964e-06 9.25015728866e-07 1.42456172702e-06 8.3248077362e-07 1.97126629808e-06 8.23238157211e-06 1.70609067608e-06 7.50789233726e-07 1.57816175035e-06 1.10468636268e-06 5.09871763907e-07 1.06550904799e-06 5.47169231201e-07 5.10713870722e-07 7.13582207774e-07 5.53018328851e-07 4.75073701927e-07 7.20642335868e-07 3.1306405772e-07 6.27667584641e-07 4.12861693559e-07 3.55270409305e-07 6.06029493207e-07 4.45760186733e-07 2.88055852744e-07 2.29573180459e-07 2.22532031154e-07 8.91134651202e-07 2.26389724882e-07 2.62561241073e-07 2.93127129434e-07 4.6097288649e-07 6.3834586283e-07 4.12333884917e-07 4.6242058043e-07 6.55449992807e-07 3.55652866198e-07 8.37578046099e-07 5.66206654367e-07 5.8599953661e-07 8.40245605773e-07 5.88031823954e-07 6.59466851489e-07 1.11094562213e-06 5.69524518482e-07 1.05443003496e-06 1.63660420709e-06 4.20951612542e-07 1.18381781692e-06 5.77651789558e-06 1.54092111785e-06 6.0181027823e-07 1.57455744258e-06 1.25439379609e-06 3.0025874043e-06 2.66541594192e-07 3.21999510964e-07 1.77670547598e-07 4.3181274405e-07 1.61053692546e-07 3.93711560903e-07 1.75120726506e-06 1.3520873256e-06 1.54512127541e-07 1.2425396234e-06 3.85715695805e-07 1.99211658009e-07 3.77391177805e-07 3.10546979932e-07 1.87410199053e-07 2.40934723003e-07 1.74814458831e-07 1.45940408964e-07 3.03057320126e-07 9.61649296475e-08 1.54151218133e-07 2.28520061088e-07 9.96528788935e-08 1.77283402554e-07 1.74049367746e-07 9.41148933532e-08 2.1309134036e-07 5.32853236626e-08 2.41865198867e-07 2.53816843571e-07 6.00082186875e-08 2.20831167396e-07 9.46598086401e-08 1.96247758948e-07 1.83318796813e-07 1.06757273284e-07 2.57205287868e-07 1.71170358894e-07 1.6788617022e-07 3.54302528742e-07 1.30291299722e-07 2.62091154157e-07 2.70418103845e-07 2.13083174881e-07 2.82546416731e-07 4.60698933525e-07 1.22688620397e-07 3.70030773463e-07 1.15237890668e-06 1.0130876615e-07 1.20211968108e-06 1.37251939777e-06 2.52932132332e-07 1.87016486239e-07 6.22491760325e-07 2.72017934311e-07 9.32422440812e-07 4.3313477612e-08 5.19519770651e-08 2.13961163961e-07 3.97801485692e-08 1.42276568319e-07 5.736188196e-07 3.91334626168e-07 6.32522601183e-07 5.74862217392e-07 3.95217865374e-07 1.58705753671e-07 2.73149754374e-07 1.76445151898e-07 1.40150121225e-07 1.28035367317e-07 2.34351236548e-07 5.94621115866e-08 3.51600185151e-07 3.88465231478e-08 2.5712007462e-07 7.40503073045e-08 6.51037093114e-08 1.24891143974e-07 1.53377069154e-07 1.88937429577e-08 1.60026807886e-07 7.50692070444e-08 3.84945550199e-08 1.61936145175e-07 3.36002700933e-08 9.19853242554e-08 1.6262165032e-07 1.39908322122e-08 1.67471281201e-07 1.56274374462e-07 4.34999563267e-08 8.37054420781e-08 2.79447619531e-07 2.38967160969e-08 3.02663550593e-07 9.36363991185e-08 1.94191923593e-07 1.83631259012e-07 9.61974872407e-08 2.22403019414e-07 1.86851249602e-07 2.19408879458e-07 3.0811191949e-07 4.07375248836e-07 5.74610539646e-07 1.89562090359e-07 3.82291812104e-07 1.49904413929e-07 3.4620358142e-08 3.80459044387e-07 1.20556730684e-07 2.7218494332e-07 2.04597114056e-07 1.77517219397e-06 3.12143888869e-07 7.42653325913e-07 2.24541877993e-06 1.14923248e-06 8.34083714826e-07 7.86105924491e-06 2.77878423524e-06 1.05908586649e-06 1.22238968795e-06 1.25037216034e-06 9.86683511208e-07 1.31852631146e-06 6.43876965688e-07 5.90328247843e-07 1.08005824404e-06 4.04654911007e-07 6.69052876854e-07 5.29234239451e-07 4.13510909677e-07 6.67464399376e-07 5.41801996245e-07 3.55825478394e-07 7.75996276267e-07 1.88011359365e-07 8.7626432747e-07 2.83561708364e-07 2.39907091688e-07 9.57632169955e-07 1.76712515703e-07 7.31926994915e-07 3.72276412071e-07 6.25051851372e-07 6.19602149083e-07 4.54749002842e-07 5.96687755008e-07 6.693937049e-07 4.55587347031e-07 1.13117176843e-06 6.58760379449e-07 6.85486593951e-07 1.2816385062e-06 9.46681973545e-07 1.04953260934e-06 1.2540673745e-06 7.90276407956e-07 1.98959502507e-06 5.75070592348e-06 6.11445324327e-07 1.04162973882e-06 2.40612505373e-06 9.24346183829e-07 5.49511361856e-07 2.66000084555e-06 7.4731198949e-07 2.90522057899e-07 7.73400900606e-07 1.13089741054e-07 5.26702549326e-07 1.46746855278e-06 5.87286058156e-07 4.56638428645e-07 3.26028203368e-06 3.44459698097e-06 9.52787930114e-07 1.88634597384e-06 7.95495638806e-07 8.12804081262e-07 8.77347032997e-07 7.81288202361e-07 2.62643875388e-07 1.02249796306e-06 3.7063136364e-07 5.00891936401e-07 6.05851913168e-07 2.65639101196e-07 3.92184176785e-07 7.23850687e-07 1.80282139318e-07 8.87496782241e-07 1.66085955479e-07 3.98470773985e-07 7.75997311336e-07 4.53106594639e-08 7.96031080479e-07 3.8682415369e-07 1.8245668385e-07 9.72888375638e-07 1.85242963175e-07 6.86345099686e-07 4.97924510749e-07 2.84632676331e-07 6.41180996325e-07 5.50525493086e-07 3.64430017919e-07 1.02675170308e-06 1.95722807151e-07 7.36189252902e-07 8.72493507254e-07 6.65830387263e-07 7.66150295949e-07 1.5325004354e-06 7.92752819716e-07 2.94359077787e-06 2.3758516749e-06 3.4051995046e-07 5.43210586735e-07 1.78274465734e-06 6.26714148079e-07 2.65562516128e-07 1.64668913286e-06 9.27520583863e-07 2.67159259946e-07 3.37945981794e-08 1.44529035627e-07 5.33291279333e-07 2.15827372199e-07 1.27619850835e-07 1.08550328595e-06 1.18155304837e-06 1.32988120771e-06 8.00177384512e-07 7.00788876489e-07 3.4180510484e-07 8.47322062816e-07 3.35169937024e-07 4.40690933116e-07 3.92273882452e-07 1.99890084462e-07 2.60306257032e-07 2.83714871656e-07 1.62814718236e-07 1.96463636953e-07 2.77897600707e-07 1.61181395188e-07 2.28222762237e-07 1.25608877301e-07 2.41330168611e-07 2.0798818186e-07 1.07607376618e-07 1.33548206295e-07 1.71259122417e-07 2.50816864438e-07 1.88605053656e-07 2.01113706814e-07 1.61572209638e-07 3.16207288885e-07 1.77740823415e-07 1.55803939472e-07 3.49923742934e-07 2.61483150303e-07 1.77533724755e-07 3.67248750303e-07 5.52167355506e-07 2.74403421788e-07 7.94532005653e-07 3.40741620773e-07 7.02696907807e-07 4.74669974119e-07 1.25744255206e-06 1.06154411746e-06 8.87035287113e-07 1.70809810559e-07 2.4052054324e-07 7.82753949629e-07 2.79454683173e-07 1.79932371815e-07 8.96012855473e-07 2.33614124516e-07 1.95462402858e-07 1.66717803573e-06 4.02567013213e-07 5.35263760087e-07 1.75886356006e-06 2.00000692886e-06 1.29221473079e-06 6.27955954996e-06 2.2430212448e-06 1.71633662403e-06 1.2371733452e-06 9.72571019334e-07 5.30815550623e-07 1.08471603548e-06 6.2370147085e-07 4.21559248386e-07 8.63537978965e-07 4.73914855774e-07 6.37652644837e-07 6.22076580402e-07 1.94427820183e-07 1.42100138435e-06 8.01767026102e-08 8.07053361021e-07 6.32736647436e-07 1.08513758187e-07 1.28167521044e-06 1.31155846351e-07 6.09609515248e-07 8.29242938547e-07 6.43210868561e-08 1.45120185088e-06 2.10203435905e-07 6.11454347871e-07 6.39348172239e-07 4.56615611974e-07 8.97799632144e-07 3.66264755534e-07 6.59293217981e-07 1.03923902364e-06 3.97124623222e-07 9.53892186832e-07 1.2586322111e-06 1.05988565959e-06 1.5045711528e-06 4.80023826756e-06 8.0127523629e-07 1.69611769584e-06 1.82261037567e-06 5.8551821433e-07 4.80513184402e-07 2.26202556078e-06 5.11364056665e-07 6.26340236898e-07 4.02880623463e-07 9.97413421145e-07 4.31054250797e-07 2.07200817382e-07 1.45095550747e-06 1.11558186297e-06 6.19624197972e-07 2.46796580242e-06 3.29248657441e-06 1.61658524119e-06 2.05624383853e-06 1.00629781233e-06 1.01866989017e-06 1.16664112429e-06 5.55258892903e-07 3.31858388777e-07 9.37054593041e-07 3.56619900806e-07 8.70704302914e-07 7.28294254867e-07 2.40809920397e-07 6.23000355737e-07 2.95819999495e-07 5.21406898621e-07 6.40358917822e-07 1.42271417015e-07 5.53890063086e-07 5.32101561762e-07 1.39749569874e-07 6.39769168783e-07 5.44132617086e-07 2.6090787675e-07 6.25734124635e-07 2.24388828636e-07 7.69084291626e-07 8.50713059815e-07 3.67868199671e-07 9.07453096063e-07 2.78226521721e-07 4.51419624312e-07 1.0937188612e-06 9.92588326207e-07 9.23823731136e-07 1.7750607714e-06 1.3915656914e-06 2.94902524149e-06 1.70137988808e-06 5.15079011788e-07 1.09706304853e-06 1.61738855532e-06 1.79214828339e-07 6.26833122625e-07 1.86615220588e-06 2.29219171581e-06 1.47220923438e-06 2.45140594671e-07 1.31832370539e-07 1.37951146029e-06 9.99518054802e-07 5.24861266906e-07 1.96790179031e-06 2.17333639898e-06 3.25494800083e-06 1.97813018908e-06 1.72442034692e-06 6.93744424655e-07 1.64315208247e-06 5.02415157332e-07 8.21975140881e-07 7.6411014834e-07 4.34617144475e-07 7.91753503891e-07 8.04059574966e-07 3.5691162581e-07 1.02262240938e-06 2.33470899505e-07 9.27401952362e-07 4.22312755375e-07 2.45986945022e-07 6.2589025863e-07 4.23682785056e-07 6.50965868593e-07 2.40722360584e-07 4.0095884175e-07 8.54319391993e-07 2.41425332133e-07 1.02987615322e-06 3.23445356037e-07 7.3615917138e-07 8.11447306417e-07 4.06727636841e-07 7.18181317438e-07 9.03229806402e-07 5.52381563237e-07 1.41318024316e-06 6.91429671992e-07 1.37656997232e-06 1.45371929463e-06 3.02908038938e-06 1.87048353551e-06 1.40733504345e-06 4.88487330992e-07 1.01869246831e-06 1.7921403821e-06 1.62152302841e-07 4.79562224419e-07 9.37209408427e-06 8.85773405633e-07 1.09543574868e-07 2.24610996466e-06 1.67768198123e-06 6.59858407638e-07 1.55031508791e-06 2.27099717182e-06 2.50091083974e-06 7.45485370264e-06 3.24807559967e-06 2.32968464689e-06 2.13967141607e-06 9.54595166207e-07 8.72208468247e-07 1.5836043561e-06 5.42923383926e-07 1.17484866094e-06 1.09080521581e-06 4.68738167535e-07 1.43857112783e-06 3.10999200362e-07 8.90840150236e-07 9.18886830306e-07 1.95763650925e-07 1.03555154666e-06 4.6780827766e-07 4.78934734716e-07 1.02667461982e-06 1.69193735779e-07 9.32147451972e-07 9.51337398132e-07 3.12332252348e-07 1.37796630542e-06 5.10711414596e-07 1.01912420441e-06 1.1754420976e-06 5.38885689762e-07 1.58130858834e-06 7.95904459171e-07 8.20285808842e-07 1.99854060092e-06 1.99040191397e-06 2.16748046192e-06 5.95472421155e-06 1.99269830223e-06 2.05724754091e-06 1.58281694387e-06 8.49062744307e-07 2.0569375432e-06 2.64084964474e-06 2.44495165047e-07 5.80101069734e-06 3.32450931891e-07 1.4089706188e-06 9.80254636209e-07 5.01206587964e-07 1.48856851074e-06 1.36063035172e-06 1.70540325123e-06 3.41089651863e-06 4.87460793682e-06 1.49221886151e-06 3.43540066303e-06 7.73857788032e-07 1.42712081839e-06 1.3507192156e-06 6.63971939528e-07 9.79562652014e-07 1.0022458401e-06 5.3753402404e-07 9.9853245099e-07 4.82133853492e-07 6.8918698485e-07 8.20111745018e-07 3.55332204398e-07 6.06954884873e-07 5.84122030804e-07 5.31355026407e-07 6.62353150023e-07 5.329743723e-07 3.86808059362e-07 8.9315329462e-07 6.04128847508e-07 4.71259521448e-07 1.05793118827e-06 4.3517051169e-07 9.27002498291e-07 9.95383833646e-07 5.7130654162e-07 1.22513352957e-06 1.32558589891e-06 7.45729005375e-07 2.90672101559e-06 9.98268518593e-07 4.35328366949e-06 2.49349807993e-06 1.33456127446e-06 1.27949488204e-06 1.89840313813e-06 5.35880682629e-07 1.34314547469e-06 2.24266982771e-06 2.87611827418e-06 2.55507621711e-06 8.0720553346e-07 4.47401917045e-07 1.14284503433e-06 1.04126653544e-06 1.12486752076e-06 2.00931270209e-06 2.31495960858e-06 3.46249649758e-06 3.11194810893e-06 1.24535712765e-06 8.9887581804e-07 1.13993204942e-06 6.30187019862e-07 8.93229092881e-07 8.8294760373e-07 4.41237465843e-07 9.8898853596e-07 3.92995119444e-07 7.16306395285e-07 8.30353436505e-07 1.55263242297e-07 1.30150305527e-06 2.48305961864e-07 6.04854988355e-07 6.57428668854e-07 2.5367427061e-07 1.30167181362e-06 1.55157160797e-07 7.67984357862e-07 7.20314937978e-07 3.21200490258e-07 9.83498214991e-07 4.07335853838e-07 9.37452427578e-07 7.29676548394e-07 7.62003614858e-07 9.94105850188e-07 8.13072465279e-07 7.77250533709e-07 2.38567574739e-06 3.27165512686e-06 1.5559077567e-06 1.75245794314e-06 9.9166328828e-07 1.19846223725e-06 1.18790900696e-06 3.68408307312e-07 1.83140595521e-06 1.30100759279e-05 2.88493944192e-06 8.94734373166e-07 2.17009088129e-06 1.82831428421e-06 2.0745896834e-06 2.78380393613e-06 3.22503707291e-06 3.36135628804e-06 9.52596679346e-06 2.83713531938e-06 3.17525810896e-06 2.56843987543e-06 1.49088464763e-06 2.02398252457e-06 2.36634621628e-06 6.91686260746e-07 2.31342603175e-06 7.54171134923e-07 1.73820861931e-06 1.69046194191e-06 4.81469505015e-07 1.34299886759e-06 1.25084218263e-06 7.34075807971e-07 1.72256208652e-06 7.90657669128e-07 1.20962604257e-06 1.31240064715e-06 5.04192022411e-07 1.58075437639e-06 1.68564715469e-06 8.19118010236e-07 2.2172416822e-06 7.2767089143e-07 2.01116356484e-06 2.03210564862e-06 1.05972252716e-06 2.2389044947e-06 2.70934367837e-06 2.32900076028e-06 8.14887425966e-06 2.7121306995e-06 2.80612327692e-06 2.89441443747e-06 2.02021931493e-06 2.03103260704e-06 3.58319532798e-06 2.38122315981e-06 1.96112884613e-05 7.25449590903e-07 1.11584268363e-06 9.34414549302e-07 9.93628570521e-07 1.41141859141e-06 1.27193604494e-06 1.3145726145e-06 3.55906636006e-06 3.0152598287e-06 1.55332287094e-06 2.41813464841e-06 6.52380735468e-07 1.59516884856e-06 1.23678698632e-06 4.30845490142e-07 1.20464465676e-06 3.35686701971e-07 9.46585250693e-07 1.06376821849e-06 2.99822663664e-07 1.08071424811e-06 4.82528015977e-07 9.24710501547e-07 4.24597006804e-07 4.4342496642e-07 8.78076411714e-07 4.2817932168e-07 1.17158640885e-06 2.7846163033e-07 1.09493884527e-06 8.67823400708e-07 2.60399494437e-07 1.26100724337e-06 3.1431933872e-07 1.15206013315e-06 1.43767864255e-06 6.41017715257e-07 2.08747487099e-06 1.2447811945e-06 3.09065874965e-06 2.94700183588e-06 9.08817878034e-07 1.08774262556e-06 1.40609039877e-06 9.46329835114e-07 1.38303680225e-06 3.3839946213e-06 5.00937074298e-06 3.47802742314e-06 1.27499191378e-06 1.47694193419e-06 1.74144336871e-06 1.35972261586e-06 1.17267644761e-06 3.53801263316e-06 1.95338537823e-06 4.36367530525e-06 3.37496530114e-06 1.44210723951e-06 1.48284109328e-06 1.99281574797e-06 6.0046521504e-07 2.14495676035e-06 4.47435597665e-07 1.42197463377e-06 1.01196610835e-06 3.65391698195e-07 1.38488082018e-06 5.62499540438e-07 7.17255823741e-07 1.14562303006e-06 4.00391149503e-07 1.18167046471e-06 7.38545631514e-07 4.80659095924e-07 1.31057107584e-06 3.79517913851e-07 9.08508283769e-07 1.40058549038e-06 4.36445240281e-07 1.9739989686e-06 5.46788971677e-07 1.83189444126e-06 1.36782973853e-06 1.1981387902e-06 2.62557596623e-06 4.249486825e-06 1.68412256646e-06 3.15505231817e-06 9.78315396427e-07 1.70698789794e-06 2.78101262642e-06 2.60058951837e-06 3.08295970664e-06 1.29286616475e-05 3.528469356e-06 2.05629325142e-06 3.12242338299e-06 2.65600772386e-06 2.06749513974e-06 3.99680468417e-06 2.58154872713e-06 4.1241760909e-06 9.1551784968e-06 2.66784327809e-06 4.9366774421e-06 2.96829732713e-06 1.30749558418e-06 3.13062153735e-06 1.08723126079e-06 2.00018684715e-06 2.08401299974e-06 8.59032891769e-07 2.12242881018e-06 1.36389664429e-06 1.22464763802e-06 1.36233614461e-06 1.20114384374e-06 1.28777428047e-06 1.32262812277e-06 1.16535056194e-06 1.41712555021e-06 2.0191645601e-06 7.87241427377e-07 2.16006670383e-06 1.75492446788e-06 9.53739512873e-07 3.03279164576e-06 1.12606462548e-06 2.68016828688e-06 4.39919680799e-06 2.07168980808e-06 8.29593709812e-06 3.31782157237e-06 2.30380554252e-06 3.86396865216e-06 2.64627429715e-06 4.2861619039e-06 6.14974277916e-06 5.37472032879e-06 1.76550812689e-05 1.72801331736e-06 1.72962460046e-06 1.38994178109e-06 8.41668078445e-07 1.95509517805e-06 1.05852854145e-06 1.62450345057e-06 3.12296420056e-06 2.91212470634e-06 2.30215861338e-06 2.68775129032e-06 6.41281618567e-07 2.26370331804e-06 5.54346845256e-07 1.60296076453e-06 8.6372046218e-07 4.07793571071e-07 1.17207818738e-06 6.0457674973e-07 8.87258760275e-07 6.69683497182e-07 5.2797863023e-07 1.23230317276e-06 5.27201850513e-07 7.14729522426e-07 8.0788990154e-07 5.88073232467e-07 1.1388133191e-06 3.69302495238e-07 7.22947330873e-07 1.60554556339e-06 5.95883998412e-07 2.05215499014e-06 6.284843383e-07 2.27225509682e-06 1.7618064373e-06 3.16887786724e-06 2.53597879204e-06 1.33819507338e-06 1.14710146704e-06 2.21522072689e-06 8.77297592754e-07 2.212677052e-06 4.265461979e-06 9.29584651343e-06 6.72626289418e-06 2.53837099816e-06 2.42783681035e-06 4.13525152213e-06 2.0336629899e-06 2.25496637112e-06 5.20128480125e-06 2.92888558772e-06 1.02986552634e-05 5.93233300156e-06 2.54729060912e-06 3.43814498469e-06 1.22544295657e-06 2.76327806062e-06 2.70127994136e-06 6.93362096974e-07 2.42754688731e-06 1.29376916817e-06 1.78713400432e-06 2.00109509287e-06 9.18077615363e-07 1.71941891243e-06 1.69537140876e-06 9.27310900807e-07 1.91822026643e-06 1.71073007904e-06 1.42706166287e-06 2.30639878341e-06 7.91459076417e-07 2.55658339168e-06 2.56296640937e-06 1.11031195915e-06 3.24320348331e-06 1.6933070672e-06 4.74914359298e-06 9.93220986363e-06 2.66033747535e-06 5.72277798431e-06 2.40081372072e-06 2.63190115705e-06 6.10494776486e-06 4.03240583956e-06 5.24766604735e-06 2.1233545672e-05 5.66978967565e-06 2.48925757984e-06 5.12626082513e-06 2.30810574644e-06 2.6758275398e-06 4.61669866971e-06 2.79834251105e-06 7.2151320564e-06 1.04794353209e-05 2.92759707544e-06 8.02381396321e-06 1.26301165348e-06 4.51214076551e-06 2.84219246244e-06 1.04734516872e-06 2.72097836274e-06 1.61484408671e-06 1.99656359338e-06 2.34239738425e-06 1.70785834496e-06 2.34370299189e-06 1.49657115347e-06 2.41823753702e-06 1.63053209309e-06 2.43316478651e-06 1.88764176977e-06 1.47845998777e-06 2.74433036198e-06 8.58330956221e-07 2.6689916873e-06 4.10723542909e-06 1.15198010739e-06 7.35544938077e-06 2.59407451697e-06 1.03834848982e-05 6.49176557626e-06 2.68101049147e-06 4.96804759132e-06 3.36394447653e-06 2.95761095251e-06 8.96900552338e-06 5.41205707671e-06 2.15086567082e-05 2.01410815145e-06 2.18148427477e-06 1.21438423296e-06 1.50273966717e-06 2.06273388696e-06 1.11484822812e-06 2.36003997043e-06 3.68192942406e-06 3.02072121963e-06 3.2696321232e-06 1.27218339715e-06 1.54056170572e-06 2.13956431664e-06 4.87589439227e-07 2.12746298964e-06 6.89766998476e-07 1.17128388407e-06 9.96576248527e-07 7.13775210403e-07 1.33007188065e-06 7.2372011322e-07 5.85782021097e-07 1.58774665169e-06 5.14106706009e-07 1.05823588854e-06 1.1370234856e-06 7.18403652421e-07 2.11008379258e-06 5.16774185326e-07 2.10972716719e-06 1.43467230949e-06 1.34554025324e-06 2.91923140683e-06 3.5527897554e-06 3.66231540529e-06 2.28889273199e-06 1.26794641534e-06 2.63847417602e-06 2.00454661751e-06 1.6828834414e-06 4.46994382013e-06 7.05428807268e-06 1.33692683506e-05 3.62326572396e-06 4.35361268464e-06 6.34333459355e-06 2.97465250783e-06 5.54142545343e-06 8.91419130045e-06 4.50531467688e-06 1.86794357548e-05 3.75225899257e-06 9.77595261803e-06 4.77949315199e-06 2.05196583564e-06 4.84475906927e-06 3.35730982883e-06 2.74600549554e-06 3.98480307436e-06 2.5551349116e-06 4.10339975822e-06 3.43376516251e-06 2.57439808866e-06 3.33706973301e-06 4.1967255946e-06 2.63878950303e-06 4.12663317256e-06 2.48960787442e-06 3.32411222697e-06 4.89172981077e-06 1.87494083999e-06 4.81415747529e-06 8.99672852588e-06 3.22589855255e-06 1.75086364694e-05 4.23939234952e-06 9.13649820188e-06 6.48692934165e-06 3.88831765436e-06 9.03189568896e-06 6.88504845718e-06 7.08857266095e-06 3.92696982689e-05 2.05871754776e-06 1.51552379506e-06 2.34866656716e-06 1.32625736031e-06 1.82465927933e-06 2.24807026449e-06 1.16427611644e-06 4.81216268726e-06 2.93744262386e-06 3.37629846182e-06 2.9834843511e-06 6.14671392481e-07 2.6828254018e-06 1.1005266327e-06 1.52872214547e-06 1.30319569557e-06 7.64559078133e-07 1.78468531963e-06 1.11793821652e-06 1.11567557649e-06 1.2884429948e-06 9.02321102833e-07 1.96030636023e-06 6.55585784627e-07 1.34490934178e-06 1.55528272683e-06 1.15390738778e-06 2.56170793094e-06 6.85672193859e-07 2.78481976884e-06 3.07709877089e-06 3.64732272648e-06 4.33929738336e-06 1.38445144922e-06 2.64760836286e-06 2.30437975337e-06 1.75443107554e-06 3.67119659036e-06 2.90794769298e-06 6.6670597676e-06 7.61648605318e-06 6.33662641501e-06 3.44100201495e-06 5.99680220113e-06 6.36994025098e-06 2.95598977793e-06 1.06464089792e-05 3.94200836963e-06 1.4418619037e-05 7.91229157857e-06 3.11493889368e-06 5.19130498793e-06 4.03897645894e-06 3.38870897975e-06 5.12036980039e-06 2.01106901151e-06 5.34651079878e-06 3.09627773313e-06 3.73075893205e-06 4.17152569006e-06 3.68948626242e-06 3.17405936675e-06 5.11553781561e-06 2.23742319319e-06 5.22511539586e-06 3.28226592619e-06 3.89493600733e-06 5.4143768539e-06 2.85810621808e-06 7.2101282613e-06 1.49492922078e-05 3.84420035185e-06 1.08086664489e-05 3.16447830401e-06 7.96130934425e-06 7.80545531265e-06 4.82390716531e-06 1.16768121395e-05 2.1702004434e-05 1.1598985395e-05 3.19687055439e-06 5.14985153672e-06 6.05543444015e-06 2.6294371879e-06 6.96713375112e-06 3.12409458397e-06 1.04326140451e-05 1.32898787025e-05 2.99231700471e-06 9.7342116038e-06 3.03111716104e-06 4.90951711722e-06 4.4652526448e-06 2.7101656364e-06 4.22920230728e-06 2.76299910211e-06 3.34276924309e-06 3.86425687414e-06 3.71859811106e-06 3.46539099624e-06 2.5354954243e-06 4.27668502307e-06 2.66928386319e-06 4.22304946146e-06 4.70128323668e-06 3.1945060434e-06 9.69851403427e-06 2.57102483517e-06 1.36789276975e-05 1.00365632119e-05 2.94679881346e-06 8.0999943078e-06 3.3275516172e-06 8.20533859282e-06 7.33074056706e-06 5.86199432562e-06 2.94980269338e-05 2.09810130844e-06 2.41541379123e-06 2.7310990811e-06 1.1477398439e-06 3.00806693154e-06 9.87567859503e-07 3.45521249238e-06 3.5299915611e-06 2.72092818972e-06 3.40419823941e-06 2.18502608755e-06 1.56705525609e-06 2.53146260346e-06 1.1269551271e-06 2.65460864464e-06 1.09837569092e-06 1.6022373281e-06 1.73795849577e-06 1.87122309779e-06 1.70797451684e-06 1.58683233749e-06 1.0471595673e-06 2.61294152236e-06 1.11142848958e-06 2.52163179616e-06 1.57459090571e-06 2.09095021726e-06 3.17166170503e-06 3.52465116785e-06 3.31750433018e-06 3.2233662321e-06 1.22767306706e-06 3.63466033731e-06 1.36229189585e-06 3.92305874888e-06 3.9593576458e-06 5.82805143214e-06 1.61102769846e-05 8.89496564273e-06 3.88995057623e-06 9.63698423504e-06 3.15823163437e-06 8.34202356608e-06 1.00397859004e-05 4.51153469891e-06 2.03933614362e-05 7.65160689108e-06 9.28208268123e-06 6.77833344418e-06 4.48572623887e-06 7.31864392483e-06 4.98766300718e-06 3.84895824587e-06 5.62959190323e-06 5.19924413229e-06 5.05873100365e-06 5.61383584163e-06 3.90263282284e-06 4.81965427833e-06 7.57810936382e-06 4.26926320762e-06 6.78697059212e-06 8.57899676063e-06 6.7937243527e-06 2.0219917363e-05 4.41536167236e-06 1.04659757603e-05 9.4428166518e-06 3.64568454615e-06 1.20065786213e-05 6.0849524951e-06 1.49674411709e-05 3.59455065553e-05 1.02718704685e-05 2.46436101217e-06 6.81175922238e-06 1.88207379292e-06 5.18128377383e-06 4.71935534357e-06 2.09413484299e-06 9.39593714795e-06 8.67799032876e-06 5.74670895869e-06 7.26220586269e-06 2.23702817334e-06 6.20619444623e-06 3.01574656255e-06 4.06858742472e-06 3.25871949464e-06 4.02934371539e-06 3.4246864531e-06 3.97200010308e-06 3.280844503e-06 4.12018139567e-06 3.15689419696e-06 6.01118358318e-06 2.44902600636e-06 6.81397127445e-06 5.32818195129e-06 9.79458608446e-06 8.61490807935e-06 2.20976896205e-06 5.33524216735e-06 6.20314480284e-06 1.93961133153e-06 9.36282548431e-06 3.84369037548e-06 2.31660503648e-05 5.72556452782e-06 8.91626516558e-06 2.98028386929e-06 7.79664275128e-06 6.24581423907e-06 2.51669042527e-06 1.00321188533e-05 6.46940898717e-06 1.11902974606e-05 9.00198888168e-06 5.25205703879e-06 6.11730276948e-06 4.8702931704e-06 3.96896739235e-06 5.71806236124e-06 3.97510829472e-06 4.45832781969e-06 4.55207751785e-06 3.76600398264e-06 5.77444486747e-06 4.082677518e-06 4.58526843192e-06 6.28107979414e-06 4.74866272652e-06 8.63220012167e-06 1.28869763649e-05 6.39757856978e-06 9.94035524467e-06 2.53673907916e-06 7.02378480926e-06 9.5025331393e-06 3.92969411832e-06 1.35078921971e-05 1.11645248807e-05 2.30982481056e-05 3.47716903649e-06 1.09337064299e-05 7.83515790784e-06 3.17322227183e-06 9.66092740641e-06 7.80486586593e-06 1.10686122162e-05 1.83548384219e-05 7.53668281923e-06 1.46590820258e-05 5.67707180418e-06 7.61167696933e-06 7.57600065289e-06 7.9863966869e-06 5.67214761362e-06 7.06005599659e-06 5.68877784848e-06 7.9410028482e-06 7.5831862358e-06 7.56081742336e-06 5.95552071087e-06 1.41228093624e-05 6.79739655852e-06 1.93862911718e-05 1.10702727114e-05 8.14922644211e-06 1.04388865711e-05 3.72971907544e-06 9.8601116945e-06 1.36709948451e-05 5.26975254473e-06 4.58129960095e-05 4.81473652618e-06 7.08652713443e-06 6.0757649398e-06 2.6247621166e-06 6.22852298757e-06 3.76548574449e-06 5.7118464606e-06 8.79638362259e-06 8.9696596873e-06 7.75172958217e-06 6.04868017202e-06 3.43553038777e-06 5.78303523152e-06 4.00303692677e-06 4.73936319445e-06 3.18322233795e-06 3.50377538649e-06 4.39077681872e-06 4.11685300045e-06 5.51154538913e-06 3.48897940555e-06 5.61395796437e-06 7.19112519141e-06 1.04379260524e-05 8.40121296579e-06 5.75188929454e-06 4.12440652145e-06 7.45321171495e-06 3.10297220789e-06 7.93392742136e-06 9.51970005485e-06 8.871033284e-06 2.67319739104e-05 1.12375937667e-05 5.18190811737e-06 1.28017353448e-05 7.86215234867e-06 8.98497875438e-06 1.53523804185e-05 1.03619903837e-05 2.74978508287e-05 1.19144732726e-05 1.39814041135e-05 9.87726545449e-06 1.1966823994e-05 9.53255742298e-06 1.04746232465e-05 7.06155723677e-06 1.06741233658e-05 9.68037237525e-06 1.17910932998e-05 1.00274707319e-05 1.37813181316e-05 1.10121463386e-05 2.77881881035e-05 9.96838135016e-06 1.56389514201e-05 9.79241035431e-06 9.16220639332e-06 1.48282536964e-05 6.4204355517e-06 1.55055957716e-05 4.66002002307e-05 1.63010987097e-05 3.54845736943e-06 1.08394814231e-05 6.23010693529e-06 7.0844728371e-06 8.89957770574e-06 6.39671338375e-06 1.41346722899e-05 1.28878149256e-05 7.45742977884e-06 1.14528674054e-05 6.48204698216e-06 7.95879707485e-06 6.31556581219e-06 6.25785084431e-06 5.89422823962e-06 6.4409938998e-06 7.67724252054e-06 6.4523853037e-06 1.12439469149e-05 6.95775870268e-06 1.52780744917e-05 1.33555623245e-05 6.50209410089e-06 9.14593420624e-06 7.79673273829e-06 6.78692049988e-06 1.30723426957e-05 4.44456259556e-06 2.71384195024e-05 7.45541119347e-06 1.12853088076e-05 6.68718718873e-06 7.76427154747e-06 8.35432479601e-06 5.39233503905e-06 1.38112913335e-05 9.90053842783e-06 1.78910695821e-05 1.29338244232e-05 1.28308105253e-05 8.10568024314e-06 9.31218306772e-06 6.80946204802e-06 9.38633469032e-06 7.04349816906e-06 9.1778363193e-06 8.17960255269e-06 1.26834217024e-05 1.1885207505e-05 1.90382652381e-05 9.67865909822e-06 1.48100826557e-05 6.02605828586e-06 9.95022922664e-06 8.56115340253e-06 8.40629124559e-06 1.5097268652e-05 1.20226381074e-05 3.16988641732e-05 9.78767052353e-06 1.22053137121e-05 1.40751154453e-05 7.99622861017e-06 1.55174696672e-05 1.22172922673e-05 1.57632988384e-05 2.47500823703e-05 1.4502197189e-05 1.7498227863e-05 1.00301292409e-05 1.08421202938e-05 1.13508361032e-05 1.22185765592e-05 1.02240994366e-05 1.06279484379e-05 1.72921939957e-05 1.38332341764e-05 2.77990499172e-05 1.41623717149e-05 1.28322259751e-05 1.57045904958e-05 8.51725895064e-06 1.53588913725e-05 1.41435816094e-05 1.14473457777e-05 4.65957429215e-05 1.82706311347e-05 1.13295474831e-05 1.38125902644e-05 8.58851861665e-06 1.36458525408e-05 9.1543597488e-06 1.37348600303e-05 1.81793001047e-05 2.27985208399e-05 1.53800349747e-05 1.60840262726e-05 9.14399257524e-06 1.35479273412e-05 1.18130825582e-05 1.30149057179e-05 9.47138627268e-06 1.59403270293e-05 1.44856900942e-05 2.50377566593e-05 1.79992696127e-05 1.40004822896e-05 9.61859017204e-06 1.46517660712e-05 9.82428878271e-06 1.53698379122e-05 1.42415329999e-05 2.64677207797e-05 2.51610375213e-05 1.59776545745e-05 9.38547190529e-06 1.69098167929e-05 1.06096132108e-05 1.20389083038e-05 1.76961965165e-05 1.87029717264e-05 2.40271163452e-05 1.49974862944e-05 1.56328466811e-05 1.22565009046e-05 1.46364940445e-05 1.35689941506e-05 1.30749589631e-05 1.52861067813e-05 1.44529412511e-05 2.75707102232e-05 1.74703986593e-05 1.86061328316e-05 1.21413093008e-05 1.13076660217e-05 1.86788853349e-05 9.89808268752e-06 1.96709728047e-05 3.22968515808e-05 3.26233114086e-05 9.51039069409e-06 1.83046667377e-05 1.18446737089e-05 1.04094936727e-05 1.44912004294e-05 1.70033875252e-05 1.93229452664e-05 2.52318130836e-05 1.51105237624e-05 2.08532201837e-05 1.3087928204e-05 1.63543807244e-05 1.30511448086e-05 2.04101516083e-05 1.4240576657e-05 2.78127033993e-05 1.91903152594e-05 1.738679843e-05 1.59353135988e-05 1.12366753577e-05 1.32087877233e-05 2.03251323102e-05 1.19481059756e-05 4.4971462606e-05 1.93864815433e-05 1.84611015676e-05 1.26067113767e-05 1.21530235483e-05 1.45492022574e-05 1.38468909477e-05 1.62810660149e-05 1.78717153608e-05 2.15776875218e-05 1.79282265594e-05 1.93419478764e-05 1.34030867974e-05 1.44935361624e-05 1.89039441767e-05 1.71889421143e-05 2.55780692413e-05 1.69257175292e-05 1.66280425154e-05 1.41146719943e-05 1.47519271901e-05 1.30776906591e-05 1.30506358376e-05 2.13780044755e-05 2.38676558108e-05 5.08196262306e-05 1.77230009891e-05 1.65762132941e-05 2.17559752075e-05 1.71409436232e-05 1.80170516204e-05 2.3529059725e-05 2.23029119822e-05 3.47761641982e-05 2.36337428643e-05 2.78481319212e-05 1.71570563703e-05 2.80155291317e-05 2.29014705003e-05 3.90211232872e-05 2.23110401752e-05 2.32240172457e-05 1.93591807551e-05 1.7600488922e-05 2.30323544959e-05 1.76692738377e-05 1.97069336333e-05 6.32643614192e-05 3.36076933482e-05 1.75142789098e-05 2.2439911373e-05 1.93300245182e-05 1.84794648831e-05 1.96389176657e-05 1.95820817134e-05 2.76815647665e-05 3.14950436027e-05 2.36001443372e-05 2.43507864815e-05 2.35840516781e-05 2.33842828615e-05 3.70399313766e-05 2.68072805235e-05 2.00055769024e-05 1.91349651458e-05 1.86598212843e-05 1.93236843163e-05 2.2979504741e-05 1.90886755686e-05 3.75218017017e-05 4.27764475219e-05 2.7743234497e-05 2.4868207976e-05 2.37012400677e-05 2.0929172735e-05 1.84239015186e-05 3.1410190934e-05 3.01569640213e-05 4.06550092968e-05 2.61370617484e-05 4.16147542943e-05 2.4891877409e-05 4.61351583647e-05 3.02309326052e-05 3.17253771235e-05 2.03812650904e-05 2.1766609841e-05 2.55102057326e-05 2.55570715574e-05 3.16672572183e-05 4.92225610314e-05 5.19082925159e-05 2.35642862826e-05 2.26247531989e-05 2.04983742458e-05 1.67139788571e-05 2.43975064739e-05 2.50039648184e-05 2.91892861398e-05 3.25516223265e-05 2.97813553343e-05 3.02023336121e-05 3.79879915814e-05 2.83164945081e-05 2.56002550276e-05 2.39268870887e-05 1.69074327339e-05 2.05658187705e-05 2.26049383983e-05 2.41270965533e-05 5.30593137679e-05 7.13776861059e-05 3.55945138292e-05 3.24240234041e-05 2.73601332245e-05 3.53461776901e-05 3.08265418088e-05 4.33931546686e-05 3.84555799747e-05 6.4880499189e-05 4.20871355687e-05 7.15486140827e-05 3.8473832619e-05 4.45479023001e-05 3.22221643407e-05 3.6728052651e-05 2.93510321729e-05 3.42684613553e-05 3.90196401164e-05 7.87837147943e-05 7.17094985343e-05 3.35114575316e-05 2.95746194007e-05 3.69115694954e-05 3.08318642604e-05 3.66247378262e-05 3.53426861551e-05 5.00836829763e-05 5.01443833739e-05 5.95846597697e-05 5.08469639717e-05 3.50765794265e-05 3.5460283593e-05 3.21419115871e-05 3.4812906365e-05 2.98389762982e-05 3.33118882202e-05 6.98149276842e-05 7.95036963733e-05 3.67155868602e-05 4.43498115652e-05 3.75861552302e-05 4.32730180956e-05 3.50266571805e-05 5.42865980207e-05 5.20647854399e-05 8.86227261121e-05 5.20647854399e-05 5.42865980207e-05 3.50266571805e-05 4.32730180956e-05 3.75861552302e-05 4.43498115652e-05 3.67155868602e-05 7.95036963733e-05 9.62812439784e-05 5.76956750704e-05 5.17401524833e-05 5.68702782167e-05 4.41774581563e-05 6.07152854727e-05 6.32636945535e-05 9.3145680299e-05 8.58474312008e-05 6.21852337071e-05 6.13242287891e-05 4.4543179428e-05 5.61753786166e-05 5.27387701826e-05 5.76913717733e-05 9.4408283211e-05 0.000143557470876 6.48020542423e-05 7.09938915205e-05 5.76815844571e-05 8.00766247694e-05 6.65842165172e-05 0.000104437534887 8.84311989339e-05 9.0805735439e-05 6.38189580383e-05 7.95344564009e-05 5.65672315526e-05 6.75574365884e-05 6.38829802704e-05 0.000138550433564 0.000143615553283 7.70503879413e-05 6.23988477921e-05 9.17022633448e-05 7.65179609452e-05 9.8511258508e-05 8.71050660253e-05 8.33606706442e-05 7.9393098717e-05 7.17874438995e-05 8.72266618867e-05 6.13817370276e-05 7.13286630398e-05 0.000128841410808 0.000203760941088 8.46659183561e-05 0.000117680996584 0.000108118501923 0.000135431530649 9.68616437229e-05 0.000100460255279 8.89077883403e-05 0.000111862216839 9.95434098239e-05 0.000109139512371 7.70124626224e-05 0.000180101791469 0.000251155752123 0.000181659835258 0.000164229142325 0.000212626769599 0.000146422586261 0.00012102058892 0.000116060085065 0.000132271905239 0.000178160085272 0.000147401229278 0.000159992829755 0.000219838596095 0.000542226322248 0.000256954090238 0.000330925293344 0.00022679955968 0.000168431077885 0.000128712971372 0.000158429336034 0.000205823731016 0.000278444063688 0.000223937502829 0.000463173889963 0.000815184804131 0.000540347927651 0.000349943292688 0.000252146728636 0.000171318221969 0.000160314863488 0.000228528653764 0.000312580929732 0.000404287412763 0.000633920268783 0.0044009739637 0.00108708170391 0.000746242848487 0.000489539512026 0.000419534658257 0.000464028418998 0.000680234155182 0.000841783776178 0.00284036110302 








