1.31984487211e-05 1.59240898934e-05 2.45743470615e-05 6.35376491735e-06 8.69925417696e-06 8.24510937751e-06 1.63530020202e-05 2.47391789601e-05 1.2947467806e-05 1.10158286918e-05 8.95477881653e-06 1.65686120271e-05 2.2981303435e-05 1.5141092729e-05 4.94997944989e-06 1.40152405251e-05 3.28857317801e-05 1.24442264464e-05 1.0104345768e-05 1.1160848163e-05 1.63145221439e-05 1.29604895101e-05 1.35891457945e-05 8.47139716947e-06 3.93804100093e-06 8.42169270356e-06 1.23108069589e-05 1.60639823743e-05 1.68345613544e-05 6.79718997075e-06 5.59928051551e-06 6.70842470383e-06 7.10311464573e-06 2.48495521402e-05 1.82459756377e-05 1.56402136258e-05 1.58911189621e-05 8.77530300621e-06 1.5935434355e-05 1.41048562214e-05 2.40263724715e-05 1.20318677243e-05 2.87063414998e-06 8.16177830886e-06 1.50582458711e-05 1.10601238622e-05 8.00333518256e-06 3.64904623282e-06 1.57594349289e-05 5.06180383593e-05 3.53592720452e-05 1.03791939e-05 2.79772200016e-05 3.63842054266e-05 3.60001689055e-05 2.61105261264e-05 9.38449174855e-06 3.12823824295e-05 7.24097213315e-05 1.17712906582e-05 1.24632010941e-05 4.50659868222e-06 1.49104234225e-05 9.01570805202e-06 9.04570492238e-06 1.38214246717e-05 5.253157442e-06 1.09385872684e-05 1.56607918238e-05 3.59440160311e-05 5.6038280737e-05 1.24457354965e-05 2.4099643353e-05 1.87634204845e-05 4.04375338491e-05 1.95072231328e-05 2.40333002529e-05 1.08354474408e-05 4.8149596292e-05 4.74678089226e-05 4.47267666162e-05 2.32431609102e-05 6.65348124825e-06 3.13109345604e-05 2.7539782476e-05 3.08879259484e-05 3.06333696228e-05 2.48210080411e-05 2.81226631303e-05 5.20413651186e-06 2.1654389385e-05 6.11723030331e-05 1.12641957446e-05 1.32961251429e-05 4.89998567788e-06 6.54015030968e-06 1.07342030886e-05 1.12116368938e-05 7.0530386858e-06 1.04550813914e-05 9.31471317313e-06 5.75662246859e-06 5.41536834248e-06 1.1169504131e-05 1.48269917457e-05 7.60722866412e-05 7.55376585249e-05 8.54588650041e-06 7.95631599077e-05 2.00177918456e-05 4.31243056881e-05 2.05226772352e-05 1.95267875326e-05 4.10092100719e-05 1.73792041162e-05 7.73738596193e-05 6.08737068161e-06 6.53373109399e-05 0.000109029470553 2.31250433913e-05 1.58188463806e-05 9.69744796826e-06 8.74369627491e-06 2.92903936428e-05 1.66251788516e-05 1.78930103468e-05 1.50376949763e-05 2.57691690725e-05 7.13842396424e-06 9.11524567786e-06 1.392698511e-05 2.80920342753e-05 7.17922231862e-05 0.00010517702044 2.24153222359e-05 4.6561908361e-05 1.63462917016e-05 1.61421373552e-05 1.56878508183e-05 1.33240181282e-05 1.1830262032e-05 1.53516312108e-05 1.50513741523e-05 1.26934363526e-05 4.62895186984e-05 1.4225031402e-05 9.27263983141e-05 0.000108003141198 4.34833502405e-05 3.72283858726e-05 9.09800255812e-06 2.91122438598e-05 2.35585836303e-05 3.02246805924e-05 8.90714261248e-06 1.75074396298e-05 1.71852504838e-05 8.61421907748e-06 2.50452922398e-05 2.07365651919e-05 2.26507902397e-05 8.01534339073e-06 3.00520075253e-05 5.38637187465e-05 0.000112283077642 0.000116246483907 4.67648584904e-05 1.2556045098e-05 5.25031642411e-05 1.95781544011e-05 4.04783146322e-05 7.46815173951e-06 1.69865901179e-05 1.71733015792e-05 7.1399731494e-06 3.6013057144e-05 1.78371732687e-05 4.2054918301e-05 8.77750870095e-06 2.59268081932e-05 0.000100231282578 0.000153986072835 0.000115501814775 5.19346175026e-05 1.42591781403e-05 5.37732125267e-05 1.16415886647e-05 2.56493263925e-05 4.18988390626e-06 8.13887080649e-06 7.80937680577e-06 3.85030802433e-06 2.33965421513e-05 9.34395929718e-06 4.22009896347e-05 9.5763256158e-06 3.53071640862e-05 0.000154654853356 8.73404812328e-05 6.82169093325e-05 1.36264748354e-05 1.38452511623e-05 1.54439563196e-05 4.24975386537e-06 3.75247126686e-06 1.28003000207e-05 9.88480056964e-06 7.50102557361e-06 4.27741210485e-05 9.89940066211e-05 0.000256266133509 0.00015586219869 2.85931889672e-06 4.36879218e-05 3.80693771033e-05 1.62069986234e-06 0.000118140619342 0.000281240876265 0.0226340051494 4.65966928643e-05 2.11899111789e-05 0.000838412287355 
























