
















4.82171136636e-06 1.89763962708e-06 1.9258983799e-06 2.45036525875e-06 1.16401390723e-06 3.28679509017e-06 1.90450799314e-06 1.87810106147e-06 3.45188540192e-06 1.48255573202e-06 2.6385343482e-06 2.07177245466e-06 2.01782867306e-06 3.4420996918e-06 3.73597006915e-06 9.27402807616e-06 5.85903074184e-07 3.76553447756e-06 1.09391413788e-06 2.97858170418e-06 8.73648032658e-07 2.15271006714e-06 2.1273423169e-06 1.05271418775e-06 2.68640449044e-06 1.50022731068e-06 3.64604804539e-06 9.18636937452e-07 6.50856817503e-06 4.30912905154e-06 1.64845002687e-06 2.64599831755e-06 3.30506746254e-06 1.82039571489e-06 9.92491066107e-07 2.4205916907e-06 1.3280459367e-06 5.32555391207e-07 1.124461982e-06 1.33497860428e-06 6.46159131881e-07 1.36330054173e-06 2.2980221601e-06 1.24446906493e-06 1.25156646278e-06 2.65552756446e-06 2.35368320842e-06 2.30237437835e-06 3.24107989295e-06 2.10619167358e-06 1.46343644963e-06 9.5254955684e-06 5.58687529392e-07 3.57706436216e-06 3.97610962341e-06 2.75210911389e-06 8.81667888443e-07 1.53687754828e-06 1.14087348923e-06 2.82809304586e-06 3.07499120444e-06 3.33053570562e-06 8.53207833008e-07 6.98051459851e-06 6.8432925006e-07 2.39707168551e-06 3.72293742064e-06 1.47956638263e-06 1.76879078101e-06 9.56882690726e-07 4.13070291619e-06 7.13166925159e-06 6.45801349376e-06 1.10645274743e-06 4.33490609609e-06 2.16996402207e-06 3.07400970049e-06 6.16622599038e-07 3.15166422233e-06 2.18408819311e-06 4.65166287041e-06 1.32796676394e-06 3.90116522005e-06 5.722804019e-06 2.92089316631e-06 1.18524943405e-06 2.44751084418e-06 1.9134930582e-06 2.70378977834e-06 3.34093109292e-06 4.3661203237e-06 4.57477965609e-06 1.81160430531e-06 1.41249776314e-05 6.37003934958e-06 6.07277585717e-06 4.52799696023e-06 2.46920529721e-06 1.29386565474e-06 8.99092682596e-07 2.34540410843e-06 4.39936506812e-06 5.19590524208e-06 3.20422235605e-06 1.06109966888e-05 7.30597341594e-07 4.13941520283e-06 3.84610126689e-06 3.87077606154e-06 3.0838022582e-06 1.67313711101e-06 1.0516585432e-06 1.42884750501e-06 2.43747652175e-06 3.25214611915e-06 1.66068103318e-06 7.02826819354e-06 2.2064713217e-06 2.29565627926e-06 4.1936779787e-06 6.362038772e-07 2.33591875179e-06 7.47281492336e-07 3.86741564501e-06 2.13574885199e-06 1.92334040478e-06 5.94647973106e-06 1.10768714885e-06 2.49398831914e-06 2.77509193564e-06 1.4709305085e-06 1.23208311419e-06 1.78997057337e-06 5.12191553025e-07 2.56659998044e-06 2.43169051159e-06 2.42110767721e-06 7.4383132299e-06 5.67372108845e-06 6.30785435324e-06 2.02200824766e-05 8.20454405664e-06 2.34295094694e-06 5.39365980199e-06 8.53337869473e-06 5.29629663158e-06 8.27031586545e-06 4.53936802243e-06 2.57806011968e-06 4.46379220097e-06 1.46565663488e-05 4.65513003196e-06 5.49258467896e-06 6.59760731741e-06 2.49509009129e-06 2.77584715204e-06 3.24187597556e-06 5.75003936715e-07 2.83764943569e-06 8.73171521256e-07 1.34890883382e-07 1.42555716352e-06 6.13612321604e-06 1.43516940911e-06 9.5278707628e-07 6.52947497162e-06 5.51783352973e-06 1.95868575372e-06 2.14362854283e-06 3.8021501755e-06 3.40244519791e-06 1.96935296128e-06 1.22153283181e-06 2.43600968051e-06 6.05723108792e-06 7.88443096604e-07 1.48222594578e-06 5.10759531486e-06 1.58000059585e-06 2.70289443728e-07 1.0307271687e-06 3.59093997077e-06 2.73978866251e-06 1.2770347334e-06 1.78752591889e-06 2.0580649657e-06 4.58010896909e-06 2.81895784713e-06 8.59895628346e-06 2.43006314446e-06 1.15023567164e-05 2.79612568998e-06 3.45343255589e-06 4.31888927977e-06 6.73054141712e-06 4.30801976709e-06 3.65956990132e-06 2.10742524763e-06 9.72601088262e-06 1.51149573704e-06 7.23662760913e-06 2.7412500025e-06 4.46902689723e-06 1.71500739014e-06 2.36713539976e-06 1.05469618196e-06 3.75400340609e-06 1.42674329767e-06 5.12940620108e-07 9.36582417218e-08 1.97990690189e-06 3.73641009292e-06 2.2550577282e-06 3.02557534434e-06 2.79416829779e-06 4.81770842353e-06 1.02203646748e-05 5.51500682887e-06 2.18108867388e-07 3.69736353259e-06 4.82309703278e-06 4.00309521057e-07 3.2078997771e-06 8.15393639245e-06 2.43156877608e-06 2.72064750991e-06 2.98387555648e-06 2.85279075456e-06 2.95684911977e-06 2.56519852181e-06 2.95605089268e-07 7.06230219999e-07 1.72919108086e-06 2.23757658092e-06 5.14531207648e-07 3.36355150207e-06 4.21475523156e-06 3.32569380908e-06 2.36916470953e-06 1.32369085152e-05 3.0120114105e-06 8.21967142956e-06 4.04480245939e-06 1.49766691139e-05 8.99575031247e-06 4.78465023144e-06 5.04386804487e-06 4.62916856993e-06 5.47500226116e-06 1.40495086457e-05 1.32806247674e-06 7.46264076724e-06 2.4286194645e-06 1.15042726444e-05 2.3687423636e-06 3.47451412879e-06 3.7316812945e-06 3.59976449133e-06 1.11148577021e-06 2.71534834769e-06 2.04727206323e-07 3.99620707395e-07 1.21265297524e-06 2.0479363993e-06 1.38331224657e-06 2.61083772705e-06 9.48293060651e-06 3.74278832429e-06 2.78833040403e-06 4.45526191174e-06 2.49301657794e-06 1.08842671995e-05 8.47662185941e-06 2.68977724243e-06 3.19398644435e-06 6.16495087087e-06 1.06650834468e-05 8.95848739072e-07 2.18164326793e-06 3.12666583466e-06 2.84816819278e-06 8.3697833051e-06 2.32759832984e-06 2.01171025149e-06 2.04383054342e-06 1.17360967679e-06 5.05815198984e-07 2.35671159979e-07 9.80396483592e-07 4.02341591646e-06 9.42933632503e-06 2.25481094679e-06 3.95534779541e-06 1.27169288082e-05 4.96378119636e-06 1.0859068381e-05 5.48602810683e-06 1.1880103304e-05 6.45867766622e-06 3.10639183419e-05 1.69879335657e-05 1.61160416027e-06 1.19244191163e-05 2.62960707228e-05 3.61511345873e-06 1.03937479463e-05 5.72386829909e-06 1.00081004147e-05 6.73939341413e-06 1.21164490572e-05 3.94226211812e-06 2.79170564831e-06 8.95033667563e-06 4.80392588096e-06 1.30207682228e-06 1.69999811664e-06 3.29161559942e-06 2.29459993531e-06 1.84185883652e-06 3.92066015483e-06 7.03515348249e-06 1.91064323697e-06 7.15540886533e-06 3.93444687016e-06 5.97919901147e-06 8.88104754969e-06 5.59259264799e-06 1.51349444846e-05 5.87165005415e-06 3.71074020056e-06 1.50721997941e-05 3.96741817996e-06 8.98997294882e-06 5.6835907423e-06 3.19989398967e-06 6.60291104992e-06 1.94066696906e-06 6.62666458383e-06 2.85431283965e-06 2.90341077162e-06 2.33293381761e-06 3.31807680738e-06 1.86777564153e-06 3.45382191756e-07 9.95352606539e-07 8.47508619775e-07 8.94707411929e-07 3.50742415013e-06 2.24054589078e-06 9.49858179091e-08 1.61506699535e-06 2.41056886769e-06 3.51950956309e-06 2.60354647097e-06 4.29211917671e-06 7.4012630279e-07 7.52482002416e-06 4.52352937315e-06 7.74572471782e-06 4.42668164374e-07 3.87865407946e-06 2.39933398594e-06 3.68230171739e-06 1.62593949205e-06 2.04333086983e-06 1.54811405864e-07 3.25246127017e-06 3.89585175655e-06 7.53604348761e-07 9.1138796544e-07 1.06492932685e-06 3.51932752491e-07 2.5423829097e-06 3.78667539397e-06 4.57985845613e-06 7.30748745382e-06 6.69702661824e-06 3.15583159289e-06 5.61703616863e-06 5.42013290787e-06 1.27872459635e-05 1.36823042616e-05 1.39723498034e-05 1.57784221554e-05 7.94840793968e-06 3.23683220487e-05 4.02090083661e-05 5.87680681909e-06 1.47930419684e-05 1.33801718893e-05 1.39614345473e-05 1.26992446943e-05 3.13454220992e-06 6.00750963596e-06 3.84448911735e-06 6.30784281267e-06 5.71814679339e-06 4.1631992204e-06 4.09595605617e-06 3.04185147159e-06 1.71654351195e-06 7.7328192409e-07 5.20383835771e-06 5.27773234798e-06 7.86350911076e-06 1.02546827842e-06 3.91708817878e-06 4.32076263172e-06 6.52150785427e-06 6.14651627019e-06 1.0981864002e-05 3.75745614049e-06 6.06892593694e-06 3.4335017807e-06 3.6366262126e-05 3.4335017807e-06 6.06892593694e-06 3.75745614049e-06 1.0981864002e-05 6.14651627019e-06 6.52150785427e-06 4.32076263172e-06 3.91708817878e-06 1.02546827842e-06 7.86350911076e-06 5.27773234798e-06 5.20383835771e-06 7.7328192409e-07 1.71654351195e-06 1.38704197469e-06 2.91911573633e-06 2.72744862483e-06 5.68103285248e-06 3.76314099695e-06 2.44175514703e-06 4.59345598056e-06 6.59449141719e-06 4.53652865516e-06 1.12429574339e-05 1.04431097579e-05 2.41071296812e-06 1.4713658651e-05 1.94760692868e-05 1.60542918395e-05 2.01100773735e-05 1.79826863146e-06 1.10168444659e-05 1.20592014466e-05 5.52734711699e-06 6.37495608825e-06 2.39047702547e-06 2.71062140226e-06 3.97281567375e-06 7.31218871813e-06 2.95036243548e-06 2.35423567278e-06 1.72100895811e-06 6.54073357476e-06 7.30590784647e-06 2.18138350582e-06 7.73289574459e-06 4.84628030159e-06 1.05991085858e-05 6.83725714864e-06 1.0445071704e-05 5.43988747569e-06 2.0442955555e-05 1.15913151712e-05 1.11344664422e-05 1.0072960764e-05 3.48820059383e-05 2.25608361439e-06 3.3650996463e-05 1.44989305336e-05 9.47502637335e-06 1.32517018834e-05 2.12178503774e-05 6.3078840924e-06 1.04023272231e-05 5.2599690989e-06 1.08426308375e-05 4.45378969287e-06 8.36080739917e-06 2.72557966636e-06 6.57492884451e-06 6.03002288298e-06 3.88159931541e-06 2.86029554508e-06 4.22829981194e-06 2.45849553723e-06 3.27668986287e-06 4.58930188134e-06 5.30830596479e-06 3.00354327654e-06 1.17089310263e-05 5.65792079992e-06 5.38341451232e-06 9.17238382136e-06 1.64258648088e-05 4.88913006139e-06 6.34746141008e-06 1.46344458936e-05 1.18738919539e-05 5.04836921205e-06 6.95579917435e-06 8.97414804206e-06 3.0549676126e-06 4.7532710837e-06 4.4387418524e-06 2.56333173851e-06 2.7105051269e-06 4.50725545716e-06 2.54789331028e-06 3.71106358969e-06 2.11685718905e-05 1.02362432855e-05 6.74789505076e-06 1.01204887306e-05 5.56779111576e-06 1.86049594643e-05 5.98916388318e-06 2.77636517724e-05 9.33286257926e-06 1.32823642962e-05 2.56744158114e-05 4.99646043381e-05 8.31795292641e-06 3.50771273475e-05 1.09329899183e-05 5.12555894389e-05 3.97074297815e-05 1.29903435791e-05 1.30131205073e-05 2.63420706285e-05 8.09079386938e-06 2.0158788083e-05 5.43402388239e-06 1.20645333486e-05 5.05136673817e-06 1.00564698722e-05 1.51549580195e-05 1.22160074709e-05 6.89956881777e-06 9.00735098123e-06 2.55035521544e-06 9.07058612398e-06 7.73731507102e-06 1.9035143725e-05 9.62417182289e-06 8.61416759293e-06 1.42035997253e-05 3.41084469386e-05 6.0620776644e-06 1.36150774987e-05 1.14434254081e-05 1.03069059599e-05 3.25112397529e-05 2.05596370097e-05 6.36679207041e-06 1.1398817912e-05 1.54140383528e-05 9.34540886182e-06 8.77147060354e-06 2.32616256634e-06 8.30988266778e-06 6.08223307858e-06 1.01260876713e-05 7.24286451433e-05 8.7991980347e-06 1.48142626253e-05 5.24771740936e-06 1.1823483826e-05 1.2634970689e-05 3.56450166592e-05 1.10568369675e-05 1.38487394911e-05 2.28593834783e-05 4.98925458124e-05 1.16436582933e-05 4.05828503529e-05 6.5958275498e-06 3.99827338079e-05 1.65562055214e-05 5.31807606448e-05 3.68404826554e-05 1.22077698682e-05 1.32489312296e-05 3.44289684657e-05 1.28607243998e-05 1.32456375059e-05 5.0961034269e-06 1.29451067564e-05 8.56391169991e-06 4.32118577232e-05 2.51188086132e-05 9.46654625971e-06 3.14808177112e-06 1.42349040846e-05 9.84840775581e-06 2.15390430188e-05 1.47562617162e-05 9.31004316683e-06 1.50265023046e-05 3.76332714047e-05 6.87131779496e-06 2.43602095548e-05 1.22647749585e-05 1.50816668468e-05 2.05403396607e-05 1.14252873747e-05 3.19737239548e-05 2.26192573979e-05 7.84288815489e-06 1.77289477553e-05 2.3184561362e-05 8.98370983448e-06 1.27781441467e-05 5.31406426412e-06 6.64505783797e-06 1.45530372107e-05 6.19088070581e-05 7.02707762179e-06 3.06644996758e-05 1.74969333017e-05 1.77785774846e-05 1.6446326307e-05 1.93564470903e-05 2.4323388805e-05 5.46885005412e-05 1.28260456541e-05 4.11290596739e-05 9.55944903025e-06 5.13502334803e-05 1.06825984129e-05 4.33477242351e-05 1.80509621971e-05 5.34430275024e-05 3.8249126935e-05 1.8913048555e-05 1.87594026697e-05 1.72275074929e-05 1.84249602006e-05 2.54399776442e-05 7.64523306904e-06 2.7379164006e-05 2.63510490972e-05 2.12244955751e-05 1.15286954249e-05 2.48318088585e-05 1.20008928962e-05 7.57901666514e-06 2.96806662268e-05 3.71706477964e-05 6.29384710008e-06 2.38260984625e-05 1.04649080927e-05 2.16209303657e-05 1.75517773551e-05 1.50104008423e-05 1.98645388357e-05 1.24465823552e-05 3.03408765894e-05 3.82924487293e-05 5.92787911194e-06 1.25771812055e-05 2.27924500651e-05 9.26553260653e-06 1.38226124988e-05 1.64488700305e-05 0.000138947003711 3.38941013183e-05 4.97441065745e-05 4.74702584798e-05 2.05371910443e-05 7.14516989622e-05 0.000111460659499 1.56525490021e-05 6.64759820379e-05 1.35982306773e-05 8.32697328361e-05 2.01293773312e-05 8.66121816491e-05 1.40583685089e-05 6.77076301074e-05 2.25665265593e-05 0.000106917670302 8.38605479535e-05 1.85693263313e-05 4.2422343708e-05 4.1684780094e-05 2.61542816012e-05 6.05898027427e-05 0.000118529129927 7.75151523445e-05 4.59957061849e-05 2.0546661298e-05 7.26817006166e-05 9.46033647905e-05 2.56335536182e-05 2.82786912186e-05 1.84210373954e-05 3.95970426073e-05 2.99434429013e-05 3.80460332495e-05 3.23919062197e-05 2.33765222953e-05 2.32033792329e-05 3.50007224468e-05 8.01757431403e-05 8.72392783788e-05 1.80809114023e-05 3.8106425692e-05 5.3910018407e-05 4.8955238376e-05 0.000238245663195 6.09354881499e-05 1.47264704264e-05 7.8782087038e-05 9.1351410012e-05 2.75146764343e-05 6.50460433658e-05 8.78940045248e-06 5.86445132942e-05 1.43017410358e-05 5.79338482457e-05 1.63873526918e-05 5.86563242053e-05 8.76763670747e-06 6.2894587208e-05 3.47381668253e-05 7.8963475843e-05 8.09404101892e-05 1.23759461142e-05 4.18898791041e-05 0.000102580902946 0.000231179538386 3.39430373301e-05 0.000131235292277 0.000163757335492 4.28933510033e-05 8.22853320818e-05 3.25800321149e-05 4.15155634672e-05 3.20227596951e-05 4.02718763597e-05 3.40543919874e-05 4.14933317618e-05 3.24438478456e-05 3.46684489447e-05 7.53921804432e-05 5.06987701192e-05 0.000151091389011 0.00011886794187 2.54864145556e-05 0.000115890842474 0.000130608156285 0.000239481522922 0.000205252606276 7.01500606108e-05 6.71518232787e-05 3.42530232254e-05 9.45265534784e-05 2.12373033568e-05 5.54085655865e-05 2.63057215753e-05 5.49394885743e-05 2.35365966261e-05 7.80252899745e-05 3.37706879648e-05 5.49127130516e-05 7.98465459777e-05 0.000169288425779 0.000172168446129 7.27166774076e-05 0.000961573465911 0.00036112196627 0.000127135997278 0.000137738682334 4.79216832509e-05 0.000118184007394 7.95086177012e-05 5.28734271683e-05 5.02654904e-05 5.1943492133e-05 4.67013606885e-05 7.57856146351e-05 8.18997728129e-05 4.32259537321e-05 0.000101104259722 0.000111285490758 0.000256923665904 0.00041121584248 0.00262128262905 0.000532280697088 0.000412115283376 0.000176031036674 0.000277040545754 0.000185083058013 0.000240894394415 9.21799510073e-05 0.000146465838043 8.1314510204e-05 0.000194882969825 0.000130064532717 0.000167451570676 0.000113421293643 0.000201594657952 0.000271220051426 0.00112041015066 
















