














7.41349587286e-06 5.58475206552e-06 2.70768417124e-06 2.87831123429e-06 4.65735658657e-06 5.22754069569e-06 3.5265193429e-06 5.6058184469e-06 5.36710154432e-06 3.27007515484e-06 2.44999283894e-06 6.64806257144e-06 5.63209787231e-06 6.96349255502e-06 1.47551299711e-05 3.06094163352e-06 3.45861881176e-06 7.50954056468e-06 2.82433719842e-07 3.30459150927e-06 9.28481978453e-08 7.72435938447e-06 4.97740799945e-06 4.41285444962e-06 1.22433501625e-05 7.90942319028e-06 4.00767169536e-06 6.93157357296e-06 7.39418841533e-06 5.59396433849e-06 6.92373770562e-06 3.06629407788e-06 3.85049951195e-07 1.00244091159e-06 1.24469307755e-07 2.34958102827e-06 6.43511241658e-06 3.39549557112e-06 6.53923184512e-06 7.08626486902e-06 4.54900127906e-06 4.38875435047e-06 9.6142560613e-06 1.12269098067e-05 1.68256371903e-05 1.22577801049e-05 5.46224750798e-06 8.41108500932e-06 3.13549215364e-06 5.64458687128e-07 1.31125951461e-07 3.06186914462e-06 6.13086162134e-06 6.28312137457e-06 7.16005581922e-06 1.40159248527e-05 6.27882579644e-06 9.41440538726e-06 6.27802254898e-06 4.67197964859e-06 7.41964424502e-06 5.85696007481e-06 1.37499198883e-05 1.44974421209e-05 1.09445741664e-05 1.30098287317e-06 7.19438445579e-06 2.1830081092e-06 7.93269715767e-07 3.02705737415e-06 6.75166472172e-06 1.32899694206e-07 7.19717240129e-06 1.37412895475e-05 7.17232819177e-06 5.84265141576e-06 9.40883632154e-06 5.82079433235e-06 8.96721370212e-06 2.63504009079e-06 1.23059501408e-05 3.15253443431e-06 2.63285458602e-05 1.95914426841e-05 1.06648218321e-05 3.57561428398e-06 5.97009511828e-06 4.87038776822e-06 5.89799264721e-06 5.67832927673e-06 9.49771961546e-06 1.17211120051e-05 2.35320973848e-05 5.02890670563e-06 9.60245491402e-06 4.26593635338e-06 1.33231130623e-05 4.32934087987e-06 4.18114807873e-07 5.91912854626e-06 7.11797233506e-06 1.85841548818e-05 1.55746158511e-05 5.57705995842e-06 3.03106045889e-06 7.39971001687e-06 5.28320043452e-06 1.42378743981e-06 4.40217160264e-06 1.50968296879e-05 1.20562813714e-05 4.29069467325e-06 6.38606526741e-06 7.40252943829e-07 7.15727906825e-06 3.98538957905e-06 3.3805691692e-06 1.024383996e-05 5.27750369687e-06 1.19828574519e-05 1.32692080863e-05 1.63399614227e-05 5.57857730437e-07 5.1885523511e-06 8.03536256454e-06 5.63083693775e-06 3.93101211946e-07 1.558431211e-05 8.47387307868e-06 1.21211079892e-05 5.66011944818e-06 1.08845257759e-05 3.45713511317e-06 6.55055188889e-06 2.35223036222e-06 9.3263794588e-08 4.48378971206e-06 9.8485129006e-06 1.28290273867e-05 1.4613581683e-06 1.19962084942e-05 1.45735460353e-05 1.86254497939e-05 6.84556517408e-06 9.16427911752e-06 1.34129993708e-05 4.05326576203e-06 1.1471776751e-05 1.56200675874e-05 7.04264040874e-06 1.47491976035e-07 1.18471180221e-05 9.19212538225e-06 3.95094611026e-06 3.42845024984e-07 2.88979102568e-06 1.81330231312e-06 2.1201444178e-06 7.18672021541e-06 6.95611739206e-06 3.51834508054e-06 5.10717956097e-06 1.35443360878e-05 2.94960010782e-05 1.27843904966e-05 1.72896921272e-05 9.07586650393e-06 1.67078584869e-05 9.30140770525e-06 2.63198302351e-05 6.08002193215e-06 5.76732587721e-06 1.02730455116e-06 1.03194917246e-05 8.63891741939e-06 3.83225602032e-06 2.95308507151e-06 1.81936887706e-06 4.49537352818e-06 2.74444139144e-06 6.37450168395e-06 1.25091494049e-06 5.6608700337e-06 5.01548769667e-06 1.74623260431e-05 1.39921414001e-05 2.06156543013e-05 9.97221792568e-06 9.81910875385e-06 1.21066859723e-05 1.6212016009e-05 1.35805215283e-05 4.13610110497e-06 4.33958474273e-06 4.78849603705e-07 6.48577392458e-06 3.00349188226e-06 4.896424573e-06 2.83558877893e-06 1.38699223263e-05 7.8735615496e-06 1.31549520623e-05 1.03411956162e-05 8.63915829753e-06 2.22671948751e-05 2.57023404359e-05 3.09132488267e-05 4.8600988581e-05 3.12018918794e-05 3.99185739603e-05 2.24552756749e-05 5.45013107239e-05 2.44937266925e-05 2.37671542448e-05 2.06063175864e-05 1.10975078714e-05 1.24179501291e-05 1.52120512184e-05 9.90961740707e-06 1.66660161007e-05 4.89280825411e-06 2.21454674716e-07 7.9221817463e-06 6.68507787233e-06 7.71950382571e-06 1.71222572578e-05 5.06538874638e-06 1.68175434869e-05 1.91896958172e-05 1.15240529014e-05 6.68874922809e-06 1.98920224115e-05 1.3482120279e-05 6.75108793609e-06 1.39617008222e-05 7.86339808641e-06 5.84761446704e-06 6.49320842523e-06 5.8266570925e-07 5.7281292739e-06 1.47954339646e-05 9.21293962987e-06 9.56332711885e-06 1.97187262516e-05 1.94832841165e-05 1.79290556955e-05 2.93055569682e-05 3.17230950333e-05 4.0366136047e-05 5.05537837483e-05 5.05482555597e-05 2.53796702737e-05 3.17022604232e-05 1.62744307358e-05 2.31087627386e-05 1.6207154067e-05 1.04782066746e-05 8.53216534414e-06 1.57698713355e-05 6.21000807616e-05 2.22679986102e-05 3.21166742159e-06 1.7596793776e-05 2.66457095817e-05 1.57030392706e-05 5.10164059502e-05 1.73183189482e-05 5.95282368426e-05 4.58075501265e-05 6.77367586515e-05 4.78466090405e-05 1.71612216185e-05 4.539217432e-05 2.11072456697e-05 2.55475900935e-05 1.52584125719e-05 6.74420432018e-06 1.67981702942e-05 6.58436100018e-05 1.03601622898e-05 2.29683559111e-06 4.5819611011e-06 1.3630015949e-06 1.60181003076e-06 2.10782467829e-05 1.21720653313e-05 7.68399853419e-06 1.35652337468e-05 3.31204665269e-05 1.35652337468e-05 7.68399853419e-06 1.21720653313e-05 2.10782467829e-05 1.60181003076e-06 1.3630015949e-06 4.5819611011e-06 2.29683559111e-06 1.03601622898e-05 7.09438024885e-05 3.98252501442e-05 1.22041962097e-05 1.08518323837e-05 8.24338021297e-05 2.26674000722e-05 5.97745449022e-05 4.43276770564e-05 9.48948567775e-05 6.71259366118e-05 5.7423342241e-05 6.60908642235e-05 2.65177175114e-05 7.66343023058e-05 1.53691537417e-05 1.94430500784e-05 3.00015892795e-05 5.98460980202e-05 3.41804841894e-05 1.76783297061e-05 4.53796548593e-06 3.95042100897e-05 8.81282390602e-06 2.63884633908e-05 3.34859419528e-05 4.22960432617e-05 5.15056085231e-05 3.23644451529e-05 3.96314541994e-05 2.52018263781e-05 1.18075597564e-05 3.76332528145e-05 3.32540839944e-06 1.72222314341e-05 3.12864410105e-05 0.00012662984694 3.00671510781e-05 5.13586812377e-05 1.19954191852e-05 7.91036647509e-05 6.79450174048e-05 0.000105383222586 5.78906094846e-05 6.30588264382e-05 7.69624457982e-05 9.44189691585e-05 9.09276150467e-05 2.3360698811e-05 6.46828490007e-05 3.21415953675e-05 9.40395437459e-05 6.70776003375e-05 7.05670314845e-05 2.96344646895e-06 5.01304673428e-05 6.42974025812e-05 7.43956029897e-05 5.27383192305e-05 2.7361122284e-05 6.52882309526e-05 5.7247152986e-05 6.82027244373e-05 5.30361860892e-05 6.3360650833e-06 6.54766526966e-05 4.76728006759e-05 0.00037924801603 4.81807003656e-05 8.00968474921e-05 0.000170191660536 0.00015000422276 0.000112180259516 6.12014930372e-05 6.33889661623e-05 0.0001238365143 0.000110019398401 0.000168623712655 8.33827166816e-05 5.47193863512e-05 0.000254336241282 0.000138787721048 0.000177646169316 0.000164139725249 0.000169533906396 0.000237928868931 3.30539810402e-05 0.000113234442311 2.97227479614e-05 0.000248503342079 0.000113461327053 0.000170481549307 0.000167467047032 0.000106036465002 0.000327003593487 0.000211727631625 0.000136331532764 0.00014085805164 6.39115946744e-05 5.74266224439e-05 3.57082967067e-05 8.16880748494e-05 0.000139843277845 8.05955363956e-05 0.000159896051313 0.000201443323011 0.000941815422495 0.00033494525462 0.000285774672191 0.000133705785117 0.000294491353415 3.98009464597e-05 0.000286002452354 0.000141948402121 0.000233831328408 0.000232263578921 0.000685000784469 0.00178716447242 0.00140803920664 0.000188467761488 0.000617536442986 0.000256359268917 0.000292460445524 0.000494795503895 0.000150315872951 0.000945421189454 0.00098993433656 









