



























4.46619783404e-06 1.19924200669e-06 4.01581077767e-07 1.05866327389e-06 8.69086457598e-08 1.08303802218e-07 1.22770398005e-07 1.28047888256e-07 1.43750984179e-07 1.33318994927e-07 1.28399699843e-07 1.09194668978e-07 1.36387500865e-06 6.7334803489e-07 1.84675421183e-06 3.40771680456e-06 3.04600968696e-06 1.08133187874e-05 5.30583871277e-07 1.48420870833e-06 7.83911805943e-07 9.99795136836e-07 1.01604244997e-06 1.23302612271e-06 3.66958431768e-07 6.84947165628e-07 7.42471081181e-07 3.51383318158e-07 6.7215110597e-07 1.80804617642e-06 7.04318755942e-07 4.17957989899e-07 8.38439246582e-07 9.38500851522e-07 5.05253463888e-07 1.83056797229e-06 1.66104399334e-06 1.7136954226e-06 1.46254241383e-06 1.92914622884e-06 8.51038278783e-07 7.70570163301e-06 4.28147776835e-06 1.3859457758e-06 3.07488055462e-06 2.88730755425e-06 5.00140250579e-07 9.64836607565e-07 6.19931300293e-07 4.98208387534e-07 6.9300271928e-08 3.20745140519e-07 1.00962390549e-07 1.28632801912e-07 4.13010545957e-07 1.13404976397e-07 4.67069337596e-07 1.74780473756e-07 4.11579832517e-07 2.77871442551e-07 5.9047557804e-08 6.5217032481e-07 7.44074684672e-08 8.03242339153e-07 8.34135688564e-07 1.45879380619e-06 4.78405033294e-07 2.43122209899e-06 2.58873389341e-06 2.22754920835e-06 2.14966421741e-06 1.91278637116e-06 9.77660617021e-06 1.19095075269e-06 1.50875704057e-06 7.85768747539e-07 1.12603964412e-06 7.60664717647e-07 2.62668995726e-07 7.3441941451e-07 6.5328661182e-07 3.0316324381e-07 1.72768271365e-06 1.8058525346e-07 1.60430063163e-07 1.93591687435e-06 2.93402419196e-07 8.21654089606e-07 8.55041168585e-07 3.50281709018e-07 9.32388292425e-07 1.41785039241e-06 1.03637270934e-06 1.74860799551e-06 1.36140121255e-06 7.40831041999e-06 1.59939008984e-06 3.88246066367e-06 1.07231484908e-07 6.11008334778e-07 3.29607251861e-06 8.47908631817e-06 6.79948263898e-06 1.20720042309e-06 2.29325099507e-06 1.66563072457e-06 1.05859118316e-06 1.09736892564e-06 4.20769010992e-07 6.70589898467e-07 9.52180660896e-07 5.73649983827e-07 7.53802177277e-07 7.32610402542e-07 5.83233454403e-07 1.17547525452e-06 7.75174623422e-07 4.51991110721e-07 1.35242724757e-06 1.08144130311e-06 1.89813336748e-06 2.61017079747e-06 1.11164178316e-06 6.07341965412e-06 6.88407879877e-06 3.71526446861e-06 1.19562321411e-06 4.39091890929e-07 5.80020003999e-07 2.80074127354e-06 5.78398831445e-06 1.60020011594e-05 6.17883731545e-06 3.914420988e-06 8.68197539187e-07 1.88110183123e-06 8.2580437965e-07 2.35763750282e-06 7.00944841515e-07 2.38348380875e-06 1.26031597695e-06 2.23676852982e-07 2.92766300129e-06 1.8840108719e-07 1.31608973825e-06 2.62627119238e-06 7.56883153513e-07 2.73864972181e-06 1.11969362569e-06 2.34543031612e-06 1.06736389985e-06 3.31052039307e-06 5.3185118141e-06 1.25526872281e-05 4.88617881691e-06 3.50557844895e-06 1.58692672359e-06 5.32903372844e-07 1.73087826175e-06 4.15699350665e-06 5.51606249576e-06 6.91620202748e-06 2.69599169184e-06 1.17570262129e-06 1.15015753731e-06 7.19663395279e-07 1.62914944922e-06 1.18722706466e-06 6.90613386416e-07 1.07441484055e-06 4.58612333022e-07 1.82687186346e-06 1.42953669835e-06 5.13835387188e-07 1.21077642267e-06 6.98804554766e-07 1.49940465168e-06 1.80183122464e-06 7.02851039523e-07 1.21864832529e-06 8.4586430585e-07 2.75896777901e-06 6.4247122264e-06 4.47650267965e-06 3.58371681025e-06 2.9733748598e-06 1.30369439875e-06 3.47039135719e-06 6.0923970385e-06 6.64803211891e-06 2.290550051e-05 7.17191272997e-06 3.17247181035e-06 1.91037528289e-06 3.42349510594e-06 3.27037953469e-06 3.7255754068e-06 3.37713586966e-06 3.5279190347e-07 4.222781053e-06 1.82804717953e-06 1.42025821312e-06 4.35440054899e-06 4.23402611159e-07 3.22695799924e-06 3.95310545654e-06 3.06785584269e-06 3.18054979323e-06 1.4143807952e-06 2.6711416762e-06 6.27290004785e-06 1.87051088259e-05 6.88514881386e-06 7.42855534972e-06 5.74104408918e-06 1.53349543381e-06 2.15472607071e-06 2.12286460643e-06 6.1771047813e-06 6.66969795308e-06 5.19182433832e-06 1.39744488917e-06 2.67851827724e-06 1.22981818492e-06 1.92945479695e-06 1.85180624028e-06 5.72674775045e-07 1.48875885796e-06 1.11344742322e-06 4.87733291051e-07 1.2115700754e-06 9.71734105585e-07 5.47727223375e-07 1.73826904545e-06 2.1344785666e-06 1.15519633645e-06 2.36141218311e-06 1.77061261108e-06 4.01642815058e-06 6.72112142381e-06 5.16065701997e-06 2.3178656399e-06 3.21618004308e-06 6.98262332967e-06 4.52123718272e-06 2.27320549487e-06 9.61697477961e-06 5.23334533778e-06 1.41633576215e-05 3.61329950682e-06 2.86659675222e-06 3.63430563518e-06 4.00460527609e-06 3.69750302082e-06 5.31493368196e-07 5.56989017731e-06 6.40832934629e-07 1.99260464494e-06 1.82671283215e-06 8.19172465718e-07 5.41047912497e-06 6.92859499686e-07 3.09477732431e-06 4.22526669965e-06 3.45591774758e-06 2.97692079424e-06 2.38811846086e-06 1.29943942129e-05 3.93744527054e-06 7.84440887584e-06 3.3086282079e-06 2.10201808578e-05 3.41052436681e-06 4.52849119097e-06 3.41549080615e-06 3.09792125444e-06 9.47541899523e-06 6.09365914928e-06 1.77885403064e-06 2.04158778105e-06 2.22385680597e-06 1.42311182889e-06 1.91811373863e-06 1.3585059706e-06 5.85481218776e-07 1.21492821817e-06 5.69515498125e-07 1.39194777894e-06 1.43573195651e-06 1.55278043617e-06 2.10984349771e-06 2.26688732957e-06 1.45154881495e-06 4.69995001916e-06 8.88271556076e-06 1.99139965368e-06 4.18210675077e-06 4.63289333298e-06 1.42513287013e-05 7.45280673803e-06 4.14874122438e-06 9.11892234998e-06 5.45658751887e-06 1.96799701128e-05 1.05412662294e-05 6.95492532624e-06 6.04688610721e-06 1.71300786441e-06 6.8065092113e-06 2.19286765088e-06 3.41673235223e-06 2.02622323267e-06 2.21655714301e-06 3.13108737994e-06 2.267646531e-06 6.81857539254e-06 1.83720581902e-06 5.12612231981e-06 6.26261731791e-06 9.6245496763e-06 1.82641084716e-05 4.22361618399e-06 8.26820504341e-06 4.55096706959e-06 1.10468848423e-05 9.59352502404e-06 3.20110423934e-06 4.39158015008e-06 4.05437373587e-06 8.92418905647e-06 1.22961234223e-05 1.32804595796e-05 2.95619322147e-06 2.19317615552e-06 4.81502229877e-06 3.21518109994e-06 2.38493531979e-06 4.86633297415e-06 5.3033878293e-07 4.71601719922e-06 2.92841687716e-06 3.15874267224e-06 5.25188603493e-06 2.19839039528e-06 2.5081387179e-06 1.1348605436e-05 1.25145336935e-05 8.0459769561e-06 3.34397043169e-06 4.1002048658e-06 5.78330298194e-06 4.01015297766e-05 1.16680520909e-05 1.15549076136e-05 4.96972862199e-06 1.79174929228e-05 1.05715002727e-05 4.41961119008e-05 1.82647471301e-05 3.86353292528e-06 1.12261749423e-05 5.79614034049e-06 5.02026114188e-06 6.76192165076e-06 5.17500118754e-06 5.31420726914e-06 6.89232731495e-06 4.15076108338e-06 5.38476075469e-06 9.83080741615e-06 2.88970820706e-06 1.45027982141e-05 3.98810512674e-05 8.93146117042e-06 1.82864797119e-05 7.66109625243e-06 2.02110699448e-05 3.44220788412e-05 1.07582047538e-05 4.51971445173e-06 8.97612262916e-06 8.70119742565e-06 1.59578913559e-05 1.90268146792e-05 6.39384664334e-06 6.76472550566e-06 4.68985066744e-06 3.61863554298e-06 6.3264058875e-06 1.77775349793e-06 9.13506883734e-06 1.94621831666e-06 5.39310025025e-06 3.93591817285e-06 4.11158157675e-06 6.44978467648e-06 6.34767072278e-06 1.99724610443e-05 1.35528143862e-05 7.92534710488e-06 1.01729310974e-05 8.19850352715e-06 3.99147347067e-05 4.04357875575e-06 4.84188047736e-06 3.03650394545e-06 7.52441286633e-06 5.4096551996e-06 6.31557562676e-06 9.55428078291e-06 1.48196977799e-06 3.16663487028e-06 2.09981782612e-06 1.81377754806e-06 2.85254933649e-06 3.67634379724e-06 9.58078229886e-07 2.78848513581e-06 2.97724271963e-06 1.89475416628e-06 8.144899822e-06 8.28033605294e-06 5.36126347132e-06 7.66455108565e-06 3.93575511022e-06 7.01930367586e-06 1.02656641298e-05 2.93852764845e-05 1.33871623323e-05 2.24438472693e-05 2.11457849121e-05 7.277299461e-06 5.37591311294e-05 2.09651369884e-05 7.66839960069e-06 1.54807932889e-05 6.51639019038e-06 1.67411673423e-05 1.10063393972e-05 1.67939129624e-05 6.26763456097e-06 1.49603142767e-05 7.96677030129e-06 1.78629247406e-05 5.30265403211e-05 6.44148618594e-06 2.30697801644e-05 2.86905217703e-05 2.2292676995e-05 7.15028814457e-05 1.2238809594e-05 1.34775046018e-05 9.526606423e-06 4.52022785058e-06 2.18098195947e-05 2.00439357851e-05 8.75018061169e-06 5.80084480822e-06 5.84413057383e-06 8.09797655491e-06 9.51150831239e-06 7.48586072533e-06 9.89926065182e-06 4.60525934885e-06 7.06967280465e-06 6.40838840454e-06 2.36508411976e-05 1.81704251542e-05 5.1366653245e-06 1.14989265462e-05 1.93787880861e-05 2.96322824818e-05 2.60351123244e-05 1.01759920365e-05 5.90711984259e-06 2.1129888203e-05 8.68454170632e-06 1.98127303054e-05 1.99279872889e-05 4.90606839358e-06 1.20691066012e-05 6.84712146001e-06 1.12362532781e-05 6.82692936781e-06 1.32204865091e-05 3.88369415012e-06 1.95296491839e-05 2.37883547676e-05 6.87866910857e-06 2.27097020146e-05 7.55825415327e-06 1.50739873667e-05 5.11702338389e-05 2.91631815517e-05 8.30714444391e-06 2.7417049297e-05 1.88480451108e-05 1.70733633288e-05 4.57260364491e-05 1.98582087903e-05 1.86508021068e-05 1.99079702063e-05 1.83354604054e-05 1.9648321024e-05 1.93180797823e-05 1.92590790072e-05 1.92705928867e-05 4.88233207795e-05 1.66405625408e-05 2.05713330204e-05 3.23789751153e-05 1.0352327408e-05 5.66725500704e-05 8.29079391393e-06 1.8764298169e-05 8.44267199121e-06 1.12862448402e-05 1.81411570716e-05 1.77543874262e-05 2.57785676953e-05 8.20085732359e-06 1.41076622733e-05 8.76036152139e-06 1.37940255383e-05 8.33241163527e-06 2.49553478885e-05 2.29270936323e-05 1.75490317574e-05 1.04108561358e-05 8.56325580634e-06 2.37853011429e-05 1.45046714654e-05 7.7125843396e-05 2.04749432032e-05 2.05849025607e-05 4.80069717444e-05 1.93847064098e-05 8.58862923715e-05 4.82565793035e-05 2.81052619782e-05 3.22979220311e-05 3.02462215441e-05 3.0058126499e-05 4.3572856961e-05 8.79696915859e-05 1.91547545742e-05 4.92497750877e-05 2.14827225986e-05 2.95460018486e-05 0.000127018287617 3.25161331792e-05 1.83381480016e-05 2.90886792519e-05 1.98169583888e-05 4.29684059829e-05 4.20784592799e-05 4.27519330624e-05 1.54251375203e-05 2.50055902965e-05 1.59396514259e-05 4.03442473363e-05 5.26016356431e-05 3.88823327663e-05 2.07770175061e-05 3.0978657339e-05 2.385986823e-05 4.62707645034e-05 4.76575864843e-05 4.0883722367e-05 2.47012522064e-05 6.81912678473e-05 3.31548133195e-05 8.48241142907e-05 5.0895718164e-05 2.98093303755e-05 3.20724276291e-05 4.59291896052e-05 9.08875734112e-05 3.27860073585e-05 7.24693504593e-05 2.63816173577e-05 5.14317622651e-05 6.75723263289e-05 6.49831089129e-05 2.21489815432e-05 4.68663433615e-05 3.9152720696e-05 4.77231980642e-05 5.02853197934e-05 5.2450573804e-05 1.87177364081e-05 4.9667364845e-05 6.48411983448e-05 4.2458449986e-05 4.06174532247e-05 4.60487953139e-05 2.2611516444e-05 7.89818182057e-05 5.33396345637e-05 6.5678256758e-05 4.62503903504e-05 7.40445806432e-05 3.9423751196e-05 9.83522946709e-05 5.59226118109e-05 5.3375206637e-05 0.000107580942228 3.94662935578e-05 7.77852032944e-05 4.87728093127e-05 7.37885272999e-05 6.82429469234e-05 9.85660669063e-05 3.78953792688e-05 4.42225809368e-05 4.19190652886e-05 5.18175322115e-05 4.88849621451e-05 8.43724461192e-05 6.55475921242e-05 4.68078487692e-05 4.24394501481e-05 4.59936547983e-05 3.51159402172e-05 0.000105273205211 0.00014478404722 0.000103407263636 8.18871921048e-05 0.000122394269076 6.23038424022e-05 0.000204635762478 0.00022038582499 6.44707171268e-05 0.000124311209335 8.35231426825e-05 0.000112526656957 0.000161083120616 0.000209694219946 9.57891109273e-05 0.000111019545949 7.97932743935e-05 0.000143468820642 0.000243067821611 0.000143468820642 7.97932743935e-05 0.000111019545949 9.57891109273e-05 0.000209694219946 0.00016728315863 0.000121282206647 7.90135989095e-05 0.000179035019735 0.000184231403315 0.00015286596299 0.0001702097709 7.75134856382e-05 0.000119901458439 0.000158667863367 0.000358904973725 0.000150145833499 0.000280564497678 0.000315760800824 0.000159256518649 0.000279568989275 0.000269666415937 0.000147265113367 0.000349743789484 0.00035091453649 0.000421726244038 0.000372739011989 0.000236927855763 0.000234613305692 0.000312009987289 0.000389870598063 0.000320503676458 0.00136384690818 0.000774527956182 0.000361219618608 0.000432120009015 0.000340785324589 0.000588957899836 0.00112053241735 0.00610078782741 0.00118766675333 0.00100426083244 0.000949146129261 0.00100344776701 0.00409460933682 





