





















































4.10582116887e-07 3.91361223744e-07 4.92797948418e-08 3.11079913947e-07 1.84577228571e-07 2.74854073086e-07 6.73341539611e-08 4.7558338242e-07 3.44544446106e-08 7.55997698894e-08 4.57354486824e-07 5.02251706025e-08 5.31595816332e-08 3.50822820085e-07 5.08800789133e-08 3.55330615126e-08 1.5678054833e-07 3.65263162602e-08 3.75672584898e-08 3.873913165e-08 4.00081583682e-08 4.03790894827e-08 3.93675100378e-08 3.8739391101e-08 3.79357465183e-08 1.58395259156e-07 3.70011305796e-08 5.37604128568e-08 3.62622203414e-07 5.80369498033e-08 5.23362256796e-08 4.88944852207e-07 8.71248438999e-08 4.10852427416e-08 5.37954774826e-07 8.0017810166e-08 3.42813412222e-07 2.49573024237e-07 3.32457794125e-07 6.90997753349e-08 4.7998413848e-07 3.00561178603e-07 3.08850976056e-07 1.01604543333e-06 2.12580497775e-07 1.10025262715e-07 1.73372252377e-07 4.28743323624e-07 6.47529004228e-08 2.80284162942e-07 2.65710284994e-08 1.21598389749e-07 1.49578691169e-07 1.02525735507e-07 2.39173632773e-08 1.19380942136e-07 1.31420848123e-07 1.52351470541e-07 1.75858513754e-07 1.94780811676e-07 6.98093096704e-08 1.62638094413e-07 1.47563818343e-07 1.11287153989e-07 1.98631928232e-07 1.39788284824e-07 1.47729955093e-07 2.92751680541e-07 2.90351281664e-07 1.52024934426e-07 1.46754116811e-07 2.10038409426e-07 1.19614687999e-07 1.61594924898e-07 1.76097517991e-07 8.23773776336e-08 2.31146915071e-07 2.06630465148e-07 1.882107009e-07 1.563743924e-07 1.4516272252e-07 3.97370634551e-08 1.35091092599e-07 2.02297016203e-07 1.66462092654e-07 3.64636966024e-08 3.83387503736e-07 1.15909921407e-07 5.94574830189e-07 2.60801617088e-07 1.41125118402e-07 2.58458042617e-07 6.76994752993e-07 3.75771198669e-07 8.4524738541e-08 1.42554015536e-07 3.57580700735e-07 7.0587573395e-08 2.82380170766e-08 3.01230444161e-07 2.67364001216e-08 6.79878555396e-08 9.62480388814e-09 2.8053960481e-08 6.9166721836e-08 3.40997698753e-08 2.03117785426e-08 1.15348284641e-07 4.88739295159e-08 4.74987547889e-08 4.64467830492e-08 8.08019608369e-08 6.73273753502e-08 8.78231951503e-08 1.82245338352e-08 5.86571011945e-08 8.51646299846e-08 3.39765185023e-08 6.96092633478e-08 2.84330549926e-08 1.2463010334e-07 1.20174600999e-07 3.61744850885e-08 7.12793801788e-08 3.4175701789e-08 9.43802698687e-08 6.24311276665e-08 1.93539061243e-08 1.0914699479e-07 7.40914429195e-08 9.4505455768e-08 5.63707679266e-08 5.38333672339e-08 6.43916827797e-08 1.41755933642e-07 2.40180848669e-08 4.8306301563e-08 9.70278536024e-08 4.43238552473e-08 1.32848365997e-08 1.09302946773e-07 3.06488144816e-08 3.36777254315e-07 2.01383915795e-08 4.56390339443e-08 2.55809190086e-07 1.78280538361e-07 1.3878030801e-07 2.28792826705e-07 1.82931841998e-07 9.79910656444e-08 9.25661554932e-07 3.56818488063e-07 2.67511762239e-07 1.2335114295e-07 1.27307149945e-07 6.25042160497e-08 8.74079927472e-08 2.59815348299e-07 3.84330516436e-08 6.41825626061e-08 6.55859406185e-08 6.03679874522e-08 1.41250148138e-07 5.28035585219e-08 1.34695952517e-07 4.18171792429e-08 2.1778610767e-07 7.79072314305e-08 9.39873249129e-08 8.41622424284e-08 1.54429373542e-07 4.80493724175e-08 1.76664368789e-07 1.9166298146e-07 7.10549806346e-08 2.09275702409e-07 1.86960281344e-07 5.10975308873e-08 1.54896961759e-07 8.46142252977e-08 1.03592409874e-07 8.56278601038e-08 2.5949302666e-07 5.30351356799e-08 1.67237453625e-07 5.97494223403e-08 1.78998115665e-07 6.90541053263e-08 8.94150351514e-08 9.14314672544e-08 4.80009589128e-08 3.38190212548e-07 1.15513299859e-07 7.30142413383e-08 1.50180264204e-07 1.54326955645e-07 2.88254965491e-07 2.99565823734e-07 6.18986219388e-07 5.89985441566e-08 2.1982767845e-07 2.60689807318e-07 1.24010339613e-07 1.16704628515e-07 7.282243834e-08 2.42304981533e-07 8.62856518582e-07 9.96147354465e-07 1.59867740008e-07 3.97469277892e-07 5.16846070181e-08 1.37227608307e-07 1.92671003051e-07 1.209989566e-07 1.88944029862e-08 1.26719885517e-07 1.42880078996e-07 5.59197627138e-08 1.89675856574e-07 1.75636041249e-07 2.74886802562e-08 2.62306025266e-07 8.1483475029e-08 1.21064446071e-07 2.0142694555e-07 4.4338248018e-08 4.64125391778e-08 4.02937190168e-07 8.87834346071e-08 1.3205240707e-07 3.0017383587e-07 1.31217244149e-07 9.45674744196e-08 4.19252572388e-07 5.05472705755e-08 4.77699792587e-08 2.14752308199e-07 1.4109094698e-07 8.71117961673e-08 2.99966128385e-07 2.81020762922e-08 2.09656229048e-07 2.28334715439e-07 6.45784685459e-08 1.65365436521e-07 1.52011002319e-07 1.94636780636e-08 1.4038033917e-07 2.39462923418e-07 1.54239223308e-07 4.39264914278e-08 4.01609968519e-07 1.55993153307e-07 8.99907777135e-07 5.88530037394e-07 2.1138233642e-07 6.77126100258e-08 2.02832241458e-07 1.78772107929e-07 3.27975834372e-07 3.06579828959e-07 2.62642988797e-07 2.90361364715e-07 7.23092114676e-07 3.45232025868e-06 8.14613886119e-07 5.41136359576e-07 1.57409089215e-07 2.98060468624e-07 7.45819409894e-07 3.02060421363e-07 1.0808931046e-07 4.691907268e-07 2.61454521196e-07 2.01877496492e-07 4.66109367181e-07 2.10942588802e-07 1.50885324263e-07 6.63279592739e-07 3.9509491412e-08 3.82286629729e-07 3.52671490095e-07 2.39799208056e-07 2.01845165042e-07 4.29612844231e-07 1.3216319734e-07 5.23919891556e-07 1.59244025392e-07 3.34099418037e-07 1.52130651628e-07 5.3636408191e-07 1.30348672978e-07 4.6296315536e-07 2.1357806278e-07 2.64116870177e-07 3.7181745457e-07 4.25372358383e-07 4.19435723336e-08 7.52788166422e-07 1.68974550062e-07 2.38257808078e-07 5.03801051696e-07 2.23013040376e-07 2.9269116524e-07 5.03639138347e-07 1.1272105946e-07 3.18329595985e-07 7.36800826659e-07 3.06601033819e-07 1.56919985195e-07 4.68379225868e-07 6.66750720648e-07 2.13320462089e-06 6.46412256222e-07 3.40657159643e-07 3.20356701418e-07 5.01254922713e-07 3.74945808704e-07 1.44259037434e-07 3.88213803926e-08 1.0128588894e-07 1.28959602221e-07 5.96551870518e-07 7.99627328913e-07 2.39532655733e-07 2.00613218951e-07 6.61936568811e-08 3.51325593238e-07 1.479157687e-07 3.13387480603e-08 4.80079784455e-07 4.97054064807e-08 1.22614652616e-07 3.02280851631e-07 3.99383314413e-08 9.6683269838e-08 9.22587647201e-08 6.55549640035e-08 1.39844407454e-07 9.1482234313e-08 9.82932284685e-08 8.2200115989e-08 2.13508425908e-07 1.71259952617e-07 7.57203831188e-08 1.11124833542e-07 1.78571006518e-07 2.55999681104e-09 1.61199771112e-07 1.14318894637e-07 6.43015808493e-08 1.81354098217e-07 2.32260235585e-07 8.37700951612e-08 1.00517906886e-07 9.88542955814e-08 1.34757877012e-07 7.14516521305e-08 1.14263449156e-07 1.0661538407e-07 3.88709883469e-08 3.33106465654e-07 1.20479302929e-07 5.9394195146e-08 4.92041543098e-07 2.47758935502e-08 1.34154636488e-07 3.0764223676e-07 4.40401106786e-08 2.33782488887e-07 1.23341951973e-07 5.69535749662e-07 4.65911821196e-07 1.37904401778e-07 1.63803894321e-07 5.20780754538e-08 2.55039615838e-07 2.35689495078e-07 1.07753433338e-07 1.05604208244e-07 3.81529575912e-07 7.81405891731e-07 2.97204190476e-07 2.56995826673e-06 1.52579134462e-07 3.74991800364e-07 5.63561819555e-07 2.14405817513e-07 8.16595347857e-08 5.24370330804e-07 1.57461973454e-07 3.63908364611e-07 1.26700524725e-07 4.80720648455e-07 7.72604284524e-08 5.47511172763e-07 8.08298158868e-08 3.74437886209e-07 1.73573270752e-07 8.44210850576e-08 2.79095851535e-07 2.66818928632e-07 3.15201339564e-07 2.60604256267e-07 6.69172459945e-08 1.50190311517e-07 2.7119667005e-07 2.76316817239e-07 1.5906466074e-07 4.69021513547e-08 2.95666200093e-07 3.11909307935e-07 2.97041192801e-07 3.06228437402e-07 9.12963919199e-08 1.78598301819e-07 4.09314408311e-07 8.74987996348e-08 6.07321027033e-07 8.16552700309e-08 5.31518783789e-07 1.06786763223e-07 3.67679035796e-07 1.65116869572e-07 4.69837673283e-07 7.38132854447e-08 1.52518463536e-07 5.00231654554e-07 3.31168798001e-07 7.01109290301e-08 1.60728930371e-06 1.43553555551e-07 7.25476439407e-07 4.20768036916e-07 1.53876860281e-07 1.70327433081e-07 3.51882586078e-07 6.09802600861e-08 2.81487307155e-08 3.50061264702e-08 3.63314108384e-08 1.42764611739e-07 1.25922554674e-07 1.32344917017e-07 2.96400628604e-07 7.16293248162e-08 3.8378505341e-07 5.38257236023e-08 2.46415466635e-08 1.71024837222e-07 5.9698428155e-08 1.28727144889e-07 5.33440120688e-08 8.92654716485e-08 4.19041893693e-08 6.29403861294e-08 1.14139406041e-07 3.01021000193e-09 1.16696578204e-07 1.00776703551e-07 5.29014694187e-10 1.20245723638e-07 1.02819608607e-07 5.67071228185e-09 1.80941037711e-07 4.70186441122e-08 2.65904247298e-09 3.23308491359e-07 2.05050174144e-09 4.29452891729e-08 1.99164575671e-07 8.06176902227e-09 1.0780558923e-07 1.40643777029e-07 2.09718396721e-09 9.61103425087e-08 1.24991458486e-07 2.51933708646e-09 1.24548320439e-07 5.78404339567e-08 4.57623980736e-08 8.13136047596e-08 4.82125583128e-08 1.31585921988e-07 6.46962696642e-08 1.4737022076e-07 1.84662721389e-08 4.51160914533e-08 3.31931122639e-07 4.10326599542e-08 2.36737322988e-07 8.66998884987e-08 1.35968715605e-07 1.59652006819e-07 3.42536807149e-08 5.58541706013e-08 4.04171320266e-08 1.19925714122e-07 1.11558991748e-07 2.65058389856e-08 9.40856168578e-08 1.15877611695e-07 3.08193611982e-07 1.17717946135e-07 3.36870688788e-07 5.84749011244e-08 7.53049483911e-07 3.03277458601e-07 3.51208518544e-07 5.01864340905e-08 2.77236845505e-07 1.73097864865e-07 1.52186008147e-07 3.62026271217e-07 9.50144073351e-08 1.70455365948e-08 4.10494858549e-07 2.7388176089e-08 1.94838269129e-07 1.1137422255e-07 3.10011240628e-08 1.06965036877e-07 9.98838550679e-08 1.15391443066e-07 1.26419787776e-07 1.3095629954e-07 1.18943784706e-07 4.50492873327e-08 1.30748227226e-07 1.29829007149e-07 4.74472666309e-08 1.10490353776e-07 1.48326801878e-07 1.26625157174e-07 1.31465604925e-07 1.02850714236e-07 1.19658286159e-07 2.42266436147e-08 1.25944091914e-07 1.94081895581e-07 2.53053149064e-08 4.29279416872e-07 1.43532154923e-08 9.06336848226e-08 3.51065518377e-07 1.40048810299e-07 1.47650998301e-07 2.20970173904e-07 5.33126859111e-08 3.3872883497e-07 1.73727156245e-07 5.52271046258e-07 3.08945986486e-08 2.64373064292e-07 8.31155499193e-08 3.24808662176e-07 1.26598676455e-07 1.28556460783e-07 5.9878852491e-08 1.83526727481e-07 2.28217551224e-07 7.69862927558e-08 2.62966092127e-07 2.98125555717e-07 6.79735749228e-07 4.65081257327e-07 9.61552575713e-07 2.65808132426e-07 5.14535284998e-07 3.84340839774e-06 2.56969055785e-07 4.74103711123e-07 8.29347067945e-07 2.85466395913e-07 5.79578926959e-07 5.0988255476e-07 6.86718377934e-07 2.13690300323e-07 6.69912674551e-07 2.5269363908e-07 2.27824636245e-07 6.87424514075e-07 2.12982434161e-07 3.33172753302e-07 7.34586893522e-07 1.58045242513e-07 4.85523869157e-07 3.2068883544e-07 4.93932810586e-07 1.56071570344e-07 5.90384568242e-07 8.06773420981e-08 5.77576425006e-07 1.61747134471e-07 5.17027162131e-07 3.21072177335e-07 5.05773197872e-07 1.48090151265e-07 7.44009105103e-07 3.37165108273e-07 2.10551963254e-07 6.866562014e-07 2.21542470662e-07 2.71335890073e-07 6.12505348177e-07 2.09317088903e-07 6.88744570632e-07 4.46233959846e-07 5.26679910712e-07 2.27954598217e-07 6.29114885003e-07 3.28080690732e-07 1.56949368767e-07 2.45379654946e-06 3.20028209864e-07 2.17004655444e-07 8.16701683857e-07 4.33639175518e-07 7.41808397339e-07 3.98940668674e-07 4.00157524852e-07 1.5695669201e-07 3.33209007863e-07 9.33155857214e-08 2.45486017427e-08 9.73424679249e-08 1.80723839195e-07 2.90371053016e-07 1.45652830733e-07 2.42215649381e-07 3.98488475555e-08 2.4276457551e-07 5.2117779875e-07 7.10033942817e-07 4.67015098017e-08 7.65816794802e-07 4.93091684366e-08 2.00378341849e-07 3.32139280502e-07 1.43978735814e-07 6.18280031153e-08 1.7634215403e-07 2.57379702617e-08 1.49780882906e-07 9.31340398423e-08 1.41179734859e-07 5.34156777081e-08 2.42378354963e-07 1.03884478718e-07 3.88243639765e-08 1.18671280868e-07 1.18059388999e-07 7.72975749283e-08 2.27511901728e-07 4.8883536532e-08 5.1681515993e-08 2.16535288645e-07 8.25236879716e-08 1.27643004665e-07 1.26776828429e-07 3.39876569628e-08 1.05442476891e-07 2.42787390067e-07 5.88247186859e-08 1.60162677029e-07 8.72655775961e-08 1.48236212656e-07 1.69339277851e-08 1.95600197585e-07 3.99601728095e-08 1.17050128836e-07 3.15255092417e-07 1.75626178898e-07 1.81046011886e-08 6.52103006616e-07 1.73775536313e-08 5.42886665622e-07 3.17860153223e-07 2.01943848937e-07 3.36586180348e-08 2.34347879533e-07 1.36420694286e-07 3.40111376959e-07 2.24928236071e-07 1.42931461983e-07 3.77325414295e-08 1.36665885893e-07 2.593383793e-08 1.6970509628e-08 3.30535909713e-08 1.10035094248e-07 2.11195792526e-08 1.31263292612e-07 1.46060908408e-08 7.83259360585e-08 3.00328536657e-07 8.48938880889e-08 2.8050707327e-07 1.44981860662e-07 8.9989945103e-08 5.44704230682e-08 8.37260643564e-08 1.47706330841e-07 6.38461523266e-08 1.92870475196e-07 2.85599970338e-08 7.41505317095e-08 1.55175934896e-07 2.64237793666e-08 1.04790800663e-07 5.13796371338e-08 1.0229087336e-07 9.90747253526e-08 7.37003064264e-08 6.75231883752e-08 5.20634676015e-08 1.5576301736e-07 4.26729210355e-08 5.18146765324e-08 4.74073946247e-08 1.6153152442e-07 5.02504193111e-08 6.77190007251e-08 7.17902190812e-08 8.61617375431e-08 1.1950552958e-07 5.21892226615e-08 1.13323535514e-07 2.53999516492e-08 1.39544355546e-07 6.62068568891e-08 2.4200032447e-08 1.75671851438e-07 6.30061944857e-08 1.26670403574e-07 4.64649198599e-08 4.4085594931e-08 4.97045932797e-08 7.37364408989e-08 2.39588168338e-07 5.49219375642e-08 2.06848550451e-07 8.54346151249e-08 1.15264742089e-08 1.32322761106e-07 1.7698599347e-08 1.31095837376e-07 4.40463763075e-08 2.53987230178e-08 5.04659096286e-08 1.95785625416e-07 1.00606047379e-07 2.50891696118e-07 3.16690572575e-07 7.44299949235e-07 4.23171591627e-07 3.73405042248e-07 1.66885232771e-07 4.20506955948e-07 1.14516500213e-06 5.92675405843e-07 1.81366583373e-07 3.71155523567e-06 2.17315487196e-07 1.3007190393e-06 4.8714994185e-07 6.9851412997e-07 3.40925352554e-07 9.50532855432e-07 2.98823560814e-07 4.57705100819e-07 4.72923142477e-07 4.82653426227e-07 1.90074789285e-07 9.61223600415e-07 2.78187975034e-07 5.37870650162e-07 4.28195281356e-07 2.07149987931e-07 3.47441491998e-07 6.37943352356e-07 2.84654173731e-07 2.72099589034e-07 2.9123299409e-07 2.83036957988e-07 6.51810386889e-07 3.4998087643e-07 2.12889479904e-07 4.15472452008e-07 5.3257420366e-07 2.8917901103e-07 9.60998207226e-07 2.03452944543e-07 4.8958456097e-07 4.19904941434e-07 4.24050832778e-07 3.08264295122e-07 8.32726607968e-07 3.13546427701e-07 5.31435044566e-07 4.34354241615e-07 9.05272330486e-07 1.35640639705e-07 2.41718806862e-06 8.95121218774e-08 5.01584187351e-07 9.78073399152e-07 3.53370970312e-07 1.37205423176e-07 3.97910058114e-07 4.47607633102e-07 9.0045954515e-07 4.18243499176e-07 3.74410073543e-07 1.74461267079e-07 2.44514572266e-07 3.18535127952e-08 1.37557323948e-07 6.37915681771e-08 1.65017328596e-07 7.40118856276e-08 2.08016620049e-07 7.10484971376e-08 1.78315760972e-07 3.85374359596e-07 1.05112131716e-07 5.5435371331e-08 5.03079765413e-07 6.61553903031e-07 1.56946763734e-07 5.30456296389e-07 1.87340709081e-07 7.77448556101e-08 6.05790557254e-07 4.17908733886e-08 2.46567002301e-07 1.33754913787e-07 7.22134080272e-08 1.01739541076e-07 1.15350108512e-07 1.5894123303e-07 6.25377724292e-08 1.33606808876e-07 1.8365244102e-07 3.12086990675e-09 2.693512583e-07 4.14154183134e-08 1.64556349977e-07 9.87424845071e-08 1.54266277953e-07 4.00824171298e-08 2.67650849628e-07 3.6072163011e-09 1.8212081859e-07 1.34821270202e-07 5.72293631813e-08 1.28014630415e-07 1.13748798732e-07 6.91637702035e-08 7.15877509759e-08 1.35512770077e-07 2.26440754723e-07 1.13984498461e-08 5.71768033587e-07 4.75842963405e-08 1.16991987597e-07 4.1379739737e-07 8.57718749868e-08 5.3268380041e-07 3.04731028426e-07 3.62443461032e-08 7.19072778511e-08 3.72471240201e-07 1.34456149934e-07 8.40646243128e-08 2.2076476807e-07 8.31000039627e-08 2.19709513737e-07 1.0396245895e-07 2.00060182404e-07 4.76896681372e-08 1.29309522774e-07 1.49194007198e-07 1.15812204188e-07 3.43460052381e-07 1.62443917288e-07 3.68710466767e-07 1.10919031143e-07 1.40273447752e-07 7.62610020723e-07 2.0612453716e-07 7.24561380643e-08 9.89051056046e-07 3.4883679114e-07 1.93666181843e-06 3.14225764813e-07 1.33620917875e-06 1.38469848556e-07 7.30104534301e-07 2.18045798494e-07 3.41849314727e-07 5.89131573049e-07 1.79996034756e-07 2.1199777549e-07 7.38158702605e-07 1.55448097376e-07 5.13740469827e-07 2.31029771017e-07 2.28282712752e-07 2.31720565656e-07 2.31457816252e-07 1.60840057714e-07 3.10203828031e-07 2.80214518906e-07 3.02923975089e-07 2.97832575627e-07 1.74281090677e-07 2.33159377024e-07 2.21996886621e-07 2.12805440692e-07 2.17610495253e-07 4.80944914093e-07 1.48065724093e-07 6.95691200342e-07 1.92728132386e-07 1.66466933362e-07 5.05414862298e-07 3.09095760954e-07 2.03379398231e-07 6.21646269679e-07 9.21092595105e-08 1.19667239042e-06 1.39272770296e-07 1.40794704613e-06 2.5343934731e-07 6.41963666769e-07 6.18160047052e-08 1.71058053822e-07 6.26132927286e-07 1.43359613975e-07 9.01884939472e-08 4.31039406731e-07 1.56687636913e-07 4.75927770726e-07 1.91419341904e-07 2.48799972602e-07 1.94387920857e-07 1.79265804453e-07 2.74625952083e-07 4.75907024835e-08 3.74686572178e-07 2.40321466258e-07 2.03104961983e-07 8.325178523e-08 3.53667972032e-07 4.33863242143e-07 3.49208318829e-07 7.97522312964e-08 7.4065478942e-07 4.12682826303e-07 4.00428962066e-07 2.45928625427e-06 4.13502799448e-07 2.28823647428e-07 6.30444538152e-07 1.54272105355e-07 3.62130190595e-07 4.83394642899e-07 2.5601367891e-07 2.71402942935e-07 3.71685928609e-07 5.02568374292e-07 2.35962468835e-07 2.40279417462e-07 2.74932271375e-07 2.71225805449e-07 3.73069175138e-07 8.96188521595e-08 2.81129204262e-07 1.66758413598e-07 5.72771112727e-07 1.66170603508e-07 2.76594273924e-07 8.8733108223e-08 3.80288274075e-07 2.77231216045e-07 2.60567811978e-07 2.087352491e-07 2.16215209391e-07 5.11827270004e-07 3.21220899228e-07 2.52239672896e-07 2.0322344481e-07 4.40412886779e-07 2.71251692023e-07 1.29412869502e-07 4.80472913394e-07 1.3045085951e-07 2.04945938028e-07 1.63535140876e-06 1.63985314507e-07 3.42151544556e-07 6.72810539653e-07 4.91977972803e-08 3.44786229291e-07 3.90189114531e-07 3.55741968054e-07 1.11536155368e-07 1.55076257798e-07 3.16166477753e-07 5.09789956263e-07 9.28566051176e-08 3.29522276433e-07 2.23008830222e-07 3.70001220954e-08 1.40151204452e-07 1.32673639785e-07 3.23038269614e-07 2.04968883408e-07 3.29214909786e-07 1.55089890258e-07 1.58455639535e-07 7.80819769791e-07 1.4708397366e-07 1.18126707422e-07 8.11186024776e-07 3.21563957906e-07 9.59009843178e-07 6.41571857127e-07 2.44395633171e-06 1.76879868612e-07 2.06881173382e-06 1.92364046218e-07 5.46675182536e-07 7.89126476075e-07 3.2853584606e-07 4.67389732196e-07 5.50092508348e-07 3.93685577549e-07 6.21572303924e-07 2.61608404769e-07 6.86354530911e-07 6.4935225988e-08 7.33413727056e-07 2.91404838745e-07 1.61430465713e-07 4.86434907272e-07 4.51516091913e-07 4.42533781407e-07 4.92723382151e-07 1.60250522724e-07 2.81908507129e-07 7.22770208257e-07 7.58020136277e-08 6.67738288703e-07 2.3924853579e-07 5.95294528832e-07 3.43235271527e-07 5.23369727471e-07 4.73531935563e-07 2.74727093497e-07 7.10479897372e-07 5.05703305509e-07 9.64147949838e-08 1.64875888121e-06 1.1753673618e-07 1.7740795181e-06 3.8204695521e-07 8.18041865156e-07 2.35947187069e-07 6.92437102631e-07 9.77627197048e-08 1.4587711966e-07 7.51799385011e-07 1.51265808251e-07 1.46247822762e-07 4.49129846421e-07 2.28032794624e-07 4.64398766548e-07 2.25949595572e-07 2.321443682e-07 4.51129477597e-08 2.36965961288e-08 3.80709420754e-08 1.78383739405e-07 7.53774121146e-08 1.08858216026e-07 3.80713279105e-08 6.41927092521e-08 2.38483496e-07 7.46034858926e-08 7.17092821256e-08 3.33012417458e-07 5.01233729307e-08 1.38180175831e-07 2.81884780199e-07 3.64181505561e-07 6.33858292201e-07 3.37694341e-07 2.59909302762e-07 1.5487321691e-07 2.29741358761e-07 2.56314151306e-07 8.20720233862e-08 5.35524943183e-07 1.190358926e-07 7.31677332164e-08 2.97854136673e-07 6.00227334536e-08 1.14107421692e-07 1.12250755893e-07 5.46111194047e-08 2.65016838351e-07 9.88096619319e-09 1.46228911214e-07 2.02814414613e-07 1.48779906288e-07 1.71014363321e-08 2.70742128979e-07 4.47473123132e-08 1.2043326487e-07 7.75221978423e-08 5.20359634837e-08 3.13787067934e-07 8.00174968533e-08 8.01198626313e-08 4.90840874172e-07 3.64357729705e-08 2.50257503389e-07 1.58095206063e-07 1.14537611451e-07 2.13779536034e-07 1.80063659599e-07 5.36410086613e-07 2.39032675785e-07 1.55335335537e-07 1.12502744199e-07 3.4267023016e-08 3.07403089246e-07 8.52189442222e-08 5.19862115841e-08 2.36731369658e-07 7.06098316729e-08 3.16494665979e-08 1.650553615e-07 9.22100904318e-08 2.5920849253e-07 6.0897444799e-08 3.49308077597e-08 1.12446688808e-07 1.93657366972e-07 5.34726478127e-07 2.78042430467e-07 4.94242352521e-07 2.8067300024e-07 3.18977954007e-07 1.03829552978e-06 2.68816082618e-07 1.50870648049e-07 8.61712698281e-07 5.83962102243e-07 8.43834409456e-07 9.48583407951e-07 1.59160470459e-06 5.27776820325e-07 5.06040260362e-06 2.53570892333e-07 1.98382114953e-06 8.19711773041e-07 6.55025209985e-07 6.680232741e-07 1.25290364862e-06 9.10482324334e-07 5.27043776173e-07 5.87748361118e-07 9.64595639279e-07 2.45211339731e-07 1.60986135246e-06 2.4321346898e-07 6.16444994945e-07 7.46460044101e-07 3.93473771892e-07 7.55026850383e-07 7.62241547329e-07 3.56659263367e-07 7.55907309946e-07 5.46873839658e-07 2.32372152192e-07 1.47335383232e-06 2.42544621179e-07 9.40673775439e-07 5.31927799707e-07 5.04416607832e-07 8.94404702121e-07 1.06124227947e-06 5.76195173689e-07 5.53220844643e-07 6.52555529794e-07 1.48432585593e-06 1.4351507431e-07 3.42784445589e-06 3.25446702684e-07 1.2143871562e-06 7.69128750658e-07 6.91922720778e-07 5.58106471154e-07 7.63938467345e-07 1.19109483013e-07 3.13322002781e-07 1.08408844952e-06 3.51014139921e-07 3.16772919584e-07 6.60930361938e-07 3.31860708412e-07 7.53247325809e-07 3.2122271315e-07 1.74362878589e-07 6.47802527653e-08 3.48376530738e-08 2.13375367049e-07 6.17334015047e-08 5.91664831644e-08 2.62470247854e-08 6.86056767391e-08 1.79335518612e-07 8.08285196266e-08 3.48157286473e-08 3.02524909434e-07 4.72088505323e-08 2.39952177125e-07 1.94359575627e-07 1.97096180187e-07 1.86006621851e-07 5.30015356448e-07 6.3974892645e-07 1.61298170048e-07 6.3169895615e-07 7.89703972468e-08 1.58006030573e-07 5.86943288745e-07 1.91587229191e-07 2.48707950075e-07 1.41000305546e-07 1.28755056727e-07 1.54912835082e-07 1.50522868164e-07 1.4623744076e-07 9.99304959555e-08 1.38383564841e-07 2.59813415046e-07 4.76924542194e-08 2.25417791256e-07 6.50582644746e-08 2.35130493078e-07 1.37288595318e-07 1.1128783757e-07 1.24718997694e-07 1.40991185738e-07 1.51748835245e-07 9.51531585398e-08 1.31710105151e-07 1.76567846035e-07 1.27544955161e-07 5.445627958e-07 1.07330449575e-07 1.86853954837e-08 4.92235679291e-07 7.70091606114e-08 5.5068514756e-07 2.91611424169e-07 1.81507074162e-07 1.20457170935e-07 1.98404339394e-07 1.91084814557e-07 3.38900869614e-08 3.0743227016e-07 5.937556713e-08 6.36914141727e-08 1.8391599801e-07 1.00639847326e-07 3.06633743201e-08 8.24288912841e-08 8.83984166583e-08 2.93507707907e-07 5.36791215527e-08 9.10637798299e-08 1.13709322223e-08 2.3139625897e-07 3.78031984714e-07 1.2758685386e-07 3.45164696549e-07 4.246685502e-08 2.09329732784e-07 4.09069137071e-07 1.62816646092e-07 1.33834787849e-07 6.07524462585e-07 1.84710034111e-07 4.10191873248e-07 5.40989719527e-07 7.07852093332e-07 3.18809383405e-07 1.46975995046e-06 3.50709539329e-07 2.35819500641e-06 5.07116266321e-07 1.0843035245e-06 3.04754823638e-07 8.76708068965e-07 7.58212831489e-07 5.6572537188e-07 6.71258523444e-07 4.24998956146e-07 2.63144665015e-07 1.23067664559e-06 8.60555816787e-08 7.14994256748e-07 2.47827806669e-07 4.99865580772e-07 6.41593132468e-07 2.06124068743e-07 1.98228722722e-07 6.18330703147e-07 4.99045627233e-07 2.34164479522e-07 6.80498249446e-07 9.15462743381e-08 1.15205085612e-06 2.2277140171e-07 3.98472395964e-07 5.71948354552e-07 5.04209954584e-07 6.83827879246e-07 7.05810186061e-07 2.10833537392e-07 9.41666505466e-07 2.64823031113e-07 1.79227973596e-06 2.48141431267e-07 1.06944450303e-06 2.44073155353e-07 5.95494236652e-07 3.7408668639e-07 3.81127854015e-07 1.78668641701e-07 5.69668086931e-07 1.21924587387e-07 1.75562194729e-07 5.06141390665e-07 2.31833540703e-07 4.06108737398e-08 4.85506472247e-07 1.67093675582e-07 5.74449238534e-07 3.46340059755e-07 1.5732329142e-08 1.7402016304e-08 3.18904696148e-07 4.0868058972e-07 9.58293359331e-08 1.98442742435e-07 8.91710774545e-08 1.00559082895e-07 5.79950417342e-07 1.90620869789e-07 1.20547438901e-07 7.89957889228e-07 2.25157064639e-07 6.73040243469e-07 3.03226797549e-07 8.67511667967e-07 2.73167125482e-07 1.21315680144e-06 5.54949504869e-07 7.99140091692e-07 3.36664411e-06 3.56009849564e-07 9.81962552443e-07 9.88212087957e-07 5.92936845356e-07 7.27287104097e-07 5.8366477023e-07 8.41985578116e-07 2.92012519305e-07 8.25079771915e-07 4.10988753703e-07 2.77960243657e-07 8.05108430266e-07 4.23730568649e-07 5.84469019116e-07 8.20506899988e-07 1.06260953706e-07 8.13358677359e-07 5.39887740536e-07 3.96246022826e-07 7.72122268341e-07 2.54181770093e-07 3.89962844328e-07 7.73252231068e-07 2.34614718823e-07 7.14475847626e-07 6.11553312139e-07 5.49238270844e-07 4.60303120151e-07 7.35076700848e-07 6.73766098785e-07 2.02144074118e-07 2.3965433082e-06 4.31825343252e-07 4.4166146005e-07 9.57615626945e-07 2.02541569353e-07 7.5768062619e-07 3.24972369771e-07 5.88605780742e-07 2.37853447838e-07 7.53522167468e-07 1.29546259316e-07 1.85509782794e-07 6.72302128649e-07 1.22690800629e-07 1.22302230686e-07 2.84829745115e-07 1.38740712788e-07 5.57454967172e-07 4.04632299668e-07 2.16395759519e-08 8.11257775708e-08 2.87203948457e-07 7.87819437718e-08 2.75670068487e-07 4.17458335769e-08 1.60031321945e-07 3.1612128157e-07 1.21566598383e-07 1.126132016e-07 3.72934196455e-07 1.67441199723e-07 2.54823594724e-07 3.33835307865e-07 3.61066025965e-07 2.81752186548e-07 8.35151330548e-07 2.0245409926e-07 7.59955997746e-07 7.38636703476e-07 1.64701218058e-06 2.71954040662e-07 1.68860623295e-06 3.75971129173e-07 4.52133222918e-07 5.83550543327e-07 4.70708025677e-07 3.51792476379e-07 5.71069623719e-07 1.95696911988e-07 4.92659580581e-07 2.22597482069e-07 6.36235927287e-07 2.68063079678e-07 3.89744443179e-07 2.21389554721e-07 2.32343839304e-07 3.67929006203e-07 2.47913515292e-07 5.782355793e-07 2.02455043244e-07 4.41007614317e-07 1.86725472961e-07 5.39030571621e-07 3.17979441653e-07 3.85152179203e-07 5.22144308356e-07 3.98946639224e-07 2.57094252087e-07 1.34491890108e-06 1.43960042597e-07 1.31932842131e-06 4.3692021423e-07 6.66736335109e-07 1.26517717192e-07 6.87927932889e-07 2.45296213319e-07 3.18227147578e-07 3.22350586851e-07 2.34285437167e-07 1.75328470652e-07 3.63259173996e-07 1.06460002396e-07 1.44531177001e-07 3.62597026573e-07 1.64947244241e-07 6.78880830213e-08 3.93203090557e-07 1.21660390622e-07 4.42654145573e-07 1.05742147538e-07 3.06824010899e-08 2.7456105927e-07 6.01375382013e-08 2.32896654803e-07 6.28925354361e-08 1.02230795785e-07 3.29946454895e-07 9.69679706034e-08 4.05920410104e-08 3.10247232632e-07 1.25607045854e-07 3.72175508861e-07 3.07173741485e-07 4.2718794356e-07 9.27373511285e-08 7.30600376486e-07 1.69879671094e-07 4.09978894394e-07 8.41881400123e-07 5.08309395972e-07 1.5626439114e-06 5.99565579203e-07 1.21302192606e-06 4.56371325991e-07 3.98570080277e-07 7.82081806496e-07 2.61599202878e-07 1.28883490913e-06 2.47624340625e-07 3.46048017752e-07 6.34511306441e-07 2.23552862325e-07 7.20402316916e-07 2.40877020561e-07 1.74797709055e-07 8.64654836023e-07 1.73060821374e-07 2.3408731406e-07 6.69440255911e-07 1.97819288557e-07 5.99706248078e-07 3.30372203525e-07 2.09919914622e-07 1.14056233201e-06 2.18169158547e-07 7.29184972246e-07 2.89153676453e-07 3.98041917005e-07 1.04740437695e-06 3.38088523192e-07 1.27830817737e-06 3.13011977543e-07 5.95305961524e-07 3.08774485733e-07 1.03641954978e-07 6.13998987109e-07 6.18779497852e-08 3.75894176299e-07 3.19118823423e-07 3.41046272863e-07 1.09836035106e-07 3.62777137071e-07 3.03627861602e-08 1.48331659941e-07 4.12043089901e-07 1.00188952869e-07 1.04664957591e-07 3.12591917656e-07 1.20408149021e-07 4.132465723e-07 3.9264749135e-08 1.39573909638e-07 6.78198558416e-07 1.39836508612e-07 4.94570404658e-07 8.61306488724e-08 4.4684986482e-07 5.89703695015e-07 2.5718222389e-07 2.39609835104e-07 8.31024366991e-07 2.39669882347e-07 5.96129644111e-07 5.63874160518e-07 6.68775494008e-07 5.09318061894e-07 1.09789995375e-06 6.09074597385e-07 1.00602690137e-06 1.37754192268e-06 1.22782567262e-06 1.07733353301e-06 5.51255772609e-06 7.71521095428e-07 2.32945428606e-06 8.86360029121e-07 1.18080662764e-06 7.24011568828e-07 1.74357103029e-06 7.55199112394e-07 7.93398675051e-07 9.19265405169e-07 1.53244208802e-06 5.09162588282e-07 1.73435216913e-06 2.2138828325e-07 1.31590923556e-06 1.24689778612e-06 2.19677538176e-07 1.73586568291e-06 4.83729413637e-07 1.45545667075e-06 8.43807961744e-07 7.22010860935e-07 7.01586039756e-07 1.53272140126e-06 5.89847339372e-07 9.1068903632e-07 7.38545742953e-07 1.8193575072e-06 4.44615748814e-07 3.92926265773e-06 6.93649954871e-07 9.85241599387e-07 1.07269773275e-06 8.24911549862e-07 5.45283012447e-07 9.19965467761e-07 4.94133708582e-07 6.43189690533e-07 4.84938748169e-07 6.32282425906e-07 2.28906361868e-07 9.39013218703e-07 2.79603125691e-07 3.04975982312e-07 7.05859646887e-07 5.10697170687e-07 1.3645230093e-07 6.49271854712e-07 2.50426383266e-07 9.98005262488e-07 1.66445801971e-07 2.87904152081e-07 8.28448246561e-08 4.44881457811e-07 3.63181386654e-08 1.63885175953e-07 4.4907447254e-07 8.20794997795e-08 6.88148269308e-08 3.06921422608e-07 2.20797636935e-07 4.44575812395e-07 3.19401250895e-07 7.06051070366e-07 1.38218564238e-07 1.02666779916e-06 1.88401251634e-07 7.08341036646e-07 9.0120916188e-07 5.18775903345e-07 9.20229611265e-07 1.48170400314e-06 3.03068889579e-06 5.38412734345e-07 1.71802872668e-06 5.75351284579e-07 3.44540191544e-07 1.83778274057e-06 3.05278298843e-07 9.46627983063e-07 5.2972989595e-07 5.90905274141e-07 1.10205602021e-06 3.88517958947e-07 4.18995071103e-07 4.19633106563e-07 6.7841156446e-07 4.23511660357e-07 4.00952126977e-07 3.44960039376e-07 1.09482900159e-06 4.97110631471e-07 4.82740314034e-07 8.87989207114e-07 2.40390465463e-07 1.66886500859e-06 2.65272611753e-07 4.09138972198e-07 1.42315509492e-06 3.16966311554e-07 2.29615037666e-06 8.42074426623e-07 7.57661196133e-07 4.00737400866e-07 7.9123927763e-07 5.98312789553e-07 1.72775787429e-07 1.02473464216e-06 8.7942715154e-08 6.30854323574e-07 3.39622890641e-07 4.39183819364e-07 2.52335789345e-07 3.39418461816e-07 6.4485746151e-08 9.7855865035e-08 5.87543288495e-07 2.19793169336e-07 7.69273030808e-08 6.03176741369e-07 1.22376309082e-07 3.79561070101e-07 2.15485342925e-07 1.3833663108e-07 3.29990423141e-07 6.11373917698e-08 1.07479905475e-07 4.75369981061e-07 2.04667388363e-07 4.71942863049e-08 6.0378800764e-07 1.38374107473e-07 4.01325419367e-07 4.0111262368e-07 4.75794401884e-07 2.11032098505e-07 8.58394334514e-07 2.60368719415e-07 5.94086612062e-07 9.34554419121e-07 6.31258313818e-07 7.71764786753e-07 1.709140118e-06 1.12356726706e-06 2.92766609479e-06 4.79465288089e-07 1.98011536363e-06 2.55174657807e-07 1.27231816568e-06 5.41136079205e-07 7.22708216434e-07 9.03290657596e-07 6.84937940985e-07 5.7742934978e-07 1.17822315837e-06 9.64932117757e-08 1.30222268601e-06 3.84382470615e-07 3.69594787492e-07 1.30776143744e-06 1.07168295101e-07 1.15147490518e-06 5.04860954453e-07 6.16520799964e-07 8.3152097418e-07 5.72497943137e-07 5.25323005258e-07 1.06336087878e-06 2.03324270851e-07 1.83524504232e-06 2.55267477774e-07 2.3647478208e-06 7.70119715805e-07 1.2318973787e-06 6.4853051576e-07 5.79454450085e-07 6.54980240383e-07 5.73499877991e-07 1.99034536834e-07 7.44223715238e-07 2.03643964286e-07 4.51356054286e-07 4.57267181169e-07 3.57557643968e-07 1.51316834088e-07 7.24734547284e-07 3.77370619511e-08 2.18028867638e-07 6.29350427145e-07 1.70116630031e-07 1.06526131362e-07 4.48655333033e-07 2.3665148252e-07 3.26275924137e-07 2.92796176581e-07 1.08041490713e-07 4.31930225834e-07 2.25949240402e-08 7.40494054322e-08 2.28087151879e-07 2.04914775773e-07 1.13776273923e-07 2.48845917005e-07 1.21445220656e-07 4.62617413199e-07 1.69224552876e-07 7.15074660296e-07 2.45083374125e-07 9.76547383032e-07 2.07422563236e-07 7.63512974805e-07 5.15340172723e-07 7.1931727721e-07 5.40260865368e-07 1.34567101166e-06 1.25634760543e-06 6.01934906162e-07 4.40959582675e-06 6.13915808361e-07 7.17879265963e-07 1.01794977353e-06 3.65574971248e-07 1.01501043754e-06 7.52966994399e-07 9.77450865421e-07 5.71925069866e-07 7.41188749183e-07 3.70573438941e-07 4.80724691602e-07 1.00385302656e-06 2.30193016629e-07 9.364313229e-07 4.65637313738e-07 3.62531101662e-07 6.06590234587e-07 6.17949407755e-07 7.17049897632e-07 6.21427046087e-07 9.96038141545e-07 2.38148902666e-07 8.27122144234e-07 3.35520582726e-07 2.91762044258e-07 3.09451031897e-06 2.42504184191e-07 1.08065994566e-06 1.1591619644e-06 4.37897668768e-07 6.16702417018e-07 5.04885302145e-07 6.46766732664e-07 2.41304923584e-07 8.64197689278e-07 2.58767328589e-07 7.46602764532e-07 7.66600009599e-08 5.67502230495e-07 8.8979407567e-08 2.69514679301e-07 1.68230382638e-07 2.69928892473e-07 3.29711963214e-07 9.22133804852e-08 3.0955067098e-08 5.50544104227e-07 1.46084068124e-07 3.55908191479e-07 9.17904047635e-08 2.26362691372e-07 3.55333422239e-07 6.38769523575e-08 1.31320973974e-07 5.08474453546e-07 1.46575480993e-07 1.11844897249e-07 6.80150504724e-07 1.38384567257e-07 4.40640666649e-07 3.4451880682e-07 6.3628186239e-07 1.60006971143e-07 9.46518854066e-07 2.18312319271e-07 5.62758461946e-07 9.31728222897e-07 4.67276094839e-07 7.45230792656e-07 1.44537532808e-06 1.02013235068e-06 1.47493608503e-06 9.11174047795e-07 3.45886546556e-06 4.18844879258e-07 3.22495341546e-06 4.14428702823e-07 8.64292897901e-07 1.24198646312e-06 1.05797405774e-06 1.12232667703e-06 1.05315151348e-06 2.68446566815e-07 1.49415165903e-06 4.58902058778e-07 7.63039368065e-07 7.7534542032e-07 4.16981273097e-07 1.4175047111e-06 2.96312348358e-07 9.68787279077e-07 9.99049412131e-07 9.14755789926e-07 1.08906879724e-06 7.07881428338e-07 3.1022048204e-07 2.55906816519e-06 2.70058817533e-07 2.75818152057e-06 5.56917358473e-07 1.31752261593e-06 7.72994251214e-07 1.2063724673e-06 6.07884359461e-07 4.17725247471e-07 7.74146708585e-07 5.02146354143e-07 1.80869194795e-07 9.10537992409e-07 1.61754308222e-07 6.06629496337e-07 3.91863674703e-07 4.23286285384e-07 1.5714825502e-07 8.29288492865e-07 1.44944141521e-07 1.5952185538e-07 6.626538527e-07 2.23093385319e-07 1.16564070069e-07 5.08468068965e-07 3.38722388015e-07 1.23850704314e-07 1.41436812262e-07 1.85199844827e-07 2.00520462922e-08 7.19379202115e-08 2.80060861639e-07 7.02266619289e-08 5.85859812652e-08 3.26655529423e-07 1.17809972359e-07 1.65644239244e-07 1.99929267465e-07 2.20208142558e-07 1.0051410543e-07 5.53463837648e-07 9.00344583768e-08 4.05031683816e-07 3.92992901895e-07 2.85629806224e-07 2.8022479763e-07 7.82830093741e-07 5.34890722737e-07 4.5256667593e-07 6.76719239143e-07 8.09896093607e-07 1.51646353987e-06 6.91823023893e-07 6.95062863713e-07 3.69440102563e-07 4.72631322586e-07 9.42581982207e-07 4.94893461044e-07 1.01800566718e-06 2.20753737694e-07 6.07069257509e-07 7.79528028405e-07 7.76860864777e-08 1.32778981286e-06 8.08527766202e-08 7.78429342704e-07 5.90076857395e-07 2.01176393645e-07 9.47635340235e-07 4.2438421013e-07 9.40896551636e-07 3.88283274751e-07 2.4399434304e-07 6.13134021381e-07 4.36960564356e-07 1.32304201809e-06 5.57177945789e-07 3.55464202338e-07 3.12250079266e-07 4.78014023908e-07 6.38250093533e-07 2.6867166509e-07 2.66455505917e-07 3.41507980241e-07 3.67301821455e-07 5.82893635235e-08 5.51699760062e-07 8.54218069094e-08 1.8649784132e-07 2.25318439278e-07 1.36587975198e-07 1.54263225793e-07 3.92158398734e-07 9.1113397976e-08 7.22269483927e-08 3.83504012244e-07 1.24798439439e-07 3.60522210689e-08 2.48537248679e-07 1.95897392602e-07 3.85081624404e-07 5.19017694088e-07 9.41314608894e-08 1.86200504982e-07 9.60424876676e-07 2.6429336293e-07 9.33321600742e-08 8.67698235859e-07 2.86188934135e-07 9.27482800984e-07 4.65012130205e-07 1.0107033025e-06 2.32994501282e-07 1.60002773596e-06 2.96792984097e-07 9.86342967172e-07 1.4250817084e-06 7.01588864528e-07 1.14628994281e-06 1.70751133078e-06 2.03383841522e-06 1.45051125674e-06 1.78095621346e-06 2.31465440883e-06 1.18285522114e-06 8.71764768727e-06 6.15500117242e-07 3.22338008812e-06 1.14645803918e-06 1.86511160709e-06 2.37464800316e-06 1.85285799084e-06 9.62444689164e-07 1.63306497338e-06 1.47978591158e-06 1.11941871327e-06 1.24969679773e-06 1.20902471008e-06 1.10668762337e-06 1.31647246678e-06 1.53714164202e-06 8.60972293749e-07 1.5390305286e-06 2.22923108817e-06 1.47436202578e-06 9.18630231993e-07 2.8050047559e-06 3.47677034911e-07 6.25514387028e-06 7.65235371605e-07 1.84056933658e-06 1.55514053103e-06 1.14837284885e-06 1.75050150939e-06 1.42219708468e-06 1.00447212717e-06 6.36205051795e-07 1.29682959961e-06 9.35884271709e-07 3.09607363362e-07 1.57526519327e-06 2.67449613189e-07 1.05378515735e-06 4.7770076933e-07 1.01177726805e-06 3.33950068358e-07 1.04661194012e-06 1.15369045206e-07 3.46176266329e-07 1.26415441208e-06 2.89169745446e-07 1.53887108942e-07 7.14917287331e-07 4.72687972694e-07 2.07578642517e-08 8.52578042983e-08 4.35427857284e-08 6.42929210752e-08 2.67576910957e-07 9.09084112006e-08 2.63505147008e-08 2.64626444252e-07 6.94129756983e-08 2.49429598512e-07 1.76521410512e-07 2.16599478252e-07 1.18802653739e-07 4.22814067505e-07 1.29238384378e-07 3.54952925625e-07 3.98240016647e-07 3.47172573382e-07 2.16451027921e-07 7.20451593416e-07 3.24676183316e-07 5.61587451598e-07 5.50320052549e-07 6.0235585513e-07 5.99038797892e-07 1.2654850278e-06 1.36173253071e-06 4.26159098952e-07 1.25275438276e-06 5.64463622941e-07 4.20739941032e-07 9.21781892962e-07 1.85264442911e-07 1.04900298718e-06 4.93293985094e-07 2.68264160956e-07 1.3306641431e-06 1.17200141482e-07 1.26679076067e-06 2.48209376528e-07 4.46277777095e-07 1.03653385247e-06 1.66559996021e-07 8.2992778439e-07 3.57087926788e-07 4.49949649127e-07 1.04309265559e-06 2.56164756437e-07 1.25578595863e-06 7.92267465962e-07 5.23548375329e-07 4.45860037909e-07 4.07151983541e-07 4.53972058982e-07 3.11295487879e-07 6.3934988241e-07 1.7961798169e-07 3.46113465602e-07 3.88267960773e-07 3.37565915511e-07 1.26755703045e-07 3.90095127872e-07 1.26099414806e-07 1.95492270524e-07 1.98625380267e-07 2.74109870096e-07 1.03016735649e-07 3.29466300519e-07 4.39179250213e-08 1.12129937691e-07 3.569600422e-07 8.75025175942e-08 6.08065275067e-08 1.23758707635e-07 2.45960913758e-08 1.37512165603e-07 8.27406121082e-08 1.64879415711e-07 5.3759360612e-07 8.82447363737e-08 5.66380382724e-08 4.69811380047e-07 1.81994006171e-07 3.42133941634e-07 3.31901225573e-07 5.67035343681e-07 1.01393908643e-07 8.85924891387e-07 1.82981002342e-07 5.9171959482e-07 6.02744388834e-07 3.68380668539e-07 6.83104122811e-07 9.20908595097e-07 1.00169127519e-06 6.33967460787e-07 1.21160720518e-06 9.51753607864e-07 6.21356820783e-07 2.67610922299e-06 6.73540047314e-07 3.29180241001e-06 8.18510140036e-07 2.62219944777e-06 8.43591946915e-07 1.33802927283e-06 5.06018710972e-07 1.23792230713e-06 1.59487273438e-06 4.81247844675e-07 1.46276292878e-06 6.69931549057e-07 7.017690553e-07 1.3591778958e-06 4.62551420164e-07 1.50380188955e-06 1.04667274986e-06 3.46863144423e-07 1.0748677066e-06 6.9583284948e-07 2.19937932861e-06 4.38642766402e-07 2.76247975013e-06 4.41256055918e-07 2.17249293666e-06 4.21280745071e-07 8.22535511999e-07 1.07166564432e-06 5.63662677668e-07 8.89970639171e-07 7.39833692676e-07 6.92645433629e-07 3.3503790455e-07 6.22743657644e-07 5.72216350505e-07 1.67595882062e-07 8.79674929224e-07 8.89106774045e-08 5.97418033151e-07 4.22194990666e-07 3.94543208544e-07 2.12634432623e-07 5.8568694704e-07 6.43529999688e-08 1.16436303526e-07 7.04102254722e-07 2.41058617396e-07 1.12424333865e-07 1.87566506538e-07 1.51942626148e-07 1.5232712732e-07 2.44733527502e-07 6.19133375837e-07 9.69198789641e-08 3.70862157763e-08 5.59075703998e-07 2.29074575214e-07 4.58937971004e-07 2.61110533616e-07 5.84791201878e-07 2.53352134628e-07 6.3723355714e-07 1.41736194933e-07 5.76592062965e-07 6.43059195913e-07 4.40410524643e-07 4.82424692675e-07 1.40576571554e-06 5.79997543235e-07 9.57154001153e-07 6.70192729943e-07 1.25155571654e-06 5.87626380221e-07 1.99377366798e-06 1.01203333743e-06 1.24882035285e-06 4.2205203858e-06 1.00673478001e-06 2.56755304165e-06 1.3209690261e-06 4.08596324243e-07 2.16404080028e-06 1.2918492846e-06 9.24980609583e-07 1.47728909403e-06 5.47055529748e-07 2.55890632927e-06 5.19787637456e-07 1.51802179278e-06 8.4194465492e-07 1.12191447704e-06 2.04058313054e-06 4.12183767433e-07 1.02322719422e-06 2.31056775989e-06 6.15760963135e-07 3.34110733275e-06 7.80167070343e-07 8.9024040756e-07 1.52417513416e-06 4.64702907603e-07 1.0727487062e-06 6.19966953032e-07 8.42046304247e-07 5.00008623378e-07 1.32089862264e-06 4.02649483674e-07 4.52102109023e-07 5.86220331058e-07 5.80668332319e-07 9.77688531045e-08 6.79459016188e-07 2.43094309555e-07 6.83793731189e-07 2.76494760775e-07 5.53240228768e-07 2.63667019825e-07 7.37191257778e-07 7.06488253569e-08 1.46112395462e-07 8.06971408655e-07 3.13088350039e-07 1.86456423831e-07 1.96735167381e-07 2.81533983824e-09 1.92413357475e-07 6.87165727834e-07 1.76552420773e-07 6.3272215802e-08 5.50547194289e-07 2.4502547035e-07 4.30005263658e-07 4.77524864098e-07 5.25461335589e-07 2.76613536985e-07 1.19564036019e-06 2.06002354439e-07 7.6791820501e-07 7.60731345807e-07 7.01231915083e-07 6.62543066979e-07 1.38391416508e-06 1.10826073677e-06 8.69500233341e-07 1.12370851371e-06 1.12446264468e-06 9.13525919008e-07 2.48558447137e-06 9.55934730283e-07 2.04856606981e-06 1.93819486011e-06 5.5948807558e-06 1.13627633724e-06 4.18597183854e-06 5.45615642561e-07 1.7865646863e-06 2.38634583755e-06 8.71174992171e-07 3.20259593938e-06 7.24412339228e-07 1.80159884008e-06 1.85195303709e-06 7.1208972798e-07 3.10633110623e-06 8.26400043758e-07 2.33860429365e-06 1.52008933554e-06 4.63631223462e-07 3.61610267362e-06 6.80238810823e-07 4.53548224794e-06 1.30449784628e-06 1.59506999441e-06 7.0022404911e-07 2.05739893827e-06 7.72945291569e-07 1.07530740742e-06 9.14921028575e-07 7.65265049339e-07 9.61318729461e-07 1.36993866939e-06 5.80899904142e-07 7.33150680743e-07 7.49887700897e-07 7.49643015467e-07 2.5881336036e-07 1.27660058239e-06 3.22181294448e-07 5.70055854991e-07 6.07697424725e-07 4.799088882e-07 2.75979079256e-07 6.81895440112e-07 1.1614351381e-07 2.69405702381e-07 1.00689385945e-06 2.51974805618e-07 3.17817727372e-09 1.52329324281e-07 4.59369747055e-07 1.99375983871e-07 4.26673101099e-08 7.23035632328e-07 3.21635425187e-07 4.35399802522e-07 3.46913995648e-07 6.61526226047e-07 1.1664397349e-07 7.87531557557e-07 2.00126903257e-07 5.26508382993e-07 6.77602459587e-07 2.67486986367e-07 5.84963692187e-07 1.16083955936e-06 6.95024689971e-07 1.07372413086e-06 7.09640746498e-07 1.08687322902e-06 4.52263433072e-07 2.40265769124e-06 6.82536447178e-07 1.09741634123e-06 2.06002577089e-06 1.45588658075e-06 4.42727074201e-06 1.05895912003e-06 1.00974913792e-06 1.41074544746e-06 1.18622727213e-06 9.53799157629e-07 1.83147672662e-06 9.08058603523e-07 1.26365037636e-06 1.02933388643e-06 1.2954458927e-06 8.54852814866e-07 1.70439056504e-06 8.4480119793e-07 8.64332548234e-07 1.09567883674e-06 8.08477639285e-07 6.11226306814e-07 3.60890678766e-06 9.372649439e-07 1.78414214717e-06 8.79199497513e-07 6.20273133342e-07 2.17025175773e-06 4.12267739329e-07 9.39976466377e-07 7.70475157014e-07 9.73326041912e-07 7.23038076183e-07 1.09641746315e-06 5.82265689404e-07 2.1318770959e-07 6.87784414649e-07 5.48812699593e-07 2.09115301376e-07 8.58416130966e-07 1.77947935184e-07 7.70733841303e-07 3.63311137461e-07 5.09528979342e-07 3.49626999939e-07 8.78841740492e-07 4.9193827992e-08 2.60435329594e-07 5.6842638333e-07 1.9434291121e-07 2.38414435112e-09 4.68828650783e-07 3.42904950477e-07 8.85008303874e-08 9.36290484223e-07 2.20621055419e-07 3.8622193014e-07 5.13940605534e-07 6.23930956405e-07 2.45980346515e-07 9.37053548666e-07 2.80763640217e-07 9.54003552195e-07 6.71889924307e-07 7.57259260694e-07 6.48772512341e-07 1.60439289912e-06 9.81230511431e-07 1.0409464703e-06 1.12009562328e-06 1.08146897109e-06 9.139633451e-07 1.97129102201e-06 1.08179126795e-06 1.66207360326e-06 1.95525767466e-06 3.07223322015e-06 1.98076537592e-06 6.38820712318e-06 4.8251017727e-07 4.53063049788e-06 1.6040364889e-06 8.13081309764e-07 3.64943907114e-06 8.2101239623e-07 3.35355944271e-06 1.15066738508e-06 1.09716684765e-06 3.34904909691e-06 7.28859159719e-07 3.45990825224e-06 7.34705687317e-07 1.30833614389e-06 3.95387979956e-06 3.01967373648e-07 5.22942869083e-06 1.35075218894e-06 2.56884749955e-06 1.60168036935e-06 1.51803122163e-06 8.74918334089e-07 1.71017450216e-06 8.16754989302e-07 9.39228015092e-07 9.72331390033e-07 9.25092499512e-07 9.33156921316e-07 1.49268893045e-06 6.21672920284e-07 7.92576747906e-07 7.01006877286e-07 9.30966123176e-07 3.06871428277e-07 1.02309945803e-06 2.7524833613e-07 6.92587165864e-07 6.27240202258e-07 4.97197854435e-07 2.80852601906e-07 1.16227086664e-06 1.43495254332e-07 4.60414744599e-07 6.39922407402e-07 2.84952110351e-09 8.44822156637e-08 6.11204151688e-08 4.45544283743e-08 3.59776690212e-07 6.83004195142e-08 1.12397964708e-07 1.30725211265e-07 2.41219300501e-07 1.03707103746e-07 3.54592300691e-07 8.15382593989e-08 3.15373949324e-07 3.30676627278e-07 1.87700195433e-07 1.93637168572e-07 4.61287909554e-07 3.13795911478e-07 3.80948778431e-07 3.38196589224e-07 5.23331432983e-07 1.72285811783e-07 9.05201690906e-07 2.36784126853e-07 5.25806582768e-07 8.33164323616e-07 8.73700619496e-07 9.59292061704e-07 1.15582739605e-06 1.24496998301e-06 6.50644923403e-07 1.50982438958e-06 3.2740309414e-07 9.40257031792e-07 4.6502190642e-07 1.00181992585e-06 7.80234470844e-07 4.7197224173e-07 8.21975520682e-07 9.5003902104e-07 4.73635108619e-07 7.97743230903e-07 2.94165937759e-07 1.36088207429e-06 4.48660071367e-07 1.28355437101e-06 7.90197114292e-07 7.75752103112e-07 6.84988268877e-07 8.30201807774e-07 4.44117358666e-07 1.90875962209e-07 7.76583945315e-07 1.6147382454e-07 5.32176583743e-07 3.81456078133e-07 3.63081737864e-07 2.15757745203e-07 4.97948997174e-07 1.61229162234e-07 2.12309582934e-07 3.2422176556e-07 3.29179180214e-07 7.40616681244e-08 3.52698266542e-07 1.36925758323e-07 2.84863845109e-07 1.52442294047e-07 1.46122137724e-07 9.95290056052e-08 4.76434015359e-07 6.20898260266e-08 8.44201099019e-08 1.17062020594e-07 1.66856668257e-07 1.44197946336e-07 1.03833736453e-06 2.00613596588e-07 3.06849331069e-07 5.54496384387e-07 4.48972792258e-07 2.69623973603e-07 1.17469957379e-06 2.21502840167e-07 7.96590099412e-07 7.42249790857e-07 9.62987627748e-07 6.24783855141e-07 1.67994230764e-06 1.01193547127e-06 1.27311471296e-06 7.20806883597e-07 1.28723132448e-06 1.18676504457e-06 2.02076224108e-06 1.04963980654e-06 1.03628269999e-06 2.3805505652e-06 2.34346069407e-06 1.86154896526e-06 3.46058677369e-06 8.60991897951e-07 8.12395847289e-06 1.41044087581e-06 2.10181111894e-06 2.48321608139e-06 7.87335080662e-07 3.89341202221e-06 1.32472789834e-06 2.18242532028e-06 2.04500915898e-06 1.33192807954e-06 3.69571104776e-06 6.85371493117e-07 2.23357174293e-06 1.58390364415e-06 8.61617495477e-07 6.43241166585e-06 5.51807752555e-07 2.9504272586e-06 1.6736903158e-06 2.00695267826e-06 2.06760012445e-06 9.05398055329e-07 9.66800487286e-07 1.86341096851e-06 1.12998188356e-06 1.19115634503e-06 6.3776225793e-07 1.2145659403e-06 1.05319052505e-06 1.58653260079e-06 6.68455924201e-07 1.02852292258e-06 7.123423193e-07 9.22263929159e-07 2.24483847821e-07 1.35575959753e-06 3.08857291293e-07 5.38355768033e-07 6.72719081745e-07 4.12972495806e-07 2.39065875388e-07 1.31315001943e-06 1.73862762075e-07 2.12097950726e-07 9.13091833282e-08 5.98240121713e-07 2.64201339062e-07 3.16061690424e-07 6.76226470214e-07 6.00677652256e-07 2.82570524929e-07 1.05600681226e-06 2.43212456108e-07 7.93159095837e-07 5.97806940513e-07 6.79519681041e-07 6.91587695829e-07 1.03926654725e-06 9.33121805898e-07 8.41498128828e-07 1.00966676506e-06 1.19817464175e-06 7.78360656839e-07 2.54774187798e-06 7.05250075397e-07 1.42544389674e-06 1.45212077139e-06 2.52879712273e-06 1.67812229193e-06 2.54278025868e-06 1.18401662764e-06 2.89654937844e-06 6.01431808509e-06 9.28926171439e-07 5.62818145707e-06 9.32353907552e-07 2.28953325148e-06 1.94207490625e-06 1.721345384e-06 3.11351029833e-06 1.63458674e-06 1.8359196355e-06 2.17749716012e-06 7.91605235808e-07 4.80580267461e-06 6.19914462768e-07 5.16296301957e-06 2.10525386947e-06 1.04949040938e-06 2.07739423255e-06 1.35764552598e-06 2.16109020626e-06 1.26079565065e-06 1.28295270339e-06 5.96515274691e-07 2.33526410748e-06 6.65688275571e-07 1.11655056692e-06 1.06571421302e-06 7.39098463527e-07 9.51185700413e-07 9.68789413235e-07 7.27965003072e-07 6.05369264924e-07 7.10299856666e-07 8.19965384467e-07 2.80231598311e-07 1.20540886185e-06 2.89399670385e-07 7.17045957963e-07 7.63999016993e-07 4.78287314282e-07 3.390680434e-07 8.5416743473e-07 1.08736532957e-07 2.91180265915e-07 1.68383853955e-07 2.10381999986e-07 4.53000665129e-07 2.97530851992e-07 1.13410647973e-07 4.42993629557e-07 1.59252128354e-07 4.02457662992e-07 3.72003974936e-07 2.7048123025e-07 3.42308960614e-07 8.75499505161e-07 3.70576891677e-07 5.58606831533e-07 4.52623449794e-07 7.38856145251e-07 3.45215100794e-07 1.11341748278e-06 4.2180173758e-07 6.30085506492e-07 8.98316992664e-07 1.01856033488e-06 9.23406695734e-07 1.3108754177e-06 5.13560538936e-07 1.67920579872e-06 1.48741673716e-06 2.41354383117e-06 1.14985212716e-06 1.29098453728e-06 1.31568133411e-06 7.72352213716e-07 1.11633466407e-06 1.43676046567e-06 1.30222236813e-06 1.09865347076e-06 7.73466720079e-07 1.1032641631e-06 1.21829703012e-06 8.22995276831e-07 2.32342395445e-06 1.09138876064e-06 1.22995289705e-06 4.37503317643e-07 1.18780941586e-06 6.96371744223e-07 9.63594687631e-07 7.55622568275e-07 5.48979339216e-07 3.73883459222e-07 1.09246331851e-06 2.79507366325e-07 7.5177350041e-07 5.06643180415e-07 5.34201942811e-07 3.35025855785e-07 8.61589418827e-07 3.46093646265e-07 2.14427107515e-07 4.48300507646e-07 3.88979512916e-07 1.85569396864e-07 5.04686572308e-07 1.33749844048e-07 3.79398136693e-07 5.63138220856e-07 3.03403234683e-07 1.95795355927e-07 4.16918315687e-07 3.64790062165e-07 8.46248804049e-07 1.27634616446e-06 5.88194348841e-07 3.20648848288e-07 1.17700504506e-06 2.36844719405e-07 1.08369504021e-06 1.00212522594e-06 1.05948805926e-06 5.43393221412e-07 1.87580606493e-06 1.30805931808e-06 1.05670794026e-06 1.15058453479e-06 1.42983240876e-06 1.21144638649e-06 2.63927045268e-06 9.00776833168e-07 2.17318412048e-06 1.87385506775e-06 3.30436646112e-06 1.69589680556e-06 3.81635833667e-06 1.24260707556e-06 3.95712583018e-06 4.25025290249e-06 1.79065882506e-06 1.28417493813e-05 1.12487329692e-06 7.85705974e-06 1.67502082039e-06 1.89581296042e-06 5.33003482831e-06 2.03312272317e-06 5.26735858839e-06 1.7443176808e-06 1.51632696804e-06 6.98892004505e-06 6.0896603825e-07 9.94233370409e-06 1.27632055025e-06 3.50131267582e-06 3.58218221231e-06 1.05301216148e-06 3.40542956203e-06 1.56246719282e-06 2.99330874064e-06 1.74964695433e-06 1.9987024862e-06 8.75743579487e-07 2.4460473543e-06 1.18475620165e-06 1.36045313936e-06 1.01248598019e-06 1.08471313757e-06 1.32082390337e-06 1.95967133897e-06 5.6636048394e-07 1.10455476173e-06 1.00929451245e-06 1.19208432398e-06 2.47684640992e-07 1.35690978324e-06 3.75654774774e-07 7.39972150999e-07 1.44563456699e-06 1.07574431043e-06 4.60830101097e-07 4.48394186836e-07 2.79298094145e-07 2.46687157834e-07 1.04798593685e-07 5.1869957228e-07 1.38406331961e-07 2.66621508867e-07 3.55494122864e-07 2.80430262372e-07 2.89237408993e-07 5.73467569224e-07 5.233531879e-07 6.11092892354e-07 3.84898575132e-07 6.44431521885e-07 3.06161414318e-07 1.20865512749e-06 2.61419518325e-07 7.07944154521e-07 8.87279742498e-07 8.89323876841e-07 8.29261492003e-07 1.00031007914e-06 5.34306331618e-07 1.53427690881e-06 1.38392117475e-06 1.0421000406e-06 1.84756340974e-06 2.1836104333e-06 1.04954351787e-06 1.98385427057e-06 8.88995844954e-07 1.28186154323e-06 1.37074169299e-06 1.38617405791e-06 1.10800118942e-06 7.81010617755e-07 1.8679321509e-06 7.70939298305e-07 2.21756362068e-06 1.35461051619e-06 9.56992254414e-07 1.10666263443e-06 1.30885271377e-06 4.4611702821e-07 9.12672144505e-07 7.0353762477e-07 8.18134514872e-07 7.67429812289e-07 7.34287121141e-07 2.15319084146e-07 1.23547513871e-06 2.22439724357e-07 5.99250806616e-07 4.68633858298e-07 5.81637149861e-07 5.43035890243e-07 6.15282006542e-07 3.1822811941e-07 2.42115425559e-07 3.52210480601e-07 2.90766274635e-07 1.41931421297e-07 6.56042402355e-07 1.20614486631e-07 3.32250887734e-07 3.33567510858e-07 5.60444494479e-07 1.41817946328e-06 9.04587691884e-07 2.51561820397e-07 1.38563145056e-06 4.19869635372e-07 7.53993000728e-07 8.5155667517e-07 7.93495641087e-07 7.02599485132e-07 1.86248133401e-06 8.47506537263e-07 1.31763370609e-06 1.27595028395e-06 1.06218804321e-06 1.04662273595e-06 2.03891794317e-06 9.54303887956e-07 1.66495238975e-06 1.80409728879e-06 3.19739807046e-06 1.5091038763e-06 3.37519918477e-06 9.28795067673e-07 4.08185008052e-06 3.30951625553e-06 1.65473386985e-06 6.2570212872e-06 1.75261868172e-06 1.00364739859e-05 1.68465432022e-06 4.61296804429e-06 2.98272012967e-06 2.04377610604e-06 4.42195549259e-06 1.94522445811e-06 2.67017456574e-06 4.24733220438e-06 1.00648117136e-06 8.55040207362e-06 1.30232381687e-06 5.43455345243e-06 1.39667691988e-06 3.0402004386e-06 3.6645627016e-06 8.39195457863e-07 3.10093155093e-06 1.3493216179e-06 3.03109878503e-06 1.70497769256e-06 1.58619449678e-06 8.86812854961e-07 1.97290569654e-06 1.01730971215e-06 1.04058286614e-06 1.27307183568e-06 1.2848596177e-06 8.93309485976e-07 1.94673271557e-06 7.31831070959e-07 8.60141778834e-07 8.77820625384e-07 7.99355381274e-07 4.66235577009e-07 1.58620009033e-06 3.20693775211e-07 1.16351511928e-06 2.28825149781e-06 1.95772346638e-06 2.19184889906e-07 1.22050745848e-06 4.61961318987e-07 6.60426903431e-07 7.72355769486e-07 4.14192148875e-07 5.60200447146e-07 1.17866236053e-06 7.0547383769e-07 7.67970561315e-07 5.89133037043e-07 1.31598752567e-06 5.81307736353e-07 1.81167320119e-06 5.9035374444e-07 1.10240115808e-06 1.22335677782e-06 1.52124841178e-06 1.44389662322e-06 1.40583146785e-06 8.34853139699e-07 1.75568746983e-06 2.34872234276e-06 1.16176244948e-06 3.18645564756e-06 1.61321270834e-06 2.73352379642e-06 5.53638608556e-06 9.93793399981e-07 5.06201161257e-06 1.32078476881e-06 2.12505605744e-06 1.97627620672e-06 1.24322114692e-06 4.63799805137e-06 6.82930339552e-07 4.92218681869e-06 1.96370261987e-06 1.39877913797e-06 2.83772454875e-06 1.17662867744e-06 2.05197613479e-06 1.69310096789e-06 8.1226540973e-07 1.24339066445e-06 1.57772456673e-06 1.38630803747e-06 1.2578433775e-06 9.74272015732e-07 5.93337449735e-07 1.81653523154e-06 5.34164051385e-07 1.3665980869e-06 5.04702979776e-07 8.30114053348e-07 7.36754132967e-07 1.14419127559e-06 6.33668375429e-07 5.30902823038e-07 7.18205339227e-07 7.04177956398e-07 4.76719160977e-07 1.37849201084e-06 2.59524453234e-07 2.61110267035e-06 5.74472100789e-07 1.09189082777e-06 2.80803582543e-07 4.82412045268e-07 6.79258758592e-07 4.0266910466e-07 4.3730732386e-07 1.12427901445e-06 6.82606181088e-07 7.82557124421e-07 6.72079802161e-07 9.48467331417e-07 5.99807613412e-07 1.31653338127e-06 6.40286850784e-07 8.81927446717e-07 1.35348456428e-06 1.38254649001e-06 1.12141134815e-06 2.09659525901e-06 7.19111657445e-07 2.29523921725e-06 1.76940966092e-06 1.35505747343e-06 3.06945198394e-06 1.41273940687e-06 3.52748708854e-06 1.8779927439e-06 5.0284494958e-06 1.44967317535e-06 3.32285553157e-06 2.15062026278e-06 1.2787329977e-06 1.88627490045e-06 3.41414371994e-06 1.14073511981e-06 4.95919864573e-06 1.39881725524e-06 3.02230804226e-06 1.24017155118e-06 2.6906464686e-06 1.19824755922e-06 1.64871981643e-06 1.98305208512e-06 6.24313694119e-07 1.93613218031e-06 1.00655041284e-06 1.33096764169e-06 1.22422542142e-06 8.55934272982e-07 5.83702525858e-07 1.23198700047e-06 5.50688649494e-07 8.45308691918e-07 7.96639512856e-07 6.71052924231e-07 7.83021516689e-07 1.11453348199e-06 3.88090559011e-07 4.67532375995e-07 7.15593901929e-07 5.79145428695e-07 3.09665170754e-07 1.3472268138e-06 8.19295336453e-07 6.22482102892e-06 3.4530711573e-07 5.78603060999e-07 1.17046055495e-06 6.1934925889e-07 1.06898392697e-06 1.61600402091e-06 9.51375132421e-07 1.2893477638e-06 9.19799962941e-07 1.34147614619e-06 9.23600245165e-07 2.83999539353e-06 8.82801184562e-07 1.58153433969e-06 1.51277557826e-06 2.61041960138e-06 1.71704239305e-06 2.44878875445e-06 1.42777025923e-06 2.54200225704e-06 3.27115461088e-06 1.27842042392e-06 5.6192251685e-06 1.75010462435e-06 3.99245172446e-06 4.03653496459e-06 2.76518711187e-06 1.16879771722e-05 1.63535570931e-06 7.73012449434e-06 1.69481570203e-06 1.62201198934e-06 7.60668043465e-06 1.0764704209e-06 9.662720722e-06 2.16241058563e-06 3.56381901962e-06 3.65784581233e-06 1.66508929858e-06 5.42632711384e-06 1.13408568774e-06 3.1126168287e-06 2.61965672928e-06 1.37239527255e-06 2.29485381006e-06 1.70061836094e-06 2.59070077092e-06 1.46169157871e-06 1.46059629949e-06 9.08433778386e-07 2.66284072558e-06 1.00430323007e-06 1.42615297555e-06 7.82340526053e-07 1.4157366997e-06 8.32013460262e-07 1.65167946728e-06 1.14786464865e-06 6.12516100156e-07 1.2289109241e-06 6.08755876286e-07 3.53829304239e-07 8.30338516753e-06 1.40959417916e-06 5.04065565201e-07 1.06829335347e-06 5.45193353848e-07 6.30855752054e-07 1.18445712807e-06 6.50936437976e-07 9.8682191101e-07 7.34687511613e-07 1.18533553784e-06 5.35157516626e-07 2.10296655968e-06 6.67676417359e-07 9.34475481195e-07 1.41434146237e-06 1.55446125409e-06 1.57586253167e-06 1.90798543723e-06 7.01847038619e-07 2.55419179476e-06 1.99514511294e-06 1.44105019834e-06 2.90171404366e-06 1.54231607929e-06 3.55086897165e-06 2.43172216991e-06 2.82710630637e-06 3.30042947369e-06 6.02355193175e-06 1.98466923411e-06 3.70258083899e-06 1.48193045005e-06 3.86664416058e-06 1.58355395658e-06 6.08141141531e-06 2.47986231474e-06 2.7235825982e-06 2.06607844919e-06 3.22499625998e-06 1.4127205392e-06 2.64759583435e-06 1.3729573569e-06 1.86648002666e-06 2.40769170776e-06 5.97960395323e-07 1.8575843403e-06 1.56721824881e-06 1.41503790358e-06 1.35575763498e-06 9.16761885593e-07 6.18133875492e-07 2.07653834289e-06 5.24082337591e-07 1.15288555939e-06 7.49418519276e-07 9.03371575692e-07 6.76289685157e-07 1.24129821967e-06 7.03482205473e-07 6.04678263427e-07 1.18465704186e-06 5.69958290503e-07 1.81111945911e-06 4.3159043632e-06 2.7592176987e-06 7.74863706345e-07 6.17949779157e-07 1.41327962563e-06 8.40628058793e-07 1.10533269255e-06 9.62961281286e-07 1.29358948024e-06 6.73226386753e-07 1.87213580697e-06 8.03300818492e-07 1.58970690828e-06 1.25050954312e-06 2.37825799714e-06 1.31991554292e-06 2.62981017917e-06 1.15723344759e-06 2.23829214526e-06 3.25423967904e-06 1.11518417555e-06 4.8274224102e-06 1.29914059407e-06 4.23774117886e-06 2.86040530963e-06 2.51598226851e-06 5.67248824505e-06 2.64086290925e-06 1.01632798816e-05 1.43801201687e-06 3.70956094506e-06 3.63667077065e-06 1.03901381562e-06 8.87734178158e-06 2.01792244411e-06 5.52416095068e-06 2.24268821725e-06 2.77654899239e-06 3.98753588574e-06 1.22670442849e-06 4.74934998771e-06 1.04104922928e-06 3.14470539968e-06 2.15579757852e-06 1.1512471247e-06 2.6211470134e-06 1.27932265421e-06 2.39663433123e-06 1.21041548721e-06 1.49555872104e-06 8.67168143304e-07 1.85632180156e-06 6.73098889763e-07 1.35961087438e-06 9.66318480134e-07 1.14786946785e-06 8.67086796439e-07 1.54297238646e-06 6.62352398062e-07 8.28367128916e-07 3.1283069887e-06 5.29031344273e-06 3.97360347974e-06 8.24535176548e-07 6.07920029211e-07 1.2361153087e-06 9.34072632898e-07 9.37686500153e-07 5.81526566674e-07 1.09094599451e-06 5.3200470205e-07 1.78144988209e-06 4.63648148308e-07 1.14610737172e-06 1.37440167018e-06 1.25616574512e-06 1.28810409646e-06 1.56567776961e-06 7.666503634e-07 1.95055179569e-06 1.80635579127e-06 1.28393226599e-06 2.65935878332e-06 1.35313015819e-06 2.3637544002e-06 2.4296655257e-06 2.01127205327e-06 3.1619999518e-06 3.09365805894e-06 3.16806735945e-06 5.16777469113e-06 1.11164231045e-06 7.43945573557e-06 9.16696557349e-07 5.42723949737e-06 2.61007885064e-06 2.92562357652e-06 2.83956938847e-06 2.06928517509e-06 2.16024274025e-06 2.29558859169e-06 1.2908693882e-06 2.59938450258e-06 1.2624789172e-06 1.68263063534e-06 1.98697796908e-06 7.17415139085e-07 1.43539595677e-06 1.21557572242e-06 1.16647308921e-06 1.31621809533e-06 1.14077821846e-06 4.0902975747e-07 1.82009471899e-06 5.22438493314e-07 1.02109790147e-06 6.30289786437e-07 9.12843711191e-07 9.61122096225e-07 1.33153049794e-06 6.59027257125e-07 9.48100369131e-07 4.65342902042e-06 2.5424933293e-06 8.07302034902e-07 1.56002162255e-06 8.56449724279e-07 7.50380645608e-07 6.33710941115e-07 8.24786380493e-07 4.81317173611e-07 1.54499976046e-06 5.09808830574e-07 7.04521622972e-07 1.09020545826e-06 1.61430925475e-06 9.6239053941e-07 1.57481503262e-06 4.92843642724e-07 1.84446663643e-06 1.51684157252e-06 9.27506658364e-07 2.81251241999e-06 8.81399601723e-07 2.63871426318e-06 1.43767674262e-06 1.9927440011e-06 2.75970423695e-06 2.31390757195e-06 3.15285481596e-06 2.14473103348e-06 4.45311121789e-06 2.88267119144e-06 2.24179121865e-06 5.07339584939e-06 1.71451119336e-06 2.81736422629e-06 2.1614975302e-06 2.62783295784e-06 1.84399106487e-06 1.43589702622e-06 2.37688158925e-06 8.84538871441e-07 2.70169936037e-06 8.88695662495e-07 1.38197169724e-06 1.88319559686e-06 4.12397629883e-07 1.55850222252e-06 9.88375421565e-07 1.54974193083e-06 1.05725552838e-06 7.02670366647e-07 5.88659017333e-07 1.51116925188e-06 5.45919267183e-07 7.3047354919e-07 7.25780595969e-07 7.27802151148e-07 7.92576371154e-07 1.63139715366e-06 9.46739724817e-07 2.97735991804e-06 6.27075242379e-06 5.05267730193e-06 3.00939451365e-06 1.51483722858e-06 1.47535952965e-06 2.32905440008e-06 6.21216879467e-07 3.59468330267e-06 1.06831645394e-06 2.279038073e-06 2.20461063311e-06 3.22014666262e-06 2.9404531536e-06 2.5848422748e-06 1.45514716275e-06 2.92756927466e-06 4.24751649234e-06 2.22649037977e-06 5.16816244303e-06 2.62423396087e-06 4.46997777509e-06 4.69726410816e-06 3.06993414371e-06 7.2353097621e-06 4.56478006088e-06 5.75516733612e-06 5.19353128554e-06 3.38257412056e-06 2.10666456492e-05 1.23195310123e-06 1.80735918098e-05 3.10641862157e-06 5.03172189358e-06 5.60976847591e-06 4.4618482993e-06 7.20845674916e-06 3.03392780263e-06 4.58890663278e-06 4.53861779255e-06 2.57663022489e-06 5.15964552006e-06 2.16139096133e-06 4.16296873772e-06 2.94062072171e-06 1.52521343194e-06 2.60653473927e-06 2.84796323827e-06 3.26332015812e-06 2.22791522041e-06 2.34010032577e-06 1.03470249863e-06 3.58557520436e-06 7.27330738544e-07 2.42702016277e-06 1.45913791504e-06 1.58651475131e-06 3.20095756773e-06 5.39957301316e-06 6.84419304443e-06 5.29485118838e-06 1.43388230194e-06 8.53305309124e-07 1.19732574274e-06 7.91608331668e-07 4.11701305213e-07 1.03080844225e-06 3.66077758208e-07 8.27561430615e-07 8.18764824689e-07 1.01562519424e-06 8.63453869061e-07 1.44053071151e-06 3.5019287426e-07 1.45670004793e-06 1.16071205952e-06 8.3784799353e-07 1.83392978252e-06 7.95609486216e-07 2.21276453336e-06 1.3736643724e-06 1.30273782504e-06 1.83421188364e-06 2.05935238906e-06 2.08633557164e-06 1.60515977637e-06 1.99476020036e-06 3.34187893659e-06 3.06136713164e-06 3.84943120484e-06 2.77747905173e-06 2.20715448126e-06 1.56035613348e-06 2.01913916176e-06 1.9638547517e-06 1.9140682048e-06 1.25795373153e-06 1.45223236528e-06 2.17775561436e-06 7.96734808327e-07 1.90858759907e-06 7.99008108634e-07 1.04932182199e-06 1.6439889547e-06 2.50763261926e-07 1.42125902781e-06 7.84427500761e-07 9.92326260616e-07 8.24571199302e-07 8.47820539286e-07 3.30729811222e-07 9.76757435299e-07 5.95978211378e-07 8.69435583258e-07 1.18322422943e-06 9.45849235175e-07 1.47956214853e-06 5.45167209566e-06 9.25181118446e-06 3.3063558865e-06 3.36121593928e-06 2.4362886175e-06 1.36078232734e-06 4.34175317132e-06 6.07676318198e-07 2.35540427429e-06 2.19789264631e-06 2.98357188848e-06 2.30927622025e-06 3.11906039237e-06 1.60087064092e-06 2.51208104275e-06 4.15355880286e-06 1.55875552816e-06 5.34648329867e-06 2.03871015277e-06 4.3738006444e-06 4.98851069243e-06 2.61875919834e-06 6.30133369494e-06 3.64697575822e-06 6.16543049281e-06 3.98025766171e-06 3.06864154871e-06 1.11778486699e-05 2.31754830381e-06 2.28768268618e-05 2.31754830381e-06 1.11778486699e-05 3.06864154871e-06 3.98025766171e-06 6.16543049281e-06 3.64697575822e-06 6.30133369494e-06 2.61875919834e-06 4.98851069243e-06 4.3738006444e-06 2.03871015277e-06 5.34648329867e-06 1.55875552816e-06 4.15355880286e-06 2.51208104275e-06 1.60087064092e-06 3.11906039237e-06 2.30927622025e-06 2.98357188848e-06 2.19789264631e-06 2.35540427429e-06 6.07676318198e-07 4.34175317132e-06 1.36078232734e-06 2.4362886175e-06 3.36121593928e-06 3.3063558865e-06 9.25181118446e-06 6.84282402341e-06 2.66092219194e-06 2.04131504729e-06 1.2300397905e-06 2.8287891965e-06 8.07749852592e-07 1.30357446007e-06 1.72716893154e-06 1.80721247979e-06 1.50729852895e-06 1.64084425964e-06 8.81699519916e-07 2.59081989906e-06 1.87443907963e-06 1.37974476941e-06 2.77075291153e-06 1.40040823329e-06 3.12887517065e-06 2.23986722847e-06 2.63356265759e-06 3.14838323373e-06 3.29317581062e-06 2.85563214947e-06 3.06148944437e-06 2.66526148898e-06 6.21043816259e-06 2.14910795609e-06 8.63478704476e-06 7.38960008191e-06 2.54339466504e-06 5.69474665613e-06 3.00555621756e-06 2.89845693066e-06 2.87796407143e-06 3.17429303087e-06 3.02063633289e-06 2.70635439914e-06 2.02282493336e-06 3.06202367433e-06 1.34480418154e-06 2.68285604838e-06 1.4158526585e-06 1.67707181532e-06 2.64622238575e-06 6.99448807067e-07 1.65555416334e-06 1.45807933567e-06 1.78341277349e-06 1.73093648466e-06 1.1429250604e-06 8.50040473728e-07 2.83386370472e-06 1.09670451785e-06 1.92674524794e-06 2.56364961012e-06 6.72022534131e-06 8.92965581262e-06 4.11438641179e-06 2.24867714597e-06 4.9937318174e-06 1.38965355906e-06 2.50376391006e-06 2.05202204748e-06 3.18586132717e-06 2.34521346224e-06 3.56697923435e-06 1.21625911054e-06 3.94268371855e-06 3.96529316157e-06 1.25792788831e-06 4.59388766355e-06 1.42900306245e-06 4.64262615226e-06 3.71689731684e-06 2.92452916071e-06 6.66723411416e-06 3.23069429981e-06 5.23169320406e-06 3.16437174438e-06 3.13118089114e-06 9.02057525152e-06 2.08374565202e-06 1.33992147928e-05 3.91308242947e-06 1.43554285903e-05 2.48081123003e-06 9.12601830815e-06 3.30286068942e-06 3.26371599499e-06 5.34200565172e-06 3.34200749251e-06 6.95725742218e-06 2.95393690411e-06 3.87750072089e-06 4.72255539903e-06 1.49244180311e-06 4.77997894961e-06 1.26559732818e-06 3.88948810777e-06 4.12012217219e-06 1.12814084123e-06 3.77608666005e-06 2.25515292273e-06 3.25414163317e-06 2.04973280337e-06 2.43434702347e-06 1.42579831333e-06 4.820568762e-06 2.14586453523e-06 3.84825655941e-06 8.51752217852e-06 9.2670736756e-06 2.1209746419e-06 4.77393990078e-06 1.26156393849e-06 2.45652502481e-06 2.27426256203e-06 2.25551698869e-06 2.24257629261e-06 2.72855747356e-06 1.18089509469e-06 2.38800532427e-06 3.00992166058e-06 1.79056263509e-06 2.90890448105e-06 1.65394162396e-06 3.1008903877e-06 2.64415932709e-06 2.54810011257e-06 3.92938795492e-06 3.93068987961e-06 3.4954423335e-06 3.62906900304e-06 2.29100821092e-06 8.07461832299e-06 2.08795311158e-06 9.55690802244e-06 4.5064219936e-06 5.40431788811e-06 8.78199754367e-06 2.78046450833e-06 7.8798380973e-06 2.61824627951e-06 3.5932788675e-06 3.62840180438e-06 4.00056262807e-06 4.03565035764e-06 2.50788702644e-06 2.4911530588e-06 3.16191558561e-06 1.68255252324e-06 2.93322856091e-06 1.78792668311e-06 3.03629797227e-06 2.36547521803e-06 1.13567129232e-06 2.68341645936e-06 2.18784083504e-06 2.10257766802e-06 2.2681026265e-06 2.33521356224e-06 1.24119405712e-06 4.60322823536e-06 2.00843197971e-06 8.12125925865e-06 6.0552896726e-06 6.99098269676e-06 1.87958187145e-06 3.12260869718e-06 2.70290082948e-06 3.58487799324e-06 1.94073514442e-06 3.61169210646e-06 1.46387438445e-06 3.34799250309e-06 2.59838343666e-06 1.85874043143e-06 5.10248300219e-06 1.35281574467e-06 4.43354460951e-06 2.85560868865e-06 3.1875755111e-06 4.96070559528e-06 3.65948352176e-06 5.75721766863e-06 3.26445798597e-06 3.27663488931e-06 7.09018319139e-06 2.30588104841e-06 1.18748447584e-05 3.6266162972e-06 8.03621134909e-06 4.11002874043e-06 1.2318355441e-05 2.88176978017e-06 7.20629676208e-06 3.57591339693e-06 3.37470826896e-06 5.81290433472e-06 3.78499796091e-06 5.0187302525e-06 3.29665751502e-06 2.93981850699e-06 4.55433375418e-06 1.33680205613e-06 5.1836577095e-06 1.84407557696e-06 2.46261868682e-06 3.42315928966e-06 1.39449199182e-06 3.52769706995e-06 1.84760800758e-06 3.45606524077e-06 2.60175232198e-06 2.80815429022e-06 1.70518517613e-06 6.28874659072e-06 5.09386579659e-06 2.15022054771e-05 3.08060308413e-06 3.97583067411e-06 3.50647782552e-06 4.72590893722e-06 2.69554622371e-06 3.57697650359e-06 1.52073452916e-06 3.99985941226e-06 4.21942784399e-06 1.95323967251e-06 5.63459370363e-06 2.79045101358e-06 3.90060666938e-06 4.05641392039e-06 2.84233331172e-06 5.95541340782e-06 4.65167091954e-06 5.21190080763e-06 5.16018375583e-06 3.44485071928e-06 1.13486960664e-05 2.34903532532e-06 1.43341418049e-05 5.30370056398e-06 7.27602162699e-06 6.91389326486e-06 6.34387621387e-06 1.44707337972e-05 3.12412917209e-06 1.13551425803e-05 3.92791007163e-06 5.34148115959e-06 5.47006255911e-06 4.65408875609e-06 6.1129795622e-06 2.86113948321e-06 4.13644897815e-06 3.87123813591e-06 2.72799127255e-06 5.6619683821e-06 1.94520386246e-06 4.21568861845e-06 4.09002368079e-06 1.45615599074e-06 3.4344362484e-06 2.59856445239e-06 4.38751849925e-06 3.27792019388e-06 3.53251038241e-06 2.63579205703e-06 1.76780724072e-05 5.57861438336e-06 3.51063800108e-06 3.38080963792e-06 4.31260339956e-06 2.37652381594e-06 3.79647861694e-06 9.63770882255e-07 3.3111286608e-06 3.18684801196e-06 2.04605118329e-06 3.62018700623e-06 1.79680483664e-06 4.94984222584e-06 2.53253182391e-06 2.94188416733e-06 3.89914131364e-06 4.15370870772e-06 4.06962617034e-06 3.35130012586e-06 3.12357227425e-06 6.91247434587e-06 2.24794324882e-06 9.41581402475e-06 3.84685976959e-06 6.47977551312e-06 3.66764045977e-06 6.70730650221e-06 4.73290856593e-06 9.52469711481e-06 2.85369742037e-06 7.15486364935e-06 3.45181304804e-06 3.57363465677e-06 4.20225101033e-06 4.19501579054e-06 4.01482004343e-06 3.11106012273e-06 2.49544967908e-06 5.16022325636e-06 1.70483804582e-06 3.63969613753e-06 1.90403955285e-06 3.25621555405e-06 3.11806424648e-06 9.10035585973e-07 3.58277836141e-06 2.27330598069e-06 3.85860054777e-06 3.02477924659e-06 2.99938160203e-06 4.32441718346e-06 1.36704964441e-05 6.31405954136e-06 6.70146979486e-06 3.77559867954e-06 5.83898713582e-06 1.47326294338e-06 4.12446166753e-06 4.52371966161e-06 2.61918578718e-06 6.03154554964e-06 2.22191525225e-06 5.55503510823e-06 5.02325207669e-06 2.68463135396e-06 6.37999643894e-06 4.00318208878e-06 6.01699305901e-06 4.64178547725e-06 3.99600562412e-06 1.24685817254e-05 2.96688000013e-06 1.49427481707e-05 4.37360566928e-06 9.194082221e-06 6.37496304588e-06 6.92662365354e-06 9.32980912359e-06 5.44814468282e-06 1.49374130317e-05 3.77716403868e-06 1.28961847132e-05 4.56442943348e-06 4.83865593569e-06 6.43661940098e-06 4.0752326081e-06 6.67839691488e-06 2.72745525806e-06 5.14637677218e-06 5.55071902169e-06 2.18424579082e-06 5.98792615111e-06 2.40212459296e-06 4.45682182176e-06 3.8108597074e-06 1.47401013298e-06 5.25403624484e-06 3.51545928167e-06 5.66725189703e-06 5.28040800975e-06 1.03323375613e-05 1.49141606449e-05 7.06499521004e-06 4.139936366e-06 5.49969411884e-06 1.51755157429e-06 4.63703690879e-06 3.34830436973e-06 2.38258364195e-06 5.42970912842e-06 2.24481326803e-06 4.31478089903e-06 3.746315249e-06 3.99887429459e-06 4.07821299381e-06 4.98490733613e-06 3.88207362676e-06 4.63974977559e-06 3.29736907606e-06 9.02936015716e-06 3.09024749565e-06 1.23111173691e-05 5.40403021353e-06 5.77954264762e-06 5.40124341777e-06 6.57243979353e-06 5.74581059146e-06 5.80630107327e-06 6.10018780007e-06 1.16780029675e-05 3.77020629549e-06 8.92471286791e-06 3.61907901688e-06 4.77520169127e-06 3.98050178085e-06 5.02719753809e-06 3.97345177695e-06 4.17653980877e-06 3.4225948437e-06 4.25578992126e-06 2.07246109959e-06 5.41962976696e-06 2.06519757234e-06 2.99994458725e-06 4.38464044229e-06 1.38271548452e-06 4.64340854163e-06 3.73011579096e-06 5.56562124238e-06 1.09088745706e-05 2.3059583313e-05 7.26178678055e-06 9.16625670115e-06 2.54927748468e-06 7.38879752322e-06 6.13644993328e-06 3.2441817193e-06 8.1819461823e-06 3.10588582173e-06 7.16147895641e-06 4.28410365429e-06 4.92459614456e-06 8.29771662046e-06 4.5809033037e-06 6.96697444467e-06 4.66549622863e-06 5.72154387785e-06 1.31585468925e-05 3.71439878354e-06 1.95058264028e-05 6.34663494204e-06 1.07938113995e-05 5.68935587083e-06 9.59674548776e-06 9.64735727253e-06 6.27323261497e-06 1.09551023582e-05 7.37290659025e-06 2.06710713533e-05 4.69081242146e-06 1.36801977974e-05 6.26702622665e-06 4.95775533551e-06 7.34940875575e-06 4.77730197735e-06 8.49116752737e-06 4.98470336996e-06 4.2461103222e-06 7.26036099261e-06 2.94244595387e-06 7.92204992681e-06 2.97466254737e-06 5.87115682273e-06 6.66752203389e-06 2.17184175724e-06 7.57480597434e-06 6.00649790532e-06 1.62075797421e-05 1.83021294338e-05 9.82136019116e-06 2.67563820703e-06 6.93833613108e-06 6.19212365015e-06 3.28401812574e-06 6.24793282149e-06 3.0318264721e-06 6.58679067909e-06 4.47539795292e-06 3.7652085979e-06 6.82531060218e-06 6.72590764995e-06 4.64559998596e-06 5.7253760574e-06 3.74484941982e-06 1.3377156262e-05 3.17134652661e-06 1.5766171365e-05 7.16594594222e-06 8.42300552691e-06 6.12843801341e-06 6.62362927175e-06 8.63521774652e-06 6.8242447088e-06 6.63910522379e-06 8.22356057631e-06 8.25965794579e-06 1.60157289343e-05 3.98220887522e-06 1.3728839166e-05 4.01331030556e-06 6.03719325887e-06 4.77730506606e-06 6.96676911248e-06 6.807451852e-06 3.59564061083e-06 4.06262839815e-06 6.46598913636e-06 2.86674616914e-06 5.87533705137e-06 2.78802365937e-06 5.5791345674e-06 5.83678447089e-06 2.31292447652e-06 7.58045092339e-06 1.27191136437e-05 2.37709435775e-05 3.57674881539e-06 9.06135779378e-06 7.26903601849e-06 3.7320421073e-06 8.02267041966e-06 3.02192063569e-06 7.51012775818e-06 4.66031794582e-06 5.34498103353e-06 5.75895863084e-06 5.68168698678e-06 7.58170890509e-06 4.23298255777e-06 5.59269166747e-06 1.1286058442e-05 4.63441242228e-06 1.65954981725e-05 6.61014039282e-06 1.13033655784e-05 5.90384423009e-06 8.36708202878e-06 7.3402252711e-06 7.47307292518e-06 8.35589812915e-06 6.35918349782e-06 1.18947145255e-05 7.84652963017e-06 1.68953823052e-05 5.60922073266e-06 1.15387481354e-05 6.0538244135e-06 4.37407049771e-06 8.05077522146e-06 5.88008281084e-06 5.68809291842e-06 5.16946353951e-06 4.26135683163e-06 7.37801280008e-06 2.75569760883e-06 7.53676548351e-06 3.15698529786e-06 6.19921772549e-06 7.32177630362e-06 2.87630867819e-06 1.59794338263e-05 1.16787215235e-05 1.32927194604e-05 1.09010984303e-05 5.07079475927e-06 1.08250690798e-05 4.44047561032e-06 7.82609135772e-06 6.40595355671e-06 6.35679986099e-06 8.73999370265e-06 5.89824660517e-06 8.22701369662e-06 8.43050370019e-06 4.31171375838e-06 1.85017717165e-05 3.66427207622e-06 2.31937750795e-05 7.54255008863e-06 1.17566856352e-05 9.0030463176e-06 8.56205645049e-06 9.68261243e-06 7.00256665811e-06 9.85164395643e-06 8.53850265777e-06 9.73317884253e-06 1.18742540144e-05 8.59641393522e-06 2.39028760235e-05 4.64531378548e-06 1.85273145455e-05 4.79181053093e-06 8.75659197248e-06 8.1642211017e-06 6.15332113337e-06 8.4535593059e-06 6.1464548985e-06 5.87319208351e-06 7.31447337233e-06 3.82873128326e-06 9.76942769282e-06 4.08989214515e-06 8.67603848508e-06 9.62766415741e-06 7.75830075779e-06 2.88398702934e-05 1.05748381736e-05 4.59592530438e-06 1.00292753601e-05 3.97800151966e-06 8.12354993002e-06 4.59680629838e-06 5.71380045287e-06 7.16842530183e-06 6.04219563286e-06 6.13770841046e-06 5.86492011063e-06 6.0671465622e-06 1.17535262081e-05 4.81503204598e-06 1.66056226403e-05 8.2180393621e-06 1.00110602968e-05 7.08283614681e-06 8.89550494753e-06 7.4804204595e-06 6.55554320703e-06 6.39993144225e-06 7.39819406757e-06 9.0388517239e-06 7.51553403651e-06 1.03064552659e-05 9.39132050392e-06 1.617286211e-05 5.65301684531e-06 1.14602121536e-05 6.28151642791e-06 5.86227271719e-06 6.07803476037e-06 5.91734469367e-06 7.1036260328e-06 5.30059704188e-06 3.97011931059e-06 7.4185052906e-06 3.23875307369e-06 8.29516905148e-06 3.82413934839e-06 7.81739183957e-06 1.83571475499e-05 3.45430191781e-05 7.33951973867e-06 1.64080680781e-05 5.65926422062e-06 1.2578572362e-05 7.46141525285e-06 6.54559266838e-06 1.04486915572e-05 8.52582905765e-06 9.37076685546e-06 6.87130387401e-06 7.77646671099e-06 2.26879207162e-05 4.13375602712e-06 2.70780276785e-05 8.19811524947e-06 1.57283156689e-05 8.38470282832e-06 1.05611216566e-05 1.19379077108e-05 7.32440120696e-06 9.74665360037e-06 7.10934166399e-06 1.22507368306e-05 1.08122746763e-05 9.12712254154e-06 1.54618435541e-05 9.32380898823e-06 2.75115845841e-05 5.01038421292e-06 2.28852799971e-05 8.0869749718e-06 7.1057228145e-06 9.0159915621e-06 8.33582080953e-06 9.93417419723e-06 6.04438287654e-06 6.5293724829e-06 1.09398437379e-05 4.32128278709e-06 1.30532521834e-05 5.5581268444e-06 2.12189601915e-05 1.5253810816e-05 1.56478910098e-05 5.08600830261e-06 1.0705615506e-05 6.61853132579e-06 6.39857085667e-06 7.46580001047e-06 7.32419691539e-06 7.6826242606e-06 6.25518307268e-06 4.95136118132e-06 1.47066990202e-05 5.70031169982e-06 1.77981691445e-05 9.11875748609e-06 1.0468370502e-05 8.31113464235e-06 7.99079551809e-06 8.76095369167e-06 6.98226458114e-06 7.1037959835e-06 7.04076555659e-06 6.8940489334e-06 8.88739782218e-06 8.11860903025e-06 8.89863635188e-06 1.02457795891e-05 1.01435667652e-05 1.65935170529e-05 6.38652748604e-06 1.48904442146e-05 4.67493151939e-06 6.077355685e-06 7.59001822357e-06 6.49672789514e-06 6.67432612347e-06 5.60064190013e-06 5.41792960991e-06 8.71604507484e-06 4.00716780562e-06 1.09707068511e-05 9.23913232251e-06 6.57744999457e-05 8.54586944907e-06 1.97949160734e-05 1.06702989738e-05 1.14832793502e-05 1.2910618359e-05 1.05882331175e-05 1.27303033714e-05 1.05989766092e-05 1.0403743814e-05 1.96700995026e-05 8.41336100892e-06 3.58076920346e-05 1.02471001156e-05 1.94385609461e-05 9.75871051309e-06 1.44483020228e-05 1.21386286772e-05 9.73067449051e-06 1.30542307968e-05 8.54869718255e-06 1.31976831243e-05 9.6051247278e-06 1.26186102232e-05 1.46460877364e-05 1.04909560044e-05 1.9323919135e-05 1.11151245917e-05 3.66116395177e-05 9.30505828994e-06 2.01276070087e-05 1.06200198898e-05 1.02477103157e-05 1.19984550479e-05 1.00178146431e-05 1.20210273135e-05 1.00973274093e-05 8.16625861203e-06 1.55964929411e-05 6.29576860319e-06 3.80325139727e-05 2.43276473065e-05 2.42026418111e-05 1.18229447229e-05 1.23991574033e-05 1.48533723392e-05 1.30670181549e-05 1.12951959323e-05 1.16254068537e-05 1.01440429581e-05 2.51276506463e-05 6.28506359938e-06 3.45216596729e-05 1.5403209236e-05 1.30752145642e-05 1.25753149589e-05 1.01466106063e-05 1.35893737862e-05 8.52742021328e-06 1.09759318256e-05 1.0165575853e-05 1.05543426879e-05 1.09264763196e-05 8.46370061994e-06 1.35120648746e-05 1.03399191298e-05 1.27377722578e-05 1.27930384304e-05 1.63804207338e-05 3.28070579506e-05 6.9666650305e-06 2.49949560228e-05 1.00483182783e-05 1.05481113277e-05 1.03410515868e-05 1.14991347124e-05 1.26830654242e-05 1.03521409303e-05 8.97932511796e-06 1.68130865127e-05 1.40886680862e-05 5.47544432333e-05 1.23035906733e-05 1.25014215925e-05 1.35565202664e-05 1.23905852044e-05 1.12273484531e-05 8.83207783446e-06 9.18872074826e-06 2.0486569177e-05 7.62871891057e-06 2.70850207788e-05 1.31552078627e-05 1.69829008165e-05 8.75567630965e-06 1.06013876205e-05 1.00534591203e-05 8.12453536609e-06 9.49482313097e-06 7.30503020464e-06 1.12069583703e-05 7.47452910634e-06 9.59390689602e-06 7.95011122284e-06 9.8498901388e-06 1.08642873854e-05 8.3992409393e-06 1.73497210299e-05 1.38886557059e-05 2.54783526083e-05 8.1603720192e-06 2.0244759805e-05 8.44126510356e-06 7.58474956267e-06 1.0419694021e-05 1.01080040565e-05 1.13959227393e-05 9.55240694868e-06 8.82536899068e-06 3.00850952791e-05 4.72993861741e-05 1.90864256923e-05 2.07906891112e-05 1.62788287566e-05 1.63153143702e-05 1.32994334908e-05 1.09321444968e-05 2.83991523619e-05 1.05211477637e-05 3.90887095227e-05 1.35140748001e-05 2.14275972785e-05 1.5129820947e-05 1.0140401416e-05 1.44873161754e-05 8.28349835336e-06 1.31603758477e-05 9.2117135432e-06 1.21328388997e-05 1.18086734369e-05 9.73908022398e-06 1.26888816762e-05 8.30635837339e-06 1.41064563364e-05 1.03273571591e-05 1.50960888932e-05 2.10770988619e-05 1.40613521495e-05 3.86177021632e-05 1.11924379995e-05 2.7430064629e-05 1.04093474899e-05 1.19874227317e-05 1.4790858642e-05 1.30625400167e-05 1.62577977905e-05 1.42929077142e-05 2.56751310115e-05 5.0232547026e-05 2.91432561659e-05 2.067906233e-05 1.98717665334e-05 1.6314664088e-05 1.4727377506e-05 2.74765991928e-05 1.19925549251e-05 4.28868941163e-05 1.79537663191e-05 1.78938678052e-05 1.55998188614e-05 1.58593604788e-05 1.16521394781e-05 1.10231036337e-05 1.10591629478e-05 1.11080191351e-05 1.23832478609e-05 1.03696378909e-05 1.26014323127e-05 1.10907453313e-05 1.13500716103e-05 1.03727716846e-05 1.17570691848e-05 1.52999982767e-05 1.50733525098e-05 1.73103853939e-05 1.83762697721e-05 4.05847406061e-05 1.21111218566e-05 2.56885947822e-05 1.33265085112e-05 1.40499699963e-05 1.67822230198e-05 1.56700071428e-05 2.03198172264e-05 2.75005021822e-05 9.49075310006e-05 3.03213996418e-05 2.83991717121e-05 2.06822661482e-05 1.98230135701e-05 4.00396845007e-05 1.22806359819e-05 5.58250295199e-05 2.21496162163e-05 2.44690982671e-05 1.52267647354e-05 1.77140606631e-05 1.94091429265e-05 9.57204928053e-06 1.56883075437e-05 1.01214811996e-05 1.58891378532e-05 1.12805613862e-05 1.18844785546e-05 1.50551057204e-05 1.08164502733e-05 1.48699661137e-05 9.0248324521e-06 1.8647255307e-05 1.67316076852e-05 1.49648589716e-05 2.33477990894e-05 2.18752796033e-05 5.11734719322e-05 1.17211404968e-05 3.65215282845e-05 1.68632407637e-05 1.68588084586e-05 2.21431792094e-05 1.99755780827e-05 4.87761274816e-05 7.17189320627e-05 3.22866226476e-05 2.24596732144e-05 1.88806453168e-05 4.04693184507e-05 1.46056223578e-05 5.09066163818e-05 2.42657482241e-05 2.34052244112e-05 1.58776951201e-05 1.4186943207e-05 1.65777867404e-05 1.1750547253e-05 1.15442975574e-05 1.07734250665e-05 1.19067236443e-05 1.17515086513e-05 1.08260941821e-05 1.15192218748e-05 1.16376867151e-05 1.11916075437e-05 1.08059288176e-05 1.10703851308e-05 1.53933147967e-05 1.31766029232e-05 1.50563409152e-05 2.19264693987e-05 2.32732354496e-05 4.40110386865e-05 1.36416021859e-05 3.34077876473e-05 1.5074666518e-05 1.64231381989e-05 2.20948096198e-05 3.73192467847e-05 0.000104396233973 3.43338192802e-05 2.78163521004e-05 5.26565612035e-05 2.18741042649e-05 6.89610780606e-05 2.58207223012e-05 3.37242397268e-05 2.06426600858e-05 1.93924245434e-05 1.77220219419e-05 1.42704865353e-05 1.97954713873e-05 1.02554530591e-05 1.8221177879e-05 1.17451331451e-05 1.51762753238e-05 1.42540208842e-05 1.19436309169e-05 1.70702517068e-05 1.03457352071e-05 1.83941602219e-05 1.33018937155e-05 1.64745297868e-05 1.79833056736e-05 1.90198996243e-05 3.07043792828e-05 2.40198491363e-05 6.19994872224e-05 2.02120682316e-05 4.32865393887e-05 2.12322697555e-05 2.35059453311e-05 5.66854923787e-05 0.000106853536949 4.23264829267e-05 7.93229019761e-05 2.90393010633e-05 9.82072943803e-05 3.62703422426e-05 3.48112507997e-05 2.81388044423e-05 2.33895747566e-05 2.52591059462e-05 1.38845207184e-05 2.25352754078e-05 1.81305629342e-05 1.58205961424e-05 1.77462956994e-05 1.31915289588e-05 1.9739327861e-05 1.27875456233e-05 1.72355300614e-05 1.44678747188e-05 1.82174628595e-05 2.01917053748e-05 1.26033417963e-05 2.27726166504e-05 2.10029832705e-05 2.48107664246e-05 2.88891999021e-05 3.29983957978e-05 8.2184028041e-05 2.55956711305e-05 6.00245376493e-05 2.84461478971e-05 5.6017419565e-05 0.000121106275597 0.000109849861137 4.06725010313e-05 0.000123610451654 4.83186163799e-05 4.48787942059e-05 2.76305370599e-05 2.99083527962e-05 2.96014970732e-05 1.87610238783e-05 2.02676656825e-05 1.89821392005e-05 2.60872259276e-05 1.46291086642e-05 1.88233147544e-05 1.7012342475e-05 1.68423475515e-05 1.82955932013e-05 1.3529050315e-05 2.42206609215e-05 1.81438899095e-05 1.7721509182e-05 1.70765183513e-05 2.55721188756e-05 2.57829082937e-05 2.34592326064e-05 3.72104484215e-05 4.23605407258e-05 0.00010250134606 3.38131334378e-05 7.82517747344e-05 6.78274896553e-05 0.00036710924115 6.73203673176e-05 0.000190877133251 6.83649094314e-05 6.59776766117e-05 4.10927008792e-05 3.30548476643e-05 4.08999061981e-05 2.39735019049e-05 2.96991651298e-05 1.95914952227e-05 2.9969938964e-05 2.68587819201e-05 1.73712480784e-05 2.57949175556e-05 1.61810698152e-05 2.50846347227e-05 1.60101785616e-05 2.45438825458e-05 2.65008720378e-05 1.75574542066e-05 2.59895304017e-05 2.08215467408e-05 3.27626171404e-05 2.64131254725e-05 3.31173010832e-05 5.06829559957e-05 5.76814561945e-05 0.000146424122647 4.91061415435e-05 0.000201006307834 0.000227610714198 0.000324084941472 0.00010992352477 9.11356845163e-05 6.21061263336e-05 4.90772762128e-05 4.5343477493e-05 3.49404953674e-05 3.7452098539e-05 2.88443614145e-05 3.0932701211e-05 3.07822200137e-05 3.11778016767e-05 2.43325584242e-05 2.43823845382e-05 2.45933230982e-05 2.21007564302e-05 2.89815499704e-05 2.66182454568e-05 2.60161198199e-05 2.58975450741e-05 3.09838718086e-05 2.67150360424e-05 3.31892439591e-05 3.79195821242e-05 4.50603783162e-05 6.59871945019e-05 8.32401315421e-05 0.000223181652256 0.000121009483659 0.00275678705403 0.000378670276907 0.000300850921121 0.000173297725346 0.000156002953799 0.000134546748586 7.96441428328e-05 0.000108357042218 7.25559204097e-05 9.35204920523e-05 6.07146429894e-05 7.20471236726e-05 8.62405015206e-05 4.25317364513e-05 7.32551278764e-05 4.00741576815e-05 7.74493589739e-05 6.0213045188e-05 4.96067070338e-05 7.27446286979e-05 5.66569018904e-05 7.62490180107e-05 5.09259720313e-05 8.78619374694e-05 9.49359892672e-05 0.000110130820965 0.000166527608107 0.000228478954161 0.00122739512039 




























